# ASCII 1D datafile generated by TiberCAD
# x Ec Ev eQFermi hQFermi ElPotential eDensity hDensity eMobility hMobility eConductivity hConductivity ElField_x ElField_y ElField_z eCurrentDensity_x eCurrentDensity_y eCurrentDensity_z hCurrentDensity_x hCurrentDensity_y hCurrentDensity_z IonizedDonors IonizedAcceptors IonizedElectronTraps IonizedHoleTraps eNetRecombination eLangevinRecombination hNetRecombination hLangevinRecombination 
0 0.6 -2.7 -1.31378 -2.09704 -2.8 1.1563e-07 2.04467e+14 9.84099e-05 0.000595627 8.01088e-23 1.95123e-08 19440.6 0 0 4.10393e-25 0 0 0.000382099 0 0 0 0 0 0 0 0 0 0 
9.79066e-05 0.60019 -2.69981 -1.31378 -2.09685 -2.80019 1.14782e-07 2.04459e+14 9.84099e-05 0.000595619 8.01088e-23 1.95113e-08 19441.1 0 0 4.10393e-25 0 0 0.000382099 0 0 0 0 0 0 0 0 0 0 
0.000214985 0.600418 -2.69958 -1.31378 -2.09662 -2.80042 1.13776e-07 2.04449e+14 9.841e-05 0.00059561 8.01088e-23 1.951e-08 19442.3 0 0 4.10392e-25 0 0 0.000382099 0 0 0 0 0 0 0 0 0 0 
0.000354988 0.60069 -2.69931 -1.31378 -2.09635 -2.80069 1.12584e-07 2.04438e+14 9.84102e-05 0.000595599 8.01088e-23 1.95086e-08 19443.8 0 0 4.10392e-25 0 0 0.000382099 0 0 0 0 0 0 0 0 0 0 
0.000522406 0.601016 -2.69898 -1.31378 -2.09602 -2.80102 1.11176e-07 2.04424e+14 9.84103e-05 0.000595586 8.01088e-23 1.95069e-08 19445.6 0 0 4.10392e-25 0 0 0.000382099 0 0 0 0 0 0 0 0 0 0 
0.000722606 0.601405 -2.69859 -1.31378 -2.09563 -2.80141 1.09514e-07 2.04408e+14 9.84105e-05 0.000595571 8.01088e-23 1.95048e-08 19447.7 0 0 4.10391e-25 0 0 0.000382099 0 0 0 0 0 0 0 0 0 0 
0.000962009 0.601871 -2.69813 -1.31378 -2.09516 -2.80187 1.07559e-07 2.04388e+14 9.84107e-05 0.000595552 8.01088e-23 1.95023e-08 19450.2 0 0 4.10392e-25 0 0 0.000382099 0 0 0 0 0 0 0 0 0 0 
0.00124829 0.602428 -2.69757 -1.31378 -2.0946 -2.80243 1.05267e-07 2.04364e+14 9.84109e-05 0.00059553 8.01088e-23 1.94993e-08 19453.3 0 0 4.10392e-25 0 0 0.000382099 0 0 0 0 0 0 0 0 0 0 
0.00159063 0.603094 -2.69691 -1.31378 -2.09393 -2.80309 1.0259e-07 2.04336e+14 9.84112e-05 0.000595503 8.01088e-23 1.94958e-08 19456.9 0 0 4.10392e-25 0 0 0.000382099 0 0 0 0 0 0 0 0 0 0 
0.002 0.60389 -2.69611 -1.31378 -2.09312 -2.80389 9.94775e-08 2.04303e+14 9.84113e-05 0.00059547 8.01088e-23 1.94915e-08 19459 0 0 4.10392e-25 0 0 0.000382099 0 0 0 0 0 0 0 0 0 0 
0.002 0.60389 -2.69611 -1.31378 -2.09312 -2.80389 9.94775e-08 2.04303e+14 9.84118e-05 0.000595473 8.01088e-23 1.94916e-08 19463.8 0 0 4.10392e-25 0 0 0.000382099 0 0 0 0 0 0 0 0 0 0 
0.0025 0.604863 -2.69514 -1.31378 -2.09214 -2.80486 9.58026e-08 2.04262e+14 9.8412e-05 0.000595433 8.01088e-23 1.94863e-08 19466.5 0 0 4.10392e-25 0 0 0.000382099 0 0 0 0 0 0 0 0 0 0 
0.003 0.605837 -2.69416 -1.31378 -2.09116 -2.80584 9.22625e-08 2.04221e+14 9.84124e-05 0.000595394 8.01088e-23 1.94811e-08 19471.8 0 0 4.10392e-25 0 0 0.000382099 0 0 0 0 0 0 0 0 0 0 
0.0035 0.60681 -2.69319 -1.31378 -2.09018 -2.80681 8.88523e-08 2.04179e+14 9.84128e-05 0.000595355 8.01088e-23 1.9476e-08 19477 0 0 4.10392e-25 0 0 0.000382099 0 0 0 0 0 0 0 0 0 0 
0.004 0.607784 -2.69222 -1.31378 -2.0892 -2.80778 8.55673e-08 2.04139e+14 9.84132e-05 0.000595317 8.01088e-23 1.94708e-08 19482.3 0 0 4.10392e-25 0 0 0.000382099 0 0 0 0 0 0 0 0 0 0 
0.0045 0.608759 -2.69124 -1.31378 -2.08822 -2.80876 8.24028e-08 2.04098e+14 9.84136e-05 0.000595278 8.01088e-23 1.94656e-08 19487.6 0 0 4.10392e-25 0 0 0.000382099 0 0 0 0 0 0 0 0 0 0 
0.005 0.609733 -2.69027 -1.31378 -2.08724 -2.80973 7.93546e-08 2.04057e+14 9.84141e-05 0.000595239 8.01088e-23 1.94604e-08 19492.9 0 0 4.10392e-25 0 0 0.000382099 0 0 0 0 0 0 0 0 0 0 
0.0055 0.610708 -2.68929 -1.31378 -2.08626 -2.81071 7.64184e-08 2.04016e+14 9.84145e-05 0.000595201 8.01088e-23 1.94553e-08 19498.1 0 0 4.10392e-25 0 0 0.000382099 0 0 0 0 0 0 0 0 0 0 
0.006 0.611683 -2.68832 -1.31378 -2.08527 -2.81168 7.35901e-08 2.03975e+14 9.84149e-05 0.000595162 8.01088e-23 1.94501e-08 19503.4 0 0 4.10392e-25 0 0 0.000382099 0 0 0 0 0 0 0 0 0 0 
0.0065 0.612658 -2.68734 -1.31378 -2.08429 -2.81266 7.08657e-08 2.03934e+14 9.84154e-05 0.000595124 8.01088e-23 1.9445e-08 19508.7 0 0 4.10392e-25 0 0 0.000382099 0 0 0 0 0 0 0 0 0 0 
0.007 0.613634 -2.68637 -1.31378 -2.08331 -2.81363 6.82415e-08 2.03893e+14 9.84158e-05 0.000595085 8.01088e-23 1.94398e-08 19514 0 0 4.10392e-25 0 0 0.000382099 0 0 0 0 0 0 0 0 0 0 
0.0075 0.61461 -2.68539 -1.31378 -2.08233 -2.81461 6.57138e-08 2.03852e+14 9.84162e-05 0.000595047 8.01088e-23 1.94347e-08 19519.2 0 0 4.10392e-25 0 0 0.000382099 0 0 0 0 0 0 0 0 0 0 
0.008 0.615586 -2.68441 -1.31378 -2.08134 -2.81559 6.3279e-08 2.03812e+14 9.84166e-05 0.000595008 8.01088e-23 1.94295e-08 19524.5 0 0 4.10392e-25 0 0 0.000382099 0 0 0 0 0 0 0 0 0 0 
0.0085 0.616562 -2.68344 -1.31378 -2.08036 -2.81656 6.09339e-08 2.03771e+14 9.84171e-05 0.00059497 8.01088e-23 1.94244e-08 19529.8 0 0 4.10392e-25 0 0 0.000382099 0 0 0 0 0 0 0 0 0 0 
0.009 0.617539 -2.68246 -1.31378 -2.07938 -2.81754 5.86751e-08 2.0373e+14 9.84175e-05 0.000594931 8.01088e-23 1.94192e-08 19535 0 0 4.10392e-25 0 0 0.000382099 0 0 0 0 0 0 0 0 0 0 
0.0095 0.618516 -2.68148 -1.31378 -2.07839 -2.81852 5.64994e-08 2.03689e+14 9.84179e-05 0.000594893 8.01088e-23 1.94141e-08 19540.3 0 0 4.10392e-25 0 0 0.000382099 0 0 0 0 0 0 0 0 0 0 
0.01 0.619493 -2.68051 -1.31378 -2.07741 -2.81949 5.44038e-08 2.03649e+14 9.84184e-05 0.000594854 8.01088e-23 1.9409e-08 19545.6 0 0 4.10392e-25 0 0 0.000382099 0 0 0 0 0 0 0 0 0 0 
0.0105 0.62047 -2.67953 -1.31378 -2.07642 -2.82047 5.23855e-08 2.03608e+14 9.84188e-05 0.000594816 8.01088e-23 1.94038e-08 19550.8 0 0 4.10392e-25 0 0 0.000382099 0 0 0 0 0 0 0 0 0 0 
0.011 0.621448 -2.67855 -1.31378 -2.07544 -2.82145 5.04415e-08 2.03567e+14 9.84192e-05 0.000594778 8.01088e-23 1.93987e-08 19556.1 0 0 4.10392e-25 0 0 0.000382099 0 0 0 0 0 0 0 0 0 0 
0.0115 0.622426 -2.67757 -1.31378 -2.07445 -2.82243 4.85691e-08 2.03527e+14 9.84197e-05 0.000594739 8.01088e-23 1.93936e-08 19561.4 0 0 4.10392e-25 0 0 0.000382099 0 0 0 0 0 0 0 0 0 0 
0.012 0.623404 -2.6766 -1.31378 -2.07347 -2.8234 4.67658e-08 2.03486e+14 9.84201e-05 0.000594701 8.01088e-23 1.93885e-08 19566.6 0 0 4.10392e-25 0 0 0.000382099 0 0 0 0 0 0 0 0 0 0 
0.0125 0.624383 -2.67562 -1.31378 -2.07248 -2.82438 4.5029e-08 2.03446e+14 9.84205e-05 0.000594663 8.01088e-23 1.93834e-08 19571.9 0 0 4.10392e-25 0 0 0.000382099 0 0 0 0 0 0 0 0 0 0 
0.013 0.625361 -2.67464 -1.31378 -2.0715 -2.82536 4.33562e-08 2.03405e+14 9.8421e-05 0.000594625 8.01088e-23 1.93783e-08 19577.1 0 0 4.10392e-25 0 0 0.000382099 0 0 0 0 0 0 0 0 0 0 
0.0135 0.62634 -2.67366 -1.31378 -2.07051 -2.82634 4.17452e-08 2.03365e+14 9.84214e-05 0.000594586 8.01088e-23 1.93732e-08 19582.4 0 0 4.10392e-25 0 0 0.000382099 0 0 0 0 0 0 0 0 0 0 
0.014 0.62732 -2.67268 -1.31378 -2.06953 -2.82732 4.01936e-08 2.03324e+14 9.84218e-05 0.000594548 8.01088e-23 1.93681e-08 19587.7 0 0 4.10392e-25 0 0 0.000382099 0 0 0 0 0 0 0 0 0 0 
0.0145 0.628299 -2.6717 -1.31378 -2.06854 -2.8283 3.86992e-08 2.03284e+14 9.84223e-05 0.00059451 8.01088e-23 1.9363e-08 19592.9 0 0 4.10392e-25 0 0 0.000382099 0 0 0 0 0 0 0 0 0 0 
0.015 0.629279 -2.67072 -1.31378 -2.06755 -2.82928 3.72601e-08 2.03243e+14 9.84227e-05 0.000594472 8.01088e-23 1.93579e-08 19598.2 0 0 4.10392e-25 0 0 0.000382099 0 0 0 0 0 0 0 0 0 0 
0.0155 0.630259 -2.66974 -1.31378 -2.06656 -2.83026 3.58741e-08 2.03203e+14 9.84231e-05 0.000594434 8.01088e-23 1.93528e-08 19603.4 0 0 4.10392e-25 0 0 0.000382099 0 0 0 0 0 0 0 0 0 0 
0.016 0.631239 -2.66876 -1.31378 -2.06558 -2.83124 3.45393e-08 2.03162e+14 9.84236e-05 0.000594395 8.01088e-23 1.93477e-08 19608.7 0 0 4.10392e-25 0 0 0.000382099 0 0 0 0 0 0 0 0 0 0 
0.0165 0.63222 -2.66778 -1.31378 -2.06459 -2.83222 3.32539e-08 2.03122e+14 9.8424e-05 0.000594357 8.01088e-23 1.93426e-08 19613.9 0 0 4.10392e-25 0 0 0.000382099 0 0 0 0 0 0 0 0 0 0 
0.017 0.633201 -2.6668 -1.31378 -2.0636 -2.8332 3.20159e-08 2.03082e+14 9.84245e-05 0.000594319 8.01088e-23 1.93375e-08 19619.2 0 0 4.10392e-25 0 0 0.000382099 0 0 0 0 0 0 0 0 0 0 
0.0175 0.634182 -2.66582 -1.31378 -2.06261 -2.83418 3.08237e-08 2.03042e+14 9.84249e-05 0.000594281 8.01088e-23 1.93325e-08 19624.4 0 0 4.10392e-25 0 0 0.000382099 0 0 0 0 0 0 0 0 0 0 
0.018 0.635163 -2.66484 -1.31378 -2.06163 -2.83516 2.96757e-08 2.03001e+14 9.84253e-05 0.000594243 8.01088e-23 1.93274e-08 19629.7 0 0 4.10392e-25 0 0 0.000382099 0 0 0 0 0 0 0 0 0 0 
0.0185 0.636145 -2.66386 -1.31378 -2.06064 -2.83614 2.857e-08 2.02961e+14 9.84258e-05 0.000594205 8.01088e-23 1.93223e-08 19634.9 0 0 4.10392e-25 0 0 0.000382099 0 0 0 0 0 0 0 0 0 0 
0.019 0.637126 -2.66287 -1.31378 -2.05965 -2.83713 2.75053e-08 2.02921e+14 9.84262e-05 0.000594167 8.01088e-23 1.93173e-08 19640.2 0 0 4.10392e-25 0 0 0.000382099 0 0 0 0 0 0 0 0 0 0 
0.0195 0.638109 -2.66189 -1.31378 -2.05866 -2.83811 2.64801e-08 2.02881e+14 9.84267e-05 0.000594129 8.01088e-23 1.93122e-08 19645.4 0 0 4.10392e-25 0 0 0.000382099 0 0 0 0 0 0 0 0 0 0 
0.02 0.639091 -2.66091 -1.31378 -2.05767 -2.83909 2.54927e-08 2.0284e+14 9.84271e-05 0.000594091 8.01088e-23 1.93071e-08 19650.6 0 0 4.10392e-25 0 0 0.000382099 0 0 0 0 0 0 0 0 0 0 
0.0205 0.640074 -2.65993 -1.31378 -2.05668 -2.84007 2.4542e-08 2.028e+14 9.84276e-05 0.000594053 8.01088e-23 1.93021e-08 19655.9 0 0 4.10392e-25 0 0 0.000382099 0 0 0 0 0 0 0 0 0 0 
0.021 0.641057 -2.65894 -1.31378 -2.05569 -2.84106 2.36264e-08 2.0276e+14 9.8428e-05 0.000594015 8.01088e-23 1.9297e-08 19661.1 0 0 4.10392e-25 0 0 0.000382099 0 0 0 0 0 0 0 0 0 0 
0.0215 0.64204 -2.65796 -1.31378 -2.0547 -2.84204 2.27448e-08 2.0272e+14 9.84285e-05 0.000593977 8.01088e-23 1.9292e-08 19666.4 0 0 4.10392e-25 0 0 0.000382099 0 0 0 0 0 0 0 0 0 0 
0.022 0.643023 -2.65698 -1.31378 -2.05371 -2.84302 2.18958e-08 2.0268e+14 9.84289e-05 0.00059394 8.01088e-23 1.92869e-08 19671.6 0 0 4.10392e-25 0 0 0.000382099 0 0 0 0 0 0 0 0 0 0 
0.0225 0.644007 -2.65599 -1.31378 -2.05272 -2.84401 2.10784e-08 2.0264e+14 9.84293e-05 0.000593902 8.01088e-23 1.92819e-08 19676.9 0 0 4.10392e-25 0 0 0.000382099 0 0 0 0 0 0 0 0 0 0 
0.023 0.644991 -2.65501 -1.31378 -2.05173 -2.84499 2.02912e-08 2.026e+14 9.84298e-05 0.000593864 8.01088e-23 1.92769e-08 19682.1 0 0 4.10392e-25 0 0 0.000382099 0 0 0 0 0 0 0 0 0 0 
0.0235 0.645975 -2.65402 -1.31378 -2.05074 -2.84598 1.95333e-08 2.0256e+14 9.84302e-05 0.000593826 8.01088e-23 1.92718e-08 19687.3 0 0 4.10392e-25 0 0 0.000382099 0 0 0 0 0 0 0 0 0 0 
0.024 0.64696 -2.65304 -1.31378 -2.04975 -2.84696 1.88034e-08 2.0252e+14 9.84307e-05 0.000593788 8.01088e-23 1.92668e-08 19692.6 0 0 4.10392e-25 0 0 0.000382099 0 0 0 0 0 0 0 0 0 0 
0.0245 0.647944 -2.65206 -1.31378 -2.04875 -2.84794 1.81007e-08 2.0248e+14 9.84311e-05 0.00059375 8.01088e-23 1.92618e-08 19697.8 0 0 4.10392e-25 0 0 0.000382099 0 0 0 0 0 0 0 0 0 0 
0.025 0.648929 -2.65107 -1.31378 -2.04776 -2.84893 1.7424e-08 2.0244e+14 9.84316e-05 0.000593713 8.01088e-23 1.92568e-08 19703 0 0 4.10392e-25 0 0 0.000382099 0 0 0 0 0 0 0 0 0 0 
0.0255 0.649915 -2.65009 -1.31378 -2.04677 -2.84991 1.67725e-08 2.024e+14 9.8432e-05 0.000593675 8.01088e-23 1.92517e-08 19708.3 0 0 4.10392e-25 0 0 0.000382099 0 0 0 0 0 0 0 0 0 0 
0.026 0.6509 -2.6491 -1.31378 -2.04578 -2.8509 1.61451e-08 2.0236e+14 9.84325e-05 0.000593637 8.01088e-23 1.92467e-08 19713.5 0 0 4.10392e-25 0 0 0.000382099 0 0 0 0 0 0 0 0 0 0 
0.0265 0.651886 -2.64811 -1.31378 -2.04478 -2.85189 1.55411e-08 2.0232e+14 9.84329e-05 0.0005936 8.01088e-23 1.92417e-08 19718.7 0 0 4.10392e-25 0 0 0.000382099 0 0 0 0 0 0 0 0 0 0 
0.027 0.652872 -2.64713 -1.31378 -2.04379 -2.85287 1.49595e-08 2.02281e+14 9.84334e-05 0.000593562 8.01088e-23 1.92367e-08 19724 0 0 4.10392e-25 0 0 0.000382099 0 0 0 0 0 0 0 0 0 0 
0.0275 0.653858 -2.64614 -1.31378 -2.0428 -2.85386 1.43995e-08 2.02241e+14 9.84338e-05 0.000593524 8.01088e-23 1.92317e-08 19729.2 0 0 4.10392e-25 0 0 0.000382099 0 0 0 0 0 0 0 0 0 0 
0.028 0.654845 -2.64515 -1.31378 -2.0418 -2.85485 1.38604e-08 2.02201e+14 9.84343e-05 0.000593487 8.01088e-23 1.92267e-08 19734.4 0 0 4.10392e-25 0 0 0.000382099 0 0 0 0 0 0 0 0 0 0 
0.0285 0.655832 -2.64417 -1.31378 -2.04081 -2.85583 1.33413e-08 2.02161e+14 9.84347e-05 0.000593449 8.01088e-23 1.92217e-08 19739.6 0 0 4.10392e-25 0 0 0.000382099 0 0 0 0 0 0 0 0 0 0 
0.029 0.656819 -2.64318 -1.31378 -2.03982 -2.85682 1.28415e-08 2.02122e+14 9.84352e-05 0.000593412 8.01088e-23 1.92167e-08 19744.9 0 0 4.10392e-25 0 0 0.000382099 0 0 0 0 0 0 0 0 0 0 
0.0295 0.657806 -2.64219 -1.31378 -2.03882 -2.85781 1.23603e-08 2.02082e+14 9.84356e-05 0.000593374 8.01088e-23 1.92117e-08 19750.1 0 0 4.10392e-25 0 0 0.000382099 0 0 0 0 0 0 0 0 0 0 
0.03 0.658794 -2.64121 -1.31378 -2.03783 -2.85879 1.1897e-08 2.02042e+14 9.84361e-05 0.000593337 8.01088e-23 1.92067e-08 19755.3 0 0 4.10392e-25 0 0 0.000382099 0 0 0 0 0 0 0 0 0 0 
0.0305 0.659782 -2.64022 -1.31378 -2.03683 -2.85978 1.1451e-08 2.02003e+14 9.84366e-05 0.000593299 8.01088e-23 1.92018e-08 19760.5 0 0 4.10392e-25 0 0 0.000382099 0 0 0 0 0 0 0 0 0 0 
0.031 0.66077 -2.63923 -1.31378 -2.03584 -2.86077 1.10216e-08 2.01963e+14 9.8437e-05 0.000593262 8.01088e-23 1.91968e-08 19765.8 0 0 4.10392e-25 0 0 0.000382099 0 0 0 0 0 0 0 0 0 0 
0.0315 0.661758 -2.63824 -1.31378 -2.03484 -2.86176 1.06082e-08 2.01923e+14 9.84375e-05 0.000593224 8.01088e-23 1.91918e-08 19771 0 0 4.10392e-25 0 0 0.000382099 0 0 0 0 0 0 0 0 0 0 
0.032 0.662747 -2.63725 -1.31378 -2.03385 -2.86275 1.02102e-08 2.01884e+14 9.84379e-05 0.000593187 8.01088e-23 1.91868e-08 19776.2 0 0 4.10392e-25 0 0 0.000382099 0 0 0 0 0 0 0 0 0 0 
0.0325 0.663736 -2.63626 -1.31378 -2.03285 -2.86374 9.82697e-09 2.01844e+14 9.84384e-05 0.000593149 8.01088e-23 1.91819e-08 19781.4 0 0 4.10392e-25 0 0 0.000382099 0 0 0 0 0 0 0 0 0 0 
0.033 0.664725 -2.63527 -1.31378 -2.03185 -2.86473 9.45808e-09 2.01805e+14 9.84388e-05 0.000593112 8.01088e-23 1.91769e-08 19786.6 0 0 4.10392e-25 0 0 0.000382099 0 0 0 0 0 0 0 0 0 0 
0.0335 0.665715 -2.63429 -1.31378 -2.03086 -2.86571 9.10293e-09 2.01765e+14 9.84393e-05 0.000593074 8.01088e-23 1.91719e-08 19791.8 0 0 4.10392e-25 0 0 0.000382099 0 0 0 0 0 0 0 0 0 0 
0.034 0.666704 -2.6333 -1.31378 -2.02986 -2.8667 8.76104e-09 2.01726e+14 9.84397e-05 0.000593037 8.01088e-23 1.9167e-08 19797.1 0 0 4.10392e-25 0 0 0.000382099 0 0 0 0 0 0 0 0 0 0 
0.0345 0.667694 -2.63231 -1.31378 -2.02886 -2.86769 8.4319e-09 2.01686e+14 9.84402e-05 0.000593 8.01088e-23 1.9162e-08 19802.3 0 0 4.10392e-25 0 0 0.000382099 0 0 0 0 0 0 0 0 0 0 
0.035 0.668685 -2.63132 -1.31378 -2.02787 -2.86868 8.11504e-09 2.01647e+14 9.84407e-05 0.000592962 8.01088e-23 1.91571e-08 19807.5 0 0 4.10392e-25 0 0 0.000382099 0 0 0 0 0 0 0 0 0 0 
0.0355 0.669675 -2.63032 -1.31378 -2.02687 -2.86968 7.81002e-09 2.01607e+14 9.84411e-05 0.000592925 8.01088e-23 1.91521e-08 19812.7 0 0 4.10392e-25 0 0 0.000382099 0 0 0 0 0 0 0 0 0 0 
0.036 0.670666 -2.62933 -1.31378 -2.02587 -2.87067 7.51638e-09 2.01568e+14 9.84416e-05 0.000592888 8.01088e-23 1.91472e-08 19817.9 0 0 4.10392e-25 0 0 0.000382099 0 0 0 0 0 0 0 0 0 0 
0.0365 0.671657 -2.62834 -1.31378 -2.02487 -2.87166 7.23371e-09 2.01529e+14 9.8442e-05 0.000592851 8.01088e-23 1.91422e-08 19823.1 0 0 4.10392e-25 0 0 0.000382099 0 0 0 0 0 0 0 0 0 0 
0.037 0.672648 -2.62735 -1.31378 -2.02388 -2.87265 6.9616e-09 2.01489e+14 9.84425e-05 0.000592813 8.01088e-23 1.91373e-08 19828.3 0 0 4.10392e-25 0 0 0.000382099 0 0 0 0 0 0 0 0 0 0 
0.0375 0.67364 -2.62636 -1.31378 -2.02288 -2.87364 6.69966e-09 2.0145e+14 9.8443e-05 0.000592776 8.01088e-23 1.91323e-08 19833.5 0 0 4.10392e-25 0 0 0.000382099 0 0 0 0 0 0 0 0 0 0 
0.038 0.674632 -2.62537 -1.31378 -2.02188 -2.87463 6.4475e-09 2.01411e+14 9.84434e-05 0.000592739 8.01088e-23 1.91274e-08 19838.7 0 0 4.10392e-25 0 0 0.000382099 0 0 0 0 0 0 0 0 0 0 
0.0385 0.675624 -2.62438 -1.31378 -2.02088 -2.87562 6.20478e-09 2.01371e+14 9.84439e-05 0.000592702 8.01088e-23 1.91225e-08 19844 0 0 4.10392e-25 0 0 0.000382099 0 0 0 0 0 0 0 0 0 0 
0.039 0.676616 -2.62338 -1.31378 -2.01988 -2.87662 5.97113e-09 2.01332e+14 9.84444e-05 0.000592665 8.01088e-23 1.91176e-08 19849.2 0 0 4.10392e-25 0 0 0.000382099 0 0 0 0 0 0 0 0 0 0 
0.0395 0.677609 -2.62239 -1.31378 -2.01888 -2.87761 5.74623e-09 2.01293e+14 9.84448e-05 0.000592627 8.01088e-23 1.91126e-08 19854.4 0 0 4.10392e-25 0 0 0.000382099 0 0 0 0 0 0 0 0 0 0 
0.04 0.678601 -2.6214 -1.31378 -2.01788 -2.8786 5.52974e-09 2.01254e+14 9.84453e-05 0.00059259 8.01088e-23 1.91077e-08 19859.6 0 0 4.10392e-25 0 0 0.000382099 0 0 0 0 0 0 0 0 0 0 
0.0405 0.679595 -2.62041 -1.31378 -2.01688 -2.87959 5.32135e-09 2.01215e+14 9.84457e-05 0.000592553 8.01088e-23 1.91028e-08 19864.8 0 0 4.10392e-25 0 0 0.000382099 0 0 0 0 0 0 0 0 0 0 
0.041 0.680588 -2.61941 -1.31378 -2.01588 -2.88059 5.12076e-09 2.01175e+14 9.84462e-05 0.000592516 8.01088e-23 1.90979e-08 19870 0 0 4.10392e-25 0 0 0.000382099 0 0 0 0 0 0 0 0 0 0 
0.0415 0.681582 -2.61842 -1.31378 -2.01488 -2.88158 4.92769e-09 2.01136e+14 9.84467e-05 0.000592479 8.01088e-23 1.9093e-08 19875.2 0 0 4.10392e-25 0 0 0.000382099 0 0 0 0 0 0 0 0 0 0 
0.042 0.682575 -2.61742 -1.31378 -2.01388 -2.88258 4.74185e-09 2.01097e+14 9.84471e-05 0.000592442 8.01088e-23 1.90881e-08 19880.4 0 0 4.10392e-25 0 0 0.000382099 0 0 0 0 0 0 0 0 0 0 
0.0425 0.68357 -2.61643 -1.31378 -2.01288 -2.88357 4.56297e-09 2.01058e+14 9.84476e-05 0.000592405 8.01088e-23 1.90832e-08 19885.6 0 0 4.10392e-25 0 0 0.000382099 0 0 0 0 0 0 0 0 0 0 
0.043 0.684564 -2.61544 -1.31378 -2.01188 -2.88456 4.39079e-09 2.01019e+14 9.84481e-05 0.000592368 8.01088e-23 1.90783e-08 19890.8 0 0 4.10392e-25 0 0 0.000382099 0 0 0 0 0 0 0 0 0 0 
0.0435 0.685559 -2.61444 -1.31378 -2.01088 -2.88556 4.22507e-09 2.0098e+14 9.84485e-05 0.000592331 8.01088e-23 1.90734e-08 19896 0 0 4.10392e-25 0 0 0.000382099 0 0 0 0 0 0 0 0 0 0 
0.044 0.686554 -2.61345 -1.31378 -2.00987 -2.88655 4.06556e-09 2.00941e+14 9.8449e-05 0.000592294 8.01088e-23 1.90685e-08 19901.2 0 0 4.10392e-25 0 0 0.000382099 0 0 0 0 0 0 0 0 0 0 
0.0445 0.687549 -2.61245 -1.31378 -2.00887 -2.88755 3.91204e-09 2.00902e+14 9.84495e-05 0.000592257 8.01088e-23 1.90636e-08 19906.3 0 0 4.10392e-25 0 0 0.000382099 0 0 0 0 0 0 0 0 0 0 
0.045 0.688544 -2.61146 -1.31378 -2.00787 -2.88854 3.76427e-09 2.00863e+14 9.84499e-05 0.00059222 8.01088e-23 1.90587e-08 19911.5 0 0 4.10392e-25 0 0 0.000382099 0 0 0 0 0 0 0 0 0 0 
0.0455 0.68954 -2.61046 -1.31378 -2.00687 -2.88954 3.62205e-09 2.00824e+14 9.84504e-05 0.000592183 8.01088e-23 1.90538e-08 19916.7 0 0 4.10392e-25 0 0 0.000382099 0 0 0 0 0 0 0 0 0 0 
0.046 0.690536 -2.60946 -1.31378 -2.00586 -2.89054 3.48517e-09 2.00785e+14 9.84509e-05 0.000592147 8.01088e-23 1.9049e-08 19921.9 0 0 4.10392e-25 0 0 0.000382099 0 0 0 0 0 0 0 0 0 0 
0.0465 0.691532 -2.60847 -1.31378 -2.00486 -2.89153 3.35342e-09 2.00746e+14 9.84513e-05 0.00059211 8.01088e-23 1.90441e-08 19927.1 0 0 4.10392e-25 0 0 0.000382099 0 0 0 0 0 0 0 0 0 0 
0.047 0.692529 -2.60747 -1.31378 -2.00386 -2.89253 3.22663e-09 2.00707e+14 9.84518e-05 0.000592073 8.01088e-23 1.90392e-08 19932.3 0 0 4.10392e-25 0 0 0.000382099 0 0 0 0 0 0 0 0 0 0 
0.0475 0.693525 -2.60647 -1.31378 -2.00285 -2.89353 3.1046e-09 2.00669e+14 9.84523e-05 0.000592036 8.01088e-23 1.90343e-08 19937.5 0 0 4.10392e-25 0 0 0.000382099 0 0 0 0 0 0 0 0 0 0 
0.048 0.694522 -2.60548 -1.31378 -2.00185 -2.89452 2.98715e-09 2.0063e+14 9.84527e-05 0.000591999 8.01088e-23 1.90295e-08 19942.7 0 0 4.10392e-25 0 0 0.000382099 0 0 0 0 0 0 0 0 0 0 
0.0485 0.69552 -2.60448 -1.31378 -2.00085 -2.89552 2.87412e-09 2.00591e+14 9.84532e-05 0.000591962 8.01088e-23 1.90246e-08 19947.9 0 0 4.10392e-25 0 0 0.000382099 0 0 0 0 0 0 0 0 0 0 
0.049 0.696517 -2.60348 -1.31378 -1.99984 -2.89652 2.76533e-09 2.00552e+14 9.84537e-05 0.000591926 8.01088e-23 1.90198e-08 19953 0 0 4.10392e-25 0 0 0.000382099 0 0 0 0 0 0 0 0 0 0 
0.0495 0.697515 -2.60249 -1.31378 -1.99884 -2.89751 2.66064e-09 2.00513e+14 9.84542e-05 0.000591889 8.01088e-23 1.90149e-08 19958.2 0 0 4.10392e-25 0 0 0.000382099 0 0 0 0 0 0 0 0 0 0 
0.05 0.698513 -2.60149 -1.31378 -1.99783 -2.89851 2.55988e-09 2.00475e+14 9.84546e-05 0.000591852 8.01088e-23 1.90101e-08 19963.4 0 0 4.10392e-25 0 0 0.000382099 0 0 0 0 0 0 0 0 0 0 
0.0505 0.699511 -2.60049 -1.31378 -1.99683 -2.89951 2.46292e-09 2.00436e+14 9.84551e-05 0.000591816 8.01088e-23 1.90052e-08 19968.6 0 0 4.10392e-25 0 0 0.000382099 0 0 0 0 0 0 0 0 0 0 
0.051 0.70051 -2.59949 -1.31378 -1.99582 -2.90051 2.3696e-09 2.00397e+14 9.84556e-05 0.000591779 8.01088e-23 1.90004e-08 19973.8 0 0 4.10392e-25 0 0 0.000382099 0 0 0 0 0 0 0 0 0 0 
0.0515 0.701509 -2.59849 -1.31378 -1.99482 -2.90151 2.2798e-09 2.00359e+14 9.8456e-05 0.000591742 8.01088e-23 1.89955e-08 19979 0 0 4.10392e-25 0 0 0.000382099 0 0 0 0 0 0 0 0 0 0 
0.052 0.702508 -2.59749 -1.31378 -1.99381 -2.90251 2.19338e-09 2.0032e+14 9.84565e-05 0.000591706 8.01088e-23 1.89907e-08 19984.1 0 0 4.10392e-25 0 0 0.000382099 0 0 0 0 0 0 0 0 0 0 
0.0525 0.703507 -2.59649 -1.31378 -1.99281 -2.90351 2.11021e-09 2.00281e+14 9.8457e-05 0.000591669 8.01088e-23 1.89858e-08 19989.3 0 0 4.10392e-25 0 0 0.000382099 0 0 0 0 0 0 0 0 0 0 
0.053 0.704507 -2.59549 -1.31378 -1.9918 -2.90451 2.03018e-09 2.00243e+14 9.84575e-05 0.000591632 8.01088e-23 1.8981e-08 19994.5 0 0 4.10392e-25 0 0 0.000382099 0 0 0 0 0 0 0 0 0 0 
0.0535 0.705507 -2.59449 -1.31378 -1.99079 -2.90551 1.95316e-09 2.00204e+14 9.84579e-05 0.000591596 8.01088e-23 1.89762e-08 19999.7 0 0 4.10392e-25 0 0 0.000382099 0 0 0 0 0 0 0 0 0 0 
0.054 0.706507 -2.59349 -1.31378 -1.98979 -2.90651 1.87905e-09 2.00166e+14 9.84584e-05 0.000591559 8.01088e-23 1.89713e-08 20004.8 0 0 4.10392e-25 0 0 0.000382099 0 0 0 0 0 0 0 0 0 0 
0.0545 0.707507 -2.59249 -1.31378 -1.98878 -2.90751 1.80773e-09 2.00127e+14 9.84589e-05 0.000591523 8.01088e-23 1.89665e-08 20010 0 0 4.10392e-25 0 0 0.000382099 0 0 0 0 0 0 0 0 0 0 
0.055 0.708508 -2.59149 -1.31378 -1.98777 -2.90851 1.7391e-09 2.00089e+14 9.84594e-05 0.000591486 8.01088e-23 1.89617e-08 20015.2 0 0 4.10392e-25 0 0 0.000382099 0 0 0 0 0 0 0 0 0 0 
0.0555 0.709509 -2.59049 -1.31378 -1.98676 -2.90951 1.67306e-09 2.0005e+14 9.84598e-05 0.00059145 8.01088e-23 1.89569e-08 20020.4 0 0 4.10392e-25 0 0 0.000382099 0 0 0 0 0 0 0 0 0 0 
0.056 0.71051 -2.58949 -1.31378 -1.98575 -2.91051 1.60951e-09 2.00012e+14 9.84603e-05 0.000591413 8.01088e-23 1.89521e-08 20025.5 0 0 4.10392e-25 0 0 0.000382099 0 0 0 0 0 0 0 0 0 0 
0.0565 0.711511 -2.58849 -1.31378 -1.98475 -2.91151 1.54835e-09 1.99973e+14 9.84608e-05 0.000591377 8.01088e-23 1.89472e-08 20030.7 0 0 4.10392e-25 0 0 0.000382099 0 0 0 0 0 0 0 0 0 0 
0.057 0.712513 -2.58749 -1.31378 -1.98374 -2.91251 1.48951e-09 1.99935e+14 9.84613e-05 0.00059134 8.01088e-23 1.89424e-08 20035.9 0 0 4.10392e-25 0 0 0.000382099 0 0 0 0 0 0 0 0 0 0 
0.0575 0.713515 -2.58649 -1.31378 -1.98273 -2.91351 1.43289e-09 1.99896e+14 9.84617e-05 0.000591304 8.01088e-23 1.89376e-08 20041 0 0 4.10392e-25 0 0 0.000382099 0 0 0 0 0 0 0 0 0 0 
0.058 0.714517 -2.58548 -1.31378 -1.98172 -2.91452 1.37841e-09 1.99858e+14 9.84622e-05 0.000591267 8.01088e-23 1.89328e-08 20046.2 0 0 4.10392e-25 0 0 0.000382099 0 0 0 0 0 0 0 0 0 0 
0.0585 0.715519 -2.58448 -1.31378 -1.98071 -2.91552 1.32598e-09 1.99819e+14 9.84627e-05 0.000591231 8.01088e-23 1.8928e-08 20051.4 0 0 4.10392e-25 0 0 0.000382099 0 0 0 0 0 0 0 0 0 0 
0.059 0.716522 -2.58348 -1.31378 -1.9797 -2.91652 1.27554e-09 1.99781e+14 9.84632e-05 0.000591194 8.01088e-23 1.89232e-08 20056.5 0 0 4.10392e-25 0 0 0.000382099 0 0 0 0 0 0 0 0 0 0 
0.0595 0.717525 -2.58248 -1.31378 -1.97869 -2.91752 1.227e-09 1.99743e+14 9.84636e-05 0.000591158 8.01088e-23 1.89184e-08 20061.7 0 0 4.10392e-25 0 0 0.000382099 0 0 0 0 0 0 0 0 0 0 
0.06 0.718528 -2.58147 -1.31378 -1.97768 -2.91853 1.1803e-09 1.99704e+14 9.84641e-05 0.000591122 8.01088e-23 1.89136e-08 20066.9 0 0 4.10392e-25 0 0 0.000382099 0 0 0 0 0 0 0 0 0 0 
0.0605 0.719532 -2.58047 -1.31378 -1.97667 -2.91953 1.13537e-09 1.99666e+14 9.84646e-05 0.000591085 8.01088e-23 1.89088e-08 20072 0 0 4.10392e-25 0 0 0.000382099 0 0 0 0 0 0 0 0 0 0 
0.061 0.720535 -2.57946 -1.31378 -1.97566 -2.92054 1.09213e-09 1.99628e+14 9.84651e-05 0.000591049 8.01088e-23 1.89041e-08 20077.2 0 0 4.10392e-25 0 0 0.000382099 0 0 0 0 0 0 0 0 0 0 
0.0615 0.721539 -2.57846 -1.31378 -1.97465 -2.92154 1.05053e-09 1.9959e+14 9.84656e-05 0.000591013 8.01088e-23 1.88993e-08 20082.3 0 0 4.10392e-25 0 0 0.000382099 0 0 0 0 0 0 0 0 0 0 
0.062 0.722544 -2.57746 -1.31378 -1.97364 -2.92254 1.01051e-09 1.99551e+14 9.8466e-05 0.000590976 8.01088e-23 1.88945e-08 20087.5 0 0 4.10392e-25 0 0 0.000382099 0 0 0 0 0 0 0 0 0 0 
0.0625 0.723548 -2.57645 -1.31378 -1.97263 -2.92355 9.71997e-10 1.99513e+14 9.84665e-05 0.00059094 8.01088e-23 1.88897e-08 20092.7 0 0 4.10392e-25 0 0 0.000382099 0 0 0 0 0 0 0 0 0 0 
0.063 0.724553 -2.57545 -1.31378 -1.97162 -2.92455 9.34945e-10 1.99475e+14 9.8467e-05 0.000590904 8.01088e-23 1.88849e-08 20097.8 0 0 4.10392e-25 0 0 0.000382099 0 0 0 0 0 0 0 0 0 0 
0.0635 0.725558 -2.57444 -1.31378 -1.97061 -2.92556 8.99297e-10 1.99437e+14 9.84675e-05 0.000590868 8.01088e-23 1.88802e-08 20103 0 0 4.10392e-25 0 0 0.000382099 0 0 0 0 0 0 0 0 0 0 
0.064 0.726563 -2.57344 -1.31378 -1.96959 -2.92656 8.65e-10 1.99399e+14 9.8468e-05 0.000590831 8.01088e-23 1.88754e-08 20108.1 0 0 4.10392e-25 0 0 0.000382099 0 0 0 0 0 0 0 0 0 0 
0.0645 0.727569 -2.57243 -1.31378 -1.96858 -2.92757 8.32002e-10 1.9936e+14 9.84684e-05 0.000590795 8.01088e-23 1.88706e-08 20113.3 0 0 4.10392e-25 0 0 0.000382099 0 0 0 0 0 0 0 0 0 0 
0.065 0.728575 -2.57143 -1.31378 -1.96757 -2.92857 8.00255e-10 1.99322e+14 9.84689e-05 0.000590759 8.01088e-23 1.88659e-08 20118.4 0 0 4.10392e-25 0 0 0.000382099 0 0 0 0 0 0 0 0 0 0 
0.0655 0.729581 -2.57042 -1.31378 -1.96656 -2.92958 7.69711e-10 1.99284e+14 9.84694e-05 0.000590723 8.01088e-23 1.88611e-08 20123.6 0 0 4.10392e-25 0 0 0.000382099 0 0 0 0 0 0 0 0 0 0 
0.066 0.730587 -2.56941 -1.31378 -1.96554 -2.93059 7.40326e-10 1.99246e+14 9.84699e-05 0.000590687 8.01088e-23 1.88563e-08 20128.7 0 0 4.10392e-25 0 0 0.000382099 0 0 0 0 0 0 0 0 0 0 
0.0665 0.731593 -2.56841 -1.31378 -1.96453 -2.93159 7.12056e-10 1.99208e+14 9.84704e-05 0.000590651 8.01088e-23 1.88516e-08 20133.9 0 0 4.10392e-25 0 0 0.000382099 0 0 0 0 0 0 0 0 0 0 
0.067 0.7326 -2.5674 -1.31378 -1.96352 -2.9326 6.84859e-10 1.9917e+14 9.84709e-05 0.000590614 8.01088e-23 1.88468e-08 20139 0 0 4.10392e-25 0 0 0.000382099 0 0 0 0 0 0 0 0 0 0 
0.0675 0.733607 -2.56639 -1.31378 -1.9625 -2.93361 6.58693e-10 1.99132e+14 9.84713e-05 0.000590578 8.01088e-23 1.88421e-08 20144.2 0 0 4.10392e-25 0 0 0.000382099 0 0 0 0 0 0 0 0 0 0 
0.068 0.734615 -2.56539 -1.31378 -1.96149 -2.93461 6.33521e-10 1.99094e+14 9.84718e-05 0.000590542 8.01088e-23 1.88373e-08 20149.3 0 0 4.10392e-25 0 0 0.000382099 0 0 0 0 0 0 0 0 0 0 
0.0685 0.735622 -2.56438 -1.31378 -1.96047 -2.93562 6.09305e-10 1.99056e+14 9.84723e-05 0.000590506 8.01088e-23 1.88326e-08 20154.5 0 0 4.10392e-25 0 0 0.000382099 0 0 0 0 0 0 0 0 0 0 
0.069 0.73663 -2.56337 -1.31378 -1.95946 -2.93663 5.86009e-10 1.99018e+14 9.84728e-05 0.00059047 8.01088e-23 1.88278e-08 20159.6 0 0 4.10392e-25 0 0 0.000382099 0 0 0 0 0 0 0 0 0 0 
0.0695 0.737638 -2.56236 -1.31378 -1.95844 -2.93764 5.63598e-10 1.9898e+14 9.84733e-05 0.000590434 8.01088e-23 1.88231e-08 20164.8 0 0 4.10392e-25 0 0 0.000382099 0 0 0 0 0 0 0 0 0 0 
0.07 0.738647 -2.56135 -1.31378 -1.95743 -2.93865 5.42038e-10 1.98942e+14 9.84738e-05 0.000590398 8.01088e-23 1.88183e-08 20169.9 0 0 4.10392e-25 0 0 0.000382099 0 0 0 0 0 0 0 0 0 0 
0.0705 0.739655 -2.56034 -1.31378 -1.95641 -2.93966 5.21299e-10 1.98904e+14 9.84742e-05 0.000590362 8.01088e-23 1.88136e-08 20175 0 0 4.10392e-25 0 0 0.000382099 0 0 0 0 0 0 0 0 0 0 
0.071 0.740664 -2.55934 -1.31378 -1.9554 -2.94066 5.01347e-10 1.98866e+14 9.84747e-05 0.000590326 8.01088e-23 1.88089e-08 20180.2 0 0 4.10392e-25 0 0 0.000382099 0 0 0 0 0 0 0 0 0 0 
0.0715 0.741673 -2.55833 -1.31378 -1.95438 -2.94167 4.82155e-10 1.98828e+14 9.84752e-05 0.00059029 8.01088e-23 1.88041e-08 20185.3 0 0 4.10392e-25 0 0 0.000382099 0 0 0 0 0 0 0 0 0 0 
0.072 0.742683 -2.55732 -1.31378 -1.95337 -2.94268 4.63692e-10 1.9879e+14 9.84757e-05 0.000590254 8.01088e-23 1.87994e-08 20190.5 0 0 4.10392e-25 0 0 0.000382099 0 0 0 0 0 0 0 0 0 0 
0.0725 0.743692 -2.55631 -1.31378 -1.95235 -2.94369 4.45932e-10 1.98752e+14 9.84762e-05 0.000590218 8.01088e-23 1.87947e-08 20195.6 0 0 4.10392e-25 0 0 0.000382099 0 0 0 0 0 0 0 0 0 0 
0.073 0.744702 -2.5553 -1.31378 -1.95133 -2.9447 4.28848e-10 1.98715e+14 9.84767e-05 0.000590182 8.01088e-23 1.87899e-08 20200.7 0 0 4.10392e-25 0 0 0.000382099 0 0 0 0 0 0 0 0 0 0 
0.0735 0.745712 -2.55429 -1.31378 -1.95032 -2.94571 4.12415e-10 1.98677e+14 9.84772e-05 0.000590146 8.01088e-23 1.87852e-08 20205.9 0 0 4.10392e-25 0 0 0.000382099 0 0 0 0 0 0 0 0 0 0 
0.074 0.746723 -2.55328 -1.31378 -1.9493 -2.94672 3.96607e-10 1.98639e+14 9.84777e-05 0.00059011 8.01088e-23 1.87805e-08 20211 0 0 4.10392e-25 0 0 0.000382099 0 0 0 0 0 0 0 0 0 0 
0.0745 0.747733 -2.55227 -1.31378 -1.94828 -2.94773 3.81401e-10 1.98601e+14 9.84781e-05 0.000590074 8.01088e-23 1.87758e-08 20216.2 0 0 4.10392e-25 0 0 0.000382099 0 0 0 0 0 0 0 0 0 0 
0.075 0.748744 -2.55126 -1.31378 -1.94726 -2.94874 3.66775e-10 1.98563e+14 9.84786e-05 0.000590038 8.01088e-23 1.87711e-08 20221.3 0 0 4.10392e-25 0 0 0.000382099 0 0 0 0 0 0 0 0 0 0 
0.0755 0.749756 -2.55024 -1.31378 -1.94625 -2.94976 3.52706e-10 1.98525e+14 9.84791e-05 0.000590002 8.01088e-23 1.87663e-08 20226.4 0 0 4.10392e-25 0 0 0.000382099 0 0 0 0 0 0 0 0 0 0 
0.076 0.750767 -2.54923 -1.31378 -1.94523 -2.95077 3.39173e-10 1.98487e+14 9.84796e-05 0.000589966 8.01088e-23 1.87616e-08 20231.5 0 0 4.10392e-25 0 0 0.000382099 0 0 0 0 0 0 0 0 0 0 
0.0765 0.751779 -2.54822 -1.31378 -1.94421 -2.95178 3.26157e-10 1.9845e+14 9.84801e-05 0.00058993 8.01088e-23 1.87569e-08 20236.7 0 0 4.10392e-25 0 0 0.000382099 0 0 0 0 0 0 0 0 0 0 
0.077 0.752791 -2.54721 -1.31378 -1.94319 -2.95279 3.13637e-10 1.98412e+14 9.84806e-05 0.000589894 8.01088e-23 1.87522e-08 20241.8 0 0 4.10392e-25 0 0 0.000382099 0 0 0 0 0 0 0 0 0 0 
0.0775 0.753803 -2.5462 -1.31378 -1.94217 -2.9538 3.01594e-10 1.98374e+14 9.84811e-05 0.000589858 8.01088e-23 1.87475e-08 20246.9 0 0 4.10392e-25 0 0 0.000382099 0 0 0 0 0 0 0 0 0 0 
0.078 0.754815 -2.54518 -1.31378 -1.94115 -2.95482 2.90011e-10 1.98336e+14 9.84816e-05 0.000589822 8.01088e-23 1.87428e-08 20252.1 0 0 4.10392e-25 0 0 0.000382099 0 0 0 0 0 0 0 0 0 0 
0.0785 0.755828 -2.54417 -1.31378 -1.94013 -2.95583 2.7887e-10 1.98299e+14 9.8482e-05 0.000589786 8.01088e-23 1.87381e-08 20257.2 0 0 4.10392e-25 0 0 0.000382099 0 0 0 0 0 0 0 0 0 0 
0.079 0.756841 -2.54316 -1.31378 -1.93911 -2.95684 2.68154e-10 1.98261e+14 9.84825e-05 0.00058975 8.01088e-23 1.87333e-08 20262.3 0 0 4.10392e-25 0 0 0.000382099 0 0 0 0 0 0 0 0 0 0 
0.0795 0.757854 -2.54215 -1.31378 -1.93809 -2.95785 2.57848e-10 1.98223e+14 9.8483e-05 0.000589714 8.01088e-23 1.87286e-08 20267.4 0 0 4.10392e-25 0 0 0.000382099 0 0 0 0 0 0 0 0 0 0 
0.08 0.758868 -2.54113 -1.31378 -1.93707 -2.95887 2.47935e-10 1.98185e+14 9.84835e-05 0.000589678 8.01088e-23 1.87239e-08 20272.6 0 0 4.10392e-25 0 0 0.000382099 0 0 0 0 0 0 0 0 0 0 
0.0805 0.759882 -2.54012 -1.31378 -1.93605 -2.95988 2.38401e-10 1.98148e+14 9.8484e-05 0.000589642 8.01088e-23 1.87192e-08 20277.7 0 0 4.10392e-25 0 0 0.000382099 0 0 0 0 0 0 0 0 0 0 
0.081 0.760896 -2.5391 -1.31378 -1.93503 -2.9609 2.29231e-10 1.9811e+14 9.84845e-05 0.000589607 8.01088e-23 1.87145e-08 20282.8 0 0 4.10392e-25 0 0 0.000382099 0 0 0 0 0 0 0 0 0 0 
0.0815 0.76191 -2.53809 -1.31378 -1.93401 -2.96191 2.20412e-10 1.98072e+14 9.8485e-05 0.000589571 8.01088e-23 1.87098e-08 20287.9 0 0 4.10392e-25 0 0 0.000382099 0 0 0 0 0 0 0 0 0 0 
0.082 0.762924 -2.53708 -1.31378 -1.93299 -2.96292 2.1193e-10 1.98034e+14 9.84855e-05 0.000589535 8.01088e-23 1.87051e-08 20293 0 0 4.10392e-25 0 0 0.000382099 0 0 0 0 0 0 0 0 0 0 
0.0825 0.763939 -2.53606 -1.31378 -1.93197 -2.96394 2.03772e-10 1.97997e+14 9.8486e-05 0.000589499 8.01088e-23 1.87004e-08 20298.2 0 0 4.10392e-25 0 0 0.000382099 0 0 0 0 0 0 0 0 0 0 
0.083 0.764954 -2.53505 -1.31378 -1.93095 -2.96495 1.95927e-10 1.97959e+14 9.84865e-05 0.000589463 8.01088e-23 1.86957e-08 20303.3 0 0 4.10392e-25 0 0 0.000382099 0 0 0 0 0 0 0 0 0 0 
0.0835 0.76597 -2.53403 -1.31378 -1.92992 -2.96597 1.88381e-10 1.97921e+14 9.8487e-05 0.000589427 8.01088e-23 1.8691e-08 20308.4 0 0 4.10392e-25 0 0 0.000382099 0 0 0 0 0 0 0 0 0 0 
0.084 0.766985 -2.53301 -1.31378 -1.9289 -2.96699 1.81125e-10 1.97883e+14 9.84874e-05 0.000589391 8.01088e-23 1.86863e-08 20313.5 0 0 4.10392e-25 0 0 0.000382099 0 0 0 0 0 0 0 0 0 0 
0.0845 0.768001 -2.532 -1.31378 -1.92788 -2.968 1.74146e-10 1.97846e+14 9.84879e-05 0.000589355 8.01088e-23 1.86816e-08 20318.6 0 0 4.10392e-25 0 0 0.000382099 0 0 0 0 0 0 0 0 0 0 
0.085 0.769017 -2.53098 -1.31378 -1.92686 -2.96902 1.67435e-10 1.97808e+14 9.84884e-05 0.000589319 8.01088e-23 1.86769e-08 20323.7 0 0 4.10392e-25 0 0 0.000382099 0 0 0 0 0 0 0 0 0 0 
0.0855 0.770033 -2.52997 -1.31378 -1.92583 -2.97003 1.6098e-10 1.9777e+14 9.84889e-05 0.000589283 8.01088e-23 1.86722e-08 20328.9 0 0 4.10392e-25 0 0 0.000382099 0 0 0 0 0 0 0 0 0 0 
0.086 0.77105 -2.52895 -1.31378 -1.92481 -2.97105 1.54773e-10 1.97733e+14 9.84894e-05 0.000589247 8.01088e-23 1.86675e-08 20334 0 0 4.10392e-25 0 0 0.000382099 0 0 0 0 0 0 0 0 0 0 
0.0865 0.772067 -2.52793 -1.31378 -1.92379 -2.97207 1.48804e-10 1.97695e+14 9.84899e-05 0.000589211 8.01088e-23 1.86628e-08 20339.1 0 0 4.10392e-25 0 0 0.000382099 0 0 0 0 0 0 0 0 0 0 
0.087 0.773084 -2.52692 -1.31378 -1.92276 -2.97308 1.43063e-10 1.97657e+14 9.84904e-05 0.000589175 8.01088e-23 1.86581e-08 20344.2 0 0 4.10392e-25 0 0 0.000382099 0 0 0 0 0 0 0 0 0 0 
0.0875 0.774101 -2.5259 -1.31378 -1.92174 -2.9741 1.37543e-10 1.97619e+14 9.84909e-05 0.000589139 8.01088e-23 1.86534e-08 20349.3 0 0 4.10392e-25 0 0 0.000382099 0 0 0 0 0 0 0 0 0 0 
0.088 0.775119 -2.52488 -1.31378 -1.92071 -2.97512 1.32234e-10 1.97581e+14 9.84914e-05 0.000589103 8.01088e-23 1.86487e-08 20354.4 0 0 4.10392e-25 0 0 0.000382099 0 0 0 0 0 0 0 0 0 0 
0.0885 0.776137 -2.52386 -1.31378 -1.91969 -2.97614 1.27129e-10 1.97544e+14 9.84919e-05 0.000589067 8.01088e-23 1.8644e-08 20359.5 0 0 4.10392e-25 0 0 0.000382099 0 0 0 0 0 0 0 0 0 0 
0.089 0.777155 -2.52285 -1.31378 -1.91866 -2.97715 1.2222e-10 1.97506e+14 9.84924e-05 0.000589031 8.01088e-23 1.86393e-08 20364.6 0 0 4.10392e-25 0 0 0.000382099 0 0 0 0 0 0 0 0 0 0 
0.0895 0.778173 -2.52183 -1.31378 -1.91764 -2.97817 1.17499e-10 1.97468e+14 9.84929e-05 0.000588995 8.01088e-23 1.86346e-08 20369.7 0 0 4.10392e-25 0 0 0.000382099 0 0 0 0 0 0 0 0 0 0 
0.09 0.779192 -2.52081 -1.31378 -1.91661 -2.97919 1.1296e-10 1.9743e+14 9.84934e-05 0.000588959 8.01088e-23 1.86298e-08 20374.8 0 0 4.10392e-25 0 0 0.000382099 0 0 0 0 0 0 0 0 0 0 
0.0905 0.78021 -2.51979 -1.31378 -1.91559 -2.98021 1.08594e-10 1.97392e+14 9.84939e-05 0.000588923 8.01088e-23 1.86251e-08 20379.9 0 0 4.10392e-25 0 0 0.000382099 0 0 0 0 0 0 0 0 0 0 
0.091 0.78123 -2.51877 -1.31378 -1.91456 -2.98123 1.04397e-10 1.97355e+14 9.84944e-05 0.000588887 8.01088e-23 1.86204e-08 20385 0 0 4.10392e-25 0 0 0.000382099 0 0 0 0 0 0 0 0 0 0 
0.0915 0.782249 -2.51775 -1.31378 -1.91354 -2.98225 1.0036e-10 1.97317e+14 9.84949e-05 0.000588851 8.01088e-23 1.86157e-08 20390.1 0 0 4.10392e-25 0 0 0.000382099 0 0 0 0 0 0 0 0 0 0 
0.092 0.783269 -2.51673 -1.31378 -1.91251 -2.98327 9.64793e-11 1.97279e+14 9.84954e-05 0.000588815 8.01088e-23 1.8611e-08 20395.2 0 0 4.10392e-25 0 0 0.000382099 0 0 0 0 0 0 0 0 0 0 
0.0925 0.784288 -2.51571 -1.31378 -1.91148 -2.98429 9.27472e-11 1.97241e+14 9.84959e-05 0.000588779 8.01088e-23 1.86063e-08 20400.3 0 0 4.10392e-25 0 0 0.000382099 0 0 0 0 0 0 0 0 0 0 
0.093 0.785309 -2.51469 -1.31378 -1.91046 -2.98531 8.91587e-11 1.97203e+14 9.84964e-05 0.000588742 8.01088e-23 1.86015e-08 20405.4 0 0 4.10392e-25 0 0 0.000382099 0 0 0 0 0 0 0 0 0 0 
0.0935 0.786329 -2.51367 -1.31378 -1.90943 -2.98633 8.57082e-11 1.97165e+14 9.84968e-05 0.000588706 8.01088e-23 1.85968e-08 20410.5 0 0 4.10392e-25 0 0 0.000382099 0 0 0 0 0 0 0 0 0 0 
0.094 0.78735 -2.51265 -1.31378 -1.9084 -2.98735 8.23904e-11 1.97127e+14 9.84973e-05 0.00058867 8.01088e-23 1.85921e-08 20415.6 0 0 4.10392e-25 0 0 0.000382099 0 0 0 0 0 0 0 0 0 0 
0.0945 0.788371 -2.51163 -1.31378 -1.90737 -2.98837 7.92002e-11 1.97089e+14 9.84978e-05 0.000588633 8.01088e-23 1.85874e-08 20420.7 0 0 4.10392e-25 0 0 0.000382099 0 0 0 0 0 0 0 0 0 0 
0.095 0.789392 -2.51061 -1.31378 -1.90635 -2.98939 7.61328e-11 1.97051e+14 9.84983e-05 0.000588597 8.01088e-23 1.85826e-08 20425.8 0 0 4.10392e-25 0 0 0.000382099 0 0 0 0 0 0 0 0 0 0 
0.0955 0.790413 -2.50959 -1.31378 -1.90532 -2.99041 7.31835e-11 1.97013e+14 9.84988e-05 0.000588561 8.01088e-23 1.85779e-08 20430.9 0 0 4.10392e-25 0 0 0.000382099 0 0 0 0 0 0 0 0 0 0 
0.096 0.791435 -2.50857 -1.31378 -1.90429 -2.99143 7.03477e-11 1.96975e+14 9.84993e-05 0.000588524 8.01088e-23 1.85731e-08 20436 0 0 4.10392e-25 0 0 0.000382099 0 0 0 0 0 0 0 0 0 0 
0.0965 0.792457 -2.50754 -1.31378 -1.90326 -2.99246 6.76212e-11 1.96937e+14 9.84998e-05 0.000588488 8.01088e-23 1.85684e-08 20441.1 0 0 4.10392e-25 0 0 0.000382099 0 0 0 0 0 0 0 0 0 0 
0.097 0.793479 -2.50652 -1.31378 -1.90223 -2.99348 6.49997e-11 1.96898e+14 9.85003e-05 0.000588451 8.01088e-23 1.85636e-08 20446.2 0 0 4.10392e-25 0 0 0.000382099 0 0 0 0 0 0 0 0 0 0 
0.0975 0.794501 -2.5055 -1.31378 -1.9012 -2.9945 6.24792e-11 1.9686e+14 9.85008e-05 0.000588415 8.01088e-23 1.85589e-08 20451.3 0 0 4.10392e-25 0 0 0.000382099 0 0 0 0 0 0 0 0 0 0 
0.098 0.795524 -2.50448 -1.31378 -1.90017 -2.99552 6.00559e-11 1.96822e+14 9.85013e-05 0.000588378 8.01088e-23 1.85541e-08 20456.4 0 0 4.10392e-25 0 0 0.000382099 0 0 0 0 0 0 0 0 0 0 
0.0985 0.796547 -2.50345 -1.31378 -1.89914 -2.99655 5.7726e-11 1.96783e+14 9.85018e-05 0.000588341 8.01088e-23 1.85493e-08 20461.5 0 0 4.10392e-25 0 0 0.000382099 0 0 0 0 0 0 0 0 0 0 
0.099 0.79757 -2.50243 -1.31378 -1.89811 -2.99757 5.54859e-11 1.96745e+14 9.85023e-05 0.000588305 8.01088e-23 1.85445e-08 20466.5 0 0 4.10392e-25 0 0 0.000382099 0 0 0 0 0 0 0 0 0 0 
0.0995 0.798594 -2.50141 -1.31378 -1.89708 -2.99859 5.33322e-11 1.96706e+14 9.85028e-05 0.000588268 8.01088e-23 1.85398e-08 20471.6 0 0 4.10392e-25 0 0 0.000382099 0 0 0 0 0 0 0 0 0 0 
0.1 0.799617 -2.50038 -1.31378 -1.89605 -2.99962 5.12616e-11 1.96668e+14 9.85033e-05 0.000588231 8.01088e-23 1.8535e-08 20476.7 0 0 4.10392e-25 0 0 0.000382099 0 0 0 0 0 0 0 0 0 0 
0.1005 0.800641 -2.49936 -1.31378 -1.89502 -3.00064 4.9271e-11 1.96629e+14 9.85038e-05 0.000588194 8.01088e-23 1.85302e-08 20481.8 0 0 4.10392e-25 0 0 0.000382099 0 0 0 0 0 0 0 0 0 0 
0.101 0.801666 -2.49833 -1.31378 -1.89399 -3.00167 4.73571e-11 1.96591e+14 9.85043e-05 0.000588157 8.01088e-23 1.85254e-08 20486.9 0 0 4.10392e-25 0 0 0.000382099 0 0 0 0 0 0 0 0 0 0 
0.1015 0.80269 -2.49731 -1.31378 -1.89296 -3.00269 4.55172e-11 1.96552e+14 9.85048e-05 0.00058812 8.01088e-23 1.85205e-08 20492 0 0 4.10392e-25 0 0 0.000382099 0 0 0 0 0 0 0 0 0 0 
0.102 0.803715 -2.49629 -1.31378 -1.89193 -3.00371 4.37483e-11 1.96513e+14 9.85053e-05 0.000588083 8.01088e-23 1.85157e-08 20497 0 0 4.10392e-25 0 0 0.000382099 0 0 0 0 0 0 0 0 0 0 
0.1025 0.80474 -2.49526 -1.31378 -1.8909 -3.00474 4.20477e-11 1.96474e+14 9.85058e-05 0.000588046 8.01088e-23 1.85109e-08 20502.1 0 0 4.10392e-25 0 0 0.000382099 0 0 0 0 0 0 0 0 0 0 
0.103 0.805765 -2.49424 -1.31378 -1.88986 -3.00576 4.04129e-11 1.96435e+14 9.85063e-05 0.000588008 8.01088e-23 1.8506e-08 20507.2 0 0 4.10392e-25 0 0 0.000382099 0 0 0 0 0 0 0 0 0 0 
0.1035 0.80679 -2.49321 -1.31378 -1.88883 -3.00679 3.88412e-11 1.96396e+14 9.85068e-05 0.000587971 8.01088e-23 1.85012e-08 20512.3 0 0 4.10392e-25 0 0 0.000382099 0 0 0 0 0 0 0 0 0 0 
0.104 0.807816 -2.49218 -1.31378 -1.8878 -3.00782 3.73303e-11 1.96357e+14 9.85073e-05 0.000587933 8.01088e-23 1.84963e-08 20517.3 0 0 4.10392e-25 0 0 0.000382099 0 0 0 0 0 0 0 0 0 0 
0.1045 0.808842 -2.49116 -1.31378 -1.88676 -3.00884 3.58778e-11 1.96318e+14 9.85078e-05 0.000587896 8.01088e-23 1.84914e-08 20522.4 0 0 4.10392e-25 0 0 0.000382099 0 0 0 0 0 0 0 0 0 0 
0.105 0.809868 -2.49013 -1.31378 -1.88573 -3.00987 3.44815e-11 1.96279e+14 9.85083e-05 0.000587858 8.01088e-23 1.84865e-08 20527.5 0 0 4.10392e-25 0 0 0.000382099 0 0 0 0 0 0 0 0 0 0 
0.1055 0.810895 -2.48911 -1.31378 -1.8847 -3.01089 3.31392e-11 1.96239e+14 9.85088e-05 0.00058782 8.01088e-23 1.84816e-08 20532.6 0 0 4.10392e-25 0 0 0.000382099 0 0 0 0 0 0 0 0 0 0 
0.106 0.811922 -2.48808 -1.31378 -1.88366 -3.01192 3.18488e-11 1.962e+14 9.85093e-05 0.000587782 8.01088e-23 1.84767e-08 20537.6 0 0 4.10392e-25 0 0 0.000382099 0 0 0 0 0 0 0 0 0 0 
0.1065 0.812949 -2.48705 -1.31378 -1.88263 -3.01295 3.06084e-11 1.9616e+14 9.85098e-05 0.000587744 8.01088e-23 1.84718e-08 20542.7 0 0 4.10392e-25 0 0 0.000382099 0 0 0 0 0 0 0 0 0 0 
0.107 0.813976 -2.48602 -1.31378 -1.8816 -3.01398 2.9416e-11 1.9612e+14 9.85103e-05 0.000587706 8.01088e-23 1.84668e-08 20547.8 0 0 4.10392e-25 0 0 0.000382099 0 0 0 0 0 0 0 0 0 0 
0.1075 0.815003 -2.485 -1.31378 -1.88056 -3.015 2.82698e-11 1.9608e+14 9.85108e-05 0.000587667 8.01088e-23 1.84619e-08 20552.9 0 0 4.10392e-25 0 0 0.000382099 0 0 0 0 0 0 0 0 0 0 
0.108 0.816031 -2.48397 -1.31378 -1.87953 -3.01603 2.7168e-11 1.9604e+14 9.85113e-05 0.000587629 8.01088e-23 1.84569e-08 20557.9 0 0 4.10392e-25 0 0 0.000382099 0 0 0 0 0 0 0 0 0 0 
0.1085 0.817059 -2.48294 -1.31378 -1.87849 -3.01706 2.61088e-11 1.96e+14 9.85118e-05 0.00058759 8.01088e-23 1.84519e-08 20563 0 0 4.10392e-25 0 0 0.000382099 0 0 0 0 0 0 0 0 0 0 
0.109 0.818088 -2.48191 -1.31378 -1.87745 -3.01809 2.50908e-11 1.9596e+14 9.85123e-05 0.000587551 8.01088e-23 1.84469e-08 20568.1 0 0 4.10392e-25 0 0 0.000382099 0 0 0 0 0 0 0 0 0 0 
0.1095 0.819116 -2.48088 -1.31378 -1.87642 -3.01912 2.41121e-11 1.95919e+14 9.85128e-05 0.000587512 8.01088e-23 1.84419e-08 20573.1 0 0 4.10392e-25 0 0 0.000382099 0 0 0 0 0 0 0 0 0 0 
0.11 0.820145 -2.47986 -1.31378 -1.87538 -3.02014 2.31714e-11 1.95879e+14 9.85134e-05 0.000587473 8.01088e-23 1.84368e-08 20578.2 0 0 4.10392e-25 0 0 0.000382099 0 0 0 0 0 0 0 0 0 0 
0.1105 0.821174 -2.47883 -1.31378 -1.87435 -3.02117 2.22672e-11 1.95838e+14 9.85139e-05 0.000587434 8.01088e-23 1.84317e-08 20583.2 0 0 4.10392e-25 0 0 0.000382099 0 0 0 0 0 0 0 0 0 0 
0.111 0.822203 -2.4778 -1.31378 -1.87331 -3.0222 2.13981e-11 1.95797e+14 9.85144e-05 0.000587394 8.01088e-23 1.84266e-08 20588.3 0 0 4.10392e-25 0 0 0.000382099 0 0 0 0 0 0 0 0 0 0 
0.1115 0.823233 -2.47677 -1.31378 -1.87227 -3.02323 2.05627e-11 1.95756e+14 9.85149e-05 0.000587355 8.01088e-23 1.84215e-08 20593.4 0 0 4.10392e-25 0 0 0.000382099 0 0 0 0 0 0 0 0 0 0 
0.112 0.824263 -2.47574 -1.31378 -1.87124 -3.02426 1.97597e-11 1.95714e+14 9.85154e-05 0.000587315 8.01088e-23 1.84164e-08 20598.4 0 0 4.10392e-25 0 0 0.000382099 0 0 0 0 0 0 0 0 0 0 
0.1125 0.825293 -2.47471 -1.31378 -1.8702 -3.02529 1.89879e-11 1.95673e+14 9.85159e-05 0.000587275 8.01088e-23 1.84112e-08 20603.5 0 0 4.10392e-25 0 0 0.000382099 0 0 0 0 0 0 0 0 0 0 
0.113 0.826323 -2.47368 -1.31378 -1.86916 -3.02632 1.82461e-11 1.95631e+14 9.85164e-05 0.000587234 8.01088e-23 1.8406e-08 20608.5 0 0 4.10392e-25 0 0 0.000382099 0 0 0 0 0 0 0 0 0 0 
0.1135 0.827353 -2.47265 -1.31378 -1.86812 -3.02735 1.7533e-11 1.95589e+14 9.85169e-05 0.000587194 8.01088e-23 1.84008e-08 20613.6 0 0 4.10392e-25 0 0 0.000382099 0 0 0 0 0 0 0 0 0 0 
0.114 0.828384 -2.47162 -1.31378 -1.86708 -3.02838 1.68477e-11 1.95547e+14 9.85174e-05 0.000587153 8.01088e-23 1.83955e-08 20618.7 0 0 4.10392e-25 0 0 0.000382099 0 0 0 0 0 0 0 0 0 0 
0.1145 0.829415 -2.47058 -1.31378 -1.86604 -3.02942 1.6189e-11 1.95504e+14 9.85179e-05 0.000587112 8.01088e-23 1.83903e-08 20623.7 0 0 4.10392e-25 0 0 0.000382099 0 0 0 0 0 0 0 0 0 0 
0.115 0.830447 -2.46955 -1.31378 -1.86501 -3.03045 1.55559e-11 1.95462e+14 9.85184e-05 0.000587071 8.01088e-23 1.8385e-08 20628.8 0 0 4.10392e-25 0 0 0.000382099 0 0 0 0 0 0 0 0 0 0 
0.1155 0.831478 -2.46852 -1.31378 -1.86397 -3.03148 1.49474e-11 1.95419e+14 9.85189e-05 0.000587029 8.01088e-23 1.83796e-08 20633.8 0 0 4.10392e-25 0 0 0.000382099 0 0 0 0 0 0 0 0 0 0 
0.116 0.83251 -2.46749 -1.31378 -1.86293 -3.03251 1.43626e-11 1.95376e+14 9.85194e-05 0.000586987 8.01088e-23 1.83742e-08 20638.9 0 0 4.10392e-25 0 0 0.000382099 0 0 0 0 0 0 0 0 0 0 
0.1165 0.833542 -2.46646 -1.31378 -1.86189 -3.03354 1.38005e-11 1.95332e+14 9.85199e-05 0.000586945 8.01088e-23 1.83688e-08 20643.9 0 0 4.10392e-25 0 0 0.000382099 0 0 0 0 0 0 0 0 0 0 
0.117 0.834574 -2.46543 -1.31378 -1.86085 -3.03457 1.32603e-11 1.95288e+14 9.85204e-05 0.000586902 8.01088e-23 1.83634e-08 20649 0 0 4.10392e-25 0 0 0.000382099 0 0 0 0 0 0 0 0 0 0 
0.1175 0.835607 -2.46439 -1.31378 -1.85981 -3.03561 1.27411e-11 1.95244e+14 9.85209e-05 0.00058686 8.01088e-23 1.83579e-08 20654 0 0 4.10392e-25 0 0 0.000382099 0 0 0 0 0 0 0 0 0 0 
0.118 0.83664 -2.46336 -1.31378 -1.85877 -3.03664 1.22421e-11 1.952e+14 9.85214e-05 0.000586817 8.01088e-23 1.83524e-08 20659.1 0 0 4.10392e-25 0 0 0.000382099 0 0 0 0 0 0 0 0 0 0 
0.1185 0.837673 -2.46233 -1.31378 -1.85772 -3.03767 1.17625e-11 1.95155e+14 9.85219e-05 0.000586773 8.01088e-23 1.83468e-08 20664.1 0 0 4.10392e-25 0 0 0.000382099 0 0 0 0 0 0 0 0 0 0 
0.119 0.838706 -2.46129 -1.31378 -1.85668 -3.03871 1.13017e-11 1.9511e+14 9.85224e-05 0.000586729 8.01088e-23 1.83412e-08 20669.2 0 0 4.10392e-25 0 0 0.000382099 0 0 0 0 0 0 0 0 0 0 
0.1195 0.83974 -2.46026 -1.31378 -1.85564 -3.03974 1.08587e-11 1.95065e+14 9.85229e-05 0.000586685 8.01088e-23 1.83355e-08 20674.2 0 0 4.10392e-25 0 0 0.000382099 0 0 0 0 0 0 0 0 0 0 
0.12 0.840774 -2.45923 -1.31378 -1.8546 -3.04077 1.04331e-11 1.95019e+14 9.85234e-05 0.00058664 8.01088e-23 1.83298e-08 20679.2 0 0 4.10392e-25 0 0 0.000382099 0 0 0 0 0 0 0 0 0 0 
0.1205 0.841808 -2.45819 -1.31378 -1.85356 -3.04181 1.0024e-11 1.94972e+14 9.8524e-05 0.000586595 8.01088e-23 1.83241e-08 20684.3 0 0 4.10392e-25 0 0 0.000382099 0 0 0 0 0 0 0 0 0 0 
0.121 0.842842 -2.45716 -1.31378 -1.85251 -3.04284 9.63084e-12 1.94926e+14 9.85245e-05 0.00058655 8.01088e-23 1.83183e-08 20689.3 0 0 4.10392e-25 0 0 0.000382099 0 0 0 0 0 0 0 0 0 0 
0.1215 0.843877 -2.45612 -1.31378 -1.85147 -3.04388 9.25303e-12 1.94879e+14 9.8525e-05 0.000586504 8.01088e-23 1.83124e-08 20694.4 0 0 4.10392e-25 0 0 0.000382099 0 0 0 0 0 0 0 0 0 0 
0.122 0.844911 -2.45509 -1.31378 -1.85043 -3.04491 8.88995e-12 1.94831e+14 9.85255e-05 0.000586457 8.01088e-23 1.83065e-08 20699.4 0 0 4.10392e-25 0 0 0.000382099 0 0 0 0 0 0 0 0 0 0 
0.1225 0.845947 -2.45405 -1.31378 -1.84938 -3.04595 8.54104e-12 1.94783e+14 9.8526e-05 0.00058641 8.01088e-23 1.83005e-08 20704.4 0 0 4.10392e-25 0 0 0.000382099 0 0 0 0 0 0 0 0 0 0 
0.123 0.846982 -2.45302 -1.31378 -1.84834 -3.04698 8.20575e-12 1.94735e+14 9.85265e-05 0.000586363 8.01088e-23 1.82945e-08 20709.5 0 0 4.10392e-25 0 0 0.000382099 0 0 0 0 0 0 0 0 0 0 
0.1235 0.848018 -2.45198 -1.31378 -1.84729 -3.04802 7.88354e-12 1.94686e+14 9.8527e-05 0.000586315 8.01088e-23 1.82884e-08 20714.5 0 0 4.10392e-25 0 0 0.000382099 0 0 0 0 0 0 0 0 0 0 
0.124 0.849053 -2.45095 -1.31378 -1.84625 -3.04905 7.57391e-12 1.94636e+14 9.85275e-05 0.000586266 8.01088e-23 1.82822e-08 20719.5 0 0 4.10392e-25 0 0 0.000382099 0 0 0 0 0 0 0 0 0 0 
0.1245 0.850089 -2.44991 -1.31378 -1.8452 -3.05009 7.27636e-12 1.94586e+14 9.8528e-05 0.000586217 8.01088e-23 1.8276e-08 20724.6 0 0 4.10392e-25 0 0 0.000382099 0 0 0 0 0 0 0 0 0 0 
0.125 0.851126 -2.44887 -1.31378 -1.84416 -3.05113 6.99044e-12 1.94535e+14 9.85285e-05 0.000586167 8.01088e-23 1.82696e-08 20729.6 0 0 4.10392e-25 0 0 0.000382099 0 0 0 0 0 0 0 0 0 0 
0.1255 0.852162 -2.44784 -1.31378 -1.84311 -3.05216 6.71569e-12 1.94484e+14 9.8529e-05 0.000586117 8.01088e-23 1.82632e-08 20734.6 0 0 4.10392e-25 0 0 0.000382099 0 0 0 0 0 0 0 0 0 0 
0.126 0.853199 -2.4468 -1.31378 -1.84207 -3.0532 6.45168e-12 1.94432e+14 9.85295e-05 0.000586066 8.01088e-23 1.82568e-08 20739.6 0 0 4.10392e-25 0 0 0.000382099 0 0 0 0 0 0 0 0 0 0 
0.1265 0.854236 -2.44576 -1.31378 -1.84102 -3.05424 6.19798e-12 1.94379e+14 9.853e-05 0.000586014 8.01088e-23 1.82502e-08 20744.7 0 0 4.10392e-25 0 0 0.000382099 0 0 0 0 0 0 0 0 0 0 
0.127 0.855274 -2.44473 -1.31378 -1.83997 -3.05527 5.9542e-12 1.94326e+14 9.85305e-05 0.000585961 8.01088e-23 1.82436e-08 20749.7 0 0 4.10392e-25 0 0 0.000382099 0 0 0 0 0 0 0 0 0 0 
0.1275 0.856311 -2.44369 -1.31378 -1.83893 -3.05631 5.71996e-12 1.94272e+14 9.85311e-05 0.000585908 8.01088e-23 1.82369e-08 20754.7 0 0 4.10392e-25 0 0 0.000382099 0 0 0 0 0 0 0 0 0 0 
0.128 0.857349 -2.44265 -1.31378 -1.83788 -3.05735 5.49488e-12 1.94217e+14 9.85316e-05 0.000585854 8.01088e-23 1.823e-08 20759.7 0 0 4.10392e-25 0 0 0.000382099 0 0 0 0 0 0 0 0 0 0 
0.1285 0.858387 -2.44161 -1.31378 -1.83683 -3.05839 5.2786e-12 1.94162e+14 9.85321e-05 0.000585799 8.01088e-23 1.82231e-08 20764.8 0 0 4.10392e-25 0 0 0.000382099 0 0 0 0 0 0 0 0 0 0 
0.129 0.859426 -2.44057 -1.31378 -1.83578 -3.05943 5.07078e-12 1.94105e+14 9.85326e-05 0.000585743 8.01088e-23 1.82161e-08 20769.8 0 0 4.10392e-25 0 0 0.000382099 0 0 0 0 0 0 0 0 0 0 
0.1295 0.860464 -2.43954 -1.31378 -1.83473 -3.06046 4.8711e-12 1.94048e+14 9.85331e-05 0.000585687 8.01088e-23 1.8209e-08 20774.8 0 0 4.10392e-25 0 0 0.000382099 0 0 0 0 0 0 0 0 0 0 
0.13 0.861503 -2.4385 -1.31378 -1.83368 -3.0615 4.67924e-12 1.9399e+14 9.85336e-05 0.000585629 8.01088e-23 1.82017e-08 20779.8 0 0 4.10392e-25 0 0 0.000382099 0 0 0 0 0 0 0 0 0 0 
0.1305 0.862542 -2.43746 -1.31378 -1.83263 -3.06254 4.49489e-12 1.93931e+14 9.85341e-05 0.000585571 8.01088e-23 1.81944e-08 20784.8 0 0 4.10392e-25 0 0 0.000382099 0 0 0 0 0 0 0 0 0 0 
0.131 0.863582 -2.43642 -1.31378 -1.83158 -3.06358 4.31777e-12 1.93871e+14 9.85346e-05 0.000585511 8.01088e-23 1.81869e-08 20789.8 0 0 4.10392e-25 0 0 0.000382099 0 0 0 0 0 0 0 0 0 0 
0.1315 0.864621 -2.43538 -1.31378 -1.83053 -3.06462 4.14758e-12 1.9381e+14 9.85351e-05 0.000585451 8.01088e-23 1.81793e-08 20794.8 0 0 4.10392e-25 0 0 0.000382099 0 0 0 0 0 0 0 0 0 0 
0.132 0.865661 -2.43434 -1.31378 -1.82948 -3.06566 3.98406e-12 1.93748e+14 9.85356e-05 0.000585389 8.01088e-23 1.81716e-08 20799.9 0 0 4.10392e-25 0 0 0.000382099 0 0 0 0 0 0 0 0 0 0 
0.1325 0.866701 -2.4333 -1.31378 -1.82843 -3.0667 3.82695e-12 1.93685e+14 9.85361e-05 0.000585326 8.01088e-23 1.81637e-08 20804.9 0 0 4.10392e-25 0 0 0.000382099 0 0 0 0 0 0 0 0 0 0 
0.133 0.867742 -2.43226 -1.31378 -1.82738 -3.06774 3.676e-12 1.93621e+14 9.85366e-05 0.000585262 8.01088e-23 1.81557e-08 20809.9 0 0 4.10392e-25 0 0 0.000382099 0 0 0 0 0 0 0 0 0 0 
0.1335 0.868782 -2.43122 -1.31378 -1.82632 -3.06878 3.53097e-12 1.93556e+14 9.85372e-05 0.000585197 8.01088e-23 1.81476e-08 20814.9 0 0 4.10392e-25 0 0 0.000382099 0 0 0 0 0 0 0 0 0 0 
0.134 0.869823 -2.43018 -1.31378 -1.82527 -3.06982 3.39163e-12 1.93489e+14 9.85377e-05 0.00058513 8.01088e-23 1.81393e-08 20819.9 0 0 4.10392e-25 0 0 0.000382099 0 0 0 0 0 0 0 0 0 0 
0.1345 0.870864 -2.42914 -1.31378 -1.82422 -3.07086 3.25776e-12 1.93421e+14 9.85382e-05 0.000585062 8.01088e-23 1.81308e-08 20824.9 0 0 4.10392e-25 0 0 0.000382099 0 0 0 0 0 0 0 0 0 0 
0.135 0.871906 -2.42809 -1.31378 -1.82316 -3.07191 3.12914e-12 1.93352e+14 9.85387e-05 0.000584993 8.01088e-23 1.81222e-08 20829.9 0 0 4.10392e-25 0 0 0.000382099 0 0 0 0 0 0 0 0 0 0 
0.1355 0.872947 -2.42705 -1.31378 -1.82211 -3.07295 3.00557e-12 1.93282e+14 9.85392e-05 0.000584922 8.01088e-23 1.81134e-08 20834.9 0 0 4.10392e-25 0 0 0.000382099 0 0 0 0 0 0 0 0 0 0 
0.136 0.873989 -2.42601 -1.31378 -1.82105 -3.07399 2.88685e-12 1.9321e+14 9.85397e-05 0.00058485 8.01088e-23 1.81044e-08 20839.9 0 0 4.10392e-25 0 0 0.000382099 0 0 0 0 0 0 0 0 0 0 
0.1365 0.875031 -2.42497 -1.31378 -1.82 -3.07503 2.7728e-12 1.93136e+14 9.85402e-05 0.000584776 8.01088e-23 1.80952e-08 20844.9 0 0 4.10392e-25 0 0 0.000382099 0 0 0 0 0 0 0 0 0 0 
0.137 0.876074 -2.42393 -1.31378 -1.81894 -3.07607 2.66322e-12 1.93061e+14 9.85407e-05 0.0005847 8.01088e-23 1.80858e-08 20849.9 0 0 4.10392e-25 0 0 0.000382099 0 0 0 0 0 0 0 0 0 0 
0.1375 0.877116 -2.42288 -1.31378 -1.81789 -3.07712 2.55795e-12 1.92984e+14 9.85412e-05 0.000584623 8.01088e-23 1.80762e-08 20854.8 0 0 4.10392e-25 0 0 0.000382099 0 0 0 0 0 0 0 0 0 0 
0.138 0.878159 -2.42184 -1.31378 -1.81683 -3.07816 2.45682e-12 1.92906e+14 9.85417e-05 0.000584544 8.01088e-23 1.80665e-08 20859.8 0 0 4.10392e-25 0 0 0.000382099 0 0 0 0 0 0 0 0 0 0 
0.1385 0.879202 -2.4208 -1.31378 -1.81577 -3.0792 2.35966e-12 1.92826e+14 9.85422e-05 0.000584463 8.01088e-23 1.80564e-08 20864.8 0 0 4.10392e-25 0 0 0.000382099 0 0 0 0 0 0 0 0 0 0 
0.139 0.880246 -2.41975 -1.31378 -1.81471 -3.08025 2.26632e-12 1.92743e+14 9.85428e-05 0.00058438 8.01088e-23 1.80462e-08 20869.8 0 0 4.10392e-25 0 0 0.000382099 0 0 0 0 0 0 0 0 0 0 
0.1395 0.881289 -2.41871 -1.31378 -1.81365 -3.08129 2.17666e-12 1.92659e+14 9.85433e-05 0.000584295 8.01088e-23 1.80357e-08 20874.8 0 0 4.10392e-25 0 0 0.000382099 0 0 0 0 0 0 0 0 0 0 
0.14 0.882333 -2.41767 -1.31378 -1.81259 -3.08233 2.09052e-12 1.92573e+14 9.85438e-05 0.000584208 8.01088e-23 1.8025e-08 20879.8 0 0 4.10392e-25 0 0 0.000382099 0 0 0 0 0 0 0 0 0 0 
0.1405 0.883377 -2.41662 -1.31378 -1.81153 -3.08338 2.00777e-12 1.92485e+14 9.85443e-05 0.000584119 8.01088e-23 1.8014e-08 20884.7 0 0 4.10392e-25 0 0 0.000382099 0 0 0 0 0 0 0 0 0 0 
0.141 0.884422 -2.41558 -1.31378 -1.81047 -3.08442 1.92828e-12 1.92395e+14 9.85448e-05 0.000584027 8.01088e-23 1.80027e-08 20889.7 0 0 4.10392e-25 0 0 0.000382099 0 0 0 0 0 0 0 0 0 0 
0.1415 0.885466 -2.41453 -1.31378 -1.80941 -3.08547 1.85192e-12 1.92302e+14 9.85453e-05 0.000583933 8.01088e-23 1.79911e-08 20894.7 0 0 4.10392e-25 0 0 0.000382099 0 0 0 0 0 0 0 0 0 0 
0.142 0.886511 -2.41349 -1.31378 -1.80835 -3.08651 1.77856e-12 1.92208e+14 9.85458e-05 0.000583837 8.01088e-23 1.79793e-08 20899.7 0 0 4.10392e-25 0 0 0.000382099 0 0 0 0 0 0 0 0 0 0 
0.1425 0.887556 -2.41244 -1.31378 -1.80729 -3.08756 1.7081e-12 1.9211e+14 9.85463e-05 0.000583737 8.01088e-23 1.79671e-08 20904.6 0 0 4.10392e-25 0 0 0.000382099 0 0 0 0 0 0 0 0 0 0 
0.143 0.888601 -2.4114 -1.31378 -1.80622 -3.0886 1.64041e-12 1.9201e+14 9.85468e-05 0.000583636 8.01088e-23 1.79546e-08 20909.6 0 0 4.10392e-25 0 0 0.000382099 0 0 0 0 0 0 0 0 0 0 
0.1435 0.889647 -2.41035 -1.31378 -1.80516 -3.08965 1.57538e-12 1.91907e+14 9.85473e-05 0.000583531 8.01088e-23 1.79418e-08 20914.5 0 0 4.10392e-25 0 0 0.000382099 0 0 0 0 0 0 0 0 0 0 
0.144 0.890693 -2.40931 -1.31378 -1.80409 -3.09069 1.51292e-12 1.91802e+14 9.85478e-05 0.000583423 8.01088e-23 1.79286e-08 20919.5 0 0 4.10392e-25 0 0 0.000382099 0 0 0 0 0 0 0 0 0 0 
0.1445 0.891739 -2.40826 -1.31378 -1.80303 -3.09174 1.45293e-12 1.91694e+14 9.85484e-05 0.000583312 8.01088e-23 1.79151e-08 20924.5 0 0 4.10392e-25 0 0 0.000382099 0 0 0 0 0 0 0 0 0 0 
0.145 0.892785 -2.40721 -1.31378 -1.80196 -3.09279 1.39529e-12 1.91582e+14 9.85489e-05 0.000583198 8.01088e-23 1.79012e-08 20929.4 0 0 4.10392e-25 0 0 0.000382099 0 0 0 0 0 0 0 0 0 0 
0.1455 0.893832 -2.40617 -1.31378 -1.80089 -3.09383 1.33994e-12 1.91468e+14 9.85494e-05 0.000583081 8.01088e-23 1.78869e-08 20934.4 0 0 4.10392e-25 0 0 0.000382099 0 0 0 0 0 0 0 0 0 0 
0.146 0.894879 -2.40512 -1.31378 -1.79982 -3.09488 1.28676e-12 1.9135e+14 9.85499e-05 0.00058296 8.01088e-23 1.78722e-08 20939.3 0 0 4.10392e-25 0 0 0.000382099 0 0 0 0 0 0 0 0 0 0 
0.1465 0.895926 -2.40407 -1.31378 -1.79875 -3.09593 1.23568e-12 1.91228e+14 9.85504e-05 0.000582836 8.01088e-23 1.7857e-08 20944.3 0 0 4.10392e-25 0 0 0.000382099 0 0 0 0 0 0 0 0 0 0 
0.147 0.896973 -2.40303 -1.31378 -1.79768 -3.09697 1.18662e-12 1.91103e+14 9.85509e-05 0.000582707 8.01088e-23 1.78414e-08 20949.2 0 0 4.10392e-25 0 0 0.000382099 0 0 0 0 0 0 0 0 0 0 
0.1475 0.898021 -2.40198 -1.31378 -1.79661 -3.09802 1.1395e-12 1.90975e+14 9.85514e-05 0.000582575 8.01088e-23 1.78254e-08 20954.1 0 0 4.10392e-25 0 0 0.000382099 0 0 0 0 0 0 0 0 0 0 
0.148 0.899069 -2.40093 -1.31378 -1.79554 -3.09907 1.09424e-12 1.90842e+14 9.85519e-05 0.000582438 8.01088e-23 1.78088e-08 20959.1 0 0 4.10392e-25 0 0 0.000382099 0 0 0 0 0 0 0 0 0 0 
0.1485 0.900117 -2.39988 -1.31378 -1.79447 -3.10012 1.05077e-12 1.90706e+14 9.85524e-05 0.000582298 8.01088e-23 1.77918e-08 20964 0 0 4.10392e-25 0 0 0.000382099 0 0 0 0 0 0 0 0 0 0 
0.149 0.901165 -2.39883 -1.31378 -1.79339 -3.10117 1.00901e-12 1.90565e+14 9.85529e-05 0.000582152 8.01088e-23 1.77742e-08 20968.9 0 0 4.10392e-25 0 0 0.000382099 0 0 0 0 0 0 0 0 0 0 
0.1495 0.902214 -2.39779 -1.31378 -1.79232 -3.10221 9.68902e-13 1.9042e+14 9.85534e-05 0.000582002 8.01088e-23 1.77561e-08 20973.9 0 0 4.10392e-25 0 0 0.000382099 0 0 0 0 0 0 0 0 0 0 
0.15 0.903262 -2.39674 -1.31378 -1.79124 -3.10326 9.30381e-13 1.9027e+14 9.85539e-05 0.000581847 8.01088e-23 1.77374e-08 20978.8 0 0 4.10392e-25 0 0 0.000382099 0 0 0 0 0 0 0 0 0 0 
0.1505 0.904311 -2.39569 -1.31378 -1.79016 -3.10431 8.93383e-13 1.90115e+14 9.85545e-05 0.000581687 8.01088e-23 1.77181e-08 20983.7 0 0 4.10392e-25 0 0 0.000382099 0 0 0 0 0 0 0 0 0 0 
0.151 0.905361 -2.39464 -1.31378 -1.78908 -3.10536 8.57848e-13 1.89956e+14 9.8555e-05 0.000581522 8.01088e-23 1.76982e-08 20988.6 0 0 4.10392e-25 0 0 0.000382099 0 0 0 0 0 0 0 0 0 0 
0.1515 0.90641 -2.39359 -1.31378 -1.788 -3.10641 8.23718e-13 1.89791e+14 9.85555e-05 0.000581351 8.01088e-23 1.76776e-08 20993.5 0 0 4.10392e-25 0 0 0.000382099 0 0 0 0 0 0 0 0 0 0 
0.152 0.90746 -2.39254 -1.31378 -1.78692 -3.10746 7.90939e-13 1.89621e+14 9.8556e-05 0.000581175 8.01088e-23 1.76564e-08 20998.4 0 0 4.10392e-25 0 0 0.000382099 0 0 0 0 0 0 0 0 0 0 
0.1525 0.90851 -2.39149 -1.31378 -1.78584 -3.10851 7.59457e-13 1.89445e+14 9.85565e-05 0.000580992 8.01088e-23 1.76345e-08 21003.3 0 0 4.10392e-25 0 0 0.000382099 0 0 0 0 0 0 0 0 0 0 
0.153 0.90956 -2.39044 -1.31378 -1.78476 -3.10956 7.29221e-13 1.89263e+14 9.8557e-05 0.000580803 8.01088e-23 1.76119e-08 21008.2 0 0 4.10392e-25 0 0 0.000382099 0 0 0 0 0 0 0 0 0 0 
0.1535 0.910611 -2.38939 -1.31378 -1.78367 -3.11061 7.00183e-13 1.89075e+14 9.85575e-05 0.000580607 8.01088e-23 1.75884e-08 21013.1 0 0 4.10392e-25 0 0 0.000382099 0 0 0 0 0 0 0 0 0 0 
0.154 0.911662 -2.38834 -1.31378 -1.78258 -3.11166 6.72294e-13 1.88881e+14 9.8558e-05 0.000580405 8.01088e-23 1.75642e-08 21018 0 0 4.10392e-25 0 0 0.000382099 0 0 0 0 0 0 0 0 0 0 
0.1545 0.912713 -2.38729 -1.31378 -1.7815 -3.11271 6.4551e-13 1.8868e+14 9.85585e-05 0.000580195 8.01088e-23 1.75392e-08 21022.9 0 0 4.10392e-25 0 0 0.000382099 0 0 0 0 0 0 0 0 0 0 
0.155 0.913764 -2.38624 -1.31378 -1.78041 -3.11376 6.19787e-13 1.88472e+14 9.8559e-05 0.000579978 8.01088e-23 1.75133e-08 21027.7 0 0 4.10392e-25 0 0 0.000382099 0 0 0 0 0 0 0 0 0 0 
0.1555 0.914816 -2.38518 -1.31378 -1.77931 -3.11482 5.95084e-13 1.88257e+14 9.85595e-05 0.000579753 8.01088e-23 1.74866e-08 21032.6 0 0 4.10392e-25 0 0 0.000382099 0 0 0 0 0 0 0 0 0 0 
0.156 0.915867 -2.38413 -1.31378 -1.77822 -3.11587 5.7136e-13 1.88034e+14 9.856e-05 0.00057952 8.01088e-23 1.74588e-08 21037.5 0 0 4.10392e-25 0 0 0.000382099 0 0 0 0 0 0 0 0 0 0 
0.1565 0.916919 -2.38308 -1.31378 -1.77713 -3.11692 5.48577e-13 1.87804e+14 9.85605e-05 0.000579278 8.01088e-23 1.74302e-08 21042.3 0 0 4.10392e-25 0 0 0.000382099 0 0 0 0 0 0 0 0 0 0 
0.157 0.917972 -2.38203 -1.31378 -1.77603 -3.11797 5.26697e-13 1.87565e+14 9.8561e-05 0.000579028 8.01088e-23 1.74005e-08 21047.2 0 0 4.10392e-25 0 0 0.000382099 0 0 0 0 0 0 0 0 0 0 
0.1575 0.919024 -2.38098 -1.31378 -1.77493 -3.11902 5.05685e-13 1.87317e+14 9.85615e-05 0.000578768 8.01088e-23 1.73697e-08 21052 0 0 4.10392e-25 0 0 0.000382099 0 0 0 0 0 0 0 0 0 0 
0.158 0.920077 -2.37992 -1.31378 -1.77383 -3.12008 4.85507e-13 1.87061e+14 9.8562e-05 0.000578499 8.01088e-23 1.73379e-08 21056.9 0 0 4.10392e-25 0 0 0.000382099 0 0 0 0 0 0 0 0 0 0 
0.1585 0.92113 -2.37887 -1.31378 -1.77273 -3.12113 4.66129e-13 1.86795e+14 9.85625e-05 0.000578219 8.01088e-23 1.73049e-08 21061.7 0 0 4.10392e-25 0 0 0.000382099 0 0 0 0 0 0 0 0 0 0 
0.159 0.922183 -2.37782 -1.31378 -1.77162 -3.12218 4.47521e-13 1.8652e+14 9.8563e-05 0.000577929 8.01088e-23 1.72707e-08 21066.5 0 0 4.10392e-25 0 0 0.000382099 0 0 0 0 0 0 0 0 0 0 
0.1595 0.923236 -2.37676 -1.31378 -1.77051 -3.12324 4.29652e-13 1.86234e+14 9.85635e-05 0.000577628 8.01088e-23 1.72353e-08 21071.3 0 0 4.10392e-25 0 0 0.000382099 0 0 0 0 0 0 0 0 0 0 
0.16 0.92429 -2.37571 -1.31378 -1.7694 -3.12429 4.12492e-13 1.85938e+14 9.8564e-05 0.000577316 8.01088e-23 1.71986e-08 21076.2 0 0 4.10392e-25 0 0 0.000382099 0 0 0 0 0 0 0 0 0 0 
0.1605 0.925344 -2.37466 -1.31378 -1.76829 -3.12534 3.96014e-13 1.85631e+14 9.85645e-05 0.000576991 8.01088e-23 1.71605e-08 21081 0 0 4.10392e-25 0 0 0.000382099 0 0 0 0 0 0 0 0 0 0 
0.161 0.926398 -2.3736 -1.31378 -1.76718 -3.1264 3.80191e-13 1.85313e+14 9.8565e-05 0.000576654 8.01088e-23 1.71211e-08 21085.8 0 0 4.10392e-25 0 0 0.000382099 0 0 0 0 0 0 0 0 0 0 
0.1615 0.927453 -2.37255 -1.31378 -1.76606 -3.12745 3.64996e-13 1.84982e+14 9.85655e-05 0.000576304 8.01088e-23 1.70801e-08 21090.5 0 0 4.10392e-25 0 0 0.000382099 0 0 0 0 0 0 0 0 0 0 
0.162 0.928507 -2.37149 -1.31378 -1.76494 -3.12851 3.50406e-13 1.84639e+14 9.8566e-05 0.00057594 8.01088e-23 1.70377e-08 21095.3 0 0 4.10392e-25 0 0 0.000382099 0 0 0 0 0 0 0 0 0 0 
0.1625 0.929562 -2.37044 -1.31378 -1.76382 -3.12956 3.36395e-13 1.84283e+14 9.85665e-05 0.000575562 8.01088e-23 1.69936e-08 21100.1 0 0 4.10392e-25 0 0 0.000382099 0 0 0 0 0 0 0 0 0 0 
0.163 0.930617 -2.36938 -1.31378 -1.76269 -3.13062 3.22942e-13 1.83913e+14 9.8567e-05 0.000575169 8.01088e-23 1.6948e-08 21104.8 0 0 4.10392e-25 0 0 0.000382099 0 0 0 0 0 0 0 0 0 0 
0.1635 0.931673 -2.36833 -1.31378 -1.76156 -3.13167 3.10024e-13 1.83529e+14 9.85675e-05 0.00057476 8.01088e-23 1.69005e-08 21109.6 0 0 4.10392e-25 0 0 0.000382099 0 0 0 0 0 0 0 0 0 0 
0.164 0.932728 -2.36727 -1.31378 -1.76043 -3.13273 2.9762e-13 1.8313e+14 9.8568e-05 0.000574335 8.01088e-23 1.68513e-08 21114.3 0 0 4.10392e-25 0 0 0.000382099 0 0 0 0 0 0 0 0 0 0 
0.1645 0.933784 -2.36622 -1.31378 -1.75929 -3.13378 2.8571e-13 1.82715e+14 9.85685e-05 0.000573893 8.01088e-23 1.68003e-08 21119.1 0 0 4.10392e-25 0 0 0.000382099 0 0 0 0 0 0 0 0 0 0 
0.165 0.93484 -2.36516 -1.31378 -1.75816 -3.13484 2.74274e-13 1.82285e+14 9.8569e-05 0.000573433 8.01088e-23 1.67472e-08 21123.8 0 0 4.10392e-25 0 0 0.000382099 0 0 0 0 0 0 0 0 0 0 
0.1655 0.935896 -2.3641 -1.31378 -1.75701 -3.1359 2.63293e-13 1.81837e+14 9.85695e-05 0.000572954 8.01088e-23 1.66922e-08 21128.5 0 0 4.10392e-25 0 0 0.000382099 0 0 0 0 0 0 0 0 0 0 
0.166 0.936953 -2.36305 -1.31378 -1.75587 -3.13695 2.5275e-13 1.81372e+14 9.857e-05 0.000572456 8.01088e-23 1.6635e-08 21133.2 0 0 4.10392e-25 0 0 0.000382099 0 0 0 0 0 0 0 0 0 0 
0.1665 0.93801 -2.36199 -1.31378 -1.75472 -3.13801 2.42626e-13 1.80889e+14 9.85704e-05 0.000571937 8.01088e-23 1.65756e-08 21137.9 0 0 4.10392e-25 0 0 0.000382099 0 0 0 0 0 0 0 0 0 0 
0.167 0.939067 -2.36093 -1.31378 -1.75356 -3.13907 2.32906e-13 1.80386e+14 9.85709e-05 0.000571397 8.01088e-23 1.6514e-08 21142.5 0 0 4.10392e-25 0 0 0.000382099 0 0 0 0 0 0 0 0 0 0 
0.1675 0.940124 -2.35988 -1.31378 -1.7524 -3.14012 2.23573e-13 1.79863e+14 9.85714e-05 0.000570834 8.01088e-23 1.64499e-08 21147.2 0 0 4.10392e-25 0 0 0.000382099 0 0 0 0 0 0 0 0 0 0 
0.168 0.941181 -2.35882 -1.31378 -1.75124 -3.14118 2.14613e-13 1.7932e+14 9.85719e-05 0.000570248 8.01088e-23 1.63833e-08 21151.8 0 0 4.10392e-25 0 0 0.000382099 0 0 0 0 0 0 0 0 0 0 
0.1685 0.942239 -2.35776 -1.31378 -1.75007 -3.14224 2.06009e-13 1.78754e+14 9.85724e-05 0.000569637 8.01088e-23 1.63142e-08 21156.5 0 0 4.10392e-25 0 0 0.000382099 0 0 0 0 0 0 0 0 0 0 
0.169 0.943297 -2.3567 -1.31378 -1.7489 -3.1433 1.97749e-13 1.78166e+14 9.85729e-05 0.000569001 8.01088e-23 1.62423e-08 21161.1 0 0 4.10392e-25 0 0 0.000382099 0 0 0 0 0 0 0 0 0 0 
0.1695 0.944355 -2.35564 -1.31378 -1.74772 -3.14436 1.89818e-13 1.77554e+14 9.85734e-05 0.000568338 8.01088e-23 1.61676e-08 21165.7 0 0 4.10392e-25 0 0 0.000382099 0 0 0 0 0 0 0 0 0 0 
0.17 0.945414 -2.35459 -1.31378 -1.74653 -3.14541 1.82204e-13 1.76917e+14 9.85738e-05 0.000567646 8.01088e-23 1.609e-08 21170.2 0 0 4.10392e-25 0 0 0.000382099 0 0 0 0 0 0 0 0 0 0 
0.1705 0.946472 -2.35353 -1.31378 -1.74534 -3.14647 1.74894e-13 1.76253e+14 9.85743e-05 0.000566925 8.01088e-23 1.60093e-08 21174.8 0 0 4.10392e-25 0 0 0.000382099 0 0 0 0 0 0 0 0 0 0 
0.171 0.947531 -2.35247 -1.31378 -1.74415 -3.14753 1.67875e-13 1.75563e+14 9.85748e-05 0.000566173 8.01088e-23 1.59255e-08 21179.4 0 0 4.10392e-25 0 0 0.000382099 0 0 0 0 0 0 0 0 0 0 
0.1715 0.94859 -2.35141 -1.31378 -1.74294 -3.14859 1.61137e-13 1.74844e+14 9.85753e-05 0.000565388 8.01088e-23 1.58383e-08 21183.9 0 0 4.10392e-25 0 0 0.000382099 0 0 0 0 0 0 0 0 0 0 
0.172 0.94965 -2.35035 -1.31378 -1.74173 -3.14965 1.54668e-13 1.74096e+14 9.85757e-05 0.000564568 8.01088e-23 1.57476e-08 21188.4 0 0 4.10392e-25 0 0 0.000382099 0 0 0 0 0 0 0 0 0 0 
0.1725 0.950709 -2.34929 -1.31378 -1.74052 -3.15071 1.48457e-13 1.73316e+14 9.85762e-05 0.000563713 8.01088e-23 1.56534e-08 21192.9 0 0 4.10392e-25 0 0 0.000382099 0 0 0 0 0 0 0 0 0 0 
0.173 0.951769 -2.34823 -1.31378 -1.73929 -3.15177 1.42494e-13 1.72504e+14 9.85767e-05 0.000562821 8.01088e-23 1.55554e-08 21197.4 0 0 4.10392e-25 0 0 0.000382099 0 0 0 0 0 0 0 0 0 0 
0.1735 0.952829 -2.34717 -1.31378 -1.73806 -3.15283 1.3677e-13 1.71658e+14 9.85771e-05 0.000561888 8.01088e-23 1.54534e-08 21201.8 0 0 4.10392e-25 0 0 0.000382099 0 0 0 0 0 0 0 0 0 0 
0.174 0.953889 -2.34611 -1.31378 -1.73682 -3.15389 1.31274e-13 1.70776e+14 9.85776e-05 0.000560914 8.01088e-23 1.53474e-08 21206.2 0 0 4.10392e-25 0 0 0.000382099 0 0 0 0 0 0 0 0 0 0 
0.1745 0.954949 -2.34505 -1.31378 -1.73557 -3.15495 1.25999e-13 1.69857e+14 9.85781e-05 0.000559897 8.01088e-23 1.52371e-08 21210.6 0 0 4.10392e-25 0 0 0.000382099 0 0 0 0 0 0 0 0 0 0 
0.175 0.95601 -2.34399 -1.31378 -1.73431 -3.15601 1.20934e-13 1.689e+14 9.85785e-05 0.000558833 8.01088e-23 1.51224e-08 21215 0 0 4.10392e-25 0 0 0.000382099 0 0 0 0 0 0 0 0 0 0 
0.1755 0.957071 -2.34293 -1.31378 -1.73304 -3.15707 1.16072e-13 1.67901e+14 9.8579e-05 0.000557721 8.01088e-23 1.50031e-08 21219.4 0 0 4.10392e-25 0 0 0.000382099 0 0 0 0 0 0 0 0 0 0 
0.176 0.958132 -2.34187 -1.31378 -1.73176 -3.15813 1.11404e-13 1.6686e+14 9.85794e-05 0.000556558 8.01088e-23 1.4879e-08 21223.7 0 0 4.10392e-25 0 0 0.000382099 0 0 0 0 0 0 0 0 0 0 
0.1765 0.959193 -2.34081 -1.31378 -1.73047 -3.15919 1.06923e-13 1.65774e+14 9.85799e-05 0.000555341 8.01088e-23 1.47498e-08 21228 0 0 4.10392e-25 0 0 0.000382099 0 0 0 0 0 0 0 0 0 0 
0.177 0.960255 -2.33975 -1.31378 -1.72917 -3.16025 1.02622e-13 1.64641e+14 9.85803e-05 0.000554067 8.01088e-23 1.46154e-08 21232.3 0 0 4.10392e-25 0 0 0.000382099 0 0 0 0 0 0 0 0 0 0 
0.1775 0.961316 -2.33868 -1.31378 -1.72786 -3.16132 9.84927e-14 1.63459e+14 9.85808e-05 0.000552734 8.01088e-23 1.44756e-08 21236.5 0 0 4.10392e-25 0 0 0.000382099 0 0 0 0 0 0 0 0 0 0 
0.178 0.962378 -2.33762 -1.31378 -1.72653 -3.16238 9.45289e-14 1.62226e+14 9.85812e-05 0.000551338 8.01088e-23 1.43301e-08 21240.7 0 0 4.10392e-25 0 0 0.000382099 0 0 0 0 0 0 0 0 0 0 
0.1785 0.963441 -2.33656 -1.31378 -1.72519 -3.16344 9.07239e-14 1.60939e+14 9.85817e-05 0.000549875 8.01088e-23 1.41787e-08 21244.9 0 0 4.10392e-25 0 0 0.000382099 0 0 0 0 0 0 0 0 0 0 
0.179 0.964503 -2.3355 -1.31378 -1.72384 -3.1645 8.70713e-14 1.59596e+14 9.85821e-05 0.000548342 8.01088e-23 1.40211e-08 21249 0 0 4.10392e-25 0 0 0.000382099 0 0 0 0 0 0 0 0 0 0 
0.1795 0.965565 -2.33443 -1.31378 -1.72247 -3.16557 8.35651e-14 1.58193e+14 9.85825e-05 0.000546735 8.01088e-23 1.38571e-08 21253.1 0 0 4.10392e-25 0 0 0.000382099 0 0 0 0 0 0 0 0 0 0 
0.18 0.966628 -2.33337 -1.31378 -1.72108 -3.16663 8.01995e-14 1.56727e+14 9.85829e-05 0.000545049 8.01088e-23 1.36865e-08 21257.2 0 0 4.10392e-25 0 0 0.000382099 0 0 0 0 0 0 0 0 0 0 
0.1805 0.967691 -2.33231 -1.31378 -1.71968 -3.16769 7.69688e-14 1.55197e+14 9.85834e-05 0.00054328 8.01088e-23 1.35088e-08 21261.2 0 0 4.10392e-25 0 0 0.000382099 0 0 0 0 0 0 0 0 0 0 
0.181 0.968754 -2.33125 -1.31378 -1.71825 -3.16875 7.38677e-14 1.53598e+14 9.85838e-05 0.000541422 8.01088e-23 1.33239e-08 21265.2 0 0 4.10392e-25 0 0 0.000382099 0 0 0 0 0 0 0 0 0 0 
0.1815 0.969818 -2.33018 -1.31378 -1.71681 -3.16982 7.0891e-14 1.51926e+14 9.85842e-05 0.00053947 8.01088e-23 1.31314e-08 21269.2 0 0 4.10392e-25 0 0 0.000382099 0 0 0 0 0 0 0 0 0 0 
0.182 0.970881 -2.32912 -1.31378 -1.71534 -3.17088 6.80337e-14 1.50179e+14 9.85846e-05 0.000537419 8.01088e-23 1.2931e-08 21273.1 0 0 4.10392e-25 0 0 0.000382099 0 0 0 0 0 0 0 0 0 0 
0.1825 0.971945 -2.32805 -1.31378 -1.71385 -3.17195 6.52911e-14 1.48351e+14 9.8585e-05 0.000535261 8.01088e-23 1.27224e-08 21276.9 0 0 4.10392e-25 0 0 0.000382099 0 0 0 0 0 0 0 0 0 0 
0.183 0.973009 -2.32699 -1.31378 -1.71234 -3.17301 6.26586e-14 1.4644e+14 9.85854e-05 0.00053299 8.01088e-23 1.25052e-08 21280.8 0 0 4.10392e-25 0 0 0.000382099 0 0 0 0 0 0 0 0 0 0 
0.1835 0.974073 -2.32593 -1.31378 -1.7108 -3.17407 6.01318e-14 1.4444e+14 9.85858e-05 0.000530599 8.01088e-23 1.2279e-08 21284.5 0 0 4.10392e-25 0 0 0.000382099 0 0 0 0 0 0 0 0 0 0 
0.184 0.975137 -2.32486 -1.31378 -1.70922 -3.17514 5.77065e-14 1.42347e+14 9.85862e-05 0.000528079 8.01088e-23 1.20436e-08 21288.2 0 0 4.10392e-25 0 0 0.000382099 0 0 0 0 0 0 0 0 0 0 
0.1845 0.976202 -2.3238 -1.31378 -1.70762 -3.1762 5.53786e-14 1.40155e+14 9.85866e-05 0.000525421 8.01088e-23 1.17985e-08 21291.9 0 0 4.10392e-25 0 0 0.000382099 0 0 0 0 0 0 0 0 0 0 
0.185 0.977267 -2.32273 -1.31378 -1.70598 -3.17727 5.31442e-14 1.37859e+14 9.8587e-05 0.000522615 8.01088e-23 1.15432e-08 21295.5 0 0 4.10392e-25 0 0 0.000382099 0 0 0 0 0 0 0 0 0 0 
0.1855 0.978331 -2.32167 -1.31378 -1.70431 -3.17833 5.09997e-14 1.35453e+14 9.85873e-05 0.00051965 8.01088e-23 1.12774e-08 21299 0 0 4.10392e-25 0 0 0.000382099 0 0 0 0 0 0 0 0 0 0 
0.186 0.979397 -2.3206 -1.31378 -1.70259 -3.1794 4.89413e-14 1.32931e+14 9.85877e-05 0.000516514 8.01088e-23 1.10007e-08 21302.5 0 0 4.10392e-25 0 0 0.000382099 0 0 0 0 0 0 0 0 0 0 
0.1865 0.980462 -2.31954 -1.31378 -1.70084 -3.18046 4.69657e-14 1.30286e+14 9.85881e-05 0.000513194 8.01088e-23 1.07124e-08 21305.9 0 0 4.10392e-25 0 0 0.000382099 0 0 0 0 0 0 0 0 0 0 
0.187 0.981527 -2.31847 -1.31378 -1.69903 -3.18153 4.50696e-14 1.2751e+14 9.85884e-05 0.000509674 8.01088e-23 1.04123e-08 21309.2 0 0 4.10392e-25 0 0 0.000382099 0 0 0 0 0 0 0 0 0 0 
0.1875 0.982593 -2.31741 -1.31378 -1.69716 -3.18259 4.32497e-14 1.24595e+14 9.85888e-05 0.000505938 8.01088e-23 1.00997e-08 21312.5 0 0 4.10392e-25 0 0 0.000382099 0 0 0 0 0 0 0 0 0 0 
0.188 0.983658 -2.31634 -1.31378 -1.69524 -3.18366 4.15031e-14 1.21533e+14 9.85891e-05 0.000501966 8.01088e-23 9.77413e-09 21315.6 0 0 4.10392e-25 0 0 0.000382099 0 0 0 0 0 0 0 0 0 0 
0.1885 0.984724 -2.31528 -1.31378 -1.69325 -3.18472 3.98268e-14 1.18313e+14 9.85894e-05 0.000497737 8.01088e-23 9.43506e-09 21318.7 0 0 4.10392e-25 0 0 0.000382099 0 0 0 0 0 0 0 0 0 0 
0.189 0.98579 -2.31421 -1.31378 -1.69119 -3.18579 3.82179e-14 1.14926e+14 9.85897e-05 0.000493226 8.01088e-23 9.0819e-09 21321.8 0 0 4.10392e-25 0 0 0.000382099 0 0 0 0 0 0 0 0 0 0 
0.1895 0.986856 -2.31314 -1.31378 -1.68904 -3.18686 3.66738e-14 1.1136e+14 9.859e-05 0.000488405 8.01088e-23 8.71406e-09 21324.7 0 0 4.10392e-25 0 0 0.000382099 0 0 0 0 0 0 0 0 0 0 
0.19 0.987923 -2.31208 -1.31378 -1.6868 -3.18792 3.51919e-14 1.07602e+14 9.85903e-05 0.000483241 8.01088e-23 8.33092e-09 21327.5 0 0 4.10392e-25 0 0 0.000382099 0 0 0 0 0 0 0 0 0 0 
0.1905 0.988989 -2.31101 -1.31378 -1.68445 -3.18899 3.37698e-14 1.03637e+14 9.85906e-05 0.000477693 8.01088e-23 7.93182e-09 21330.2 0 0 4.10392e-25 0 0 0.000382099 0 0 0 0 0 0 0 0 0 0 
0.191 0.990056 -2.30994 -1.31378 -1.68198 -3.19006 3.24049e-14 9.94486e+13 9.85909e-05 0.000471718 8.01088e-23 7.51608e-09 21332.9 0 0 4.10392e-25 0 0 0.000382099 0 0 0 0 0 0 0 0 0 0 
0.1915 0.991122 -2.30888 -1.31378 -1.67936 -3.19112 3.1095e-14 9.50195e+13 9.85912e-05 0.000465259 8.01088e-23 7.08301e-09 21335.4 0 0 4.10392e-25 0 0 0.000382099 0 0 0 0 0 0 0 0 0 0 
0.192 0.992189 -2.30781 -1.31378 -1.67657 -3.19219 2.98379e-14 9.03281e+13 9.85914e-05 0.00045825 8.01088e-23 6.63187e-09 21337.8 0 0 4.10392e-25 0 0 0.000382099 0 0 0 0 0 0 0 0 0 0 
0.1925 0.993256 -2.30674 -1.31378 -1.67359 -3.19326 2.86316e-14 8.53503e+13 9.85917e-05 0.000450607 8.01088e-23 6.16188e-09 21340.1 0 0 4.10392e-25 0 0 0.000382099 0 0 0 0 0 0 0 0 0 0 
0.193 0.994323 -2.30568 -1.31378 -1.67036 -3.19432 2.74738e-14 8.00573e+13 9.85919e-05 0.000442226 8.01088e-23 5.67225e-09 21342.2 0 0 4.10392e-25 0 0 0.000382099 0 0 0 0 0 0 0 0 0 0 
0.1935 0.99539 -2.30461 -1.31378 -1.66683 -3.19539 2.63628e-14 7.44151e+13 9.85921e-05 0.000432972 8.01088e-23 5.16215e-09 21344.2 0 0 4.10392e-25 0 0 0.000382099 0 0 0 0 0 0 0 0 0 0 
0.194 0.996458 -2.30354 -1.31378 -1.66293 -3.19646 2.52966e-14 6.83823e+13 9.85923e-05 0.000422664 8.01088e-23 4.63073e-09 21346 0 0 4.10392e-25 0 0 0.000382099 0 0 0 0 0 0 0 0 0 0 
0.1945 0.997525 -2.30247 -1.31378 -1.65854 -3.19753 2.42735e-14 6.19071e+13 9.85924e-05 0.000411055 8.01088e-23 4.0771e-09 21347.7 0 0 4.10392e-25 0 0 0.000382099 0 0 0 0 0 0 0 0 0 0 
0.195 0.998592 -2.30141 -1.31378 -1.6535 -3.19859 2.32917e-14 5.4923e+13 9.85926e-05 0.000397789 8.01088e-23 3.5004e-09 21349.2 0 0 4.10392e-25 0 0 0.000382099 0 0 0 0 0 0 0 0 0 0 
0.1955 0.99966 -2.30034 -1.31378 -1.64753 -3.19966 2.23495e-14 4.73408e+13 9.85927e-05 0.000382318 8.01088e-23 2.89982e-09 21350.5 0 0 4.10392e-25 0 0 0.000382099 0 0 0 0 0 0 0 0 0 0 
0.196 1.00073 -2.29927 -1.31378 -1.64014 -3.20073 2.14454e-14 3.90351e+13 9.85929e-05 0.000363733 8.01088e-23 2.27482e-09 21351.7 0 0 4.10392e-25 0 0 0.000382099 0 0 0 0 0 0 0 0 0 0 
0.1965 1.0018 -2.2982 -1.31378 -1.63035 -3.2018 2.05778e-14 2.98174e+13 9.85929e-05 0.00034032 8.01088e-23 1.6258e-09 21352.6 0 0 4.10392e-25 0 0 0.000382099 0 0 0 0 0 0 0 0 0 0 
0.197 1.00286 -2.29714 -1.31378 -1.61556 -3.20286 1.97453e-14 1.93946e+13 9.8593e-05 0.000308157 8.01088e-23 9.57552e-10 21353.2 0 0 4.10392e-25 0 0 0.000382099 0 0 0 0 0 0 0 0 0 0 
0.1975 1.00393 -2.29607 -1.31378 -1.58541 -3.20393 1.89464e-14 7.59231e+12 9.8593e-05 0.000254894 8.01088e-23 3.10059e-10 21353.5 0 0 4.10392e-25 0 0 0.000382099 0 0 0 0 0 0 0 0 0 0 
0.198 1.005 -2.295 -1.31378 -1.4632 -3.205 1.81799e-14 1.07778e+11 9.8593e-05 0.000149412 8.01088e-23 2.58003e-12 21353.6 0 0 4.10392e-25 0 0 0.000382099 0 0 0 0 0 0 0 0 0 0 
0.198 1.005 -2.295 -1.31378 -1.4632 -3.205 1.81799e-14 1.07778e+11 0.0118781 0.0180006 8.01088e-23 3.10832e-10 1.18558e+06 0 0 4.10392e-25 0 0 0.000382099 0 0 0 0 0 1.10016e+20 0 0 0 0 
0.198409 1.05353 -2.24647 -1.31378 -1.39196 -3.25353 2.78133e-15 4.73126e+10 0.0118781 0.0169281 8.01088e-23 1.28321e-10 2.33566e+06 0 0 4.10392e-25 0 0 0.000382099 0 0 0 0 0 1.08679e+20 0 0 0 0 
0.198752 1.16642 -2.13358 -1.31378 -1.26752 -3.36642 3.53108e-17 3.10551e+10 0.011878 0.0164638 8.01088e-23 8.19167e-11 4.25315e+06 0 0 4.10392e-25 0 0 0.000382099 0 0 0 0 0 1.07999e+20 0 0 0 0 
0.199038 1.31106 -1.98894 -1.31378 -1.11583 -3.51106 1.31241e-19 2.39987e+10 0.011878 0.0162034 8.01088e-23 6.23025e-11 5.84854e+06 0 0 4.10392e-25 0 0 0.000382099 0 0 0 0 0 1.07583e+20 0 0 0 0 
0.199277 1.46701 -1.83299 -1.31378 -0.9549 -3.66701 3.14884e-22 2.00073e+10 0.011878 0.0160297 8.01088e-23 5.13835e-11 7.17831e+06 0 0 4.10392e-25 0 0 0.000382099 0 0 0 0 0 1.0729e+20 0 0 0 0 
0.199478 1.62184 -1.67816 -1.31378 -0.796907 -3.82184 7.89201e-25 1.78161e+10 0.011878 0.015923 8.01088e-23 4.54515e-11 8.28784e+06 0 0 4.10392e-25 0 0 0.000382099 0 0 0 0 0 1.07104e+20 0 0 0 0 
0.199645 1.76835 -1.53165 -1.31378 -0.647041 -3.96835 2.72817e-27 1.57556e+10 0.011878 0.0158133 8.01088e-23 3.99181e-11 9.21403e+06 0 0 4.1039e-25 0 0 0.000382099 0 0 0 0 0 1.06906e+20 0 0 0 0 
0.199785 1.90277 -1.39723 -1.31378 -0.512371 -4.10277 1.50584e-29 1.56097e+10 0.011878 0.0158052 8.01088e-23 3.95281e-11 9.98779e+06 0 0 4.1039e-25 0 0 0.000382099 0 0 0 0 0 1.06891e+20 0 0 0 0 
0.199902 2.02349 -1.27651 -1.31378 -0.385243 -4.22349 1.41166e-31 1.23393e+10 0.011878 0.015605 8.01088e-23 3.08505e-11 1.06337e+07 0 0 4.10391e-25 0 0 0.0003821 0 0 0 0 0 1.06514e+20 0 0 0 0 
0.2 2.13024 -1.16976 -1.31378 -0.289558 -4.33024 2.27203e-33 1.85169e+10 0.011878 0.0159582 8.01088e-23 4.73437e-11 1.09032e+07 0 0 4.10391e-25 0 0 0.0003821 0 0 0 0 0 1.07166e+20 0 0 0 0 