# ASCII 1D datafile generated by TiberCAD
# x Ec Ev eQFermi hQFermi ElPotential eDensity hDensity eMobility hMobility eConductivity hConductivity ElField_x ElField_y ElField_z eCurrentDensity_x eCurrentDensity_y eCurrentDensity_z hCurrentDensity_x hCurrentDensity_y hCurrentDensity_z IonizedDonors IonizedAcceptors IonizedElectronTraps IonizedHoleTraps eNetRecombination eLangevinRecombination hNetRecombination hLangevinRecombination 
0 -2.425 -5.725 -4.36462 -5.11638 0.225 4.25732e-08 1.74075e+14 0.000190773 0.00109245 8.01088e-23 3.04684e-08 168049 0 0 7.89738e-25 0 0 0.00512113 0 0 0 0 0 0 0 0 0 0 
9.79066e-05 -2.42335 -5.72335 -4.36462 -5.11473 0.223355 3.99483e-08 1.74074e+14 0.000190773 0.00109245 8.01088e-23 3.04681e-08 168050 0 0 7.89734e-25 0 0 0.00512113 0 0 0 0 0 0 0 0 0 0 
0.000214985 -2.42139 -5.72139 -4.36462 -5.11276 0.221387 3.7021e-08 1.74072e+14 0.000190775 0.00109246 8.01088e-23 3.04679e-08 168051 0 0 7.89734e-25 0 0 0.00512113 0 0 0 0 0 0 0 0 0 0 
0.000354988 -2.41903 -5.71903 -4.36462 -5.11041 0.219034 3.38007e-08 1.7407e+14 0.000190776 0.00109246 8.01088e-23 3.04677e-08 168052 0 0 7.89734e-25 0 0 0.00512113 0 0 0 0 0 0 0 0 0 0 
0.000522406 -2.41622 -5.71622 -4.36462 -5.1076 0.216221 3.03154e-08 1.74067e+14 0.000190778 0.00109247 8.01088e-23 3.04674e-08 168054 0 0 7.8973e-25 0 0 0.00512113 0 0 0 0 0 0 0 0 0 0 
0.000722606 -2.41286 -5.71286 -4.36462 -5.10423 0.212856 2.66162e-08 1.74064e+14 0.00019078 0.00109248 8.01088e-23 3.04671e-08 168055 0 0 7.89732e-25 0 0 0.00512113 0 0 0 0 0 0 0 0 0 0 
0.000962009 -2.40883 -5.70883 -4.36462 -5.10021 0.208833 2.27804e-08 1.7406e+14 0.000190783 0.00109249 8.01088e-23 3.04667e-08 168058 0 0 7.89733e-25 0 0 0.00512113 0 0 0 0 0 0 0 0 0 0 
0.00124829 -2.40402 -5.70402 -4.36462 -5.0954 0.204022 1.89122e-08 1.74055e+14 0.000190786 0.0010925 8.01088e-23 3.04663e-08 168060 0 0 7.89733e-25 0 0 0.00512113 0 0 0 0 0 0 0 0 0 0 
0.00159063 -2.39827 -5.69827 -4.36462 -5.08964 0.198269 1.51389e-08 1.7405e+14 0.000190789 0.00109251 8.01088e-23 3.04657e-08 168063 0 0 7.89735e-25 0 0 0.00512113 0 0 0 0 0 0 0 0 0 0 
0.002 -2.39139 -5.69139 -4.36462 -5.08276 0.191388 1.16016e-08 1.74044e+14 0.000190791 0.00109251 8.01088e-23 3.04646e-08 168065 0 0 7.89735e-25 0 0 0.00512113 0 0 0 0 0 0 0 0 0 0 
0.002 -2.39139 -5.69139 -4.36462 -5.08276 0.191388 1.16016e-08 1.74044e+14 0.000190797 0.00109255 8.01088e-23 3.04655e-08 168069 0 0 7.89736e-25 0 0 0.00512113 0 0 0 0 0 0 0 0 0 0 
0.0025 -2.38298 -5.68298 -4.36462 -5.07436 0.182985 8.38214e-09 1.74036e+14 0.000190799 0.00109255 8.01088e-23 3.04642e-08 168071 0 0 7.89736e-25 0 0 0.00512113 0 0 0 0 0 0 0 0 0 0 
0.003 -2.37458 -5.67458 -4.36462 -5.06595 0.174581 6.056e-09 1.74028e+14 0.000190804 0.00109257 8.01088e-23 3.04634e-08 168076 0 0 7.89736e-25 0 0 0.00512113 0 0 0 0 0 0 0 0 0 0 
0.0035 -2.36618 -5.66618 -4.36462 -5.05754 0.166177 4.37535e-09 1.7402e+14 0.00019081 0.00109259 8.01088e-23 3.04626e-08 168080 0 0 7.89736e-25 0 0 0.00512113 0 0 0 0 0 0 0 0 0 0 
0.004 -2.35777 -5.65777 -4.36462 -5.04914 0.157773 3.16108e-09 1.74012e+14 0.000190815 0.00109261 8.01088e-23 3.04618e-08 168085 0 0 7.89736e-25 0 0 0.00512113 0 0 0 0 0 0 0 0 0 0 
0.0045 -2.34937 -5.64937 -4.36462 -5.04073 0.149369 2.28378e-09 1.74004e+14 0.000190821 0.00109263 8.01088e-23 3.04609e-08 168089 0 0 7.89737e-25 0 0 0.00512113 0 0 0 0 0 0 0 0 0 0 
0.005 -2.34096 -5.64096 -4.36462 -5.03233 0.140964 1.64994e-09 1.73997e+14 0.000190827 0.00109265 8.01088e-23 3.04601e-08 168094 0 0 7.89737e-25 0 0 0.00512113 0 0 0 0 0 0 0 0 0 0 
0.0055 -2.33256 -5.63256 -4.36462 -5.02392 0.132559 1.19201e-09 1.73989e+14 0.000190832 0.00109267 8.01088e-23 3.04593e-08 168098 0 0 7.89736e-25 0 0 0.00512113 0 0 0 0 0 0 0 0 0 0 
0.006 -2.32415 -5.62415 -4.36462 -5.01551 0.124154 8.61165e-10 1.73981e+14 0.000190838 0.00109269 8.01088e-23 3.04585e-08 168103 0 0 7.89736e-25 0 0 0.00512113 0 0 0 0 0 0 0 0 0 0 
0.0065 -2.31575 -5.61575 -4.36462 -5.00711 0.115749 6.22141e-10 1.73973e+14 0.000190844 0.00109271 8.01088e-23 3.04577e-08 168107 0 0 7.89736e-25 0 0 0.00512113 0 0 0 0 0 0 0 0 0 0 
0.007 -2.30734 -5.60734 -4.36462 -4.9987 0.107344 4.49456e-10 1.73965e+14 0.00019085 0.00109273 8.01088e-23 3.04569e-08 168112 0 0 7.89736e-25 0 0 0.00512113 0 0 0 0 0 0 0 0 0 0 
0.0075 -2.29894 -5.59894 -4.36462 -4.99029 0.098938 3.247e-10 1.73957e+14 0.000190856 0.00109275 8.01088e-23 3.04561e-08 168116 0 0 7.89736e-25 0 0 0.00512113 0 0 0 0 0 0 0 0 0 0 
0.008 -2.29053 -5.59053 -4.36462 -4.98189 0.090532 2.3457e-10 1.73949e+14 0.000190862 0.00109277 8.01088e-23 3.04552e-08 168121 0 0 7.89736e-25 0 0 0.00512113 0 0 0 0 0 0 0 0 0 0 
0.0085 -2.28213 -5.58213 -4.36462 -4.97348 0.0821259 1.69457e-10 1.73942e+14 0.000190868 0.00109279 8.01088e-23 3.04544e-08 168125 0 0 7.89736e-25 0 0 0.00512113 0 0 0 0 0 0 0 0 0 0 
0.009 -2.27372 -5.57372 -4.36462 -4.96507 0.0737195 1.22417e-10 1.73934e+14 0.000190874 0.00109281 8.01088e-23 3.04536e-08 168130 0 0 7.89736e-25 0 0 0.00512113 0 0 0 0 0 0 0 0 0 0 
0.0095 -2.26531 -5.56531 -4.36462 -4.95666 0.0653129 8.84341e-11 1.73926e+14 0.00019088 0.00109283 8.01088e-23 3.04528e-08 168134 0 0 7.89736e-25 0 0 0.00512113 0 0 0 0 0 0 0 0 0 0 
0.01 -2.25691 -5.55691 -4.36462 -4.94825 0.0569061 6.38844e-11 1.73918e+14 0.000190886 0.00109285 8.01088e-23 3.0452e-08 168139 0 0 7.89736e-25 0 0 0.00512113 0 0 0 0 0 0 0 0 0 0 
0.0105 -2.2485 -5.5485 -4.36462 -4.93984 0.048499 4.61493e-11 1.7391e+14 0.000190892 0.00109287 8.01088e-23 3.04512e-08 168143 0 0 7.89736e-25 0 0 0.00512113 0 0 0 0 0 0 0 0 0 0 
0.011 -2.24009 -5.54009 -4.36462 -4.93144 0.0400917 3.33374e-11 1.73902e+14 0.000190898 0.00109289 8.01088e-23 3.04504e-08 168148 0 0 7.89736e-25 0 0 0.00512113 0 0 0 0 0 0 0 0 0 0 
0.0115 -2.23168 -5.53168 -4.36462 -4.92303 0.0316842 2.40821e-11 1.73895e+14 0.000190904 0.00109291 8.01088e-23 3.04495e-08 168152 0 0 7.89736e-25 0 0 0.00512113 0 0 0 0 0 0 0 0 0 0 
0.012 -2.22328 -5.52328 -4.36462 -4.91462 0.0232765 1.73962e-11 1.73887e+14 0.00019091 0.00109293 8.01088e-23 3.04487e-08 168157 0 0 7.89736e-25 0 0 0.00512113 0 0 0 0 0 0 0 0 0 0 
0.0125 -2.21487 -5.51487 -4.36462 -4.90621 0.0148685 1.25663e-11 1.73879e+14 0.000190916 0.00109295 8.01088e-23 3.04479e-08 168161 0 0 7.89737e-25 0 0 0.00512113 0 0 0 0 0 0 0 0 0 0 
0.013 -2.20646 -5.50646 -4.36462 -4.8978 0.00646033 9.07736e-12 1.73871e+14 0.000190922 0.00109297 8.01088e-23 3.04471e-08 168166 0 0 7.89737e-25 0 0 0.00512113 0 0 0 0 0 0 0 0 0 0 
0.0135 -2.19805 -5.49805 -4.36462 -4.88939 -0.00194807 6.55703e-12 1.73863e+14 0.000190929 0.00109299 8.01088e-23 3.04463e-08 168170 0 0 7.89736e-25 0 0 0.00512113 0 0 0 0 0 0 0 0 0 0 
0.014 -2.18964 -5.48964 -4.36462 -4.88098 -0.0103567 4.73642e-12 1.73855e+14 0.000190935 0.00109301 8.01088e-23 3.04455e-08 168175 0 0 7.89736e-25 0 0 0.00512113 0 0 0 0 0 0 0 0 0 0 
0.0145 -2.18123 -5.48123 -4.36462 -4.87257 -0.0187656 3.42129e-12 1.73848e+14 0.000190941 0.00109303 8.01088e-23 3.04447e-08 168179 0 0 7.89736e-25 0 0 0.00512113 0 0 0 0 0 0 0 0 0 0 
0.015 -2.17283 -5.47283 -4.36462 -4.86416 -0.0271746 2.4713e-12 1.7384e+14 0.000190947 0.00109305 8.01088e-23 3.04439e-08 168184 0 0 7.89736e-25 0 0 0.00512113 0 0 0 0 0 0 0 0 0 0 
0.0155 -2.16442 -5.46442 -4.36462 -4.85575 -0.0355839 1.78508e-12 1.73832e+14 0.000190953 0.00109307 8.01088e-23 3.0443e-08 168188 0 0 7.89736e-25 0 0 0.00512113 0 0 0 0 0 0 0 0 0 0 
0.016 -2.15601 -5.45601 -4.36462 -4.84733 -0.0439935 1.28939e-12 1.73824e+14 0.00019096 0.00109309 8.01088e-23 3.04422e-08 168193 0 0 7.89736e-25 0 0 0.00512113 0 0 0 0 0 0 0 0 0 0 
0.0165 -2.1476 -5.4476 -4.36462 -4.83892 -0.0524032 9.31341e-13 1.73816e+14 0.000190966 0.00109311 8.01088e-23 3.04414e-08 168197 0 0 7.89736e-25 0 0 0.00512113 0 0 0 0 0 0 0 0 0 0 
0.017 -2.13919 -5.43919 -4.36462 -4.83051 -0.0608132 6.72711e-13 1.73808e+14 0.000190972 0.00109313 8.01088e-23 3.04406e-08 168202 0 0 7.89736e-25 0 0 0.00512113 0 0 0 0 0 0 0 0 0 0 
0.0175 -2.13078 -5.43078 -4.36462 -4.8221 -0.0692234 4.85898e-13 1.73801e+14 0.000190978 0.00109315 8.01088e-23 3.04398e-08 168206 0 0 7.89736e-25 0 0 0.00512113 0 0 0 0 0 0 0 0 0 0 
0.018 -2.12237 -5.42237 -4.36462 -4.81369 -0.0776338 3.5096e-13 1.73793e+14 0.000190985 0.00109317 8.01088e-23 3.0439e-08 168211 0 0 7.89737e-25 0 0 0.00512113 0 0 0 0 0 0 0 0 0 0 
0.0185 -2.11396 -5.41396 -4.36462 -4.80528 -0.0860445 2.53493e-13 1.73785e+14 0.000190991 0.00109319 8.01088e-23 3.04382e-08 168215 0 0 7.89737e-25 0 0 0.00512113 0 0 0 0 0 0 0 0 0 0 
0.019 -2.10554 -5.40554 -4.36462 -4.79686 -0.0944554 1.83093e-13 1.73777e+14 0.000190997 0.00109321 8.01088e-23 3.04373e-08 168220 0 0 7.89736e-25 0 0 0.00512113 0 0 0 0 0 0 0 0 0 0 
0.0195 -2.09713 -5.39713 -4.36462 -4.78845 -0.102866 1.32243e-13 1.73769e+14 0.000191004 0.00109323 8.01088e-23 3.04365e-08 168224 0 0 7.89736e-25 0 0 0.00512113 0 0 0 0 0 0 0 0 0 0 
0.02 -2.08872 -5.38872 -4.36462 -4.78004 -0.111278 9.55144e-14 1.73761e+14 0.00019101 0.00109325 8.01088e-23 3.04357e-08 168229 0 0 7.89736e-25 0 0 0.00512113 0 0 0 0 0 0 0 0 0 0 
0.0205 -2.08031 -5.38031 -4.36462 -4.77162 -0.119689 6.89862e-14 1.73754e+14 0.000191016 0.00109327 8.01088e-23 3.04349e-08 168233 0 0 7.89736e-25 0 0 0.00512113 0 0 0 0 0 0 0 0 0 0 
0.021 -2.0719 -5.3719 -4.36462 -4.76321 -0.128101 4.98255e-14 1.73746e+14 0.000191023 0.00109329 8.01088e-23 3.04341e-08 168238 0 0 7.89736e-25 0 0 0.00512113 0 0 0 0 0 0 0 0 0 0 
0.0215 -2.06349 -5.36349 -4.36462 -4.7548 -0.136513 3.59863e-14 1.73738e+14 0.000191029 0.00109331 8.01088e-23 3.04333e-08 168242 0 0 7.89736e-25 0 0 0.00512113 0 0 0 0 0 0 0 0 0 0 
0.022 -2.05507 -5.35507 -4.36462 -4.74638 -0.144925 2.59907e-14 1.7373e+14 0.000191035 0.00109333 8.01088e-23 3.04325e-08 168247 0 0 7.89737e-25 0 0 0.00512113 0 0 0 0 0 0 0 0 0 0 
0.0225 -2.04666 -5.34666 -4.36462 -4.73797 -0.153338 1.87714e-14 1.73722e+14 0.000191042 0.00109335 8.01088e-23 3.04317e-08 168251 0 0 7.89737e-25 0 0 0.00512113 0 0 0 0 0 0 0 0 0 0 
0.023 -2.03825 -5.33825 -4.36462 -4.72956 -0.16175 1.35572e-14 1.73714e+14 0.000191048 0.00109337 8.01088e-23 3.04309e-08 168256 0 0 7.89736e-25 0 0 0.00512113 0 0 0 0 0 0 0 0 0 0 
0.0235 -2.02984 -5.32984 -4.36462 -4.72114 -0.170163 9.79132e-15 1.73707e+14 0.000191054 0.00109339 8.01088e-23 3.043e-08 168260 0 0 7.89736e-25 0 0 0.00512113 0 0 0 0 0 0 0 0 0 0 
0.024 -2.02142 -5.32142 -4.36462 -4.71273 -0.178577 7.07144e-15 1.73699e+14 0.000191061 0.00109341 8.01088e-23 3.04292e-08 168265 0 0 7.89736e-25 0 0 0.00512113 0 0 0 0 0 0 0 0 0 0 
0.0245 -2.01301 -5.31301 -4.36462 -4.70431 -0.18699 5.10706e-15 1.73691e+14 0.000191067 0.00109343 8.01088e-23 3.04284e-08 168269 0 0 7.89736e-25 0 0 0.00512113 0 0 0 0 0 0 0 0 0 0 
0.025 -2.0046 -5.3046 -4.36462 -4.6959 -0.195403 3.68833e-15 1.73683e+14 0.000191073 0.00109345 8.01088e-23 3.04276e-08 168274 0 0 7.89736e-25 0 0 0.00512113 0 0 0 0 0 0 0 0 0 0 
0.0255 -1.99618 -5.29618 -4.36462 -4.68748 -0.203817 2.6637e-15 1.73675e+14 0.00019108 0.00109347 8.01088e-23 3.04268e-08 168278 0 0 7.89736e-25 0 0 0.00512113 0 0 0 0 0 0 0 0 0 0 
0.026 -1.98777 -5.28777 -4.36462 -4.67906 -0.212231 1.92369e-15 1.73668e+14 0.000191086 0.00109349 8.01088e-23 3.0426e-08 168283 0 0 7.89737e-25 0 0 0.00512113 0 0 0 0 0 0 0 0 0 0 
0.0265 -1.97935 -5.27935 -4.36462 -4.67065 -0.220645 1.38926e-15 1.7366e+14 0.000191092 0.00109351 8.01088e-23 3.04252e-08 168287 0 0 7.89736e-25 0 0 0.00512113 0 0 0 0 0 0 0 0 0 0 
0.027 -1.97094 -5.27094 -4.36462 -4.66223 -0.22906 1.00329e-15 1.73652e+14 0.000191099 0.00109353 8.01088e-23 3.04244e-08 168292 0 0 7.89736e-25 0 0 0.00512113 0 0 0 0 0 0 0 0 0 0 
0.0275 -1.96253 -5.26253 -4.36462 -4.65382 -0.237475 7.24548e-16 1.73644e+14 0.000191105 0.00109355 8.01088e-23 3.04236e-08 168296 0 0 7.89736e-25 0 0 0.00512113 0 0 0 0 0 0 0 0 0 0 
0.028 -1.95411 -5.25411 -4.36462 -4.6454 -0.24589 5.23243e-16 1.73636e+14 0.000191112 0.00109357 8.01088e-23 3.04227e-08 168301 0 0 7.89736e-25 0 0 0.00512113 0 0 0 0 0 0 0 0 0 0 
0.0285 -1.9457 -5.2457 -4.36462 -4.63698 -0.254305 3.77864e-16 1.73628e+14 0.000191118 0.00109359 8.01088e-23 3.04219e-08 168305 0 0 7.89737e-25 0 0 0.00512113 0 0 0 0 0 0 0 0 0 0 
0.029 -1.93728 -5.23728 -4.36462 -4.62857 -0.26272 2.72875e-16 1.73621e+14 0.000191124 0.00109361 8.01088e-23 3.04211e-08 168310 0 0 7.89737e-25 0 0 0.00512113 0 0 0 0 0 0 0 0 0 0 
0.0295 -1.92886 -5.22886 -4.36462 -4.62015 -0.271136 1.97056e-16 1.73613e+14 0.000191131 0.00109363 8.01088e-23 3.04203e-08 168314 0 0 7.89736e-25 0 0 0.00512113 0 0 0 0 0 0 0 0 0 0 
0.03 -1.92045 -5.22045 -4.36462 -4.61173 -0.279552 1.42302e-16 1.73605e+14 0.000191137 0.00109365 8.01088e-23 3.04195e-08 168319 0 0 7.89736e-25 0 0 0.00512113 0 0 0 0 0 0 0 0 0 0 
0.0305 -1.91203 -5.21203 -4.36462 -4.60331 -0.287968 1.02761e-16 1.73597e+14 0.000191144 0.00109367 8.01088e-23 3.04187e-08 168323 0 0 7.89736e-25 0 0 0.00512113 0 0 0 0 0 0 0 0 0 0 
0.031 -1.90362 -5.20362 -4.36462 -4.5949 -0.296384 7.42063e-17 1.73589e+14 0.00019115 0.00109369 8.01088e-23 3.04179e-08 168328 0 0 7.89736e-25 0 0 0.00512113 0 0 0 0 0 0 0 0 0 0 
0.0315 -1.8952 -5.1952 -4.36462 -4.58648 -0.3048 5.35859e-17 1.73582e+14 0.000191156 0.00109371 8.01088e-23 3.04171e-08 168332 0 0 7.89736e-25 0 0 0.00512113 0 0 0 0 0 0 0 0 0 0 
0.032 -1.88678 -5.18678 -4.36462 -4.57806 -0.313217 3.86951e-17 1.73574e+14 0.000191163 0.00109373 8.01088e-23 3.04163e-08 168337 0 0 7.89737e-25 0 0 0.00512113 0 0 0 0 0 0 0 0 0 0 
0.0325 -1.87837 -5.17837 -4.36462 -4.56964 -0.321634 2.7942e-17 1.73566e+14 0.000191169 0.00109375 8.01088e-23 3.04154e-08 168341 0 0 7.89737e-25 0 0 0.00512113 0 0 0 0 0 0 0 0 0 0 
0.033 -1.86995 -5.16995 -4.36462 -4.56122 -0.330051 2.0177e-17 1.73558e+14 0.000191176 0.00109377 8.01088e-23 3.04146e-08 168346 0 0 7.89736e-25 0 0 0.00512113 0 0 0 0 0 0 0 0 0 0 
0.0335 -1.86153 -5.16153 -4.36462 -4.5528 -0.338469 1.45697e-17 1.7355e+14 0.000191182 0.00109379 8.01088e-23 3.04138e-08 168350 0 0 7.89736e-25 0 0 0.00512113 0 0 0 0 0 0 0 0 0 0 
0.034 -1.85311 -5.15311 -4.36462 -4.54438 -0.346886 1.05206e-17 1.73542e+14 0.000191188 0.00109381 8.01088e-23 3.0413e-08 168354 0 0 7.89736e-25 0 0 0.00512113 0 0 0 0 0 0 0 0 0 0 
0.0345 -1.8447 -5.1447 -4.36462 -4.53597 -0.355304 7.59676e-18 1.73535e+14 0.000191195 0.00109383 8.01088e-23 3.04122e-08 168359 0 0 7.89736e-25 0 0 0.00512113 0 0 0 0 0 0 0 0 0 0 
0.035 -1.83628 -5.13628 -4.36462 -4.52755 -0.363722 5.48544e-18 1.73527e+14 0.000191201 0.00109385 8.01088e-23 3.04114e-08 168363 0 0 7.89736e-25 0 0 0.00512113 0 0 0 0 0 0 0 0 0 0 
0.0355 -1.82786 -5.12786 -4.36462 -4.51913 -0.37214 3.96087e-18 1.73519e+14 0.000191208 0.00109387 8.01088e-23 3.04106e-08 168368 0 0 7.89737e-25 0 0 0.00512113 0 0 0 0 0 0 0 0 0 0 
0.036 -1.81944 -5.11944 -4.36462 -4.51071 -0.380559 2.86e-18 1.73511e+14 0.000191214 0.00109389 8.01088e-23 3.04098e-08 168372 0 0 7.89736e-25 0 0 0.00512113 0 0 0 0 0 0 0 0 0 0 
0.0365 -1.81102 -5.11102 -4.36462 -4.50229 -0.388978 2.06509e-18 1.73503e+14 0.00019122 0.00109391 8.01088e-23 3.0409e-08 168377 0 0 7.89736e-25 0 0 0.00512113 0 0 0 0 0 0 0 0 0 0 
0.037 -1.8026 -5.1026 -4.36462 -4.49386 -0.397396 1.4911e-18 1.73496e+14 0.000191227 0.00109393 8.01088e-23 3.04082e-08 168381 0 0 7.89736e-25 0 0 0.00512113 0 0 0 0 0 0 0 0 0 0 
0.0375 -1.79418 -5.09418 -4.36462 -4.48544 -0.405816 1.07664e-18 1.73488e+14 0.000191233 0.00109395 8.01088e-23 3.04073e-08 168386 0 0 7.89737e-25 0 0 0.00512113 0 0 0 0 0 0 0 0 0 0 
0.038 -1.78576 -5.08576 -4.36462 -4.47702 -0.414235 7.77376e-19 1.7348e+14 0.00019124 0.00109397 8.01088e-23 3.04065e-08 168390 0 0 7.89737e-25 0 0 0.00512113 0 0 0 0 0 0 0 0 0 0 
0.0385 -1.77735 -5.07735 -4.36462 -4.4686 -0.422655 5.61291e-19 1.73472e+14 0.000191246 0.00109399 8.01088e-23 3.04057e-08 168395 0 0 7.89736e-25 0 0 0.00512113 0 0 0 0 0 0 0 0 0 0 
0.039 -1.76893 -5.06893 -4.36462 -4.46018 -0.431075 4.05267e-19 1.73464e+14 0.000191253 0.00109401 8.01088e-23 3.04049e-08 168399 0 0 7.89736e-25 0 0 0.00512113 0 0 0 0 0 0 0 0 0 0 
0.0395 -1.76051 -5.06051 -4.36462 -4.45176 -0.439495 2.92611e-19 1.73457e+14 0.000191259 0.00109403 8.01088e-23 3.04041e-08 168404 0 0 7.89736e-25 0 0 0.00512113 0 0 0 0 0 0 0 0 0 0 
0.04 -1.75209 -5.05209 -4.36462 -4.44334 -0.447915 2.11269e-19 1.73449e+14 0.000191265 0.00109405 8.01088e-23 3.04033e-08 168408 0 0 7.89736e-25 0 0 0.00512113 0 0 0 0 0 0 0 0 0 0 
0.0405 -1.74366 -5.04366 -4.36462 -4.43491 -0.456335 1.52538e-19 1.73441e+14 0.000191272 0.00109407 8.01088e-23 3.04025e-08 168413 0 0 7.89737e-25 0 0 0.00512113 0 0 0 0 0 0 0 0 0 0 
0.041 -1.73524 -5.03524 -4.36462 -4.42649 -0.464756 1.10132e-19 1.73433e+14 0.000191278 0.00109409 8.01088e-23 3.04017e-08 168417 0 0 7.89737e-25 0 0 0.00512113 0 0 0 0 0 0 0 0 0 0 
0.0415 -1.72682 -5.02682 -4.36462 -4.41807 -0.473177 7.9515e-20 1.73425e+14 0.000191285 0.00109411 8.01088e-23 3.04009e-08 168422 0 0 7.89736e-25 0 0 0.00512113 0 0 0 0 0 0 0 0 0 0 
0.042 -1.7184 -5.0184 -4.36462 -4.40965 -0.481598 5.74089e-20 1.73418e+14 0.000191291 0.00109414 8.01088e-23 3.04001e-08 168426 0 0 7.89736e-25 0 0 0.00512113 0 0 0 0 0 0 0 0 0 0 
0.0425 -1.70998 -5.00998 -4.36462 -4.40122 -0.49002 4.14482e-20 1.7341e+14 0.000191297 0.00109416 8.01088e-23 3.03993e-08 168431 0 0 7.89736e-25 0 0 0.00512113 0 0 0 0 0 0 0 0 0 0 
0.043 -1.70156 -5.00156 -4.36462 -4.3928 -0.498441 2.99246e-20 1.73402e+14 0.000191304 0.00109418 8.01088e-23 3.03984e-08 168435 0 0 7.89736e-25 0 0 0.00512113 0 0 0 0 0 0 0 0 0 0 
0.0435 -1.69314 -4.99314 -4.36462 -4.38438 -0.506863 2.16047e-20 1.73394e+14 0.00019131 0.0010942 8.01088e-23 3.03976e-08 168440 0 0 7.89737e-25 0 0 0.00512113 0 0 0 0 0 0 0 0 0 0 
0.044 -1.68471 -4.98471 -4.36462 -4.37595 -0.515285 1.55978e-20 1.73386e+14 0.000191317 0.00109422 8.01088e-23 3.03968e-08 168444 0 0 7.89736e-25 0 0 0.00512113 0 0 0 0 0 0 0 0 0 0 
0.0445 -1.67629 -4.97629 -4.36462 -4.36753 -0.523708 1.12609e-20 1.73379e+14 0.000191323 0.00109424 8.01088e-23 3.0396e-08 168449 0 0 7.89736e-25 0 0 0.00512113 0 0 0 0 0 0 0 0 0 0 
0.045 -1.66787 -4.96787 -4.36462 -4.35911 -0.53213 8.12984e-21 1.73371e+14 0.00019133 0.00109426 8.01088e-23 3.03952e-08 168453 0 0 7.89736e-25 0 0 0.00512113 0 0 0 0 0 0 0 0 0 0 
0.0455 -1.65945 -4.95945 -4.36462 -4.35068 -0.540553 5.8693e-21 1.73363e+14 0.000191336 0.00109428 8.01088e-23 3.03944e-08 168458 0 0 7.89737e-25 0 0 0.00512113 0 0 0 0 0 0 0 0 0 0 
0.046 -1.65102 -4.95102 -4.36462 -4.34226 -0.548976 4.23727e-21 1.73355e+14 0.000191342 0.0010943 8.01088e-23 3.03936e-08 168462 0 0 7.89737e-25 0 0 0.00512113 0 0 0 0 0 0 0 0 0 0 
0.0465 -1.6426 -4.9426 -4.36462 -4.33383 -0.557399 3.05902e-21 1.73347e+14 0.000191349 0.00109432 8.01088e-23 3.03928e-08 168467 0 0 7.89736e-25 0 0 0.00512113 0 0 0 0 0 0 0 0 0 0 
0.047 -1.63418 -4.93418 -4.36462 -4.32541 -0.565823 2.20839e-21 1.7334e+14 0.000191355 0.00109434 8.01088e-23 3.0392e-08 168471 0 0 7.89736e-25 0 0 0.00512113 0 0 0 0 0 0 0 0 0 0 
0.0475 -1.62575 -4.92575 -4.36462 -4.31698 -0.574246 1.59428e-21 1.73332e+14 0.000191362 0.00109436 8.01088e-23 3.03912e-08 168476 0 0 7.89736e-25 0 0 0.00512113 0 0 0 0 0 0 0 0 0 0 
0.048 -1.61733 -4.91733 -4.36462 -4.30856 -0.58267 1.15093e-21 1.73324e+14 0.000191368 0.00109438 8.01088e-23 3.03904e-08 168480 0 0 7.89737e-25 0 0 0.00512113 0 0 0 0 0 0 0 0 0 0 
0.0485 -1.60891 -4.90891 -4.36462 -4.30013 -0.591094 8.30866e-22 1.73316e+14 0.000191375 0.0010944 8.01088e-23 3.03896e-08 168484 0 0 7.89737e-25 0 0 0.00512113 0 0 0 0 0 0 0 0 0 0 
0.049 -1.60048 -4.90048 -4.36462 -4.2917 -0.599519 5.99803e-22 1.73309e+14 0.000191381 0.00109442 8.01088e-23 3.03888e-08 168489 0 0 7.89736e-25 0 0 0.00512113 0 0 0 0 0 0 0 0 0 0 
0.0495 -1.59206 -4.89206 -4.36462 -4.28328 -0.607943 4.32994e-22 1.73301e+14 0.000191387 0.00109444 8.01088e-23 3.03879e-08 168493 0 0 7.89736e-25 0 0 0.00512113 0 0 0 0 0 0 0 0 0 0 
0.05 -1.58363 -4.88363 -4.36462 -4.27485 -0.616368 3.12574e-22 1.73293e+14 0.000191394 0.00109446 8.01088e-23 3.03871e-08 168498 0 0 7.89736e-25 0 0 0.00512113 0 0 0 0 0 0 0 0 0 0 
0.0505 -1.57521 -4.87521 -4.36462 -4.26643 -0.624793 2.25641e-22 1.73285e+14 0.0001914 0.00109448 8.01088e-23 3.03863e-08 168502 0 0 7.89737e-25 0 0 0.00512113 0 0 0 0 0 0 0 0 0 0 
0.051 -1.56678 -4.86678 -4.36462 -4.258 -0.633218 1.62885e-22 1.73277e+14 0.000191407 0.0010945 8.01088e-23 3.03855e-08 168507 0 0 7.89736e-25 0 0 0.00512113 0 0 0 0 0 0 0 0 0 0 
0.0515 -1.55836 -4.85836 -4.36462 -4.24957 -0.641644 1.17582e-22 1.7327e+14 0.000191413 0.00109452 8.01088e-23 3.03847e-08 168511 0 0 7.89736e-25 0 0 0.00512113 0 0 0 0 0 0 0 0 0 0 
0.052 -1.54993 -4.84993 -4.36462 -4.24114 -0.650069 8.48779e-23 1.73262e+14 0.000191419 0.00109454 8.01088e-23 3.03839e-08 168516 0 0 7.89736e-25 0 0 0.00512113 0 0 0 0 0 0 0 0 0 0 
0.0525 -1.5415 -4.8415 -4.36462 -4.23272 -0.658495 6.12697e-23 1.73254e+14 0.000191426 0.00109456 8.01088e-23 3.03831e-08 168520 0 0 7.89737e-25 0 0 0.00512113 0 0 0 0 0 0 0 0 0 0 
0.053 -1.53308 -4.83308 -4.36462 -4.22429 -0.666921 4.42276e-23 1.73246e+14 0.000191432 0.00109458 8.01088e-23 3.03823e-08 168525 0 0 7.89737e-25 0 0 0.00512113 0 0 0 0 0 0 0 0 0 0 
0.0535 -1.52465 -4.82465 -4.36462 -4.21586 -0.675348 3.19255e-23 1.73238e+14 0.000191439 0.0010946 8.01088e-23 3.03815e-08 168529 0 0 7.89736e-25 0 0 0.00512113 0 0 0 0 0 0 0 0 0 0 
0.054 -1.51623 -4.81623 -4.36462 -4.20743 -0.683774 2.3045e-23 1.73231e+14 0.000191445 0.00109462 8.01088e-23 3.03807e-08 168534 0 0 7.89736e-25 0 0 0.00512113 0 0 0 0 0 0 0 0 0 0 
0.0545 -1.5078 -4.8078 -4.36462 -4.19901 -0.692201 1.66346e-23 1.73223e+14 0.000191452 0.00109464 8.01088e-23 3.03799e-08 168538 0 0 7.89736e-25 0 0 0.00512113 0 0 0 0 0 0 0 0 0 0 
0.055 -1.49937 -4.79937 -4.36462 -4.19058 -0.700628 1.20073e-23 1.73215e+14 0.000191458 0.00109466 8.01088e-23 3.03791e-08 168543 0 0 7.89737e-25 0 0 0.00512113 0 0 0 0 0 0 0 0 0 0 
0.0555 -1.49094 -4.79094 -4.36462 -4.18215 -0.709055 8.66711e-24 1.73207e+14 0.000191464 0.00109468 8.01088e-23 3.03783e-08 168547 0 0 7.89737e-25 0 0 0.00512113 0 0 0 0 0 0 0 0 0 0 
0.056 -1.48252 -4.78252 -4.36462 -4.17372 -0.717483 6.25604e-24 1.732e+14 0.000191471 0.0010947 8.01088e-23 3.03775e-08 168552 0 0 7.89736e-25 0 0 0.00512113 0 0 0 0 0 0 0 0 0 0 
0.0565 -1.47409 -4.77409 -4.36462 -4.16529 -0.725911 4.51565e-24 1.73192e+14 0.000191477 0.00109472 8.01088e-23 3.03766e-08 168556 0 0 7.89736e-25 0 0 0.00512113 0 0 0 0 0 0 0 0 0 0 
0.057 -1.46566 -4.76566 -4.36462 -4.15686 -0.734339 3.2594e-24 1.73184e+14 0.000191484 0.00109474 8.01088e-23 3.03758e-08 168561 0 0 7.89737e-25 0 0 0.00512113 0 0 0 0 0 0 0 0 0 0 
0.0575 -1.45723 -4.75723 -4.36462 -4.14843 -0.742767 2.35262e-24 1.73176e+14 0.00019149 0.00109476 8.01088e-23 3.0375e-08 168565 0 0 7.89737e-25 0 0 0.00512113 0 0 0 0 0 0 0 0 0 0 
0.058 -1.4488 -4.7488 -4.36462 -4.14 -0.751195 1.69809e-24 1.73168e+14 0.000191497 0.00109478 8.01088e-23 3.03742e-08 168570 0 0 7.89736e-25 0 0 0.00512113 0 0 0 0 0 0 0 0 0 0 
0.0585 -1.44038 -4.74038 -4.36462 -4.13157 -0.759624 1.22565e-24 1.73161e+14 0.000191503 0.0010948 8.01088e-23 3.03734e-08 168574 0 0 7.89736e-25 0 0 0.00512113 0 0 0 0 0 0 0 0 0 0 
0.059 -1.43195 -4.73195 -4.36462 -4.12314 -0.768052 8.84646e-25 1.73153e+14 0.000191509 0.00109482 8.01088e-23 3.03726e-08 168579 0 0 7.89737e-25 0 0 0.00512113 0 0 0 0 0 0 0 0 0 0 
0.0595 -1.42352 -4.72352 -4.36462 -4.11471 -0.776482 6.38511e-25 1.73145e+14 0.000191516 0.00109484 8.01088e-23 3.03718e-08 168583 0 0 7.89737e-25 0 0 0.00512113 0 0 0 0 0 0 0 0 0 0 
0.06 -1.41509 -4.71509 -4.36462 -4.10628 -0.784911 4.60854e-25 1.73137e+14 0.000191522 0.00109486 8.01088e-23 3.0371e-08 168587 0 0 7.89736e-25 0 0 0.00512113 0 0 0 0 0 0 0 0 0 0 
0.0605 -1.40666 -4.70666 -4.36462 -4.09785 -0.79334 3.32624e-25 1.7313e+14 0.000191529 0.00109488 8.01088e-23 3.03702e-08 168592 0 0 7.89736e-25 0 0 0.00512113 0 0 0 0 0 0 0 0 0 0 
0.061 -1.39823 -4.69823 -4.36462 -4.08942 -0.80177 2.40072e-25 1.73122e+14 0.000191535 0.0010949 8.01088e-23 3.03694e-08 168596 0 0 7.89737e-25 0 0 0.00512113 0 0 0 0 0 0 0 0 0 0 
0.0615 -1.3898 -4.6898 -4.36462 -4.08098 -0.8102 1.73271e-25 1.73114e+14 0.000191542 0.00109492 8.01088e-23 3.03686e-08 168601 0 0 7.89737e-25 0 0 0.00512113 0 0 0 0 0 0 0 0 0 0 
0.062 -1.38137 -4.68137 -4.36462 -4.07255 -0.81863 1.25056e-25 1.73106e+14 0.000191548 0.00109494 8.01088e-23 3.03678e-08 168605 0 0 7.89736e-25 0 0 0.00512113 0 0 0 0 0 0 0 0 0 0 
0.0625 -1.37294 -4.67294 -4.36462 -4.06412 -0.82706 9.02569e-26 1.73098e+14 0.000191554 0.00109496 8.01088e-23 3.0367e-08 168610 0 0 7.89737e-25 0 0 0.00512113 0 0 0 0 0 0 0 0 0 0 
0.063 -1.36451 -4.66451 -4.36462 -4.05569 -0.835491 6.51408e-26 1.73091e+14 0.000191561 0.00109498 8.01088e-23 3.03662e-08 168614 0 0 7.89737e-25 0 0 0.00512113 0 0 0 0 0 0 0 0 0 0 
0.0635 -1.35608 -4.65608 -4.36462 -4.04726 -0.843922 4.70134e-26 1.73083e+14 0.000191567 0.001095 8.01088e-23 3.03654e-08 168619 0 0 7.89736e-25 0 0 0.00512113 0 0 0 0 0 0 0 0 0 0 
0.064 -1.34765 -4.64765 -4.36462 -4.03882 -0.852353 3.39302e-26 1.73075e+14 0.000191574 0.00109502 8.01088e-23 3.03646e-08 168623 0 0 7.89736e-25 0 0 0.00512113 0 0 0 0 0 0 0 0 0 0 
0.0645 -1.33922 -4.63922 -4.36462 -4.03039 -0.860784 2.44876e-26 1.73067e+14 0.00019158 0.00109504 8.01088e-23 3.03638e-08 168628 0 0 7.89737e-25 0 0 0.00512113 0 0 0 0 0 0 0 0 0 0 
0.065 -1.33078 -4.63078 -4.36462 -4.02196 -0.869216 1.76728e-26 1.7306e+14 0.000191587 0.00109506 8.01088e-23 3.03629e-08 168632 0 0 7.89737e-25 0 0 0.00512113 0 0 0 0 0 0 0 0 0 0 
0.0655 -1.32235 -4.62235 -4.36462 -4.01352 -0.877647 1.27543e-26 1.73052e+14 0.000191593 0.00109508 8.01088e-23 3.03621e-08 168637 0 0 7.89736e-25 0 0 0.00512113 0 0 0 0 0 0 0 0 0 0 
0.066 -1.31392 -4.61392 -4.36462 -4.00509 -0.886079 9.20465e-27 1.73044e+14 0.000191599 0.0010951 8.01088e-23 3.03613e-08 168641 0 0 7.89737e-25 0 0 0.00512113 0 0 0 0 0 0 0 0 0 0 
0.0665 -1.30549 -4.60549 -4.36462 -3.99666 -0.894512 6.64283e-27 1.73036e+14 0.000191606 0.00109512 8.01088e-23 3.03605e-08 168646 0 0 7.89737e-25 0 0 0.00512113 0 0 0 0 0 0 0 0 0 0 
0.067 -1.29706 -4.59706 -4.36462 -3.98822 -0.902944 4.79397e-27 1.73029e+14 0.000191612 0.00109514 8.01088e-23 3.03597e-08 168650 0 0 7.89736e-25 0 0 0.00512113 0 0 0 0 0 0 0 0 0 0 
0.0675 -1.28862 -4.58862 -4.36462 -3.97979 -0.911377 3.45966e-27 1.73021e+14 0.000191619 0.00109516 8.01088e-23 3.03589e-08 168655 0 0 7.89736e-25 0 0 0.00512113 0 0 0 0 0 0 0 0 0 0 
0.068 -1.28019 -4.58019 -4.36462 -3.97135 -0.919809 2.49671e-27 1.73013e+14 0.000191625 0.00109518 8.01088e-23 3.03581e-08 168659 0 0 7.89736e-25 0 0 0.00512113 0 0 0 0 0 0 0 0 0 0 
0.0685 -1.27176 -4.57176 -4.36462 -3.96292 -0.928242 1.80177e-27 1.73005e+14 0.000191632 0.0010952 8.01088e-23 3.03573e-08 168664 0 0 7.89737e-25 0 0 0.00512113 0 0 0 0 0 0 0 0 0 0 
0.069 -1.26332 -4.56332 -4.36462 -3.95448 -0.936676 1.30025e-27 1.72998e+14 0.000191638 0.00109522 8.01088e-23 3.03565e-08 168668 0 0 7.89736e-25 0 0 0.00512113 0 0 0 0 0 0 0 0 0 0 
0.0695 -1.25489 -4.55489 -4.36462 -3.94605 -0.945109 9.38318e-28 1.7299e+14 0.000191644 0.00109524 8.01088e-23 3.03557e-08 168672 0 0 7.89736e-25 0 0 0.00512113 0 0 0 0 0 0 0 0 0 0 
0.07 -1.24646 -4.54646 -4.36462 -3.93761 -0.953543 6.77126e-28 1.72982e+14 0.000191651 0.00109526 8.01088e-23 3.03549e-08 168677 0 0 7.89737e-25 0 0 0.00512113 0 0 0 0 0 0 0 0 0 0 
0.0705 -1.23802 -4.53802 -4.36462 -3.92918 -0.961977 4.88636e-28 1.72974e+14 0.000191657 0.00109528 8.01088e-23 3.03541e-08 168681 0 0 7.89737e-25 0 0 0.00512113 0 0 0 0 0 0 0 0 0 0 
0.071 -1.22959 -4.52959 -4.36462 -3.92074 -0.970411 3.52612e-28 1.72966e+14 0.000191664 0.0010953 8.01088e-23 3.03533e-08 168686 0 0 7.89736e-25 0 0 0.00512113 0 0 0 0 0 0 0 0 0 0 
0.0715 -1.22115 -4.52115 -4.36462 -3.91231 -0.978846 2.54452e-28 1.72959e+14 0.00019167 0.00109532 8.01088e-23 3.03525e-08 168690 0 0 7.89736e-25 0 0 0.00512113 0 0 0 0 0 0 0 0 0 0 
0.072 -1.21272 -4.51272 -4.36462 -3.90387 -0.98728 1.83616e-28 1.72951e+14 0.000191677 0.00109534 8.01088e-23 3.03517e-08 168695 0 0 7.89737e-25 0 0 0.00512113 0 0 0 0 0 0 0 0 0 0 
0.0725 -1.20428 -4.50428 -4.36462 -3.89543 -0.995715 1.32499e-28 1.72943e+14 0.000191683 0.00109536 8.01088e-23 3.03509e-08 168699 0 0 7.89737e-25 0 0 0.00512113 0 0 0 0 0 0 0 0 0 0 
0.073 -1.19585 -4.49585 -4.36462 -3.887 -1.00415 9.56112e-29 1.72935e+14 0.000191689 0.00109538 8.01088e-23 3.03501e-08 168704 0 0 7.89736e-25 0 0 0.00512113 0 0 0 0 0 0 0 0 0 0 
0.0735 -1.18741 -4.48741 -4.36462 -3.87856 -1.01259 6.89925e-29 1.72928e+14 0.000191696 0.0010954 8.01088e-23 3.03493e-08 168708 0 0 7.89737e-25 0 0 0.00512113 0 0 0 0 0 0 0 0 0 0 
0.074 -1.17898 -4.47898 -4.36462 -3.87012 -1.02102 4.97842e-29 1.7292e+14 0.000191702 0.00109542 8.01088e-23 3.03485e-08 168713 0 0 7.89737e-25 0 0 0.00512113 0 0 0 0 0 0 0 0 0 0 
0.0745 -1.17054 -4.47054 -4.36462 -3.86169 -1.02946 3.59234e-29 1.72912e+14 0.000191709 0.00109544 8.01088e-23 3.03477e-08 168717 0 0 7.89736e-25 0 0 0.00512113 0 0 0 0 0 0 0 0 0 0 
0.075 -1.16211 -4.46211 -4.36462 -3.85325 -1.03789 2.59215e-29 1.72904e+14 0.000191715 0.00109546 8.01088e-23 3.03469e-08 168722 0 0 7.89736e-25 0 0 0.00512113 0 0 0 0 0 0 0 0 0 0 
0.0755 -1.15367 -4.45367 -4.36462 -3.84481 -1.04633 1.87041e-29 1.72897e+14 0.000191722 0.00109548 8.01088e-23 3.03461e-08 168726 0 0 7.89737e-25 0 0 0.00512113 0 0 0 0 0 0 0 0 0 0 
0.076 -1.14523 -4.44523 -4.36462 -3.83637 -1.05477 1.34962e-29 1.72889e+14 0.000191728 0.0010955 8.01088e-23 3.03453e-08 168731 0 0 7.89737e-25 0 0 0.00512113 0 0 0 0 0 0 0 0 0 0 
0.0765 -1.1368 -4.4368 -4.36462 -3.82794 -1.0632 9.7383e-30 1.72881e+14 0.000191734 0.00109552 8.01088e-23 3.03445e-08 168735 0 0 7.89736e-25 0 0 0.00512113 0 0 0 0 0 0 0 0 0 0 
0.077 -1.12836 -4.42836 -4.36462 -3.8195 -1.07164 7.02668e-30 1.72873e+14 0.000191741 0.00109554 8.01088e-23 3.03436e-08 168740 0 0 7.89736e-25 0 0 0.00512113 0 0 0 0 0 0 0 0 0 0 
0.0775 -1.11992 -4.41992 -4.36462 -3.81106 -1.08008 5.07007e-30 1.72866e+14 0.000191747 0.00109556 8.01088e-23 3.03428e-08 168744 0 0 7.89737e-25 0 0 0.00512113 0 0 0 0 0 0 0 0 0 0 
0.078 -1.11149 -4.41149 -4.36462 -3.80262 -1.08851 3.65825e-30 1.72858e+14 0.000191754 0.00109558 8.01088e-23 3.0342e-08 168748 0 0 7.89737e-25 0 0 0.00512113 0 0 0 0 0 0 0 0 0 0 
0.0785 -1.10305 -4.40305 -4.36462 -3.79418 -1.09695 2.63954e-30 1.7285e+14 0.00019176 0.0010956 8.01088e-23 3.03412e-08 168753 0 0 7.89736e-25 0 0 0.00512113 0 0 0 0 0 0 0 0 0 0 
0.079 -1.09461 -4.39461 -4.36462 -3.78574 -1.10539 1.9045e-30 1.72842e+14 0.000191767 0.00109562 8.01088e-23 3.03404e-08 168757 0 0 7.89736e-25 0 0 0.00512113 0 0 0 0 0 0 0 0 0 0 
0.0795 -1.08617 -4.38617 -4.36462 -3.7773 -1.11383 1.37413e-30 1.72835e+14 0.000191773 0.00109564 8.01088e-23 3.03396e-08 168762 0 0 7.89737e-25 0 0 0.00512113 0 0 0 0 0 0 0 0 0 0 
0.08 -1.07774 -4.37774 -4.36462 -3.76886 -1.12226 9.91457e-31 1.72827e+14 0.00019178 0.00109566 8.01088e-23 3.03388e-08 168766 0 0 7.89737e-25 0 0 0.00512113 0 0 0 0 0 0 0 0 0 0 
0.0805 -1.0693 -4.3693 -4.36462 -3.76042 -1.1307 7.15344e-31 1.72819e+14 0.000191786 0.00109568 8.01088e-23 3.0338e-08 168771 0 0 7.89736e-25 0 0 0.00512113 0 0 0 0 0 0 0 0 0 0 
0.081 -1.06086 -4.36086 -4.36462 -3.75198 -1.13914 5.16121e-31 1.72811e+14 0.000191792 0.0010957 8.01088e-23 3.03372e-08 168775 0 0 7.89737e-25 0 0 0.00512113 0 0 0 0 0 0 0 0 0 0 
0.0815 -1.05242 -4.35242 -4.36462 -3.74354 -1.14758 3.72379e-31 1.72804e+14 0.000191799 0.00109572 8.01088e-23 3.03364e-08 168780 0 0 7.89737e-25 0 0 0.00512113 0 0 0 0 0 0 0 0 0 0 
0.082 -1.04398 -4.34398 -4.36462 -3.7351 -1.15602 2.68667e-31 1.72796e+14 0.000191805 0.00109574 8.01088e-23 3.03356e-08 168784 0 0 7.89736e-25 0 0 0.00512113 0 0 0 0 0 0 0 0 0 0 
0.0825 -1.03554 -4.33554 -4.36462 -3.72666 -1.16446 1.93839e-31 1.72788e+14 0.000191812 0.00109576 8.01088e-23 3.03348e-08 168789 0 0 7.89736e-25 0 0 0.00512113 0 0 0 0 0 0 0 0 0 0 
0.083 -1.0271 -4.3271 -4.36462 -3.71822 -1.1729 1.3985e-31 1.7278e+14 0.000191818 0.00109578 8.01088e-23 3.0334e-08 168793 0 0 7.89736e-25 0 0 0.00512113 0 0 0 0 0 0 0 0 0 0 
0.0835 -1.01866 -4.31866 -4.36462 -3.70978 -1.18134 1.00898e-31 1.72773e+14 0.000191825 0.0010958 8.01088e-23 3.03332e-08 168798 0 0 7.89737e-25 0 0 0.00512113 0 0 0 0 0 0 0 0 0 0 
0.084 -1.01022 -4.31022 -4.36462 -3.70134 -1.18978 7.27939e-32 1.72765e+14 0.000191831 0.00109582 8.01088e-23 3.03324e-08 168802 0 0 7.89737e-25 0 0 0.00512113 0 0 0 0 0 0 0 0 0 0 
0.0845 -1.00178 -4.30178 -4.36462 -3.69289 -1.19822 5.25177e-32 1.72757e+14 0.000191837 0.00109584 8.01088e-23 3.03316e-08 168807 0 0 7.89736e-25 0 0 0.00512113 0 0 0 0 0 0 0 0 0 0 
0.085 -0.993341 -4.29334 -4.36462 -3.68445 -1.20666 3.7889e-32 1.7275e+14 0.000191844 0.00109586 8.01088e-23 3.03308e-08 168811 0 0 7.89736e-25 0 0 0.00512113 0 0 0 0 0 0 0 0 0 0 
0.0855 -0.9849 -4.2849 -4.36462 -3.67601 -1.2151 2.73348e-32 1.72742e+14 0.00019185 0.00109588 8.01088e-23 3.033e-08 168815 0 0 7.89737e-25 0 0 0.00512113 0 0 0 0 0 0 0 0 0 0 
0.086 -0.976459 -4.27646 -4.36462 -3.66757 -1.22354 1.97204e-32 1.72734e+14 0.000191857 0.0010959 8.01088e-23 3.03292e-08 168820 0 0 7.89737e-25 0 0 0.00512113 0 0 0 0 0 0 0 0 0 0 
0.0865 -0.968018 -4.26802 -4.36462 -3.65912 -1.23198 1.42269e-32 1.72726e+14 0.000191863 0.00109592 8.01088e-23 3.03284e-08 168824 0 0 7.89736e-25 0 0 0.00512113 0 0 0 0 0 0 0 0 0 0 
0.087 -0.959577 -4.25958 -4.36462 -3.65068 -1.24042 1.02637e-32 1.72719e+14 0.00019187 0.00109594 8.01088e-23 3.03276e-08 168829 0 0 7.89736e-25 0 0 0.00512113 0 0 0 0 0 0 0 0 0 0 
0.0875 -0.951135 -4.25114 -4.36462 -3.64224 -1.24886 7.40443e-33 1.72711e+14 0.000191876 0.00109597 8.01088e-23 3.03268e-08 168833 0 0 7.89737e-25 0 0 0.00512113 0 0 0 0 0 0 0 0 0 0 
0.088 -0.942694 -4.24269 -4.36462 -3.63379 -1.25731 5.34166e-33 1.72703e+14 0.000191882 0.00109599 8.01088e-23 3.0326e-08 168838 0 0 7.89737e-25 0 0 0.00512113 0 0 0 0 0 0 0 0 0 0 
0.0885 -0.934252 -4.23425 -4.36462 -3.62535 -1.26575 3.85352e-33 1.72695e+14 0.000191889 0.00109601 8.01088e-23 3.03252e-08 168842 0 0 7.89736e-25 0 0 0.00512113 0 0 0 0 0 0 0 0 0 0 
0.089 -0.925809 -4.22581 -4.36462 -3.61691 -1.27419 2.77993e-33 1.72688e+14 0.000191895 0.00109603 8.01088e-23 3.03244e-08 168847 0 0 7.89736e-25 0 0 0.00512113 0 0 0 0 0 0 0 0 0 0 
0.0895 -0.917367 -4.21737 -4.36462 -3.60846 -1.28263 2.00543e-33 1.7268e+14 0.000191902 0.00109605 8.01088e-23 3.03236e-08 168851 0 0 7.89737e-25 0 0 0.00512113 0 0 0 0 0 0 0 0 0 0 
0.09 -0.908924 -4.20892 -4.36462 -3.60002 -1.29108 1.4467e-33 1.72672e+14 0.000191908 0.00109607 8.01088e-23 3.03228e-08 168856 0 0 7.89737e-25 0 0 0.00512113 0 0 0 0 0 0 0 0 0 0 
0.0905 -0.900481 -4.20048 -4.36462 -3.59157 -1.29952 1.04362e-33 1.72664e+14 0.000191915 0.00109609 8.01088e-23 3.0322e-08 168860 0 0 7.89736e-25 0 0 0.00512113 0 0 0 0 0 0 0 0 0 0 
0.091 -0.892038 -4.19204 -4.36462 -3.58313 -1.30796 7.52844e-34 1.72657e+14 0.000191921 0.00109611 8.01088e-23 3.03212e-08 168865 0 0 7.89736e-25 0 0 0.00512113 0 0 0 0 0 0 0 0 0 0 
0.0915 -0.883595 -4.18359 -4.36462 -3.57468 -1.31641 5.43079e-34 1.72649e+14 0.000191927 0.00109613 8.01088e-23 3.03204e-08 168869 0 0 7.89737e-25 0 0 0.00512113 0 0 0 0 0 0 0 0 0 0 
0.092 -0.875151 -4.17515 -4.36462 -3.56624 -1.32485 3.91758e-34 1.72641e+14 0.000191934 0.00109615 8.01088e-23 3.03196e-08 168874 0 0 7.89737e-25 0 0 0.00512113 0 0 0 0 0 0 0 0 0 0 
0.0925 -0.866708 -4.16671 -4.36462 -3.55779 -1.33329 2.82598e-34 1.72633e+14 0.00019194 0.00109617 8.01088e-23 3.03188e-08 168878 0 0 7.89736e-25 0 0 0.00512113 0 0 0 0 0 0 0 0 0 0 
0.093 -0.858264 -4.15826 -4.36462 -3.54935 -1.34174 2.03852e-34 1.72626e+14 0.000191947 0.00109619 8.01088e-23 3.0318e-08 168882 0 0 7.89736e-25 0 0 0.00512113 0 0 0 0 0 0 0 0 0 0 
0.0935 -0.849819 -4.14982 -4.36462 -3.5409 -1.35018 1.47048e-34 1.72618e+14 0.000191953 0.00109621 8.01088e-23 3.03172e-08 168887 0 0 7.89737e-25 0 0 0.00512113 0 0 0 0 0 0 0 0 0 0 
0.094 -0.841375 -4.14137 -4.36462 -3.53246 -1.35863 1.06071e-34 1.7261e+14 0.00019196 0.00109623 8.01088e-23 3.03164e-08 168891 0 0 7.89737e-25 0 0 0.00512113 0 0 0 0 0 0 0 0 0 0 
0.0945 -0.83293 -4.13293 -4.36462 -3.52401 -1.36707 7.65128e-35 1.72603e+14 0.000191966 0.00109625 8.01088e-23 3.03156e-08 168896 0 0 7.89736e-25 0 0 0.00512113 0 0 0 0 0 0 0 0 0 0 
0.095 -0.824485 -4.12449 -4.36462 -3.51556 -1.37551 5.51907e-35 1.72595e+14 0.000191972 0.00109627 8.01088e-23 3.03148e-08 168900 0 0 7.89736e-25 0 0 0.00512113 0 0 0 0 0 0 0 0 0 0 
0.0955 -0.81604 -4.11604 -4.36462 -3.50712 -1.38396 3.98102e-35 1.72587e+14 0.000191979 0.00109629 8.01088e-23 3.0314e-08 168905 0 0 7.89737e-25 0 0 0.00512113 0 0 0 0 0 0 0 0 0 0 
0.096 -0.807595 -4.10759 -4.36462 -3.49867 -1.39241 2.87157e-35 1.72579e+14 0.000191985 0.00109631 8.01088e-23 3.03132e-08 168909 0 0 7.89737e-25 0 0 0.00512113 0 0 0 0 0 0 0 0 0 0 
0.0965 -0.799149 -4.09915 -4.36462 -3.49022 -1.40085 2.07128e-35 1.72572e+14 0.000191992 0.00109633 8.01088e-23 3.03124e-08 168914 0 0 7.89736e-25 0 0 0.00512113 0 0 0 0 0 0 0 0 0 0 
0.097 -0.790703 -4.0907 -4.36462 -3.48178 -1.4093 1.49402e-35 1.72564e+14 0.000191998 0.00109635 8.01088e-23 3.03116e-08 168918 0 0 7.89736e-25 0 0 0.00512113 0 0 0 0 0 0 0 0 0 0 
0.0975 -0.782257 -4.08226 -4.36462 -3.47333 -1.41774 1.07763e-35 1.72556e+14 0.000192005 0.00109637 8.01088e-23 3.03108e-08 168923 0 0 7.89736e-25 0 0 0.00512113 0 0 0 0 0 0 0 0 0 0 
0.098 -0.773811 -4.07381 -4.36462 -3.46488 -1.42619 7.77284e-36 1.72549e+14 0.000192011 0.00109639 8.01088e-23 3.031e-08 168927 0 0 7.89736e-25 0 0 0.00512113 0 0 0 0 0 0 0 0 0 0 
0.0985 -0.765365 -4.06536 -4.36462 -3.45643 -1.43464 5.60642e-36 1.72541e+14 0.000192017 0.00109641 8.01088e-23 3.03092e-08 168932 0 0 7.89737e-25 0 0 0.00512113 0 0 0 0 0 0 0 0 0 0 
0.099 -0.756918 -4.05692 -4.36462 -3.44798 -1.44308 4.04378e-36 1.72533e+14 0.000192024 0.00109643 8.01088e-23 3.03084e-08 168936 0 0 7.89736e-25 0 0 0.00512113 0 0 0 0 0 0 0 0 0 0 
0.0995 -0.748471 -4.04847 -4.36462 -3.43954 -1.45153 2.91666e-36 1.72525e+14 0.00019203 0.00109645 8.01088e-23 3.03076e-08 168940 0 0 7.89736e-25 0 0 0.00512113 0 0 0 0 0 0 0 0 0 0 
0.1 -0.740024 -4.04002 -4.36462 -3.43109 -1.45998 2.10368e-36 1.72518e+14 0.000192037 0.00109647 8.01088e-23 3.03068e-08 168945 0 0 7.89737e-25 0 0 0.00512113 0 0 0 0 0 0 0 0 0 0 
0.1005 -0.731577 -4.03158 -4.36462 -3.42264 -1.46842 1.5173e-36 1.7251e+14 0.000192043 0.00109649 8.01088e-23 3.0306e-08 168949 0 0 7.89737e-25 0 0 0.00512113 0 0 0 0 0 0 0 0 0 0 
0.101 -0.723129 -4.02313 -4.36462 -3.41419 -1.47687 1.09436e-36 1.72502e+14 0.00019205 0.00109651 8.01088e-23 3.03052e-08 168954 0 0 7.89736e-25 0 0 0.00512113 0 0 0 0 0 0 0 0 0 0 
0.1015 -0.714681 -4.01468 -4.36462 -3.40574 -1.48532 7.89299e-37 1.72494e+14 0.000192056 0.00109653 8.01088e-23 3.03044e-08 168958 0 0 7.89736e-25 0 0 0.00512113 0 0 0 0 0 0 0 0 0 0 
0.102 -0.706233 -4.00623 -4.36462 -3.39729 -1.49377 5.69274e-37 1.72487e+14 0.000192063 0.00109655 8.01088e-23 3.03036e-08 168963 0 0 7.89737e-25 0 0 0.00512113 0 0 0 0 0 0 0 0 0 0 
0.1025 -0.697785 -3.99779 -4.36462 -3.38884 -1.50221 4.10579e-37 1.72479e+14 0.000192069 0.00109657 8.01088e-23 3.03028e-08 168967 0 0 7.89737e-25 0 0 0.00512113 0 0 0 0 0 0 0 0 0 0 
0.103 -0.689337 -3.98934 -4.36462 -3.38039 -1.51066 2.96121e-37 1.72471e+14 0.000192075 0.00109659 8.01088e-23 3.0302e-08 168972 0 0 7.89736e-25 0 0 0.00512113 0 0 0 0 0 0 0 0 0 0 
0.1035 -0.680888 -3.98089 -4.36462 -3.37194 -1.51911 2.13569e-37 1.72464e+14 0.000192082 0.00109661 8.01088e-23 3.03012e-08 168976 0 0 7.89736e-25 0 0 0.00512113 0 0 0 0 0 0 0 0 0 0 
0.104 -0.672439 -3.97244 -4.36462 -3.36349 -1.52756 1.54029e-37 1.72456e+14 0.000192088 0.00109663 8.01088e-23 3.03004e-08 168981 0 0 7.89737e-25 0 0 0.00512113 0 0 0 0 0 0 0 0 0 0 
0.1045 -0.66399 -3.96399 -4.36462 -3.35504 -1.53601 1.11087e-37 1.72448e+14 0.000192095 0.00109665 8.01088e-23 3.02996e-08 168985 0 0 7.89737e-25 0 0 0.00512113 0 0 0 0 0 0 0 0 0 0 
0.105 -0.65554 -3.95554 -4.36462 -3.34659 -1.54446 8.01162e-38 1.7244e+14 0.000192101 0.00109667 8.01088e-23 3.02988e-08 168989 0 0 7.89736e-25 0 0 0.00512113 0 0 0 0 0 0 0 0 0 0 
0.1055 -0.647091 -3.94709 -4.36462 -3.33814 -1.55291 5.77795e-38 1.72433e+14 0.000192108 0.00109669 8.01088e-23 3.0298e-08 168994 0 0 7.89736e-25 0 0 0.00512113 0 0 0 0 0 0 0 0 0 0 
0.106 -0.638641 -3.93864 -4.36462 -3.32969 -1.56136 4.167e-38 1.72425e+14 0.000192114 0.00109671 8.01088e-23 3.02972e-08 168998 0 0 7.89737e-25 0 0 0.00512113 0 0 0 0 0 0 0 0 0 0 
0.1065 -0.630191 -3.93019 -4.36462 -3.32123 -1.56981 3.00517e-38 1.72417e+14 0.00019212 0.00109673 8.01088e-23 3.02964e-08 169003 0 0 7.89737e-25 0 0 0.00512113 0 0 0 0 0 0 0 0 0 0 
0.107 -0.621741 -3.92174 -4.36462 -3.31278 -1.57826 2.16726e-38 1.7241e+14 0.000192127 0.00109675 8.01088e-23 3.02956e-08 169007 0 0 7.89736e-25 0 0 0.00512113 0 0 0 0 0 0 0 0 0 0 
0.1075 -0.61329 -3.91329 -4.36462 -3.30433 -1.58671 1.56297e-38 1.72402e+14 0.000192133 0.00109677 8.01088e-23 3.02948e-08 169012 0 0 7.89736e-25 0 0 0.00512113 0 0 0 0 0 0 0 0 0 0 
0.108 -0.60484 -3.90484 -4.36462 -3.29588 -1.59516 1.12716e-38 1.72394e+14 0.00019214 0.00109679 8.01088e-23 3.0294e-08 169016 0 0 7.89737e-25 0 0 0.00512113 0 0 0 0 0 0 0 0 0 0 
0.1085 -0.596389 -3.89639 -4.36462 -3.28743 -1.60361 8.12859e-39 1.72386e+14 0.000192146 0.00109681 8.01088e-23 3.02932e-08 169021 0 0 7.89737e-25 0 0 0.00512113 0 0 0 0 0 0 0 0 0 0 
0.109 -0.587937 -3.88794 -4.36462 -3.27897 -1.61206 5.86195e-39 1.72379e+14 0.000192153 0.00109683 8.01088e-23 3.02924e-08 169025 0 0 7.89736e-25 0 0 0.00512113 0 0 0 0 0 0 0 0 0 0 
0.1095 -0.579486 -3.87949 -4.36462 -3.27052 -1.62051 4.22733e-39 1.72371e+14 0.000192159 0.00109685 8.01088e-23 3.02916e-08 169030 0 0 7.89736e-25 0 0 0.00512113 0 0 0 0 0 0 0 0 0 0 
0.11 -0.571035 -3.87103 -4.36462 -3.26207 -1.62897 3.0485e-39 1.72363e+14 0.000192165 0.00109687 8.01088e-23 3.02908e-08 169034 0 0 7.89737e-25 0 0 0.00512113 0 0 0 0 0 0 0 0 0 0 
0.1105 -0.562583 -3.86258 -4.36462 -3.25361 -1.63742 2.19837e-39 1.72356e+14 0.000192172 0.00109689 8.01088e-23 3.029e-08 169039 0 0 7.89737e-25 0 0 0.00512113 0 0 0 0 0 0 0 0 0 0 
0.111 -0.554131 -3.85413 -4.36462 -3.24516 -1.64587 1.58531e-39 1.72348e+14 0.000192178 0.00109691 8.01088e-23 3.02892e-08 169043 0 0 7.89736e-25 0 0 0.00512113 0 0 0 0 0 0 0 0 0 0 
0.1115 -0.545678 -3.84568 -4.36462 -3.23671 -1.65432 1.1432e-39 1.7234e+14 0.000192185 0.00109693 8.01088e-23 3.02884e-08 169047 0 0 7.89736e-25 0 0 0.00512113 0 0 0 0 0 0 0 0 0 0 
0.112 -0.537226 -3.83723 -4.36462 -3.22825 -1.66277 8.24379e-40 1.72333e+14 0.000192191 0.00109695 8.01088e-23 3.02876e-08 169052 0 0 7.89737e-25 0 0 0.00512113 0 0 0 0 0 0 0 0 0 0 
0.1125 -0.528773 -3.82877 -4.36462 -3.2198 -1.67123 5.94467e-40 1.72325e+14 0.000192198 0.00109697 8.01088e-23 3.02868e-08 169056 0 0 7.89737e-25 0 0 0.00512113 0 0 0 0 0 0 0 0 0 0 
0.113 -0.52032 -3.82032 -4.36462 -3.21134 -1.67968 4.28672e-40 1.72317e+14 0.000192204 0.00109699 8.01088e-23 3.0286e-08 169061 0 0 7.89736e-25 0 0 0.00512113 0 0 0 0 0 0 0 0 0 0 
0.1135 -0.511867 -3.81187 -4.36462 -3.20289 -1.68813 3.09114e-40 1.72309e+14 0.000192211 0.00109701 8.01088e-23 3.02852e-08 169065 0 0 7.89737e-25 0 0 0.00512113 0 0 0 0 0 0 0 0 0 0 
0.114 -0.503414 -3.80341 -4.36462 -3.19443 -1.69659 2.22899e-40 1.72302e+14 0.000192217 0.00109703 8.01088e-23 3.02844e-08 169070 0 0 7.89737e-25 0 0 0.00512113 0 0 0 0 0 0 0 0 0 0 
0.1145 -0.49496 -3.79496 -4.36462 -3.18598 -1.70504 1.60729e-40 1.72294e+14 0.000192223 0.00109705 8.01088e-23 3.02836e-08 169074 0 0 7.89736e-25 0 0 0.00512113 0 0 0 0 0 0 0 0 0 0 
0.115 -0.486506 -3.78651 -4.36462 -3.17752 -1.71349 1.15898e-40 1.72286e+14 0.00019223 0.00109707 8.01088e-23 3.02828e-08 169079 0 0 7.89736e-25 0 0 0.00512113 0 0 0 0 0 0 0 0 0 0 
0.1155 -0.478052 -3.77805 -4.36462 -3.16907 -1.72195 8.35709e-41 1.72279e+14 0.000192236 0.00109709 8.01088e-23 3.0282e-08 169083 0 0 7.89737e-25 0 0 0.00512113 0 0 0 0 0 0 0 0 0 0 
0.116 -0.469598 -3.7696 -4.36462 -3.16061 -1.7304 6.02601e-41 1.72271e+14 0.000192243 0.00109711 8.01088e-23 3.02812e-08 169088 0 0 7.89737e-25 0 0 0.00512113 0 0 0 0 0 0 0 0 0 0 
0.1165 -0.461144 -3.76114 -4.36462 -3.15216 -1.73886 4.34511e-41 1.72263e+14 0.000192249 0.00109713 8.01088e-23 3.02804e-08 169092 0 0 7.89736e-25 0 0 0.00512113 0 0 0 0 0 0 0 0 0 0 
0.117 -0.452689 -3.75269 -4.36462 -3.1437 -1.74731 3.13306e-41 1.72256e+14 0.000192256 0.00109715 8.01088e-23 3.02796e-08 169096 0 0 7.89736e-25 0 0 0.00512113 0 0 0 0 0 0 0 0 0 0 
0.1175 -0.444234 -3.74423 -4.36462 -3.13524 -1.75577 2.25908e-41 1.72248e+14 0.000192262 0.00109717 8.01088e-23 3.02788e-08 169101 0 0 7.89737e-25 0 0 0.00512113 0 0 0 0 0 0 0 0 0 0 
0.118 -0.435779 -3.73578 -4.36462 -3.12679 -1.76422 1.62889e-41 1.7224e+14 0.000192268 0.00109719 8.01088e-23 3.02781e-08 169105 0 0 7.89737e-25 0 0 0.00512113 0 0 0 0 0 0 0 0 0 0 
0.1185 -0.427323 -3.72732 -4.36462 -3.11833 -1.77268 1.17449e-41 1.72232e+14 0.000192275 0.00109721 8.01088e-23 3.02773e-08 169110 0 0 7.89736e-25 0 0 0.00512113 0 0 0 0 0 0 0 0 0 0 
0.119 -0.418868 -3.71887 -4.36462 -3.10987 -1.78113 8.46838e-42 1.72225e+14 0.000192281 0.00109723 8.01088e-23 3.02765e-08 169114 0 0 7.89736e-25 0 0 0.00512113 0 0 0 0 0 0 0 0 0 0 
0.1195 -0.410412 -3.71041 -4.36462 -3.10141 -1.78959 6.10589e-42 1.72217e+14 0.000192288 0.00109725 8.01088e-23 3.02757e-08 169119 0 0 7.89737e-25 0 0 0.00512113 0 0 0 0 0 0 0 0 0 0 
0.12 -0.401956 -3.70196 -4.36462 -3.09296 -1.79804 4.40244e-42 1.72209e+14 0.000192294 0.00109727 8.01088e-23 3.02749e-08 169123 0 0 7.89737e-25 0 0 0.00512113 0 0 0 0 0 0 0 0 0 0 
0.1205 -0.3935 -3.6935 -4.36462 -3.0845 -1.8065 3.1742e-42 1.72202e+14 0.000192301 0.00109729 8.01088e-23 3.02741e-08 169128 0 0 7.89736e-25 0 0 0.00512113 0 0 0 0 0 0 0 0 0 0 
0.121 -0.385043 -3.68504 -4.36462 -3.07604 -1.81496 2.28861e-42 1.72194e+14 0.000192307 0.00109731 8.01088e-23 3.02733e-08 169132 0 0 7.89737e-25 0 0 0.00512113 0 0 0 0 0 0 0 0 0 0 
0.1215 -0.376586 -3.67659 -4.36462 -3.06758 -1.82341 1.65008e-42 1.72186e+14 0.000192313 0.00109733 8.01088e-23 3.02725e-08 169136 0 0 7.89736e-25 0 0 0.00512113 0 0 0 0 0 0 0 0 0 0 
0.122 -0.36813 -3.66813 -4.36462 -3.05912 -1.83187 1.1897e-42 1.72179e+14 0.00019232 0.00109735 8.01088e-23 3.02717e-08 169141 0 0 7.89736e-25 0 0 0.00512113 0 0 0 0 0 0 0 0 0 0 
0.1225 -0.359672 -3.65967 -4.36462 -3.05067 -1.84033 8.57752e-43 1.72171e+14 0.000192326 0.00109737 8.01088e-23 3.02709e-08 169145 0 0 7.89736e-25 0 0 0.00512113 0 0 0 0 0 0 0 0 0 0 
0.123 -0.351215 -3.65122 -4.36462 -3.04221 -1.84878 6.18421e-43 1.72163e+14 0.000192333 0.00109739 8.01088e-23 3.02701e-08 169150 0 0 7.89737e-25 0 0 0.00512113 0 0 0 0 0 0 0 0 0 0 
0.1235 -0.342757 -3.64276 -4.36462 -3.03375 -1.85724 4.45865e-43 1.72156e+14 0.000192339 0.00109741 8.01088e-23 3.02693e-08 169154 0 0 7.89737e-25 0 0 0.00512113 0 0 0 0 0 0 0 0 0 0 
0.124 -0.3343 -3.6343 -4.36462 -3.02529 -1.8657 3.21453e-43 1.72148e+14 0.000192346 0.00109744 8.01088e-23 3.02685e-08 169159 0 0 7.89736e-25 0 0 0.00512113 0 0 0 0 0 0 0 0 0 0 
0.1245 -0.325842 -3.62584 -4.36462 -3.01683 -1.87416 2.31755e-43 1.7214e+14 0.000192352 0.00109746 8.01088e-23 3.02677e-08 169163 0 0 7.89737e-25 0 0 0.00512113 0 0 0 0 0 0 0 0 0 0 
0.125 -0.317383 -3.61738 -4.36462 -3.00837 -1.88262 1.67085e-43 1.72133e+14 0.000192359 0.00109748 8.01088e-23 3.02669e-08 169168 0 0 7.89737e-25 0 0 0.00512113 0 0 0 0 0 0 0 0 0 0 
0.1255 -0.308925 -3.60892 -4.36462 -2.99991 -1.89108 1.20459e-43 1.72125e+14 0.000192365 0.0010975 8.01088e-23 3.02661e-08 169172 0 0 7.89736e-25 0 0 0.00512113 0 0 0 0 0 0 0 0 0 0 
0.126 -0.300466 -3.60047 -4.36462 -2.99145 -1.89953 8.68441e-44 1.72117e+14 0.000192371 0.00109752 8.01088e-23 3.02653e-08 169177 0 0 7.89737e-25 0 0 0.00512113 0 0 0 0 0 0 0 0 0 0 
0.1265 -0.292007 -3.59201 -4.36462 -2.98299 -1.90799 6.2609e-44 1.72109e+14 0.000192378 0.00109754 8.01088e-23 3.02645e-08 169181 0 0 7.89737e-25 0 0 0.00512113 0 0 0 0 0 0 0 0 0 0 
0.127 -0.283548 -3.58355 -4.36462 -2.97453 -1.91645 4.51366e-44 1.72102e+14 0.000192384 0.00109756 8.01088e-23 3.02637e-08 169185 0 0 7.89736e-25 0 0 0.00512113 0 0 0 0 0 0 0 0 0 0 
0.1275 -0.275089 -3.57509 -4.36462 -2.96607 -1.92491 3.254e-44 1.72094e+14 0.000192391 0.00109758 8.01088e-23 3.02629e-08 169190 0 0 7.89736e-25 0 0 0.00512113 0 0 0 0 0 0 0 0 0 0 
0.128 -0.266629 -3.56663 -4.36462 -2.9576 -1.93337 2.34587e-44 1.72086e+14 0.000192397 0.0010976 8.01088e-23 3.02621e-08 169194 0 0 7.89737e-25 0 0 0.00512113 0 0 0 0 0 0 0 0 0 0 
0.1285 -0.258169 -3.55817 -4.36462 -2.94914 -1.94183 1.69116e-44 1.72079e+14 0.000192404 0.00109762 8.01088e-23 3.02613e-08 169199 0 0 7.89737e-25 0 0 0.00512113 0 0 0 0 0 0 0 0 0 0 
0.129 -0.249709 -3.54971 -4.36462 -2.94068 -1.95029 1.21916e-44 1.72071e+14 0.00019241 0.00109764 8.01088e-23 3.02605e-08 169203 0 0 7.89736e-25 0 0 0.00512113 0 0 0 0 0 0 0 0 0 0 
0.1295 -0.241249 -3.54125 -4.36462 -2.93222 -1.95875 8.78893e-45 1.72063e+14 0.000192416 0.00109766 8.01088e-23 3.02597e-08 169208 0 0 7.89737e-25 0 0 0.00512113 0 0 0 0 0 0 0 0 0 0 
0.13 -0.232788 -3.53279 -4.36462 -2.92376 -1.96721 6.33587e-45 1.72056e+14 0.000192423 0.00109768 8.01088e-23 3.0259e-08 169212 0 0 7.89737e-25 0 0 0.00512113 0 0 0 0 0 0 0 0 0 0 
0.1305 -0.224328 -3.52433 -4.36462 -2.9153 -1.97567 4.56743e-45 1.72048e+14 0.000192429 0.0010977 8.01088e-23 3.02582e-08 169217 0 0 7.89736e-25 0 0 0.00512113 0 0 0 0 0 0 0 0 0 0 
0.131 -0.215867 -3.51587 -4.36462 -2.90683 -1.98413 3.29257e-45 1.7204e+14 0.000192436 0.00109772 8.01088e-23 3.02574e-08 169221 0 0 7.89737e-25 0 0 0.00512113 0 0 0 0 0 0 0 0 0 0 
0.1315 -0.207406 -3.50741 -4.36462 -2.89837 -1.99259 2.37353e-45 1.72033e+14 0.000192442 0.00109774 8.01088e-23 3.02566e-08 169225 0 0 7.89737e-25 0 0 0.00512113 0 0 0 0 0 0 0 0 0 0 
0.132 -0.198944 -3.49894 -4.36462 -2.88991 -2.00106 1.711e-45 1.72025e+14 0.000192449 0.00109776 8.01088e-23 3.02558e-08 169230 0 0 7.89736e-25 0 0 0.00512113 0 0 0 0 0 0 0 0 0 0 
0.1325 -0.190483 -3.49048 -4.36462 -2.88144 -2.00952 1.23339e-45 1.72017e+14 0.000192455 0.00109778 8.01088e-23 3.0255e-08 169234 0 0 7.89736e-25 0 0 0.00512113 0 0 0 0 0 0 0 0 0 0 
0.133 -0.182021 -3.48202 -4.36462 -2.87298 -2.01798 8.89095e-46 1.7201e+14 0.000192462 0.0010978 8.01088e-23 3.02542e-08 169239 0 0 7.89737e-25 0 0 0.00512113 0 0 0 0 0 0 0 0 0 0 
0.1335 -0.173559 -3.47356 -4.36462 -2.86452 -2.02644 6.40903e-46 1.72002e+14 0.000192468 0.00109782 8.01088e-23 3.02534e-08 169243 0 0 7.89737e-25 0 0 0.00512113 0 0 0 0 0 0 0 0 0 0 
0.134 -0.165096 -3.4651 -4.36462 -2.85605 -2.0349 4.6199e-46 1.71994e+14 0.000192474 0.00109784 8.01088e-23 3.02526e-08 169248 0 0 7.89736e-25 0 0 0.00512113 0 0 0 0 0 0 0 0 0 0 
0.1345 -0.156634 -3.45663 -4.36462 -2.84759 -2.04337 3.33019e-46 1.71987e+14 0.000192481 0.00109786 8.01088e-23 3.02518e-08 169252 0 0 7.89737e-25 0 0 0.00512113 0 0 0 0 0 0 0 0 0 0 
0.135 -0.148171 -3.44817 -4.36462 -2.83912 -2.05183 2.4005e-46 1.71979e+14 0.000192487 0.00109788 8.01088e-23 3.0251e-08 169257 0 0 7.89737e-25 0 0 0.00512113 0 0 0 0 0 0 0 0 0 0 
0.1355 -0.139708 -3.43971 -4.36462 -2.83066 -2.06029 1.73034e-46 1.71971e+14 0.000192494 0.0010979 8.01088e-23 3.02502e-08 169261 0 0 7.89736e-25 0 0 0.00512113 0 0 0 0 0 0 0 0 0 0 
0.136 -0.131245 -3.43125 -4.36462 -2.8222 -2.06875 1.24726e-46 1.71964e+14 0.0001925 0.00109792 8.01088e-23 3.02494e-08 169265 0 0 7.89737e-25 0 0 0.00512113 0 0 0 0 0 0 0 0 0 0 
0.1365 -0.122782 -3.42278 -4.36462 -2.81373 -2.07722 8.99037e-47 1.71956e+14 0.000192507 0.00109794 8.01088e-23 3.02486e-08 169270 0 0 7.89737e-25 0 0 0.00512113 0 0 0 0 0 0 0 0 0 0 
0.137 -0.114318 -3.41432 -4.36462 -2.80527 -2.08568 6.4803e-47 1.71948e+14 0.000192513 0.00109796 8.01088e-23 3.02478e-08 169274 0 0 7.89736e-25 0 0 0.00512113 0 0 0 0 0 0 0 0 0 0 
0.1375 -0.105854 -3.40585 -4.36462 -2.7968 -2.09415 4.671e-47 1.71941e+14 0.000192519 0.00109798 8.01088e-23 3.0247e-08 169279 0 0 7.89737e-25 0 0 0.00512113 0 0 0 0 0 0 0 0 0 0 
0.138 -0.0973902 -3.39739 -4.36462 -2.78833 -2.10261 3.36682e-47 1.71933e+14 0.000192526 0.001098 8.01088e-23 3.02462e-08 169283 0 0 7.89737e-25 0 0 0.00512113 0 0 0 0 0 0 0 0 0 0 
0.1385 -0.0889259 -3.38893 -4.36462 -2.77987 -2.11107 2.42676e-47 1.71925e+14 0.000192532 0.00109802 8.01088e-23 3.02454e-08 169288 0 0 7.89736e-25 0 0 0.00512113 0 0 0 0 0 0 0 0 0 0 
0.139 -0.0804614 -3.38046 -4.36462 -2.7714 -2.11954 1.74916e-47 1.71918e+14 0.000192539 0.00109804 8.01088e-23 3.02447e-08 169292 0 0 7.89737e-25 0 0 0.00512113 0 0 0 0 0 0 0 0 0 0 
0.1395 -0.0719967 -3.372 -4.36462 -2.76294 -2.128 1.26075e-47 1.7191e+14 0.000192545 0.00109806 8.01088e-23 3.02439e-08 169297 0 0 7.89736e-25 0 0 0.00512113 0 0 0 0 0 0 0 0 0 0 
0.14 -0.0635317 -3.36353 -4.36462 -2.75447 -2.13647 9.08707e-48 1.71902e+14 0.000192552 0.00109808 8.01088e-23 3.02431e-08 169301 0 0 7.89736e-25 0 0 0.00512113 0 0 0 0 0 0 0 0 0 0 
0.1405 -0.0550666 -3.35507 -4.36462 -2.746 -2.14493 6.54961e-48 1.71895e+14 0.000192558 0.0010981 8.01088e-23 3.02423e-08 169305 0 0 7.89737e-25 0 0 0.00512113 0 0 0 0 0 0 0 0 0 0 
0.141 -0.0466012 -3.3466 -4.36462 -2.73754 -2.1534 4.72067e-48 1.71887e+14 0.000192565 0.00109812 8.01088e-23 3.02415e-08 169310 0 0 7.89737e-25 0 0 0.00512113 0 0 0 0 0 0 0 0 0 0 
0.1415 -0.0381356 -3.33814 -4.36462 -2.72907 -2.16186 3.40242e-48 1.71879e+14 0.000192571 0.00109814 8.01088e-23 3.02407e-08 169314 0 0 7.89736e-25 0 0 0.00512113 0 0 0 0 0 0 0 0 0 0 
0.142 -0.0296698 -3.32967 -4.36462 -2.7206 -2.17033 2.45227e-48 1.71872e+14 0.000192577 0.00109816 8.01088e-23 3.02399e-08 169319 0 0 7.89737e-25 0 0 0.00512113 0 0 0 0 0 0 0 0 0 0 
0.1425 -0.0212037 -3.3212 -4.36462 -2.71213 -2.1788 1.76744e-48 1.71864e+14 0.000192584 0.00109818 8.01088e-23 3.02391e-08 169323 0 0 7.89736e-25 0 0 0.00512113 0 0 0 0 0 0 0 0 0 0 
0.143 -0.0127374 -3.31274 -4.36462 -2.70367 -2.18726 1.27385e-48 1.71856e+14 0.00019259 0.0010982 8.01088e-23 3.02383e-08 169328 0 0 7.89736e-25 0 0 0.00512113 0 0 0 0 0 0 0 0 0 0 
0.1435 -0.00427094 -3.30427 -4.36462 -2.6952 -2.19573 9.18095e-49 1.71849e+14 0.000192597 0.00109822 8.01088e-23 3.02375e-08 169332 0 0 7.89737e-25 0 0 0.00512113 0 0 0 0 0 0 0 0 0 0 
0.144 0.00419578 -3.2958 -4.36462 -2.68673 -2.2042 6.61688e-49 1.71841e+14 0.000192603 0.00109824 8.01088e-23 3.02367e-08 169337 0 0 7.89737e-25 0 0 0.00512113 0 0 0 0 0 0 0 0 0 0 
0.1445 0.0126627 -3.28734 -4.36462 -2.67826 -2.21266 4.76886e-49 1.71833e+14 0.00019261 0.00109826 8.01088e-23 3.02359e-08 169341 0 0 7.89736e-25 0 0 0.00512113 0 0 0 0 0 0 0 0 0 0 
0.145 0.0211299 -3.27887 -4.36462 -2.66979 -2.22113 3.43695e-49 1.71826e+14 0.000192616 0.00109828 8.01088e-23 3.02351e-08 169345 0 0 7.89737e-25 0 0 0.00512113 0 0 0 0 0 0 0 0 0 0 
0.1455 0.0295973 -3.2704 -4.36462 -2.66132 -2.2296 2.47701e-49 1.71818e+14 0.000192622 0.0010983 8.01088e-23 3.02343e-08 169350 0 0 7.89737e-25 0 0 0.00512113 0 0 0 0 0 0 0 0 0 0 
0.146 0.0380649 -3.26194 -4.36462 -2.65285 -2.23806 1.78516e-49 1.7181e+14 0.000192629 0.00109832 8.01088e-23 3.02336e-08 169354 0 0 7.89737e-25 0 0 0.00512113 0 0 0 0 0 0 0 0 0 0 
0.1465 0.0465327 -3.25347 -4.36462 -2.64439 -2.24653 1.28655e-49 1.71803e+14 0.000192635 0.00109834 8.01088e-23 3.02328e-08 169359 0 0 7.89737e-25 0 0 0.00512113 0 0 0 0 0 0 0 0 0 0 
0.147 0.0550007 -3.245 -4.36462 -2.63592 -2.255 9.27189e-50 1.71795e+14 0.000192642 0.00109836 8.01088e-23 3.0232e-08 169363 0 0 7.89736e-25 0 0 0.00512113 0 0 0 0 0 0 0 0 0 0 
0.1475 0.063469 -3.23653 -4.36462 -2.62745 -2.26347 6.68202e-50 1.71787e+14 0.000192648 0.00109838 8.01088e-23 3.02312e-08 169368 0 0 7.89737e-25 0 0 0.00512113 0 0 0 0 0 0 0 0 0 0 
0.148 0.0719375 -3.22806 -4.36462 -2.61898 -2.27194 4.81552e-50 1.7178e+14 0.000192655 0.0010984 8.01088e-23 3.02304e-08 169372 0 0 7.89737e-25 0 0 0.00512113 0 0 0 0 0 0 0 0 0 0 
0.1485 0.0804062 -3.21959 -4.36462 -2.61051 -2.28041 3.47037e-50 1.71772e+14 0.000192661 0.00109842 8.01088e-23 3.02296e-08 169377 0 0 7.89736e-25 0 0 0.00512113 0 0 0 0 0 0 0 0 0 0 
0.149 0.0888752 -3.21112 -4.36462 -2.60203 -2.28888 2.50094e-50 1.71764e+14 0.000192668 0.00109844 8.01088e-23 3.02288e-08 169381 0 0 7.89737e-25 0 0 0.00512113 0 0 0 0 0 0 0 0 0 0 
0.1495 0.0973443 -3.20266 -4.36462 -2.59356 -2.29734 1.8023e-50 1.71757e+14 0.000192674 0.00109846 8.01088e-23 3.0228e-08 169385 0 0 7.89737e-25 0 0 0.00512113 0 0 0 0 0 0 0 0 0 0 
0.15 0.105814 -3.19419 -4.36462 -2.58509 -2.30581 1.29882e-50 1.71749e+14 0.00019268 0.00109848 8.01088e-23 3.02272e-08 169390 0 0 7.89736e-25 0 0 0.00512113 0 0 0 0 0 0 0 0 0 0 
0.1505 0.114283 -3.18572 -4.36462 -2.57662 -2.31428 9.35979e-51 1.71741e+14 0.000192687 0.0010985 8.01088e-23 3.02264e-08 169394 0 0 7.89737e-25 0 0 0.00512113 0 0 0 0 0 0 0 0 0 0 
0.151 0.122753 -3.17725 -4.36462 -2.56815 -2.32275 6.74496e-51 1.71734e+14 0.000192693 0.00109852 8.01088e-23 3.02256e-08 169399 0 0 7.89737e-25 0 0 0.00512113 0 0 0 0 0 0 0 0 0 0 
0.1515 0.131223 -3.16878 -4.36462 -2.55968 -2.33122 4.86059e-51 1.71726e+14 0.0001927 0.00109854 8.01088e-23 3.02248e-08 169403 0 0 7.89737e-25 0 0 0.00512113 0 0 0 0 0 0 0 0 0 0 
0.152 0.139693 -3.16031 -4.36462 -2.55121 -2.33969 3.50264e-51 1.71718e+14 0.000192706 0.00109856 8.01088e-23 3.02241e-08 169408 0 0 7.89737e-25 0 0 0.00512113 0 0 0 0 0 0 0 0 0 0 
0.1525 0.148164 -3.15184 -4.36462 -2.54274 -2.34816 2.52405e-51 1.71711e+14 0.000192713 0.00109858 8.01088e-23 3.02233e-08 169412 0 0 7.89736e-25 0 0 0.00512113 0 0 0 0 0 0 0 0 0 0 
0.153 0.156635 -3.14337 -4.36462 -2.53426 -2.35663 1.81884e-51 1.71703e+14 0.000192719 0.0010986 8.01088e-23 3.02225e-08 169416 0 0 7.89737e-25 0 0 0.00512113 0 0 0 0 0 0 0 0 0 0 
0.1535 0.165106 -3.13489 -4.36462 -2.52579 -2.36511 1.31066e-51 1.71696e+14 0.000192725 0.00109862 8.01088e-23 3.02217e-08 169421 0 0 7.89737e-25 0 0 0.00512113 0 0 0 0 0 0 0 0 0 0 
0.154 0.173577 -3.12642 -4.36462 -2.51732 -2.37358 9.44455e-52 1.71688e+14 0.000192732 0.00109864 8.01088e-23 3.02209e-08 169425 0 0 7.89736e-25 0 0 0.00512113 0 0 0 0 0 0 0 0 0 0 
0.1545 0.182048 -3.11795 -4.36462 -2.50884 -2.38205 6.80563e-52 1.7168e+14 0.000192738 0.00109866 8.01088e-23 3.02201e-08 169430 0 0 7.89737e-25 0 0 0.00512113 0 0 0 0 0 0 0 0 0 0 
0.155 0.19052 -3.10948 -4.36462 -2.50037 -2.39052 4.90402e-52 1.71673e+14 0.000192745 0.00109868 8.01088e-23 3.02193e-08 169434 0 0 7.89737e-25 0 0 0.00512113 0 0 0 0 0 0 0 0 0 0 
0.1555 0.198992 -3.10101 -4.36462 -2.4919 -2.39899 3.53372e-52 1.71665e+14 0.000192751 0.0010987 8.01088e-23 3.02185e-08 169439 0 0 7.89736e-25 0 0 0.00512113 0 0 0 0 0 0 0 0 0 0 
0.156 0.207464 -3.09254 -4.36462 -2.48342 -2.40746 2.54629e-52 1.71657e+14 0.000192758 0.00109873 8.01088e-23 3.02177e-08 169443 0 0 7.89737e-25 0 0 0.00512113 0 0 0 0 0 0 0 0 0 0 
0.1565 0.215936 -3.08406 -4.36462 -2.47495 -2.41594 1.83476e-52 1.7165e+14 0.000192764 0.00109875 8.01088e-23 3.02169e-08 169448 0 0 7.89737e-25 0 0 0.00512113 0 0 0 0 0 0 0 0 0 0 
0.157 0.224408 -3.07559 -4.36462 -2.46648 -2.42441 1.32205e-52 1.71642e+14 0.000192771 0.00109877 8.01088e-23 3.02161e-08 169452 0 0 7.89736e-25 0 0 0.00512113 0 0 0 0 0 0 0 0 0 0 
0.1575 0.232881 -3.06712 -4.36462 -2.458 -2.43288 9.52607e-53 1.71634e+14 0.000192777 0.00109879 8.01088e-23 3.02153e-08 169456 0 0 7.89737e-25 0 0 0.00512113 0 0 0 0 0 0 0 0 0 0 
0.158 0.241354 -3.05865 -4.36462 -2.44953 -2.44135 6.86396e-53 1.71627e+14 0.000192783 0.00109881 8.01088e-23 3.02146e-08 169461 0 0 7.89737e-25 0 0 0.00512113 0 0 0 0 0 0 0 0 0 0 
0.1585 0.249827 -3.05017 -4.36462 -2.44105 -2.44983 4.94575e-53 1.71619e+14 0.00019279 0.00109883 8.01088e-23 3.02138e-08 169465 0 0 7.89737e-25 0 0 0.00512113 0 0 0 0 0 0 0 0 0 0 
0.159 0.258301 -3.0417 -4.36462 -2.43258 -2.4583 3.56358e-53 1.71611e+14 0.000192796 0.00109885 8.01088e-23 3.0213e-08 169470 0 0 7.89737e-25 0 0 0.00512113 0 0 0 0 0 0 0 0 0 0 
0.1595 0.266774 -3.03323 -4.36462 -2.4241 -2.46677 2.56765e-53 1.71604e+14 0.000192803 0.00109887 8.01088e-23 3.02122e-08 169474 0 0 7.89736e-25 0 0 0.00512113 0 0 0 0 0 0 0 0 0 0 
0.16 0.275248 -3.02475 -4.36462 -2.41563 -2.47525 1.85005e-53 1.71596e+14 0.000192809 0.00109889 8.01088e-23 3.02114e-08 169479 0 0 7.89737e-25 0 0 0.00512113 0 0 0 0 0 0 0 0 0 0 
0.1605 0.283722 -3.01628 -4.36462 -2.40715 -2.48372 1.33298e-53 1.71589e+14 0.000192816 0.00109891 8.01088e-23 3.02106e-08 169483 0 0 7.89737e-25 0 0 0.00512113 0 0 0 0 0 0 0 0 0 0 
0.161 0.292196 -3.0078 -4.36462 -2.39868 -2.4922 9.60426e-54 1.71581e+14 0.000192822 0.00109893 8.01088e-23 3.02098e-08 169487 0 0 7.89736e-25 0 0 0.00512113 0 0 0 0 0 0 0 0 0 0 
0.1615 0.300671 -2.99933 -4.36462 -2.3902 -2.50067 6.91988e-54 1.71573e+14 0.000192829 0.00109895 8.01088e-23 3.0209e-08 169492 0 0 7.89737e-25 0 0 0.00512113 0 0 0 0 0 0 0 0 0 0 
0.162 0.309145 -2.99085 -4.36462 -2.38172 -2.50915 4.98575e-54 1.71566e+14 0.000192835 0.00109897 8.01088e-23 3.02082e-08 169496 0 0 7.89737e-25 0 0 0.00512113 0 0 0 0 0 0 0 0 0 0 
0.1625 0.31762 -2.98238 -4.36462 -2.37325 -2.51762 3.59218e-54 1.71558e+14 0.000192841 0.00109899 8.01088e-23 3.02074e-08 169501 0 0 7.89737e-25 0 0 0.00512113 0 0 0 0 0 0 0 0 0 0 
0.163 0.326096 -2.9739 -4.36462 -2.36477 -2.5261 2.5881e-54 1.7155e+14 0.000192848 0.00109901 8.01088e-23 3.02067e-08 169505 0 0 7.89737e-25 0 0 0.00512113 0 0 0 0 0 0 0 0 0 0 
0.1635 0.334571 -2.96543 -4.36462 -2.35629 -2.53457 1.86467e-54 1.71543e+14 0.000192854 0.00109903 8.01088e-23 3.02059e-08 169510 0 0 7.89736e-25 0 0 0.00512113 0 0 0 0 0 0 0 0 0 0 
0.164 0.343046 -2.95695 -4.36462 -2.34782 -2.54305 1.34344e-54 1.71535e+14 0.000192861 0.00109905 8.01088e-23 3.02051e-08 169514 0 0 7.89737e-25 0 0 0.00512113 0 0 0 0 0 0 0 0 0 0 
0.1645 0.351522 -2.94848 -4.36462 -2.33934 -2.55152 9.67901e-55 1.71527e+14 0.000192867 0.00109907 8.01088e-23 3.02043e-08 169519 0 0 7.89737e-25 0 0 0.00512113 0 0 0 0 0 0 0 0 0 0 
0.165 0.359998 -2.94 -4.36462 -2.33086 -2.56 6.97333e-55 1.7152e+14 0.000192874 0.00109909 8.01088e-23 3.02035e-08 169523 0 0 7.89737e-25 0 0 0.00512113 0 0 0 0 0 0 0 0 0 0 
0.1655 0.368475 -2.93153 -4.36462 -2.32238 -2.56847 5.02395e-55 1.71512e+14 0.00019288 0.00109911 8.01088e-23 3.02027e-08 169527 0 0 7.89737e-25 0 0 0.00512113 0 0 0 0 0 0 0 0 0 0 
0.166 0.376951 -2.92305 -4.36462 -2.31391 -2.57695 3.61949e-55 1.71505e+14 0.000192886 0.00109913 8.01088e-23 3.02019e-08 169532 0 0 7.89736e-25 0 0 0.00512113 0 0 0 0 0 0 0 0 0 0 
0.1665 0.385428 -2.91457 -4.36462 -2.30543 -2.58543 2.60762e-55 1.71497e+14 0.000192893 0.00109915 8.01088e-23 3.02011e-08 169536 0 0 7.89737e-25 0 0 0.00512113 0 0 0 0 0 0 0 0 0 0 
0.167 0.393905 -2.9061 -4.36462 -2.29695 -2.5939 1.87862e-55 1.71489e+14 0.000192899 0.00109917 8.01088e-23 3.02003e-08 169541 0 0 7.89737e-25 0 0 0.00512113 0 0 0 0 0 0 0 0 0 0 
0.1675 0.402382 -2.89762 -4.36462 -2.28847 -2.60238 1.35341e-55 1.71482e+14 0.000192906 0.00109919 8.01088e-23 3.01995e-08 169545 0 0 7.89737e-25 0 0 0.00512113 0 0 0 0 0 0 0 0 0 0 
0.168 0.410859 -2.88914 -4.36462 -2.27999 -2.61086 9.75025e-56 1.71474e+14 0.000192912 0.00109921 8.01088e-23 3.01988e-08 169550 0 0 7.89737e-25 0 0 0.00512113 0 0 0 0 0 0 0 0 0 0 
0.1685 0.419337 -2.88066 -4.36462 -2.27151 -2.61934 7.02423e-56 1.71466e+14 0.000192919 0.00109923 8.01088e-23 3.0198e-08 169554 0 0 7.89736e-25 0 0 0.00512113 0 0 0 0 0 0 0 0 0 0 
0.169 0.427815 -2.87219 -4.36462 -2.26303 -2.62781 5.06032e-56 1.71459e+14 0.000192925 0.00109925 8.01088e-23 3.01972e-08 169558 0 0 7.89737e-25 0 0 0.00512113 0 0 0 0 0 0 0 0 0 0 
0.1695 0.436293 -2.86371 -4.36462 -2.25455 -2.63629 3.64547e-56 1.71451e+14 0.000192932 0.00109927 8.01088e-23 3.01964e-08 169563 0 0 7.89737e-25 0 0 0.00512113 0 0 0 0 0 0 0 0 0 0 
0.17 0.444771 -2.85523 -4.36462 -2.24607 -2.64477 2.62618e-56 1.71444e+14 0.000192938 0.00109929 8.01088e-23 3.01956e-08 169567 0 0 7.89737e-25 0 0 0.00512113 0 0 0 0 0 0 0 0 0 0 
0.1705 0.453249 -2.84675 -4.36462 -2.23759 -2.65325 1.89188e-56 1.71436e+14 0.000192944 0.00109931 8.01088e-23 3.01948e-08 169572 0 0 7.89737e-25 0 0 0.00512113 0 0 0 0 0 0 0 0 0 0 
0.171 0.461728 -2.83827 -4.36462 -2.22911 -2.66173 1.36288e-56 1.71428e+14 0.000192951 0.00109933 8.01088e-23 3.0194e-08 169576 0 0 7.89736e-25 0 0 0.00512113 0 0 0 0 0 0 0 0 0 0 
0.1715 0.470207 -2.82979 -4.36462 -2.22063 -2.67021 9.81789e-57 1.71421e+14 0.000192957 0.00109935 8.01088e-23 3.01932e-08 169581 0 0 7.89737e-25 0 0 0.00512113 0 0 0 0 0 0 0 0 0 0 
0.172 0.478686 -2.82131 -4.36462 -2.21215 -2.67869 7.07254e-57 1.71413e+14 0.000192964 0.00109937 8.01088e-23 3.01924e-08 169585 0 0 7.89737e-25 0 0 0.00512113 0 0 0 0 0 0 0 0 0 0 
0.1725 0.487166 -2.81283 -4.36462 -2.20367 -2.68717 5.09481e-57 1.71405e+14 0.00019297 0.00109939 8.01088e-23 3.01917e-08 169589 0 0 7.89737e-25 0 0 0.00512113 0 0 0 0 0 0 0 0 0 0 
0.173 0.495645 -2.80435 -4.36462 -2.19519 -2.69565 3.6701e-57 1.71398e+14 0.000192977 0.00109941 8.01088e-23 3.01909e-08 169594 0 0 7.89737e-25 0 0 0.00512113 0 0 0 0 0 0 0 0 0 0 
0.1735 0.504125 -2.79588 -4.36462 -2.18671 -2.70412 2.64377e-57 1.7139e+14 0.000192983 0.00109943 8.01088e-23 3.01901e-08 169598 0 0 7.89736e-25 0 0 0.00512113 0 0 0 0 0 0 0 0 0 0 
0.174 0.512605 -2.7874 -4.36462 -2.17823 -2.7126 1.90443e-57 1.71383e+14 0.00019299 0.00109945 8.01088e-23 3.01893e-08 169603 0 0 7.89737e-25 0 0 0.00512113 0 0 0 0 0 0 0 0 0 0 
0.1745 0.521085 -2.77891 -4.36462 -2.16975 -2.72109 1.37184e-57 1.71375e+14 0.000192996 0.00109947 8.01088e-23 3.01885e-08 169607 0 0 7.89737e-25 0 0 0.00512113 0 0 0 0 0 0 0 0 0 0 
0.175 0.529566 -2.77043 -4.36462 -2.16126 -2.72957 9.88185e-58 1.71367e+14 0.000193002 0.00109949 8.01088e-23 3.01877e-08 169612 0 0 7.89737e-25 0 0 0.00512113 0 0 0 0 0 0 0 0 0 0 
0.1755 0.538046 -2.76195 -4.36462 -2.15278 -2.73805 7.11818e-58 1.7136e+14 0.000193009 0.00109951 8.01088e-23 3.01869e-08 169616 0 0 7.89737e-25 0 0 0.00512113 0 0 0 0 0 0 0 0 0 0 
0.176 0.546527 -2.75347 -4.36462 -2.1443 -2.74653 5.12739e-58 1.71352e+14 0.000193015 0.00109953 8.01088e-23 3.01861e-08 169620 0 0 7.89737e-25 0 0 0.00512113 0 0 0 0 0 0 0 0 0 0 
0.1765 0.555008 -2.74499 -4.36462 -2.13582 -2.75501 3.69334e-58 1.71344e+14 0.000193022 0.00109955 8.01088e-23 3.01853e-08 169625 0 0 7.89737e-25 0 0 0.00512113 0 0 0 0 0 0 0 0 0 0 
0.177 0.56349 -2.73651 -4.36462 -2.12733 -2.76349 2.66035e-58 1.71337e+14 0.000193028 0.00109957 8.01088e-23 3.01845e-08 169629 0 0 7.89736e-25 0 0 0.00512113 0 0 0 0 0 0 0 0 0 0 
0.1775 0.571971 -2.72803 -4.36462 -2.11885 -2.77197 1.91626e-58 1.71329e+14 0.000193035 0.00109959 8.01088e-23 3.01837e-08 169634 0 0 7.89737e-25 0 0 0.00512113 0 0 0 0 0 0 0 0 0 0 
0.178 0.580453 -2.71955 -4.36462 -2.11037 -2.78045 1.38028e-58 1.71321e+14 0.000193041 0.00109961 8.01088e-23 3.01829e-08 169638 0 0 7.89737e-25 0 0 0.00512113 0 0 0 0 0 0 0 0 0 0 
0.1785 0.588935 -2.71106 -4.36462 -2.10188 -2.78894 9.94205e-59 1.71314e+14 0.000193047 0.00109963 8.01088e-23 3.01821e-08 169643 0 0 7.89737e-25 0 0 0.00512113 0 0 0 0 0 0 0 0 0 0 
0.179 0.597417 -2.70258 -4.36462 -2.0934 -2.79742 7.16112e-59 1.71306e+14 0.000193054 0.00109965 8.01088e-23 3.01813e-08 169647 0 0 7.89737e-25 0 0 0.00512113 0 0 0 0 0 0 0 0 0 0 
0.1795 0.6059 -2.6941 -4.36462 -2.08491 -2.8059 5.15801e-59 1.71298e+14 0.00019306 0.00109967 8.01088e-23 3.01804e-08 169651 0 0 7.89736e-25 0 0 0.00512113 0 0 0 0 0 0 0 0 0 0 
0.18 0.614383 -2.68562 -4.36462 -2.07643 -2.81438 3.71517e-59 1.7129e+14 0.000193067 0.00109969 8.01088e-23 3.01796e-08 169656 0 0 7.89737e-25 0 0 0.00512113 0 0 0 0 0 0 0 0 0 0 
0.1805 0.622865 -2.67713 -4.36462 -2.06795 -2.82287 2.67592e-59 1.71282e+14 0.000193073 0.00109971 8.01088e-23 3.01787e-08 169660 0 0 7.89737e-25 0 0 0.00512113 0 0 0 0 0 0 0 0 0 0 
0.181 0.631349 -2.66865 -4.36462 -2.05946 -2.83135 1.92736e-59 1.71274e+14 0.00019308 0.00109973 8.01088e-23 3.01777e-08 169665 0 0 7.89737e-25 0 0 0.00512113 0 0 0 0 0 0 0 0 0 0 
0.1815 0.639832 -2.66017 -4.36462 -2.05098 -2.83983 1.38819e-59 1.71265e+14 0.000193086 0.00109975 8.01088e-23 3.01767e-08 169669 0 0 7.89737e-25 0 0 0.00512113 0 0 0 0 0 0 0 0 0 0 
0.182 0.648315 -2.65168 -4.36462 -2.04249 -2.84832 9.99842e-60 1.71256e+14 0.000193093 0.00109976 8.01088e-23 3.01757e-08 169674 0 0 7.89737e-25 0 0 0.00512113 0 0 0 0 0 0 0 0 0 0 
0.1825 0.656799 -2.6432 -4.36462 -2.03401 -2.8568 7.20129e-60 1.71247e+14 0.000193099 0.00109978 8.01088e-23 3.01745e-08 169678 0 0 7.89737e-25 0 0 0.00512113 0 0 0 0 0 0 0 0 0 0 
0.183 0.665283 -2.63472 -4.36462 -2.02552 -2.86528 5.18663e-60 1.71237e+14 0.000193105 0.0010998 8.01088e-23 3.01731e-08 169682 0 0 7.89737e-25 0 0 0.00512113 0 0 0 0 0 0 0 0 0 0 
0.1835 0.673768 -2.62623 -4.36462 -2.01703 -2.87377 3.73557e-60 1.71226e+14 0.000193112 0.00109981 8.01088e-23 3.01716e-08 169687 0 0 7.89737e-25 0 0 0.00512113 0 0 0 0 0 0 0 0 0 0 
0.184 0.682252 -2.61775 -4.36462 -2.00855 -2.88225 2.69045e-60 1.71214e+14 0.000193118 0.00109982 8.01088e-23 3.01697e-08 169691 0 0 7.89736e-25 0 0 0.00512113 0 0 0 0 0 0 0 0 0 0 
0.1845 0.690737 -2.60926 -4.36462 -2.00006 -2.89074 1.93771e-60 1.712e+14 0.000193125 0.00109983 8.01088e-23 3.01674e-08 169696 0 0 7.89737e-25 0 0 0.00512113 0 0 0 0 0 0 0 0 0 0 
0.185 0.699222 -2.60078 -4.36462 -1.99157 -2.89922 1.39556e-60 1.71184e+14 0.000193131 0.00109983 8.01088e-23 3.01646e-08 169700 0 0 7.89737e-25 0 0 0.00512113 0 0 0 0 0 0 0 0 0 0 
0.1855 0.707707 -2.59229 -4.36462 -1.98308 -2.90771 1.00509e-60 1.71164e+14 0.000193138 0.00109982 8.01088e-23 3.01609e-08 169705 0 0 7.89737e-25 0 0 0.00512113 0 0 0 0 0 0 0 0 0 0 
0.186 0.716192 -2.58381 -4.36462 -1.97459 -2.91619 7.23865e-61 1.71139e+14 0.000193144 0.0010998 8.01088e-23 3.01561e-08 169709 0 0 7.89737e-25 0 0 0.00512113 0 0 0 0 0 0 0 0 0 0 
0.1865 0.724678 -2.57532 -4.36462 -1.9661 -2.92468 5.21322e-61 1.71108e+14 0.000193151 0.00109977 8.01088e-23 3.01498e-08 169713 0 0 7.89737e-25 0 0 0.00512113 0 0 0 0 0 0 0 0 0 0 
0.187 0.733163 -2.56684 -4.36462 -1.9576 -2.93316 3.7545e-61 1.71068e+14 0.000193157 0.00109972 8.01088e-23 3.01414e-08 169718 0 0 7.89737e-25 0 0 0.00512113 0 0 0 0 0 0 0 0 0 0 
0.1875 0.741649 -2.55835 -4.36462 -1.94911 -2.94165 2.70392e-61 1.71016e+14 0.000193163 0.00109965 8.01088e-23 3.013e-08 169722 0 0 7.89737e-25 0 0 0.00512113 0 0 0 0 0 0 0 0 0 0 
0.188 0.750136 -2.54986 -4.36462 -1.94061 -2.95014 1.94729e-61 1.70945e+14 0.00019317 0.00109953 8.01088e-23 3.01144e-08 169727 0 0 7.89737e-25 0 0 0.00512113 0 0 0 0 0 0 0 0 0 0 
0.1885 0.758622 -2.54138 -4.36462 -1.9321 -2.95862 1.40238e-61 1.70851e+14 0.000193176 0.00109936 8.01088e-23 3.00932e-08 169731 0 0 7.89737e-25 0 0 0.00512113 0 0 0 0 0 0 0 0 0 0 
0.189 0.767109 -2.53289 -4.36462 -1.92359 -2.96711 1.00994e-61 1.70723e+14 0.000193183 0.00109912 8.01088e-23 3.0064e-08 169736 0 0 7.89737e-25 0 0 0.00512113 0 0 0 0 0 0 0 0 0 0 
0.1895 0.775596 -2.5244 -4.36462 -1.91507 -2.9756 7.27315e-62 1.70548e+14 0.000193189 0.00109878 8.01088e-23 3.00239e-08 169740 0 0 7.89737e-25 0 0 0.00512114 0 0 0 0 0 0 0 0 0 0 
0.19 0.784083 -2.51592 -4.36462 -1.90653 -2.98408 5.23776e-62 1.70309e+14 0.000193196 0.00109829 8.01088e-23 2.99685e-08 169744 0 0 7.89737e-25 0 0 0.00512114 0 0 0 0 0 0 0 0 0 0 
0.1905 0.79257 -2.50743 -4.36462 -1.89797 -2.99257 3.77194e-62 1.6998e+14 0.000193202 0.00109761 8.01088e-23 2.9892e-08 169749 0 0 7.89737e-25 0 0 0.00512114 0 0 0 0 0 0 0 0 0 0 
0.191 0.801058 -2.49894 -4.36462 -1.88939 -3.00106 2.71632e-62 1.69525e+14 0.000193208 0.00109666 8.01088e-23 2.97862e-08 169753 0 0 7.89737e-25 0 0 0.00512114 0 0 0 0 0 0 0 0 0 0 
0.1915 0.809545 -2.49045 -4.36462 -1.88078 -3.00955 1.95611e-62 1.68897e+14 0.000193215 0.00109532 8.01088e-23 2.96397e-08 169758 0 0 7.89736e-25 0 0 0.00512115 0 0 0 0 0 0 0 0 0 0 
0.192 0.818033 -2.48197 -4.36462 -1.87211 -3.01803 1.40864e-62 1.68027e+14 0.000193221 0.00109345 8.01088e-23 2.94368e-08 169762 0 0 7.89737e-25 0 0 0.00512115 0 0 0 0 0 0 0 0 0 0 
0.1925 0.826521 -2.47348 -4.36462 -1.86337 -3.02652 1.01439e-62 1.66821e+14 0.000193227 0.00109084 8.01088e-23 2.91556e-08 169766 0 0 7.89737e-25 0 0 0.00512116 0 0 0 0 0 0 0 0 0 0 
0.193 0.83501 -2.46499 -4.36462 -1.85452 -3.03501 7.30477e-63 1.65144e+14 0.000193234 0.00108718 8.01088e-23 2.87659e-08 169770 0 0 7.89737e-25 0 0 0.00512117 0 0 0 0 0 0 0 0 0 0 
0.1935 0.843499 -2.4565 -4.36462 -1.84554 -3.0435 5.26022e-63 1.62811e+14 0.00019324 0.00108205 8.01088e-23 2.82255e-08 169775 0 0 7.89737e-25 0 0 0.00512118 0 0 0 0 0 0 0 0 0 0 
0.194 0.851987 -2.44801 -4.36462 -1.83635 -3.05199 3.7879e-63 1.59556e+14 0.000193246 0.00107481 8.01088e-23 2.74761e-08 169779 0 0 7.89737e-25 0 0 0.00512119 0 0 0 0 0 0 0 0 0 0 
0.1945 0.860476 -2.43952 -4.36462 -1.82685 -3.06048 2.72765e-63 1.55001e+14 0.000193252 0.00106455 8.01088e-23 2.64369e-08 169783 0 0 7.89737e-25 0 0 0.0051212 0 0 0 0 0 0 0 0 0 0 
0.195 0.868966 -2.43103 -4.36462 -1.81689 -3.06897 1.96415e-63 1.486e+14 0.000193258 0.00104987 8.01088e-23 2.49955e-08 169787 0 0 7.89737e-25 0 0 0.00512121 0 0 0 0 0 0 0 0 0 0 
0.1955 0.877455 -2.42254 -4.36462 -1.80622 -3.07746 1.41436e-63 1.39549e+14 0.000193263 0.00102856 8.01088e-23 2.29967e-08 169791 0 0 7.89737e-25 0 0 0.00512122 0 0 0 0 0 0 0 0 0 0 
0.196 0.885945 -2.41406 -4.36462 -1.79437 -3.08594 1.01845e-63 1.26628e+14 0.000193268 0.00099694 8.01088e-23 2.0226e-08 169794 0 0 7.89737e-25 0 0 0.00512124 0 0 0 0 0 0 0 0 0 0 
0.1965 0.894435 -2.40557 -4.36462 -1.78038 -3.09443 7.33362e-64 1.07905e+14 0.000193272 0.000948154 8.01088e-23 1.63919e-08 169797 0 0 7.89737e-25 0 0 0.00512125 0 0 0 0 0 0 0 0 0 0 
0.197 0.902924 -2.39708 -4.36462 -1.76177 -3.10292 5.28073e-64 8.00986e+13 0.000193276 0.000867061 8.01088e-23 1.11272e-08 169799 0 0 7.89737e-25 0 0 0.00512126 0 0 0 0 0 0 0 0 0 0 
0.1975 0.911414 -2.38859 -4.36462 -1.72862 -3.11141 3.80249e-64 3.80384e+13 0.000193278 0.000708406 8.01088e-23 4.31733e-09 169801 0 0 7.89737e-25 0 0 0.00512126 0 0 0 0 0 0 0 0 0 0 
0.198 0.919905 -2.3801 -4.36462 -1.61166 -3.1199 2.73805e-64 1.04206e+12 0.000193279 0.000368715 8.01088e-23 6.15591e-11 169802 0 0 7.89736e-25 0 0 0.00512126 0 0 0 0 0 0 0 0 0 0 
0.198 0.919905 -2.3801 -4.36462 -1.61166 -3.1199 2.73805e-64 1.04206e+12 0.011878 0.0226595 8.01088e-23 3.78314e-09 1.37352e+06 0 0 7.89736e-25 0 0 0.00512114 0 0 0 0 0 1.13748e+20 0 0 0 0 
0.198409 0.976133 -2.32387 -4.36462 -1.53382 -3.17613 3.11065e-65 4.83049e+11 0.011878 0.0207178 8.01088e-23 1.60341e-09 2.56377e+06 0 0 7.89737e-25 0 0 0.00512114 0 0 0 0 0 1.12475e+20 0 0 0 0 
0.198752 1.09797 -2.20203 -4.36462 -1.40086 -3.29797 2.7925e-67 3.24527e+11 0.011878 0.0198785 8.01088e-23 1.03358e-09 4.54867e+06 0 0 7.89737e-25 0 0 0.00512114 0 0 0 0 0 1.1182e+20 0 0 0 0 
0.199038 1.25188 -2.04812 -4.36462 -1.24015 -3.45188 7.25147e-70 2.54326e+11 0.011878 0.0194108 8.01088e-23 7.90944e-10 6.20074e+06 0 0 7.89735e-25 0 0 0.00512114 0 0 0 0 0 1.1142e+20 0 0 0 0 
0.199277 1.41684 -1.88316 -4.36462 -1.0703 -3.61684 1.22832e-72 2.13378e+11 0.011878 0.0190939 8.01088e-23 6.52763e-10 7.57802e+06 0 0 7.89735e-25 0 0 0.00512114 0 0 0 0 0 1.11132e+20 0 0 0 0 
0.199478 1.58007 -1.71993 -4.36462 -0.904113 -3.78007 2.2245e-75 1.91796e+11 0.011878 0.018909 8.01088e-23 5.81057e-10 8.72738e+06 0 0 7.89735e-25 0 0 0.00512114 0 0 0 0 0 1.10957e+20 0 0 0 0 
0.199645 1.73422 -1.56578 -4.36462 -0.746467 -3.93422 5.72278e-78 1.69125e+11 0.011878 0.0186981 8.01088e-23 5.06658e-10 9.68688e+06 0 0 7.89734e-25 0 0 0.00512114 0 0 0 0 0 1.10751e+20 0 0 0 0 
0.199785 1.87545 -1.42455 -4.36462 -0.605393 -4.07545 2.42677e-80 1.70088e+11 0.011878 0.0187074 8.01088e-23 5.09799e-10 1.04886e+07 0 0 7.89734e-25 0 0 0.00512114 0 0 0 0 0 1.10761e+20 0 0 0 0 
0.199902 2.00217 -1.29783 -4.36462 -0.471594 -4.20217 1.80378e-82 1.31788e+11 0.011878 0.0183011 8.01088e-23 3.86425e-10 1.11577e+07 0 0 7.89736e-25 0 0 0.00512114 0 0 0 0 0 1.10344e+20 0 0 0 0 
0.2 2.11415 -1.18585 -4.36462 -0.371494 -4.31415 2.37179e-84 2.02153e+11 0.011878 0.0189995 8.01088e-23 6.15365e-10 1.1437e+07 0 0 7.89738e-25 0 0 0.00512114 0 0 0 0 0 1.11043e+20 0 0 0 0 