# ASCII 1D datafile generated by TiberCAD
# x Ec Ev eQFermi hQFermi ElPotential eDensity hDensity eMobility hMobility eConductivity hConductivity ElField_x ElField_y ElField_z eCurrentDensity_x eCurrentDensity_y eCurrentDensity_z hCurrentDensity_x hCurrentDensity_y hCurrentDensity_z IonizedDonors IonizedAcceptors IonizedElectronTraps IonizedHoleTraps eNetRecombination eLangevinRecombination hNetRecombination hLangevinRecombination 
0 -2.975 -6.275 -4.9198 -5.66583 0.775 3.48375e-08 1.71385e+14 0.000236543 0.00134744 8.01088e-23 3.69992e-08 195191 0 0 8.67863e-25 0 0 0.00722301 0 0 0 0 0 0 0 0 0 0 
9.79066e-05 -2.97309 -6.27309 -4.9198 -5.66392 0.773089 3.23552e-08 1.71384e+14 0.000236544 0.00134744 8.01088e-23 3.69989e-08 195191 0 0 8.67863e-25 0 0 0.00722301 0 0 0 0 0 0 0 0 0 0 
0.000214985 -2.9708 -6.2708 -4.9198 -5.66164 0.770804 2.9618e-08 1.71382e+14 0.000236545 0.00134745 8.01088e-23 3.69987e-08 195192 0 0 8.67861e-25 0 0 0.00722301 0 0 0 0 0 0 0 0 0 0 
0.000354988 -2.96807 -6.26807 -4.9198 -5.6589 0.768071 2.66472e-08 1.7138e+14 0.000236547 0.00134745 8.01088e-23 3.69985e-08 195193 0 0 8.6786e-25 0 0 0.00722301 0 0 0 0 0 0 0 0 0 0 
0.000522406 -2.9648 -6.2648 -4.9198 -5.65563 0.764803 2.34831e-08 1.71377e+14 0.00023655 0.00134746 8.01088e-23 3.69982e-08 195195 0 0 8.67863e-25 0 0 0.00722301 0 0 0 0 0 0 0 0 0 0 
0.000722606 -2.9609 -6.2609 -4.9198 -5.65173 0.760895 2.01888e-08 1.71374e+14 0.000236553 0.00134748 8.01088e-23 3.69979e-08 195197 0 0 8.67863e-25 0 0 0.00722301 0 0 0 0 0 0 0 0 0 0 
0.000962009 -2.95622 -6.25622 -4.9198 -5.64705 0.756222 1.68504e-08 1.71371e+14 0.000236556 0.00134749 8.01088e-23 3.69975e-08 195199 0 0 8.67864e-25 0 0 0.00722301 0 0 0 0 0 0 0 0 0 0 
0.00124829 -2.95063 -6.25063 -4.9198 -5.64146 0.750634 1.3575e-08 1.71366e+14 0.00023656 0.00134751 8.01088e-23 3.6997e-08 195201 0 0 8.67863e-25 0 0 0.00722301 0 0 0 0 0 0 0 0 0 0 
0.00159063 -2.94395 -6.24395 -4.9198 -5.63478 0.743951 1.04829e-08 1.71361e+14 0.000236565 0.00134753 8.01088e-23 3.69964e-08 195204 0 0 8.67862e-25 0 0 0.00722301 0 0 0 0 0 0 0 0 0 0 
0.002 -2.93596 -6.23596 -4.9198 -5.62679 0.73596 7.69562e-09 1.71355e+14 0.000236567 0.00134753 8.01088e-23 3.69952e-08 195206 0 0 8.67861e-25 0 0 0.00722301 0 0 0 0 0 0 0 0 0 0 
0.002 -2.93596 -6.23596 -4.9198 -5.62679 0.73596 7.69562e-09 1.71355e+14 0.000236575 0.00134758 8.01088e-23 3.69964e-08 195210 0 0 8.67863e-25 0 0 0.00722301 0 0 0 0 0 0 0 0 0 0 
0.0025 -2.9262 -6.2262 -4.9198 -5.61702 0.7262 5.27573e-09 1.71347e+14 0.000236578 0.00134758 8.01088e-23 3.69949e-08 195212 0 0 8.67863e-25 0 0 0.00722301 0 0 0 0 0 0 0 0 0 0 
0.003 -2.91644 -6.21644 -4.9198 -5.60726 0.716439 3.61673e-09 1.71339e+14 0.000236586 0.00134761 8.01088e-23 3.6994e-08 195217 0 0 8.67863e-25 0 0 0.00722301 0 0 0 0 0 0 0 0 0 0 
0.0035 -2.90668 -6.20668 -4.9198 -5.5975 0.706678 2.4794e-09 1.71332e+14 0.000236593 0.00134764 8.01088e-23 3.69932e-08 195221 0 0 8.67863e-25 0 0 0.00722301 0 0 0 0 0 0 0 0 0 0 
0.004 -2.89692 -6.19692 -4.9198 -5.58774 0.696917 1.6997e-09 1.71324e+14 0.000236601 0.00134767 8.01088e-23 3.69924e-08 195226 0 0 8.67863e-25 0 0 0.00722301 0 0 0 0 0 0 0 0 0 0 
0.0045 -2.88716 -6.18716 -4.9198 -5.57797 0.687155 1.16518e-09 1.71316e+14 0.000236609 0.0013477 8.01088e-23 3.69915e-08 195230 0 0 8.67862e-25 0 0 0.00722301 0 0 0 0 0 0 0 0 0 0 
0.005 -2.87739 -6.17739 -4.9198 -5.56821 0.677394 7.98753e-10 1.71309e+14 0.000236617 0.00134773 8.01088e-23 3.69907e-08 195234 0 0 8.67862e-25 0 0 0.00722301 0 0 0 0 0 0 0 0 0 0 
0.0055 -2.86763 -6.16763 -4.9198 -5.55845 0.667632 5.47553e-10 1.71301e+14 0.000236625 0.00134776 8.01088e-23 3.69898e-08 195239 0 0 8.67863e-25 0 0 0.00722301 0 0 0 0 0 0 0 0 0 0 
0.006 -2.85787 -6.15787 -4.9198 -5.54868 0.65787 3.7535e-10 1.71294e+14 0.000236632 0.00134779 8.01088e-23 3.6989e-08 195243 0 0 8.67863e-25 0 0 0.00722301 0 0 0 0 0 0 0 0 0 0 
0.0065 -2.84811 -6.14811 -4.9198 -5.53892 0.648108 2.57301e-10 1.71286e+14 0.00023664 0.00134782 8.01088e-23 3.69882e-08 195248 0 0 8.67862e-25 0 0 0.00722301 0 0 0 0 0 0 0 0 0 0 
0.007 -2.83835 -6.13835 -4.9198 -5.52916 0.638345 1.76378e-10 1.71278e+14 0.000236649 0.00134785 8.01088e-23 3.69873e-08 195252 0 0 8.67862e-25 0 0 0.00722301 0 0 0 0 0 0 0 0 0 0 
0.0075 -2.82858 -6.12858 -4.9198 -5.51939 0.628582 1.20904e-10 1.71271e+14 0.000236657 0.00134788 8.01088e-23 3.69865e-08 195257 0 0 8.67863e-25 0 0 0.00722301 0 0 0 0 0 0 0 0 0 0 
0.008 -2.81882 -6.11882 -4.9198 -5.50963 0.61882 8.28772e-11 1.71263e+14 0.000236665 0.0013479 8.01088e-23 3.69857e-08 195261 0 0 8.67864e-25 0 0 0.00722301 0 0 0 0 0 0 0 0 0 0 
0.0085 -2.80906 -6.10906 -4.9198 -5.49986 0.609056 5.681e-11 1.71255e+14 0.000236673 0.00134793 8.01088e-23 3.69848e-08 195265 0 0 8.67863e-25 0 0 0.00722301 0 0 0 0 0 0 0 0 0 0 
0.009 -2.79929 -6.09929 -4.9198 -5.4901 0.599293 3.89413e-11 1.71248e+14 0.000236681 0.00134796 8.01088e-23 3.6984e-08 195270 0 0 8.67863e-25 0 0 0.00722301 0 0 0 0 0 0 0 0 0 0 
0.0095 -2.78953 -6.08953 -4.9198 -5.48033 0.589529 2.66927e-11 1.7124e+14 0.000236689 0.00134799 8.01088e-23 3.69831e-08 195274 0 0 8.67864e-25 0 0 0.00722301 0 0 0 0 0 0 0 0 0 0 
0.01 -2.77977 -6.07977 -4.9198 -5.47057 0.579766 1.82966e-11 1.71233e+14 0.000236698 0.00134802 8.01088e-23 3.69823e-08 195279 0 0 8.67863e-25 0 0 0.00722301 0 0 0 0 0 0 0 0 0 0 
0.0105 -2.77 -6.07 -4.9198 -5.4608 0.570002 1.25414e-11 1.71225e+14 0.000236706 0.00134805 8.01088e-23 3.69815e-08 195283 0 0 8.67862e-25 0 0 0.00722301 0 0 0 0 0 0 0 0 0 0 
0.011 -2.76024 -6.06024 -4.9198 -5.45104 0.560237 8.59637e-12 1.71217e+14 0.000236715 0.00134808 8.01088e-23 3.69806e-08 195288 0 0 8.67862e-25 0 0 0.00722301 0 0 0 0 0 0 0 0 0 0 
0.0115 -2.75047 -6.05047 -4.9198 -5.44127 0.550473 5.89225e-12 1.7121e+14 0.000236723 0.00134811 8.01088e-23 3.69798e-08 195292 0 0 8.67863e-25 0 0 0.00722301 0 0 0 0 0 0 0 0 0 0 
0.012 -2.74071 -6.04071 -4.9198 -5.4315 0.540708 4.03872e-12 1.71202e+14 0.000236731 0.00134814 8.01088e-23 3.69789e-08 195296 0 0 8.67862e-25 0 0 0.00722301 0 0 0 0 0 0 0 0 0 0 
0.0125 -2.73094 -6.03094 -4.9198 -5.42174 0.530943 2.76823e-12 1.71194e+14 0.00023674 0.00134817 8.01088e-23 3.69781e-08 195301 0 0 8.67863e-25 0 0 0.00722301 0 0 0 0 0 0 0 0 0 0 
0.013 -2.72118 -6.02118 -4.9198 -5.41197 0.521178 1.89739e-12 1.71187e+14 0.000236748 0.0013482 8.01088e-23 3.69773e-08 195305 0 0 8.67864e-25 0 0 0.00722301 0 0 0 0 0 0 0 0 0 0 
0.0135 -2.71141 -6.01141 -4.9198 -5.4022 0.511413 1.30049e-12 1.71179e+14 0.000236757 0.00134823 8.01088e-23 3.69764e-08 195310 0 0 8.67863e-25 0 0 0.00722301 0 0 0 0 0 0 0 0 0 0 
0.014 -2.70165 -6.00165 -4.9198 -5.39244 0.501647 8.91365e-13 1.71171e+14 0.000236765 0.00134826 8.01088e-23 3.69756e-08 195314 0 0 8.67862e-25 0 0 0.00722301 0 0 0 0 0 0 0 0 0 0 
0.0145 -2.69188 -5.99188 -4.9198 -5.38267 0.491881 6.1094e-13 1.71164e+14 0.000236774 0.00134829 8.01088e-23 3.69748e-08 195319 0 0 8.67863e-25 0 0 0.00722301 0 0 0 0 0 0 0 0 0 0 
0.015 -2.68212 -5.98212 -4.9198 -5.3729 0.482115 4.18734e-13 1.71156e+14 0.000236782 0.00134832 8.01088e-23 3.69739e-08 195323 0 0 8.67862e-25 0 0 0.00722301 0 0 0 0 0 0 0 0 0 0 
0.0155 -2.67235 -5.97235 -4.9198 -5.36313 0.472349 2.86995e-13 1.71149e+14 0.000236791 0.00134835 8.01088e-23 3.69731e-08 195327 0 0 8.67863e-25 0 0 0.00722301 0 0 0 0 0 0 0 0 0 0 
0.016 -2.66258 -5.96258 -4.9198 -5.35337 0.462582 1.96701e-13 1.71141e+14 0.000236799 0.00134838 8.01088e-23 3.69722e-08 195332 0 0 8.67863e-25 0 0 0.00722301 0 0 0 0 0 0 0 0 0 0 
0.0165 -2.65282 -5.95282 -4.9198 -5.3436 0.452816 1.34814e-13 1.71133e+14 0.000236808 0.00134841 8.01088e-23 3.69714e-08 195336 0 0 8.67862e-25 0 0 0.00722301 0 0 0 0 0 0 0 0 0 0 
0.017 -2.64305 -5.94305 -4.9198 -5.33383 0.443049 9.2397e-14 1.71126e+14 0.000236817 0.00134844 8.01088e-23 3.69706e-08 195341 0 0 8.67862e-25 0 0 0.00722301 0 0 0 0 0 0 0 0 0 0 
0.0175 -2.63328 -5.93328 -4.9198 -5.32406 0.433282 6.33255e-14 1.71118e+14 0.000236825 0.00134847 8.01088e-23 3.69697e-08 195345 0 0 8.67863e-25 0 0 0.00722301 0 0 0 0 0 0 0 0 0 0 
0.018 -2.62351 -5.92351 -4.9198 -5.31429 0.423514 4.34006e-14 1.71111e+14 0.000236834 0.0013485 8.01088e-23 3.69689e-08 195349 0 0 8.67862e-25 0 0 0.00722301 0 0 0 0 0 0 0 0 0 0 
0.0185 -2.61375 -5.91375 -4.9198 -5.30452 0.413747 2.97446e-14 1.71103e+14 0.000236842 0.00134853 8.01088e-23 3.69681e-08 195354 0 0 8.67862e-25 0 0 0.00722301 0 0 0 0 0 0 0 0 0 0 
0.019 -2.60398 -5.90398 -4.9198 -5.29475 0.403979 2.03853e-14 1.71095e+14 0.000236851 0.00134855 8.01088e-23 3.69672e-08 195358 0 0 8.67863e-25 0 0 0.00722301 0 0 0 0 0 0 0 0 0 0 
0.0195 -2.59421 -5.89421 -4.9198 -5.28498 0.394211 1.39708e-14 1.71088e+14 0.00023686 0.00134858 8.01088e-23 3.69664e-08 195363 0 0 8.67863e-25 0 0 0.00722301 0 0 0 0 0 0 0 0 0 0 
0.02 -2.58444 -5.88444 -4.9198 -5.27521 0.384443 9.57468e-15 1.7108e+14 0.000236868 0.00134861 8.01088e-23 3.69656e-08 195367 0 0 8.67863e-25 0 0 0.00722301 0 0 0 0 0 0 0 0 0 0 
0.0205 -2.57467 -5.87467 -4.9198 -5.26544 0.374674 6.56179e-15 1.71072e+14 0.000236877 0.00134864 8.01088e-23 3.69647e-08 195372 0 0 8.67863e-25 0 0 0.00722301 0 0 0 0 0 0 0 0 0 0 
0.021 -2.56491 -5.86491 -4.9198 -5.25567 0.364905 4.49693e-15 1.71065e+14 0.000236886 0.00134867 8.01088e-23 3.69639e-08 195376 0 0 8.67863e-25 0 0 0.00722301 0 0 0 0 0 0 0 0 0 0 
0.0215 -2.55514 -5.85514 -4.9198 -5.2459 0.355137 3.08182e-15 1.71057e+14 0.000236894 0.0013487 8.01088e-23 3.6963e-08 195380 0 0 8.67863e-25 0 0 0.00722301 0 0 0 0 0 0 0 0 0 0 
0.022 -2.54537 -5.84537 -4.9198 -5.23613 0.345367 2.112e-15 1.7105e+14 0.000236903 0.00134873 8.01088e-23 3.69622e-08 195385 0 0 8.67863e-25 0 0 0.00722301 0 0 0 0 0 0 0 0 0 0 
0.0225 -2.5356 -5.8356 -4.9198 -5.22636 0.335598 1.44736e-15 1.71042e+14 0.000236912 0.00134876 8.01088e-23 3.69614e-08 195389 0 0 8.67864e-25 0 0 0.00722301 0 0 0 0 0 0 0 0 0 0 
0.023 -2.52583 -5.82583 -4.9198 -5.21659 0.325829 9.91871e-16 1.71034e+14 0.00023692 0.00134879 8.01088e-23 3.69605e-08 195394 0 0 8.67863e-25 0 0 0.00722301 0 0 0 0 0 0 0 0 0 0 
0.0235 -2.51606 -5.81606 -4.9198 -5.20682 0.316059 6.79721e-16 1.71027e+14 0.000236929 0.00134882 8.01088e-23 3.69597e-08 195398 0 0 8.67862e-25 0 0 0.00722301 0 0 0 0 0 0 0 0 0 0 
0.024 -2.50629 -5.80629 -4.9198 -5.19705 0.306289 4.65803e-16 1.71019e+14 0.000236938 0.00134885 8.01088e-23 3.69589e-08 195403 0 0 8.67863e-25 0 0 0.00722301 0 0 0 0 0 0 0 0 0 0 
0.0245 -2.49652 -5.79652 -4.9198 -5.18727 0.296518 3.19205e-16 1.71012e+14 0.000236946 0.00134888 8.01088e-23 3.6958e-08 195407 0 0 8.67862e-25 0 0 0.00722301 0 0 0 0 0 0 0 0 0 0 
0.025 -2.48675 -5.78675 -4.9198 -5.1775 0.286748 2.18743e-16 1.71004e+14 0.000236955 0.00134891 8.01088e-23 3.69572e-08 195411 0 0 8.67862e-25 0 0 0.00722301 0 0 0 0 0 0 0 0 0 0 
0.0255 -2.47698 -5.77698 -4.9198 -5.16773 0.276977 1.49898e-16 1.70996e+14 0.000236964 0.00134894 8.01088e-23 3.69564e-08 195416 0 0 8.67863e-25 0 0 0.00722301 0 0 0 0 0 0 0 0 0 0 
0.026 -2.46721 -5.76721 -4.9198 -5.15796 0.267206 1.02719e-16 1.70989e+14 0.000236973 0.00134897 8.01088e-23 3.69555e-08 195420 0 0 8.67863e-25 0 0 0.00722301 0 0 0 0 0 0 0 0 0 0 
0.0265 -2.45744 -5.75744 -4.9198 -5.14819 0.257435 7.03889e-17 1.70981e+14 0.000236981 0.001349 8.01088e-23 3.69547e-08 195425 0 0 8.67862e-25 0 0 0.00722301 0 0 0 0 0 0 0 0 0 0 
0.027 -2.44766 -5.74766 -4.9198 -5.13841 0.247664 4.8234e-17 1.70973e+14 0.00023699 0.00134903 8.01088e-23 3.69539e-08 195429 0 0 8.67863e-25 0 0 0.00722301 0 0 0 0 0 0 0 0 0 0 
0.0275 -2.43789 -5.73789 -4.9198 -5.12864 0.237892 3.30521e-17 1.70966e+14 0.000236999 0.00134906 8.01088e-23 3.6953e-08 195433 0 0 8.67863e-25 0 0 0.00722301 0 0 0 0 0 0 0 0 0 0 
0.028 -2.42812 -5.72812 -4.9198 -5.11887 0.228121 2.26485e-17 1.70958e+14 0.000237007 0.00134909 8.01088e-23 3.69522e-08 195438 0 0 8.67863e-25 0 0 0.00722301 0 0 0 0 0 0 0 0 0 0 
0.0285 -2.41835 -5.71835 -4.9198 -5.10909 0.218349 1.55195e-17 1.70951e+14 0.000237016 0.00134912 8.01088e-23 3.69513e-08 195442 0 0 8.67862e-25 0 0 0.00722301 0 0 0 0 0 0 0 0 0 0 
0.029 -2.40858 -5.70858 -4.9198 -5.09932 0.208576 1.06344e-17 1.70943e+14 0.000237025 0.00134915 8.01088e-23 3.69505e-08 195447 0 0 8.67863e-25 0 0 0.00722301 0 0 0 0 0 0 0 0 0 0 
0.0295 -2.3988 -5.6988 -4.9198 -5.08954 0.198804 7.2869e-18 1.70935e+14 0.000237034 0.00134917 8.01088e-23 3.69497e-08 195451 0 0 8.67863e-25 0 0 0.00722301 0 0 0 0 0 0 0 0 0 0 
0.03 -2.38903 -5.68903 -4.9198 -5.07977 0.189031 4.9931e-18 1.70928e+14 0.000237042 0.0013492 8.01088e-23 3.69488e-08 195456 0 0 8.67863e-25 0 0 0.00722301 0 0 0 0 0 0 0 0 0 0 
0.0305 -2.37926 -5.67926 -4.9198 -5.07 0.179258 3.42131e-18 1.7092e+14 0.000237051 0.00134923 8.01088e-23 3.6948e-08 195460 0 0 8.67863e-25 0 0 0.00722301 0 0 0 0 0 0 0 0 0 0 
0.031 -2.36949 -5.66949 -4.9198 -5.06022 0.169485 2.34429e-18 1.70913e+14 0.00023706 0.00134926 8.01088e-23 3.69472e-08 195464 0 0 8.67862e-25 0 0 0.00722301 0 0 0 0 0 0 0 0 0 0 
0.0315 -2.35971 -5.65971 -4.9198 -5.05045 0.159712 1.6063e-18 1.70905e+14 0.000237068 0.00134929 8.01088e-23 3.69463e-08 195469 0 0 8.67862e-25 0 0 0.00722301 0 0 0 0 0 0 0 0 0 0 
0.032 -2.34994 -5.64994 -4.9198 -5.04067 0.149938 1.10063e-18 1.70897e+14 0.000237077 0.00134932 8.01088e-23 3.69455e-08 195473 0 0 8.67863e-25 0 0 0.00722301 0 0 0 0 0 0 0 0 0 0 
0.0325 -2.34016 -5.64016 -4.9198 -5.0309 0.140165 7.54133e-19 1.7089e+14 0.000237086 0.00134935 8.01088e-23 3.69447e-08 195478 0 0 8.67863e-25 0 0 0.00722301 0 0 0 0 0 0 0 0 0 0 
0.033 -2.33039 -5.63039 -4.9198 -5.02112 0.130391 5.16717e-19 1.70882e+14 0.000237095 0.00134938 8.01088e-23 3.69438e-08 195482 0 0 8.67863e-25 0 0 0.00722301 0 0 0 0 0 0 0 0 0 0 
0.0335 -2.32062 -5.62062 -4.9198 -5.01134 0.120616 3.54041e-19 1.70875e+14 0.000237103 0.00134941 8.01088e-23 3.6943e-08 195487 0 0 8.67863e-25 0 0 0.00722301 0 0 0 0 0 0 0 0 0 0 
0.034 -2.31084 -5.61084 -4.9198 -5.00157 0.110842 2.42577e-19 1.70867e+14 0.000237112 0.00134944 8.01088e-23 3.69422e-08 195491 0 0 8.67863e-25 0 0 0.00722301 0 0 0 0 0 0 0 0 0 0 
0.0345 -2.30107 -5.60107 -4.9198 -4.99179 0.101067 1.66205e-19 1.70859e+14 0.000237121 0.00134947 8.01088e-23 3.69413e-08 195495 0 0 8.67863e-25 0 0 0.00722301 0 0 0 0 0 0 0 0 0 0 
0.035 -2.29129 -5.59129 -4.9198 -4.98202 0.0912924 1.13876e-19 1.70852e+14 0.00023713 0.0013495 8.01088e-23 3.69405e-08 195500 0 0 8.67863e-25 0 0 0.00722301 0 0 0 0 0 0 0 0 0 0 
0.0355 -2.28152 -5.58152 -4.9198 -4.97224 0.0815173 7.80223e-20 1.70844e+14 0.000237138 0.00134953 8.01088e-23 3.69397e-08 195504 0 0 8.67864e-25 0 0 0.00722301 0 0 0 0 0 0 0 0 0 0 
0.036 -2.27174 -5.57174 -4.9198 -4.96246 0.071742 5.34566e-20 1.70837e+14 0.000237147 0.00134956 8.01088e-23 3.69388e-08 195509 0 0 8.67863e-25 0 0 0.00722301 0 0 0 0 0 0 0 0 0 0 
0.0365 -2.26197 -5.56197 -4.9198 -4.95269 0.0619665 3.66252e-20 1.70829e+14 0.000237156 0.00134959 8.01088e-23 3.6938e-08 195513 0 0 8.67863e-25 0 0 0.00722301 0 0 0 0 0 0 0 0 0 0 
0.037 -2.25219 -5.55219 -4.9198 -4.94291 0.0521907 2.50931e-20 1.70821e+14 0.000237165 0.00134962 8.01088e-23 3.69372e-08 195517 0 0 8.67863e-25 0 0 0.00722301 0 0 0 0 0 0 0 0 0 0 
0.0375 -2.24241 -5.54241 -4.9198 -4.93313 0.0424147 1.7192e-20 1.70814e+14 0.000237173 0.00134965 8.01088e-23 3.69363e-08 195522 0 0 8.67863e-25 0 0 0.00722301 0 0 0 0 0 0 0 0 0 0 
0.038 -2.23264 -5.53264 -4.9198 -4.92335 0.0326385 1.17786e-20 1.70806e+14 0.000237182 0.00134968 8.01088e-23 3.69355e-08 195526 0 0 8.67863e-25 0 0 0.00722301 0 0 0 0 0 0 0 0 0 0 
0.0385 -2.22286 -5.52286 -4.9198 -4.91357 0.0228621 8.06968e-21 1.70799e+14 0.000237191 0.00134971 8.01088e-23 3.69347e-08 195531 0 0 8.67862e-25 0 0 0.00722301 0 0 0 0 0 0 0 0 0 0 
0.039 -2.21309 -5.51309 -4.9198 -4.9038 0.0130855 5.52861e-21 1.70791e+14 0.0002372 0.00134974 8.01088e-23 3.69338e-08 195535 0 0 8.67863e-25 0 0 0.00722301 0 0 0 0 0 0 0 0 0 0 
0.0395 -2.20331 -5.50331 -4.9198 -4.89402 0.0033086 3.78767e-21 1.70783e+14 0.000237208 0.00134977 8.01088e-23 3.6933e-08 195539 0 0 8.67863e-25 0 0 0.00722301 0 0 0 0 0 0 0 0 0 0 
0.04 -2.19353 -5.49353 -4.9198 -4.88424 -0.00646848 2.59492e-21 1.70776e+14 0.000237217 0.0013498 8.01088e-23 3.69322e-08 195544 0 0 8.67863e-25 0 0 0.00722301 0 0 0 0 0 0 0 0 0 0 
0.0405 -2.18375 -5.48375 -4.9198 -4.87446 -0.0162458 1.77776e-21 1.70768e+14 0.000237226 0.00134982 8.01088e-23 3.69313e-08 195548 0 0 8.67863e-25 0 0 0.00722301 0 0 0 0 0 0 0 0 0 0 
0.041 -2.17398 -5.47398 -4.9198 -4.86468 -0.0260233 1.21792e-21 1.70761e+14 0.000237235 0.00134985 8.01088e-23 3.69305e-08 195553 0 0 8.67863e-25 0 0 0.00722301 0 0 0 0 0 0 0 0 0 0 
0.0415 -2.1642 -5.4642 -4.9198 -4.8549 -0.0358011 8.34372e-22 1.70753e+14 0.000237243 0.00134988 8.01088e-23 3.69297e-08 195557 0 0 8.67863e-25 0 0 0.00722301 0 0 0 0 0 0 0 0 0 0 
0.042 -2.15442 -5.45442 -4.9198 -4.84512 -0.045579 5.71607e-22 1.70745e+14 0.000237252 0.00134991 8.01088e-23 3.69288e-08 195562 0 0 8.67862e-25 0 0 0.00722301 0 0 0 0 0 0 0 0 0 0 
0.0425 -2.14464 -5.44464 -4.9198 -4.83534 -0.0553572 3.9159e-22 1.70738e+14 0.000237261 0.00134994 8.01088e-23 3.6928e-08 195566 0 0 8.67862e-25 0 0 0.00722301 0 0 0 0 0 0 0 0 0 0 
0.043 -2.13486 -5.43486 -4.9198 -4.82556 -0.0651356 2.68263e-22 1.7073e+14 0.00023727 0.00134997 8.01088e-23 3.69272e-08 195570 0 0 8.67863e-25 0 0 0.00722301 0 0 0 0 0 0 0 0 0 0 
0.0435 -2.12509 -5.42509 -4.9198 -4.81578 -0.0749143 1.83776e-22 1.70723e+14 0.000237278 0.00135 8.01088e-23 3.69263e-08 195575 0 0 8.67863e-25 0 0 0.00722301 0 0 0 0 0 0 0 0 0 0 
0.044 -2.11531 -5.41531 -4.9198 -4.806 -0.0846931 1.25896e-22 1.70715e+14 0.000237287 0.00135003 8.01088e-23 3.69255e-08 195579 0 0 8.67862e-25 0 0 0.00722301 0 0 0 0 0 0 0 0 0 0 
0.0445 -2.10553 -5.40553 -4.9198 -4.79622 -0.0944722 8.62442e-23 1.70708e+14 0.000237296 0.00135006 8.01088e-23 3.69247e-08 195584 0 0 8.67862e-25 0 0 0.00722301 0 0 0 0 0 0 0 0 0 0 
0.045 -2.09575 -5.39575 -4.9198 -4.78644 -0.104251 5.90806e-23 1.707e+14 0.000237305 0.00135009 8.01088e-23 3.69238e-08 195588 0 0 8.67863e-25 0 0 0.00722301 0 0 0 0 0 0 0 0 0 0 
0.0455 -2.08597 -5.38597 -4.9198 -4.77666 -0.114031 4.04722e-23 1.70692e+14 0.000237313 0.00135012 8.01088e-23 3.6923e-08 195592 0 0 8.67863e-25 0 0 0.00722301 0 0 0 0 0 0 0 0 0 0 
0.046 -2.07619 -5.37619 -4.9198 -4.76688 -0.123811 2.77246e-23 1.70685e+14 0.000237322 0.00135015 8.01088e-23 3.69222e-08 195597 0 0 8.67862e-25 0 0 0.00722301 0 0 0 0 0 0 0 0 0 0 
0.0465 -2.06641 -5.36641 -4.9198 -4.7571 -0.133591 1.89919e-23 1.70677e+14 0.000237331 0.00135018 8.01088e-23 3.69213e-08 195601 0 0 8.67862e-25 0 0 0.00722301 0 0 0 0 0 0 0 0 0 0 
0.047 -2.05663 -5.35663 -4.9198 -4.74732 -0.143371 1.30098e-23 1.7067e+14 0.00023734 0.00135021 8.01088e-23 3.69205e-08 195606 0 0 8.67863e-25 0 0 0.00722301 0 0 0 0 0 0 0 0 0 0 
0.0475 -2.04685 -5.34685 -4.9198 -4.73753 -0.153151 8.91181e-24 1.70662e+14 0.000237348 0.00135024 8.01088e-23 3.69197e-08 195610 0 0 8.67863e-25 0 0 0.00722301 0 0 0 0 0 0 0 0 0 0 
0.048 -2.03707 -5.33707 -4.9198 -4.72775 -0.162932 6.10463e-24 1.70654e+14 0.000237357 0.00135027 8.01088e-23 3.69188e-08 195615 0 0 8.67862e-25 0 0 0.00722301 0 0 0 0 0 0 0 0 0 0 
0.0485 -2.02729 -5.32729 -4.9198 -4.71797 -0.172713 4.18166e-24 1.70647e+14 0.000237366 0.0013503 8.01088e-23 3.6918e-08 195619 0 0 8.67862e-25 0 0 0.00722301 0 0 0 0 0 0 0 0 0 0 
0.049 -2.01751 -5.31751 -4.9198 -4.70819 -0.182494 2.8644e-24 1.70639e+14 0.000237375 0.00135033 8.01088e-23 3.69172e-08 195623 0 0 8.67863e-25 0 0 0.00722301 0 0 0 0 0 0 0 0 0 0 
0.0495 -2.00772 -5.30772 -4.9198 -4.6984 -0.192275 1.96208e-24 1.70632e+14 0.000237383 0.00135036 8.01088e-23 3.69163e-08 195628 0 0 8.67863e-25 0 0 0.00722301 0 0 0 0 0 0 0 0 0 0 
0.05 -1.99794 -5.29794 -4.9198 -4.68862 -0.202057 1.34399e-24 1.70624e+14 0.000237392 0.00135039 8.01088e-23 3.69155e-08 195632 0 0 8.67862e-25 0 0 0.00722301 0 0 0 0 0 0 0 0 0 0 
0.0505 -1.98816 -5.28816 -4.9198 -4.67884 -0.211838 9.20596e-25 1.70617e+14 0.000237401 0.00135042 8.01088e-23 3.69147e-08 195637 0 0 8.67863e-25 0 0 0.00722301 0 0 0 0 0 0 0 0 0 0 
0.051 -1.97838 -5.27838 -4.9198 -4.66905 -0.22162 6.3058e-25 1.70609e+14 0.00023741 0.00135045 8.01088e-23 3.69138e-08 195641 0 0 8.67864e-25 0 0 0.00722301 0 0 0 0 0 0 0 0 0 0 
0.0515 -1.9686 -5.2686 -4.9198 -4.65927 -0.231402 4.31924e-25 1.70601e+14 0.000237418 0.00135047 8.01088e-23 3.6913e-08 195645 0 0 8.67863e-25 0 0 0.00722301 0 0 0 0 0 0 0 0 0 0 
0.052 -1.95882 -5.25882 -4.9198 -4.64949 -0.241185 2.95849e-25 1.70594e+14 0.000237427 0.0013505 8.01088e-23 3.69122e-08 195650 0 0 8.67863e-25 0 0 0.00722301 0 0 0 0 0 0 0 0 0 0 
0.0525 -1.94903 -5.24903 -4.9198 -4.6397 -0.250967 2.02642e-25 1.70586e+14 0.000237436 0.00135053 8.01088e-23 3.69114e-08 195654 0 0 8.67863e-25 0 0 0.00722301 0 0 0 0 0 0 0 0 0 0 
0.053 -1.93925 -5.23925 -4.9198 -4.62992 -0.26075 1.38799e-25 1.70579e+14 0.000237445 0.00135056 8.01088e-23 3.69105e-08 195659 0 0 8.67863e-25 0 0 0.00722301 0 0 0 0 0 0 0 0 0 0 
0.0535 -1.92947 -5.22947 -4.9198 -4.62013 -0.270533 9.5069e-26 1.70571e+14 0.000237453 0.00135059 8.01088e-23 3.69097e-08 195663 0 0 8.67863e-25 0 0 0.00722301 0 0 0 0 0 0 0 0 0 0 
0.054 -1.91968 -5.21968 -4.9198 -4.61035 -0.280316 6.5116e-26 1.70564e+14 0.000237462 0.00135062 8.01088e-23 3.69089e-08 195667 0 0 8.67863e-25 0 0 0.00722301 0 0 0 0 0 0 0 0 0 0 
0.0545 -1.9099 -5.2099 -4.9198 -4.60056 -0.2901 4.45997e-26 1.70556e+14 0.000237471 0.00135065 8.01088e-23 3.6908e-08 195672 0 0 8.67863e-25 0 0 0.00722301 0 0 0 0 0 0 0 0 0 0 
0.055 -1.90012 -5.20012 -4.9198 -4.59078 -0.299884 3.05474e-26 1.70548e+14 0.00023748 0.00135068 8.01088e-23 3.69072e-08 195676 0 0 8.67863e-25 0 0 0.00722301 0 0 0 0 0 0 0 0 0 0 
0.0555 -1.89033 -5.19033 -4.9198 -4.58099 -0.309668 2.09224e-26 1.70541e+14 0.000237488 0.00135071 8.01088e-23 3.69064e-08 195681 0 0 8.67863e-25 0 0 0.00722301 0 0 0 0 0 0 0 0 0 0 
0.056 -1.88055 -5.18055 -4.9198 -4.57121 -0.319452 1.433e-26 1.70533e+14 0.000237497 0.00135074 8.01088e-23 3.69055e-08 195685 0 0 8.67863e-25 0 0 0.00722301 0 0 0 0 0 0 0 0 0 0 
0.0565 -1.87076 -5.17076 -4.9198 -4.56142 -0.329236 9.81465e-27 1.70526e+14 0.000237506 0.00135077 8.01088e-23 3.69047e-08 195689 0 0 8.67862e-25 0 0 0.00722301 0 0 0 0 0 0 0 0 0 0 
0.057 -1.86098 -5.16098 -4.9198 -4.55163 -0.339021 6.72205e-27 1.70518e+14 0.000237515 0.0013508 8.01088e-23 3.69039e-08 195694 0 0 8.67863e-25 0 0 0.00722301 0 0 0 0 0 0 0 0 0 0 
0.0575 -1.85119 -5.15119 -4.9198 -4.54185 -0.348805 4.60388e-27 1.70511e+14 0.000237523 0.00135083 8.01088e-23 3.6903e-08 195698 0 0 8.67863e-25 0 0 0.00722301 0 0 0 0 0 0 0 0 0 0 
0.058 -1.84141 -5.14141 -4.9198 -4.53206 -0.35859 3.15314e-27 1.70503e+14 0.000237532 0.00135086 8.01088e-23 3.69022e-08 195703 0 0 8.67863e-25 0 0 0.00722301 0 0 0 0 0 0 0 0 0 0 
0.0585 -1.83162 -5.13162 -4.9198 -4.52227 -0.368376 2.15953e-27 1.70495e+14 0.000237541 0.00135089 8.01088e-23 3.69014e-08 195707 0 0 8.67864e-25 0 0 0.00722301 0 0 0 0 0 0 0 0 0 0 
0.059 -1.82184 -5.12184 -4.9198 -4.51249 -0.378161 1.47901e-27 1.70488e+14 0.00023755 0.00135092 8.01088e-23 3.69005e-08 195712 0 0 8.67863e-25 0 0 0.00722301 0 0 0 0 0 0 0 0 0 0 
0.0595 -1.81205 -5.11205 -4.9198 -4.5027 -0.387947 1.01293e-27 1.7048e+14 0.000237558 0.00135095 8.01088e-23 3.68997e-08 195716 0 0 8.67863e-25 0 0 0.00722301 0 0 0 0 0 0 0 0 0 0 
0.06 -1.80227 -5.10227 -4.9198 -4.49291 -0.397733 6.93717e-28 1.70473e+14 0.000237567 0.00135098 8.01088e-23 3.68989e-08 195720 0 0 8.67863e-25 0 0 0.00722301 0 0 0 0 0 0 0 0 0 0 
0.0605 -1.79248 -5.09248 -4.9198 -4.48313 -0.407519 4.75097e-28 1.70465e+14 0.000237576 0.00135101 8.01088e-23 3.68981e-08 195725 0 0 8.67863e-25 0 0 0.00722301 0 0 0 0 0 0 0 0 0 0 
0.061 -1.78269 -5.08269 -4.9198 -4.47334 -0.417305 3.25371e-28 1.70458e+14 0.000237585 0.00135104 8.01088e-23 3.68972e-08 195729 0 0 8.67863e-25 0 0 0.00722301 0 0 0 0 0 0 0 0 0 0 
0.0615 -1.77291 -5.07291 -4.9198 -4.46355 -0.427092 2.22829e-28 1.7045e+14 0.000237593 0.00135107 8.01088e-23 3.68964e-08 195734 0 0 8.67862e-25 0 0 0.00722301 0 0 0 0 0 0 0 0 0 0 
0.062 -1.76312 -5.06312 -4.9198 -4.45376 -0.436879 1.52603e-28 1.70442e+14 0.000237602 0.0013511 8.01088e-23 3.68956e-08 195738 0 0 8.67862e-25 0 0 0.00722301 0 0 0 0 0 0 0 0 0 0 
0.0625 -1.75333 -5.05333 -4.9198 -4.44397 -0.446666 1.04508e-28 1.70435e+14 0.000237611 0.00135113 8.01088e-23 3.68947e-08 195742 0 0 8.67863e-25 0 0 0.00722301 0 0 0 0 0 0 0 0 0 0 
0.063 -1.74355 -5.04355 -4.9198 -4.43418 -0.456453 7.15698e-29 1.70427e+14 0.00023762 0.00135115 8.01088e-23 3.68939e-08 195747 0 0 8.67864e-25 0 0 0.00722301 0 0 0 0 0 0 0 0 0 0 
0.0635 -1.73376 -5.03376 -4.9198 -4.42439 -0.46624 4.90126e-29 1.7042e+14 0.000237629 0.00135118 8.01088e-23 3.68931e-08 195751 0 0 8.67863e-25 0 0 0.00722301 0 0 0 0 0 0 0 0 0 0 
0.064 -1.72397 -5.02397 -4.9198 -4.41461 -0.476028 3.35647e-29 1.70412e+14 0.000237637 0.00135121 8.01088e-23 3.68922e-08 195756 0 0 8.67863e-25 0 0 0.00722301 0 0 0 0 0 0 0 0 0 0 
0.0645 -1.71418 -5.01418 -4.9198 -4.40482 -0.485816 2.29855e-29 1.70405e+14 0.000237646 0.00135124 8.01088e-23 3.68914e-08 195760 0 0 8.67863e-25 0 0 0.00722301 0 0 0 0 0 0 0 0 0 0 
0.065 -1.7044 -5.0044 -4.9198 -4.39503 -0.495604 1.57406e-29 1.70397e+14 0.000237655 0.00135127 8.01088e-23 3.68906e-08 195764 0 0 8.67863e-25 0 0 0.00722301 0 0 0 0 0 0 0 0 0 0 
0.0655 -1.69461 -4.99461 -4.9198 -4.38524 -0.505392 1.07791e-29 1.7039e+14 0.000237664 0.0013513 8.01088e-23 3.68898e-08 195769 0 0 8.67863e-25 0 0 0.00722301 0 0 0 0 0 0 0 0 0 0 
0.066 -1.68482 -4.98482 -4.9198 -4.37545 -0.515181 7.38149e-30 1.70382e+14 0.000237672 0.00135133 8.01088e-23 3.68889e-08 195773 0 0 8.67863e-25 0 0 0.00722301 0 0 0 0 0 0 0 0 0 0 
0.0665 -1.67503 -4.97503 -4.9198 -4.36566 -0.52497 5.05475e-30 1.70374e+14 0.000237681 0.00135136 8.01088e-23 3.68881e-08 195778 0 0 8.67863e-25 0 0 0.00722301 0 0 0 0 0 0 0 0 0 0 
0.067 -1.66524 -4.96524 -4.9198 -4.35587 -0.534759 3.4614e-30 1.70367e+14 0.00023769 0.00135139 8.01088e-23 3.68873e-08 195782 0 0 8.67862e-25 0 0 0.00722301 0 0 0 0 0 0 0 0 0 0 
0.0675 -1.65545 -4.95545 -4.9198 -4.34607 -0.544548 2.37029e-30 1.70359e+14 0.000237699 0.00135142 8.01088e-23 3.68864e-08 195786 0 0 8.67862e-25 0 0 0.00722301 0 0 0 0 0 0 0 0 0 0 
0.068 -1.64566 -4.94566 -4.9198 -4.33628 -0.554337 1.6231e-30 1.70352e+14 0.000237707 0.00135145 8.01088e-23 3.68856e-08 195791 0 0 8.67863e-25 0 0 0.00722301 0 0 0 0 0 0 0 0 0 0 
0.0685 -1.63587 -4.93587 -4.9198 -4.32649 -0.564127 1.11144e-30 1.70344e+14 0.000237716 0.00135148 8.01088e-23 3.68848e-08 195795 0 0 8.67864e-25 0 0 0.00722301 0 0 0 0 0 0 0 0 0 0 
0.069 -1.62608 -4.92608 -4.9198 -4.3167 -0.573917 7.61071e-31 1.70337e+14 0.000237725 0.00135151 8.01088e-23 3.6884e-08 195800 0 0 8.67863e-25 0 0 0.00722301 0 0 0 0 0 0 0 0 0 0 
0.0695 -1.61629 -4.91629 -4.9198 -4.30691 -0.583707 5.21145e-31 1.70329e+14 0.000237734 0.00135154 8.01088e-23 3.68831e-08 195804 0 0 8.67863e-25 0 0 0.00722301 0 0 0 0 0 0 0 0 0 0 
0.07 -1.6065 -4.9065 -4.9198 -4.29712 -0.593497 3.56853e-31 1.70322e+14 0.000237742 0.00135157 8.01088e-23 3.68823e-08 195808 0 0 8.67863e-25 0 0 0.00722301 0 0 0 0 0 0 0 0 0 0 
0.0705 -1.59671 -4.89671 -4.9198 -4.28733 -0.603288 2.44352e-31 1.70314e+14 0.000237751 0.0013516 8.01088e-23 3.68815e-08 195813 0 0 8.67862e-25 0 0 0.00722301 0 0 0 0 0 0 0 0 0 0 
0.071 -1.58692 -4.88692 -4.9198 -4.27753 -0.613078 1.67316e-31 1.70306e+14 0.00023776 0.00135163 8.01088e-23 3.68806e-08 195817 0 0 8.67863e-25 0 0 0.00722301 0 0 0 0 0 0 0 0 0 0 
0.0715 -1.57713 -4.87713 -4.9198 -4.26774 -0.622869 1.14566e-31 1.70299e+14 0.000237769 0.00135166 8.01088e-23 3.68798e-08 195822 0 0 8.67863e-25 0 0 0.00722301 0 0 0 0 0 0 0 0 0 0 
0.072 -1.56734 -4.86734 -4.9198 -4.25795 -0.632661 7.84464e-32 1.70291e+14 0.000237777 0.00135169 8.01088e-23 3.6879e-08 195826 0 0 8.67863e-25 0 0 0.00722301 0 0 0 0 0 0 0 0 0 0 
0.0725 -1.55755 -4.85755 -4.9198 -4.24815 -0.642452 5.37136e-32 1.70284e+14 0.000237786 0.00135172 8.01088e-23 3.68781e-08 195830 0 0 8.67862e-25 0 0 0.00722301 0 0 0 0 0 0 0 0 0 0 
0.073 -1.54776 -4.84776 -4.9198 -4.23836 -0.652244 3.67784e-32 1.70276e+14 0.000237795 0.00135175 8.01088e-23 3.68773e-08 195835 0 0 8.67863e-25 0 0 0.00722301 0 0 0 0 0 0 0 0 0 0 
0.0735 -1.53796 -4.83796 -4.9198 -4.22857 -0.662036 2.51824e-32 1.70269e+14 0.000237804 0.00135178 8.01088e-23 3.68765e-08 195839 0 0 8.67864e-25 0 0 0.00722301 0 0 0 0 0 0 0 0 0 0 
0.074 -1.52817 -4.82817 -4.9198 -4.21877 -0.671828 1.72424e-32 1.70261e+14 0.000237812 0.0013518 8.01088e-23 3.68757e-08 195844 0 0 8.67863e-25 0 0 0.00722301 0 0 0 0 0 0 0 0 0 0 
0.0745 -1.51838 -4.81838 -4.9198 -4.20898 -0.68162 1.18058e-32 1.70254e+14 0.000237821 0.00135183 8.01088e-23 3.68748e-08 195848 0 0 8.67863e-25 0 0 0.00722301 0 0 0 0 0 0 0 0 0 0 
0.075 -1.50859 -4.80859 -4.9198 -4.19919 -0.691412 8.08328e-33 1.70246e+14 0.00023783 0.00135186 8.01088e-23 3.6874e-08 195852 0 0 8.67863e-25 0 0 0.00722301 0 0 0 0 0 0 0 0 0 0 
0.0755 -1.49879 -4.79879 -4.9198 -4.18939 -0.701205 5.53448e-33 1.70238e+14 0.000237839 0.00135189 8.01088e-23 3.68732e-08 195857 0 0 8.67862e-25 0 0 0.00722301 0 0 0 0 0 0 0 0 0 0 
0.076 -1.489 -4.789 -4.9198 -4.1796 -0.710998 3.78933e-33 1.70231e+14 0.000237847 0.00135192 8.01088e-23 3.68724e-08 195861 0 0 8.67863e-25 0 0 0.00722301 0 0 0 0 0 0 0 0 0 0 
0.0765 -1.47921 -4.77921 -4.9198 -4.1698 -0.720791 2.59445e-33 1.70223e+14 0.000237856 0.00135195 8.01088e-23 3.68715e-08 195866 0 0 8.67863e-25 0 0 0.00722301 0 0 0 0 0 0 0 0 0 0 
0.077 -1.46942 -4.76942 -4.9198 -4.16001 -0.730585 1.77633e-33 1.70216e+14 0.000237865 0.00135198 8.01088e-23 3.68707e-08 195870 0 0 8.67863e-25 0 0 0.00722301 0 0 0 0 0 0 0 0 0 0 
0.0775 -1.45962 -4.75962 -4.9198 -4.15021 -0.740378 1.21618e-33 1.70208e+14 0.000237874 0.00135201 8.01088e-23 3.68699e-08 195874 0 0 8.67862e-25 0 0 0.00722301 0 0 0 0 0 0 0 0 0 0 
0.078 -1.44983 -4.74983 -4.9198 -4.14042 -0.750172 8.32663e-34 1.70201e+14 0.000237882 0.00135204 8.01088e-23 3.6869e-08 195879 0 0 8.67863e-25 0 0 0.00722301 0 0 0 0 0 0 0 0 0 0 
0.0785 -1.44003 -4.74003 -4.9198 -4.13062 -0.759966 5.70081e-34 1.70193e+14 0.000237891 0.00135207 8.01088e-23 3.68682e-08 195883 0 0 8.67863e-25 0 0 0.00722301 0 0 0 0 0 0 0 0 0 0 
0.079 -1.43024 -4.73024 -4.9198 -4.12083 -0.76976 3.90302e-34 1.70186e+14 0.0002379 0.0013521 8.01088e-23 3.68674e-08 195888 0 0 8.67863e-25 0 0 0.00722301 0 0 0 0 0 0 0 0 0 0 
0.0795 -1.42045 -4.72045 -4.9198 -4.11103 -0.779555 2.67215e-34 1.70178e+14 0.000237909 0.00135213 8.01088e-23 3.68666e-08 195892 0 0 8.67863e-25 0 0 0.00722301 0 0 0 0 0 0 0 0 0 0 
0.08 -1.41065 -4.71065 -4.9198 -4.10123 -0.78935 1.82943e-34 1.70171e+14 0.000237918 0.00135216 8.01088e-23 3.68657e-08 195896 0 0 8.67864e-25 0 0 0.00722301 0 0 0 0 0 0 0 0 0 0 
0.0805 -1.40086 -4.70086 -4.9198 -4.09144 -0.799145 1.25248e-34 1.70163e+14 0.000237926 0.00135219 8.01088e-23 3.68649e-08 195901 0 0 8.67863e-25 0 0 0.00722301 0 0 0 0 0 0 0 0 0 0 
0.081 -1.39106 -4.69106 -4.9198 -4.08164 -0.80894 8.57468e-35 1.70156e+14 0.000237935 0.00135222 8.01088e-23 3.68641e-08 195905 0 0 8.67863e-25 0 0 0.00722301 0 0 0 0 0 0 0 0 0 0 
0.0815 -1.38126 -4.68126 -4.9198 -4.07184 -0.818735 5.87034e-35 1.70148e+14 0.000237944 0.00135225 8.01088e-23 3.68632e-08 195910 0 0 8.67863e-25 0 0 0.00722301 0 0 0 0 0 0 0 0 0 0 
0.082 -1.37147 -4.67147 -4.9198 -4.06205 -0.828531 4.01888e-35 1.7014e+14 0.000237953 0.00135228 8.01088e-23 3.68624e-08 195914 0 0 8.67863e-25 0 0 0.00722301 0 0 0 0 0 0 0 0 0 0 
0.0825 -1.36167 -4.66167 -4.9198 -4.05225 -0.838327 2.75133e-35 1.70133e+14 0.000237961 0.00135231 8.01088e-23 3.68616e-08 195918 0 0 8.67862e-25 0 0 0.00722301 0 0 0 0 0 0 0 0 0 0 
0.083 -1.35188 -4.65188 -4.9198 -4.04245 -0.848123 1.88355e-35 1.70125e+14 0.00023797 0.00135234 8.01088e-23 3.68608e-08 195923 0 0 8.67863e-25 0 0 0.00722301 0 0 0 0 0 0 0 0 0 0 
0.0835 -1.34208 -4.64208 -4.9198 -4.03265 -0.857919 1.28946e-35 1.70118e+14 0.000237979 0.00135237 8.01088e-23 3.68599e-08 195927 0 0 8.67863e-25 0 0 0.00722301 0 0 0 0 0 0 0 0 0 0 
0.084 -1.33228 -4.63228 -4.9198 -4.02286 -0.867715 8.82742e-36 1.7011e+14 0.000237988 0.0013524 8.01088e-23 3.68591e-08 195932 0 0 8.67863e-25 0 0 0.00722301 0 0 0 0 0 0 0 0 0 0 
0.0845 -1.32249 -4.62249 -4.9198 -4.01306 -0.877512 6.04306e-36 1.70103e+14 0.000237996 0.00135243 8.01088e-23 3.68583e-08 195936 0 0 8.67863e-25 0 0 0.00722301 0 0 0 0 0 0 0 0 0 0 
0.085 -1.31269 -4.61269 -4.9198 -4.00326 -0.887309 4.13691e-36 1.70095e+14 0.000238005 0.00135246 8.01088e-23 3.68575e-08 195940 0 0 8.67863e-25 0 0 0.00722301 0 0 0 0 0 0 0 0 0 0 
0.0855 -1.30289 -4.60289 -4.9198 -3.99346 -0.897106 2.83199e-36 1.70088e+14 0.000238014 0.00135248 8.01088e-23 3.68566e-08 195945 0 0 8.67863e-25 0 0 0.00722301 0 0 0 0 0 0 0 0 0 0 
0.086 -1.2931 -4.5931 -4.9198 -3.98366 -0.906903 1.93867e-36 1.7008e+14 0.000238023 0.00135251 8.01088e-23 3.68558e-08 195949 0 0 8.67863e-25 0 0 0.00722301 0 0 0 0 0 0 0 0 0 0 
0.0865 -1.2833 -4.5833 -4.9198 -3.97386 -0.916701 1.32712e-36 1.70073e+14 0.000238031 0.00135254 8.01088e-23 3.6855e-08 195954 0 0 8.67863e-25 0 0 0.00722301 0 0 0 0 0 0 0 0 0 0 
0.087 -1.2735 -4.5735 -4.9198 -3.96406 -0.926499 9.08482e-37 1.70065e+14 0.00023804 0.00135257 8.01088e-23 3.68542e-08 195958 0 0 8.67863e-25 0 0 0.00722301 0 0 0 0 0 0 0 0 0 0 
0.0875 -1.2637 -4.5637 -4.9198 -3.95426 -0.936297 6.21895e-37 1.70058e+14 0.000238049 0.0013526 8.01088e-23 3.68533e-08 195962 0 0 8.67862e-25 0 0 0.00722301 0 0 0 0 0 0 0 0 0 0 
0.088 -1.25391 -4.55391 -4.9198 -3.94446 -0.946095 4.2571e-37 1.7005e+14 0.000238058 0.00135263 8.01088e-23 3.68525e-08 195967 0 0 8.67862e-25 0 0 0.00722301 0 0 0 0 0 0 0 0 0 0 
0.0885 -1.24411 -4.54411 -4.9198 -3.93466 -0.955893 2.91412e-37 1.70043e+14 0.000238066 0.00135266 8.01088e-23 3.68517e-08 195971 0 0 8.67863e-25 0 0 0.00722301 0 0 0 0 0 0 0 0 0 0 
0.089 -1.23431 -4.53431 -4.9198 -3.92486 -0.965692 1.99479e-37 1.70035e+14 0.000238075 0.00135269 8.01088e-23 3.68508e-08 195976 0 0 8.67864e-25 0 0 0.00722301 0 0 0 0 0 0 0 0 0 0 
0.0895 -1.22451 -4.52451 -4.9198 -3.91506 -0.975491 1.36547e-37 1.70027e+14 0.000238084 0.00135272 8.01088e-23 3.685e-08 195980 0 0 8.67863e-25 0 0 0.00722301 0 0 0 0 0 0 0 0 0 0 
0.09 -1.21471 -4.51471 -4.9198 -3.90526 -0.98529 9.34687e-38 1.7002e+14 0.000238093 0.00135275 8.01088e-23 3.68492e-08 195984 0 0 8.67862e-25 0 0 0.00722301 0 0 0 0 0 0 0 0 0 0 
0.0905 -1.20491 -4.50491 -4.9198 -3.89546 -0.995089 6.39801e-38 1.70012e+14 0.000238101 0.00135278 8.01088e-23 3.68484e-08 195989 0 0 8.67862e-25 0 0 0.00722301 0 0 0 0 0 0 0 0 0 0 
0.091 -1.19511 -4.49511 -4.9198 -3.88566 -1.00489 4.37945e-38 1.70005e+14 0.00023811 0.00135281 8.01088e-23 3.68475e-08 195993 0 0 8.67863e-25 0 0 0.00722301 0 0 0 0 0 0 0 0 0 0 
0.0915 -1.18531 -4.48531 -4.9198 -3.87586 -1.01469 2.99772e-38 1.69997e+14 0.000238119 0.00135284 8.01088e-23 3.68467e-08 195998 0 0 8.67863e-25 0 0 0.00722301 0 0 0 0 0 0 0 0 0 0 
0.092 -1.17551 -4.47551 -4.9198 -3.86606 -1.02449 2.05191e-38 1.6999e+14 0.000238128 0.00135287 8.01088e-23 3.68459e-08 196002 0 0 8.67862e-25 0 0 0.00722301 0 0 0 0 0 0 0 0 0 0 
0.0925 -1.16571 -4.46571 -4.9198 -3.85626 -1.03429 1.4045e-38 1.69982e+14 0.000238137 0.0013529 8.01088e-23 3.68451e-08 196006 0 0 8.67863e-25 0 0 0.00722301 0 0 0 0 0 0 0 0 0 0 
0.093 -1.15591 -4.45591 -4.9198 -3.84645 -1.04409 9.61353e-39 1.69975e+14 0.000238145 0.00135293 8.01088e-23 3.68442e-08 196011 0 0 8.67863e-25 0 0 0.00722301 0 0 0 0 0 0 0 0 0 0 
0.0935 -1.14611 -4.44611 -4.9198 -3.83665 -1.05389 6.58021e-39 1.69967e+14 0.000238154 0.00135296 8.01088e-23 3.68434e-08 196015 0 0 8.67863e-25 0 0 0.00722301 0 0 0 0 0 0 0 0 0 0 
0.094 -1.13631 -4.43631 -4.9198 -3.82685 -1.06369 4.50394e-39 1.6996e+14 0.000238163 0.00135299 8.01088e-23 3.68426e-08 196020 0 0 8.67864e-25 0 0 0.00722301 0 0 0 0 0 0 0 0 0 0 
0.0945 -1.12651 -4.42651 -4.9198 -3.81705 -1.07349 3.08277e-39 1.69952e+14 0.000238172 0.00135302 8.01088e-23 3.68418e-08 196024 0 0 8.67863e-25 0 0 0.00722301 0 0 0 0 0 0 0 0 0 0 
0.095 -1.11671 -4.41671 -4.9198 -3.80724 -1.08329 2.11002e-39 1.69945e+14 0.00023818 0.00135305 8.01088e-23 3.68409e-08 196028 0 0 8.67862e-25 0 0 0.00722301 0 0 0 0 0 0 0 0 0 0 
0.0955 -1.10691 -4.40691 -4.9198 -3.79744 -1.09309 1.4442e-39 1.69937e+14 0.000238189 0.00135308 8.01088e-23 3.68401e-08 196033 0 0 8.67863e-25 0 0 0.00722301 0 0 0 0 0 0 0 0 0 0 
0.096 -1.0971 -4.3971 -4.9198 -3.78764 -1.1029 9.88478e-40 1.6993e+14 0.000238198 0.00135311 8.01088e-23 3.68393e-08 196037 0 0 8.67863e-25 0 0 0.00722301 0 0 0 0 0 0 0 0 0 0 
0.0965 -1.0873 -4.3873 -4.9198 -3.77783 -1.1127 6.76552e-40 1.69922e+14 0.000238207 0.00135314 8.01088e-23 3.68385e-08 196042 0 0 8.67862e-25 0 0 0.00722301 0 0 0 0 0 0 0 0 0 0 
0.097 -1.0775 -4.3775 -4.9198 -3.76803 -1.1225 4.63054e-40 1.69915e+14 0.000238215 0.00135316 8.01088e-23 3.68376e-08 196046 0 0 8.67863e-25 0 0 0.00722301 0 0 0 0 0 0 0 0 0 0 
0.0975 -1.0677 -4.3677 -4.9198 -3.75823 -1.1323 3.16927e-40 1.69907e+14 0.000238224 0.00135319 8.01088e-23 3.68368e-08 196050 0 0 8.67864e-25 0 0 0.00722301 0 0 0 0 0 0 0 0 0 0 
0.098 -1.05789 -4.35789 -4.9198 -3.74842 -1.14211 2.16911e-40 1.699e+14 0.000238233 0.00135322 8.01088e-23 3.6836e-08 196055 0 0 8.67863e-25 0 0 0.00722301 0 0 0 0 0 0 0 0 0 0 
0.0985 -1.04809 -4.34809 -4.9198 -3.73862 -1.15191 1.48457e-40 1.69892e+14 0.000238242 0.00135325 8.01088e-23 3.68352e-08 196059 0 0 8.67863e-25 0 0 0.00722301 0 0 0 0 0 0 0 0 0 0 
0.099 -1.03829 -4.33829 -4.9198 -3.72881 -1.16171 1.01606e-40 1.69885e+14 0.00023825 0.00135328 8.01088e-23 3.68343e-08 196063 0 0 8.67863e-25 0 0 0.00722301 0 0 0 0 0 0 0 0 0 0 
0.0995 -1.02849 -4.32849 -4.9198 -3.71901 -1.17151 6.95393e-41 1.69877e+14 0.000238259 0.00135331 8.01088e-23 3.68335e-08 196068 0 0 8.67863e-25 0 0 0.00722301 0 0 0 0 0 0 0 0 0 0 
0.1 -1.01868 -4.31868 -4.9198 -3.7092 -1.18132 4.75925e-41 1.6987e+14 0.000238268 0.00135334 8.01088e-23 3.68327e-08 196072 0 0 8.67864e-25 0 0 0.00722301 0 0 0 0 0 0 0 0 0 0 
0.1005 -1.00888 -4.30888 -4.9198 -3.6994 -1.19112 3.2572e-41 1.69862e+14 0.000238277 0.00135337 8.01088e-23 3.68319e-08 196077 0 0 8.67863e-25 0 0 0.00722301 0 0 0 0 0 0 0 0 0 0 
0.101 -0.999074 -4.29907 -4.9198 -3.68959 -1.20093 2.22918e-41 1.69854e+14 0.000238285 0.0013534 8.01088e-23 3.6831e-08 196081 0 0 8.67863e-25 0 0 0.00722301 0 0 0 0 0 0 0 0 0 0 
0.1015 -0.98927 -4.28927 -4.9198 -3.67979 -1.21073 1.52561e-41 1.69847e+14 0.000238294 0.00135343 8.01088e-23 3.68302e-08 196085 0 0 8.67862e-25 0 0 0.00722301 0 0 0 0 0 0 0 0 0 0 
0.102 -0.979465 -4.27947 -4.9198 -3.66998 -1.22053 1.04409e-41 1.69839e+14 0.000238303 0.00135346 8.01088e-23 3.68294e-08 196090 0 0 8.67863e-25 0 0 0.00722301 0 0 0 0 0 0 0 0 0 0 
0.1025 -0.969661 -4.26966 -4.9198 -3.66017 -1.23034 7.1454e-42 1.69832e+14 0.000238312 0.00135349 8.01088e-23 3.68286e-08 196094 0 0 8.67863e-25 0 0 0.00722301 0 0 0 0 0 0 0 0 0 0 
0.103 -0.959856 -4.25986 -4.9198 -3.65037 -1.24014 4.89005e-42 1.69824e+14 0.00023832 0.00135352 8.01088e-23 3.68277e-08 196099 0 0 8.67863e-25 0 0 0.00722301 0 0 0 0 0 0 0 0 0 0 
0.1035 -0.950051 -4.25005 -4.9198 -3.64056 -1.24995 3.34654e-42 1.69817e+14 0.000238329 0.00135355 8.01088e-23 3.68269e-08 196103 0 0 8.67863e-25 0 0 0.00722301 0 0 0 0 0 0 0 0 0 0 
0.104 -0.940246 -4.24025 -4.9198 -3.63075 -1.25975 2.29021e-42 1.69809e+14 0.000238338 0.00135358 8.01088e-23 3.68261e-08 196107 0 0 8.67862e-25 0 0 0.00722301 0 0 0 0 0 0 0 0 0 0 
0.1045 -0.93044 -4.23044 -4.9198 -3.62095 -1.26956 1.56729e-42 1.69802e+14 0.000238347 0.00135361 8.01088e-23 3.68253e-08 196112 0 0 8.67862e-25 0 0 0.00722301 0 0 0 0 0 0 0 0 0 0 
0.105 -0.920634 -4.22063 -4.9198 -3.61114 -1.27937 1.07256e-42 1.69794e+14 0.000238356 0.00135364 8.01088e-23 3.68244e-08 196116 0 0 8.67863e-25 0 0 0.00722301 0 0 0 0 0 0 0 0 0 0 
0.1055 -0.910829 -4.21083 -4.9198 -3.60133 -1.28917 7.3399e-43 1.69787e+14 0.000238364 0.00135367 8.01088e-23 3.68236e-08 196121 0 0 8.67863e-25 0 0 0.00722301 0 0 0 0 0 0 0 0 0 0 
0.106 -0.901022 -4.20102 -4.9198 -3.59153 -1.29898 5.0229e-43 1.69779e+14 0.000238373 0.0013537 8.01088e-23 3.68228e-08 196125 0 0 8.67862e-25 0 0 0.00722301 0 0 0 0 0 0 0 0 0 0 
0.1065 -0.891216 -4.19122 -4.9198 -3.58172 -1.30878 3.43728e-43 1.69772e+14 0.000238382 0.00135373 8.01088e-23 3.6822e-08 196129 0 0 8.67863e-25 0 0 0.00722301 0 0 0 0 0 0 0 0 0 0 
0.107 -0.88141 -4.18141 -4.9198 -3.57191 -1.31859 2.35219e-43 1.69764e+14 0.000238391 0.00135376 8.01088e-23 3.68212e-08 196134 0 0 8.67863e-25 0 0 0.00722301 0 0 0 0 0 0 0 0 0 0 
0.1075 -0.871603 -4.1716 -4.9198 -3.5621 -1.3284 1.60963e-43 1.69757e+14 0.000238399 0.00135379 8.01088e-23 3.68203e-08 196138 0 0 8.67863e-25 0 0 0.00722301 0 0 0 0 0 0 0 0 0 0 
0.108 -0.861796 -4.1618 -4.9198 -3.55229 -1.3382 1.10148e-43 1.69749e+14 0.000238408 0.00135382 8.01088e-23 3.68195e-08 196142 0 0 8.67863e-25 0 0 0.00722301 0 0 0 0 0 0 0 0 0 0 
0.1085 -0.851988 -4.15199 -4.9198 -3.54248 -1.34801 7.53739e-44 1.69742e+14 0.000238417 0.00135385 8.01088e-23 3.68187e-08 196147 0 0 8.67862e-25 0 0 0.00722301 0 0 0 0 0 0 0 0 0 0 
0.109 -0.842181 -4.14218 -4.9198 -3.53267 -1.35782 5.15778e-44 1.69734e+14 0.000238426 0.00135387 8.01088e-23 3.68179e-08 196151 0 0 8.67863e-25 0 0 0.00722301 0 0 0 0 0 0 0 0 0 0 
0.1095 -0.832373 -4.13237 -4.9198 -3.52287 -1.36763 3.52941e-44 1.69727e+14 0.000238434 0.0013539 8.01088e-23 3.6817e-08 196156 0 0 8.67863e-25 0 0 0.00722301 0 0 0 0 0 0 0 0 0 0 
0.11 -0.822565 -4.12257 -4.9198 -3.51306 -1.37743 2.41511e-44 1.69719e+14 0.000238443 0.00135393 8.01088e-23 3.68162e-08 196160 0 0 8.67863e-25 0 0 0.00722301 0 0 0 0 0 0 0 0 0 0 
0.1105 -0.812757 -4.11276 -4.9198 -3.50325 -1.38724 1.6526e-44 1.69712e+14 0.000238452 0.00135396 8.01088e-23 3.68154e-08 196164 0 0 8.67863e-25 0 0 0.00722301 0 0 0 0 0 0 0 0 0 0 
0.111 -0.802949 -4.10295 -4.9198 -3.49344 -1.39705 1.13082e-44 1.69704e+14 0.000238461 0.00135399 8.01088e-23 3.68146e-08 196169 0 0 8.67863e-25 0 0 0.00722301 0 0 0 0 0 0 0 0 0 0 
0.1115 -0.79314 -4.09314 -4.9198 -3.48363 -1.40686 7.73782e-45 1.69697e+14 0.000238469 0.00135402 8.01088e-23 3.68137e-08 196173 0 0 8.67862e-25 0 0 0.00722301 0 0 0 0 0 0 0 0 0 0 
0.112 -0.783332 -4.08333 -4.9198 -3.47382 -1.41667 5.29467e-45 1.69689e+14 0.000238478 0.00135405 8.01088e-23 3.68129e-08 196178 0 0 8.67863e-25 0 0 0.00722301 0 0 0 0 0 0 0 0 0 0 
0.1125 -0.773523 -4.07352 -4.9198 -3.46401 -1.42648 3.62289e-45 1.69682e+14 0.000238487 0.00135408 8.01088e-23 3.68121e-08 196182 0 0 8.67864e-25 0 0 0.00722301 0 0 0 0 0 0 0 0 0 0 
0.113 -0.763713 -4.06371 -4.9198 -3.45419 -1.43629 2.47895e-45 1.69674e+14 0.000238496 0.00135411 8.01088e-23 3.68113e-08 196186 0 0 8.67863e-25 0 0 0.00722301 0 0 0 0 0 0 0 0 0 0 
0.1135 -0.753904 -4.0539 -4.9198 -3.44438 -1.4461 1.6962e-45 1.69667e+14 0.000238505 0.00135414 8.01088e-23 3.68105e-08 196191 0 0 8.67863e-25 0 0 0.00722301 0 0 0 0 0 0 0 0 0 0 
0.114 -0.744094 -4.04409 -4.9198 -3.43457 -1.45591 1.1606e-45 1.69659e+14 0.000238513 0.00135417 8.01088e-23 3.68096e-08 196195 0 0 8.67862e-25 0 0 0.00722301 0 0 0 0 0 0 0 0 0 0 
0.1145 -0.734285 -4.03428 -4.9198 -3.42476 -1.46572 7.94117e-46 1.69652e+14 0.000238522 0.0013542 8.01088e-23 3.68088e-08 196200 0 0 8.67862e-25 0 0 0.00722301 0 0 0 0 0 0 0 0 0 0 
0.115 -0.724474 -4.02447 -4.9198 -3.41495 -1.47553 5.43353e-46 1.69644e+14 0.000238531 0.00135423 8.01088e-23 3.6808e-08 196204 0 0 8.67863e-25 0 0 0.00722301 0 0 0 0 0 0 0 0 0 0 
0.1155 -0.714664 -4.01466 -4.9198 -3.40514 -1.48534 3.71772e-46 1.69637e+14 0.00023854 0.00135426 8.01088e-23 3.68072e-08 196208 0 0 8.67863e-25 0 0 0.00722301 0 0 0 0 0 0 0 0 0 0 
0.116 -0.704854 -4.00485 -4.9198 -3.39533 -1.49515 2.54371e-46 1.69629e+14 0.000238548 0.00135429 8.01088e-23 3.68063e-08 196213 0 0 8.67863e-25 0 0 0.00722301 0 0 0 0 0 0 0 0 0 0 
0.1165 -0.695043 -3.99504 -4.9198 -3.38551 -1.50496 1.74042e-46 1.69622e+14 0.000238557 0.00135432 8.01088e-23 3.68055e-08 196217 0 0 8.67863e-25 0 0 0.00722301 0 0 0 0 0 0 0 0 0 0 
0.117 -0.685232 -3.98523 -4.9198 -3.3757 -1.51477 1.1908e-46 1.69614e+14 0.000238566 0.00135435 8.01088e-23 3.68047e-08 196221 0 0 8.67863e-25 0 0 0.00722301 0 0 0 0 0 0 0 0 0 0 
0.1175 -0.675421 -3.97542 -4.9198 -3.36589 -1.52458 8.14736e-47 1.69607e+14 0.000238575 0.00135438 8.01088e-23 3.68039e-08 196226 0 0 8.67863e-25 0 0 0.00722301 0 0 0 0 0 0 0 0 0 0 
0.118 -0.665609 -3.96561 -4.9198 -3.35608 -1.53439 5.57433e-47 1.69599e+14 0.000238583 0.00135441 8.01088e-23 3.68031e-08 196230 0 0 8.67863e-25 0 0 0.00722301 0 0 0 0 0 0 0 0 0 0 
0.1185 -0.655798 -3.9558 -4.9198 -3.34626 -1.5442 3.81386e-47 1.69592e+14 0.000238592 0.00135444 8.01088e-23 3.68022e-08 196235 0 0 8.67863e-25 0 0 0.00722301 0 0 0 0 0 0 0 0 0 0 
0.119 -0.645986 -3.94599 -4.9198 -3.33645 -1.55401 2.60936e-47 1.69584e+14 0.000238601 0.00135447 8.01088e-23 3.68014e-08 196239 0 0 8.67863e-25 0 0 0.00722301 0 0 0 0 0 0 0 0 0 0 
0.1195 -0.636174 -3.93617 -4.9198 -3.32664 -1.56383 1.78525e-47 1.69577e+14 0.00023861 0.0013545 8.01088e-23 3.68006e-08 196243 0 0 8.67862e-25 0 0 0.00722301 0 0 0 0 0 0 0 0 0 0 
0.12 -0.626362 -3.92636 -4.9198 -3.31682 -1.57364 1.22141e-47 1.69569e+14 0.000238618 0.00135453 8.01088e-23 3.67998e-08 196248 0 0 8.67863e-25 0 0 0.00722301 0 0 0 0 0 0 0 0 0 0 
0.1205 -0.616549 -3.91655 -4.9198 -3.30701 -1.58345 8.35636e-48 1.69562e+14 0.000238627 0.00135455 8.01088e-23 3.67989e-08 196252 0 0 8.67864e-25 0 0 0.00722301 0 0 0 0 0 0 0 0 0 0 
0.121 -0.606736 -3.90674 -4.9198 -3.29719 -1.59326 5.71704e-48 1.69554e+14 0.000238636 0.00135458 8.01088e-23 3.67981e-08 196257 0 0 8.67864e-25 0 0 0.00722301 0 0 0 0 0 0 0 0 0 0 
0.1215 -0.596923 -3.89692 -4.9198 -3.28738 -1.60308 3.9113e-48 1.69547e+14 0.000238645 0.00135461 8.01088e-23 3.67973e-08 196261 0 0 8.67863e-25 0 0 0.00722301 0 0 0 0 0 0 0 0 0 0 
0.122 -0.58711 -3.88711 -4.9198 -3.27756 -1.61289 2.67589e-48 1.69539e+14 0.000238654 0.00135464 8.01088e-23 3.67965e-08 196265 0 0 8.67863e-25 0 0 0.00722301 0 0 0 0 0 0 0 0 0 0 
0.1225 -0.577297 -3.8773 -4.9198 -3.26775 -1.6227 1.83067e-48 1.69532e+14 0.000238662 0.00135467 8.01088e-23 3.67957e-08 196270 0 0 8.67862e-25 0 0 0.00722301 0 0 0 0 0 0 0 0 0 0 
0.123 -0.567483 -3.86748 -4.9198 -3.25793 -1.63252 1.25242e-48 1.69525e+14 0.000238671 0.0013547 8.01088e-23 3.67948e-08 196274 0 0 8.67863e-25 0 0 0.00722301 0 0 0 0 0 0 0 0 0 0 
0.1235 -0.557669 -3.85767 -4.9198 -3.24812 -1.64233 8.56811e-49 1.69517e+14 0.00023868 0.00135473 8.01088e-23 3.6794e-08 196278 0 0 8.67863e-25 0 0 0.00722301 0 0 0 0 0 0 0 0 0 0 
0.124 -0.547855 -3.84786 -4.9198 -3.2383 -1.65214 5.86161e-49 1.6951e+14 0.000238689 0.00135476 8.01088e-23 3.67932e-08 196283 0 0 8.67863e-25 0 0 0.00722301 0 0 0 0 0 0 0 0 0 0 
0.1245 -0.538041 -3.83804 -4.9198 -3.22849 -1.66196 4.01e-49 1.69502e+14 0.000238697 0.00135479 8.01088e-23 3.67924e-08 196287 0 0 8.67863e-25 0 0 0.00722301 0 0 0 0 0 0 0 0 0 0 
0.125 -0.528227 -3.82823 -4.9198 -3.21867 -1.67177 2.74327e-49 1.69495e+14 0.000238706 0.00135482 8.01088e-23 3.67916e-08 196292 0 0 8.67863e-25 0 0 0.00722301 0 0 0 0 0 0 0 0 0 0 
0.1255 -0.518412 -3.81841 -4.9198 -3.20885 -1.68159 1.87668e-49 1.69487e+14 0.000238715 0.00135485 8.01088e-23 3.67907e-08 196296 0 0 8.67862e-25 0 0 0.00722301 0 0 0 0 0 0 0 0 0 0 
0.126 -0.508597 -3.8086 -4.9198 -3.19904 -1.6914 1.28383e-49 1.6948e+14 0.000238724 0.00135488 8.01088e-23 3.67899e-08 196300 0 0 8.67862e-25 0 0 0.00722301 0 0 0 0 0 0 0 0 0 0 
0.1265 -0.498782 -3.79878 -4.9198 -3.18922 -1.70122 8.78254e-50 1.69472e+14 0.000238732 0.00135491 8.01088e-23 3.67891e-08 196305 0 0 8.67863e-25 0 0 0.00722301 0 0 0 0 0 0 0 0 0 0 
0.127 -0.488967 -3.78897 -4.9198 -3.1794 -1.71103 6.008e-50 1.69465e+14 0.000238741 0.00135494 8.01088e-23 3.67883e-08 196309 0 0 8.67863e-25 0 0 0.00722301 0 0 0 0 0 0 0 0 0 0 
0.1275 -0.479151 -3.77915 -4.9198 -3.16959 -1.72085 4.10994e-50 1.69457e+14 0.00023875 0.00135497 8.01088e-23 3.67875e-08 196313 0 0 8.67863e-25 0 0 0.00722301 0 0 0 0 0 0 0 0 0 0 
0.128 -0.469335 -3.76934 -4.9198 -3.15977 -1.73066 2.8115e-50 1.6945e+14 0.000238759 0.001355 8.01088e-23 3.67866e-08 196318 0 0 8.67863e-25 0 0 0.00722301 0 0 0 0 0 0 0 0 0 0 
0.1285 -0.459519 -3.75952 -4.9198 -3.14995 -1.74048 1.92325e-50 1.69442e+14 0.000238767 0.00135503 8.01088e-23 3.67858e-08 196322 0 0 8.67862e-25 0 0 0.00722301 0 0 0 0 0 0 0 0 0 0 
0.129 -0.449703 -3.7497 -4.9198 -3.14013 -1.7503 1.31562e-50 1.69435e+14 0.000238776 0.00135506 8.01088e-23 3.6785e-08 196327 0 0 8.67862e-25 0 0 0.00722301 0 0 0 0 0 0 0 0 0 0 
0.1295 -0.439887 -3.73989 -4.9198 -3.13032 -1.76011 8.9996e-51 1.69427e+14 0.000238785 0.00135509 8.01088e-23 3.67842e-08 196331 0 0 8.67863e-25 0 0 0.00722301 0 0 0 0 0 0 0 0 0 0 
0.13 -0.43007 -3.73007 -4.9198 -3.1205 -1.76993 6.15617e-51 1.6942e+14 0.000238794 0.00135512 8.01088e-23 3.67834e-08 196335 0 0 8.67863e-25 0 0 0.00722301 0 0 0 0 0 0 0 0 0 0 
0.1305 -0.420253 -3.72025 -4.9198 -3.11068 -1.77975 4.21109e-51 1.69412e+14 0.000238803 0.00135515 8.01088e-23 3.67825e-08 196340 0 0 8.67863e-25 0 0 0.00722301 0 0 0 0 0 0 0 0 0 0 
0.131 -0.410436 -3.71044 -4.9198 -3.10086 -1.78956 2.88055e-51 1.69405e+14 0.000238811 0.00135518 8.01088e-23 3.67817e-08 196344 0 0 8.67863e-25 0 0 0.00722301 0 0 0 0 0 0 0 0 0 0 
0.1315 -0.400619 -3.70062 -4.9198 -3.09104 -1.79938 1.97039e-51 1.69397e+14 0.00023882 0.00135521 8.01088e-23 3.67809e-08 196349 0 0 8.67863e-25 0 0 0.00722301 0 0 0 0 0 0 0 0 0 0 
0.132 -0.390801 -3.6908 -4.9198 -3.08122 -1.8092 1.3478e-51 1.6939e+14 0.000238829 0.00135524 8.01088e-23 3.67801e-08 196353 0 0 8.67862e-25 0 0 0.00722301 0 0 0 0 0 0 0 0 0 0 
0.1325 -0.380983 -3.68098 -4.9198 -3.0714 -1.81902 9.2192e-52 1.69382e+14 0.000238838 0.00135526 8.01088e-23 3.67793e-08 196357 0 0 8.67862e-25 0 0 0.00722301 0 0 0 0 0 0 0 0 0 0 
0.133 -0.371165 -3.67117 -4.9198 -3.06158 -1.82883 6.30607e-52 1.69375e+14 0.000238846 0.00135529 8.01088e-23 3.67784e-08 196362 0 0 8.67863e-25 0 0 0.00722301 0 0 0 0 0 0 0 0 0 0 
0.1335 -0.361347 -3.66135 -4.9198 -3.05177 -1.83865 4.31341e-52 1.69367e+14 0.000238855 0.00135532 8.01088e-23 3.67776e-08 196366 0 0 8.67863e-25 0 0 0.00722301 0 0 0 0 0 0 0 0 0 0 
0.134 -0.351529 -3.65153 -4.9198 -3.04195 -1.84847 2.95039e-52 1.6936e+14 0.000238864 0.00135535 8.01088e-23 3.67768e-08 196370 0 0 8.67863e-25 0 0 0.00722301 0 0 0 0 0 0 0 0 0 0 
0.1345 -0.34171 -3.64171 -4.9198 -3.03213 -1.85829 2.01806e-52 1.69353e+14 0.000238873 0.00135538 8.01088e-23 3.6776e-08 196375 0 0 8.67863e-25 0 0 0.00722301 0 0 0 0 0 0 0 0 0 0 
0.135 -0.331891 -3.63189 -4.9198 -3.0223 -1.86811 1.38033e-52 1.69345e+14 0.000238881 0.00135541 8.01088e-23 3.67752e-08 196379 0 0 8.67863e-25 0 0 0.00722301 0 0 0 0 0 0 0 0 0 0 
0.1355 -0.322072 -3.62207 -4.9198 -3.01248 -1.87793 9.44129e-53 1.69338e+14 0.00023889 0.00135544 8.01088e-23 3.67743e-08 196384 0 0 8.67862e-25 0 0 0.00722301 0 0 0 0 0 0 0 0 0 0 
0.136 -0.312253 -3.61225 -4.9198 -3.00266 -1.88775 6.45765e-53 1.6933e+14 0.000238899 0.00135547 8.01088e-23 3.67735e-08 196388 0 0 8.67863e-25 0 0 0.00722301 0 0 0 0 0 0 0 0 0 0 
0.1365 -0.302433 -3.60243 -4.9198 -2.99284 -1.89757 4.41687e-53 1.69323e+14 0.000238908 0.0013555 8.01088e-23 3.67727e-08 196392 0 0 8.67863e-25 0 0 0.00722301 0 0 0 0 0 0 0 0 0 0 
0.137 -0.292614 -3.59261 -4.9198 -2.98302 -1.90739 3.021e-53 1.69315e+14 0.000238916 0.00135553 8.01088e-23 3.67719e-08 196397 0 0 8.67863e-25 0 0 0.00722301 0 0 0 0 0 0 0 0 0 0 
0.1375 -0.282794 -3.58279 -4.9198 -2.9732 -1.91721 2.06625e-53 1.69308e+14 0.000238925 0.00135556 8.01088e-23 3.67711e-08 196401 0 0 8.67863e-25 0 0 0.00722301 0 0 0 0 0 0 0 0 0 0 
0.138 -0.272974 -3.57297 -4.9198 -2.96338 -1.92703 1.41323e-53 1.693e+14 0.000238934 0.00135559 8.01088e-23 3.67702e-08 196405 0 0 8.67863e-25 0 0 0.00722301 0 0 0 0 0 0 0 0 0 0 
0.1385 -0.263153 -3.56315 -4.9198 -2.95356 -1.93685 9.66577e-54 1.69293e+14 0.000238943 0.00135562 8.01088e-23 3.67694e-08 196410 0 0 8.67863e-25 0 0 0.00722301 0 0 0 0 0 0 0 0 0 0 
0.139 -0.253333 -3.55333 -4.9198 -2.94373 -1.94667 6.61086e-54 1.69285e+14 0.000238952 0.00135565 8.01088e-23 3.67686e-08 196414 0 0 8.67863e-25 0 0 0.00722301 0 0 0 0 0 0 0 0 0 0 
0.1395 -0.243512 -3.54351 -4.9198 -2.93391 -1.95649 4.52143e-54 1.69278e+14 0.00023896 0.00135568 8.01088e-23 3.67678e-08 196419 0 0 8.67863e-25 0 0 0.00722301 0 0 0 0 0 0 0 0 0 0 
0.14 -0.233691 -3.53369 -4.9198 -2.92409 -1.96631 3.09236e-54 1.6927e+14 0.000238969 0.00135571 8.01088e-23 3.6767e-08 196423 0 0 8.67862e-25 0 0 0.00722301 0 0 0 0 0 0 0 0 0 0 
0.1405 -0.22387 -3.52387 -4.9198 -2.91427 -1.97613 2.11495e-54 1.69263e+14 0.000238978 0.00135574 8.01088e-23 3.67661e-08 196427 0 0 8.67863e-25 0 0 0.00722301 0 0 0 0 0 0 0 0 0 0 
0.141 -0.214048 -3.51405 -4.9198 -2.90444 -1.98595 1.44646e-54 1.69255e+14 0.000238987 0.00135577 8.01088e-23 3.67653e-08 196432 0 0 8.67863e-25 0 0 0.00722301 0 0 0 0 0 0 0 0 0 0 
0.1415 -0.204226 -3.50423 -4.9198 -2.89462 -1.99577 9.89259e-55 1.69248e+14 0.000238995 0.0013558 8.01088e-23 3.67645e-08 196436 0 0 8.67863e-25 0 0 0.00722301 0 0 0 0 0 0 0 0 0 0 
0.142 -0.194404 -3.4944 -4.9198 -2.8848 -2.0056 6.76564e-55 1.69241e+14 0.000239004 0.00135583 8.01088e-23 3.67637e-08 196440 0 0 8.67863e-25 0 0 0.00722301 0 0 0 0 0 0 0 0 0 0 
0.1425 -0.184582 -3.48458 -4.9198 -2.87497 -2.01542 4.62706e-55 1.69233e+14 0.000239013 0.00135586 8.01088e-23 3.67629e-08 196445 0 0 8.67863e-25 0 0 0.00722301 0 0 0 0 0 0 0 0 0 0 
0.143 -0.17476 -3.47476 -4.9198 -2.86515 -2.02524 3.16444e-55 1.69226e+14 0.000239022 0.00135589 8.01088e-23 3.67621e-08 196449 0 0 8.67863e-25 0 0 0.00722301 0 0 0 0 0 0 0 0 0 0 
0.1435 -0.164937 -3.46494 -4.9198 -2.85532 -2.03506 2.16414e-55 1.69218e+14 0.00023903 0.00135592 8.01088e-23 3.67612e-08 196454 0 0 8.67863e-25 0 0 0.00722301 0 0 0 0 0 0 0 0 0 0 
0.144 -0.155115 -3.45511 -4.9198 -2.8455 -2.04489 1.48003e-55 1.69211e+14 0.000239039 0.00135595 8.01088e-23 3.67604e-08 196458 0 0 8.67863e-25 0 0 0.00722301 0 0 0 0 0 0 0 0 0 0 
0.1445 -0.145292 -3.44529 -4.9198 -2.83568 -2.05471 1.01216e-55 1.69203e+14 0.000239048 0.00135598 8.01088e-23 3.67596e-08 196462 0 0 8.67863e-25 0 0 0.00722301 0 0 0 0 0 0 0 0 0 0 
0.145 -0.135468 -3.43547 -4.9198 -2.82585 -2.06453 6.92194e-56 1.69196e+14 0.000239057 0.001356 8.01088e-23 3.67588e-08 196467 0 0 8.67863e-25 0 0 0.00722301 0 0 0 0 0 0 0 0 0 0 
0.1455 -0.125645 -3.42564 -4.9198 -2.81603 -2.07436 4.73371e-56 1.69188e+14 0.000239066 0.00135603 8.01088e-23 3.6758e-08 196471 0 0 8.67864e-25 0 0 0.00722301 0 0 0 0 0 0 0 0 0 0 
0.146 -0.115821 -3.41582 -4.9198 -2.8062 -2.08418 3.23722e-56 1.69181e+14 0.000239074 0.00135606 8.01088e-23 3.67571e-08 196475 0 0 8.67863e-25 0 0 0.00722301 0 0 0 0 0 0 0 0 0 0 
0.1465 -0.105997 -3.406 -4.9198 -2.79638 -2.094 2.2138e-56 1.69173e+14 0.000239083 0.00135609 8.01088e-23 3.67563e-08 196480 0 0 8.67863e-25 0 0 0.00722301 0 0 0 0 0 0 0 0 0 0 
0.147 -0.0961733 -3.39617 -4.9198 -2.78655 -2.10383 1.51391e-56 1.69166e+14 0.000239092 0.00135612 8.01088e-23 3.67555e-08 196484 0 0 8.67863e-25 0 0 0.00722301 0 0 0 0 0 0 0 0 0 0 
0.1475 -0.086349 -3.38635 -4.9198 -2.77672 -2.11365 1.03528e-56 1.69159e+14 0.000239101 0.00135615 8.01088e-23 3.67547e-08 196489 0 0 8.67863e-25 0 0 0.00722301 0 0 0 0 0 0 0 0 0 0 
0.148 -0.0765245 -3.37652 -4.9198 -2.7669 -2.12348 7.0797e-57 1.69151e+14 0.000239109 0.00135618 8.01088e-23 3.67539e-08 196493 0 0 8.67863e-25 0 0 0.00722301 0 0 0 0 0 0 0 0 0 0 
0.1485 -0.0666997 -3.3667 -4.9198 -2.75707 -2.1333 4.84135e-57 1.69144e+14 0.000239118 0.00135621 8.01088e-23 3.67531e-08 196497 0 0 8.67863e-25 0 0 0.00722301 0 0 0 0 0 0 0 0 0 0 
0.149 -0.0568747 -3.35687 -4.9198 -2.74724 -2.14313 3.31066e-57 1.69136e+14 0.000239127 0.00135624 8.01088e-23 3.67522e-08 196502 0 0 8.67862e-25 0 0 0.00722301 0 0 0 0 0 0 0 0 0 0 
0.1495 -0.0470496 -3.34705 -4.9198 -2.73742 -2.15295 2.26391e-57 1.69129e+14 0.000239136 0.00135627 8.01088e-23 3.67514e-08 196506 0 0 8.67862e-25 0 0 0.00722301 0 0 0 0 0 0 0 0 0 0 
0.15 -0.0372241 -3.33722 -4.9198 -2.72759 -2.16278 1.5481e-57 1.69121e+14 0.000239144 0.0013563 8.01088e-23 3.67506e-08 196510 0 0 8.67863e-25 0 0 0.00722301 0 0 0 0 0 0 0 0 0 0 
0.1505 -0.0273985 -3.3274 -4.9198 -2.71776 -2.1726 1.05861e-57 1.69114e+14 0.000239153 0.00135633 8.01088e-23 3.67498e-08 196515 0 0 8.67863e-25 0 0 0.00722301 0 0 0 0 0 0 0 0 0 0 
0.151 -0.0175727 -3.31757 -4.9198 -2.70794 -2.18243 7.23884e-58 1.69106e+14 0.000239162 0.00135636 8.01088e-23 3.6749e-08 196519 0 0 8.67863e-25 0 0 0.00722301 0 0 0 0 0 0 0 0 0 0 
0.1515 -0.0077466 -3.30775 -4.9198 -2.69811 -2.19225 4.94992e-58 1.69099e+14 0.000239171 0.00135639 8.01088e-23 3.67482e-08 196524 0 0 8.67863e-25 0 0 0.00722301 0 0 0 0 0 0 0 0 0 0 
0.152 0.00207969 -3.29792 -4.9198 -2.68828 -2.20208 3.38473e-58 1.69091e+14 0.00023918 0.00135642 8.01088e-23 3.67473e-08 196528 0 0 8.67863e-25 0 0 0.00722301 0 0 0 0 0 0 0 0 0 0 
0.1525 0.0119062 -3.28809 -4.9198 -2.67845 -2.21191 2.31444e-58 1.69084e+14 0.000239188 0.00135645 8.01088e-23 3.67465e-08 196532 0 0 8.67863e-25 0 0 0.00722301 0 0 0 0 0 0 0 0 0 0 
0.153 0.0217329 -3.27827 -4.9198 -2.66862 -2.22173 1.58258e-58 1.69077e+14 0.000239197 0.00135648 8.01088e-23 3.67457e-08 196537 0 0 8.67863e-25 0 0 0.00722301 0 0 0 0 0 0 0 0 0 0 
0.1535 0.0315599 -3.26844 -4.9198 -2.6588 -2.23156 1.08213e-58 1.69069e+14 0.000239206 0.00135651 8.01088e-23 3.67449e-08 196541 0 0 8.67863e-25 0 0 0.00722301 0 0 0 0 0 0 0 0 0 0 
0.154 0.041387 -3.25861 -4.9198 -2.64897 -2.24139 7.39931e-59 1.69062e+14 0.000239215 0.00135654 8.01088e-23 3.67441e-08 196545 0 0 8.67862e-25 0 0 0.00722301 0 0 0 0 0 0 0 0 0 0 
0.1545 0.0512144 -3.24879 -4.9198 -2.63914 -2.25121 5.0594e-59 1.69054e+14 0.000239223 0.00135657 8.01088e-23 3.67433e-08 196550 0 0 8.67862e-25 0 0 0.00722301 0 0 0 0 0 0 0 0 0 0 
0.155 0.061042 -3.23896 -4.9198 -2.62931 -2.26104 3.45941e-59 1.69047e+14 0.000239232 0.0013566 8.01088e-23 3.67424e-08 196554 0 0 8.67863e-25 0 0 0.00722301 0 0 0 0 0 0 0 0 0 0 
0.1555 0.0708698 -3.22913 -4.9198 -2.61948 -2.27087 2.36539e-59 1.69039e+14 0.000239241 0.00135663 8.01088e-23 3.67416e-08 196558 0 0 8.67863e-25 0 0 0.00722301 0 0 0 0 0 0 0 0 0 0 
0.156 0.0806978 -3.2193 -4.9198 -2.60965 -2.2807 1.61733e-59 1.69032e+14 0.00023925 0.00135666 8.01088e-23 3.67408e-08 196563 0 0 8.67863e-25 0 0 0.00722301 0 0 0 0 0 0 0 0 0 0 
0.1565 0.0905261 -3.20947 -4.9198 -2.59982 -2.29053 1.10584e-59 1.69024e+14 0.000239258 0.00135669 8.01088e-23 3.674e-08 196567 0 0 8.67863e-25 0 0 0.00722301 0 0 0 0 0 0 0 0 0 0 
0.157 0.100355 -3.19965 -4.9198 -2.58999 -2.30035 7.56103e-60 1.69017e+14 0.000239267 0.00135671 8.01088e-23 3.67392e-08 196572 0 0 8.67863e-25 0 0 0.00722301 0 0 0 0 0 0 0 0 0 0 
0.1575 0.110183 -3.18982 -4.9198 -2.58016 -2.31018 5.16972e-60 1.6901e+14 0.000239276 0.00135674 8.01088e-23 3.67384e-08 196576 0 0 8.67863e-25 0 0 0.00722301 0 0 0 0 0 0 0 0 0 0 
0.158 0.120012 -3.17999 -4.9198 -2.57033 -2.32001 3.53467e-60 1.69002e+14 0.000239285 0.00135677 8.01088e-23 3.67375e-08 196580 0 0 8.67863e-25 0 0 0.00722301 0 0 0 0 0 0 0 0 0 0 
0.1585 0.129841 -3.17016 -4.9198 -2.5605 -2.32984 2.41672e-60 1.68995e+14 0.000239294 0.0013568 8.01088e-23 3.67367e-08 196585 0 0 8.67863e-25 0 0 0.00722301 0 0 0 0 0 0 0 0 0 0 
0.159 0.139671 -3.16033 -4.9198 -2.55067 -2.33967 1.65235e-60 1.68987e+14 0.000239302 0.00135683 8.01088e-23 3.67359e-08 196589 0 0 8.67863e-25 0 0 0.00722301 0 0 0 0 0 0 0 0 0 0 
0.1595 0.1495 -3.1505 -4.9198 -2.54084 -2.3495 1.12972e-60 1.6898e+14 0.000239311 0.00135686 8.01088e-23 3.67351e-08 196593 0 0 8.67863e-25 0 0 0.00722301 0 0 0 0 0 0 0 0 0 0 
0.16 0.15933 -3.14067 -4.9198 -2.53101 -2.35933 7.72394e-61 1.68972e+14 0.00023932 0.00135689 8.01088e-23 3.67343e-08 196598 0 0 8.67862e-25 0 0 0.00722301 0 0 0 0 0 0 0 0 0 0 
0.1605 0.16916 -3.13084 -4.9198 -2.52117 -2.36916 5.28083e-61 1.68965e+14 0.000239329 0.00135692 8.01088e-23 3.67335e-08 196602 0 0 8.67863e-25 0 0 0.00722301 0 0 0 0 0 0 0 0 0 0 
0.161 0.17899 -3.12101 -4.9198 -2.51134 -2.37899 3.61046e-61 1.68957e+14 0.000239337 0.00135695 8.01088e-23 3.67326e-08 196607 0 0 8.67863e-25 0 0 0.00722301 0 0 0 0 0 0 0 0 0 0 
0.1615 0.188821 -3.11118 -4.9198 -2.50151 -2.38882 2.46842e-61 1.6895e+14 0.000239346 0.00135698 8.01088e-23 3.67318e-08 196611 0 0 8.67863e-25 0 0 0.00722301 0 0 0 0 0 0 0 0 0 0 
0.162 0.198651 -3.10135 -4.9198 -2.49168 -2.39865 1.68761e-61 1.68943e+14 0.000239355 0.00135701 8.01088e-23 3.6731e-08 196615 0 0 8.67863e-25 0 0 0.00722301 0 0 0 0 0 0 0 0 0 0 
0.1625 0.208482 -3.09152 -4.9198 -2.48185 -2.40848 1.15377e-61 1.68935e+14 0.000239364 0.00135704 8.01088e-23 3.67302e-08 196620 0 0 8.67863e-25 0 0 0.00722301 0 0 0 0 0 0 0 0 0 0 
0.163 0.218313 -3.08169 -4.9198 -2.47201 -2.41831 7.88796e-62 1.68928e+14 0.000239372 0.00135707 8.01088e-23 3.67294e-08 196624 0 0 8.67863e-25 0 0 0.00722301 0 0 0 0 0 0 0 0 0 0 
0.1635 0.228145 -3.07186 -4.9198 -2.46218 -2.42814 5.3927e-62 1.6892e+14 0.000239381 0.0013571 8.01088e-23 3.67286e-08 196628 0 0 8.67863e-25 0 0 0.00722301 0 0 0 0 0 0 0 0 0 0 
0.164 0.237976 -3.06202 -4.9198 -2.45235 -2.43798 3.68675e-62 1.68913e+14 0.00023939 0.00135713 8.01088e-23 3.67278e-08 196633 0 0 8.67864e-25 0 0 0.00722301 0 0 0 0 0 0 0 0 0 0 
0.1645 0.247808 -3.05219 -4.9198 -2.44251 -2.44781 2.52045e-62 1.68905e+14 0.000239399 0.00135716 8.01088e-23 3.67269e-08 196637 0 0 8.67863e-25 0 0 0.00722301 0 0 0 0 0 0 0 0 0 0 
0.165 0.25764 -3.04236 -4.9198 -2.43268 -2.45764 1.72309e-62 1.68898e+14 0.000239408 0.00135719 8.01088e-23 3.67261e-08 196641 0 0 8.67863e-25 0 0 0.00722301 0 0 0 0 0 0 0 0 0 0 
0.1655 0.267472 -3.03253 -4.9198 -2.42285 -2.46747 1.17797e-62 1.68891e+14 0.000239416 0.00135722 8.01088e-23 3.67253e-08 196646 0 0 8.67864e-25 0 0 0.00722301 0 0 0 0 0 0 0 0 0 0 
0.166 0.277304 -3.0227 -4.9198 -2.41301 -2.4773 8.05302e-63 1.68883e+14 0.000239425 0.00135725 8.01088e-23 3.67245e-08 196650 0 0 8.67863e-25 0 0 0.00722301 0 0 0 0 0 0 0 0 0 0 
0.1665 0.287137 -3.01286 -4.9198 -2.40318 -2.48714 5.50526e-63 1.68876e+14 0.000239434 0.00135728 8.01088e-23 3.67237e-08 196655 0 0 8.67863e-25 0 0 0.00722301 0 0 0 0 0 0 0 0 0 0 
0.167 0.29697 -3.00303 -4.9198 -2.39334 -2.49697 3.76352e-63 1.68868e+14 0.000239443 0.00135731 8.01088e-23 3.67229e-08 196659 0 0 8.67863e-25 0 0 0.00722301 0 0 0 0 0 0 0 0 0 0 
0.1675 0.306803 -2.9932 -4.9198 -2.38351 -2.5068 2.5728e-63 1.68861e+14 0.000239451 0.00135734 8.01088e-23 3.6722e-08 196663 0 0 8.67862e-25 0 0 0.00722301 0 0 0 0 0 0 0 0 0 0 
0.168 0.316636 -2.98336 -4.9198 -2.37368 -2.51664 1.75879e-63 1.68853e+14 0.00023946 0.00135737 8.01088e-23 3.67212e-08 196668 0 0 8.67863e-25 0 0 0.00722301 0 0 0 0 0 0 0 0 0 0 
0.1685 0.32647 -2.97353 -4.9198 -2.36384 -2.52647 1.20232e-63 1.68846e+14 0.000239469 0.0013574 8.01088e-23 3.67204e-08 196672 0 0 8.67863e-25 0 0 0.00722301 0 0 0 0 0 0 0 0 0 0 
0.169 0.336303 -2.9637 -4.9198 -2.35401 -2.5363 8.21903e-64 1.68839e+14 0.000239478 0.00135743 8.01088e-23 3.67196e-08 196676 0 0 8.67863e-25 0 0 0.00722301 0 0 0 0 0 0 0 0 0 0 
0.1695 0.346137 -2.95386 -4.9198 -2.34417 -2.54614 5.61847e-64 1.68831e+14 0.000239487 0.00135745 8.01088e-23 3.67188e-08 196681 0 0 8.67863e-25 0 0 0.00722301 0 0 0 0 0 0 0 0 0 0 
0.17 0.355971 -2.94403 -4.9198 -2.33433 -2.55597 3.84071e-64 1.68824e+14 0.000239495 0.00135748 8.01088e-23 3.6718e-08 196685 0 0 8.67863e-25 0 0 0.00722301 0 0 0 0 0 0 0 0 0 0 
0.1705 0.365806 -2.93419 -4.9198 -2.3245 -2.56581 2.62544e-64 1.68816e+14 0.000239504 0.00135751 8.01088e-23 3.67172e-08 196689 0 0 8.67863e-25 0 0 0.00722301 0 0 0 0 0 0 0 0 0 0 
0.171 0.37564 -2.92436 -4.9198 -2.31466 -2.57564 1.79469e-64 1.68809e+14 0.000239513 0.00135754 8.01088e-23 3.67163e-08 196694 0 0 8.67863e-25 0 0 0.00722301 0 0 0 0 0 0 0 0 0 0 
0.1715 0.385475 -2.91452 -4.9198 -2.30483 -2.58548 1.22679e-64 1.68801e+14 0.000239522 0.00135757 8.01088e-23 3.67155e-08 196698 0 0 8.67863e-25 0 0 0.00722301 0 0 0 0 0 0 0 0 0 0 
0.172 0.39531 -2.90469 -4.9198 -2.29499 -2.59531 8.38591e-65 1.68794e+14 0.00023953 0.0013576 8.01088e-23 3.67147e-08 196703 0 0 8.67863e-25 0 0 0.00722301 0 0 0 0 0 0 0 0 0 0 
0.1725 0.405145 -2.89485 -4.9198 -2.28515 -2.60515 5.73226e-65 1.68787e+14 0.000239539 0.00135763 8.01088e-23 3.67139e-08 196707 0 0 8.67863e-25 0 0 0.00722301 0 0 0 0 0 0 0 0 0 0 
0.173 0.414981 -2.88502 -4.9198 -2.27532 -2.61498 3.9183e-65 1.68779e+14 0.000239548 0.00135766 8.01088e-23 3.67131e-08 196711 0 0 8.67863e-25 0 0 0.00722301 0 0 0 0 0 0 0 0 0 0 
0.1735 0.424817 -2.87518 -4.9198 -2.26548 -2.62482 2.67834e-65 1.68772e+14 0.000239557 0.00135769 8.01088e-23 3.67123e-08 196716 0 0 8.67863e-25 0 0 0.00722301 0 0 0 0 0 0 0 0 0 0 
0.174 0.434652 -2.86535 -4.9198 -2.25564 -2.63465 1.83075e-65 1.68764e+14 0.000239565 0.00135772 8.01088e-23 3.67115e-08 196720 0 0 8.67863e-25 0 0 0.00722301 0 0 0 0 0 0 0 0 0 0 
0.1745 0.444489 -2.85551 -4.9198 -2.2458 -2.64449 1.25139e-65 1.68757e+14 0.000239574 0.00135775 8.01088e-23 3.67106e-08 196724 0 0 8.67863e-25 0 0 0.00722301 0 0 0 0 0 0 0 0 0 0 
0.175 0.454325 -2.84568 -4.9198 -2.23597 -2.65432 8.55358e-66 1.6875e+14 0.000239583 0.00135778 8.01088e-23 3.67098e-08 196729 0 0 8.67863e-25 0 0 0.00722301 0 0 0 0 0 0 0 0 0 0 
0.1755 0.464161 -2.83584 -4.9198 -2.22613 -2.66416 5.84658e-66 1.68742e+14 0.000239592 0.00135781 8.01088e-23 3.6709e-08 196733 0 0 8.67863e-25 0 0 0.00722301 0 0 0 0 0 0 0 0 0 0 
0.176 0.473998 -2.826 -4.9198 -2.21629 -2.674 3.99624e-66 1.68735e+14 0.000239601 0.00135784 8.01088e-23 3.67082e-08 196737 0 0 8.67863e-25 0 0 0.00722301 0 0 0 0 0 0 0 0 0 0 
0.1765 0.483835 -2.81616 -4.9198 -2.20645 -2.68384 2.73148e-66 1.68727e+14 0.000239609 0.00135787 8.01088e-23 3.67074e-08 196742 0 0 8.67864e-25 0 0 0.00722301 0 0 0 0 0 0 0 0 0 0 
0.177 0.493672 -2.80633 -4.9198 -2.19661 -2.69367 1.86698e-66 1.6872e+14 0.000239618 0.0013579 8.01088e-23 3.67066e-08 196746 0 0 8.67863e-25 0 0 0.00722301 0 0 0 0 0 0 0 0 0 0 
0.1775 0.50351 -2.79649 -4.9198 -2.18677 -2.70351 1.27608e-66 1.68712e+14 0.000239627 0.00135793 8.01088e-23 3.67058e-08 196751 0 0 8.67863e-25 0 0 0.00722301 0 0 0 0 0 0 0 0 0 0 
0.178 0.513347 -2.78665 -4.9198 -2.17693 -2.71335 8.72196e-67 1.68705e+14 0.000239636 0.00135796 8.01088e-23 3.67049e-08 196755 0 0 8.67863e-25 0 0 0.00722301 0 0 0 0 0 0 0 0 0 0 
0.1785 0.523185 -2.77681 -4.9198 -2.16709 -2.72319 5.96136e-67 1.68698e+14 0.000239644 0.00135799 8.01088e-23 3.67041e-08 196759 0 0 8.67863e-25 0 0 0.00722301 0 0 0 0 0 0 0 0 0 0 
0.179 0.533023 -2.76698 -4.9198 -2.15725 -2.73302 4.07449e-67 1.6869e+14 0.000239653 0.00135802 8.01088e-23 3.67033e-08 196764 0 0 8.67863e-25 0 0 0.00722301 0 0 0 0 0 0 0 0 0 0 
0.1795 0.542862 -2.75714 -4.9198 -2.14741 -2.74286 2.78482e-67 1.68683e+14 0.000239662 0.00135805 8.01088e-23 3.67025e-08 196768 0 0 8.67863e-25 0 0 0.00722301 0 0 0 0 0 0 0 0 0 0 
0.18 0.5527 -2.7473 -4.9198 -2.13757 -2.7527 1.90335e-67 1.68675e+14 0.000239671 0.00135808 8.01088e-23 3.67017e-08 196772 0 0 8.67863e-25 0 0 0.00722301 0 0 0 0 0 0 0 0 0 0 
0.1805 0.562539 -2.73746 -4.9198 -2.12773 -2.76254 1.30087e-67 1.68668e+14 0.000239679 0.00135811 8.01088e-23 3.67008e-08 196777 0 0 8.67863e-25 0 0 0.00722301 0 0 0 0 0 0 0 0 0 0 
0.181 0.572378 -2.72762 -4.9198 -2.11789 -2.77238 8.89095e-68 1.6866e+14 0.000239688 0.00135813 8.01088e-23 3.67e-08 196781 0 0 8.67863e-25 0 0 0.00722301 0 0 0 0 0 0 0 0 0 0 
0.1815 0.582217 -2.71778 -4.9198 -2.10805 -2.78222 6.07656e-68 1.68653e+14 0.000239697 0.00135816 8.01088e-23 3.66991e-08 196785 0 0 8.67863e-25 0 0 0.00722301 0 0 0 0 0 0 0 0 0 0 
0.182 0.592056 -2.70794 -4.9198 -2.09821 -2.79206 4.15302e-68 1.68645e+14 0.000239706 0.00135819 8.01088e-23 3.66982e-08 196790 0 0 8.67863e-25 0 0 0.00722301 0 0 0 0 0 0 0 0 0 0 
0.1825 0.601896 -2.6981 -4.9198 -2.08837 -2.8019 2.83835e-68 1.68637e+14 0.000239715 0.00135822 8.01088e-23 3.66973e-08 196794 0 0 8.67863e-25 0 0 0.00722301 0 0 0 0 0 0 0 0 0 0 
0.183 0.611736 -2.68826 -4.9198 -2.07853 -2.81174 1.93983e-68 1.68629e+14 0.000239723 0.00135825 8.01088e-23 3.66963e-08 196799 0 0 8.67863e-25 0 0 0.00722301 0 0 0 0 0 0 0 0 0 0 
0.1835 0.621576 -2.67842 -4.9198 -2.06869 -2.82158 1.32574e-68 1.68621e+14 0.000239732 0.00135828 8.01088e-23 3.66953e-08 196803 0 0 8.67863e-25 0 0 0.00722301 0 0 0 0 0 0 0 0 0 0 
0.184 0.631416 -2.66858 -4.9198 -2.05885 -2.83142 9.06046e-69 1.68612e+14 0.000239741 0.0013583 8.01088e-23 3.66941e-08 196807 0 0 8.67863e-25 0 0 0.00722301 0 0 0 0 0 0 0 0 0 0 
0.1845 0.641257 -2.65874 -4.9198 -2.049 -2.84126 6.1921e-69 1.68603e+14 0.00023975 0.00135833 8.01088e-23 3.66928e-08 196812 0 0 8.67863e-25 0 0 0.00722301 0 0 0 0 0 0 0 0 0 0 
0.185 0.651097 -2.6489 -4.9198 -2.03916 -2.8511 4.23177e-69 1.68593e+14 0.000239758 0.00135835 8.01088e-23 3.66913e-08 196816 0 0 8.67863e-25 0 0 0.00722301 0 0 0 0 0 0 0 0 0 0 
0.1855 0.660938 -2.63906 -4.9198 -2.02932 -2.86094 2.89203e-69 1.68582e+14 0.000239767 0.00135837 8.01088e-23 3.66894e-08 196820 0 0 8.67863e-25 0 0 0.00722301 0 0 0 0 0 0 0 0 0 0 
0.186 0.670779 -2.62922 -4.9198 -2.01947 -2.87078 1.97642e-69 1.6857e+14 0.000239776 0.00135839 8.01088e-23 3.6687e-08 196825 0 0 8.67863e-25 0 0 0.00722301 0 0 0 0 0 0 0 0 0 0 
0.1865 0.680621 -2.61938 -4.9198 -2.00963 -2.88062 1.35068e-69 1.68554e+14 0.000239785 0.00135839 8.01088e-23 3.66839e-08 196829 0 0 8.67863e-25 0 0 0.00722301 0 0 0 0 0 0 0 0 0 0 
0.187 0.690462 -2.60954 -4.9198 -1.99978 -2.89046 9.23041e-70 1.68535e+14 0.000239794 0.00135839 8.01088e-23 3.66798e-08 196833 0 0 8.67863e-25 0 0 0.00722301 0 0 0 0 0 0 0 0 0 0 
0.1875 0.700304 -2.5997 -4.9198 -1.98994 -2.9003 6.30792e-70 1.68511e+14 0.000239802 0.00135838 8.01088e-23 3.66741e-08 196838 0 0 8.67863e-25 0 0 0.00722301 0 0 0 0 0 0 0 0 0 0 
0.188 0.710146 -2.58985 -4.9198 -1.98009 -2.91015 4.31071e-70 1.68479e+14 0.000239811 0.00135834 8.01088e-23 3.66661e-08 196842 0 0 8.67863e-25 0 0 0.00722301 0 0 0 0 0 0 0 0 0 0 
0.1885 0.719988 -2.58001 -4.9198 -1.97024 -2.91999 2.94582e-70 1.68436e+14 0.00023982 0.00135827 8.01088e-23 3.66548e-08 196846 0 0 8.67863e-25 0 0 0.00722301 0 0 0 0 0 0 0 0 0 0 
0.189 0.729831 -2.57017 -4.9198 -1.96038 -2.92983 2.01308e-70 1.68376e+14 0.000239829 0.00135816 8.01088e-23 3.66387e-08 196851 0 0 8.67863e-25 0 0 0.00722301 0 0 0 0 0 0 0 0 0 0 
0.1895 0.739673 -2.56033 -4.9198 -1.95052 -2.93967 1.37566e-70 1.68291e+14 0.000239837 0.00135798 8.01088e-23 3.66155e-08 196855 0 0 8.67863e-25 0 0 0.00722301 0 0 0 0 0 0 0 0 0 0 
0.19 0.749516 -2.55048 -4.9198 -1.94065 -2.94952 9.40069e-71 1.68171e+14 0.000239846 0.0013577 8.01088e-23 3.65819e-08 196860 0 0 8.67863e-25 0 0 0.00722302 0 0 0 0 0 0 0 0 0 0 
0.1905 0.759359 -2.54064 -4.9198 -1.93077 -2.95936 6.42397e-71 1.67999e+14 0.000239855 0.00135728 8.01088e-23 3.65331e-08 196864 0 0 8.67863e-25 0 0 0.00722302 0 0 0 0 0 0 0 0 0 0 
0.191 0.769203 -2.5308 -4.9198 -1.92088 -2.9692 4.38978e-71 1.6775e+14 0.000239864 0.00135665 8.01088e-23 3.64621e-08 196868 0 0 8.67864e-25 0 0 0.00722302 0 0 0 0 0 0 0 0 0 0 
0.1915 0.779046 -2.52095 -4.9198 -1.91096 -2.97905 2.99971e-71 1.67389e+14 0.000239872 0.00135572 8.01088e-23 3.63586e-08 196873 0 0 8.67864e-25 0 0 0.00722302 0 0 0 0 0 0 0 0 0 0 
0.192 0.78889 -2.51111 -4.9198 -1.90101 -2.98889 2.0498e-71 1.66863e+14 0.000239881 0.00135434 8.01088e-23 3.62074e-08 196877 0 0 8.67863e-25 0 0 0.00722303 0 0 0 0 0 0 0 0 0 0 
0.1925 0.798734 -2.50127 -4.9198 -1.891 -2.99873 1.40069e-71 1.66096e+14 0.00023989 0.00135229 8.01088e-23 3.59866e-08 196881 0 0 8.67863e-25 0 0 0.00722303 0 0 0 0 0 0 0 0 0 0 
0.193 0.808578 -2.49142 -4.9198 -1.88092 -3.00858 9.57121e-72 1.64975e+14 0.000239898 0.00134927 8.01088e-23 3.56638e-08 196885 0 0 8.67863e-25 0 0 0.00722304 0 0 0 0 0 0 0 0 0 0 
0.1935 0.818422 -2.48158 -4.9198 -1.87073 -3.01842 6.54017e-72 1.63333e+14 0.000239907 0.0013448 8.01088e-23 3.51919e-08 196890 0 0 8.67863e-25 0 0 0.00722305 0 0 0 0 0 0 0 0 0 0 
0.194 0.828267 -2.47173 -4.9198 -1.86036 -3.02827 4.46897e-72 1.60922e+14 0.000239915 0.00133818 8.01088e-23 3.45016e-08 196894 0 0 8.67863e-25 0 0 0.00722306 0 0 0 0 0 0 0 0 0 0 
0.1945 0.838112 -2.46189 -4.9198 -1.84974 -3.03811 3.05367e-72 1.57371e+14 0.000239924 0.00132832 8.01088e-23 3.34917e-08 196898 0 0 8.67863e-25 0 0 0.00722307 0 0 0 0 0 0 0 0 0 0 
0.195 0.847957 -2.45204 -4.9198 -1.83871 -3.04796 2.08657e-72 1.52124e+14 0.000239932 0.00131352 8.01088e-23 3.20144e-08 196902 0 0 8.67864e-25 0 0 0.00722309 0 0 0 0 0 0 0 0 0 0 
0.1955 0.857802 -2.4422 -4.9198 -1.82704 -3.0578 1.42574e-72 1.44323e+14 0.000239939 0.00129105 8.01088e-23 2.9853e-08 196906 0 0 8.67863e-25 0 0 0.0072231 0 0 0 0 0 0 0 0 0 0 
0.196 0.867647 -2.43235 -4.9198 -1.81426 -3.06765 9.74197e-73 1.32623e+14 0.000239947 0.00125618 8.01088e-23 2.6692e-08 196909 0 0 8.67863e-25 0 0 0.00722312 0 0 0 0 0 0 0 0 0 0 
0.1965 0.877493 -2.42251 -4.9198 -1.79945 -3.07749 6.65655e-73 1.14817e+14 0.000239953 0.00120009 8.01088e-23 2.20765e-08 196913 0 0 8.67863e-25 0 0 0.00722314 0 0 0 0 0 0 0 0 0 0 
0.197 0.887338 -2.41266 -4.9198 -1.78017 -3.08734 4.54829e-73 8.70507e+13 0.000239958 0.00110314 8.01088e-23 1.53855e-08 196915 0 0 8.67863e-25 0 0 0.00722315 0 0 0 0 0 0 0 0 0 0 
0.1975 0.897184 -2.40282 -4.9198 -1.74675 -3.09718 3.10775e-73 4.28769e+13 0.000239962 0.000906802 8.01088e-23 6.22941e-09 196917 0 0 8.67863e-25 0 0 0.00722315 0 0 0 0 0 0 0 0 0 0 
0.198 0.90703 -2.39297 -4.9198 -1.63274 -3.10703 2.12346e-73 1.39352e+12 0.000239963 0.000475268 8.01088e-23 1.06112e-10 196917 0 0 8.67863e-25 0 0 0.00722315 0 0 0 0 0 0 0 0 0 0 
0.198 0.90703 -2.39297 -4.9198 -1.63274 -3.10703 2.12346e-73 1.39352e+12 0.011878 0.0235255 8.01088e-23 5.25246e-09 1.40575e+06 0 0 8.67863e-25 0 0 0.007223 0 0 0 0 0 1.14231e+20 0 0 0 0 
0.198409 0.964578 -2.33542 -4.9198 -1.55378 -3.16458 2.29238e-74 6.51868e+11 0.011878 0.0214203 8.01088e-23 2.23715e-09 2.60124e+06 0 0 8.67863e-25 0 0 0.007223 0 0 0 0 0 1.1297e+20 0 0 0 0 
0.198752 1.08785 -2.21215 -4.9198 -1.41946 -3.28785 1.94697e-76 4.39631e+11 0.011878 0.02051 8.01088e-23 1.44465e-09 4.59495e+06 0 0 8.67863e-25 0 0 0.007223 0 0 0 0 0 1.1232e+20 0 0 0 0 
0.199038 1.24319 -2.05681 -4.9198 -1.25737 -3.44319 4.78365e-79 3.45333e+11 0.011878 0.0200032 8.01088e-23 1.10675e-09 6.25443e+06 0 0 8.67863e-25 0 0 0.007223 0 0 0 0 0 1.11922e+20 0 0 0 0 
0.199277 1.40951 -1.89049 -4.9198 -1.08619 -3.60951 7.68777e-82 2.90034e+11 0.011878 0.0196588 8.01088e-23 9.13515e-10 7.63794e+06 0 0 8.6786e-25 0 0 0.007223 0 0 0 0 0 1.11635e+20 0 0 0 0 
0.199478 1.57399 -1.72601 -4.9198 -0.918778 -3.77399 1.32645e-84 2.611e+11 0.011878 0.0194597 8.01088e-23 8.14054e-10 8.79252e+06 0 0 8.67861e-25 0 0 0.007223 0 0 0 0 0 1.11463e+20 0 0 0 0 
0.199645 1.72926 -1.57074 -4.9198 -0.759984 -3.92926 3.26685e-87 2.30138e+11 0.011878 0.0192285 8.01088e-23 7.08996e-10 9.7564e+06 0 0 8.67863e-25 0 0 0.007223 0 0 0 0 0 1.11256e+20 0 0 0 0 
0.199785 1.87149 -1.42851 -4.9198 -0.617976 -4.07149 1.33282e-89 2.31983e+11 0.011878 0.0192428 8.01088e-23 7.15212e-10 1.05617e+07 0 0 8.67863e-25 0 0 0.007223 0 0 0 0 0 1.11269e+20 0 0 0 0 
0.199902 1.99909 -1.30091 -4.9198 -0.483206 -4.19909 9.5771e-92 1.79245e+11 0.011878 0.0187946 8.01088e-23 5.39746e-10 1.1234e+07 0 0 8.67863e-25 0 0 0.007223 0 0 0 0 0 1.10846e+20 0 0 0 0 
0.2 2.11183 -1.18817 -4.9198 -0.382453 -4.31183 1.22286e-93 2.75684e+11 0.011878 0.0195619 8.01088e-23 8.64038e-10 1.15145e+07 0 0 8.67863e-25 0 0 0.007223 0 0 0 0 0 1.11552e+20 0 0 0 0 