# ASCII 1D datafile generated by TiberCAD
# x Ec Ev eQFermi hQFermi ElPotential eDensity hDensity eMobility hMobility eConductivity hConductivity ElField_x ElField_y ElField_z eCurrentDensity_x eCurrentDensity_y eCurrentDensity_z hCurrentDensity_x hCurrentDensity_y hCurrentDensity_z IonizedDonors IonizedAcceptors IonizedElectronTraps IonizedHoleTraps eNetRecombination eLangevinRecombination hNetRecombination hLangevinRecombination 
0 -0.95 -4.25 -2.87724 -3.64326 -1.25 6.87176e-08 1.83647e+14 0.000122195 0.000712614 8.01088e-23 2.09676e-08 95275.6 0 0 6.09469e-25 0 0 0.00199847 0 0 0 0 0 0 0 0 0 0 
9.79066e-05 -0.949067 -4.24907 -2.87724 -3.64232 -1.25093 6.62824e-08 1.83645e+14 0.000122195 0.000712613 8.01088e-23 2.09673e-08 95276 0 0 6.0947e-25 0 0 0.00199847 0 0 0 0 0 0 0 0 0 0 
0.000214985 -0.947952 -4.24795 -2.87724 -3.64121 -1.25205 6.34835e-08 1.83643e+14 0.000122196 0.000712614 8.01088e-23 2.09671e-08 95277.2 0 0 6.09471e-25 0 0 0.00199847 0 0 0 0 0 0 0 0 0 0 
0.000354988 -0.946618 -4.24662 -2.87724 -3.63987 -1.25338 6.02911e-08 1.8364e+14 0.000122196 0.000712615 8.01088e-23 2.09668e-08 95278.5 0 0 6.09469e-25 0 0 0.00199847 0 0 0 0 0 0 0 0 0 0 
0.000522406 -0.945023 -4.24502 -2.87724 -3.63828 -1.25498 5.66837e-08 1.83637e+14 0.000122197 0.000712616 8.01088e-23 2.09665e-08 95280.1 0 0 6.09468e-25 0 0 0.00199847 0 0 0 0 0 0 0 0 0 0 
0.000722606 -0.943115 -4.24312 -2.87724 -3.63637 -1.25688 5.2652e-08 1.83633e+14 0.000122198 0.000712617 8.01088e-23 2.0966e-08 95282 0 0 6.09467e-25 0 0 0.00199847 0 0 0 0 0 0 0 0 0 0 
0.000962009 -0.940834 -4.24083 -2.87724 -3.63409 -1.25917 4.82055e-08 1.83628e+14 0.000122199 0.000712618 8.01088e-23 2.09655e-08 95284.3 0 0 6.09469e-25 0 0 0.00199847 0 0 0 0 0 0 0 0 0 0 
0.00124829 -0.938106 -4.23811 -2.87724 -3.63136 -1.26189 4.33784e-08 1.83622e+14 0.0001222 0.00071262 8.01088e-23 2.09649e-08 95287 0 0 6.09468e-25 0 0 0.00199847 0 0 0 0 0 0 0 0 0 0 
0.00159063 -0.934844 -4.23484 -2.87724 -3.6281 -1.26516 3.82364e-08 1.83616e+14 0.000122202 0.000712621 8.01088e-23 2.09642e-08 95290.2 0 0 6.09468e-25 0 0 0.00199847 0 0 0 0 0 0 0 0 0 0 
0.002 -0.930943 -4.23094 -2.87724 -3.62419 -1.26906 3.28812e-08 1.83608e+14 0.000122202 0.000712617 8.01088e-23 2.09632e-08 95292.2 0 0 6.09468e-25 0 0 0.00199847 0 0 0 0 0 0 0 0 0 0 
0.002 -0.930943 -4.23094 -2.87724 -3.62419 -1.26906 3.28812e-08 1.83608e+14 0.000122205 0.000712631 8.01088e-23 2.09636e-08 95296.5 0 0 6.09466e-25 0 0 0.00199847 0 0 0 0 0 0 0 0 0 0 
0.0025 -0.926178 -4.22618 -2.87724 -3.61943 -1.27382 2.73468e-08 1.83598e+14 0.000122206 0.000712626 8.01088e-23 2.09623e-08 95298.9 0 0 6.09466e-25 0 0 0.00199847 0 0 0 0 0 0 0 0 0 0 
0.003 -0.921413 -4.22141 -2.87724 -3.61466 -1.27859 2.27437e-08 1.83588e+14 0.000122208 0.000712628 8.01088e-23 2.09613e-08 95303.6 0 0 6.09467e-25 0 0 0.00199847 0 0 0 0 0 0 0 0 0 0 
0.0035 -0.916648 -4.21665 -2.87724 -3.60989 -1.28335 1.89153e-08 1.83578e+14 0.00012221 0.000712631 8.01088e-23 2.09602e-08 95308.3 0 0 6.09466e-25 0 0 0.00199847 0 0 0 0 0 0 0 0 0 0 
0.004 -0.911882 -4.21188 -2.87724 -3.60512 -1.28812 1.57311e-08 1.83568e+14 0.000122213 0.000712634 8.01088e-23 2.09592e-08 95313.1 0 0 6.09466e-25 0 0 0.00199847 0 0 0 0 0 0 0 0 0 0 
0.0045 -0.907117 -4.20712 -2.87724 -3.60036 -1.29288 1.30829e-08 1.83559e+14 0.000122215 0.000712636 8.01088e-23 2.09582e-08 95317.8 0 0 6.09467e-25 0 0 0.00199847 0 0 0 0 0 0 0 0 0 0 
0.005 -0.902351 -4.20235 -2.87724 -3.59559 -1.29765 1.08803e-08 1.83549e+14 0.000122217 0.000712639 8.01088e-23 2.09571e-08 95322.6 0 0 6.09467e-25 0 0 0.00199847 0 0 0 0 0 0 0 0 0 0 
0.0055 -0.897584 -4.19758 -2.87724 -3.59082 -1.30242 9.04849e-09 1.83539e+14 0.00012222 0.000712642 8.01088e-23 2.09561e-08 95327.3 0 0 6.09467e-25 0 0 0.00199847 0 0 0 0 0 0 0 0 0 0 
0.006 -0.892818 -4.19282 -2.87724 -3.58605 -1.30718 7.525e-09 1.83529e+14 0.000122222 0.000712644 8.01088e-23 2.0955e-08 95332.1 0 0 6.09467e-25 0 0 0.00199847 0 0 0 0 0 0 0 0 0 0 
0.0065 -0.888051 -4.18805 -2.87724 -3.58128 -1.31195 6.25797e-09 1.83519e+14 0.000122224 0.000712647 8.01088e-23 2.0954e-08 95336.8 0 0 6.09467e-25 0 0 0.00199847 0 0 0 0 0 0 0 0 0 0 
0.007 -0.883284 -4.18328 -2.87724 -3.57652 -1.31672 5.20422e-09 1.8351e+14 0.000122227 0.000712649 8.01088e-23 2.09529e-08 95341.6 0 0 6.09467e-25 0 0 0.00199847 0 0 0 0 0 0 0 0 0 0 
0.0075 -0.878517 -4.17852 -2.87724 -3.57175 -1.32148 4.32787e-09 1.835e+14 0.000122229 0.000712652 8.01088e-23 2.09519e-08 95346.3 0 0 6.09467e-25 0 0 0.00199847 0 0 0 0 0 0 0 0 0 0 
0.008 -0.87375 -4.17375 -2.87724 -3.56698 -1.32625 3.59905e-09 1.8349e+14 0.000122231 0.000712655 8.01088e-23 2.09509e-08 95351 0 0 6.09467e-25 0 0 0.00199847 0 0 0 0 0 0 0 0 0 0 
0.0085 -0.868982 -4.16898 -2.87724 -3.56221 -1.33102 2.99294e-09 1.8348e+14 0.000122234 0.000712657 8.01088e-23 2.09498e-08 95355.8 0 0 6.09467e-25 0 0 0.00199847 0 0 0 0 0 0 0 0 0 0 
0.009 -0.864214 -4.16421 -2.87724 -3.55744 -1.33579 2.48888e-09 1.8347e+14 0.000122236 0.00071266 8.01088e-23 2.09488e-08 95360.5 0 0 6.09467e-25 0 0 0.00199847 0 0 0 0 0 0 0 0 0 0 
0.0095 -0.859446 -4.15945 -2.87724 -3.55267 -1.34055 2.06969e-09 1.83461e+14 0.000122239 0.000712663 8.01088e-23 2.09477e-08 95365.3 0 0 6.09467e-25 0 0 0.00199847 0 0 0 0 0 0 0 0 0 0 
0.01 -0.854677 -4.15468 -2.87724 -3.5479 -1.34532 1.72109e-09 1.83451e+14 0.000122241 0.000712665 8.01088e-23 2.09467e-08 95370 0 0 6.09467e-25 0 0 0.00199847 0 0 0 0 0 0 0 0 0 0 
0.0105 -0.849909 -4.14991 -2.87724 -3.54313 -1.35009 1.43119e-09 1.83441e+14 0.000122243 0.000712668 8.01088e-23 2.09457e-08 95374.8 0 0 6.09467e-25 0 0 0.00199847 0 0 0 0 0 0 0 0 0 0 
0.011 -0.84514 -4.14514 -2.87724 -3.53836 -1.35486 1.19011e-09 1.83431e+14 0.000122246 0.000712671 8.01088e-23 2.09446e-08 95379.5 0 0 6.09467e-25 0 0 0.00199847 0 0 0 0 0 0 0 0 0 0 
0.0115 -0.840371 -4.14037 -2.87724 -3.53358 -1.35963 9.89629e-10 1.83421e+14 0.000122248 0.000712673 8.01088e-23 2.09436e-08 95384.2 0 0 6.09467e-25 0 0 0.00199847 0 0 0 0 0 0 0 0 0 0 
0.012 -0.835602 -4.1356 -2.87724 -3.52881 -1.3644 8.22913e-10 1.83412e+14 0.000122251 0.000712676 8.01088e-23 2.09425e-08 95389 0 0 6.09467e-25 0 0 0.00199847 0 0 0 0 0 0 0 0 0 0 
0.0125 -0.830832 -4.13083 -2.87724 -3.52404 -1.36917 6.84276e-10 1.83402e+14 0.000122253 0.000712679 8.01088e-23 2.09415e-08 95393.7 0 0 6.09467e-25 0 0 0.00199847 0 0 0 0 0 0 0 0 0 0 
0.013 -0.826062 -4.12606 -2.87724 -3.51927 -1.37394 5.6899e-10 1.83392e+14 0.000122256 0.000712681 8.01088e-23 2.09405e-08 95398.5 0 0 6.09467e-25 0 0 0.00199847 0 0 0 0 0 0 0 0 0 0 
0.0135 -0.821292 -4.12129 -2.87724 -3.5145 -1.37871 4.73123e-10 1.83382e+14 0.000122258 0.000712684 8.01088e-23 2.09394e-08 95403.2 0 0 6.09467e-25 0 0 0.00199847 0 0 0 0 0 0 0 0 0 0 
0.014 -0.816522 -4.11652 -2.87724 -3.50973 -1.38348 3.93405e-10 1.83372e+14 0.000122261 0.000712687 8.01088e-23 2.09384e-08 95407.9 0 0 6.09467e-25 0 0 0.00199847 0 0 0 0 0 0 0 0 0 0 
0.0145 -0.811751 -4.11175 -2.87724 -3.50495 -1.38825 3.27115e-10 1.83363e+14 0.000122263 0.000712689 8.01088e-23 2.09373e-08 95412.7 0 0 6.09467e-25 0 0 0.00199847 0 0 0 0 0 0 0 0 0 0 
0.015 -0.806981 -4.10698 -2.87724 -3.50018 -1.39302 2.71993e-10 1.83353e+14 0.000122266 0.000712692 8.01088e-23 2.09363e-08 95417.4 0 0 6.09467e-25 0 0 0.00199847 0 0 0 0 0 0 0 0 0 0 
0.0155 -0.80221 -4.10221 -2.87724 -3.49541 -1.39779 2.26158e-10 1.83343e+14 0.000122268 0.000712695 8.01088e-23 2.09353e-08 95422.2 0 0 6.09467e-25 0 0 0.00199847 0 0 0 0 0 0 0 0 0 0 
0.016 -0.797438 -4.09744 -2.87724 -3.49064 -1.40256 1.88044e-10 1.83333e+14 0.000122271 0.000712697 8.01088e-23 2.09342e-08 95426.9 0 0 6.09467e-25 0 0 0.00199847 0 0 0 0 0 0 0 0 0 0 
0.0165 -0.792667 -4.09267 -2.87724 -3.48586 -1.40733 1.56353e-10 1.83324e+14 0.000122273 0.0007127 8.01088e-23 2.09332e-08 95431.6 0 0 6.09467e-25 0 0 0.00199847 0 0 0 0 0 0 0 0 0 0 
0.017 -0.787895 -4.0879 -2.87724 -3.48109 -1.4121 1.30001e-10 1.83314e+14 0.000122276 0.000712703 8.01088e-23 2.09322e-08 95436.4 0 0 6.09467e-25 0 0 0.00199847 0 0 0 0 0 0 0 0 0 0 
0.0175 -0.783123 -4.08312 -2.87724 -3.47631 -1.41688 1.08089e-10 1.83304e+14 0.000122278 0.000712705 8.01088e-23 2.09311e-08 95441.1 0 0 6.09467e-25 0 0 0.00199847 0 0 0 0 0 0 0 0 0 0 
0.018 -0.778351 -4.07835 -2.87724 -3.47154 -1.42165 8.98702e-11 1.83294e+14 0.000122281 0.000712708 8.01088e-23 2.09301e-08 95445.9 0 0 6.09467e-25 0 0 0.00199847 0 0 0 0 0 0 0 0 0 0 
0.0185 -0.773579 -4.07358 -2.87724 -3.46677 -1.42642 7.47214e-11 1.83284e+14 0.000122283 0.000712711 8.01088e-23 2.0929e-08 95450.6 0 0 6.09467e-25 0 0 0.00199847 0 0 0 0 0 0 0 0 0 0 
0.019 -0.768806 -4.06881 -2.87724 -3.46199 -1.43119 6.21255e-11 1.83275e+14 0.000122286 0.000712713 8.01088e-23 2.0928e-08 95455.3 0 0 6.09466e-25 0 0 0.00199847 0 0 0 0 0 0 0 0 0 0 
0.0195 -0.764033 -4.06403 -2.87724 -3.45722 -1.43597 5.16524e-11 1.83265e+14 0.000122288 0.000712716 8.01088e-23 2.0927e-08 95460.1 0 0 6.09467e-25 0 0 0.00199847 0 0 0 0 0 0 0 0 0 0 
0.02 -0.75926 -4.05926 -2.87724 -3.45244 -1.44074 4.29445e-11 1.83255e+14 0.000122291 0.000712719 8.01088e-23 2.09259e-08 95464.8 0 0 6.09467e-25 0 0 0.00199847 0 0 0 0 0 0 0 0 0 0 
0.0205 -0.754487 -4.05449 -2.87724 -3.44767 -1.44551 3.57042e-11 1.83245e+14 0.000122294 0.000712721 8.01088e-23 2.09249e-08 95469.5 0 0 6.09467e-25 0 0 0.00199847 0 0 0 0 0 0 0 0 0 0 
0.021 -0.749713 -4.04971 -2.87724 -3.44289 -1.45029 2.96844e-11 1.83236e+14 0.000122296 0.000712724 8.01088e-23 2.09239e-08 95474.3 0 0 6.09467e-25 0 0 0.00199847 0 0 0 0 0 0 0 0 0 0 
0.0215 -0.744939 -4.04494 -2.87724 -3.43812 -1.45506 2.46793e-11 1.83226e+14 0.000122299 0.000712727 8.01088e-23 2.09228e-08 95479 0 0 6.09467e-25 0 0 0.00199847 0 0 0 0 0 0 0 0 0 0 
0.022 -0.740165 -4.04017 -2.87724 -3.43334 -1.45983 2.05179e-11 1.83216e+14 0.000122301 0.000712729 8.01088e-23 2.09218e-08 95483.8 0 0 6.09467e-25 0 0 0.00199847 0 0 0 0 0 0 0 0 0 0 
0.0225 -0.735391 -4.03539 -2.87724 -3.42856 -1.46461 1.70581e-11 1.83206e+14 0.000122304 0.000712732 8.01088e-23 2.09207e-08 95488.5 0 0 6.09467e-25 0 0 0.00199847 0 0 0 0 0 0 0 0 0 0 
0.023 -0.730616 -4.03062 -2.87724 -3.42379 -1.46938 1.41815e-11 1.83197e+14 0.000122307 0.000712735 8.01088e-23 2.09197e-08 95493.2 0 0 6.09466e-25 0 0 0.00199847 0 0 0 0 0 0 0 0 0 0 
0.0235 -0.725842 -4.02584 -2.87724 -3.41901 -1.47416 1.17899e-11 1.83187e+14 0.000122309 0.000712737 8.01088e-23 2.09187e-08 95498 0 0 6.09467e-25 0 0 0.00199847 0 0 0 0 0 0 0 0 0 0 
0.024 -0.721067 -4.02107 -2.87724 -3.41423 -1.47893 9.80159e-12 1.83177e+14 0.000122312 0.00071274 8.01088e-23 2.09176e-08 95502.7 0 0 6.09467e-25 0 0 0.00199847 0 0 0 0 0 0 0 0 0 0 
0.0245 -0.716291 -4.01629 -2.87724 -3.40946 -1.48371 8.14849e-12 1.83167e+14 0.000122314 0.000712743 8.01088e-23 2.09166e-08 95507.4 0 0 6.09466e-25 0 0 0.00199847 0 0 0 0 0 0 0 0 0 0 
0.025 -0.711516 -4.01152 -2.87724 -3.40468 -1.48848 6.77413e-12 1.83158e+14 0.000122317 0.000712745 8.01088e-23 2.09156e-08 95512.2 0 0 6.09467e-25 0 0 0.00199847 0 0 0 0 0 0 0 0 0 0 
0.0255 -0.70674 -4.00674 -2.87724 -3.3999 -1.49326 5.63152e-12 1.83148e+14 0.000122319 0.000712748 8.01088e-23 2.09145e-08 95516.9 0 0 6.09467e-25 0 0 0.00199847 0 0 0 0 0 0 0 0 0 0 
0.026 -0.701964 -4.00196 -2.87724 -3.39512 -1.49804 4.6816e-12 1.83138e+14 0.000122322 0.000712751 8.01088e-23 2.09135e-08 95521.6 0 0 6.09467e-25 0 0 0.00199847 0 0 0 0 0 0 0 0 0 0 
0.0265 -0.697188 -3.99719 -2.87724 -3.39035 -1.50281 3.89188e-12 1.83128e+14 0.000122325 0.000712753 8.01088e-23 2.09125e-08 95526.4 0 0 6.09467e-25 0 0 0.00199847 0 0 0 0 0 0 0 0 0 0 
0.027 -0.692411 -3.99241 -2.87724 -3.38557 -1.50759 3.23534e-12 1.83119e+14 0.000122327 0.000712756 8.01088e-23 2.09114e-08 95531.1 0 0 6.09467e-25 0 0 0.00199847 0 0 0 0 0 0 0 0 0 0 
0.0275 -0.687635 -3.98763 -2.87724 -3.38079 -1.51237 2.68953e-12 1.83109e+14 0.00012233 0.000712759 8.01088e-23 2.09104e-08 95535.8 0 0 6.09467e-25 0 0 0.00199847 0 0 0 0 0 0 0 0 0 0 
0.028 -0.682858 -3.98286 -2.87724 -3.37601 -1.51714 2.23578e-12 1.83099e+14 0.000122333 0.000712761 8.01088e-23 2.09094e-08 95540.6 0 0 6.09466e-25 0 0 0.00199847 0 0 0 0 0 0 0 0 0 0 
0.0285 -0.678081 -3.97808 -2.87724 -3.37123 -1.52192 1.85856e-12 1.83089e+14 0.000122335 0.000712764 8.01088e-23 2.09083e-08 95545.3 0 0 6.09467e-25 0 0 0.00199847 0 0 0 0 0 0 0 0 0 0 
0.029 -0.673303 -3.9733 -2.87724 -3.36645 -1.5267 1.54498e-12 1.8308e+14 0.000122338 0.000712767 8.01088e-23 2.09073e-08 95550 0 0 6.09467e-25 0 0 0.00199847 0 0 0 0 0 0 0 0 0 0 
0.0295 -0.668526 -3.96853 -2.87724 -3.36167 -1.53147 1.28429e-12 1.8307e+14 0.00012234 0.000712769 8.01088e-23 2.09062e-08 95554.8 0 0 6.09467e-25 0 0 0.00199847 0 0 0 0 0 0 0 0 0 0 
0.03 -0.663748 -3.96375 -2.87724 -3.35689 -1.53625 1.06758e-12 1.8306e+14 0.000122343 0.000712772 8.01088e-23 2.09052e-08 95559.5 0 0 6.09467e-25 0 0 0.00199847 0 0 0 0 0 0 0 0 0 0 
0.0305 -0.65897 -3.95897 -2.87724 -3.35211 -1.54103 8.87424e-13 1.8305e+14 0.000122346 0.000712775 8.01088e-23 2.09042e-08 95564.2 0 0 6.09467e-25 0 0 0.00199847 0 0 0 0 0 0 0 0 0 0 
0.031 -0.654191 -3.95419 -2.87724 -3.34733 -1.54581 7.37665e-13 1.83041e+14 0.000122348 0.000712778 8.01088e-23 2.09031e-08 95569 0 0 6.09467e-25 0 0 0.00199847 0 0 0 0 0 0 0 0 0 0 
0.0315 -0.649413 -3.94941 -2.87724 -3.34255 -1.55059 6.13174e-13 1.83031e+14 0.000122351 0.00071278 8.01088e-23 2.09021e-08 95573.7 0 0 6.09467e-25 0 0 0.00199847 0 0 0 0 0 0 0 0 0 0 
0.032 -0.644634 -3.94463 -2.87724 -3.33777 -1.55537 5.09688e-13 1.83021e+14 0.000122354 0.000712783 8.01088e-23 2.09011e-08 95578.4 0 0 6.09467e-25 0 0 0.00199847 0 0 0 0 0 0 0 0 0 0 
0.0325 -0.639855 -3.93986 -2.87724 -3.33299 -1.56014 4.23663e-13 1.83011e+14 0.000122356 0.000712786 8.01088e-23 2.09e-08 95583.2 0 0 6.09467e-25 0 0 0.00199847 0 0 0 0 0 0 0 0 0 0 
0.033 -0.635076 -3.93508 -2.87724 -3.32821 -1.56492 3.52155e-13 1.83002e+14 0.000122359 0.000712788 8.01088e-23 2.0899e-08 95587.9 0 0 6.09467e-25 0 0 0.00199847 0 0 0 0 0 0 0 0 0 0 
0.0335 -0.630296 -3.9303 -2.87724 -3.32343 -1.5697 2.92713e-13 1.82992e+14 0.000122361 0.000712791 8.01088e-23 2.0898e-08 95592.6 0 0 6.09467e-25 0 0 0.00199847 0 0 0 0 0 0 0 0 0 0 
0.034 -0.625516 -3.92552 -2.87724 -3.31865 -1.57448 2.43302e-13 1.82982e+14 0.000122364 0.000712794 8.01088e-23 2.08969e-08 95597.4 0 0 6.09468e-25 0 0 0.00199847 0 0 0 0 0 0 0 0 0 0 
0.0345 -0.620736 -3.92074 -2.87724 -3.31386 -1.57926 2.02231e-13 1.82972e+14 0.000122367 0.000712796 8.01088e-23 2.08959e-08 95602.1 0 0 6.09467e-25 0 0 0.00199847 0 0 0 0 0 0 0 0 0 0 
0.035 -0.615956 -3.91596 -2.87724 -3.30908 -1.58404 1.68091e-13 1.82963e+14 0.000122369 0.000712799 8.01088e-23 2.08949e-08 95606.8 0 0 6.09467e-25 0 0 0.00199847 0 0 0 0 0 0 0 0 0 0 
0.0355 -0.611176 -3.91118 -2.87724 -3.3043 -1.58882 1.39713e-13 1.82953e+14 0.000122372 0.000712802 8.01088e-23 2.08938e-08 95611.5 0 0 6.09467e-25 0 0 0.00199847 0 0 0 0 0 0 0 0 0 0 
0.036 -0.606395 -3.9064 -2.87724 -3.29952 -1.5936 1.16125e-13 1.82943e+14 0.000122375 0.000712805 8.01088e-23 2.08928e-08 95616.3 0 0 6.09467e-25 0 0 0.00199847 0 0 0 0 0 0 0 0 0 0 
0.0365 -0.601614 -3.90161 -2.87724 -3.29473 -1.59839 9.65181e-14 1.82933e+14 0.000122377 0.000712807 8.01088e-23 2.08918e-08 95621 0 0 6.09467e-25 0 0 0.00199847 0 0 0 0 0 0 0 0 0 0 
0.037 -0.596833 -3.89683 -2.87724 -3.28995 -1.60317 8.02212e-14 1.82924e+14 0.00012238 0.00071281 8.01088e-23 2.08908e-08 95625.7 0 0 6.09467e-25 0 0 0.00199847 0 0 0 0 0 0 0 0 0 0 
0.0375 -0.592052 -3.89205 -2.87724 -3.28517 -1.60795 6.66755e-14 1.82914e+14 0.000122383 0.000712813 8.01088e-23 2.08897e-08 95630.5 0 0 6.09467e-25 0 0 0.00199847 0 0 0 0 0 0 0 0 0 0 
0.038 -0.58727 -3.88727 -2.87724 -3.28038 -1.61273 5.54164e-14 1.82904e+14 0.000122385 0.000712815 8.01088e-23 2.08887e-08 95635.2 0 0 6.09468e-25 0 0 0.00199847 0 0 0 0 0 0 0 0 0 0 
0.0385 -0.582488 -3.88249 -2.87724 -3.2756 -1.61751 4.60582e-14 1.82895e+14 0.000122388 0.000712818 8.01088e-23 2.08877e-08 95639.9 0 0 6.09468e-25 0 0 0.00199847 0 0 0 0 0 0 0 0 0 0 
0.039 -0.577706 -3.87771 -2.87724 -3.27082 -1.62229 3.828e-14 1.82885e+14 0.000122391 0.000712821 8.01088e-23 2.08866e-08 95644.6 0 0 6.09467e-25 0 0 0.00199847 0 0 0 0 0 0 0 0 0 0 
0.0395 -0.572924 -3.87292 -2.87724 -3.26603 -1.62708 3.1815e-14 1.82875e+14 0.000122393 0.000712823 8.01088e-23 2.08856e-08 95649.4 0 0 6.09467e-25 0 0 0.00199847 0 0 0 0 0 0 0 0 0 0 
0.04 -0.568141 -3.86814 -2.87724 -3.26125 -1.63186 2.64417e-14 1.82865e+14 0.000122396 0.000712826 8.01088e-23 2.08846e-08 95654.1 0 0 6.09467e-25 0 0 0.00199847 0 0 0 0 0 0 0 0 0 0 
0.0405 -0.563358 -3.86336 -2.87724 -3.25646 -1.63664 2.19756e-14 1.82856e+14 0.000122399 0.000712829 8.01088e-23 2.08835e-08 95658.8 0 0 6.09467e-25 0 0 0.00199847 0 0 0 0 0 0 0 0 0 0 
0.041 -0.558575 -3.85858 -2.87724 -3.25168 -1.64142 1.82638e-14 1.82846e+14 0.000122401 0.000712832 8.01088e-23 2.08825e-08 95663.5 0 0 6.09467e-25 0 0 0.00199847 0 0 0 0 0 0 0 0 0 0 
0.0415 -0.553792 -3.85379 -2.87724 -3.24689 -1.64621 1.51787e-14 1.82836e+14 0.000122404 0.000712834 8.01088e-23 2.08815e-08 95668.3 0 0 6.09468e-25 0 0 0.00199847 0 0 0 0 0 0 0 0 0 0 
0.042 -0.549008 -3.84901 -2.87724 -3.24211 -1.65099 1.26147e-14 1.82826e+14 0.000122407 0.000712837 8.01088e-23 2.08804e-08 95673 0 0 6.09467e-25 0 0 0.00199847 0 0 0 0 0 0 0 0 0 0 
0.0425 -0.544225 -3.84422 -2.87724 -3.23732 -1.65578 1.04836e-14 1.82817e+14 0.000122409 0.00071284 8.01088e-23 2.08794e-08 95677.7 0 0 6.09467e-25 0 0 0.00199847 0 0 0 0 0 0 0 0 0 0 
0.043 -0.539441 -3.83944 -2.87724 -3.23254 -1.66056 8.71254e-15 1.82807e+14 0.000122412 0.000712842 8.01088e-23 2.08784e-08 95682.5 0 0 6.09467e-25 0 0 0.00199847 0 0 0 0 0 0 0 0 0 0 
0.0435 -0.534656 -3.83466 -2.87724 -3.22775 -1.66534 7.24059e-15 1.82797e+14 0.000122415 0.000712845 8.01088e-23 2.08774e-08 95687.2 0 0 6.09467e-25 0 0 0.00199847 0 0 0 0 0 0 0 0 0 0 
0.044 -0.529872 -3.82987 -2.87724 -3.22296 -1.67013 6.01726e-15 1.82788e+14 0.000122417 0.000712848 8.01088e-23 2.08763e-08 95691.9 0 0 6.09467e-25 0 0 0.00199847 0 0 0 0 0 0 0 0 0 0 
0.0445 -0.525087 -3.82509 -2.87724 -3.21818 -1.67491 5.00057e-15 1.82778e+14 0.00012242 0.000712851 8.01088e-23 2.08753e-08 95696.6 0 0 6.09467e-25 0 0 0.00199847 0 0 0 0 0 0 0 0 0 0 
0.045 -0.520302 -3.8203 -2.87724 -3.21339 -1.6797 4.15562e-15 1.82768e+14 0.000122423 0.000712853 8.01088e-23 2.08743e-08 95701.4 0 0 6.09467e-25 0 0 0.00199847 0 0 0 0 0 0 0 0 0 0 
0.0455 -0.515517 -3.81552 -2.87724 -3.2086 -1.68448 3.45342e-15 1.82758e+14 0.000122425 0.000712856 8.01088e-23 2.08732e-08 95706.1 0 0 6.09467e-25 0 0 0.00199847 0 0 0 0 0 0 0 0 0 0 
0.046 -0.510732 -3.81073 -2.87724 -3.20382 -1.68927 2.86984e-15 1.82749e+14 0.000122428 0.000712859 8.01088e-23 2.08722e-08 95710.8 0 0 6.09467e-25 0 0 0.00199847 0 0 0 0 0 0 0 0 0 0 
0.0465 -0.505946 -3.80595 -2.87724 -3.19903 -1.69405 2.38486e-15 1.82739e+14 0.000122431 0.000712861 8.01088e-23 2.08712e-08 95715.5 0 0 6.09467e-25 0 0 0.00199847 0 0 0 0 0 0 0 0 0 0 
0.047 -0.50116 -3.80116 -2.87724 -3.19424 -1.69884 1.98182e-15 1.82729e+14 0.000122433 0.000712864 8.01088e-23 2.08701e-08 95720.2 0 0 6.09467e-25 0 0 0.00199847 0 0 0 0 0 0 0 0 0 0 
0.0475 -0.496374 -3.79637 -2.87724 -3.18945 -1.70363 1.64687e-15 1.8272e+14 0.000122436 0.000712867 8.01088e-23 2.08691e-08 95725 0 0 6.09467e-25 0 0 0.00199847 0 0 0 0 0 0 0 0 0 0 
0.048 -0.491588 -3.79159 -2.87724 -3.18467 -1.70841 1.36853e-15 1.8271e+14 0.000122439 0.00071287 8.01088e-23 2.08681e-08 95729.7 0 0 6.09467e-25 0 0 0.00199847 0 0 0 0 0 0 0 0 0 0 
0.0485 -0.486801 -3.7868 -2.87724 -3.17988 -1.7132 1.13721e-15 1.827e+14 0.000122441 0.000712872 8.01088e-23 2.08671e-08 95734.4 0 0 6.09467e-25 0 0 0.00199847 0 0 0 0 0 0 0 0 0 0 
0.049 -0.482014 -3.78201 -2.87724 -3.17509 -1.71799 9.4499e-16 1.82691e+14 0.000122444 0.000712875 8.01088e-23 2.0866e-08 95739.1 0 0 6.09467e-25 0 0 0.00199847 0 0 0 0 0 0 0 0 0 0 
0.0495 -0.477227 -3.77723 -2.87724 -3.1703 -1.72277 7.85251e-16 1.82681e+14 0.000122447 0.000712878 8.01088e-23 2.0865e-08 95743.9 0 0 6.09467e-25 0 0 0.00199847 0 0 0 0 0 0 0 0 0 0 
0.05 -0.47244 -3.77244 -2.87724 -3.16551 -1.72756 6.52507e-16 1.82671e+14 0.000122449 0.00071288 8.01088e-23 2.0864e-08 95748.6 0 0 6.09467e-25 0 0 0.00199847 0 0 0 0 0 0 0 0 0 0 
0.0505 -0.467652 -3.76765 -2.87724 -3.16072 -1.73235 5.42199e-16 1.82661e+14 0.000122452 0.000712883 8.01088e-23 2.08629e-08 95753.3 0 0 6.09467e-25 0 0 0.00199847 0 0 0 0 0 0 0 0 0 0 
0.051 -0.462864 -3.76286 -2.87724 -3.15593 -1.73714 4.50534e-16 1.82652e+14 0.000122455 0.000712886 8.01088e-23 2.08619e-08 95758 0 0 6.09467e-25 0 0 0.00199847 0 0 0 0 0 0 0 0 0 0 
0.0515 -0.458076 -3.75808 -2.87724 -3.15114 -1.74192 3.74363e-16 1.82642e+14 0.000122457 0.000712889 8.01088e-23 2.08609e-08 95762.8 0 0 6.09467e-25 0 0 0.00199847 0 0 0 0 0 0 0 0 0 0 
0.052 -0.453288 -3.75329 -2.87724 -3.14635 -1.74671 3.11067e-16 1.82632e+14 0.00012246 0.000712891 8.01088e-23 2.08599e-08 95767.5 0 0 6.09467e-25 0 0 0.00199847 0 0 0 0 0 0 0 0 0 0 
0.0525 -0.4485 -3.7485 -2.87724 -3.14156 -1.7515 2.58471e-16 1.82623e+14 0.000122463 0.000712894 8.01088e-23 2.08588e-08 95772.2 0 0 6.09467e-25 0 0 0.00199847 0 0 0 0 0 0 0 0 0 0 
0.053 -0.443711 -3.74371 -2.87724 -3.13677 -1.75629 2.14765e-16 1.82613e+14 0.000122465 0.000712897 8.01088e-23 2.08578e-08 95776.9 0 0 6.09467e-25 0 0 0.00199847 0 0 0 0 0 0 0 0 0 0 
0.0535 -0.438922 -3.73892 -2.87724 -3.13198 -1.76108 1.78449e-16 1.82603e+14 0.000122468 0.0007129 8.01088e-23 2.08568e-08 95781.6 0 0 6.09467e-25 0 0 0.00199847 0 0 0 0 0 0 0 0 0 0 
0.054 -0.434133 -3.73413 -2.87724 -3.12719 -1.76587 1.48272e-16 1.82594e+14 0.000122471 0.000712902 8.01088e-23 2.08558e-08 95786.4 0 0 6.09467e-25 0 0 0.00199847 0 0 0 0 0 0 0 0 0 0 
0.0545 -0.429343 -3.72934 -2.87724 -3.1224 -1.77066 1.23197e-16 1.82584e+14 0.000122473 0.000712905 8.01088e-23 2.08547e-08 95791.1 0 0 6.09467e-25 0 0 0.00199847 0 0 0 0 0 0 0 0 0 0 
0.055 -0.424554 -3.72455 -2.87724 -3.1176 -1.77545 1.02362e-16 1.82574e+14 0.000122476 0.000712908 8.01088e-23 2.08537e-08 95795.8 0 0 6.09467e-25 0 0 0.00199847 0 0 0 0 0 0 0 0 0 0 
0.0555 -0.419764 -3.71976 -2.87724 -3.11281 -1.78024 8.50493e-17 1.82565e+14 0.000122479 0.000712911 8.01088e-23 2.08527e-08 95800.5 0 0 6.09467e-25 0 0 0.00199847 0 0 0 0 0 0 0 0 0 0 
0.056 -0.414974 -3.71497 -2.87724 -3.10802 -1.78503 7.06643e-17 1.82555e+14 0.000122482 0.000712913 8.01088e-23 2.08517e-08 95805.2 0 0 6.09467e-25 0 0 0.00199847 0 0 0 0 0 0 0 0 0 0 
0.0565 -0.410183 -3.71018 -2.87724 -3.10323 -1.78982 5.87118e-17 1.82545e+14 0.000122484 0.000712916 8.01088e-23 2.08506e-08 95810 0 0 6.09467e-25 0 0 0.00199847 0 0 0 0 0 0 0 0 0 0 
0.057 -0.405393 -3.70539 -2.87724 -3.09844 -1.79461 4.87806e-17 1.82536e+14 0.000122487 0.000712919 8.01088e-23 2.08496e-08 95814.7 0 0 6.09467e-25 0 0 0.00199847 0 0 0 0 0 0 0 0 0 0 
0.0575 -0.400602 -3.7006 -2.87724 -3.09364 -1.7994 4.05289e-17 1.82526e+14 0.00012249 0.000712921 8.01088e-23 2.08486e-08 95819.4 0 0 6.09467e-25 0 0 0.00199847 0 0 0 0 0 0 0 0 0 0 
0.058 -0.395811 -3.69581 -2.87724 -3.08885 -1.80419 3.36727e-17 1.82516e+14 0.000122492 0.000712924 8.01088e-23 2.08476e-08 95824.1 0 0 6.09467e-25 0 0 0.00199847 0 0 0 0 0 0 0 0 0 0 
0.0585 -0.391019 -3.69102 -2.87724 -3.08406 -1.80898 2.79761e-17 1.82506e+14 0.000122495 0.000712927 8.01088e-23 2.08465e-08 95828.8 0 0 6.09467e-25 0 0 0.00199847 0 0 0 0 0 0 0 0 0 0 
0.059 -0.386228 -3.68623 -2.87724 -3.07926 -1.81377 2.3243e-17 1.82497e+14 0.000122498 0.00071293 8.01088e-23 2.08455e-08 95833.5 0 0 6.09467e-25 0 0 0.00199847 0 0 0 0 0 0 0 0 0 0 
0.0595 -0.381436 -3.68144 -2.87724 -3.07447 -1.81856 1.93106e-17 1.82487e+14 0.0001225 0.000712932 8.01088e-23 2.08445e-08 95838.3 0 0 6.09467e-25 0 0 0.00199847 0 0 0 0 0 0 0 0 0 0 
0.06 -0.376644 -3.67664 -2.87724 -3.06968 -1.82336 1.60432e-17 1.82477e+14 0.000122503 0.000712935 8.01088e-23 2.08435e-08 95843 0 0 6.09467e-25 0 0 0.00199847 0 0 0 0 0 0 0 0 0 0 
0.0605 -0.371852 -3.67185 -2.87724 -3.06488 -1.82815 1.33286e-17 1.82468e+14 0.000122506 0.000712938 8.01088e-23 2.08424e-08 95847.7 0 0 6.09467e-25 0 0 0.00199847 0 0 0 0 0 0 0 0 0 0 
0.061 -0.367059 -3.66706 -2.87724 -3.06009 -1.83294 1.10733e-17 1.82458e+14 0.000122508 0.000712941 8.01088e-23 2.08414e-08 95852.4 0 0 6.09467e-25 0 0 0.00199848 0 0 0 0 0 0 0 0 0 0 
0.0615 -0.362266 -3.66227 -2.87724 -3.05529 -1.83773 9.19944e-18 1.82448e+14 0.000122511 0.000712943 8.01088e-23 2.08404e-08 95857.1 0 0 6.09468e-25 0 0 0.00199848 0 0 0 0 0 0 0 0 0 0 
0.062 -0.357473 -3.65747 -2.87724 -3.0505 -1.84253 7.64264e-18 1.82439e+14 0.000122514 0.000712946 8.01088e-23 2.08394e-08 95861.8 0 0 6.09467e-25 0 0 0.00199848 0 0 0 0 0 0 0 0 0 0 
0.0625 -0.35268 -3.65268 -2.87724 -3.0457 -1.84732 6.34923e-18 1.82429e+14 0.000122516 0.000712949 8.01088e-23 2.08383e-08 95866.6 0 0 6.09467e-25 0 0 0.00199848 0 0 0 0 0 0 0 0 0 0 
0.063 -0.347887 -3.64789 -2.87724 -3.04091 -1.85211 5.27467e-18 1.82419e+14 0.000122519 0.000712952 8.01088e-23 2.08373e-08 95871.3 0 0 6.09467e-25 0 0 0.00199848 0 0 0 0 0 0 0 0 0 0 
0.0635 -0.343093 -3.64309 -2.87724 -3.03611 -1.85691 4.38192e-18 1.8241e+14 0.000122522 0.000712954 8.01088e-23 2.08363e-08 95876 0 0 6.09467e-25 0 0 0.00199848 0 0 0 0 0 0 0 0 0 0 
0.064 -0.338299 -3.6383 -2.87724 -3.03132 -1.8617 3.64025e-18 1.824e+14 0.000122525 0.000712957 8.01088e-23 2.08353e-08 95880.7 0 0 6.09467e-25 0 0 0.00199848 0 0 0 0 0 0 0 0 0 0 
0.0645 -0.333505 -3.63351 -2.87724 -3.02652 -1.86649 3.02408e-18 1.8239e+14 0.000122527 0.00071296 8.01088e-23 2.08342e-08 95885.4 0 0 6.09467e-25 0 0 0.00199848 0 0 0 0 0 0 0 0 0 0 
0.065 -0.328711 -3.62871 -2.87724 -3.02172 -1.87129 2.51218e-18 1.82381e+14 0.00012253 0.000712963 8.01088e-23 2.08332e-08 95890.1 0 0 6.09467e-25 0 0 0.00199848 0 0 0 0 0 0 0 0 0 0 
0.0655 -0.323916 -3.62392 -2.87724 -3.01693 -1.87608 2.08691e-18 1.82371e+14 0.000122533 0.000712965 8.01088e-23 2.08322e-08 95894.9 0 0 6.09467e-25 0 0 0.00199848 0 0 0 0 0 0 0 0 0 0 
0.066 -0.319121 -3.61912 -2.87724 -3.01213 -1.88088 1.73362e-18 1.82361e+14 0.000122535 0.000712968 8.01088e-23 2.08312e-08 95899.6 0 0 6.09468e-25 0 0 0.00199848 0 0 0 0 0 0 0 0 0 0 
0.0665 -0.314326 -3.61433 -2.87724 -3.00733 -1.88567 1.44013e-18 1.82352e+14 0.000122538 0.000712971 8.01088e-23 2.08301e-08 95904.3 0 0 6.09467e-25 0 0 0.00199848 0 0 0 0 0 0 0 0 0 0 
0.067 -0.309531 -3.60953 -2.87724 -3.00254 -1.89047 1.19631e-18 1.82342e+14 0.000122541 0.000712974 8.01088e-23 2.08291e-08 95909 0 0 6.09467e-25 0 0 0.00199848 0 0 0 0 0 0 0 0 0 0 
0.0675 -0.304735 -3.60474 -2.87724 -2.99774 -1.89526 9.93759e-19 1.82332e+14 0.000122543 0.000712976 8.01088e-23 2.08281e-08 95913.7 0 0 6.09467e-25 0 0 0.00199848 0 0 0 0 0 0 0 0 0 0 
0.068 -0.299939 -3.59994 -2.87724 -2.99294 -1.90006 8.25497e-19 1.82323e+14 0.000122546 0.000712979 8.01088e-23 2.08271e-08 95918.4 0 0 6.09467e-25 0 0 0.00199848 0 0 0 0 0 0 0 0 0 0 
0.0685 -0.295143 -3.59514 -2.87724 -2.98814 -1.90486 6.85718e-19 1.82313e+14 0.000122549 0.000712982 8.01088e-23 2.08261e-08 95923.1 0 0 6.09467e-25 0 0 0.00199848 0 0 0 0 0 0 0 0 0 0 
0.069 -0.290347 -3.59035 -2.87724 -2.98335 -1.90965 5.69603e-19 1.82304e+14 0.000122551 0.000712985 8.01088e-23 2.0825e-08 95927.8 0 0 6.09467e-25 0 0 0.00199848 0 0 0 0 0 0 0 0 0 0 
0.0695 -0.285551 -3.58555 -2.87724 -2.97855 -1.91445 4.73145e-19 1.82294e+14 0.000122554 0.000712987 8.01088e-23 2.0824e-08 95932.6 0 0 6.09467e-25 0 0 0.00199848 0 0 0 0 0 0 0 0 0 0 
0.07 -0.280754 -3.58075 -2.87724 -2.97375 -1.91925 3.93018e-19 1.82284e+14 0.000122557 0.00071299 8.01088e-23 2.0823e-08 95937.3 0 0 6.09467e-25 0 0 0.00199848 0 0 0 0 0 0 0 0 0 0 
0.0705 -0.275957 -3.57596 -2.87724 -2.96895 -1.92404 3.26458e-19 1.82275e+14 0.000122559 0.000712993 8.01088e-23 2.0822e-08 95942 0 0 6.09467e-25 0 0 0.00199848 0 0 0 0 0 0 0 0 0 0 
0.071 -0.27116 -3.57116 -2.87724 -2.96415 -1.92884 2.71167e-19 1.82265e+14 0.000122562 0.000712996 8.01088e-23 2.08209e-08 95946.7 0 0 6.09466e-25 0 0 0.00199848 0 0 0 0 0 0 0 0 0 0 
0.0715 -0.266362 -3.56636 -2.87724 -2.95935 -1.93364 2.25239e-19 1.82255e+14 0.000122565 0.000712999 8.01088e-23 2.08199e-08 95951.4 0 0 6.09467e-25 0 0 0.00199848 0 0 0 0 0 0 0 0 0 0 
0.072 -0.261564 -3.56156 -2.87724 -2.95455 -1.93844 1.87088e-19 1.82246e+14 0.000122568 0.000713001 8.01088e-23 2.08189e-08 95956.1 0 0 6.09467e-25 0 0 0.00199848 0 0 0 0 0 0 0 0 0 0 
0.0725 -0.256766 -3.55677 -2.87724 -2.94975 -1.94323 1.55398e-19 1.82236e+14 0.00012257 0.000713004 8.01088e-23 2.08179e-08 95960.8 0 0 6.09467e-25 0 0 0.00199848 0 0 0 0 0 0 0 0 0 0 
0.073 -0.251968 -3.55197 -2.87724 -2.94495 -1.94803 1.29074e-19 1.82226e+14 0.000122573 0.000713007 8.01088e-23 2.08169e-08 95965.5 0 0 6.09467e-25 0 0 0.00199848 0 0 0 0 0 0 0 0 0 0 
0.0735 -0.24717 -3.54717 -2.87724 -2.94015 -1.95283 1.07209e-19 1.82217e+14 0.000122576 0.00071301 8.01088e-23 2.08158e-08 95970.2 0 0 6.09467e-25 0 0 0.00199848 0 0 0 0 0 0 0 0 0 0 
0.074 -0.242371 -3.54237 -2.87724 -2.93535 -1.95763 8.90466e-20 1.82207e+14 0.000122578 0.000713012 8.01088e-23 2.08148e-08 95975 0 0 6.09467e-25 0 0 0.00199848 0 0 0 0 0 0 0 0 0 0 
0.0745 -0.237572 -3.53757 -2.87724 -2.93055 -1.96243 7.39605e-20 1.82197e+14 0.000122581 0.000713015 8.01088e-23 2.08138e-08 95979.7 0 0 6.09467e-25 0 0 0.00199848 0 0 0 0 0 0 0 0 0 0 
0.075 -0.232773 -3.53277 -2.87724 -2.92575 -1.96723 6.14298e-20 1.82188e+14 0.000122584 0.000713018 8.01088e-23 2.08128e-08 95984.4 0 0 6.09467e-25 0 0 0.00199848 0 0 0 0 0 0 0 0 0 0 
0.0755 -0.227974 -3.52797 -2.87724 -2.92095 -1.97203 5.10215e-20 1.82178e+14 0.000122586 0.000713021 8.01088e-23 2.08118e-08 95989.1 0 0 6.09467e-25 0 0 0.00199848 0 0 0 0 0 0 0 0 0 0 
0.076 -0.223174 -3.52317 -2.87724 -2.91615 -1.97683 4.23764e-20 1.82169e+14 0.000122589 0.000713023 8.01088e-23 2.08107e-08 95993.8 0 0 6.09467e-25 0 0 0.00199848 0 0 0 0 0 0 0 0 0 0 
0.0765 -0.218375 -3.51837 -2.87724 -2.91135 -1.98163 3.51958e-20 1.82159e+14 0.000122592 0.000713026 8.01088e-23 2.08097e-08 95998.5 0 0 6.09467e-25 0 0 0.00199848 0 0 0 0 0 0 0 0 0 0 
0.077 -0.213575 -3.51357 -2.87724 -2.90654 -1.98643 2.92317e-20 1.82149e+14 0.000122594 0.000713029 8.01088e-23 2.08087e-08 96003.2 0 0 6.09467e-25 0 0 0.00199848 0 0 0 0 0 0 0 0 0 0 
0.0775 -0.208774 -3.50877 -2.87724 -2.90174 -1.99123 2.4278e-20 1.8214e+14 0.000122597 0.000713032 8.01088e-23 2.08077e-08 96007.9 0 0 6.09467e-25 0 0 0.00199848 0 0 0 0 0 0 0 0 0 0 
0.078 -0.203974 -3.50397 -2.87724 -2.89694 -1.99603 2.01636e-20 1.8213e+14 0.0001226 0.000713035 8.01088e-23 2.08067e-08 96012.6 0 0 6.09467e-25 0 0 0.00199848 0 0 0 0 0 0 0 0 0 0 
0.0785 -0.199173 -3.49917 -2.87724 -2.89214 -2.00083 1.67463e-20 1.8212e+14 0.000122603 0.000713037 8.01088e-23 2.08056e-08 96017.3 0 0 6.09467e-25 0 0 0.00199848 0 0 0 0 0 0 0 0 0 0 
0.079 -0.194372 -3.49437 -2.87724 -2.88733 -2.00563 1.39081e-20 1.82111e+14 0.000122605 0.00071304 8.01088e-23 2.08046e-08 96022 0 0 6.09467e-25 0 0 0.00199848 0 0 0 0 0 0 0 0 0 0 
0.0795 -0.189571 -3.48957 -2.87724 -2.88253 -2.01043 1.15507e-20 1.82101e+14 0.000122608 0.000713043 8.01088e-23 2.08036e-08 96026.8 0 0 6.09467e-25 0 0 0.00199848 0 0 0 0 0 0 0 0 0 0 
0.08 -0.184769 -3.48477 -2.87724 -2.87773 -2.01523 9.59288e-21 1.82091e+14 0.000122611 0.000713046 8.01088e-23 2.08026e-08 96031.5 0 0 6.09468e-25 0 0 0.00199848 0 0 0 0 0 0 0 0 0 0 
0.0805 -0.179968 -3.47997 -2.87724 -2.87292 -2.02003 7.96681e-21 1.82082e+14 0.000122613 0.000713048 8.01088e-23 2.08016e-08 96036.2 0 0 6.09467e-25 0 0 0.00199848 0 0 0 0 0 0 0 0 0 0 
0.081 -0.175166 -3.47517 -2.87724 -2.86812 -2.02483 6.61631e-21 1.82072e+14 0.000122616 0.000713051 8.01088e-23 2.08006e-08 96040.9 0 0 6.09467e-25 0 0 0.00199848 0 0 0 0 0 0 0 0 0 0 
0.0815 -0.170364 -3.47036 -2.87724 -2.86332 -2.02964 5.49469e-21 1.82063e+14 0.000122619 0.000713054 8.01088e-23 2.07995e-08 96045.6 0 0 6.09467e-25 0 0 0.00199848 0 0 0 0 0 0 0 0 0 0 
0.082 -0.165561 -3.46556 -2.87724 -2.85851 -2.03444 4.56317e-21 1.82053e+14 0.000122621 0.000713057 8.01088e-23 2.07985e-08 96050.3 0 0 6.09467e-25 0 0 0.00199848 0 0 0 0 0 0 0 0 0 0 
0.0825 -0.160759 -3.46076 -2.87724 -2.85371 -2.03924 3.78954e-21 1.82043e+14 0.000122624 0.00071306 8.01088e-23 2.07975e-08 96055 0 0 6.09467e-25 0 0 0.00199848 0 0 0 0 0 0 0 0 0 0 
0.083 -0.155956 -3.45596 -2.87724 -2.8489 -2.04404 3.14703e-21 1.82034e+14 0.000122627 0.000713062 8.01088e-23 2.07965e-08 96059.7 0 0 6.09468e-25 0 0 0.00199848 0 0 0 0 0 0 0 0 0 0 
0.0835 -0.151153 -3.45115 -2.87724 -2.8441 -2.04885 2.61344e-21 1.82024e+14 0.000122629 0.000713065 8.01088e-23 2.07955e-08 96064.4 0 0 6.09467e-25 0 0 0.00199848 0 0 0 0 0 0 0 0 0 0 
0.084 -0.146349 -3.44635 -2.87724 -2.83929 -2.05365 2.1703e-21 1.82015e+14 0.000122632 0.000713068 8.01088e-23 2.07944e-08 96069.1 0 0 6.09467e-25 0 0 0.00199848 0 0 0 0 0 0 0 0 0 0 
0.0845 -0.141546 -3.44155 -2.87724 -2.83449 -2.05845 1.80229e-21 1.82005e+14 0.000122635 0.000713071 8.01088e-23 2.07934e-08 96073.8 0 0 6.09467e-25 0 0 0.00199848 0 0 0 0 0 0 0 0 0 0 
0.085 -0.136742 -3.43674 -2.87724 -2.82968 -2.06326 1.49666e-21 1.81995e+14 0.000122638 0.000713074 8.01088e-23 2.07924e-08 96078.5 0 0 6.09467e-25 0 0 0.00199848 0 0 0 0 0 0 0 0 0 0 
0.0855 -0.131938 -3.43194 -2.87724 -2.82488 -2.06806 1.24285e-21 1.81986e+14 0.00012264 0.000713076 8.01088e-23 2.07914e-08 96083.2 0 0 6.09467e-25 0 0 0.00199848 0 0 0 0 0 0 0 0 0 0 
0.086 -0.127134 -3.42713 -2.87724 -2.82007 -2.07287 1.03208e-21 1.81976e+14 0.000122643 0.000713079 8.01088e-23 2.07904e-08 96087.9 0 0 6.09467e-25 0 0 0.00199848 0 0 0 0 0 0 0 0 0 0 
0.0865 -0.122329 -3.42233 -2.87724 -2.81526 -2.07767 8.57037e-22 1.81966e+14 0.000122646 0.000713082 8.01088e-23 2.07894e-08 96092.6 0 0 6.09467e-25 0 0 0.00199848 0 0 0 0 0 0 0 0 0 0 
0.087 -0.117524 -3.41752 -2.87724 -2.81046 -2.08248 7.11677e-22 1.81957e+14 0.000122648 0.000713085 8.01088e-23 2.07883e-08 96097.3 0 0 6.09467e-25 0 0 0.00199848 0 0 0 0 0 0 0 0 0 0 
0.0875 -0.112719 -3.41272 -2.87724 -2.80565 -2.08728 5.90967e-22 1.81947e+14 0.000122651 0.000713088 8.01088e-23 2.07873e-08 96102 0 0 6.09467e-25 0 0 0.00199848 0 0 0 0 0 0 0 0 0 0 
0.088 -0.107914 -3.40791 -2.87724 -2.80084 -2.09209 4.90726e-22 1.81938e+14 0.000122654 0.00071309 8.01088e-23 2.07863e-08 96106.7 0 0 6.09467e-25 0 0 0.00199848 0 0 0 0 0 0 0 0 0 0 
0.0885 -0.103109 -3.40311 -2.87724 -2.79604 -2.09689 4.07485e-22 1.81928e+14 0.000122656 0.000713093 8.01088e-23 2.07853e-08 96111.4 0 0 6.09467e-25 0 0 0.00199848 0 0 0 0 0 0 0 0 0 0 
0.089 -0.098303 -3.3983 -2.87724 -2.79123 -2.1017 3.3836e-22 1.81918e+14 0.000122659 0.000713096 8.01088e-23 2.07843e-08 96116.1 0 0 6.09467e-25 0 0 0.00199848 0 0 0 0 0 0 0 0 0 0 
0.0895 -0.093497 -3.3935 -2.87724 -2.78642 -2.1065 2.80959e-22 1.81909e+14 0.000122662 0.000713099 8.01088e-23 2.07833e-08 96120.9 0 0 6.09467e-25 0 0 0.00199848 0 0 0 0 0 0 0 0 0 0 
0.09 -0.0886909 -3.38869 -2.87724 -2.78161 -2.11131 2.33294e-22 1.81899e+14 0.000122664 0.000713102 8.01088e-23 2.07822e-08 96125.6 0 0 6.09467e-25 0 0 0.00199848 0 0 0 0 0 0 0 0 0 0 
0.0905 -0.0838845 -3.38388 -2.87724 -2.7768 -2.11612 1.93713e-22 1.8189e+14 0.000122667 0.000713104 8.01088e-23 2.07812e-08 96130.3 0 0 6.09467e-25 0 0 0.00199848 0 0 0 0 0 0 0 0 0 0 
0.091 -0.0790778 -3.37908 -2.87724 -2.772 -2.12092 1.60847e-22 1.8188e+14 0.00012267 0.000713107 8.01088e-23 2.07802e-08 96135 0 0 6.09467e-25 0 0 0.00199848 0 0 0 0 0 0 0 0 0 0 
0.0915 -0.074271 -3.37427 -2.87724 -2.76719 -2.12573 1.33555e-22 1.8187e+14 0.000122673 0.00071311 8.01088e-23 2.07792e-08 96139.7 0 0 6.09467e-25 0 0 0.00199848 0 0 0 0 0 0 0 0 0 0 
0.092 -0.0694639 -3.36946 -2.87724 -2.76238 -2.13054 1.10893e-22 1.81861e+14 0.000122675 0.000713113 8.01088e-23 2.07782e-08 96144.4 0 0 6.09467e-25 0 0 0.00199848 0 0 0 0 0 0 0 0 0 0 
0.0925 -0.0646565 -3.36466 -2.87724 -2.75757 -2.13534 9.20757e-23 1.81851e+14 0.000122678 0.000713116 8.01088e-23 2.07772e-08 96149.1 0 0 6.09467e-25 0 0 0.00199848 0 0 0 0 0 0 0 0 0 0 
0.093 -0.059849 -3.35985 -2.87724 -2.75276 -2.14015 7.64507e-23 1.81842e+14 0.000122681 0.000713118 8.01088e-23 2.07762e-08 96153.8 0 0 6.09468e-25 0 0 0.00199848 0 0 0 0 0 0 0 0 0 0 
0.0935 -0.0550412 -3.35504 -2.87724 -2.74795 -2.14496 6.34767e-23 1.81832e+14 0.000122683 0.000713121 8.01088e-23 2.07751e-08 96158.5 0 0 6.09467e-25 0 0 0.00199848 0 0 0 0 0 0 0 0 0 0 
0.094 -0.0502331 -3.35023 -2.87724 -2.74314 -2.14977 5.27039e-23 1.81822e+14 0.000122686 0.000713124 8.01088e-23 2.07741e-08 96163.2 0 0 6.09466e-25 0 0 0.00199848 0 0 0 0 0 0 0 0 0 0 
0.0945 -0.0454249 -3.34542 -2.87724 -2.73833 -2.15458 4.3759e-23 1.81813e+14 0.000122689 0.000713127 8.01088e-23 2.07731e-08 96167.9 0 0 6.09467e-25 0 0 0.00199848 0 0 0 0 0 0 0 0 0 0 
0.095 -0.0406163 -3.34062 -2.87724 -2.73352 -2.15938 3.63319e-23 1.81803e+14 0.000122691 0.00071313 8.01088e-23 2.07721e-08 96172.6 0 0 6.09467e-25 0 0 0.00199848 0 0 0 0 0 0 0 0 0 0 
0.0955 -0.0358076 -3.33581 -2.87724 -2.72871 -2.16419 3.01651e-23 1.81794e+14 0.000122694 0.000713132 8.01088e-23 2.07711e-08 96177.3 0 0 6.09468e-25 0 0 0.00199848 0 0 0 0 0 0 0 0 0 0 
0.096 -0.0309986 -3.331 -2.87724 -2.7239 -2.169 2.50448e-23 1.81784e+14 0.000122697 0.000713135 8.01088e-23 2.07701e-08 96182 0 0 6.09467e-25 0 0 0.00199848 0 0 0 0 0 0 0 0 0 0 
0.0965 -0.0261894 -3.32619 -2.87724 -2.71909 -2.17381 2.07934e-23 1.81774e+14 0.0001227 0.000713138 8.01088e-23 2.07691e-08 96186.7 0 0 6.09467e-25 0 0 0.00199848 0 0 0 0 0 0 0 0 0 0 
0.097 -0.0213799 -3.32138 -2.87724 -2.71428 -2.17862 1.72636e-23 1.81765e+14 0.000122702 0.000713141 8.01088e-23 2.0768e-08 96191.4 0 0 6.09467e-25 0 0 0.00199848 0 0 0 0 0 0 0 0 0 0 
0.0975 -0.0165703 -3.31657 -2.87724 -2.70946 -2.18343 1.43328e-23 1.81755e+14 0.000122705 0.000713144 8.01088e-23 2.0767e-08 96196.1 0 0 6.09467e-25 0 0 0.00199848 0 0 0 0 0 0 0 0 0 0 
0.098 -0.0117603 -3.31176 -2.87724 -2.70465 -2.18824 1.18995e-23 1.81746e+14 0.000122708 0.000713146 8.01088e-23 2.0766e-08 96200.8 0 0 6.09467e-25 0 0 0.00199848 0 0 0 0 0 0 0 0 0 0 
0.0985 -0.00695019 -3.30695 -2.87724 -2.69984 -2.19305 9.87921e-24 1.81736e+14 0.00012271 0.000713149 8.01088e-23 2.0765e-08 96205.5 0 0 6.09467e-25 0 0 0.00199848 0 0 0 0 0 0 0 0 0 0 
0.099 -0.0021398 -3.30214 -2.87724 -2.69503 -2.19786 8.20184e-24 1.81727e+14 0.000122713 0.000713152 8.01088e-23 2.0764e-08 96210.2 0 0 6.09467e-25 0 0 0.00199848 0 0 0 0 0 0 0 0 0 0 
0.0995 0.00267083 -3.29733 -2.87724 -2.69022 -2.20267 6.80921e-24 1.81717e+14 0.000122716 0.000713155 8.01088e-23 2.0763e-08 96214.8 0 0 6.09467e-25 0 0 0.00199848 0 0 0 0 0 0 0 0 0 0 
0.1 0.00748169 -3.29252 -2.87724 -2.6854 -2.20748 5.65299e-24 1.81707e+14 0.000122718 0.000713158 8.01088e-23 2.0762e-08 96219.5 0 0 6.09467e-25 0 0 0.00199848 0 0 0 0 0 0 0 0 0 0 
0.1005 0.0122928 -3.28771 -2.87724 -2.68059 -2.21229 4.69305e-24 1.81698e+14 0.000122721 0.000713161 8.01088e-23 2.0761e-08 96224.2 0 0 6.09467e-25 0 0 0.00199848 0 0 0 0 0 0 0 0 0 0 
0.101 0.0171041 -3.2829 -2.87724 -2.67578 -2.2171 3.89609e-24 1.81688e+14 0.000122724 0.000713163 8.01088e-23 2.07599e-08 96228.9 0 0 6.09467e-25 0 0 0.00199848 0 0 0 0 0 0 0 0 0 0 
0.1015 0.0219157 -3.27808 -2.87724 -2.67096 -2.22192 3.23443e-24 1.81679e+14 0.000122726 0.000713166 8.01088e-23 2.07589e-08 96233.6 0 0 6.09466e-25 0 0 0.00199848 0 0 0 0 0 0 0 0 0 0 
0.102 0.0267275 -3.27327 -2.87724 -2.66615 -2.22673 2.68512e-24 1.81669e+14 0.000122729 0.000713169 8.01088e-23 2.07579e-08 96238.3 0 0 6.09467e-25 0 0 0.00199848 0 0 0 0 0 0 0 0 0 0 
0.1025 0.0315395 -3.26846 -2.87724 -2.66134 -2.23154 2.22908e-24 1.8166e+14 0.000122732 0.000713172 8.01088e-23 2.07569e-08 96243 0 0 6.09467e-25 0 0 0.00199848 0 0 0 0 0 0 0 0 0 0 
0.103 0.0363518 -3.26365 -2.87724 -2.65652 -2.23635 1.85047e-24 1.8165e+14 0.000122735 0.000713175 8.01088e-23 2.07559e-08 96247.7 0 0 6.09467e-25 0 0 0.00199848 0 0 0 0 0 0 0 0 0 0 
0.1035 0.0411643 -3.25884 -2.87724 -2.65171 -2.24116 1.53616e-24 1.8164e+14 0.000122737 0.000713177 8.01088e-23 2.07549e-08 96252.4 0 0 6.09467e-25 0 0 0.00199848 0 0 0 0 0 0 0 0 0 0 
0.104 0.045977 -3.25402 -2.87724 -2.64689 -2.24598 1.27522e-24 1.81631e+14 0.00012274 0.00071318 8.01088e-23 2.07539e-08 96257.1 0 0 6.09467e-25 0 0 0.00199848 0 0 0 0 0 0 0 0 0 0 
0.1045 0.05079 -3.24921 -2.87724 -2.64208 -2.25079 1.0586e-24 1.81621e+14 0.000122743 0.000713183 8.01088e-23 2.07529e-08 96261.8 0 0 6.09467e-25 0 0 0.00199848 0 0 0 0 0 0 0 0 0 0 
0.105 0.0556032 -3.2444 -2.87724 -2.63726 -2.2556 8.78766e-25 1.81612e+14 0.000122745 0.000713186 8.01088e-23 2.07519e-08 96266.5 0 0 6.09467e-25 0 0 0.00199848 0 0 0 0 0 0 0 0 0 0 
0.1055 0.0604166 -3.23958 -2.87724 -2.63245 -2.26042 7.29476e-25 1.81602e+14 0.000122748 0.000713189 8.01088e-23 2.07508e-08 96271.2 0 0 6.09467e-25 0 0 0.00199848 0 0 0 0 0 0 0 0 0 0 
0.106 0.0652303 -3.23477 -2.87724 -2.62763 -2.26523 6.05543e-25 1.81593e+14 0.000122751 0.000713192 8.01088e-23 2.07498e-08 96275.9 0 0 6.09467e-25 0 0 0.00199848 0 0 0 0 0 0 0 0 0 0 
0.1065 0.0700442 -3.22996 -2.87724 -2.62282 -2.27004 5.0266e-25 1.81583e+14 0.000122753 0.000713194 8.01088e-23 2.07488e-08 96280.6 0 0 6.09467e-25 0 0 0.00199848 0 0 0 0 0 0 0 0 0 0 
0.107 0.0748584 -3.22514 -2.87724 -2.618 -2.27486 4.17254e-25 1.81573e+14 0.000122756 0.000713197 8.01088e-23 2.07478e-08 96285.3 0 0 6.09467e-25 0 0 0.00199848 0 0 0 0 0 0 0 0 0 0 
0.1075 0.0796728 -3.22033 -2.87724 -2.61318 -2.27967 3.46356e-25 1.81564e+14 0.000122759 0.0007132 8.01088e-23 2.07468e-08 96290 0 0 6.09467e-25 0 0 0.00199848 0 0 0 0 0 0 0 0 0 0 
0.108 0.0844874 -3.21551 -2.87724 -2.60837 -2.28449 2.87502e-25 1.81554e+14 0.000122762 0.000713203 8.01088e-23 2.07458e-08 96294.7 0 0 6.09467e-25 0 0 0.00199848 0 0 0 0 0 0 0 0 0 0 
0.1085 0.0893022 -3.2107 -2.87724 -2.60355 -2.2893 2.38647e-25 1.81545e+14 0.000122764 0.000713206 8.01088e-23 2.07448e-08 96299.4 0 0 6.09467e-25 0 0 0.00199848 0 0 0 0 0 0 0 0 0 0 
0.109 0.0941173 -3.20588 -2.87724 -2.59873 -2.29412 1.98091e-25 1.81535e+14 0.000122767 0.000713209 8.01088e-23 2.07438e-08 96304.1 0 0 6.09467e-25 0 0 0.00199848 0 0 0 0 0 0 0 0 0 0 
0.1095 0.0989326 -3.20107 -2.87724 -2.59392 -2.29893 1.64426e-25 1.81526e+14 0.00012277 0.000713211 8.01088e-23 2.07428e-08 96308.7 0 0 6.09467e-25 0 0 0.00199848 0 0 0 0 0 0 0 0 0 0 
0.11 0.103748 -3.19625 -2.87724 -2.5891 -2.30375 1.36482e-25 1.81516e+14 0.000122772 0.000713214 8.01088e-23 2.07418e-08 96313.4 0 0 6.09467e-25 0 0 0.00199848 0 0 0 0 0 0 0 0 0 0 
0.1105 0.108564 -3.19144 -2.87724 -2.58428 -2.30856 1.13285e-25 1.81507e+14 0.000122775 0.000713217 8.01088e-23 2.07407e-08 96318.1 0 0 6.09467e-25 0 0 0.00199848 0 0 0 0 0 0 0 0 0 0 
0.111 0.11338 -3.18662 -2.87724 -2.57946 -2.31338 9.40301e-26 1.81497e+14 0.000122778 0.00071322 8.01088e-23 2.07397e-08 96322.8 0 0 6.09467e-25 0 0 0.00199848 0 0 0 0 0 0 0 0 0 0 
0.1115 0.118196 -3.1818 -2.87724 -2.57465 -2.3182 7.80472e-26 1.81487e+14 0.00012278 0.000713223 8.01088e-23 2.07387e-08 96327.5 0 0 6.09467e-25 0 0 0.00199848 0 0 0 0 0 0 0 0 0 0 
0.112 0.123013 -3.17699 -2.87724 -2.56983 -2.32301 6.47804e-26 1.81478e+14 0.000122783 0.000713226 8.01088e-23 2.07377e-08 96332.2 0 0 6.09468e-25 0 0 0.00199848 0 0 0 0 0 0 0 0 0 0 
0.1125 0.127829 -3.17217 -2.87724 -2.56501 -2.32783 5.37683e-26 1.81468e+14 0.000122786 0.000713228 8.01088e-23 2.07367e-08 96336.9 0 0 6.09467e-25 0 0 0.00199848 0 0 0 0 0 0 0 0 0 0 
0.113 0.132646 -3.16735 -2.87724 -2.56019 -2.33265 4.46278e-26 1.81459e+14 0.000122788 0.000713231 8.01088e-23 2.07357e-08 96341.6 0 0 6.09467e-25 0 0 0.00199848 0 0 0 0 0 0 0 0 0 0 
0.1135 0.137464 -3.16254 -2.87724 -2.55537 -2.33746 3.70408e-26 1.81449e+14 0.000122791 0.000713234 8.01088e-23 2.07347e-08 96346.3 0 0 6.09467e-25 0 0 0.00199848 0 0 0 0 0 0 0 0 0 0 
0.114 0.142281 -3.15772 -2.87724 -2.55055 -2.34228 3.07433e-26 1.8144e+14 0.000122794 0.000713237 8.01088e-23 2.07337e-08 96351 0 0 6.09467e-25 0 0 0.00199848 0 0 0 0 0 0 0 0 0 0 
0.1145 0.147099 -3.1529 -2.87724 -2.54573 -2.3471 2.55163e-26 1.8143e+14 0.000122797 0.00071324 8.01088e-23 2.07327e-08 96355.7 0 0 6.09467e-25 0 0 0.00199848 0 0 0 0 0 0 0 0 0 0 
0.115 0.151917 -3.14808 -2.87724 -2.54091 -2.35192 2.11778e-26 1.81421e+14 0.000122799 0.000713243 8.01088e-23 2.07317e-08 96360.4 0 0 6.09467e-25 0 0 0.00199848 0 0 0 0 0 0 0 0 0 0 
0.1155 0.156735 -3.14327 -2.87724 -2.53609 -2.35673 1.75768e-26 1.81411e+14 0.000122802 0.000713245 8.01088e-23 2.07307e-08 96365 0 0 6.09467e-25 0 0 0.00199848 0 0 0 0 0 0 0 0 0 0 
0.116 0.161553 -3.13845 -2.87724 -2.53127 -2.36155 1.4588e-26 1.81401e+14 0.000122805 0.000713248 8.01088e-23 2.07296e-08 96369.7 0 0 6.09467e-25 0 0 0.00199848 0 0 0 0 0 0 0 0 0 0 
0.1165 0.166372 -3.13363 -2.87724 -2.52645 -2.36637 1.21073e-26 1.81392e+14 0.000122807 0.000713251 8.01088e-23 2.07286e-08 96374.4 0 0 6.09466e-25 0 0 0.00199848 0 0 0 0 0 0 0 0 0 0 
0.117 0.171191 -3.12881 -2.87724 -2.52163 -2.37119 1.00483e-26 1.81382e+14 0.00012281 0.000713254 8.01088e-23 2.07276e-08 96379.1 0 0 6.09466e-25 0 0 0.00199848 0 0 0 0 0 0 0 0 0 0 
0.1175 0.17601 -3.12399 -2.87724 -2.51681 -2.37601 8.33943e-27 1.81373e+14 0.000122813 0.000713257 8.01088e-23 2.07266e-08 96383.8 0 0 6.09467e-25 0 0 0.00199848 0 0 0 0 0 0 0 0 0 0 
0.118 0.180829 -3.11917 -2.87724 -2.51199 -2.38083 6.92111e-27 1.81363e+14 0.000122815 0.00071326 8.01088e-23 2.07256e-08 96388.5 0 0 6.09467e-25 0 0 0.00199848 0 0 0 0 0 0 0 0 0 0 
0.1185 0.185649 -3.11435 -2.87724 -2.50717 -2.38565 5.74395e-27 1.81354e+14 0.000122818 0.000713263 8.01088e-23 2.07246e-08 96393.2 0 0 6.09467e-25 0 0 0.00199848 0 0 0 0 0 0 0 0 0 0 
0.119 0.190468 -3.10953 -2.87724 -2.50235 -2.39047 4.76697e-27 1.81344e+14 0.000122821 0.000713265 8.01088e-23 2.07236e-08 96397.9 0 0 6.09468e-25 0 0 0.00199848 0 0 0 0 0 0 0 0 0 0 
0.1195 0.195288 -3.10471 -2.87724 -2.49752 -2.39529 3.95612e-27 1.81335e+14 0.000122824 0.000713268 8.01088e-23 2.07226e-08 96402.5 0 0 6.09467e-25 0 0 0.00199848 0 0 0 0 0 0 0 0 0 0 
0.12 0.200109 -3.09989 -2.87724 -2.4927 -2.40011 3.28317e-27 1.81325e+14 0.000122826 0.000713271 8.01088e-23 2.07216e-08 96407.2 0 0 6.09467e-25 0 0 0.00199848 0 0 0 0 0 0 0 0 0 0 
0.1205 0.204929 -3.09507 -2.87724 -2.48788 -2.40493 2.72466e-27 1.81316e+14 0.000122829 0.000713274 8.01088e-23 2.07206e-08 96411.9 0 0 6.09467e-25 0 0 0.00199848 0 0 0 0 0 0 0 0 0 0 
0.121 0.20975 -3.09025 -2.87724 -2.48306 -2.40975 2.26115e-27 1.81306e+14 0.000122832 0.000713277 8.01088e-23 2.07196e-08 96416.6 0 0 6.09467e-25 0 0 0.00199848 0 0 0 0 0 0 0 0 0 0 
0.1215 0.214571 -3.08543 -2.87724 -2.47823 -2.41457 1.87646e-27 1.81297e+14 0.000122834 0.00071328 8.01088e-23 2.07186e-08 96421.3 0 0 6.09467e-25 0 0 0.00199848 0 0 0 0 0 0 0 0 0 0 
0.122 0.219392 -3.08061 -2.87724 -2.47341 -2.41939 1.55721e-27 1.81287e+14 0.000122837 0.000713283 8.01088e-23 2.07176e-08 96426 0 0 6.09467e-25 0 0 0.00199848 0 0 0 0 0 0 0 0 0 0 
0.1225 0.224213 -3.07579 -2.87724 -2.46859 -2.42421 1.29227e-27 1.81278e+14 0.00012284 0.000713285 8.01088e-23 2.07166e-08 96430.7 0 0 6.09467e-25 0 0 0.00199848 0 0 0 0 0 0 0 0 0 0 
0.123 0.229035 -3.07097 -2.87724 -2.46376 -2.42903 1.07239e-27 1.81268e+14 0.000122842 0.000713288 8.01088e-23 2.07156e-08 96435.4 0 0 6.09467e-25 0 0 0.00199848 0 0 0 0 0 0 0 0 0 0 
0.1235 0.233857 -3.06614 -2.87724 -2.45894 -2.43386 8.89914e-28 1.81259e+14 0.000122845 0.000713291 8.01088e-23 2.07146e-08 96440 0 0 6.09467e-25 0 0 0.00199848 0 0 0 0 0 0 0 0 0 0 
0.124 0.238679 -3.06132 -2.87724 -2.45412 -2.43868 7.38482e-28 1.81249e+14 0.000122848 0.000713294 8.01088e-23 2.07135e-08 96444.7 0 0 6.09467e-25 0 0 0.00199848 0 0 0 0 0 0 0 0 0 0 
0.1245 0.243501 -3.0565 -2.87724 -2.44929 -2.4435 6.12813e-28 1.81239e+14 0.000122851 0.000713297 8.01088e-23 2.07125e-08 96449.4 0 0 6.09467e-25 0 0 0.00199848 0 0 0 0 0 0 0 0 0 0 
0.125 0.248324 -3.05168 -2.87724 -2.44447 -2.44832 5.08525e-28 1.8123e+14 0.000122853 0.0007133 8.01088e-23 2.07115e-08 96454.1 0 0 6.09467e-25 0 0 0.00199848 0 0 0 0 0 0 0 0 0 0 
0.1255 0.253147 -3.04685 -2.87724 -2.43964 -2.45315 4.21981e-28 1.8122e+14 0.000122856 0.000713303 8.01088e-23 2.07105e-08 96458.8 0 0 6.09467e-25 0 0 0.00199848 0 0 0 0 0 0 0 0 0 0 
0.126 0.25797 -3.04203 -2.87724 -2.43482 -2.45797 3.50162e-28 1.81211e+14 0.000122859 0.000713305 8.01088e-23 2.07095e-08 96463.5 0 0 6.09467e-25 0 0 0.00199848 0 0 0 0 0 0 0 0 0 0 
0.1265 0.262793 -3.03721 -2.87724 -2.42999 -2.46279 2.90564e-28 1.81201e+14 0.000122861 0.000713308 8.01088e-23 2.07085e-08 96468.1 0 0 6.09467e-25 0 0 0.00199848 0 0 0 0 0 0 0 0 0 0 
0.127 0.267617 -3.03238 -2.87724 -2.42517 -2.46762 2.41107e-28 1.81192e+14 0.000122864 0.000713311 8.01088e-23 2.07075e-08 96472.8 0 0 6.09468e-25 0 0 0.00199848 0 0 0 0 0 0 0 0 0 0 
0.1275 0.27244 -3.02756 -2.87724 -2.42034 -2.47244 2.00067e-28 1.81182e+14 0.000122867 0.000713314 8.01088e-23 2.07065e-08 96477.5 0 0 6.09467e-25 0 0 0.00199848 0 0 0 0 0 0 0 0 0 0 
0.128 0.277264 -3.02274 -2.87724 -2.41552 -2.47726 1.6601e-28 1.81173e+14 0.000122869 0.000713317 8.01088e-23 2.07055e-08 96482.2 0 0 6.09467e-25 0 0 0.00199848 0 0 0 0 0 0 0 0 0 0 
0.1285 0.282089 -3.01791 -2.87724 -2.41069 -2.48209 1.3775e-28 1.81163e+14 0.000122872 0.00071332 8.01088e-23 2.07045e-08 96486.9 0 0 6.09467e-25 0 0 0.00199848 0 0 0 0 0 0 0 0 0 0 
0.129 0.286913 -3.01309 -2.87724 -2.40586 -2.48691 1.143e-28 1.81154e+14 0.000122875 0.000713323 8.01088e-23 2.07035e-08 96491.6 0 0 6.09467e-25 0 0 0.00199848 0 0 0 0 0 0 0 0 0 0 
0.1295 0.291738 -3.00826 -2.87724 -2.40104 -2.49174 9.48403e-29 1.81144e+14 0.000122877 0.000713326 8.01088e-23 2.07025e-08 96496.2 0 0 6.09467e-25 0 0 0.00199848 0 0 0 0 0 0 0 0 0 0 
0.13 0.296563 -3.00344 -2.87724 -2.39621 -2.49656 7.86933e-29 1.81135e+14 0.00012288 0.000713328 8.01088e-23 2.07015e-08 96500.9 0 0 6.09467e-25 0 0 0.00199848 0 0 0 0 0 0 0 0 0 0 
0.1305 0.301388 -2.99861 -2.87724 -2.39138 -2.50139 6.52948e-29 1.81125e+14 0.000122883 0.000713331 8.01088e-23 2.07005e-08 96505.6 0 0 6.09467e-25 0 0 0.00199848 0 0 0 0 0 0 0 0 0 0 
0.131 0.306213 -2.99379 -2.87724 -2.38656 -2.50621 5.41771e-29 1.81116e+14 0.000122886 0.000713334 8.01088e-23 2.06995e-08 96510.3 0 0 6.09467e-25 0 0 0.00199848 0 0 0 0 0 0 0 0 0 0 
0.1315 0.311039 -2.98896 -2.87724 -2.38173 -2.51104 4.4952e-29 1.81106e+14 0.000122888 0.000713337 8.01088e-23 2.06985e-08 96515 0 0 6.09467e-25 0 0 0.00199848 0 0 0 0 0 0 0 0 0 0 
0.132 0.315865 -2.98414 -2.87724 -2.3769 -2.51586 3.72974e-29 1.81097e+14 0.000122891 0.00071334 8.01088e-23 2.06975e-08 96519.7 0 0 6.09467e-25 0 0 0.00199848 0 0 0 0 0 0 0 0 0 0 
0.1325 0.320691 -2.97931 -2.87724 -2.37207 -2.52069 3.09459e-29 1.81087e+14 0.000122894 0.000713343 8.01088e-23 2.06965e-08 96524.3 0 0 6.09467e-25 0 0 0.00199848 0 0 0 0 0 0 0 0 0 0 
0.133 0.325517 -2.97448 -2.87724 -2.36725 -2.52552 2.56758e-29 1.81078e+14 0.000122896 0.000713346 8.01088e-23 2.06955e-08 96529 0 0 6.09467e-25 0 0 0.00199848 0 0 0 0 0 0 0 0 0 0 
0.1335 0.330344 -2.96966 -2.87724 -2.36242 -2.53034 2.13031e-29 1.81068e+14 0.000122899 0.000713349 8.01088e-23 2.06945e-08 96533.7 0 0 6.09467e-25 0 0 0.00199848 0 0 0 0 0 0 0 0 0 0 
0.134 0.33517 -2.96483 -2.87724 -2.35759 -2.53517 1.76748e-29 1.81059e+14 0.000122902 0.000713351 8.01088e-23 2.06935e-08 96538.4 0 0 6.09467e-25 0 0 0.00199848 0 0 0 0 0 0 0 0 0 0 
0.1345 0.339998 -2.96 -2.87724 -2.35276 -2.54 1.46644e-29 1.81049e+14 0.000122904 0.000713354 8.01088e-23 2.06925e-08 96543.1 0 0 6.09467e-25 0 0 0.00199848 0 0 0 0 0 0 0 0 0 0 
0.135 0.344825 -2.95518 -2.87724 -2.34793 -2.54482 1.21666e-29 1.8104e+14 0.000122907 0.000713357 8.01088e-23 2.06915e-08 96547.7 0 0 6.09467e-25 0 0 0.00199848 0 0 0 0 0 0 0 0 0 0 
0.1355 0.349652 -2.95035 -2.87724 -2.3431 -2.54965 1.00942e-29 1.8103e+14 0.00012291 0.00071336 8.01088e-23 2.06905e-08 96552.4 0 0 6.09467e-25 0 0 0.00199848 0 0 0 0 0 0 0 0 0 0 
0.136 0.35448 -2.94552 -2.87724 -2.33827 -2.55448 8.3747e-30 1.81021e+14 0.000122913 0.000713363 8.01088e-23 2.06895e-08 96557.1 0 0 6.09467e-25 0 0 0.00199848 0 0 0 0 0 0 0 0 0 0 
0.1365 0.359308 -2.94069 -2.87724 -2.33344 -2.55931 6.94805e-30 1.81011e+14 0.000122915 0.000713366 8.01088e-23 2.06885e-08 96561.8 0 0 6.09467e-25 0 0 0.00199848 0 0 0 0 0 0 0 0 0 0 
0.137 0.364136 -2.93586 -2.87724 -2.32861 -2.56414 5.76439e-30 1.81002e+14 0.000122918 0.000713369 8.01088e-23 2.06875e-08 96566.5 0 0 6.09467e-25 0 0 0.00199848 0 0 0 0 0 0 0 0 0 0 
0.1375 0.368965 -2.93104 -2.87724 -2.32378 -2.56896 4.78232e-30 1.80992e+14 0.000122921 0.000713372 8.01088e-23 2.06865e-08 96571.1 0 0 6.09468e-25 0 0 0.00199848 0 0 0 0 0 0 0 0 0 0 
0.138 0.373793 -2.92621 -2.87724 -2.31895 -2.57379 3.96754e-30 1.80983e+14 0.000122923 0.000713374 8.01088e-23 2.06855e-08 96575.8 0 0 6.09467e-25 0 0 0.00199848 0 0 0 0 0 0 0 0 0 0 
0.1385 0.378622 -2.92138 -2.87724 -2.31412 -2.57862 3.29154e-30 1.80973e+14 0.000122926 0.000713377 8.01088e-23 2.06845e-08 96580.5 0 0 6.09467e-25 0 0 0.00199848 0 0 0 0 0 0 0 0 0 0 
0.139 0.383451 -2.91655 -2.87724 -2.30929 -2.58345 2.73069e-30 1.80964e+14 0.000122929 0.00071338 8.01088e-23 2.06835e-08 96585.2 0 0 6.09467e-25 0 0 0.00199848 0 0 0 0 0 0 0 0 0 0 
0.1395 0.388281 -2.91172 -2.87724 -2.30446 -2.58828 2.26539e-30 1.80954e+14 0.000122931 0.000713383 8.01088e-23 2.06825e-08 96589.9 0 0 6.09467e-25 0 0 0.00199848 0 0 0 0 0 0 0 0 0 0 
0.14 0.39311 -2.90689 -2.87724 -2.29963 -2.59311 1.87936e-30 1.80945e+14 0.000122934 0.000713386 8.01088e-23 2.06815e-08 96594.5 0 0 6.09467e-25 0 0 0.00199848 0 0 0 0 0 0 0 0 0 0 
0.1405 0.39794 -2.90206 -2.87724 -2.29479 -2.59794 1.55909e-30 1.80935e+14 0.000122937 0.000713389 8.01088e-23 2.06805e-08 96599.2 0 0 6.09467e-25 0 0 0.00199848 0 0 0 0 0 0 0 0 0 0 
0.141 0.40277 -2.89723 -2.87724 -2.28996 -2.60277 1.29339e-30 1.80926e+14 0.00012294 0.000713392 8.01088e-23 2.06795e-08 96603.9 0 0 6.09467e-25 0 0 0.00199848 0 0 0 0 0 0 0 0 0 0 
0.1415 0.407601 -2.8924 -2.87724 -2.28513 -2.6076 1.07296e-30 1.80916e+14 0.000122942 0.000713395 8.01088e-23 2.06785e-08 96608.6 0 0 6.09467e-25 0 0 0.00199848 0 0 0 0 0 0 0 0 0 0 
0.142 0.412431 -2.88757 -2.87724 -2.2803 -2.61243 8.90092e-31 1.80907e+14 0.000122945 0.000713398 8.01088e-23 2.06775e-08 96613.2 0 0 6.09467e-25 0 0 0.00199848 0 0 0 0 0 0 0 0 0 0 
0.1425 0.417262 -2.88274 -2.87724 -2.27547 -2.61726 7.38383e-31 1.80897e+14 0.000122948 0.0007134 8.01088e-23 2.06765e-08 96617.9 0 0 6.09467e-25 0 0 0.00199848 0 0 0 0 0 0 0 0 0 0 
0.143 0.422093 -2.87791 -2.87724 -2.27063 -2.62209 6.12526e-31 1.80888e+14 0.00012295 0.000713403 8.01088e-23 2.06755e-08 96622.6 0 0 6.09467e-25 0 0 0.00199848 0 0 0 0 0 0 0 0 0 0 
0.1435 0.426924 -2.87308 -2.87724 -2.2658 -2.62692 5.08116e-31 1.80878e+14 0.000122953 0.000713406 8.01088e-23 2.06745e-08 96627.3 0 0 6.09468e-25 0 0 0.00199848 0 0 0 0 0 0 0 0 0 0 
0.144 0.431756 -2.86824 -2.87724 -2.26097 -2.63176 4.215e-31 1.80869e+14 0.000122956 0.000713409 8.01088e-23 2.06735e-08 96631.9 0 0 6.09467e-25 0 0 0.00199848 0 0 0 0 0 0 0 0 0 0 
0.1445 0.436587 -2.86341 -2.87724 -2.25613 -2.63659 3.49646e-31 1.8086e+14 0.000122958 0.000713412 8.01088e-23 2.06725e-08 96636.6 0 0 6.09467e-25 0 0 0.00199848 0 0 0 0 0 0 0 0 0 0 
0.145 0.441419 -2.85858 -2.87724 -2.2513 -2.64142 2.90038e-31 1.8085e+14 0.000122961 0.000713415 8.01088e-23 2.06715e-08 96641.3 0 0 6.09467e-25 0 0 0.00199848 0 0 0 0 0 0 0 0 0 0 
0.1455 0.446252 -2.85375 -2.87724 -2.24646 -2.64625 2.40591e-31 1.80841e+14 0.000122964 0.000713418 8.01088e-23 2.06705e-08 96646 0 0 6.09467e-25 0 0 0.00199848 0 0 0 0 0 0 0 0 0 0 
0.146 0.451084 -2.84892 -2.87724 -2.24163 -2.65108 1.99571e-31 1.80831e+14 0.000122967 0.000713421 8.01088e-23 2.06695e-08 96650.6 0 0 6.09467e-25 0 0 0.00199848 0 0 0 0 0 0 0 0 0 0 
0.1465 0.455917 -2.84408 -2.87724 -2.2368 -2.65592 1.65544e-31 1.80822e+14 0.000122969 0.000713424 8.01088e-23 2.06685e-08 96655.3 0 0 6.09467e-25 0 0 0.00199848 0 0 0 0 0 0 0 0 0 0 
0.147 0.460749 -2.83925 -2.87724 -2.23196 -2.66075 1.37317e-31 1.80812e+14 0.000122972 0.000713427 8.01088e-23 2.06675e-08 96660 0 0 6.09468e-25 0 0 0.00199848 0 0 0 0 0 0 0 0 0 0 
0.1475 0.465583 -2.83442 -2.87724 -2.22713 -2.66558 1.13902e-31 1.80803e+14 0.000122975 0.000713429 8.01088e-23 2.06665e-08 96664.7 0 0 6.09467e-25 0 0 0.00199848 0 0 0 0 0 0 0 0 0 0 
0.148 0.470416 -2.82958 -2.87724 -2.22229 -2.67042 9.44789e-32 1.80793e+14 0.000122977 0.000713432 8.01088e-23 2.06655e-08 96669.3 0 0 6.09467e-25 0 0 0.00199848 0 0 0 0 0 0 0 0 0 0 
0.1485 0.47525 -2.82475 -2.87724 -2.21746 -2.67525 7.83672e-32 1.80784e+14 0.00012298 0.000713435 8.01088e-23 2.06645e-08 96674 0 0 6.09468e-25 0 0 0.00199848 0 0 0 0 0 0 0 0 0 0 
0.149 0.480083 -2.81992 -2.87724 -2.21262 -2.68008 6.50025e-32 1.80774e+14 0.000122983 0.000713438 8.01088e-23 2.06635e-08 96678.7 0 0 6.09468e-25 0 0 0.00199848 0 0 0 0 0 0 0 0 0 0 
0.1495 0.484917 -2.81508 -2.87724 -2.20778 -2.68492 5.39165e-32 1.80765e+14 0.000122985 0.000713441 8.01088e-23 2.06625e-08 96683.4 0 0 6.09467e-25 0 0 0.00199848 0 0 0 0 0 0 0 0 0 0 
0.15 0.489752 -2.81025 -2.87724 -2.20295 -2.68975 4.47208e-32 1.80755e+14 0.000122988 0.000713444 8.01088e-23 2.06615e-08 96688 0 0 6.09467e-25 0 0 0.00199848 0 0 0 0 0 0 0 0 0 0 
0.1505 0.494586 -2.80541 -2.87724 -2.19811 -2.69459 3.70931e-32 1.80746e+14 0.000122991 0.000713447 8.01088e-23 2.06605e-08 96692.7 0 0 6.09467e-25 0 0 0.00199848 0 0 0 0 0 0 0 0 0 0 
0.151 0.499421 -2.80058 -2.87724 -2.19328 -2.69942 3.07661e-32 1.80736e+14 0.000122994 0.00071345 8.01088e-23 2.06595e-08 96697.4 0 0 6.09467e-25 0 0 0.00199848 0 0 0 0 0 0 0 0 0 0 
0.1515 0.504256 -2.79574 -2.87724 -2.18844 -2.70426 2.55181e-32 1.80727e+14 0.000122996 0.000713453 8.01088e-23 2.06585e-08 96702 0 0 6.09467e-25 0 0 0.00199848 0 0 0 0 0 0 0 0 0 0 
0.152 0.509091 -2.79091 -2.87724 -2.1836 -2.70909 2.11651e-32 1.80718e+14 0.000122999 0.000713456 8.01088e-23 2.06575e-08 96706.7 0 0 6.09467e-25 0 0 0.00199848 0 0 0 0 0 0 0 0 0 0 
0.1525 0.513927 -2.78607 -2.87724 -2.17876 -2.71393 1.75545e-32 1.80708e+14 0.000123002 0.000713459 8.01088e-23 2.06565e-08 96711.4 0 0 6.09467e-25 0 0 0.00199848 0 0 0 0 0 0 0 0 0 0 
0.153 0.518762 -2.78124 -2.87724 -2.17393 -2.71876 1.45597e-32 1.80699e+14 0.000123004 0.000713461 8.01088e-23 2.06555e-08 96716.1 0 0 6.09467e-25 0 0 0.00199848 0 0 0 0 0 0 0 0 0 0 
0.1535 0.523598 -2.7764 -2.87724 -2.16909 -2.7236 1.20757e-32 1.80689e+14 0.000123007 0.000713464 8.01088e-23 2.06545e-08 96720.7 0 0 6.09467e-25 0 0 0.00199848 0 0 0 0 0 0 0 0 0 0 
0.154 0.528434 -2.77157 -2.87724 -2.16425 -2.72843 1.00154e-32 1.8068e+14 0.00012301 0.000713467 8.01088e-23 2.06535e-08 96725.4 0 0 6.09467e-25 0 0 0.00199848 0 0 0 0 0 0 0 0 0 0 
0.1545 0.533271 -2.76673 -2.87724 -2.15941 -2.73327 8.30657e-33 1.8067e+14 0.000123012 0.00071347 8.01088e-23 2.06525e-08 96730.1 0 0 6.09467e-25 0 0 0.00199848 0 0 0 0 0 0 0 0 0 0 
0.155 0.538107 -2.76189 -2.87724 -2.15457 -2.73811 6.88922e-33 1.80661e+14 0.000123015 0.000713473 8.01088e-23 2.06515e-08 96734.7 0 0 6.09467e-25 0 0 0.00199848 0 0 0 0 0 0 0 0 0 0 
0.1555 0.542944 -2.75706 -2.87724 -2.14974 -2.74294 5.71366e-33 1.80651e+14 0.000123018 0.000713476 8.01088e-23 2.06505e-08 96739.4 0 0 6.09467e-25 0 0 0.00199848 0 0 0 0 0 0 0 0 0 0 
0.156 0.547781 -2.75222 -2.87724 -2.1449 -2.74778 4.73866e-33 1.80642e+14 0.000123021 0.000713479 8.01088e-23 2.06495e-08 96744.1 0 0 6.09467e-25 0 0 0.00199848 0 0 0 0 0 0 0 0 0 0 
0.1565 0.552619 -2.74738 -2.87724 -2.14006 -2.75262 3.93e-33 1.80632e+14 0.000123023 0.000713482 8.01088e-23 2.06485e-08 96748.8 0 0 6.09467e-25 0 0 0.00199848 0 0 0 0 0 0 0 0 0 0 
0.157 0.557456 -2.74254 -2.87724 -2.13522 -2.75746 3.2593e-33 1.80623e+14 0.000123026 0.000713485 8.01088e-23 2.06475e-08 96753.4 0 0 6.09467e-25 0 0 0.00199848 0 0 0 0 0 0 0 0 0 0 
0.1575 0.562294 -2.73771 -2.87724 -2.13038 -2.76229 2.70305e-33 1.80614e+14 0.000123029 0.000713488 8.01088e-23 2.06465e-08 96758.1 0 0 6.09467e-25 0 0 0.00199848 0 0 0 0 0 0 0 0 0 0 
0.158 0.567132 -2.73287 -2.87724 -2.12554 -2.76713 2.24171e-33 1.80604e+14 0.000123031 0.000713491 8.01088e-23 2.06455e-08 96762.8 0 0 6.09467e-25 0 0 0.00199848 0 0 0 0 0 0 0 0 0 0 
0.1585 0.57197 -2.72803 -2.87724 -2.1207 -2.77197 1.85909e-33 1.80595e+14 0.000123034 0.000713493 8.01088e-23 2.06445e-08 96767.4 0 0 6.09467e-25 0 0 0.00199848 0 0 0 0 0 0 0 0 0 0 
0.159 0.576809 -2.72319 -2.87724 -2.11586 -2.77681 1.54176e-33 1.80585e+14 0.000123037 0.000713496 8.01088e-23 2.06435e-08 96772.1 0 0 6.09467e-25 0 0 0.00199848 0 0 0 0 0 0 0 0 0 0 
0.1595 0.581647 -2.71835 -2.87724 -2.11102 -2.78165 1.27859e-33 1.80576e+14 0.000123039 0.000713499 8.01088e-23 2.06425e-08 96776.8 0 0 6.09467e-25 0 0 0.00199848 0 0 0 0 0 0 0 0 0 0 
0.16 0.586486 -2.71351 -2.87724 -2.10618 -2.78649 1.06032e-33 1.80566e+14 0.000123042 0.000713502 8.01088e-23 2.06415e-08 96781.4 0 0 6.09467e-25 0 0 0.00199848 0 0 0 0 0 0 0 0 0 0 
0.1605 0.591326 -2.70867 -2.87724 -2.10134 -2.79133 8.79315e-34 1.80557e+14 0.000123045 0.000713505 8.01088e-23 2.06406e-08 96786.1 0 0 6.09467e-25 0 0 0.00199848 0 0 0 0 0 0 0 0 0 0 
0.161 0.596165 -2.70383 -2.87724 -2.09649 -2.79617 7.29198e-34 1.80547e+14 0.000123048 0.000713508 8.01088e-23 2.06396e-08 96790.8 0 0 6.09467e-25 0 0 0.00199848 0 0 0 0 0 0 0 0 0 0 
0.1615 0.601005 -2.699 -2.87724 -2.09165 -2.801 6.04704e-34 1.80538e+14 0.00012305 0.000713511 8.01088e-23 2.06386e-08 96795.4 0 0 6.09467e-25 0 0 0.00199848 0 0 0 0 0 0 0 0 0 0 
0.162 0.605845 -2.69416 -2.87724 -2.08681 -2.80584 5.0146e-34 1.80528e+14 0.000123053 0.000713514 8.01088e-23 2.06376e-08 96800.1 0 0 6.09468e-25 0 0 0.00199848 0 0 0 0 0 0 0 0 0 0 
0.1625 0.610685 -2.68932 -2.87724 -2.08197 -2.81068 4.1584e-34 1.80519e+14 0.000123056 0.000713517 8.01088e-23 2.06366e-08 96804.8 0 0 6.09468e-25 0 0 0.00199848 0 0 0 0 0 0 0 0 0 0 
0.163 0.615525 -2.68447 -2.87724 -2.07713 -2.81553 3.44836e-34 1.80509e+14 0.000123058 0.000713519 8.01088e-23 2.06355e-08 96809.4 0 0 6.09467e-25 0 0 0.00199848 0 0 0 0 0 0 0 0 0 0 
0.1635 0.620366 -2.67963 -2.87724 -2.07228 -2.82037 2.85952e-34 1.805e+14 0.000123061 0.000713522 8.01088e-23 2.06345e-08 96814.1 0 0 6.09467e-25 0 0 0.00199848 0 0 0 0 0 0 0 0 0 0 
0.164 0.625206 -2.67479 -2.87724 -2.06744 -2.82521 2.37122e-34 1.8049e+14 0.000123064 0.000713525 8.01088e-23 2.06335e-08 96818.8 0 0 6.09468e-25 0 0 0.00199848 0 0 0 0 0 0 0 0 0 0 
0.1645 0.630047 -2.66995 -2.87724 -2.0626 -2.83005 1.96628e-34 1.80481e+14 0.000123066 0.000713528 8.01088e-23 2.06325e-08 96823.4 0 0 6.09467e-25 0 0 0.00199848 0 0 0 0 0 0 0 0 0 0 
0.165 0.634889 -2.66511 -2.87724 -2.05776 -2.83489 1.63048e-34 1.80471e+14 0.000123069 0.000713531 8.01088e-23 2.06315e-08 96828.1 0 0 6.09467e-25 0 0 0.00199848 0 0 0 0 0 0 0 0 0 0 
0.1655 0.63973 -2.66027 -2.87724 -2.05291 -2.83973 1.35202e-34 1.80462e+14 0.000123072 0.000713533 8.01088e-23 2.06305e-08 96832.8 0 0 6.09467e-25 0 0 0.00199848 0 0 0 0 0 0 0 0 0 0 
0.166 0.644572 -2.65543 -2.87724 -2.04807 -2.84457 1.1211e-34 1.80452e+14 0.000123075 0.000713536 8.01088e-23 2.06295e-08 96837.4 0 0 6.09467e-25 0 0 0.00199848 0 0 0 0 0 0 0 0 0 0 
0.1665 0.649414 -2.65059 -2.87724 -2.04322 -2.84941 9.29613e-35 1.80443e+14 0.000123077 0.000713539 8.01088e-23 2.06285e-08 96842.1 0 0 6.09467e-25 0 0 0.00199848 0 0 0 0 0 0 0 0 0 0 
0.167 0.654256 -2.64574 -2.87724 -2.03838 -2.85426 7.70827e-35 1.80433e+14 0.00012308 0.000713541 8.01088e-23 2.06274e-08 96846.8 0 0 6.09467e-25 0 0 0.00199848 0 0 0 0 0 0 0 0 0 0 
0.1675 0.659099 -2.6409 -2.87724 -2.03354 -2.8591 6.39156e-35 1.80423e+14 0.000123083 0.000713544 8.01088e-23 2.06264e-08 96851.4 0 0 6.09467e-25 0 0 0.00199848 0 0 0 0 0 0 0 0 0 0 
0.168 0.663941 -2.63606 -2.87724 -2.02869 -2.86394 5.29973e-35 1.80413e+14 0.000123085 0.000713546 8.01088e-23 2.06253e-08 96856.1 0 0 6.09468e-25 0 0 0.00199848 0 0 0 0 0 0 0 0 0 0 
0.1685 0.668784 -2.63122 -2.87724 -2.02385 -2.86878 4.39437e-35 1.80403e+14 0.000123088 0.000713549 8.01088e-23 2.06243e-08 96860.7 0 0 6.09467e-25 0 0 0.00199848 0 0 0 0 0 0 0 0 0 0 
0.169 0.673627 -2.62637 -2.87724 -2.019 -2.87363 3.64364e-35 1.80394e+14 0.000123091 0.000713551 8.01088e-23 2.06232e-08 96865.4 0 0 6.09467e-25 0 0 0.00199848 0 0 0 0 0 0 0 0 0 0 
0.1695 0.678471 -2.62153 -2.87724 -2.01416 -2.87847 3.02113e-35 1.80383e+14 0.000123093 0.000713553 8.01088e-23 2.06221e-08 96870.1 0 0 6.09467e-25 0 0 0.00199848 0 0 0 0 0 0 0 0 0 0 
0.17 0.683314 -2.61669 -2.87724 -2.00931 -2.88331 2.50496e-35 1.80373e+14 0.000123096 0.000713555 8.01088e-23 2.0621e-08 96874.7 0 0 6.09468e-25 0 0 0.00199848 0 0 0 0 0 0 0 0 0 0 
0.1705 0.688158 -2.61184 -2.87724 -2.00446 -2.88816 2.07696e-35 1.80363e+14 0.000123099 0.000713557 8.01088e-23 2.06199e-08 96879.4 0 0 6.09467e-25 0 0 0.00199848 0 0 0 0 0 0 0 0 0 0 
0.171 0.693002 -2.607 -2.87724 -1.99962 -2.893 1.72207e-35 1.80352e+14 0.000123102 0.000713558 8.01088e-23 2.06187e-08 96884.1 0 0 6.09467e-25 0 0 0.00199848 0 0 0 0 0 0 0 0 0 0 
0.1715 0.697847 -2.60215 -2.87724 -1.99477 -2.89785 1.42781e-35 1.80342e+14 0.000123104 0.000713559 8.01088e-23 2.06175e-08 96888.7 0 0 6.09467e-25 0 0 0.00199848 0 0 0 0 0 0 0 0 0 0 
0.172 0.702691 -2.59731 -2.87724 -1.98993 -2.90269 1.18382e-35 1.80331e+14 0.000123107 0.00071356 8.01088e-23 2.06163e-08 96893.4 0 0 6.09468e-25 0 0 0.00199848 0 0 0 0 0 0 0 0 0 0 
0.1725 0.707536 -2.59246 -2.87724 -1.98508 -2.90754 9.81513e-36 1.80319e+14 0.00012311 0.00071356 8.01088e-23 2.0615e-08 96898 0 0 6.09468e-25 0 0 0.00199848 0 0 0 0 0 0 0 0 0 0 
0.173 0.712381 -2.58762 -2.87724 -1.98023 -2.91238 8.13773e-36 1.80308e+14 0.000123112 0.00071356 8.01088e-23 2.06136e-08 96902.7 0 0 6.09467e-25 0 0 0.00199848 0 0 0 0 0 0 0 0 0 0 
0.1735 0.717226 -2.58277 -2.87724 -1.97538 -2.91723 6.74694e-36 1.80295e+14 0.000123115 0.000713559 8.01088e-23 2.06122e-08 96907.4 0 0 6.09467e-25 0 0 0.00199848 0 0 0 0 0 0 0 0 0 0 
0.174 0.722072 -2.57793 -2.87724 -1.97054 -2.92207 5.59379e-36 1.80282e+14 0.000123118 0.000713558 8.01088e-23 2.06107e-08 96912 0 0 6.09467e-25 0 0 0.00199848 0 0 0 0 0 0 0 0 0 0 
0.1745 0.726918 -2.57308 -2.87724 -1.96569 -2.92692 4.63769e-36 1.80269e+14 0.00012312 0.000713555 8.01088e-23 2.06091e-08 96916.7 0 0 6.09467e-25 0 0 0.00199848 0 0 0 0 0 0 0 0 0 0 
0.175 0.731764 -2.56824 -2.87724 -1.96084 -2.93176 3.84498e-36 1.80255e+14 0.000123123 0.000713551 8.01088e-23 2.06073e-08 96921.3 0 0 6.09467e-25 0 0 0.00199848 0 0 0 0 0 0 0 0 0 0 
0.1755 0.73661 -2.56339 -2.87724 -1.95599 -2.93661 3.18773e-36 1.80239e+14 0.000123126 0.000713546 8.01088e-23 2.06054e-08 96926 0 0 6.09467e-25 0 0 0.00199848 0 0 0 0 0 0 0 0 0 0 
0.176 0.741456 -2.55854 -2.87724 -1.95114 -2.94146 2.64281e-36 1.80223e+14 0.000123129 0.000713539 8.01088e-23 2.06033e-08 96930.7 0 0 6.09467e-25 0 0 0.00199848 0 0 0 0 0 0 0 0 0 0 
0.1765 0.746303 -2.5537 -2.87724 -1.94629 -2.9463 2.19102e-36 1.80205e+14 0.000123131 0.000713531 8.01088e-23 2.0601e-08 96935.3 0 0 6.09467e-25 0 0 0.00199848 0 0 0 0 0 0 0 0 0 0 
0.177 0.75115 -2.54885 -2.87724 -1.94144 -2.95115 1.81644e-36 1.80185e+14 0.000123134 0.00071352 8.01088e-23 2.05985e-08 96940 0 0 6.09467e-25 0 0 0.00199848 0 0 0 0 0 0 0 0 0 0 
0.1775 0.755997 -2.544 -2.87724 -1.93659 -2.956 1.50589e-36 1.80163e+14 0.000123137 0.000713506 8.01088e-23 2.05955e-08 96944.6 0 0 6.09467e-25 0 0 0.00199848 0 0 0 0 0 0 0 0 0 0 
0.178 0.760844 -2.53916 -2.87724 -1.93174 -2.96084 1.24842e-36 1.80138e+14 0.000123139 0.000713488 8.01088e-23 2.05922e-08 96949.3 0 0 6.09467e-25 0 0 0.00199848 0 0 0 0 0 0 0 0 0 0 
0.1785 0.765692 -2.53431 -2.87724 -1.92688 -2.96569 1.03497e-36 1.80111e+14 0.000123142 0.000713467 8.01088e-23 2.05885e-08 96954 0 0 6.09467e-25 0 0 0.00199848 0 0 0 0 0 0 0 0 0 0 
0.179 0.77054 -2.52946 -2.87724 -1.92203 -2.97054 8.57999e-37 1.8008e+14 0.000123145 0.00071344 8.01088e-23 2.05841e-08 96958.6 0 0 6.09467e-25 0 0 0.00199848 0 0 0 0 0 0 0 0 0 0 
0.1795 0.775388 -2.52461 -2.87724 -1.91717 -2.97539 7.11284e-37 1.80044e+14 0.000123147 0.000713407 8.01088e-23 2.05791e-08 96963.3 0 0 6.09467e-25 0 0 0.00199848 0 0 0 0 0 0 0 0 0 0 
0.18 0.780236 -2.51976 -2.87724 -1.91232 -2.98024 5.89652e-37 1.80003e+14 0.00012315 0.000713367 8.01088e-23 2.05733e-08 96967.9 0 0 6.09467e-25 0 0 0.00199848 0 0 0 0 0 0 0 0 0 0 
0.1805 0.785084 -2.51492 -2.87724 -1.90746 -2.98508 4.88815e-37 1.79955e+14 0.000123153 0.000713319 8.01088e-23 2.05664e-08 96972.6 0 0 6.09467e-25 0 0 0.00199848 0 0 0 0 0 0 0 0 0 0 
0.181 0.789933 -2.51007 -2.87724 -1.9026 -2.98993 4.05218e-37 1.799e+14 0.000123156 0.000713259 8.01088e-23 2.05584e-08 96977.2 0 0 6.09467e-25 0 0 0.00199848 0 0 0 0 0 0 0 0 0 0 
0.1815 0.794782 -2.50522 -2.87724 -1.89774 -2.99478 3.35915e-37 1.79835e+14 0.000123158 0.000713187 8.01088e-23 2.05489e-08 96981.9 0 0 6.09467e-25 0 0 0.00199848 0 0 0 0 0 0 0 0 0 0 
0.182 0.799631 -2.50037 -2.87724 -1.89287 -2.99963 2.78463e-37 1.79759e+14 0.000123161 0.0007131 8.01088e-23 2.05377e-08 96986.5 0 0 6.09467e-25 0 0 0.00199848 0 0 0 0 0 0 0 0 0 0 
0.1825 0.804481 -2.49552 -2.87724 -1.88801 -3.00448 2.30834e-37 1.79669e+14 0.000123164 0.000712994 8.01088e-23 2.05244e-08 96991.2 0 0 6.09468e-25 0 0 0.00199849 0 0 0 0 0 0 0 0 0 0 
0.183 0.80933 -2.49067 -2.87724 -1.88314 -3.00933 1.9135e-37 1.79563e+14 0.000123166 0.000712866 8.01088e-23 2.05085e-08 96995.8 0 0 6.09468e-25 0 0 0.00199849 0 0 0 0 0 0 0 0 0 0 
0.1835 0.81418 -2.48582 -2.87724 -1.87826 -3.01418 1.58619e-37 1.79437e+14 0.000123169 0.000712711 8.01088e-23 2.04897e-08 97000.4 0 0 6.09467e-25 0 0 0.00199849 0 0 0 0 0 0 0 0 0 0 
0.184 0.81903 -2.48097 -2.87724 -1.87338 -3.01903 1.31485e-37 1.79287e+14 0.000123172 0.000712523 8.01088e-23 2.04671e-08 97005.1 0 0 6.09467e-25 0 0 0.00199849 0 0 0 0 0 0 0 0 0 0 
0.1845 0.823881 -2.47612 -2.87724 -1.8685 -3.02388 1.08992e-37 1.79108e+14 0.000123174 0.000712296 8.01088e-23 2.04402e-08 97009.7 0 0 6.09467e-25 0 0 0.00199849 0 0 0 0 0 0 0 0 0 0 
0.185 0.828731 -2.47127 -2.87724 -1.8636 -3.02873 9.03456e-38 1.78894e+14 0.000123177 0.000712022 8.01088e-23 2.0408e-08 97014.3 0 0 6.09468e-25 0 0 0.00199849 0 0 0 0 0 0 0 0 0 0 
0.1855 0.833582 -2.46642 -2.87724 -1.8587 -3.03358 7.48887e-38 1.78639e+14 0.00012318 0.000711691 8.01088e-23 2.03694e-08 97019 0 0 6.09467e-25 0 0 0.00199849 0 0 0 0 0 0 0 0 0 0 
0.186 0.838433 -2.46157 -2.87724 -1.85379 -3.03843 6.20758e-38 1.78333e+14 0.000123182 0.000711291 8.01088e-23 2.03231e-08 97023.6 0 0 6.09467e-25 0 0 0.0019985 0 0 0 0 0 0 0 0 0 0 
0.1865 0.843285 -2.45672 -2.87724 -1.84887 -3.04328 5.14546e-38 1.77966e+14 0.000123185 0.000710808 8.01088e-23 2.02675e-08 97028.2 0 0 6.09467e-25 0 0 0.0019985 0 0 0 0 0 0 0 0 0 0 
0.187 0.848136 -2.45186 -2.87724 -1.84393 -3.04814 4.26503e-38 1.77526e+14 0.000123188 0.000710225 8.01088e-23 2.02007e-08 97032.8 0 0 6.09468e-25 0 0 0.0019985 0 0 0 0 0 0 0 0 0 0 
0.1875 0.852988 -2.44701 -2.87724 -1.83897 -3.05299 3.53522e-38 1.76997e+14 0.00012319 0.000709519 8.01088e-23 2.01206e-08 97037.4 0 0 6.09467e-25 0 0 0.00199851 0 0 0 0 0 0 0 0 0 0 
0.188 0.85784 -2.44216 -2.87724 -1.834 -3.05784 2.93027e-38 1.76361e+14 0.000123193 0.000708667 8.01088e-23 2.00242e-08 97041.9 0 0 6.09467e-25 0 0 0.00199851 0 0 0 0 0 0 0 0 0 0 
0.1885 0.862692 -2.43731 -2.87724 -1.82899 -3.06269 2.42881e-38 1.75596e+14 0.000123196 0.000707636 8.01088e-23 1.99083e-08 97046.5 0 0 6.09467e-25 0 0 0.00199852 0 0 0 0 0 0 0 0 0 0 
0.189 0.867545 -2.43246 -2.87724 -1.82395 -3.06754 2.01315e-38 1.74674e+14 0.000123198 0.000706389 8.01088e-23 1.97689e-08 97051 0 0 6.09467e-25 0 0 0.00199852 0 0 0 0 0 0 0 0 0 0 
0.1895 0.872397 -2.4276 -2.87724 -1.81888 -3.0724 1.66861e-38 1.73563e+14 0.000123201 0.000704879 8.01088e-23 1.96012e-08 97055.5 0 0 6.09468e-25 0 0 0.00199853 0 0 0 0 0 0 0 0 0 0 
0.19 0.87725 -2.42275 -2.87724 -1.81375 -3.07725 1.38303e-38 1.72224e+14 0.000123204 0.000703047 8.01088e-23 1.93994e-08 97060 0 0 6.09467e-25 0 0 0.00199853 0 0 0 0 0 0 0 0 0 0 
0.1905 0.882103 -2.4179 -2.87724 -1.80857 -3.0821 1.14631e-38 1.70607e+14 0.000123206 0.000700825 8.01088e-23 1.91566e-08 97064.4 0 0 6.09467e-25 0 0 0.00199854 0 0 0 0 0 0 0 0 0 0 
0.191 0.886956 -2.41304 -2.87724 -1.80331 -3.08696 9.501e-39 1.68654e+14 0.000123209 0.000698123 8.01088e-23 1.88642e-08 97068.8 0 0 6.09467e-25 0 0 0.00199854 0 0 0 0 0 0 0 0 0 0 
0.1915 0.89181 -2.40819 -2.87724 -1.79797 -3.09181 7.87469e-39 1.66291e+14 0.000123211 0.000694832 8.01088e-23 1.85123e-08 97073.1 0 0 6.09468e-25 0 0 0.00199855 0 0 0 0 0 0 0 0 0 0 
0.192 0.896664 -2.40334 -2.87724 -1.79251 -3.09666 6.52671e-39 1.6343e+14 0.000123214 0.000690813 8.01088e-23 1.80885e-08 97077.4 0 0 6.09468e-25 0 0 0.00199856 0 0 0 0 0 0 0 0 0 0 
0.1925 0.901518 -2.39848 -2.87724 -1.7869 -3.10152 5.40942e-39 1.5996e+14 0.000123216 0.000685891 8.01088e-23 1.75783e-08 97081.6 0 0 6.09468e-25 0 0 0.00199857 0 0 0 0 0 0 0 0 0 0 
0.193 0.906372 -2.39363 -2.87724 -1.78112 -3.10637 4.48337e-39 1.55743e+14 0.000123218 0.000679838 8.01088e-23 1.69638e-08 97085.6 0 0 6.09467e-25 0 0 0.00199858 0 0 0 0 0 0 0 0 0 0 
0.1935 0.911226 -2.38877 -2.87724 -1.77509 -3.11123 3.71582e-39 1.50607e+14 0.000123221 0.000672355 8.01088e-23 1.62239e-08 97089.6 0 0 6.09467e-25 0 0 0.00199859 0 0 0 0 0 0 0 0 0 0 
0.194 0.916081 -2.38392 -2.87724 -1.76876 -3.11608 3.07965e-39 1.44333e+14 0.000123223 0.000663044 8.01088e-23 1.53327e-08 97093.4 0 0 6.09467e-25 0 0 0.0019986 0 0 0 0 0 0 0 0 0 0 
0.1945 0.920936 -2.37906 -2.87724 -1.76201 -3.12094 2.55238e-39 1.36639e+14 0.000123225 0.000651352 8.01088e-23 1.42594e-08 97097 0 0 6.09467e-25 0 0 0.0019986 0 0 0 0 0 0 0 0 0 0 
0.195 0.925791 -2.37421 -2.87724 -1.75467 -3.12579 2.11537e-39 1.27155e+14 0.000123227 0.000636489 8.01088e-23 1.29669e-08 97100.5 0 0 6.09467e-25 0 0 0.00199861 0 0 0 0 0 0 0 0 0 0 
0.1955 0.930646 -2.36935 -2.87724 -1.74647 -3.13065 1.75317e-39 1.15381e+14 0.000123229 0.000617258 8.01088e-23 1.14107e-08 97103.6 0 0 6.09467e-25 0 0 0.00199862 0 0 0 0 0 0 0 0 0 0 
0.196 0.935501 -2.3645 -2.87724 -1.73693 -3.1355 1.45298e-39 1.00613e+14 0.000123231 0.000591705 8.01088e-23 9.53825e-09 97106.4 0 0 6.09467e-25 0 0 0.00199863 0 0 0 0 0 0 0 0 0 0 
0.1965 0.940356 -2.35964 -2.87724 -1.72505 -3.14036 1.20418e-39 8.18003e+13 0.000123232 0.000556239 8.01088e-23 7.28999e-09 97108.7 0 0 6.09467e-25 0 0 0.00199863 0 0 0 0 0 0 0 0 0 0 
0.197 0.945212 -2.35479 -2.87724 -1.70826 -3.14521 9.97984e-40 5.72605e+13 0.000123233 0.000502877 8.01088e-23 4.61346e-09 97110.5 0 0 6.09468e-25 0 0 0.00199864 0 0 0 0 0 0 0 0 0 0 
0.1975 0.950067 -2.34993 -2.87724 -1.6762 -3.15007 8.27092e-40 2.48254e+13 0.000123234 0.000407347 8.01088e-23 1.62021e-09 97111.6 0 0 6.09467e-25 0 0 0.00199864 0 0 0 0 0 0 0 0 0 0 
0.198 0.954923 -2.34508 -2.87724 -1.55405 -3.15492 6.85462e-40 4.66399e+11 0.000123234 0.000214136 8.01088e-23 1.60014e-11 97111.9 0 0 6.09467e-25 0 0 0.00199864 0 0 0 0 0 0 0 0 0 0 
0.198 0.954923 -2.34508 -2.87724 -1.55405 -3.15492 6.85462e-40 4.66399e+11 0.011878 0.0206397 8.01088e-23 1.54231e-09 1.28675e+06 0 0 6.09468e-25 0 0 0.00199858 0 0 0 0 0 1.12417e+20 0 0 0 0 
0.198409 1.0076 -2.2924 -2.87724 -1.47923 -3.2076 8.93442e-41 2.10982e+11 0.011878 0.0190741 8.01088e-23 6.4476e-10 2.46259e+06 0 0 6.09467e-25 0 0 0.00199858 0 0 0 0 0 1.11113e+20 0 0 0 0 
0.198752 1.12556 -2.17444 -2.87724 -1.34993 -3.32556 9.31814e-43 1.40301e+11 0.011878 0.0183982 8.01088e-23 4.13568e-10 4.42328e+06 0 0 6.09468e-25 0 0 0.00199858 0 0 0 0 0 1.10446e+20 0 0 0 0 
0.199038 1.27559 -2.02441 -2.87724 -1.19299 -3.47559 2.81162e-45 1.09283e+11 0.011878 0.0180208 8.01088e-23 3.15526e-10 6.05496e+06 0 0 6.09469e-25 0 0 0.00199858 0 0 0 0 0 1.10039e+20 0 0 0 0 
0.199277 1.43685 -1.86315 -2.87724 -1.0268 -3.63685 5.49426e-48 9.14349e+10 0.011878 0.0177669 8.01088e-23 2.60276e-10 7.41513e+06 0 0 6.0947e-25 0 0 0.00199858 0 0 0 0 0 1.09748e+20 0 0 0 0 
0.199478 1.59668 -1.70332 -2.87724 -0.863918 -3.79668 1.13506e-50 8.18596e+10 0.011878 0.0176155 8.01088e-23 2.31034e-10 8.55014e+06 0 0 6.09468e-25 0 0 0.00199858 0 0 0 0 0 1.09568e+20 0 0 0 0 
0.199645 1.74776 -1.55224 -2.87724 -0.709394 -3.94776 3.288e-53 7.22629e+10 0.011878 0.0174502 8.01088e-23 2.02035e-10 9.49764e+06 0 0 6.09469e-25 0 0 0.00199858 0 0 0 0 0 1.09366e+20 0 0 0 0 
0.199785 1.88627 -1.41373 -2.87724 -0.570873 -4.08627 1.54897e-55 7.22367e+10 0.011878 0.0174497 8.01088e-23 2.01956e-10 1.02893e+07 0 0 6.09472e-25 0 0 0.00199858 0 0 0 0 0 1.09365e+20 0 0 0 0 
0.199902 2.01061 -1.28939 -2.87724 -0.439711 -4.21061 1.2625e-57 5.63932e+10 0.011878 0.0171375 8.01088e-23 1.5484e-10 1.095e+07 0 0 6.09472e-25 0 0 0.00199858 0 0 0 0 0 1.08963e+20 0 0 0 0 
0.2 2.12052 -1.17948 -2.87724 -0.34139 -4.32052 1.79829e-59 8.58522e+10 0.011878 0.0176801 8.01088e-23 2.43191e-10 1.12258e+07 0 0 6.09472e-25 0 0 0.00199858 0 0 0 0 0 1.09646e+20 0 0 0 0 