# ASCII 1D datafile generated by TiberCAD
# x Ec Ev eQFermi hQFermi ElPotential eDensity hDensity eMobility hMobility eConductivity hConductivity ElField_x ElField_y ElField_z eCurrentDensity_x eCurrentDensity_y eCurrentDensity_z hCurrentDensity_x hCurrentDensity_y hCurrentDensity_z IonizedDonors IonizedAcceptors IonizedElectronTraps IonizedHoleTraps eNetRecombination eLangevinRecombination hNetRecombination hLangevinRecombination 
0 -1.75 -5.05 -3.68369 -4.44215 -0.45 5.35286e-08 1.77925e+14 0.000151646 0.000874865 8.01088e-23 2.49396e-08 134738 0 0 7.03022e-25 0 0 0.00336111 0 0 0 0 0 0 0 0 0 0 
9.79066e-05 -1.74868 -5.04868 -3.68369 -4.44083 -0.451319 5.08658e-08 1.77923e+14 0.000151646 0.000874865 8.01088e-23 2.49393e-08 134738 0 0 7.03022e-25 0 0 0.00336111 0 0 0 0 0 0 0 0 0 0 
0.000214985 -1.7471 -5.0471 -3.68369 -4.43925 -0.452897 4.7855e-08 1.77921e+14 0.000151647 0.000874868 8.01088e-23 2.49391e-08 134739 0 0 7.03024e-25 0 0 0.00336111 0 0 0 0 0 0 0 0 0 0 
0.000354988 -1.74522 -5.04522 -3.68369 -4.43736 -0.454783 4.44876e-08 1.77919e+14 0.000151648 0.000874871 8.01088e-23 2.49389e-08 134741 0 0 7.03025e-25 0 0 0.00336111 0 0 0 0 0 0 0 0 0 0 
0.000522406 -1.74296 -5.04296 -3.68369 -4.4351 -0.457039 4.07704e-08 1.77916e+14 0.000151649 0.000874875 8.01088e-23 2.49386e-08 134742 0 0 7.03025e-25 0 0 0.00336111 0 0 0 0 0 0 0 0 0 0 
0.000722606 -1.74026 -5.04026 -3.68369 -4.43241 -0.459736 3.67309e-08 1.77913e+14 0.000151651 0.00087488 8.01088e-23 2.49383e-08 134744 0 0 7.03025e-25 0 0 0.00336111 0 0 0 0 0 0 0 0 0 0 
0.000962009 -1.73704 -5.03704 -3.68369 -4.42918 -0.462962 3.24222e-08 1.77909e+14 0.000151653 0.000874885 8.01088e-23 2.49379e-08 134746 0 0 7.03025e-25 0 0 0.00336111 0 0 0 0 0 0 0 0 0 0 
0.00124829 -1.73318 -5.03318 -3.68369 -4.42532 -0.46682 2.79282e-08 1.77904e+14 0.000151655 0.000874892 8.01088e-23 2.49374e-08 134749 0 0 7.03025e-25 0 0 0.00336111 0 0 0 0 0 0 0 0 0 0 
0.00159063 -1.72857 -5.02857 -3.68369 -4.42071 -0.471433 2.33643e-08 1.77898e+14 0.000151657 0.0008749 8.01088e-23 2.49368e-08 134752 0 0 7.03024e-25 0 0 0.00336111 0 0 0 0 0 0 0 0 0 0 
0.002 -1.72305 -5.02305 -3.68369 -4.41519 -0.476949 1.88749e-08 1.77892e+14 0.000151658 0.000874898 8.01088e-23 2.49358e-08 134754 0 0 7.03025e-25 0 0 0.00336111 0 0 0 0 0 0 0 0 0 0 
0.002 -1.72305 -5.02305 -3.68369 -4.41519 -0.476949 1.88749e-08 1.77892e+14 0.000151662 0.000874921 8.01088e-23 2.49364e-08 134758 0 0 7.03026e-25 0 0 0.00336111 0 0 0 0 0 0 0 0 0 0 
0.0025 -1.71631 -5.01631 -3.68369 -4.40845 -0.483687 1.45445e-08 1.77883e+14 0.000151664 0.000874919 8.01088e-23 2.49352e-08 134761 0 0 7.03026e-25 0 0 0.00336111 0 0 0 0 0 0 0 0 0 0 
0.003 -1.70957 -5.00957 -3.68369 -4.40171 -0.490425 1.12075e-08 1.77875e+14 0.000151667 0.00087493 8.01088e-23 2.49344e-08 134765 0 0 7.03026e-25 0 0 0.00336111 0 0 0 0 0 0 0 0 0 0 
0.0035 -1.70284 -5.00284 -3.68369 -4.39497 -0.497164 8.63606e-09 1.77867e+14 0.000151671 0.000874942 8.01088e-23 2.49335e-08 134770 0 0 7.03026e-25 0 0 0.00336111 0 0 0 0 0 0 0 0 0 0 
0.004 -1.6961 -4.9961 -3.68369 -4.38823 -0.503902 6.65453e-09 1.77858e+14 0.000151675 0.000874953 8.01088e-23 2.49327e-08 134774 0 0 7.03025e-25 0 0 0.00336111 0 0 0 0 0 0 0 0 0 0 
0.0045 -1.68936 -4.98936 -3.68369 -4.38149 -0.510641 5.12762e-09 1.7785e+14 0.000151679 0.000874964 8.01088e-23 2.49318e-08 134779 0 0 7.03026e-25 0 0 0.00336111 0 0 0 0 0 0 0 0 0 0 
0.005 -1.68262 -4.98262 -3.68369 -4.37475 -0.51738 3.95102e-09 1.77842e+14 0.000151682 0.000874976 8.01088e-23 2.4931e-08 134783 0 0 7.03026e-25 0 0 0.00336111 0 0 0 0 0 0 0 0 0 0 
0.0055 -1.67588 -4.97588 -3.68369 -4.36801 -0.52412 3.04438e-09 1.77833e+14 0.000151686 0.000874987 8.01088e-23 2.49301e-08 134788 0 0 7.03026e-25 0 0 0.00336111 0 0 0 0 0 0 0 0 0 0 
0.006 -1.66914 -4.96914 -3.68369 -4.36127 -0.530859 2.34577e-09 1.77825e+14 0.00015169 0.000874998 8.01088e-23 2.49293e-08 134793 0 0 7.03026e-25 0 0 0.00336111 0 0 0 0 0 0 0 0 0 0 
0.0065 -1.6624 -4.9624 -3.68369 -4.35453 -0.537599 1.80745e-09 1.77816e+14 0.000151694 0.000875009 8.01088e-23 2.49284e-08 134797 0 0 7.03026e-25 0 0 0.00336111 0 0 0 0 0 0 0 0 0 0 
0.007 -1.65566 -4.95566 -3.68369 -4.34778 -0.544339 1.39266e-09 1.77808e+14 0.000151698 0.000875021 8.01088e-23 2.49276e-08 134802 0 0 7.03026e-25 0 0 0.00336111 0 0 0 0 0 0 0 0 0 0 
0.0075 -1.64892 -4.94892 -3.68369 -4.34104 -0.551079 1.07304e-09 1.778e+14 0.000151702 0.000875032 8.01088e-23 2.49267e-08 134806 0 0 7.03025e-25 0 0 0.00336111 0 0 0 0 0 0 0 0 0 0 
0.008 -1.64218 -4.94218 -3.68369 -4.3343 -0.557819 8.26775e-10 1.77791e+14 0.000151706 0.000875043 8.01088e-23 2.49259e-08 134811 0 0 7.03026e-25 0 0 0.00336111 0 0 0 0 0 0 0 0 0 0 
0.0085 -1.63544 -4.93544 -3.68369 -4.32756 -0.56456 6.37019e-10 1.77783e+14 0.00015171 0.000875054 8.01088e-23 2.4925e-08 134816 0 0 7.03025e-25 0 0 0.00336111 0 0 0 0 0 0 0 0 0 0 
0.009 -1.6287 -4.9287 -3.68369 -4.32081 -0.571301 4.90811e-10 1.77775e+14 0.000151714 0.000875066 8.01088e-23 2.49242e-08 134820 0 0 7.03025e-25 0 0 0.00336111 0 0 0 0 0 0 0 0 0 0 
0.0095 -1.62196 -4.92196 -3.68369 -4.31407 -0.578042 3.78157e-10 1.77766e+14 0.000151718 0.000875077 8.01088e-23 2.49233e-08 134825 0 0 7.03025e-25 0 0 0.00336111 0 0 0 0 0 0 0 0 0 0 
0.01 -1.61522 -4.91522 -3.68369 -4.30733 -0.584783 2.91357e-10 1.77758e+14 0.000151722 0.000875088 8.01088e-23 2.49225e-08 134829 0 0 7.03025e-25 0 0 0.00336111 0 0 0 0 0 0 0 0 0 0 
0.0105 -1.60847 -4.90847 -3.68369 -4.30059 -0.591525 2.24478e-10 1.7775e+14 0.000151726 0.000875099 8.01088e-23 2.49216e-08 134834 0 0 7.03026e-25 0 0 0.00336111 0 0 0 0 0 0 0 0 0 0 
0.011 -1.60173 -4.90173 -3.68369 -4.29384 -0.598267 1.7295e-10 1.77741e+14 0.00015173 0.000875111 8.01088e-23 2.49208e-08 134839 0 0 7.03026e-25 0 0 0.00336111 0 0 0 0 0 0 0 0 0 0 
0.0115 -1.59499 -4.89499 -3.68369 -4.2871 -0.605009 1.33248e-10 1.77733e+14 0.000151734 0.000875122 8.01088e-23 2.49199e-08 134843 0 0 7.03026e-25 0 0 0.00336111 0 0 0 0 0 0 0 0 0 0 
0.012 -1.58825 -4.88825 -3.68369 -4.28035 -0.611751 1.02659e-10 1.77725e+14 0.000151738 0.000875133 8.01088e-23 2.49191e-08 134848 0 0 7.03026e-25 0 0 0.00336111 0 0 0 0 0 0 0 0 0 0 
0.0125 -1.58151 -4.88151 -3.68369 -4.27361 -0.618494 7.9092e-11 1.77716e+14 0.000151742 0.000875144 8.01088e-23 2.49182e-08 134852 0 0 7.03026e-25 0 0 0.00336111 0 0 0 0 0 0 0 0 0 0 
0.013 -1.57476 -4.87476 -3.68369 -4.26687 -0.625236 6.09343e-11 1.77708e+14 0.000151747 0.000875156 8.01088e-23 2.49174e-08 134857 0 0 7.03026e-25 0 0 0.00336111 0 0 0 0 0 0 0 0 0 0 
0.0135 -1.56802 -4.86802 -3.68369 -4.26012 -0.631979 4.69448e-11 1.777e+14 0.000151751 0.000875167 8.01088e-23 2.49166e-08 134862 0 0 7.03026e-25 0 0 0.00336111 0 0 0 0 0 0 0 0 0 0 
0.014 -1.56128 -4.86128 -3.68369 -4.25338 -0.638723 3.61667e-11 1.77691e+14 0.000151755 0.000875178 8.01088e-23 2.49157e-08 134866 0 0 7.03026e-25 0 0 0.00336111 0 0 0 0 0 0 0 0 0 0 
0.0145 -1.55453 -4.85453 -3.68369 -4.24663 -0.645466 2.78629e-11 1.77683e+14 0.000151759 0.00087519 8.01088e-23 2.49149e-08 134871 0 0 7.03025e-25 0 0 0.00336111 0 0 0 0 0 0 0 0 0 0 
0.015 -1.54779 -4.84779 -3.68369 -4.23989 -0.65221 2.14655e-11 1.77675e+14 0.000151763 0.000875201 8.01088e-23 2.4914e-08 134875 0 0 7.03025e-25 0 0 0.00336111 0 0 0 0 0 0 0 0 0 0 
0.0155 -1.54105 -4.84105 -3.68369 -4.23314 -0.658954 1.65368e-11 1.77666e+14 0.000151767 0.000875212 8.01088e-23 2.49132e-08 134880 0 0 7.03026e-25 0 0 0.00336111 0 0 0 0 0 0 0 0 0 0 
0.016 -1.5343 -4.8343 -3.68369 -4.2264 -0.665698 1.27396e-11 1.77658e+14 0.000151772 0.000875223 8.01088e-23 2.49123e-08 134885 0 0 7.03026e-25 0 0 0.00336111 0 0 0 0 0 0 0 0 0 0 
0.0165 -1.52756 -4.82756 -3.68369 -4.21965 -0.672442 9.81427e-12 1.7765e+14 0.000151776 0.000875235 8.01088e-23 2.49115e-08 134889 0 0 7.03026e-25 0 0 0.00336111 0 0 0 0 0 0 0 0 0 0 
0.017 -1.52081 -4.82081 -3.68369 -4.2129 -0.679187 7.5606e-12 1.77641e+14 0.00015178 0.000875246 8.01088e-23 2.49106e-08 134894 0 0 7.03025e-25 0 0 0.00336111 0 0 0 0 0 0 0 0 0 0 
0.0175 -1.51407 -4.81407 -3.68369 -4.20616 -0.685931 5.82438e-12 1.77633e+14 0.000151784 0.000875257 8.01088e-23 2.49098e-08 134898 0 0 7.03025e-25 0 0 0.00336111 0 0 0 0 0 0 0 0 0 0 
0.018 -1.50732 -4.80732 -3.68369 -4.19941 -0.692676 4.48684e-12 1.77625e+14 0.000151789 0.000875268 8.01088e-23 2.49089e-08 134903 0 0 7.03026e-25 0 0 0.00336111 0 0 0 0 0 0 0 0 0 0 
0.0185 -1.50058 -4.80058 -3.68369 -4.19266 -0.699422 3.45642e-12 1.77616e+14 0.000151793 0.00087528 8.01088e-23 2.49081e-08 134908 0 0 7.03026e-25 0 0 0.00336111 0 0 0 0 0 0 0 0 0 0 
0.019 -1.49383 -4.79383 -3.68369 -4.18592 -0.706167 2.66262e-12 1.77608e+14 0.000151797 0.000875291 8.01088e-23 2.49072e-08 134912 0 0 7.03026e-25 0 0 0.00336111 0 0 0 0 0 0 0 0 0 0 
0.0195 -1.48709 -4.78709 -3.68369 -4.17917 -0.712913 2.0511e-12 1.776e+14 0.000151801 0.000875302 8.01088e-23 2.49064e-08 134917 0 0 7.03026e-25 0 0 0.00336111 0 0 0 0 0 0 0 0 0 0 
0.02 -1.48034 -4.78034 -3.68369 -4.17242 -0.719659 1.58002e-12 1.77591e+14 0.000151805 0.000875313 8.01088e-23 2.49055e-08 134921 0 0 7.03026e-25 0 0 0.00336111 0 0 0 0 0 0 0 0 0 0 
0.0205 -1.47359 -4.77359 -3.68369 -4.16567 -0.726405 1.21712e-12 1.77583e+14 0.00015181 0.000875325 8.01088e-23 2.49047e-08 134926 0 0 7.03026e-25 0 0 0.00336111 0 0 0 0 0 0 0 0 0 0 
0.021 -1.46685 -4.76685 -3.68369 -4.15892 -0.733151 9.37559e-13 1.77575e+14 0.000151814 0.000875336 8.01088e-23 2.49038e-08 134930 0 0 7.03026e-25 0 0 0.00336111 0 0 0 0 0 0 0 0 0 0 
0.0215 -1.4601 -4.7601 -3.68369 -4.15218 -0.739898 7.22206e-13 1.77566e+14 0.000151818 0.000875347 8.01088e-23 2.4903e-08 134935 0 0 7.03026e-25 0 0 0.00336111 0 0 0 0 0 0 0 0 0 0 
0.022 -1.45336 -4.75336 -3.68369 -4.14543 -0.746645 5.56314e-13 1.77558e+14 0.000151823 0.000875359 8.01088e-23 2.49021e-08 134940 0 0 7.03025e-25 0 0 0.00336111 0 0 0 0 0 0 0 0 0 0 
0.0225 -1.44661 -4.74661 -3.68369 -4.13868 -0.753392 4.28524e-13 1.7755e+14 0.000151827 0.00087537 8.01088e-23 2.49013e-08 134944 0 0 7.03025e-25 0 0 0.00336111 0 0 0 0 0 0 0 0 0 0 
0.023 -1.43986 -4.73986 -3.68369 -4.13193 -0.760139 3.30085e-13 1.77541e+14 0.000151831 0.000875381 8.01088e-23 2.49005e-08 134949 0 0 7.03026e-25 0 0 0.00336111 0 0 0 0 0 0 0 0 0 0 
0.0235 -1.43311 -4.73311 -3.68369 -4.12518 -0.766887 2.54257e-13 1.77533e+14 0.000151835 0.000875392 8.01088e-23 2.48996e-08 134953 0 0 7.03026e-25 0 0 0.00336111 0 0 0 0 0 0 0 0 0 0 
0.024 -1.42637 -4.72637 -3.68369 -4.11843 -0.773635 1.95847e-13 1.77525e+14 0.00015184 0.000875404 8.01088e-23 2.48988e-08 134958 0 0 7.03026e-25 0 0 0.00336111 0 0 0 0 0 0 0 0 0 0 
0.0245 -1.41962 -4.71962 -3.68369 -4.11168 -0.780383 1.50853e-13 1.77516e+14 0.000151844 0.000875415 8.01088e-23 2.48979e-08 134963 0 0 7.03026e-25 0 0 0.00336111 0 0 0 0 0 0 0 0 0 0 
0.025 -1.41287 -4.71287 -3.68369 -4.10493 -0.787131 1.16196e-13 1.77508e+14 0.000151848 0.000875426 8.01088e-23 2.48971e-08 134967 0 0 7.03026e-25 0 0 0.00336111 0 0 0 0 0 0 0 0 0 0 
0.0255 -1.40612 -4.70612 -3.68369 -4.09818 -0.793879 8.94998e-14 1.775e+14 0.000151853 0.000875438 8.01088e-23 2.48962e-08 134972 0 0 7.03026e-25 0 0 0.00336111 0 0 0 0 0 0 0 0 0 0 
0.026 -1.39937 -4.69937 -3.68369 -4.09143 -0.800628 6.89366e-14 1.77492e+14 0.000151857 0.000875449 8.01088e-23 2.48954e-08 134976 0 0 7.03025e-25 0 0 0.00336111 0 0 0 0 0 0 0 0 0 0 
0.0265 -1.39262 -4.69262 -3.68369 -4.08468 -0.807377 5.30974e-14 1.77483e+14 0.000151861 0.00087546 8.01088e-23 2.48945e-08 134981 0 0 7.03025e-25 0 0 0.00336111 0 0 0 0 0 0 0 0 0 0 
0.027 -1.38587 -4.68587 -3.68369 -4.07793 -0.814126 4.08972e-14 1.77475e+14 0.000151866 0.000875471 8.01088e-23 2.48937e-08 134986 0 0 7.03026e-25 0 0 0.00336111 0 0 0 0 0 0 0 0 0 0 
0.0275 -1.37912 -4.67912 -3.68369 -4.07118 -0.820876 3.14999e-14 1.77467e+14 0.00015187 0.000875483 8.01088e-23 2.48928e-08 134990 0 0 7.03026e-25 0 0 0.00336111 0 0 0 0 0 0 0 0 0 0 
0.028 -1.37237 -4.67237 -3.68369 -4.06443 -0.827625 2.42617e-14 1.77458e+14 0.000151874 0.000875494 8.01088e-23 2.4892e-08 134995 0 0 7.03026e-25 0 0 0.00336111 0 0 0 0 0 0 0 0 0 0 
0.0285 -1.36562 -4.66562 -3.68369 -4.05768 -0.834375 1.86866e-14 1.7745e+14 0.000151879 0.000875505 8.01088e-23 2.48912e-08 134999 0 0 7.03026e-25 0 0 0.00336111 0 0 0 0 0 0 0 0 0 0 
0.029 -1.35887 -4.65887 -3.68369 -4.05092 -0.841125 1.43924e-14 1.77442e+14 0.000151883 0.000875516 8.01088e-23 2.48903e-08 135004 0 0 7.03026e-25 0 0 0.00336111 0 0 0 0 0 0 0 0 0 0 
0.0295 -1.35212 -4.65212 -3.68369 -4.04417 -0.847876 1.1085e-14 1.77433e+14 0.000151887 0.000875528 8.01088e-23 2.48895e-08 135009 0 0 7.03026e-25 0 0 0.00336111 0 0 0 0 0 0 0 0 0 0 
0.03 -1.34537 -4.64537 -3.68369 -4.03742 -0.854626 8.53751e-15 1.77425e+14 0.000151892 0.000875539 8.01088e-23 2.48886e-08 135013 0 0 7.03025e-25 0 0 0.00336111 0 0 0 0 0 0 0 0 0 0 
0.0305 -1.33862 -4.63862 -3.68369 -4.03067 -0.861377 6.57542e-15 1.77417e+14 0.000151896 0.00087555 8.01088e-23 2.48878e-08 135018 0 0 7.03025e-25 0 0 0.00336111 0 0 0 0 0 0 0 0 0 0 
0.031 -1.33187 -4.63187 -3.68369 -4.02392 -0.868128 5.06422e-15 1.77408e+14 0.0001519 0.000875562 8.01088e-23 2.48869e-08 135022 0 0 7.03025e-25 0 0 0.00336111 0 0 0 0 0 0 0 0 0 0 
0.0315 -1.32512 -4.62512 -3.68369 -4.01716 -0.874879 3.9003e-15 1.774e+14 0.000151905 0.000875573 8.01088e-23 2.48861e-08 135027 0 0 7.03025e-25 0 0 0.00336111 0 0 0 0 0 0 0 0 0 0 
0.032 -1.31837 -4.61837 -3.68369 -4.01041 -0.881631 3.00385e-15 1.77392e+14 0.000151909 0.000875584 8.01088e-23 2.48852e-08 135031 0 0 7.03026e-25 0 0 0.00336111 0 0 0 0 0 0 0 0 0 0 
0.0325 -1.31162 -4.61162 -3.68369 -4.00366 -0.888382 2.31343e-15 1.77384e+14 0.000151913 0.000875595 8.01088e-23 2.48844e-08 135036 0 0 7.03026e-25 0 0 0.00336111 0 0 0 0 0 0 0 0 0 0 
0.033 -1.30487 -4.60487 -3.68369 -3.9969 -0.895134 1.78168e-15 1.77375e+14 0.000151918 0.000875607 8.01088e-23 2.48836e-08 135041 0 0 7.03026e-25 0 0 0.00336111 0 0 0 0 0 0 0 0 0 0 
0.0335 -1.29811 -4.59811 -3.68369 -3.99015 -0.901886 1.37214e-15 1.77367e+14 0.000151922 0.000875618 8.01088e-23 2.48827e-08 135045 0 0 7.03026e-25 0 0 0.00336111 0 0 0 0 0 0 0 0 0 0 
0.034 -1.29136 -4.59136 -3.68369 -3.9834 -0.908639 1.05673e-15 1.77359e+14 0.000151926 0.000875629 8.01088e-23 2.48819e-08 135050 0 0 7.03026e-25 0 0 0.00336111 0 0 0 0 0 0 0 0 0 0 
0.0345 -1.28461 -4.58461 -3.68369 -3.97664 -0.915391 8.13816e-16 1.7735e+14 0.000151931 0.000875641 8.01088e-23 2.4881e-08 135054 0 0 7.03026e-25 0 0 0.00336111 0 0 0 0 0 0 0 0 0 0 
0.035 -1.27786 -4.57786 -3.68369 -3.96989 -0.922144 6.26735e-16 1.77342e+14 0.000151935 0.000875652 8.01088e-23 2.48802e-08 135059 0 0 7.03026e-25 0 0 0.00336111 0 0 0 0 0 0 0 0 0 0 
0.0355 -1.2711 -4.5711 -3.68369 -3.96313 -0.928897 4.82656e-16 1.77334e+14 0.000151939 0.000875663 8.01088e-23 2.48793e-08 135064 0 0 7.03025e-25 0 0 0.00336111 0 0 0 0 0 0 0 0 0 0 
0.036 -1.26435 -4.56435 -3.68369 -3.95638 -0.93565 3.71696e-16 1.77325e+14 0.000151944 0.000875674 8.01088e-23 2.48785e-08 135068 0 0 7.03025e-25 0 0 0.00336111 0 0 0 0 0 0 0 0 0 0 
0.0365 -1.2576 -4.5576 -3.68369 -3.94962 -0.942404 2.86243e-16 1.77317e+14 0.000151948 0.000875686 8.01088e-23 2.48776e-08 135073 0 0 7.03026e-25 0 0 0.00336111 0 0 0 0 0 0 0 0 0 0 
0.037 -1.25084 -4.55084 -3.68369 -3.94287 -0.949158 2.20433e-16 1.77309e+14 0.000151952 0.000875697 8.01088e-23 2.48768e-08 135077 0 0 7.03026e-25 0 0 0.00336111 0 0 0 0 0 0 0 0 0 0 
0.0375 -1.24409 -4.54409 -3.68369 -3.93611 -0.955912 1.69752e-16 1.773e+14 0.000151957 0.000875708 8.01088e-23 2.4876e-08 135082 0 0 7.03026e-25 0 0 0.00336111 0 0 0 0 0 0 0 0 0 0 
0.038 -1.23733 -4.53733 -3.68369 -3.92935 -0.962666 1.30722e-16 1.77292e+14 0.000151961 0.00087572 8.01088e-23 2.48751e-08 135086 0 0 7.03026e-25 0 0 0.00336111 0 0 0 0 0 0 0 0 0 0 
0.0385 -1.23058 -4.53058 -3.68369 -3.9226 -0.96942 1.00666e-16 1.77284e+14 0.000151965 0.000875731 8.01088e-23 2.48743e-08 135091 0 0 7.03026e-25 0 0 0.00336111 0 0 0 0 0 0 0 0 0 0 
0.039 -1.22382 -4.52382 -3.68369 -3.91584 -0.976175 7.75189e-17 1.77276e+14 0.00015197 0.000875742 8.01088e-23 2.48734e-08 135096 0 0 7.03025e-25 0 0 0.00336111 0 0 0 0 0 0 0 0 0 0 
0.0395 -1.21707 -4.51707 -3.68369 -3.90909 -0.98293 5.9694e-17 1.77267e+14 0.000151974 0.000875754 8.01088e-23 2.48726e-08 135100 0 0 7.03025e-25 0 0 0.00336111 0 0 0 0 0 0 0 0 0 0 
0.04 -1.21031 -4.51031 -3.68369 -3.90233 -0.989685 4.59674e-17 1.77259e+14 0.000151979 0.000875765 8.01088e-23 2.48717e-08 135105 0 0 7.03026e-25 0 0 0.00336111 0 0 0 0 0 0 0 0 0 0 
0.0405 -1.20356 -4.50356 -3.68369 -3.89557 -0.99644 3.53969e-17 1.77251e+14 0.000151983 0.000875776 8.01088e-23 2.48709e-08 135109 0 0 7.03026e-25 0 0 0.00336111 0 0 0 0 0 0 0 0 0 0 
0.041 -1.1968 -4.4968 -3.68369 -3.88881 -1.0032 2.72569e-17 1.77242e+14 0.000151987 0.000875787 8.01088e-23 2.48701e-08 135114 0 0 7.03026e-25 0 0 0.00336111 0 0 0 0 0 0 0 0 0 0 
0.0415 -1.19005 -4.49005 -3.68369 -3.88206 -1.00995 2.09887e-17 1.77234e+14 0.000151992 0.000875799 8.01088e-23 2.48692e-08 135119 0 0 7.03026e-25 0 0 0.00336111 0 0 0 0 0 0 0 0 0 0 
0.042 -1.18329 -4.48329 -3.68369 -3.8753 -1.01671 1.61618e-17 1.77226e+14 0.000151996 0.00087581 8.01088e-23 2.48684e-08 135123 0 0 7.03026e-25 0 0 0.00336111 0 0 0 0 0 0 0 0 0 0 
0.0425 -1.17654 -4.47654 -3.68369 -3.86854 -1.02346 1.24448e-17 1.77218e+14 0.000152 0.000875821 8.01088e-23 2.48675e-08 135128 0 0 7.03026e-25 0 0 0.00336111 0 0 0 0 0 0 0 0 0 0 
0.043 -1.16978 -4.46978 -3.68369 -3.86178 -1.03022 9.58263e-18 1.77209e+14 0.000152005 0.000875833 8.01088e-23 2.48667e-08 135132 0 0 7.03025e-25 0 0 0.00336111 0 0 0 0 0 0 0 0 0 0 
0.0435 -1.16302 -4.46302 -3.68369 -3.85503 -1.03698 7.37865e-18 1.77201e+14 0.000152009 0.000875844 8.01088e-23 2.48658e-08 135137 0 0 7.03025e-25 0 0 0.00336111 0 0 0 0 0 0 0 0 0 0 
0.044 -1.15627 -4.45627 -3.68369 -3.84827 -1.04373 5.68153e-18 1.77193e+14 0.000152013 0.000875855 8.01088e-23 2.4865e-08 135141 0 0 7.03025e-25 0 0 0.00336111 0 0 0 0 0 0 0 0 0 0 
0.0445 -1.14951 -4.44951 -3.68369 -3.84151 -1.05049 4.37472e-18 1.77184e+14 0.000152018 0.000875866 8.01088e-23 2.48642e-08 135146 0 0 7.03025e-25 0 0 0.00336111 0 0 0 0 0 0 0 0 0 0 
0.045 -1.14275 -4.44275 -3.68369 -3.83475 -1.05725 3.36845e-18 1.77176e+14 0.000152022 0.000875878 8.01088e-23 2.48633e-08 135151 0 0 7.03026e-25 0 0 0.00336111 0 0 0 0 0 0 0 0 0 0 
0.0455 -1.13599 -4.43599 -3.68369 -3.82799 -1.06401 2.59363e-18 1.77168e+14 0.000152027 0.000875889 8.01088e-23 2.48625e-08 135155 0 0 7.03026e-25 0 0 0.00336111 0 0 0 0 0 0 0 0 0 0 
0.046 -1.12924 -4.42924 -3.68369 -3.82123 -1.07076 1.99701e-18 1.7716e+14 0.000152031 0.0008759 8.01088e-23 2.48616e-08 135160 0 0 7.03026e-25 0 0 0.00336111 0 0 0 0 0 0 0 0 0 0 
0.0465 -1.12248 -4.42248 -3.68369 -3.81447 -1.07752 1.53762e-18 1.77151e+14 0.000152035 0.000875912 8.01088e-23 2.48608e-08 135164 0 0 7.03026e-25 0 0 0.00336111 0 0 0 0 0 0 0 0 0 0 
0.047 -1.11572 -4.41572 -3.68369 -3.80771 -1.08428 1.1839e-18 1.77143e+14 0.00015204 0.000875923 8.01088e-23 2.48599e-08 135169 0 0 7.03026e-25 0 0 0.00336111 0 0 0 0 0 0 0 0 0 0 
0.0475 -1.10896 -4.40896 -3.68369 -3.80095 -1.09104 9.11541e-19 1.77135e+14 0.000152044 0.000875934 8.01088e-23 2.48591e-08 135173 0 0 7.03026e-25 0 0 0.00336111 0 0 0 0 0 0 0 0 0 0 
0.048 -1.1022 -4.4022 -3.68369 -3.79419 -1.0978 7.01833e-19 1.77126e+14 0.000152048 0.000875946 8.01088e-23 2.48583e-08 135178 0 0 7.03026e-25 0 0 0.00336111 0 0 0 0 0 0 0 0 0 0 
0.0485 -1.09544 -4.39544 -3.68369 -3.78743 -1.10456 5.40365e-19 1.77118e+14 0.000152053 0.000875957 8.01088e-23 2.48574e-08 135183 0 0 7.03026e-25 0 0 0.00336111 0 0 0 0 0 0 0 0 0 0 
0.049 -1.08868 -4.38868 -3.68369 -3.78067 -1.11132 4.16042e-19 1.7711e+14 0.000152057 0.000875968 8.01088e-23 2.48566e-08 135187 0 0 7.03025e-25 0 0 0.00336111 0 0 0 0 0 0 0 0 0 0 
0.0495 -1.08192 -4.38192 -3.68369 -3.77391 -1.11808 3.2032e-19 1.77102e+14 0.000152062 0.000875979 8.01088e-23 2.48557e-08 135192 0 0 7.03025e-25 0 0 0.00336111 0 0 0 0 0 0 0 0 0 0 
0.05 -1.07516 -4.37516 -3.68369 -3.76715 -1.12484 2.46619e-19 1.77093e+14 0.000152066 0.000875991 8.01088e-23 2.48549e-08 135196 0 0 7.03026e-25 0 0 0.00336111 0 0 0 0 0 0 0 0 0 0 
0.0505 -1.0684 -4.3684 -3.68369 -3.76038 -1.1316 1.89873e-19 1.77085e+14 0.00015207 0.000876002 8.01088e-23 2.48541e-08 135201 0 0 7.03026e-25 0 0 0.00336111 0 0 0 0 0 0 0 0 0 0 
0.051 -1.06164 -4.36164 -3.68369 -3.75362 -1.13836 1.46184e-19 1.77077e+14 0.000152075 0.000876013 8.01088e-23 2.48532e-08 135206 0 0 7.03026e-25 0 0 0.00336111 0 0 0 0 0 0 0 0 0 0 
0.0515 -1.05488 -4.35488 -3.68369 -3.74686 -1.14512 1.12546e-19 1.77068e+14 0.000152079 0.000876025 8.01088e-23 2.48524e-08 135210 0 0 7.03026e-25 0 0 0.00336111 0 0 0 0 0 0 0 0 0 0 
0.052 -1.04812 -4.34812 -3.68369 -3.7401 -1.15188 8.66475e-20 1.7706e+14 0.000152083 0.000876036 8.01088e-23 2.48515e-08 135215 0 0 7.03026e-25 0 0 0.00336111 0 0 0 0 0 0 0 0 0 0 
0.0525 -1.04136 -4.34136 -3.68369 -3.73334 -1.15864 6.67082e-20 1.77052e+14 0.000152088 0.000876047 8.01088e-23 2.48507e-08 135219 0 0 7.03026e-25 0 0 0.00336111 0 0 0 0 0 0 0 0 0 0 
0.053 -1.0346 -4.3346 -3.68369 -3.72657 -1.1654 5.13568e-20 1.77044e+14 0.000152092 0.000876059 8.01088e-23 2.48499e-08 135224 0 0 7.03026e-25 0 0 0.00336111 0 0 0 0 0 0 0 0 0 0 
0.0535 -1.02784 -4.32784 -3.68369 -3.71981 -1.17216 3.95379e-20 1.77035e+14 0.000152097 0.00087607 8.01088e-23 2.4849e-08 135228 0 0 7.03026e-25 0 0 0.00336111 0 0 0 0 0 0 0 0 0 0 
0.054 -1.02108 -4.32108 -3.68369 -3.71305 -1.17892 3.04386e-20 1.77027e+14 0.000152101 0.000876081 8.01088e-23 2.48482e-08 135233 0 0 7.03026e-25 0 0 0.00336111 0 0 0 0 0 0 0 0 0 0 
0.0545 -1.01432 -4.31432 -3.68369 -3.70628 -1.18568 2.34332e-20 1.77019e+14 0.000152105 0.000876092 8.01088e-23 2.48473e-08 135238 0 0 7.03026e-25 0 0 0.00336111 0 0 0 0 0 0 0 0 0 0 
0.055 -1.00755 -4.30755 -3.68369 -3.69952 -1.19245 1.804e-20 1.77011e+14 0.00015211 0.000876104 8.01088e-23 2.48465e-08 135242 0 0 7.03026e-25 0 0 0.00336111 0 0 0 0 0 0 0 0 0 0 
0.0555 -1.00079 -4.30079 -3.68369 -3.69276 -1.19921 1.38879e-20 1.77002e+14 0.000152114 0.000876115 8.01088e-23 2.48457e-08 135247 0 0 7.03026e-25 0 0 0.00336111 0 0 0 0 0 0 0 0 0 0 
0.056 -0.99403 -4.29403 -3.68369 -3.68599 -1.20597 1.06913e-20 1.76994e+14 0.000152118 0.000876126 8.01088e-23 2.48448e-08 135251 0 0 7.03025e-25 0 0 0.00336111 0 0 0 0 0 0 0 0 0 0 
0.0565 -0.987267 -4.28727 -3.68369 -3.67923 -1.21273 8.23046e-21 1.76986e+14 0.000152123 0.000876138 8.01088e-23 2.4844e-08 135256 0 0 7.03025e-25 0 0 0.00336111 0 0 0 0 0 0 0 0 0 0 
0.057 -0.980504 -4.2805 -3.68369 -3.67246 -1.2195 6.33596e-21 1.76977e+14 0.000152127 0.000876149 8.01088e-23 2.48431e-08 135260 0 0 7.03026e-25 0 0 0.00336111 0 0 0 0 0 0 0 0 0 0 
0.0575 -0.973741 -4.27374 -3.68369 -3.6657 -1.22626 4.87749e-21 1.76969e+14 0.000152132 0.00087616 8.01088e-23 2.48423e-08 135265 0 0 7.03026e-25 0 0 0.00336111 0 0 0 0 0 0 0 0 0 0 
0.058 -0.966978 -4.26698 -3.68369 -3.65893 -1.23302 3.75472e-21 1.76961e+14 0.000152136 0.000876172 8.01088e-23 2.48415e-08 135270 0 0 7.03026e-25 0 0 0.00336111 0 0 0 0 0 0 0 0 0 0 
0.0585 -0.960214 -4.26021 -3.68369 -3.65217 -1.23979 2.89038e-21 1.76953e+14 0.00015214 0.000876183 8.01088e-23 2.48406e-08 135274 0 0 7.03026e-25 0 0 0.00336111 0 0 0 0 0 0 0 0 0 0 
0.059 -0.953451 -4.25345 -3.68369 -3.6454 -1.24655 2.22499e-21 1.76944e+14 0.000152145 0.000876194 8.01088e-23 2.48398e-08 135279 0 0 7.03026e-25 0 0 0.00336111 0 0 0 0 0 0 0 0 0 0 
0.0595 -0.946687 -4.24669 -3.68369 -3.63864 -1.25331 1.71276e-21 1.76936e+14 0.000152149 0.000876206 8.01088e-23 2.48389e-08 135283 0 0 7.03026e-25 0 0 0.00336111 0 0 0 0 0 0 0 0 0 0 
0.06 -0.939922 -4.23992 -3.68369 -3.63187 -1.26008 1.31844e-21 1.76928e+14 0.000152153 0.000876217 8.01088e-23 2.48381e-08 135288 0 0 7.03025e-25 0 0 0.00336111 0 0 0 0 0 0 0 0 0 0 
0.0605 -0.933158 -4.23316 -3.68369 -3.6251 -1.26684 1.0149e-21 1.7692e+14 0.000152158 0.000876228 8.01088e-23 2.48373e-08 135292 0 0 7.03025e-25 0 0 0.00336111 0 0 0 0 0 0 0 0 0 0 
0.061 -0.926393 -4.22639 -3.68369 -3.61834 -1.27361 7.81233e-22 1.76911e+14 0.000152162 0.00087624 8.01088e-23 2.48364e-08 135297 0 0 7.03026e-25 0 0 0.00336111 0 0 0 0 0 0 0 0 0 0 
0.0615 -0.919628 -4.21963 -3.68369 -3.61157 -1.28037 6.0136e-22 1.76903e+14 0.000152167 0.000876251 8.01088e-23 2.48356e-08 135302 0 0 7.03026e-25 0 0 0.00336111 0 0 0 0 0 0 0 0 0 0 
0.062 -0.912863 -4.21286 -3.68369 -3.6048 -1.28714 4.62897e-22 1.76895e+14 0.000152171 0.000876262 8.01088e-23 2.48347e-08 135306 0 0 7.03026e-25 0 0 0.00336111 0 0 0 0 0 0 0 0 0 0 
0.0625 -0.906097 -4.2061 -3.68369 -3.59804 -1.2939 3.56312e-22 1.76887e+14 0.000152175 0.000876273 8.01088e-23 2.48339e-08 135311 0 0 7.03025e-25 0 0 0.00336111 0 0 0 0 0 0 0 0 0 0 
0.063 -0.899332 -4.19933 -3.68369 -3.59127 -1.30067 2.74266e-22 1.76878e+14 0.00015218 0.000876285 8.01088e-23 2.48331e-08 135315 0 0 7.03025e-25 0 0 0.00336111 0 0 0 0 0 0 0 0 0 0 
0.0635 -0.892566 -4.19257 -3.68369 -3.5845 -1.30743 2.11111e-22 1.7687e+14 0.000152184 0.000876296 8.01088e-23 2.48322e-08 135320 0 0 7.03026e-25 0 0 0.00336111 0 0 0 0 0 0 0 0 0 0 
0.064 -0.8858 -4.1858 -3.68369 -3.57774 -1.3142 1.62497e-22 1.76862e+14 0.000152188 0.000876307 8.01088e-23 2.48314e-08 135324 0 0 7.03026e-25 0 0 0.00336111 0 0 0 0 0 0 0 0 0 0 
0.0645 -0.879033 -4.17903 -3.68369 -3.57097 -1.32097 1.25077e-22 1.76854e+14 0.000152193 0.000876319 8.01088e-23 2.48305e-08 135329 0 0 7.03026e-25 0 0 0.00336111 0 0 0 0 0 0 0 0 0 0 
0.065 -0.872267 -4.17227 -3.68369 -3.5642 -1.32773 9.62726e-23 1.76845e+14 0.000152197 0.00087633 8.01088e-23 2.48297e-08 135334 0 0 7.03026e-25 0 0 0.00336111 0 0 0 0 0 0 0 0 0 0 
0.0655 -0.8655 -4.1655 -3.68369 -3.55743 -1.3345 7.41013e-23 1.76837e+14 0.000152202 0.000876341 8.01088e-23 2.48289e-08 135338 0 0 7.03026e-25 0 0 0.00336111 0 0 0 0 0 0 0 0 0 0 
0.066 -0.858733 -4.15873 -3.68369 -3.55066 -1.34127 5.70355e-23 1.76829e+14 0.000152206 0.000876353 8.01088e-23 2.4828e-08 135343 0 0 7.03025e-25 0 0 0.00336111 0 0 0 0 0 0 0 0 0 0 
0.0665 -0.851966 -4.15197 -3.68369 -3.54389 -1.34803 4.38996e-23 1.76821e+14 0.00015221 0.000876364 8.01088e-23 2.48272e-08 135347 0 0 7.03026e-25 0 0 0.00336111 0 0 0 0 0 0 0 0 0 0 
0.067 -0.845198 -4.1452 -3.68369 -3.53712 -1.3548 3.37887e-23 1.76812e+14 0.000152215 0.000876375 8.01088e-23 2.48264e-08 135352 0 0 7.03025e-25 0 0 0.00336111 0 0 0 0 0 0 0 0 0 0 
0.0675 -0.838431 -4.13843 -3.68369 -3.53035 -1.36157 2.60064e-23 1.76804e+14 0.000152219 0.000876387 8.01088e-23 2.48255e-08 135356 0 0 7.03025e-25 0 0 0.00336111 0 0 0 0 0 0 0 0 0 0 
0.068 -0.831663 -4.13166 -3.68369 -3.52358 -1.36834 2.00163e-23 1.76796e+14 0.000152224 0.000876398 8.01088e-23 2.48247e-08 135361 0 0 7.03026e-25 0 0 0.00336111 0 0 0 0 0 0 0 0 0 0 
0.0685 -0.824894 -4.12489 -3.68369 -3.51682 -1.37511 1.54058e-23 1.76788e+14 0.000152228 0.000876409 8.01088e-23 2.48238e-08 135366 0 0 7.03026e-25 0 0 0.00336111 0 0 0 0 0 0 0 0 0 0 
0.069 -0.818126 -4.11813 -3.68369 -3.51005 -1.38187 1.18571e-23 1.76779e+14 0.000152232 0.000876421 8.01088e-23 2.4823e-08 135370 0 0 7.03026e-25 0 0 0.00336111 0 0 0 0 0 0 0 0 0 0 
0.0695 -0.811357 -4.11136 -3.68369 -3.50327 -1.38864 9.12581e-24 1.76771e+14 0.000152237 0.000876432 8.01088e-23 2.48222e-08 135375 0 0 7.03025e-25 0 0 0.00336111 0 0 0 0 0 0 0 0 0 0 
0.07 -0.804589 -4.10459 -3.68369 -3.4965 -1.39541 7.0236e-24 1.76763e+14 0.000152241 0.000876443 8.01088e-23 2.48213e-08 135379 0 0 7.03025e-25 0 0 0.00336111 0 0 0 0 0 0 0 0 0 0 
0.0705 -0.79782 -4.09782 -3.68369 -3.48973 -1.40218 5.40561e-24 1.76755e+14 0.000152245 0.000876455 8.01088e-23 2.48205e-08 135384 0 0 7.03026e-25 0 0 0.00336111 0 0 0 0 0 0 0 0 0 0 
0.071 -0.79105 -4.09105 -3.68369 -3.48296 -1.40895 4.16031e-24 1.76746e+14 0.00015225 0.000876466 8.01088e-23 2.48197e-08 135388 0 0 7.03026e-25 0 0 0.00336111 0 0 0 0 0 0 0 0 0 0 
0.0715 -0.784281 -4.08428 -3.68369 -3.47619 -1.41572 3.20186e-24 1.76738e+14 0.000152254 0.000876477 8.01088e-23 2.48188e-08 135393 0 0 7.03026e-25 0 0 0.00336111 0 0 0 0 0 0 0 0 0 0 
0.072 -0.777511 -4.07751 -3.68369 -3.46942 -1.42249 2.4642e-24 1.7673e+14 0.000152259 0.000876489 8.01088e-23 2.4818e-08 135398 0 0 7.03026e-25 0 0 0.00336111 0 0 0 0 0 0 0 0 0 0 
0.0725 -0.770741 -4.07074 -3.68369 -3.46265 -1.42926 1.89646e-24 1.76722e+14 0.000152263 0.0008765 8.01088e-23 2.48171e-08 135402 0 0 7.03025e-25 0 0 0.00336111 0 0 0 0 0 0 0 0 0 0 
0.073 -0.763971 -4.06397 -3.68369 -3.45588 -1.43603 1.45952e-24 1.76713e+14 0.000152267 0.000876511 8.01088e-23 2.48163e-08 135407 0 0 7.03025e-25 0 0 0.00336111 0 0 0 0 0 0 0 0 0 0 
0.0735 -0.7572 -4.0572 -3.68369 -3.4491 -1.4428 1.12324e-24 1.76705e+14 0.000152272 0.000876523 8.01088e-23 2.48155e-08 135411 0 0 7.03025e-25 0 0 0.00336111 0 0 0 0 0 0 0 0 0 0 
0.074 -0.75043 -4.05043 -3.68369 -3.44233 -1.44957 8.64429e-25 1.76697e+14 0.000152276 0.000876534 8.01088e-23 2.48146e-08 135416 0 0 7.03026e-25 0 0 0.00336111 0 0 0 0 0 0 0 0 0 0 
0.0745 -0.743659 -4.04366 -3.68369 -3.43556 -1.45634 6.65248e-25 1.76689e+14 0.00015228 0.000876545 8.01088e-23 2.48138e-08 135420 0 0 7.03026e-25 0 0 0.00336111 0 0 0 0 0 0 0 0 0 0 
0.075 -0.736888 -4.03689 -3.68369 -3.42879 -1.46311 5.11957e-25 1.7668e+14 0.000152285 0.000876557 8.01088e-23 2.4813e-08 135425 0 0 7.03026e-25 0 0 0.00336111 0 0 0 0 0 0 0 0 0 0 
0.0755 -0.730116 -4.03012 -3.68369 -3.42201 -1.46988 3.93985e-25 1.76672e+14 0.000152289 0.000876568 8.01088e-23 2.48121e-08 135430 0 0 7.03026e-25 0 0 0.00336111 0 0 0 0 0 0 0 0 0 0 
0.076 -0.723345 -4.02334 -3.68369 -3.41524 -1.47666 3.03195e-25 1.76664e+14 0.000152294 0.000876579 8.01088e-23 2.48113e-08 135434 0 0 7.03026e-25 0 0 0.00336111 0 0 0 0 0 0 0 0 0 0 
0.0765 -0.716573 -4.01657 -3.68369 -3.40847 -1.48343 2.33325e-25 1.76656e+14 0.000152298 0.00087659 8.01088e-23 2.48105e-08 135439 0 0 7.03025e-25 0 0 0.00336111 0 0 0 0 0 0 0 0 0 0 
0.077 -0.709801 -4.0098 -3.68369 -3.40169 -1.4902 1.79554e-25 1.76647e+14 0.000152302 0.000876602 8.01088e-23 2.48096e-08 135443 0 0 7.03025e-25 0 0 0.00336111 0 0 0 0 0 0 0 0 0 0 
0.0775 -0.703028 -4.00303 -3.68369 -3.39492 -1.49697 1.38174e-25 1.76639e+14 0.000152307 0.000876613 8.01088e-23 2.48088e-08 135448 0 0 7.03026e-25 0 0 0.00336111 0 0 0 0 0 0 0 0 0 0 
0.078 -0.696256 -3.99626 -3.68369 -3.38815 -1.50374 1.06329e-25 1.76631e+14 0.000152311 0.000876624 8.01088e-23 2.4808e-08 135452 0 0 7.03026e-25 0 0 0.00336111 0 0 0 0 0 0 0 0 0 0 
0.0785 -0.689483 -3.98948 -3.68369 -3.38137 -1.51052 8.18232e-26 1.76623e+14 0.000152316 0.000876636 8.01088e-23 2.48071e-08 135457 0 0 7.03026e-25 0 0 0.00336111 0 0 0 0 0 0 0 0 0 0 
0.079 -0.68271 -3.98271 -3.68369 -3.3746 -1.51729 6.29645e-26 1.76615e+14 0.00015232 0.000876647 8.01088e-23 2.48063e-08 135462 0 0 7.03026e-25 0 0 0.00336111 0 0 0 0 0 0 0 0 0 0 
0.0795 -0.675937 -3.97594 -3.68369 -3.36782 -1.52406 4.8452e-26 1.76606e+14 0.000152324 0.000876658 8.01088e-23 2.48054e-08 135466 0 0 7.03025e-25 0 0 0.00336111 0 0 0 0 0 0 0 0 0 0 
0.08 -0.669164 -3.96916 -3.68369 -3.36105 -1.53084 3.7284e-26 1.76598e+14 0.000152329 0.00087667 8.01088e-23 2.48046e-08 135471 0 0 7.03026e-25 0 0 0.00336111 0 0 0 0 0 0 0 0 0 0 
0.0805 -0.66239 -3.96239 -3.68369 -3.35427 -1.53761 2.869e-26 1.7659e+14 0.000152333 0.000876681 8.01088e-23 2.48038e-08 135475 0 0 7.03026e-25 0 0 0.00336111 0 0 0 0 0 0 0 0 0 0 
0.081 -0.655616 -3.95562 -3.68369 -3.3475 -1.54438 2.20767e-26 1.76582e+14 0.000152337 0.000876692 8.01088e-23 2.48029e-08 135480 0 0 7.03026e-25 0 0 0.00336111 0 0 0 0 0 0 0 0 0 0 
0.0815 -0.648842 -3.94884 -3.68369 -3.34072 -1.55116 1.69877e-26 1.76573e+14 0.000152342 0.000876704 8.01088e-23 2.48021e-08 135484 0 0 7.03026e-25 0 0 0.00336111 0 0 0 0 0 0 0 0 0 0 
0.082 -0.642068 -3.94207 -3.68369 -3.33394 -1.55793 1.30717e-26 1.76565e+14 0.000152346 0.000876715 8.01088e-23 2.48013e-08 135489 0 0 7.03026e-25 0 0 0.00336111 0 0 0 0 0 0 0 0 0 0 
0.0825 -0.635293 -3.93529 -3.68369 -3.32717 -1.56471 1.00583e-26 1.76557e+14 0.000152351 0.000876726 8.01088e-23 2.48004e-08 135493 0 0 7.03026e-25 0 0 0.00336111 0 0 0 0 0 0 0 0 0 0 
0.083 -0.628518 -3.92852 -3.68369 -3.32039 -1.57148 7.7395e-27 1.76549e+14 0.000152355 0.000876738 8.01088e-23 2.47996e-08 135498 0 0 7.03025e-25 0 0 0.00336111 0 0 0 0 0 0 0 0 0 0 
0.0835 -0.621743 -3.92174 -3.68369 -3.31361 -1.57826 5.95522e-27 1.7654e+14 0.000152359 0.000876749 8.01088e-23 2.47988e-08 135503 0 0 7.03025e-25 0 0 0.00336111 0 0 0 0 0 0 0 0 0 0 
0.084 -0.614968 -3.91497 -3.68369 -3.30684 -1.58503 4.58225e-27 1.76532e+14 0.000152364 0.00087676 8.01088e-23 2.47979e-08 135507 0 0 7.03026e-25 0 0 0.00336111 0 0 0 0 0 0 0 0 0 0 
0.0845 -0.608193 -3.90819 -3.68369 -3.30006 -1.59181 3.52579e-27 1.76524e+14 0.000152368 0.000876772 8.01088e-23 2.47971e-08 135512 0 0 7.03026e-25 0 0 0.00336111 0 0 0 0 0 0 0 0 0 0 
0.085 -0.601417 -3.90142 -3.68369 -3.29328 -1.59858 2.71287e-27 1.76516e+14 0.000152372 0.000876783 8.01088e-23 2.47963e-08 135516 0 0 7.03026e-25 0 0 0.00336111 0 0 0 0 0 0 0 0 0 0 
0.0855 -0.594641 -3.89464 -3.68369 -3.28651 -1.60536 2.08737e-27 1.76508e+14 0.000152377 0.000876795 8.01088e-23 2.47954e-08 135521 0 0 7.03025e-25 0 0 0.00336111 0 0 0 0 0 0 0 0 0 0 
0.086 -0.587865 -3.88786 -3.68369 -3.27973 -1.61214 1.60607e-27 1.76499e+14 0.000152381 0.000876806 8.01088e-23 2.47946e-08 135525 0 0 7.03025e-25 0 0 0.00336111 0 0 0 0 0 0 0 0 0 0 
0.0865 -0.581088 -3.88109 -3.68369 -3.27295 -1.61891 1.23574e-27 1.76491e+14 0.000152386 0.000876817 8.01088e-23 2.47938e-08 135530 0 0 7.03026e-25 0 0 0.00336111 0 0 0 0 0 0 0 0 0 0 
0.087 -0.574312 -3.87431 -3.68369 -3.26617 -1.62569 9.5079e-28 1.76483e+14 0.00015239 0.000876829 8.01088e-23 2.47929e-08 135535 0 0 7.03026e-25 0 0 0.00336111 0 0 0 0 0 0 0 0 0 0 
0.0875 -0.567535 -3.86753 -3.68369 -3.25939 -1.63247 7.31541e-28 1.76475e+14 0.000152394 0.00087684 8.01088e-23 2.47921e-08 135539 0 0 7.03026e-25 0 0 0.00336111 0 0 0 0 0 0 0 0 0 0 
0.088 -0.560758 -3.86076 -3.68369 -3.25261 -1.63924 5.62845e-28 1.76467e+14 0.000152399 0.000876851 8.01088e-23 2.47913e-08 135544 0 0 7.03026e-25 0 0 0.00336111 0 0 0 0 0 0 0 0 0 0 
0.0885 -0.553981 -3.85398 -3.68369 -3.24584 -1.64602 4.33048e-28 1.76458e+14 0.000152403 0.000876863 8.01088e-23 2.47904e-08 135548 0 0 7.03025e-25 0 0 0.00336111 0 0 0 0 0 0 0 0 0 0 
0.089 -0.547203 -3.8472 -3.68369 -3.23906 -1.6528 3.33179e-28 1.7645e+14 0.000152408 0.000876874 8.01088e-23 2.47896e-08 135553 0 0 7.03026e-25 0 0 0.00336111 0 0 0 0 0 0 0 0 0 0 
0.0895 -0.540425 -3.84043 -3.68369 -3.23228 -1.65957 2.5634e-28 1.76442e+14 0.000152412 0.000876885 8.01088e-23 2.47888e-08 135557 0 0 7.03026e-25 0 0 0.00336111 0 0 0 0 0 0 0 0 0 0 
0.09 -0.533647 -3.83365 -3.68369 -3.2255 -1.66635 1.97221e-28 1.76434e+14 0.000152416 0.000876897 8.01088e-23 2.47879e-08 135562 0 0 7.03026e-25 0 0 0.00336111 0 0 0 0 0 0 0 0 0 0 
0.0905 -0.526869 -3.82687 -3.68369 -3.21872 -1.67313 1.51734e-28 1.76425e+14 0.000152421 0.000876908 8.01088e-23 2.47871e-08 135566 0 0 7.03026e-25 0 0 0.00336111 0 0 0 0 0 0 0 0 0 0 
0.091 -0.520091 -3.82009 -3.68369 -3.21194 -1.67991 1.16738e-28 1.76417e+14 0.000152425 0.000876919 8.01088e-23 2.47863e-08 135571 0 0 7.03026e-25 0 0 0.00336111 0 0 0 0 0 0 0 0 0 0 
0.0915 -0.513312 -3.81331 -3.68369 -3.20516 -1.68669 8.9812e-29 1.76409e+14 0.000152429 0.000876931 8.01088e-23 2.47854e-08 135576 0 0 7.03026e-25 0 0 0.00336111 0 0 0 0 0 0 0 0 0 0 
0.092 -0.506533 -3.80653 -3.68369 -3.19838 -1.69347 6.90962e-29 1.76401e+14 0.000152434 0.000876942 8.01088e-23 2.47846e-08 135580 0 0 7.03025e-25 0 0 0.00336111 0 0 0 0 0 0 0 0 0 0 
0.0925 -0.499754 -3.79975 -3.68369 -3.1916 -1.70025 5.31582e-29 1.76393e+14 0.000152438 0.000876953 8.01088e-23 2.47838e-08 135585 0 0 7.03025e-25 0 0 0.00336111 0 0 0 0 0 0 0 0 0 0 
0.093 -0.492975 -3.79297 -3.68369 -3.18482 -1.70703 4.08961e-29 1.76384e+14 0.000152443 0.000876965 8.01088e-23 2.47829e-08 135589 0 0 7.03026e-25 0 0 0.00336111 0 0 0 0 0 0 0 0 0 0 
0.0935 -0.486195 -3.7862 -3.68369 -3.17803 -1.7138 3.14623e-29 1.76376e+14 0.000152447 0.000876976 8.01088e-23 2.47821e-08 135594 0 0 7.03026e-25 0 0 0.00336111 0 0 0 0 0 0 0 0 0 0 
0.094 -0.479415 -3.77942 -3.68369 -3.17125 -1.72058 2.42044e-29 1.76368e+14 0.000152451 0.000876987 8.01088e-23 2.47813e-08 135598 0 0 7.03026e-25 0 0 0.00336111 0 0 0 0 0 0 0 0 0 0 
0.0945 -0.472635 -3.77264 -3.68369 -3.16447 -1.72736 1.86207e-29 1.7636e+14 0.000152456 0.000876999 8.01088e-23 2.47804e-08 135603 0 0 7.03025e-25 0 0 0.00336111 0 0 0 0 0 0 0 0 0 0 
0.095 -0.465855 -3.76585 -3.68369 -3.15769 -1.73415 1.43249e-29 1.76352e+14 0.00015246 0.00087701 8.01088e-23 2.47796e-08 135608 0 0 7.03025e-25 0 0 0.00336111 0 0 0 0 0 0 0 0 0 0 
0.0955 -0.459074 -3.75907 -3.68369 -3.15091 -1.74093 1.10201e-29 1.76343e+14 0.000152465 0.000877021 8.01088e-23 2.47788e-08 135612 0 0 7.03026e-25 0 0 0.00336111 0 0 0 0 0 0 0 0 0 0 
0.096 -0.452294 -3.75229 -3.68369 -3.14412 -1.74771 8.47762e-30 1.76335e+14 0.000152469 0.000877033 8.01088e-23 2.47779e-08 135617 0 0 7.03026e-25 0 0 0.00336111 0 0 0 0 0 0 0 0 0 0 
0.0965 -0.445513 -3.74551 -3.68369 -3.13734 -1.75449 6.52168e-30 1.76327e+14 0.000152473 0.000877044 8.01088e-23 2.47771e-08 135621 0 0 7.03026e-25 0 0 0.00336111 0 0 0 0 0 0 0 0 0 0 
0.097 -0.438732 -3.73873 -3.68369 -3.13056 -1.76127 5.01696e-30 1.76319e+14 0.000152478 0.000877055 8.01088e-23 2.47763e-08 135626 0 0 7.03026e-25 0 0 0.00336111 0 0 0 0 0 0 0 0 0 0 
0.0975 -0.43195 -3.73195 -3.68369 -3.12378 -1.76805 3.85939e-30 1.76311e+14 0.000152482 0.000877067 8.01088e-23 2.47754e-08 135630 0 0 7.03026e-25 0 0 0.00336111 0 0 0 0 0 0 0 0 0 0 
0.098 -0.425169 -3.72517 -3.68369 -3.11699 -1.77483 2.96888e-30 1.76302e+14 0.000152486 0.000877078 8.01088e-23 2.47746e-08 135635 0 0 7.03026e-25 0 0 0.00336111 0 0 0 0 0 0 0 0 0 0 
0.0985 -0.418387 -3.71839 -3.68369 -3.11021 -1.78161 2.28382e-30 1.76294e+14 0.000152491 0.000877089 8.01088e-23 2.47738e-08 135639 0 0 7.03026e-25 0 0 0.00336111 0 0 0 0 0 0 0 0 0 0 
0.099 -0.411605 -3.7116 -3.68369 -3.10343 -1.7884 1.75682e-30 1.76286e+14 0.000152495 0.000877101 8.01088e-23 2.47729e-08 135644 0 0 7.03026e-25 0 0 0.00336111 0 0 0 0 0 0 0 0 0 0 
0.0995 -0.404822 -3.70482 -3.68369 -3.09664 -1.79518 1.35142e-30 1.76278e+14 0.0001525 0.000877112 8.01088e-23 2.47721e-08 135649 0 0 7.03026e-25 0 0 0.00336111 0 0 0 0 0 0 0 0 0 0 
0.1 -0.39804 -3.69804 -3.68369 -3.08986 -1.80196 1.03956e-30 1.7627e+14 0.000152504 0.000877124 8.01088e-23 2.47713e-08 135653 0 0 7.03026e-25 0 0 0.00336111 0 0 0 0 0 0 0 0 0 0 
0.1005 -0.391257 -3.69126 -3.68369 -3.08307 -1.80874 7.99657e-31 1.76261e+14 0.000152508 0.000877135 8.01088e-23 2.47704e-08 135658 0 0 7.03025e-25 0 0 0.00336111 0 0 0 0 0 0 0 0 0 0 
0.101 -0.384474 -3.68447 -3.68369 -3.07629 -1.81553 6.15112e-31 1.76253e+14 0.000152513 0.000877146 8.01088e-23 2.47696e-08 135662 0 0 7.03025e-25 0 0 0.00336111 0 0 0 0 0 0 0 0 0 0 
0.1015 -0.377691 -3.67769 -3.68369 -3.0695 -1.82231 4.73153e-31 1.76245e+14 0.000152517 0.000877158 8.01088e-23 2.47688e-08 135667 0 0 7.03026e-25 0 0 0.00336111 0 0 0 0 0 0 0 0 0 0 
0.102 -0.370907 -3.67091 -3.68369 -3.06272 -1.82909 3.63952e-31 1.76237e+14 0.000152522 0.000877169 8.01088e-23 2.47679e-08 135671 0 0 7.03026e-25 0 0 0.00336111 0 0 0 0 0 0 0 0 0 0 
0.1025 -0.364124 -3.66412 -3.68369 -3.05593 -1.83588 2.79952e-31 1.76229e+14 0.000152526 0.00087718 8.01088e-23 2.47671e-08 135676 0 0 7.03025e-25 0 0 0.00336111 0 0 0 0 0 0 0 0 0 0 
0.103 -0.35734 -3.65734 -3.68369 -3.04915 -1.84266 2.15337e-31 1.7622e+14 0.00015253 0.000877192 8.01088e-23 2.47663e-08 135680 0 0 7.03025e-25 0 0 0.00336111 0 0 0 0 0 0 0 0 0 0 
0.1035 -0.350556 -3.65056 -3.68369 -3.04236 -1.84944 1.65635e-31 1.76212e+14 0.000152535 0.000877203 8.01088e-23 2.47655e-08 135685 0 0 7.03026e-25 0 0 0.00336111 0 0 0 0 0 0 0 0 0 0 
0.104 -0.343771 -3.64377 -3.68369 -3.03558 -1.85623 1.27403e-31 1.76204e+14 0.000152539 0.000877214 8.01088e-23 2.47646e-08 135690 0 0 7.03026e-25 0 0 0.00336111 0 0 0 0 0 0 0 0 0 0 
0.1045 -0.336987 -3.63699 -3.68369 -3.02879 -1.86301 9.79948e-32 1.76196e+14 0.000152543 0.000877226 8.01088e-23 2.47638e-08 135694 0 0 7.03025e-25 0 0 0.00336111 0 0 0 0 0 0 0 0 0 0 
0.105 -0.330202 -3.6302 -3.68369 -3.022 -1.8698 7.53743e-32 1.76188e+14 0.000152548 0.000877237 8.01088e-23 2.4763e-08 135699 0 0 7.03025e-25 0 0 0.00336111 0 0 0 0 0 0 0 0 0 0 
0.1055 -0.323417 -3.62342 -3.68369 -3.01522 -1.87658 5.79748e-32 1.76179e+14 0.000152552 0.000877248 8.01088e-23 2.47621e-08 135703 0 0 7.03026e-25 0 0 0.00336111 0 0 0 0 0 0 0 0 0 0 
0.106 -0.316632 -3.61663 -3.68369 -3.00843 -1.88337 4.45915e-32 1.76171e+14 0.000152557 0.00087726 8.01088e-23 2.47613e-08 135708 0 0 7.03026e-25 0 0 0.00336111 0 0 0 0 0 0 0 0 0 0 
0.1065 -0.309846 -3.60985 -3.68369 -3.00164 -1.89015 3.42974e-32 1.76163e+14 0.000152561 0.000877271 8.01088e-23 2.47605e-08 135712 0 0 7.03026e-25 0 0 0.00336111 0 0 0 0 0 0 0 0 0 0 
0.107 -0.30306 -3.60306 -3.68369 -2.99486 -1.89694 2.63794e-32 1.76155e+14 0.000152565 0.000877282 8.01088e-23 2.47596e-08 135717 0 0 7.03025e-25 0 0 0.00336111 0 0 0 0 0 0 0 0 0 0 
0.1075 -0.296274 -3.59627 -3.68369 -2.98807 -1.90373 2.02893e-32 1.76147e+14 0.00015257 0.000877294 8.01088e-23 2.47588e-08 135721 0 0 7.03025e-25 0 0 0.00336111 0 0 0 0 0 0 0 0 0 0 
0.108 -0.289488 -3.58949 -3.68369 -2.98128 -1.91051 1.5605e-32 1.76138e+14 0.000152574 0.000877305 8.01088e-23 2.4758e-08 135726 0 0 7.03026e-25 0 0 0.00336111 0 0 0 0 0 0 0 0 0 0 
0.1085 -0.282702 -3.5827 -3.68369 -2.97449 -1.9173 1.20021e-32 1.7613e+14 0.000152579 0.000877317 8.01088e-23 2.47572e-08 135731 0 0 7.03026e-25 0 0 0.00336111 0 0 0 0 0 0 0 0 0 0 
0.109 -0.275915 -3.57592 -3.68369 -2.9677 -1.92408 9.23096e-33 1.76122e+14 0.000152583 0.000877328 8.01088e-23 2.47563e-08 135735 0 0 7.03026e-25 0 0 0.00336111 0 0 0 0 0 0 0 0 0 0 
0.1095 -0.269128 -3.56913 -3.68369 -2.96091 -1.93087 7.09958e-33 1.76114e+14 0.000152587 0.000877339 8.01088e-23 2.47555e-08 135740 0 0 7.03026e-25 0 0 0.00336111 0 0 0 0 0 0 0 0 0 0 
0.11 -0.262341 -3.56234 -3.68369 -2.95413 -1.93766 5.46028e-33 1.76106e+14 0.000152592 0.000877351 8.01088e-23 2.47547e-08 135744 0 0 7.03026e-25 0 0 0.00336111 0 0 0 0 0 0 0 0 0 0 
0.1105 -0.255554 -3.55555 -3.68369 -2.94734 -1.94445 4.19945e-33 1.76098e+14 0.000152596 0.000877362 8.01088e-23 2.47538e-08 135749 0 0 7.03026e-25 0 0 0.00336111 0 0 0 0 0 0 0 0 0 0 
0.111 -0.248766 -3.54877 -3.68369 -2.94055 -1.95123 3.22974e-33 1.76089e+14 0.0001526 0.000877373 8.01088e-23 2.4753e-08 135753 0 0 7.03026e-25 0 0 0.00336111 0 0 0 0 0 0 0 0 0 0 
0.1115 -0.241978 -3.54198 -3.68369 -2.93376 -1.95802 2.48392e-33 1.76081e+14 0.000152605 0.000877385 8.01088e-23 2.47522e-08 135758 0 0 7.03025e-25 0 0 0.00336111 0 0 0 0 0 0 0 0 0 0 
0.112 -0.23519 -3.53519 -3.68369 -2.92697 -1.96481 1.91031e-33 1.76073e+14 0.000152609 0.000877396 8.01088e-23 2.47513e-08 135762 0 0 7.03026e-25 0 0 0.00336111 0 0 0 0 0 0 0 0 0 0 
0.1125 -0.228402 -3.5284 -3.68369 -2.92018 -1.9716 1.46915e-33 1.76065e+14 0.000152614 0.000877407 8.01088e-23 2.47505e-08 135767 0 0 7.03026e-25 0 0 0.00336111 0 0 0 0 0 0 0 0 0 0 
0.113 -0.221614 -3.52161 -3.68369 -2.91339 -1.97839 1.12986e-33 1.76057e+14 0.000152618 0.000877419 8.01088e-23 2.47497e-08 135771 0 0 7.03026e-25 0 0 0.00336111 0 0 0 0 0 0 0 0 0 0 
0.1135 -0.214825 -3.51483 -3.68369 -2.9066 -1.98517 8.68923e-34 1.76048e+14 0.000152622 0.00087743 8.01088e-23 2.47489e-08 135776 0 0 7.03025e-25 0 0 0.00336111 0 0 0 0 0 0 0 0 0 0 
0.114 -0.208036 -3.50804 -3.68369 -2.89981 -1.99196 6.6824e-34 1.7604e+14 0.000152627 0.000877442 8.01088e-23 2.4748e-08 135781 0 0 7.03025e-25 0 0 0.00336111 0 0 0 0 0 0 0 0 0 0 
0.1145 -0.201247 -3.50125 -3.68369 -2.89302 -1.99875 5.13902e-34 1.76032e+14 0.000152631 0.000877453 8.01088e-23 2.47472e-08 135785 0 0 7.03026e-25 0 0 0.00336111 0 0 0 0 0 0 0 0 0 0 
0.115 -0.194458 -3.49446 -3.68369 -2.88623 -2.00554 3.95206e-34 1.76024e+14 0.000152636 0.000877464 8.01088e-23 2.47464e-08 135790 0 0 7.03026e-25 0 0 0.00336111 0 0 0 0 0 0 0 0 0 0 
0.1155 -0.187668 -3.48767 -3.68369 -2.87944 -2.01233 3.03923e-34 1.76016e+14 0.00015264 0.000877476 8.01088e-23 2.47455e-08 135794 0 0 7.03026e-25 0 0 0.00336111 0 0 0 0 0 0 0 0 0 0 
0.116 -0.180878 -3.48088 -3.68369 -2.87264 -2.01912 2.33722e-34 1.76008e+14 0.000152644 0.000877487 8.01088e-23 2.47447e-08 135799 0 0 7.03026e-25 0 0 0.00336111 0 0 0 0 0 0 0 0 0 0 
0.1165 -0.174088 -3.47409 -3.68369 -2.86585 -2.02591 1.79735e-34 1.75999e+14 0.000152649 0.000877498 8.01088e-23 2.47439e-08 135803 0 0 7.03025e-25 0 0 0.00336111 0 0 0 0 0 0 0 0 0 0 
0.117 -0.167298 -3.4673 -3.68369 -2.85906 -2.0327 1.38217e-34 1.75991e+14 0.000152653 0.00087751 8.01088e-23 2.47431e-08 135808 0 0 7.03025e-25 0 0 0.00336111 0 0 0 0 0 0 0 0 0 0 
0.1175 -0.160507 -3.46051 -3.68369 -2.85227 -2.03949 1.06288e-34 1.75983e+14 0.000152657 0.000877521 8.01088e-23 2.47422e-08 135812 0 0 7.03026e-25 0 0 0.00336111 0 0 0 0 0 0 0 0 0 0 
0.118 -0.153717 -3.45372 -3.68369 -2.84548 -2.04628 8.17346e-35 1.75975e+14 0.000152662 0.000877532 8.01088e-23 2.47414e-08 135817 0 0 7.03025e-25 0 0 0.00336111 0 0 0 0 0 0 0 0 0 0 
0.1185 -0.146926 -3.44693 -3.68369 -2.83868 -2.05307 6.28525e-35 1.75967e+14 0.000152666 0.000877544 8.01088e-23 2.47406e-08 135822 0 0 7.03025e-25 0 0 0.00336111 0 0 0 0 0 0 0 0 0 0 
0.119 -0.140135 -3.44013 -3.68369 -2.83189 -2.05987 4.83321e-35 1.75959e+14 0.000152671 0.000877555 8.01088e-23 2.47397e-08 135826 0 0 7.03026e-25 0 0 0.00336111 0 0 0 0 0 0 0 0 0 0 
0.1195 -0.133343 -3.43334 -3.68369 -2.8251 -2.06666 3.7166e-35 1.7595e+14 0.000152675 0.000877567 8.01088e-23 2.47389e-08 135831 0 0 7.03026e-25 0 0 0.00336111 0 0 0 0 0 0 0 0 0 0 
0.12 -0.126551 -3.42655 -3.68369 -2.8183 -2.07345 2.85792e-35 1.75942e+14 0.000152679 0.000877578 8.01088e-23 2.47381e-08 135835 0 0 7.03026e-25 0 0 0.00336111 0 0 0 0 0 0 0 0 0 0 
0.1205 -0.11976 -3.41976 -3.68369 -2.81151 -2.08024 2.19762e-35 1.75934e+14 0.000152684 0.000877589 8.01088e-23 2.47373e-08 135840 0 0 7.03025e-25 0 0 0.00336111 0 0 0 0 0 0 0 0 0 0 
0.121 -0.112967 -3.41297 -3.68369 -2.80472 -2.08703 1.68986e-35 1.75926e+14 0.000152688 0.000877601 8.01088e-23 2.47364e-08 135844 0 0 7.03025e-25 0 0 0.00336111 0 0 0 0 0 0 0 0 0 0 
0.1215 -0.106175 -3.40618 -3.68369 -2.79792 -2.09382 1.2994e-35 1.75918e+14 0.000152693 0.000877612 8.01088e-23 2.47356e-08 135849 0 0 7.03026e-25 0 0 0.00336111 0 0 0 0 0 0 0 0 0 0 
0.122 -0.0993826 -3.39938 -3.68369 -2.79113 -2.10062 9.99159e-36 1.7591e+14 0.000152697 0.000877623 8.01088e-23 2.47348e-08 135853 0 0 7.03026e-25 0 0 0.00336111 0 0 0 0 0 0 0 0 0 0 
0.1225 -0.0925898 -3.39259 -3.68369 -2.78433 -2.10741 7.68283e-36 1.75901e+14 0.000152701 0.000877635 8.01088e-23 2.4734e-08 135858 0 0 7.03026e-25 0 0 0.00336111 0 0 0 0 0 0 0 0 0 0 
0.123 -0.0857968 -3.3858 -3.68369 -2.77754 -2.1142 5.9075e-36 1.75893e+14 0.000152706 0.000877646 8.01088e-23 2.47331e-08 135862 0 0 7.03026e-25 0 0 0.00336111 0 0 0 0 0 0 0 0 0 0 
0.1235 -0.0790036 -3.379 -3.68369 -2.77074 -2.121 4.54237e-36 1.75885e+14 0.00015271 0.000877658 8.01088e-23 2.47323e-08 135867 0 0 7.03025e-25 0 0 0.00336111 0 0 0 0 0 0 0 0 0 0 
0.124 -0.0722101 -3.37221 -3.68369 -2.76395 -2.12779 3.49267e-36 1.75877e+14 0.000152714 0.000877669 8.01088e-23 2.47315e-08 135872 0 0 7.03025e-25 0 0 0.00336111 0 0 0 0 0 0 0 0 0 0 
0.1245 -0.0654164 -3.36542 -3.68369 -2.75715 -2.13458 2.68552e-36 1.75869e+14 0.000152719 0.00087768 8.01088e-23 2.47306e-08 135876 0 0 7.03026e-25 0 0 0.00336111 0 0 0 0 0 0 0 0 0 0 
0.125 -0.0586225 -3.35862 -3.68369 -2.75036 -2.14138 2.06488e-36 1.75861e+14 0.000152723 0.000877692 8.01088e-23 2.47298e-08 135881 0 0 7.03026e-25 0 0 0.00336111 0 0 0 0 0 0 0 0 0 0 
0.1255 -0.0518283 -3.35183 -3.68369 -2.74356 -2.14817 1.58767e-36 1.75852e+14 0.000152728 0.000877703 8.01088e-23 2.4729e-08 135885 0 0 7.03026e-25 0 0 0.00336111 0 0 0 0 0 0 0 0 0 0 
0.126 -0.045034 -3.34503 -3.68369 -2.73677 -2.15497 1.22073e-36 1.75844e+14 0.000152732 0.000877714 8.01088e-23 2.47282e-08 135890 0 0 7.03026e-25 0 0 0.00336111 0 0 0 0 0 0 0 0 0 0 
0.1265 -0.0382394 -3.33824 -3.68369 -2.72997 -2.16176 9.38588e-37 1.75836e+14 0.000152736 0.000877726 8.01088e-23 2.47273e-08 135894 0 0 7.03026e-25 0 0 0.00336111 0 0 0 0 0 0 0 0 0 0 
0.127 -0.0314445 -3.33144 -3.68369 -2.72317 -2.16856 7.2165e-37 1.75828e+14 0.000152741 0.000877737 8.01088e-23 2.47265e-08 135899 0 0 7.03026e-25 0 0 0.00336111 0 0 0 0 0 0 0 0 0 0 
0.1275 -0.0246495 -3.32465 -3.68369 -2.71638 -2.17535 5.54849e-37 1.7582e+14 0.000152745 0.000877749 8.01088e-23 2.47257e-08 135903 0 0 7.03026e-25 0 0 0.00336111 0 0 0 0 0 0 0 0 0 0 
0.128 -0.0178542 -3.31785 -3.68369 -2.70958 -2.18215 4.26599e-37 1.75812e+14 0.00015275 0.00087776 8.01088e-23 2.47249e-08 135908 0 0 7.03026e-25 0 0 0.00336111 0 0 0 0 0 0 0 0 0 0 
0.1285 -0.0110587 -3.31106 -3.68369 -2.70278 -2.18894 3.2799e-37 1.75804e+14 0.000152754 0.000877771 8.01088e-23 2.4724e-08 135912 0 0 7.03026e-25 0 0 0.00336111 0 0 0 0 0 0 0 0 0 0 
0.129 -0.00426294 -3.30426 -3.68369 -2.69599 -2.19574 2.52172e-37 1.75795e+14 0.000152758 0.000877783 8.01088e-23 2.47232e-08 135917 0 0 7.03026e-25 0 0 0.00336111 0 0 0 0 0 0 0 0 0 0 
0.1295 0.00253302 -3.29747 -3.68369 -2.68919 -2.20253 1.93879e-37 1.75787e+14 0.000152763 0.000877794 8.01088e-23 2.47224e-08 135922 0 0 7.03026e-25 0 0 0.00336111 0 0 0 0 0 0 0 0 0 0 
0.13 0.00932921 -3.29067 -3.68369 -2.68239 -2.20933 1.49059e-37 1.75779e+14 0.000152767 0.000877805 8.01088e-23 2.47216e-08 135926 0 0 7.03026e-25 0 0 0.00336111 0 0 0 0 0 0 0 0 0 0 
0.1305 0.0161256 -3.28387 -3.68369 -2.67559 -2.21613 1.146e-37 1.75771e+14 0.000152771 0.000877817 8.01088e-23 2.47207e-08 135931 0 0 7.03026e-25 0 0 0.00336111 0 0 0 0 0 0 0 0 0 0 
0.131 0.0229223 -3.27708 -3.68369 -2.66879 -2.22292 8.8106e-38 1.75763e+14 0.000152776 0.000877828 8.01088e-23 2.47199e-08 135935 0 0 7.03025e-25 0 0 0.00336111 0 0 0 0 0 0 0 0 0 0 
0.1315 0.0297192 -3.27028 -3.68369 -2.662 -2.22972 6.77366e-38 1.75755e+14 0.00015278 0.00087784 8.01088e-23 2.47191e-08 135940 0 0 7.03026e-25 0 0 0.00336111 0 0 0 0 0 0 0 0 0 0 
0.132 0.0365163 -3.26348 -3.68369 -2.6552 -2.23652 5.2076e-38 1.75746e+14 0.000152785 0.000877851 8.01088e-23 2.47183e-08 135944 0 0 7.03026e-25 0 0 0.00336111 0 0 0 0 0 0 0 0 0 0 
0.1325 0.0433136 -3.25669 -3.68369 -2.6484 -2.24331 4.00357e-38 1.75738e+14 0.000152789 0.000877862 8.01088e-23 2.47174e-08 135949 0 0 7.03026e-25 0 0 0.00336111 0 0 0 0 0 0 0 0 0 0 
0.133 0.0501111 -3.24989 -3.68369 -2.6416 -2.25011 3.07789e-38 1.7573e+14 0.000152793 0.000877874 8.01088e-23 2.47166e-08 135953 0 0 7.03026e-25 0 0 0.00336111 0 0 0 0 0 0 0 0 0 0 
0.1335 0.0569089 -3.24309 -3.68369 -2.6348 -2.25691 2.36622e-38 1.75722e+14 0.000152798 0.000877885 8.01088e-23 2.47158e-08 135958 0 0 7.03026e-25 0 0 0.00336111 0 0 0 0 0 0 0 0 0 0 
0.134 0.0637069 -3.23629 -3.68369 -2.628 -2.26371 1.81909e-38 1.75714e+14 0.000152802 0.000877897 8.01088e-23 2.47149e-08 135962 0 0 7.03025e-25 0 0 0.00336111 0 0 0 0 0 0 0 0 0 0 
0.1345 0.0705052 -3.22949 -3.68369 -2.6212 -2.27051 1.39846e-38 1.75706e+14 0.000152807 0.000877908 8.01088e-23 2.47141e-08 135967 0 0 7.03026e-25 0 0 0.00336111 0 0 0 0 0 0 0 0 0 0 
0.135 0.0773036 -3.2227 -3.68369 -2.6144 -2.2773 1.07508e-38 1.75698e+14 0.000152811 0.000877919 8.01088e-23 2.47133e-08 135972 0 0 7.03026e-25 0 0 0.00336111 0 0 0 0 0 0 0 0 0 0 
0.1355 0.0841023 -3.2159 -3.68369 -2.6076 -2.2841 8.26471e-39 1.75689e+14 0.000152815 0.000877931 8.01088e-23 2.47125e-08 135976 0 0 7.03026e-25 0 0 0.00336111 0 0 0 0 0 0 0 0 0 0 
0.136 0.0909012 -3.2091 -3.68369 -2.6008 -2.2909 6.35347e-39 1.75681e+14 0.00015282 0.000877942 8.01088e-23 2.47116e-08 135981 0 0 7.03026e-25 0 0 0.00336111 0 0 0 0 0 0 0 0 0 0 
0.1365 0.0977004 -3.2023 -3.68369 -2.594 -2.2977 4.88417e-39 1.75673e+14 0.000152824 0.000877953 8.01088e-23 2.47108e-08 135985 0 0 7.03026e-25 0 0 0.00336111 0 0 0 0 0 0 0 0 0 0 
0.137 0.1045 -3.1955 -3.68369 -2.5872 -2.3045 3.75462e-39 1.75665e+14 0.000152828 0.000877965 8.01088e-23 2.471e-08 135990 0 0 7.03025e-25 0 0 0.00336111 0 0 0 0 0 0 0 0 0 0 
0.1375 0.111299 -3.1887 -3.68369 -2.5804 -2.3113 2.88628e-39 1.75657e+14 0.000152833 0.000877976 8.01088e-23 2.47092e-08 135994 0 0 7.03025e-25 0 0 0.00336111 0 0 0 0 0 0 0 0 0 0 
0.138 0.118099 -3.1819 -3.68369 -2.57359 -2.3181 2.21874e-39 1.75649e+14 0.000152837 0.000877988 8.01088e-23 2.47084e-08 135999 0 0 7.03026e-25 0 0 0.00336111 0 0 0 0 0 0 0 0 0 0 
0.1385 0.124899 -3.1751 -3.68369 -2.56679 -2.3249 1.70557e-39 1.75641e+14 0.000152842 0.000877999 8.01088e-23 2.47075e-08 136003 0 0 7.03026e-25 0 0 0.00336111 0 0 0 0 0 0 0 0 0 0 
0.139 0.1317 -3.1683 -3.68369 -2.55999 -2.3317 1.31108e-39 1.75632e+14 0.000152846 0.00087801 8.01088e-23 2.47067e-08 136008 0 0 7.03025e-25 0 0 0.00336111 0 0 0 0 0 0 0 0 0 0 
0.1395 0.1385 -3.1615 -3.68369 -2.55319 -2.3385 1.00783e-39 1.75624e+14 0.00015285 0.000878022 8.01088e-23 2.47059e-08 136012 0 0 7.03026e-25 0 0 0.00336111 0 0 0 0 0 0 0 0 0 0 
0.14 0.145301 -3.1547 -3.68369 -2.54639 -2.3453 7.74712e-40 1.75616e+14 0.000152855 0.000878033 8.01088e-23 2.47051e-08 136017 0 0 7.03026e-25 0 0 0.00336111 0 0 0 0 0 0 0 0 0 0 
0.1405 0.152102 -3.1479 -3.68369 -2.53958 -2.3521 5.9551e-40 1.75608e+14 0.000152859 0.000878045 8.01088e-23 2.47042e-08 136021 0 0 7.03025e-25 0 0 0.00336111 0 0 0 0 0 0 0 0 0 0 
0.141 0.158903 -3.1411 -3.68369 -2.53278 -2.3589 4.57756e-40 1.756e+14 0.000152864 0.000878056 8.01088e-23 2.47034e-08 136026 0 0 7.03025e-25 0 0 0.00336111 0 0 0 0 0 0 0 0 0 0 
0.1415 0.165704 -3.1343 -3.68369 -2.52598 -2.3657 3.51865e-40 1.75592e+14 0.000152868 0.000878067 8.01088e-23 2.47026e-08 136031 0 0 7.03026e-25 0 0 0.00336111 0 0 0 0 0 0 0 0 0 0 
0.142 0.172506 -3.12749 -3.68369 -2.51917 -2.37251 2.70466e-40 1.75584e+14 0.000152872 0.000878079 8.01088e-23 2.47018e-08 136035 0 0 7.03026e-25 0 0 0.00336111 0 0 0 0 0 0 0 0 0 0 
0.1425 0.179308 -3.12069 -3.68369 -2.51237 -2.37931 2.07897e-40 1.75576e+14 0.000152877 0.00087809 8.01088e-23 2.47009e-08 136040 0 0 7.03026e-25 0 0 0.00336111 0 0 0 0 0 0 0 0 0 0 
0.143 0.18611 -3.11389 -3.68369 -2.50557 -2.38611 1.598e-40 1.75567e+14 0.000152881 0.000878102 8.01088e-23 2.47001e-08 136044 0 0 7.03026e-25 0 0 0.00336111 0 0 0 0 0 0 0 0 0 0 
0.1435 0.192912 -3.10709 -3.68369 -2.49876 -2.39291 1.2283e-40 1.75559e+14 0.000152886 0.000878113 8.01088e-23 2.46993e-08 136049 0 0 7.03026e-25 0 0 0.00336111 0 0 0 0 0 0 0 0 0 0 
0.144 0.199715 -3.10029 -3.68369 -2.49196 -2.39971 9.44117e-41 1.75551e+14 0.00015289 0.000878124 8.01088e-23 2.46985e-08 136053 0 0 7.03025e-25 0 0 0.00336111 0 0 0 0 0 0 0 0 0 0 
0.1445 0.206518 -3.09348 -3.68369 -2.48516 -2.40652 7.25678e-41 1.75543e+14 0.000152894 0.000878136 8.01088e-23 2.46976e-08 136058 0 0 7.03025e-25 0 0 0.00336111 0 0 0 0 0 0 0 0 0 0 
0.145 0.213321 -3.08668 -3.68369 -2.47835 -2.41332 5.57775e-41 1.75535e+14 0.000152899 0.000878147 8.01088e-23 2.46968e-08 136062 0 0 7.03026e-25 0 0 0.00336111 0 0 0 0 0 0 0 0 0 0 
0.1455 0.220124 -3.07988 -3.68369 -2.47155 -2.42012 4.28716e-41 1.75527e+14 0.000152903 0.000878159 8.01088e-23 2.4696e-08 136067 0 0 7.03026e-25 0 0 0.00336111 0 0 0 0 0 0 0 0 0 0 
0.146 0.226927 -3.07307 -3.68369 -2.46474 -2.42693 3.29516e-41 1.75519e+14 0.000152907 0.00087817 8.01088e-23 2.46952e-08 136071 0 0 7.03026e-25 0 0 0.00336111 0 0 0 0 0 0 0 0 0 0 
0.1465 0.233731 -3.06627 -3.68369 -2.45794 -2.43373 2.53268e-41 1.7551e+14 0.000152912 0.000878181 8.01088e-23 2.46944e-08 136076 0 0 7.03026e-25 0 0 0.00336111 0 0 0 0 0 0 0 0 0 0 
0.147 0.240535 -3.05947 -3.68369 -2.45113 -2.44053 1.94661e-41 1.75502e+14 0.000152916 0.000878193 8.01088e-23 2.46935e-08 136080 0 0 7.03026e-25 0 0 0.00336111 0 0 0 0 0 0 0 0 0 0 
0.1475 0.247339 -3.05266 -3.68369 -2.44432 -2.44734 1.49615e-41 1.75494e+14 0.000152921 0.000878204 8.01088e-23 2.46927e-08 136085 0 0 7.03026e-25 0 0 0.00336111 0 0 0 0 0 0 0 0 0 0 
0.148 0.254143 -3.04586 -3.68369 -2.43752 -2.45414 1.14992e-41 1.75486e+14 0.000152925 0.000878216 8.01088e-23 2.46919e-08 136090 0 0 7.03025e-25 0 0 0.00336111 0 0 0 0 0 0 0 0 0 0 
0.1485 0.260948 -3.03905 -3.68369 -2.43071 -2.46095 8.83802e-42 1.75478e+14 0.000152929 0.000878227 8.01088e-23 2.46911e-08 136094 0 0 7.03026e-25 0 0 0.00336111 0 0 0 0 0 0 0 0 0 0 
0.149 0.267753 -3.03225 -3.68369 -2.42391 -2.46775 6.79265e-42 1.7547e+14 0.000152934 0.000878238 8.01088e-23 2.46902e-08 136099 0 0 7.03026e-25 0 0 0.00336111 0 0 0 0 0 0 0 0 0 0 
0.1495 0.274558 -3.02544 -3.68369 -2.4171 -2.47456 5.22059e-42 1.75462e+14 0.000152938 0.00087825 8.01088e-23 2.46894e-08 136103 0 0 7.03026e-25 0 0 0.00336111 0 0 0 0 0 0 0 0 0 0 
0.15 0.281363 -3.01864 -3.68369 -2.41029 -2.48136 4.01233e-42 1.75454e+14 0.000152943 0.000878261 8.01088e-23 2.46886e-08 136108 0 0 7.03026e-25 0 0 0.00336111 0 0 0 0 0 0 0 0 0 0 
0.1505 0.288169 -3.01183 -3.68369 -2.40348 -2.48817 3.08368e-42 1.75446e+14 0.000152947 0.000878273 8.01088e-23 2.46878e-08 136112 0 0 7.03026e-25 0 0 0.00336111 0 0 0 0 0 0 0 0 0 0 
0.151 0.294974 -3.00503 -3.68369 -2.39668 -2.49497 2.36994e-42 1.75437e+14 0.000152951 0.000878284 8.01088e-23 2.46869e-08 136117 0 0 7.03025e-25 0 0 0.00336111 0 0 0 0 0 0 0 0 0 0 
0.1515 0.30178 -2.99822 -3.68369 -2.38987 -2.50178 1.82139e-42 1.75429e+14 0.000152956 0.000878295 8.01088e-23 2.46861e-08 136121 0 0 7.03025e-25 0 0 0.00336111 0 0 0 0 0 0 0 0 0 0 
0.152 0.308586 -2.99141 -3.68369 -2.38306 -2.50859 1.3998e-42 1.75421e+14 0.00015296 0.000878307 8.01088e-23 2.46853e-08 136126 0 0 7.03026e-25 0 0 0.00336111 0 0 0 0 0 0 0 0 0 0 
0.1525 0.315393 -2.98461 -3.68369 -2.37625 -2.51539 1.07578e-42 1.75413e+14 0.000152964 0.000878318 8.01088e-23 2.46845e-08 136130 0 0 7.03025e-25 0 0 0.00336111 0 0 0 0 0 0 0 0 0 0 
0.153 0.322199 -2.9778 -3.68369 -2.36945 -2.5222 8.26753e-43 1.75405e+14 0.000152969 0.00087833 8.01088e-23 2.46837e-08 136135 0 0 7.03026e-25 0 0 0.00336111 0 0 0 0 0 0 0 0 0 0 
0.1535 0.329006 -2.97099 -3.68369 -2.36264 -2.52901 6.35369e-43 1.75397e+14 0.000152973 0.000878341 8.01088e-23 2.46828e-08 136139 0 0 7.03026e-25 0 0 0.00336111 0 0 0 0 0 0 0 0 0 0 
0.154 0.335813 -2.96419 -3.68369 -2.35583 -2.53581 4.88284e-43 1.75389e+14 0.000152978 0.000878352 8.01088e-23 2.4682e-08 136144 0 0 7.03026e-25 0 0 0.00336111 0 0 0 0 0 0 0 0 0 0 
0.1545 0.342621 -2.95738 -3.68369 -2.34902 -2.54262 3.75245e-43 1.75381e+14 0.000152982 0.000878364 8.01088e-23 2.46812e-08 136149 0 0 7.03025e-25 0 0 0.00336111 0 0 0 0 0 0 0 0 0 0 
0.155 0.349428 -2.95057 -3.68369 -2.34221 -2.54943 2.88372e-43 1.75372e+14 0.000152986 0.000878375 8.01088e-23 2.46804e-08 136153 0 0 7.03025e-25 0 0 0.00336111 0 0 0 0 0 0 0 0 0 0 
0.1555 0.356236 -2.94376 -3.68369 -2.3354 -2.55624 2.21609e-43 1.75364e+14 0.000152991 0.000878387 8.01088e-23 2.46796e-08 136158 0 0 7.03026e-25 0 0 0.00336111 0 0 0 0 0 0 0 0 0 0 
0.156 0.363044 -2.93696 -3.68369 -2.32859 -2.56304 1.70302e-43 1.75356e+14 0.000152995 0.000878398 8.01088e-23 2.46787e-08 136162 0 0 7.03026e-25 0 0 0.00336111 0 0 0 0 0 0 0 0 0 0 
0.1565 0.369852 -2.93015 -3.68369 -2.32178 -2.56985 1.30872e-43 1.75348e+14 0.000153 0.000878409 8.01088e-23 2.46779e-08 136167 0 0 7.03026e-25 0 0 0.00336111 0 0 0 0 0 0 0 0 0 0 
0.157 0.376661 -2.92334 -3.68369 -2.31497 -2.57666 1.0057e-43 1.7534e+14 0.000153004 0.000878421 8.01088e-23 2.46771e-08 136171 0 0 7.03026e-25 0 0 0.00336111 0 0 0 0 0 0 0 0 0 0 
0.1575 0.383469 -2.91653 -3.68369 -2.30816 -2.58347 7.72838e-44 1.75332e+14 0.000153008 0.000878432 8.01088e-23 2.46763e-08 136176 0 0 7.03026e-25 0 0 0.00336111 0 0 0 0 0 0 0 0 0 0 
0.158 0.390278 -2.90972 -3.68369 -2.30135 -2.59028 5.93887e-44 1.75324e+14 0.000153013 0.000878444 8.01088e-23 2.46755e-08 136180 0 0 7.03026e-25 0 0 0.00336111 0 0 0 0 0 0 0 0 0 0 
0.1585 0.397087 -2.90291 -3.68369 -2.29454 -2.59709 4.56369e-44 1.75316e+14 0.000153017 0.000878455 8.01088e-23 2.46746e-08 136185 0 0 7.03026e-25 0 0 0.00336111 0 0 0 0 0 0 0 0 0 0 
0.159 0.403897 -2.8961 -3.68369 -2.28773 -2.6039 3.5069e-44 1.75308e+14 0.000153022 0.000878466 8.01088e-23 2.46738e-08 136189 0 0 7.03026e-25 0 0 0.00336111 0 0 0 0 0 0 0 0 0 0 
0.1595 0.410706 -2.88929 -3.68369 -2.28092 -2.61071 2.69481e-44 1.75299e+14 0.000153026 0.000878478 8.01088e-23 2.4673e-08 136194 0 0 7.03026e-25 0 0 0.00336111 0 0 0 0 0 0 0 0 0 0 
0.16 0.417516 -2.88248 -3.68369 -2.27411 -2.61752 2.07075e-44 1.75291e+14 0.00015303 0.000878489 8.01088e-23 2.46722e-08 136198 0 0 7.03026e-25 0 0 0.00336111 0 0 0 0 0 0 0 0 0 0 
0.1605 0.424326 -2.87567 -3.68369 -2.26729 -2.62433 1.5912e-44 1.75283e+14 0.000153035 0.000878501 8.01088e-23 2.46713e-08 136203 0 0 7.03026e-25 0 0 0.00336111 0 0 0 0 0 0 0 0 0 0 
0.161 0.431136 -2.86886 -3.68369 -2.26048 -2.63114 1.22269e-44 1.75275e+14 0.000153039 0.000878512 8.01088e-23 2.46705e-08 136207 0 0 7.03026e-25 0 0 0.00336111 0 0 0 0 0 0 0 0 0 0 
0.1615 0.437947 -2.86205 -3.68369 -2.25367 -2.63795 9.39522e-45 1.75267e+14 0.000153043 0.000878523 8.01088e-23 2.46697e-08 136212 0 0 7.03026e-25 0 0 0.00336111 0 0 0 0 0 0 0 0 0 0 
0.162 0.444758 -2.85524 -3.68369 -2.24686 -2.64476 7.21925e-45 1.75259e+14 0.000153048 0.000878535 8.01088e-23 2.46689e-08 136216 0 0 7.03025e-25 0 0 0.00336111 0 0 0 0 0 0 0 0 0 0 
0.1625 0.451569 -2.84843 -3.68369 -2.24005 -2.65157 5.5472e-45 1.75251e+14 0.000153052 0.000878546 8.01088e-23 2.46681e-08 136221 0 0 7.03025e-25 0 0 0.00336111 0 0 0 0 0 0 0 0 0 0 
0.163 0.45838 -2.84162 -3.68369 -2.23323 -2.65838 4.26237e-45 1.75243e+14 0.000153057 0.000878558 8.01088e-23 2.46672e-08 136226 0 0 7.03026e-25 0 0 0.00336111 0 0 0 0 0 0 0 0 0 0 
0.1635 0.465191 -2.83481 -3.68369 -2.22642 -2.66519 3.2751e-45 1.75235e+14 0.000153061 0.000878569 8.01088e-23 2.46664e-08 136230 0 0 7.03026e-25 0 0 0.00336111 0 0 0 0 0 0 0 0 0 0 
0.164 0.472003 -2.828 -3.68369 -2.21961 -2.672 2.51649e-45 1.75227e+14 0.000153065 0.000878581 8.01088e-23 2.46656e-08 136235 0 0 7.03026e-25 0 0 0.00336111 0 0 0 0 0 0 0 0 0 0 
0.1645 0.478815 -2.82119 -3.68369 -2.21279 -2.67881 1.93358e-45 1.75218e+14 0.00015307 0.000878592 8.01088e-23 2.46648e-08 136239 0 0 7.03026e-25 0 0 0.00336111 0 0 0 0 0 0 0 0 0 0 
0.165 0.485627 -2.81437 -3.68369 -2.20598 -2.68563 1.48567e-45 1.7521e+14 0.000153074 0.000878603 8.01088e-23 2.4664e-08 136244 0 0 7.03026e-25 0 0 0.00336111 0 0 0 0 0 0 0 0 0 0 
0.1655 0.492439 -2.80756 -3.68369 -2.19917 -2.69244 1.14152e-45 1.75202e+14 0.000153079 0.000878615 8.01088e-23 2.46632e-08 136248 0 0 7.03026e-25 0 0 0.00336111 0 0 0 0 0 0 0 0 0 0 
0.166 0.499251 -2.80075 -3.68369 -2.19235 -2.69925 8.77076e-46 1.75194e+14 0.000153083 0.000878626 8.01088e-23 2.46623e-08 136253 0 0 7.03026e-25 0 0 0.00336111 0 0 0 0 0 0 0 0 0 0 
0.1665 0.506064 -2.79394 -3.68369 -2.18554 -2.70606 6.73889e-46 1.75186e+14 0.000153087 0.000878638 8.01088e-23 2.46615e-08 136257 0 0 7.03025e-25 0 0 0.00336111 0 0 0 0 0 0 0 0 0 0 
0.167 0.512877 -2.78712 -3.68369 -2.17872 -2.71288 5.17768e-46 1.75178e+14 0.000153092 0.000878649 8.01088e-23 2.46607e-08 136262 0 0 7.03026e-25 0 0 0.00336111 0 0 0 0 0 0 0 0 0 0 
0.1675 0.51969 -2.78031 -3.68369 -2.17191 -2.71969 3.97813e-46 1.7517e+14 0.000153096 0.00087866 8.01088e-23 2.46599e-08 136266 0 0 7.03026e-25 0 0 0.00336111 0 0 0 0 0 0 0 0 0 0 
0.168 0.526504 -2.7735 -3.68369 -2.16509 -2.7265 3.05646e-46 1.75162e+14 0.000153101 0.000878672 8.01088e-23 2.46591e-08 136271 0 0 7.03026e-25 0 0 0.00336111 0 0 0 0 0 0 0 0 0 0 
0.1685 0.533317 -2.76668 -3.68369 -2.15828 -2.73332 2.3483e-46 1.75154e+14 0.000153105 0.000878683 8.01088e-23 2.46582e-08 136275 0 0 7.03026e-25 0 0 0.00336111 0 0 0 0 0 0 0 0 0 0 
0.169 0.540131 -2.75987 -3.68369 -2.15146 -2.74013 1.80421e-46 1.75146e+14 0.000153109 0.000878695 8.01088e-23 2.46574e-08 136280 0 0 7.03026e-25 0 0 0.00336111 0 0 0 0 0 0 0 0 0 0 
0.1695 0.546945 -2.75305 -3.68369 -2.14465 -2.74695 1.38616e-46 1.75137e+14 0.000153114 0.000878706 8.01088e-23 2.46566e-08 136284 0 0 7.03026e-25 0 0 0.00336111 0 0 0 0 0 0 0 0 0 0 
0.17 0.55376 -2.74624 -3.68369 -2.13783 -2.75376 1.06497e-46 1.75129e+14 0.000153118 0.000878717 8.01088e-23 2.46558e-08 136289 0 0 7.03026e-25 0 0 0.00336111 0 0 0 0 0 0 0 0 0 0 
0.1705 0.560574 -2.73943 -3.68369 -2.13101 -2.76057 8.18199e-47 1.75121e+14 0.000153122 0.000878729 8.01088e-23 2.46549e-08 136293 0 0 7.03025e-25 0 0 0.00336111 0 0 0 0 0 0 0 0 0 0 
0.171 0.567389 -2.73261 -3.68369 -2.1242 -2.76739 6.28602e-47 1.75113e+14 0.000153127 0.00087874 8.01088e-23 2.46541e-08 136298 0 0 7.03025e-25 0 0 0.00336111 0 0 0 0 0 0 0 0 0 0 
0.1715 0.574204 -2.7258 -3.68369 -2.11738 -2.7742 4.82935e-47 1.75105e+14 0.000153131 0.000878752 8.01088e-23 2.46533e-08 136303 0 0 7.03026e-25 0 0 0.00336111 0 0 0 0 0 0 0 0 0 0 
0.172 0.581019 -2.71898 -3.68369 -2.11056 -2.78102 3.7102e-47 1.75097e+14 0.000153136 0.000878763 8.01088e-23 2.46525e-08 136307 0 0 7.03026e-25 0 0 0.00336111 0 0 0 0 0 0 0 0 0 0 
0.1725 0.587835 -2.71217 -3.68369 -2.10375 -2.78783 2.85038e-47 1.75089e+14 0.00015314 0.000878774 8.01088e-23 2.46516e-08 136312 0 0 7.03026e-25 0 0 0.00336111 0 0 0 0 0 0 0 0 0 0 
0.173 0.594651 -2.70535 -3.68369 -2.09693 -2.79465 2.1898e-47 1.75081e+14 0.000153144 0.000878786 8.01088e-23 2.46508e-08 136316 0 0 7.03026e-25 0 0 0.00336111 0 0 0 0 0 0 0 0 0 0 
0.1735 0.601466 -2.69853 -3.68369 -2.09011 -2.80147 1.6823e-47 1.75072e+14 0.000153149 0.000878797 8.01088e-23 2.465e-08 136321 0 0 7.03026e-25 0 0 0.00336111 0 0 0 0 0 0 0 0 0 0 
0.174 0.608283 -2.69172 -3.68369 -2.08329 -2.80828 1.2924e-47 1.75064e+14 0.000153153 0.000878808 8.01088e-23 2.46491e-08 136325 0 0 7.03026e-25 0 0 0.00336111 0 0 0 0 0 0 0 0 0 0 
0.1745 0.615099 -2.6849 -3.68369 -2.07648 -2.8151 9.92857e-48 1.75056e+14 0.000153158 0.000878819 8.01088e-23 2.46483e-08 136330 0 0 7.03026e-25 0 0 0.00336111 0 0 0 0 0 0 0 0 0 0 
0.175 0.621916 -2.67808 -3.68369 -2.06966 -2.82192 7.62734e-48 1.75048e+14 0.000153162 0.00087883 8.01088e-23 2.46474e-08 136334 0 0 7.03026e-25 0 0 0.00336111 0 0 0 0 0 0 0 0 0 0 
0.1755 0.628732 -2.67127 -3.68369 -2.06284 -2.82873 5.85943e-48 1.75039e+14 0.000153166 0.000878841 8.01088e-23 2.46466e-08 136339 0 0 7.03026e-25 0 0 0.00336111 0 0 0 0 0 0 0 0 0 0 
0.176 0.635549 -2.66445 -3.68369 -2.05602 -2.83555 4.50126e-48 1.75031e+14 0.000153171 0.000878852 8.01088e-23 2.46457e-08 136343 0 0 7.03026e-25 0 0 0.00336111 0 0 0 0 0 0 0 0 0 0 
0.1765 0.642367 -2.65763 -3.68369 -2.0492 -2.84237 3.45787e-48 1.75022e+14 0.000153175 0.000878863 8.01088e-23 2.46448e-08 136348 0 0 7.03026e-25 0 0 0.00336111 0 0 0 0 0 0 0 0 0 0 
0.177 0.649184 -2.65082 -3.68369 -2.04238 -2.84918 2.65632e-48 1.75014e+14 0.00015318 0.000878873 8.01088e-23 2.46439e-08 136352 0 0 7.03026e-25 0 0 0.00336111 0 0 0 0 0 0 0 0 0 0 
0.1775 0.656002 -2.644 -3.68369 -2.03556 -2.856 2.04055e-48 1.75005e+14 0.000153184 0.000878883 8.01088e-23 2.46429e-08 136357 0 0 7.03026e-25 0 0 0.00336111 0 0 0 0 0 0 0 0 0 0 
0.178 0.66282 -2.63718 -3.68369 -2.02874 -2.86282 1.56751e-48 1.74996e+14 0.000153188 0.000878893 8.01088e-23 2.46419e-08 136361 0 0 7.03026e-25 0 0 0.00336111 0 0 0 0 0 0 0 0 0 0 
0.1785 0.669638 -2.63036 -3.68369 -2.02192 -2.86964 1.20412e-48 1.74986e+14 0.000153193 0.000878902 8.01088e-23 2.46408e-08 136366 0 0 7.03026e-25 0 0 0.00336111 0 0 0 0 0 0 0 0 0 0 
0.179 0.676457 -2.62354 -3.68369 -2.0151 -2.87646 9.24968e-49 1.74977e+14 0.000153197 0.000878911 8.01088e-23 2.46397e-08 136370 0 0 7.03026e-25 0 0 0.00336111 0 0 0 0 0 0 0 0 0 0 
0.1795 0.683275 -2.61672 -3.68369 -2.00828 -2.88328 7.10524e-49 1.74966e+14 0.000153202 0.000878919 8.01088e-23 2.46385e-08 136375 0 0 7.03026e-25 0 0 0.00336111 0 0 0 0 0 0 0 0 0 0 
0.18 0.690094 -2.60991 -3.68369 -2.00146 -2.89009 5.45792e-49 1.74956e+14 0.000153206 0.000878925 8.01088e-23 2.46371e-08 136379 0 0 7.03026e-25 0 0 0.00336111 0 0 0 0 0 0 0 0 0 0 
0.1805 0.696913 -2.60309 -3.68369 -1.99464 -2.89691 4.19249e-49 1.74944e+14 0.00015321 0.00087893 8.01088e-23 2.46356e-08 136384 0 0 7.03026e-25 0 0 0.00336111 0 0 0 0 0 0 0 0 0 0 
0.181 0.703732 -2.59627 -3.68369 -1.98782 -2.90373 3.22042e-49 1.74931e+14 0.000153215 0.000878934 8.01088e-23 2.46339e-08 136388 0 0 7.03026e-25 0 0 0.00336111 0 0 0 0 0 0 0 0 0 0 
0.1815 0.710552 -2.58945 -3.68369 -1.981 -2.91055 2.47371e-49 1.74917e+14 0.000153219 0.000878935 8.01088e-23 2.46319e-08 136393 0 0 7.03026e-25 0 0 0.00336111 0 0 0 0 0 0 0 0 0 0 
0.182 0.717372 -2.58263 -3.68369 -1.97417 -2.91737 1.90013e-49 1.74901e+14 0.000153223 0.000878932 8.01088e-23 2.46296e-08 136398 0 0 7.03025e-25 0 0 0.00336111 0 0 0 0 0 0 0 0 0 0 
0.1825 0.724192 -2.57581 -3.68369 -1.96735 -2.92419 1.45953e-49 1.74882e+14 0.000153228 0.000878926 8.01088e-23 2.46268e-08 136402 0 0 7.03025e-25 0 0 0.00336111 0 0 0 0 0 0 0 0 0 0 
0.183 0.731012 -2.56899 -3.68369 -1.96052 -2.93101 1.12108e-49 1.7486e+14 0.000153232 0.000878914 8.01088e-23 2.46234e-08 136407 0 0 7.03026e-25 0 0 0.00336111 0 0 0 0 0 0 0 0 0 0 
0.1835 0.737832 -2.56217 -3.68369 -1.9537 -2.93783 8.61111e-50 1.74835e+14 0.000153237 0.000878895 8.01088e-23 2.46193e-08 136411 0 0 7.03026e-25 0 0 0.00336111 0 0 0 0 0 0 0 0 0 0 
0.184 0.744653 -2.55535 -3.68369 -1.94687 -2.94465 6.6142e-50 1.74804e+14 0.000153241 0.000878868 8.01088e-23 2.46141e-08 136416 0 0 7.03026e-25 0 0 0.00336111 0 0 0 0 0 0 0 0 0 0 
0.1845 0.751474 -2.54853 -3.68369 -1.94004 -2.95147 5.08032e-50 1.74766e+14 0.000153245 0.000878828 8.01088e-23 2.46077e-08 136420 0 0 7.03026e-25 0 0 0.00336111 0 0 0 0 0 0 0 0 0 0 
0.185 0.758295 -2.5417 -3.68369 -1.93321 -2.9583 3.90213e-50 1.74719e+14 0.00015325 0.000878773 8.01088e-23 2.45996e-08 136425 0 0 7.03026e-25 0 0 0.00336111 0 0 0 0 0 0 0 0 0 0 
0.1855 0.765116 -2.53488 -3.68369 -1.92638 -2.96512 2.99715e-50 1.7466e+14 0.000153254 0.000878699 8.01088e-23 2.45892e-08 136429 0 0 7.03026e-25 0 0 0.00336111 0 0 0 0 0 0 0 0 0 0 
0.186 0.771938 -2.52806 -3.68369 -1.91954 -2.97194 2.30203e-50 1.74587e+14 0.000153259 0.000878598 8.01088e-23 2.45761e-08 136434 0 0 7.03026e-25 0 0 0.00336111 0 0 0 0 0 0 0 0 0 0 
0.1865 0.77876 -2.52124 -3.68369 -1.9127 -2.97876 1.76811e-50 1.74494e+14 0.000153263 0.000878464 8.01088e-23 2.45592e-08 136438 0 0 7.03026e-25 0 0 0.00336111 0 0 0 0 0 0 0 0 0 0 
0.187 0.785582 -2.51442 -3.68369 -1.90586 -2.98558 1.35802e-50 1.74375e+14 0.000153267 0.000878286 8.01088e-23 2.45375e-08 136443 0 0 7.03026e-25 0 0 0.00336112 0 0 0 0 0 0 0 0 0 0 
0.1875 0.792404 -2.5076 -3.68369 -1.899 -2.9924 1.04303e-50 1.74223e+14 0.000153272 0.000878052 8.01088e-23 2.45095e-08 136447 0 0 7.03025e-25 0 0 0.00336112 0 0 0 0 0 0 0 0 0 0 
0.188 0.799227 -2.50077 -3.68369 -1.89214 -2.99923 8.01095e-51 1.74027e+14 0.000153276 0.000877743 8.01088e-23 2.44734e-08 136452 0 0 7.03026e-25 0 0 0.00336112 0 0 0 0 0 0 0 0 0 0 
0.1885 0.806049 -2.49395 -3.68369 -1.88527 -3.00605 6.15273e-51 1.73775e+14 0.00015328 0.000877337 8.01088e-23 2.44267e-08 136456 0 0 7.03026e-25 0 0 0.00336112 0 0 0 0 0 0 0 0 0 0 
0.189 0.812872 -2.48713 -3.68369 -1.87838 -3.01287 4.7255e-51 1.73451e+14 0.000153285 0.000876806 8.01088e-23 2.43663e-08 136461 0 0 7.03026e-25 0 0 0.00336112 0 0 0 0 0 0 0 0 0 0 
0.1895 0.819695 -2.4803 -3.68369 -1.87147 -3.0197 3.62931e-51 1.7303e+14 0.000153289 0.000876111 8.01088e-23 2.4288e-08 136465 0 0 7.03026e-25 0 0 0.00336113 0 0 0 0 0 0 0 0 0 0 
0.19 0.826519 -2.47348 -3.68369 -1.86454 -3.02652 2.78739e-51 1.72486e+14 0.000153294 0.000875202 8.01088e-23 2.41864e-08 136470 0 0 7.03026e-25 0 0 0.00336113 0 0 0 0 0 0 0 0 0 0 
0.1905 0.833342 -2.46666 -3.68369 -1.85757 -3.03334 2.14075e-51 1.71779e+14 0.000153298 0.000874012 8.01088e-23 2.40546e-08 136474 0 0 7.03025e-25 0 0 0.00336113 0 0 0 0 0 0 0 0 0 0 
0.191 0.840166 -2.45983 -3.68369 -1.85056 -3.04017 1.64411e-51 1.70862e+14 0.000153302 0.000872457 8.01088e-23 2.38835e-08 136479 0 0 7.03025e-25 0 0 0.00336114 0 0 0 0 0 0 0 0 0 0 
0.1915 0.84699 -2.45301 -3.68369 -1.84349 -3.04699 1.26268e-51 1.69668e+14 0.000153306 0.00087042 8.01088e-23 2.36614e-08 136483 0 0 7.03026e-25 0 0 0.00336114 0 0 0 0 0 0 0 0 0 0 
0.192 0.853814 -2.44619 -3.68369 -1.83634 -3.05381 9.69728e-52 1.68115e+14 0.000153311 0.000867751 8.01088e-23 2.33728e-08 136487 0 0 7.03026e-25 0 0 0.00336115 0 0 0 0 0 0 0 0 0 0 
0.1925 0.860639 -2.43936 -3.68369 -1.8291 -3.06064 7.44739e-52 1.6609e+14 0.000153315 0.000864245 8.01088e-23 2.2998e-08 136492 0 0 7.03026e-25 0 0 0.00336116 0 0 0 0 0 0 0 0 0 0 
0.193 0.867464 -2.43254 -3.68369 -1.82171 -3.06746 5.71945e-52 1.63445e+14 0.000153319 0.000859629 8.01088e-23 2.25109e-08 136496 0 0 7.03026e-25 0 0 0.00336117 0 0 0 0 0 0 0 0 0 0 
0.1935 0.874288 -2.42571 -3.68369 -1.81414 -3.07429 4.39239e-52 1.59985e+14 0.000153323 0.000853528 8.01088e-23 2.18779e-08 136500 0 0 7.03026e-25 0 0 0.00336118 0 0 0 0 0 0 0 0 0 0 
0.194 0.881114 -2.41889 -3.68369 -1.80631 -3.08111 3.37322e-52 1.55446e+14 0.000153327 0.000845421 8.01088e-23 2.10553e-08 136504 0 0 7.03026e-25 0 0 0.00336119 0 0 0 0 0 0 0 0 0 0 
0.1945 0.887939 -2.41206 -3.68369 -1.79812 -3.08794 2.59051e-52 1.49471e+14 0.000153331 0.000834568 8.01088e-23 1.99861e-08 136508 0 0 7.03026e-25 0 0 0.0033612 0 0 0 0 0 0 0 0 0 0 
0.195 0.894764 -2.40524 -3.68369 -1.78941 -3.09476 1.9894e-52 1.4157e+14 0.000153335 0.000819882 8.01088e-23 1.85966e-08 136512 0 0 7.03026e-25 0 0 0.00336121 0 0 0 0 0 0 0 0 0 0 
0.1955 0.90159 -2.39841 -3.68369 -1.77991 -3.10159 1.52776e-52 1.3105e+14 0.000153338 0.000799695 8.01088e-23 1.67908e-08 136515 0 0 7.03026e-25 0 0 0.00336122 0 0 0 0 0 0 0 0 0 0 
0.196 0.908416 -2.39158 -3.68369 -1.76915 -3.10842 1.17324e-52 1.16904e+14 0.000153341 0.000771253 8.01088e-23 1.44456e-08 136519 0 0 7.03026e-25 0 0 0.00336123 0 0 0 0 0 0 0 0 0 0 
0.1965 0.915242 -2.38476 -3.68369 -1.75615 -3.11524 9.00979e-53 9.75851e+13 0.000153344 0.000729494 8.01088e-23 1.14055e-08 136521 0 0 7.03026e-25 0 0 0.00336124 0 0 0 0 0 0 0 0 0 0 
0.197 0.922068 -2.37793 -3.68369 -1.73836 -3.12207 6.91896e-53 7.05502e+13 0.000153346 0.00066324 8.01088e-23 7.49686e-09 136524 0 0 7.03026e-25 0 0 0.00336124 0 0 0 0 0 0 0 0 0 0 
0.1975 0.928894 -2.37111 -3.68369 -1.70563 -3.12889 5.31331e-53 3.21007e+13 0.000153347 0.000538871 8.01088e-23 2.77146e-09 136525 0 0 7.03026e-25 0 0 0.00336125 0 0 0 0 0 0 0 0 0 0 
0.198 0.93572 -2.36428 -3.68369 -1.58576 -3.13572 4.08027e-53 7.28458e+11 0.000153348 0.000280119 8.01088e-23 3.26932e-11 136525 0 0 7.03026e-25 0 0 0.00336125 0 0 0 0 0 0 0 0 0 0 
0.198 0.93572 -2.36428 -3.68369 -1.58576 -3.13572 4.08027e-53 7.28458e+11 0.011878 0.0216975 8.01088e-23 2.53235e-09 1.33396e+06 0 0 7.03027e-25 0 0 0.00336115 0 0 0 0 0 1.13154e+20 0 0 0 0 
0.198409 0.990329 -2.30967 -3.68369 -1.5093 -3.19033 4.9352e-54 3.33946e+11 0.011878 0.0199357 8.01088e-23 1.06664e-09 2.51778e+06 0 0 7.03026e-25 0 0 0.00336115 0 0 0 0 0 1.11867e+20 0 0 0 0 
0.198752 1.11041 -2.18959 -3.68369 -1.378 -3.31041 4.74235e-56 2.23311e+11 0.011878 0.0191745 8.01088e-23 6.86032e-10 4.49187e+06 0 0 7.03026e-25 0 0 0.00336115 0 0 0 0 0 1.11206e+20 0 0 0 0 
0.199038 1.26257 -2.03743 -3.68369 -1.21899 -3.46257 1.31804e-58 1.74516e+11 0.011878 0.01875 8.01088e-23 5.2426e-10 6.13482e+06 0 0 7.03026e-25 0 0 0.00336115 0 0 0 0 0 1.10803e+20 0 0 0 0 
0.199277 1.42585 -1.87415 -3.68369 -1.0508 -3.62585 2.38155e-61 1.46234e+11 0.011878 0.0184633 8.01088e-23 4.32581e-10 7.50446e+06 0 0 7.03027e-25 0 0 0.00336115 0 0 0 0 0 1.10514e+20 0 0 0 0 
0.199478 1.58754 -1.71246 -3.68369 -0.8861 -3.78754 4.57712e-64 1.31202e+11 0.011878 0.0182943 8.01088e-23 3.84561e-10 8.64741e+06 0 0 7.03029e-25 0 0 0.00336115 0 0 0 0 0 1.10337e+20 0 0 0 0 
0.199645 1.74031 -1.55969 -3.68369 -0.729862 -3.94031 1.24226e-66 1.15752e+11 0.011878 0.0181054 8.01088e-23 3.35774e-10 9.60155e+06 0 0 7.03028e-25 0 0 0.00336115 0 0 0 0 0 1.10132e+20 0 0 0 0 
0.199785 1.88031 -1.41969 -3.68369 -0.589938 -4.08031 5.52371e-69 1.1609e+11 0.011878 0.0181097 8.01088e-23 3.36834e-10 1.03987e+07 0 0 7.03028e-25 0 0 0.00336115 0 0 0 0 0 1.10137e+20 0 0 0 0 
0.199902 2.00596 -1.29404 -3.68369 -0.457328 -4.20596 4.27982e-71 9.02567e+10 0.011878 0.0177489 8.01088e-23 2.56662e-10 1.10641e+07 0 0 7.0303e-25 0 0 0.00336115 0 0 0 0 0 1.09727e+20 0 0 0 0 
0.2 2.11701 -1.18299 -3.68369 -0.35803 -4.31701 5.834e-73 1.37979e+11 0.011878 0.0183721 8.01088e-23 4.06146e-10 1.13419e+07 0 0 7.0303e-25 0 0 0.00336115 0 0 0 0 0 1.10419e+20 0 0 0 0 