# ASCII 1D datafile generated by TiberCAD
# x Ec Ev eQFermi hQFermi ElPotential eDensity hDensity eMobility hMobility eConductivity hConductivity ElField_x ElField_y ElField_z eCurrentDensity_x eCurrentDensity_y eCurrentDensity_z hCurrentDensity_x hCurrentDensity_y hCurrentDensity_z IonizedDonors IonizedAcceptors IonizedElectronTraps IonizedHoleTraps eNetRecombination eLangevinRecombination hNetRecombination hLangevinRecombination 
0 -2.575 -5.875 -4.516 -5.26622 0.375 4.03577e-08 1.73307e+14 0.000201821 0.00115399 8.01088e-23 3.20427e-08 175452 0 0 8.10318e-25 0 0 0.00562293 0 0 0 0 0 0 0 0 0 0 
9.79066e-05 -2.57328 -5.87328 -4.516 -5.26451 0.373282 3.77634e-08 1.73306e+14 0.000201822 0.00115399 8.01088e-23 3.20424e-08 175452 0 0 8.10316e-25 0 0 0.00562293 0 0 0 0 0 0 0 0 0 0 
0.000214985 -2.57123 -5.87123 -4.516 -5.26245 0.371228 3.4879e-08 1.73304e+14 0.000201823 0.001154 8.01088e-23 3.20422e-08 175453 0 0 8.1031e-25 0 0 0.00562293 0 0 0 0 0 0 0 0 0 0 
0.000354988 -2.56877 -5.86877 -4.516 -5.25999 0.368772 3.17176e-08 1.73302e+14 0.000201825 0.001154 8.01088e-23 3.2042e-08 175455 0 0 8.1031e-25 0 0 0.00562293 0 0 0 0 0 0 0 0 0 0 
0.000522406 -2.56583 -5.86583 -4.516 -5.25706 0.365834 2.83111e-08 1.73299e+14 0.000201827 0.00115401 8.01088e-23 3.20417e-08 175456 0 0 8.10312e-25 0 0 0.00562293 0 0 0 0 0 0 0 0 0 0 
0.000722606 -2.56232 -5.86232 -4.516 -5.25354 0.362322 2.47144e-08 1.73296e+14 0.000201829 0.00115402 8.01088e-23 3.20414e-08 175458 0 0 8.10309e-25 0 0 0.00562293 0 0 0 0 0 0 0 0 0 0 
0.000962009 -2.55812 -5.85812 -4.516 -5.24934 0.358121 2.10082e-08 1.73292e+14 0.000201832 0.00115403 8.01088e-23 3.2041e-08 175460 0 0 8.1031e-25 0 0 0.00562293 0 0 0 0 0 0 0 0 0 0 
0.00124829 -2.5531 -5.8531 -4.516 -5.24432 0.353098 1.72985e-08 1.73288e+14 0.000201835 0.00115404 8.01088e-23 3.20406e-08 175463 0 0 8.10313e-25 0 0 0.00562293 0 0 0 0 0 0 0 0 0 0 
0.00159063 -2.54709 -5.84709 -4.516 -5.23831 0.347091 1.37121e-08 1.73282e+14 0.000201839 0.00115406 8.01088e-23 3.204e-08 175466 0 0 8.10313e-25 0 0 0.00562293 0 0 0 0 0 0 0 0 0 0 
0.002 -2.53991 -5.83991 -4.516 -5.23112 0.339908 1.03858e-08 1.73276e+14 0.000201841 0.00115406 8.01088e-23 3.20389e-08 175468 0 0 8.10311e-25 0 0 0.00562293 0 0 0 0 0 0 0 0 0 0 
0.002 -2.53991 -5.83991 -4.516 -5.23112 0.339908 1.03858e-08 1.73276e+14 0.000201847 0.0011541 8.01088e-23 3.20399e-08 175472 0 0 8.10312e-25 0 0 0.00562293 0 0 0 0 0 0 0 0 0 0 
0.0025 -2.53113 -5.83113 -4.516 -5.22235 0.331134 7.39702e-09 1.73268e+14 0.000201849 0.0011541 8.01088e-23 3.20385e-08 175474 0 0 8.10312e-25 0 0 0.00562293 0 0 0 0 0 0 0 0 0 0 
0.003 -2.52236 -5.82236 -4.516 -5.21357 0.322361 5.2683e-09 1.7326e+14 0.000201855 0.00115412 8.01088e-23 3.20377e-08 175478 0 0 8.10312e-25 0 0 0.00562293 0 0 0 0 0 0 0 0 0 0 
0.0035 -2.51359 -5.81359 -4.516 -5.2048 0.313587 3.75215e-09 1.73253e+14 0.000201861 0.00115414 8.01088e-23 3.20369e-08 175483 0 0 8.10312e-25 0 0 0.00562293 0 0 0 0 0 0 0 0 0 0 
0.004 -2.50481 -5.80481 -4.516 -5.19602 0.304812 2.6723e-09 1.73245e+14 0.000201868 0.00115417 8.01088e-23 3.2036e-08 175487 0 0 8.10313e-25 0 0 0.00562293 0 0 0 0 0 0 0 0 0 0 
0.0045 -2.49604 -5.79604 -4.516 -5.18725 0.296038 1.90321e-09 1.73237e+14 0.000201874 0.00115419 8.01088e-23 3.20352e-08 175492 0 0 8.10313e-25 0 0 0.00562293 0 0 0 0 0 0 0 0 0 0 
0.005 -2.48726 -5.78726 -4.516 -5.17847 0.287263 1.35545e-09 1.73229e+14 0.00020188 0.00115421 8.01088e-23 3.20344e-08 175496 0 0 8.10313e-25 0 0 0.00562293 0 0 0 0 0 0 0 0 0 0 
0.0055 -2.47849 -5.77849 -4.516 -5.16969 0.278488 9.65332e-10 1.73221e+14 0.000201886 0.00115423 8.01088e-23 3.20336e-08 175501 0 0 8.10313e-25 0 0 0.00562293 0 0 0 0 0 0 0 0 0 0 
0.006 -2.46971 -5.76971 -4.516 -5.16092 0.269713 6.87489e-10 1.73214e+14 0.000201892 0.00115426 8.01088e-23 3.20328e-08 175505 0 0 8.10312e-25 0 0 0.00562293 0 0 0 0 0 0 0 0 0 0 
0.0065 -2.46094 -5.76094 -4.516 -5.15214 0.260938 4.8961e-10 1.73206e+14 0.000201899 0.00115428 8.01088e-23 3.2032e-08 175510 0 0 8.10311e-25 0 0 0.00562293 0 0 0 0 0 0 0 0 0 0 
0.007 -2.45216 -5.75216 -4.516 -5.14336 0.252162 3.48683e-10 1.73198e+14 0.000201905 0.0011543 8.01088e-23 3.20311e-08 175514 0 0 8.10312e-25 0 0 0.00562293 0 0 0 0 0 0 0 0 0 0 
0.0075 -2.44339 -5.74339 -4.516 -5.13459 0.243386 2.48318e-10 1.7319e+14 0.000201912 0.00115432 8.01088e-23 3.20303e-08 175519 0 0 8.10313e-25 0 0 0.00562293 0 0 0 0 0 0 0 0 0 0 
0.008 -2.43461 -5.73461 -4.516 -5.12581 0.23461 1.7684e-10 1.73183e+14 0.000201918 0.00115435 8.01088e-23 3.20295e-08 175523 0 0 8.10312e-25 0 0 0.00562293 0 0 0 0 0 0 0 0 0 0 
0.0085 -2.42583 -5.72583 -4.516 -5.11703 0.225834 1.25936e-10 1.73175e+14 0.000201925 0.00115437 8.01088e-23 3.20287e-08 175528 0 0 8.10312e-25 0 0 0.00562293 0 0 0 0 0 0 0 0 0 0 
0.009 -2.41706 -5.71706 -4.516 -5.10825 0.217057 8.9684e-11 1.73167e+14 0.000201931 0.00115439 8.01088e-23 3.20279e-08 175532 0 0 8.10312e-25 0 0 0.00562293 0 0 0 0 0 0 0 0 0 0 
0.0095 -2.40828 -5.70828 -4.516 -5.09947 0.208281 6.38669e-11 1.73159e+14 0.000201938 0.00115441 8.01088e-23 3.20271e-08 175537 0 0 8.10312e-25 0 0 0.00562293 0 0 0 0 0 0 0 0 0 0 
0.01 -2.3995 -5.6995 -4.516 -5.0907 0.199504 4.54813e-11 1.73151e+14 0.000201944 0.00115444 8.01088e-23 3.20262e-08 175541 0 0 8.10312e-25 0 0 0.00562293 0 0 0 0 0 0 0 0 0 0 
0.0105 -2.39073 -5.69073 -4.516 -5.08192 0.190727 3.23882e-11 1.73144e+14 0.000201951 0.00115446 8.01088e-23 3.20254e-08 175545 0 0 8.10312e-25 0 0 0.00562293 0 0 0 0 0 0 0 0 0 0 
0.011 -2.38195 -5.68195 -4.516 -5.07314 0.181949 2.30641e-11 1.73136e+14 0.000201958 0.00115448 8.01088e-23 3.20246e-08 175550 0 0 8.10312e-25 0 0 0.00562293 0 0 0 0 0 0 0 0 0 0 
0.0115 -2.37317 -5.67317 -4.516 -5.06436 0.173172 1.64241e-11 1.73128e+14 0.000201964 0.0011545 8.01088e-23 3.20238e-08 175554 0 0 8.10313e-25 0 0 0.00562293 0 0 0 0 0 0 0 0 0 0 
0.012 -2.36439 -5.66439 -4.516 -5.05558 0.164394 1.16956e-11 1.7312e+14 0.000201971 0.00115452 8.01088e-23 3.2023e-08 175559 0 0 8.10313e-25 0 0 0.00562293 0 0 0 0 0 0 0 0 0 0 
0.0125 -2.35562 -5.65562 -4.516 -5.0468 0.155616 8.32837e-12 1.73113e+14 0.000201978 0.00115455 8.01088e-23 3.20222e-08 175563 0 0 8.10312e-25 0 0 0.00562293 0 0 0 0 0 0 0 0 0 0 
0.013 -2.34684 -5.64684 -4.516 -5.03802 0.146837 5.93053e-12 1.73105e+14 0.000201984 0.00115457 8.01088e-23 3.20213e-08 175568 0 0 8.10312e-25 0 0 0.00562293 0 0 0 0 0 0 0 0 0 0 
0.0135 -2.33806 -5.63806 -4.516 -5.02924 0.138059 4.22302e-12 1.73097e+14 0.000201991 0.00115459 8.01088e-23 3.20205e-08 175572 0 0 8.10312e-25 0 0 0.00562293 0 0 0 0 0 0 0 0 0 0 
0.014 -2.32928 -5.62928 -4.516 -5.02046 0.12928 3.00711e-12 1.73089e+14 0.000201998 0.00115461 8.01088e-23 3.20197e-08 175577 0 0 8.10312e-25 0 0 0.00562293 0 0 0 0 0 0 0 0 0 0 
0.0145 -2.3205 -5.6205 -4.516 -5.01168 0.120501 2.14127e-12 1.73082e+14 0.000202005 0.00115464 8.01088e-23 3.20189e-08 175581 0 0 8.10312e-25 0 0 0.00562293 0 0 0 0 0 0 0 0 0 0 
0.015 -2.31172 -5.61172 -4.516 -5.0029 0.111722 1.52472e-12 1.73074e+14 0.000202011 0.00115466 8.01088e-23 3.20181e-08 175586 0 0 8.10312e-25 0 0 0.00562293 0 0 0 0 0 0 0 0 0 0 
0.0155 -2.30294 -5.60294 -4.516 -4.99412 0.102943 1.08568e-12 1.73066e+14 0.000202018 0.00115468 8.01088e-23 3.20173e-08 175590 0 0 8.10313e-25 0 0 0.00562293 0 0 0 0 0 0 0 0 0 0 
0.016 -2.29416 -5.59416 -4.516 -4.98534 0.0941631 7.73062e-13 1.73058e+14 0.000202025 0.0011547 8.01088e-23 3.20165e-08 175595 0 0 8.10313e-25 0 0 0.00562293 0 0 0 0 0 0 0 0 0 0 
0.0165 -2.28538 -5.58538 -4.516 -4.97655 0.0853832 5.50454e-13 1.7305e+14 0.000202032 0.00115473 8.01088e-23 3.20156e-08 175599 0 0 8.10312e-25 0 0 0.00562293 0 0 0 0 0 0 0 0 0 0 
0.017 -2.2766 -5.5766 -4.516 -4.96777 0.0766031 3.91944e-13 1.73043e+14 0.000202039 0.00115475 8.01088e-23 3.20148e-08 175604 0 0 8.10312e-25 0 0 0.00562293 0 0 0 0 0 0 0 0 0 0 
0.0175 -2.26782 -5.56782 -4.516 -4.95899 0.0678228 2.79076e-13 1.73035e+14 0.000202045 0.00115477 8.01088e-23 3.2014e-08 175608 0 0 8.10313e-25 0 0 0.00562293 0 0 0 0 0 0 0 0 0 0 
0.018 -2.25904 -5.55904 -4.516 -4.95021 0.0590423 1.98709e-13 1.73027e+14 0.000202052 0.00115479 8.01088e-23 3.20132e-08 175613 0 0 8.10312e-25 0 0 0.00562293 0 0 0 0 0 0 0 0 0 0 
0.0185 -2.25026 -5.55026 -4.516 -4.94143 0.0502616 1.41485e-13 1.73019e+14 0.000202059 0.00115482 8.01088e-23 3.20124e-08 175617 0 0 8.10312e-25 0 0 0.00562293 0 0 0 0 0 0 0 0 0 0 
0.019 -2.24148 -5.54148 -4.516 -4.93264 0.0414806 1.00739e-13 1.73012e+14 0.000202066 0.00115484 8.01088e-23 3.20116e-08 175622 0 0 8.10312e-25 0 0 0.00562293 0 0 0 0 0 0 0 0 0 0 
0.0195 -2.2327 -5.5327 -4.516 -4.92386 0.0326994 7.17266e-14 1.73004e+14 0.000202073 0.00115486 8.01088e-23 3.20107e-08 175626 0 0 8.10312e-25 0 0 0.00562293 0 0 0 0 0 0 0 0 0 0 
0.02 -2.22392 -5.52392 -4.516 -4.91508 0.023918 5.10693e-14 1.72996e+14 0.00020208 0.00115488 8.01088e-23 3.20099e-08 175630 0 0 8.10312e-25 0 0 0.00562293 0 0 0 0 0 0 0 0 0 0 
0.0205 -2.21514 -5.51514 -4.516 -4.9063 0.0151364 3.6361e-14 1.72988e+14 0.000202087 0.00115491 8.01088e-23 3.20091e-08 175635 0 0 8.10312e-25 0 0 0.00562293 0 0 0 0 0 0 0 0 0 0 
0.021 -2.20635 -5.50635 -4.516 -4.89751 0.00635453 2.58886e-14 1.72981e+14 0.000202093 0.00115493 8.01088e-23 3.20083e-08 175639 0 0 8.10312e-25 0 0 0.00562293 0 0 0 0 0 0 0 0 0 0 
0.0215 -2.19757 -5.49757 -4.516 -4.88873 -0.00242755 1.84322e-14 1.72973e+14 0.0002021 0.00115495 8.01088e-23 3.20075e-08 175644 0 0 8.10312e-25 0 0 0.00562293 0 0 0 0 0 0 0 0 0 0 
0.022 -2.18879 -5.48879 -4.516 -4.87994 -0.0112099 1.31233e-14 1.72965e+14 0.000202107 0.00115497 8.01088e-23 3.20067e-08 175648 0 0 8.10312e-25 0 0 0.00562293 0 0 0 0 0 0 0 0 0 0 
0.0225 -2.18001 -5.48001 -4.516 -4.87116 -0.0199924 9.34335e-15 1.72957e+14 0.000202114 0.001155 8.01088e-23 3.20059e-08 175653 0 0 8.10312e-25 0 0 0.00562293 0 0 0 0 0 0 0 0 0 0 
0.023 -2.17122 -5.47122 -4.516 -4.86238 -0.0287751 6.65211e-15 1.7295e+14 0.000202121 0.00115502 8.01088e-23 3.2005e-08 175657 0 0 8.10312e-25 0 0 0.00562293 0 0 0 0 0 0 0 0 0 0 
0.0235 -2.16244 -5.46244 -4.516 -4.85359 -0.0375581 4.73601e-15 1.72942e+14 0.000202128 0.00115504 8.01088e-23 3.20042e-08 175662 0 0 8.10312e-25 0 0 0.00562293 0 0 0 0 0 0 0 0 0 0 
0.024 -2.15366 -5.45366 -4.516 -4.84481 -0.0463413 3.3718e-15 1.72934e+14 0.000202135 0.00115506 8.01088e-23 3.20034e-08 175666 0 0 8.10312e-25 0 0 0.00562293 0 0 0 0 0 0 0 0 0 0 
0.0245 -2.14488 -5.44488 -4.516 -4.83602 -0.0551247 2.40053e-15 1.72926e+14 0.000202142 0.00115508 8.01088e-23 3.20026e-08 175671 0 0 8.10312e-25 0 0 0.00562293 0 0 0 0 0 0 0 0 0 0 
0.025 -2.13609 -5.43609 -4.516 -4.82724 -0.0639084 1.70903e-15 1.72919e+14 0.000202149 0.00115511 8.01088e-23 3.20018e-08 175675 0 0 8.10312e-25 0 0 0.00562293 0 0 0 0 0 0 0 0 0 0 
0.0255 -2.12731 -5.42731 -4.516 -4.81845 -0.0726923 1.21671e-15 1.72911e+14 0.000202156 0.00115513 8.01088e-23 3.2001e-08 175680 0 0 8.10312e-25 0 0 0.00562293 0 0 0 0 0 0 0 0 0 0 
0.026 -2.11852 -5.41852 -4.516 -4.80967 -0.0814764 8.66208e-16 1.72903e+14 0.000202163 0.00115515 8.01088e-23 3.20002e-08 175684 0 0 8.10311e-25 0 0 0.00562293 0 0 0 0 0 0 0 0 0 0 
0.0265 -2.10974 -5.40974 -4.516 -4.80088 -0.0902607 6.1667e-16 1.72895e+14 0.00020217 0.00115517 8.01088e-23 3.19993e-08 175689 0 0 8.10311e-25 0 0 0.00562293 0 0 0 0 0 0 0 0 0 0 
0.027 -2.10095 -5.40095 -4.516 -4.79209 -0.0990452 4.39015e-16 1.72888e+14 0.000202177 0.0011552 8.01088e-23 3.19985e-08 175693 0 0 8.10312e-25 0 0 0.00562293 0 0 0 0 0 0 0 0 0 0 
0.0275 -2.09217 -5.39217 -4.516 -4.78331 -0.10783 3.12538e-16 1.7288e+14 0.000202184 0.00115522 8.01088e-23 3.19977e-08 175698 0 0 8.10312e-25 0 0 0.00562293 0 0 0 0 0 0 0 0 0 0 
0.028 -2.08339 -5.38339 -4.516 -4.77452 -0.116615 2.22496e-16 1.72872e+14 0.000202191 0.00115524 8.01088e-23 3.19969e-08 175702 0 0 8.10312e-25 0 0 0.00562293 0 0 0 0 0 0 0 0 0 0 
0.0285 -2.0746 -5.3746 -4.516 -4.76573 -0.1254 1.58393e-16 1.72864e+14 0.000202197 0.00115526 8.01088e-23 3.19961e-08 175706 0 0 8.10312e-25 0 0 0.00562293 0 0 0 0 0 0 0 0 0 0 
0.029 -2.06581 -5.36581 -4.516 -4.75695 -0.134186 1.12758e-16 1.72857e+14 0.000202204 0.00115529 8.01088e-23 3.19953e-08 175711 0 0 8.10312e-25 0 0 0.00562293 0 0 0 0 0 0 0 0 0 0 
0.0295 -2.05703 -5.35703 -4.516 -4.74816 -0.142971 8.02707e-17 1.72849e+14 0.000202211 0.00115531 8.01088e-23 3.19945e-08 175715 0 0 8.10312e-25 0 0 0.00562293 0 0 0 0 0 0 0 0 0 0 
0.03 -2.04824 -5.34824 -4.516 -4.73937 -0.151757 5.71427e-17 1.72841e+14 0.000202218 0.00115533 8.01088e-23 3.19937e-08 175720 0 0 8.10312e-25 0 0 0.00562293 0 0 0 0 0 0 0 0 0 0 
0.0305 -2.03946 -5.33946 -4.516 -4.73058 -0.160543 4.06782e-17 1.72833e+14 0.000202225 0.00115535 8.01088e-23 3.19928e-08 175724 0 0 8.10312e-25 0 0 0.00562293 0 0 0 0 0 0 0 0 0 0 
0.031 -2.03067 -5.33067 -4.516 -4.7218 -0.16933 2.89573e-17 1.72826e+14 0.000202232 0.00115538 8.01088e-23 3.1992e-08 175729 0 0 8.10311e-25 0 0 0.00562293 0 0 0 0 0 0 0 0 0 0 
0.0315 -2.02188 -5.32188 -4.516 -4.71301 -0.178116 2.06135e-17 1.72818e+14 0.000202239 0.0011554 8.01088e-23 3.19912e-08 175733 0 0 8.10311e-25 0 0 0.00562293 0 0 0 0 0 0 0 0 0 0 
0.032 -2.0131 -5.3131 -4.516 -4.70422 -0.186903 1.46737e-17 1.7281e+14 0.000202246 0.00115542 8.01088e-23 3.19904e-08 175738 0 0 8.10312e-25 0 0 0.00562293 0 0 0 0 0 0 0 0 0 0 
0.0325 -2.00431 -5.30431 -4.516 -4.69543 -0.19569 1.04454e-17 1.72802e+14 0.000202253 0.00115544 8.01088e-23 3.19896e-08 175742 0 0 8.10312e-25 0 0 0.00562293 0 0 0 0 0 0 0 0 0 0 
0.033 -1.99552 -5.29552 -4.516 -4.68664 -0.204477 7.43544e-18 1.72795e+14 0.00020226 0.00115547 8.01088e-23 3.19888e-08 175747 0 0 8.10312e-25 0 0 0.00562293 0 0 0 0 0 0 0 0 0 0 
0.0335 -1.98674 -5.28674 -4.516 -4.67785 -0.213265 5.29279e-18 1.72787e+14 0.000202267 0.00115549 8.01088e-23 3.1988e-08 175751 0 0 8.10312e-25 0 0 0.00562293 0 0 0 0 0 0 0 0 0 0 
0.034 -1.97795 -5.27795 -4.516 -4.66906 -0.222052 3.76755e-18 1.72779e+14 0.000202274 0.00115551 8.01088e-23 3.19872e-08 175756 0 0 8.10313e-25 0 0 0.00562293 0 0 0 0 0 0 0 0 0 0 
0.0345 -1.96916 -5.26916 -4.516 -4.66027 -0.23084 2.68181e-18 1.72771e+14 0.000202281 0.00115553 8.01088e-23 3.19863e-08 175760 0 0 8.10313e-25 0 0 0.00562293 0 0 0 0 0 0 0 0 0 0 
0.035 -1.96037 -5.26037 -4.516 -4.65149 -0.239628 1.90895e-18 1.72764e+14 0.000202288 0.00115556 8.01088e-23 3.19855e-08 175765 0 0 8.10312e-25 0 0 0.00562293 0 0 0 0 0 0 0 0 0 0 
0.0355 -1.95158 -5.25158 -4.516 -4.6427 -0.248417 1.35881e-18 1.72756e+14 0.000202295 0.00115558 8.01088e-23 3.19847e-08 175769 0 0 8.10312e-25 0 0 0.00562293 0 0 0 0 0 0 0 0 0 0 
0.036 -1.94279 -5.24279 -4.516 -4.6339 -0.257205 9.67201e-19 1.72748e+14 0.000202302 0.0011556 8.01088e-23 3.19839e-08 175773 0 0 8.10312e-25 0 0 0.00562293 0 0 0 0 0 0 0 0 0 0 
0.0365 -1.93401 -5.23401 -4.516 -4.62511 -0.265994 6.88449e-19 1.7274e+14 0.000202309 0.00115562 8.01088e-23 3.19831e-08 175778 0 0 8.10312e-25 0 0 0.00562293 0 0 0 0 0 0 0 0 0 0 
0.037 -1.92522 -5.22522 -4.516 -4.61632 -0.274783 4.90031e-19 1.72733e+14 0.000202316 0.00115565 8.01088e-23 3.19823e-08 175782 0 0 8.10312e-25 0 0 0.00562293 0 0 0 0 0 0 0 0 0 0 
0.0375 -1.91643 -5.21643 -4.516 -4.60753 -0.283572 3.48796e-19 1.72725e+14 0.000202323 0.00115567 8.01088e-23 3.19815e-08 175787 0 0 8.10311e-25 0 0 0.00562293 0 0 0 0 0 0 0 0 0 0 
0.038 -1.90764 -5.20764 -4.516 -4.59874 -0.292362 2.48265e-19 1.72717e+14 0.00020233 0.00115569 8.01088e-23 3.19807e-08 175791 0 0 8.10311e-25 0 0 0.00562293 0 0 0 0 0 0 0 0 0 0 
0.0385 -1.89885 -5.19885 -4.516 -4.58995 -0.301151 1.76708e-19 1.72709e+14 0.000202337 0.00115571 8.01088e-23 3.19798e-08 175796 0 0 8.10312e-25 0 0 0.00562293 0 0 0 0 0 0 0 0 0 0 
0.039 -1.89006 -5.19006 -4.516 -4.58116 -0.309941 1.25774e-19 1.72702e+14 0.000202344 0.00115573 8.01088e-23 3.1979e-08 175800 0 0 8.10312e-25 0 0 0.00562293 0 0 0 0 0 0 0 0 0 0 
0.0395 -1.88127 -5.18127 -4.516 -4.57237 -0.318731 8.95209e-20 1.72694e+14 0.000202351 0.00115576 8.01088e-23 3.19782e-08 175805 0 0 8.10312e-25 0 0 0.00562293 0 0 0 0 0 0 0 0 0 0 
0.04 -1.87248 -5.17248 -4.516 -4.56358 -0.327522 6.37167e-20 1.72686e+14 0.000202358 0.00115578 8.01088e-23 3.19774e-08 175809 0 0 8.10313e-25 0 0 0.00562293 0 0 0 0 0 0 0 0 0 0 
0.0405 -1.86369 -5.16369 -4.516 -4.55478 -0.336312 4.53501e-20 1.72679e+14 0.000202365 0.0011558 8.01088e-23 3.19766e-08 175814 0 0 8.10312e-25 0 0 0.00562293 0 0 0 0 0 0 0 0 0 0 
0.041 -1.8549 -5.1549 -4.516 -4.54599 -0.345103 3.22775e-20 1.72671e+14 0.000202372 0.00115582 8.01088e-23 3.19758e-08 175818 0 0 8.10312e-25 0 0 0.00562293 0 0 0 0 0 0 0 0 0 0 
0.0415 -1.84611 -5.14611 -4.516 -4.5372 -0.353894 2.2973e-20 1.72663e+14 0.000202379 0.00115585 8.01088e-23 3.1975e-08 175823 0 0 8.10312e-25 0 0 0.00562293 0 0 0 0 0 0 0 0 0 0 
0.042 -1.83731 -5.13731 -4.516 -4.52841 -0.362685 1.63505e-20 1.72655e+14 0.000202386 0.00115587 8.01088e-23 3.19742e-08 175827 0 0 8.10312e-25 0 0 0.00562293 0 0 0 0 0 0 0 0 0 0 
0.0425 -1.82852 -5.12852 -4.516 -4.51961 -0.371477 1.1637e-20 1.72648e+14 0.000202393 0.00115589 8.01088e-23 3.19734e-08 175832 0 0 8.10312e-25 0 0 0.00562293 0 0 0 0 0 0 0 0 0 0 
0.043 -1.81973 -5.11973 -4.516 -4.51082 -0.380268 8.28224e-21 1.7264e+14 0.0002024 0.00115591 8.01088e-23 3.19725e-08 175836 0 0 8.10312e-25 0 0 0.00562293 0 0 0 0 0 0 0 0 0 0 
0.0435 -1.81094 -5.11094 -4.516 -4.50203 -0.38906 5.89455e-21 1.72632e+14 0.000202407 0.00115594 8.01088e-23 3.19717e-08 175840 0 0 8.10312e-25 0 0 0.00562293 0 0 0 0 0 0 0 0 0 0 
0.044 -1.80215 -5.10215 -4.516 -4.49323 -0.397853 4.19517e-21 1.72624e+14 0.000202414 0.00115596 8.01088e-23 3.19709e-08 175845 0 0 8.10312e-25 0 0 0.00562293 0 0 0 0 0 0 0 0 0 0 
0.0445 -1.79336 -5.09336 -4.516 -4.48444 -0.406645 2.98569e-21 1.72617e+14 0.000202421 0.00115598 8.01088e-23 3.19701e-08 175849 0 0 8.10312e-25 0 0 0.00562293 0 0 0 0 0 0 0 0 0 0 
0.045 -1.78456 -5.08456 -4.516 -4.47564 -0.415437 2.12489e-21 1.72609e+14 0.000202428 0.001156 8.01088e-23 3.19693e-08 175854 0 0 8.10312e-25 0 0 0.00562293 0 0 0 0 0 0 0 0 0 0 
0.0455 -1.77577 -5.07577 -4.516 -4.46685 -0.42423 1.51225e-21 1.72601e+14 0.000202435 0.00115603 8.01088e-23 3.19685e-08 175858 0 0 8.10312e-25 0 0 0.00562293 0 0 0 0 0 0 0 0 0 0 
0.046 -1.76698 -5.06698 -4.516 -4.45806 -0.433023 1.07624e-21 1.72594e+14 0.000202442 0.00115605 8.01088e-23 3.19677e-08 175863 0 0 8.10312e-25 0 0 0.00562293 0 0 0 0 0 0 0 0 0 0 
0.0465 -1.75818 -5.05818 -4.516 -4.44926 -0.441817 7.65927e-22 1.72586e+14 0.000202449 0.00115607 8.01088e-23 3.19669e-08 175867 0 0 8.10313e-25 0 0 0.00562293 0 0 0 0 0 0 0 0 0 0 
0.047 -1.74939 -5.04939 -4.516 -4.44047 -0.45061 5.45085e-22 1.72578e+14 0.000202456 0.00115609 8.01088e-23 3.19661e-08 175872 0 0 8.10313e-25 0 0 0.00562293 0 0 0 0 0 0 0 0 0 0 
0.0475 -1.7406 -5.0406 -4.516 -4.43167 -0.459404 3.87915e-22 1.7257e+14 0.000202463 0.00115612 8.01088e-23 3.19652e-08 175876 0 0 8.10312e-25 0 0 0.00562293 0 0 0 0 0 0 0 0 0 0 
0.048 -1.7318 -5.0318 -4.516 -4.42287 -0.468198 2.76061e-22 1.72563e+14 0.00020247 0.00115614 8.01088e-23 3.19644e-08 175881 0 0 8.10312e-25 0 0 0.00562293 0 0 0 0 0 0 0 0 0 0 
0.0485 -1.72301 -5.02301 -4.516 -4.41408 -0.476992 1.96458e-22 1.72555e+14 0.000202477 0.00115616 8.01088e-23 3.19636e-08 175885 0 0 8.10313e-25 0 0 0.00562293 0 0 0 0 0 0 0 0 0 0 
0.049 -1.71421 -5.01421 -4.516 -4.40528 -0.485786 1.39808e-22 1.72547e+14 0.000202484 0.00115618 8.01088e-23 3.19628e-08 175890 0 0 8.10313e-25 0 0 0.00562293 0 0 0 0 0 0 0 0 0 0 
0.0495 -1.70542 -5.00542 -4.516 -4.39649 -0.494581 9.94924e-23 1.72539e+14 0.000202491 0.00115621 8.01088e-23 3.1962e-08 175894 0 0 8.10312e-25 0 0 0.00562293 0 0 0 0 0 0 0 0 0 0 
0.05 -1.69662 -4.99662 -4.516 -4.38769 -0.503376 7.08017e-23 1.72532e+14 0.000202498 0.00115623 8.01088e-23 3.19612e-08 175898 0 0 8.10312e-25 0 0 0.00562293 0 0 0 0 0 0 0 0 0 0 
0.0505 -1.68783 -4.98783 -4.516 -4.37889 -0.512171 5.03841e-23 1.72524e+14 0.000202505 0.00115625 8.01088e-23 3.19604e-08 175903 0 0 8.10312e-25 0 0 0.00562293 0 0 0 0 0 0 0 0 0 0 
0.051 -1.67903 -4.97903 -4.516 -4.3701 -0.520966 3.58542e-23 1.72516e+14 0.000202512 0.00115627 8.01088e-23 3.19596e-08 175907 0 0 8.10312e-25 0 0 0.00562293 0 0 0 0 0 0 0 0 0 0 
0.0515 -1.67024 -4.97024 -4.516 -4.3613 -0.529761 2.55142e-23 1.72509e+14 0.000202519 0.0011563 8.01088e-23 3.19588e-08 175912 0 0 8.10312e-25 0 0 0.00562293 0 0 0 0 0 0 0 0 0 0 
0.052 -1.66144 -4.96144 -4.516 -4.3525 -0.538557 1.81561e-23 1.72501e+14 0.000202526 0.00115632 8.01088e-23 3.1958e-08 175916 0 0 8.10312e-25 0 0 0.00562293 0 0 0 0 0 0 0 0 0 0 
0.0525 -1.65265 -4.95265 -4.516 -4.34371 -0.547353 1.29198e-23 1.72493e+14 0.000202533 0.00115634 8.01088e-23 3.19571e-08 175921 0 0 8.10312e-25 0 0 0.00562293 0 0 0 0 0 0 0 0 0 0 
0.053 -1.64385 -4.94385 -4.516 -4.33491 -0.556149 9.19366e-24 1.72485e+14 0.00020254 0.00115636 8.01088e-23 3.19563e-08 175925 0 0 8.10312e-25 0 0 0.00562293 0 0 0 0 0 0 0 0 0 0 
0.0535 -1.63505 -4.93505 -4.516 -4.32611 -0.564945 6.54208e-24 1.72478e+14 0.000202547 0.00115639 8.01088e-23 3.19555e-08 175930 0 0 8.10312e-25 0 0 0.00562293 0 0 0 0 0 0 0 0 0 0 
0.054 -1.62626 -4.92626 -4.516 -4.31731 -0.573742 4.65522e-24 1.7247e+14 0.000202554 0.00115641 8.01088e-23 3.19547e-08 175934 0 0 8.10312e-25 0 0 0.00562293 0 0 0 0 0 0 0 0 0 0 
0.0545 -1.61746 -4.91746 -4.516 -4.30851 -0.582539 3.31253e-24 1.72462e+14 0.000202561 0.00115643 8.01088e-23 3.19539e-08 175939 0 0 8.10313e-25 0 0 0.00562293 0 0 0 0 0 0 0 0 0 0 
0.055 -1.60866 -4.90866 -4.516 -4.29971 -0.591336 2.35709e-24 1.72455e+14 0.000202568 0.00115645 8.01088e-23 3.19531e-08 175943 0 0 8.10313e-25 0 0 0.00562293 0 0 0 0 0 0 0 0 0 0 
0.0555 -1.59987 -4.89987 -4.516 -4.29092 -0.600133 1.67722e-24 1.72447e+14 0.000202575 0.00115647 8.01088e-23 3.19523e-08 175947 0 0 8.10312e-25 0 0 0.00562293 0 0 0 0 0 0 0 0 0 0 
0.056 -1.59107 -4.89107 -4.516 -4.28212 -0.608931 1.19343e-24 1.72439e+14 0.000202582 0.0011565 8.01088e-23 3.19515e-08 175952 0 0 8.10312e-25 0 0 0.00562293 0 0 0 0 0 0 0 0 0 0 
0.0565 -1.58227 -4.88227 -4.516 -4.27332 -0.617728 8.49187e-25 1.72431e+14 0.000202589 0.00115652 8.01088e-23 3.19507e-08 175956 0 0 8.10313e-25 0 0 0.00562293 0 0 0 0 0 0 0 0 0 0 
0.057 -1.57347 -4.87347 -4.516 -4.26452 -0.626526 6.04233e-25 1.72424e+14 0.000202596 0.00115654 8.01088e-23 3.19499e-08 175961 0 0 8.10313e-25 0 0 0.00562293 0 0 0 0 0 0 0 0 0 0 
0.0575 -1.56468 -4.86468 -4.516 -4.25572 -0.635324 4.29935e-25 1.72416e+14 0.000202602 0.00115656 8.01088e-23 3.19491e-08 175965 0 0 8.10312e-25 0 0 0.00562293 0 0 0 0 0 0 0 0 0 0 
0.058 -1.55588 -4.85588 -4.516 -4.24692 -0.644123 3.05912e-25 1.72408e+14 0.000202609 0.00115659 8.01088e-23 3.19482e-08 175970 0 0 8.10312e-25 0 0 0.00562293 0 0 0 0 0 0 0 0 0 0 
0.0585 -1.54708 -4.84708 -4.516 -4.23812 -0.652921 2.17664e-25 1.72401e+14 0.000202616 0.00115661 8.01088e-23 3.19474e-08 175974 0 0 8.10312e-25 0 0 0.00562293 0 0 0 0 0 0 0 0 0 0 
0.059 -1.53828 -4.83828 -4.516 -4.22932 -0.66172 1.54872e-25 1.72393e+14 0.000202623 0.00115663 8.01088e-23 3.19466e-08 175979 0 0 8.10312e-25 0 0 0.00562293 0 0 0 0 0 0 0 0 0 0 
0.0595 -1.52948 -4.82948 -4.516 -4.22052 -0.670519 1.10193e-25 1.72385e+14 0.00020263 0.00115665 8.01088e-23 3.19458e-08 175983 0 0 8.10313e-25 0 0 0.00562293 0 0 0 0 0 0 0 0 0 0 
0.06 -1.52068 -4.82068 -4.516 -4.21172 -0.679319 7.84034e-26 1.72378e+14 0.000202637 0.00115668 8.01088e-23 3.1945e-08 175988 0 0 8.10313e-25 0 0 0.00562293 0 0 0 0 0 0 0 0 0 0 
0.0605 -1.51188 -4.81188 -4.516 -4.20292 -0.688118 5.5784e-26 1.7237e+14 0.000202644 0.0011567 8.01088e-23 3.19442e-08 175992 0 0 8.10312e-25 0 0 0.00562293 0 0 0 0 0 0 0 0 0 0 
0.061 -1.50308 -4.80308 -4.516 -4.19411 -0.696918 3.969e-26 1.72362e+14 0.000202651 0.00115672 8.01088e-23 3.19434e-08 175997 0 0 8.10312e-25 0 0 0.00562293 0 0 0 0 0 0 0 0 0 0 
0.0615 -1.49428 -4.79428 -4.516 -4.18531 -0.705718 2.8239e-26 1.72354e+14 0.000202658 0.00115674 8.01088e-23 3.19426e-08 176001 0 0 8.10313e-25 0 0 0.00562293 0 0 0 0 0 0 0 0 0 0 
0.062 -1.48548 -4.78548 -4.516 -4.17651 -0.714518 2.00915e-26 1.72347e+14 0.000202665 0.00115677 8.01088e-23 3.19418e-08 176005 0 0 8.10313e-25 0 0 0.00562293 0 0 0 0 0 0 0 0 0 0 
0.0625 -1.47668 -4.77668 -4.516 -4.16771 -0.723318 1.42946e-26 1.72339e+14 0.000202672 0.00115679 8.01088e-23 3.1941e-08 176010 0 0 8.10312e-25 0 0 0.00562293 0 0 0 0 0 0 0 0 0 0 
0.063 -1.46788 -4.76788 -4.516 -4.15891 -0.732119 1.01702e-26 1.72331e+14 0.000202679 0.00115681 8.01088e-23 3.19402e-08 176014 0 0 8.10312e-25 0 0 0.00562293 0 0 0 0 0 0 0 0 0 0 
0.0635 -1.45908 -4.75908 -4.516 -4.1501 -0.74092 7.23574e-27 1.72324e+14 0.000202686 0.00115683 8.01088e-23 3.19394e-08 176019 0 0 8.10312e-25 0 0 0.00562293 0 0 0 0 0 0 0 0 0 0 
0.064 -1.45028 -4.75028 -4.516 -4.1413 -0.749721 5.14792e-27 1.72316e+14 0.000202693 0.00115686 8.01088e-23 3.19385e-08 176023 0 0 8.10312e-25 0 0 0.00562293 0 0 0 0 0 0 0 0 0 0 
0.0645 -1.44148 -4.74148 -4.516 -4.1325 -0.758522 3.66249e-27 1.72308e+14 0.0002027 0.00115688 8.01088e-23 3.19377e-08 176028 0 0 8.10313e-25 0 0 0.00562293 0 0 0 0 0 0 0 0 0 0 
0.065 -1.43268 -4.73268 -4.516 -4.1237 -0.767324 2.60567e-27 1.72301e+14 0.000202707 0.0011569 8.01088e-23 3.19369e-08 176032 0 0 8.10313e-25 0 0 0.00562293 0 0 0 0 0 0 0 0 0 0 
0.0655 -1.42387 -4.72387 -4.516 -4.11489 -0.776125 1.85377e-27 1.72293e+14 0.000202714 0.00115692 8.01088e-23 3.19361e-08 176037 0 0 8.10313e-25 0 0 0.00562293 0 0 0 0 0 0 0 0 0 0 
0.066 -1.41507 -4.71507 -4.516 -4.10609 -0.784927 1.31884e-27 1.72285e+14 0.000202721 0.00115695 8.01088e-23 3.19353e-08 176041 0 0 8.10313e-25 0 0 0.00562293 0 0 0 0 0 0 0 0 0 0 
0.0665 -1.40627 -4.70627 -4.516 -4.09729 -0.793729 9.38255e-28 1.72277e+14 0.000202728 0.00115697 8.01088e-23 3.19345e-08 176046 0 0 8.10312e-25 0 0 0.00562293 0 0 0 0 0 0 0 0 0 0 
0.067 -1.39747 -4.69747 -4.516 -4.08848 -0.802532 6.67494e-28 1.7227e+14 0.000202735 0.00115699 8.01088e-23 3.19337e-08 176050 0 0 8.10312e-25 0 0 0.00562293 0 0 0 0 0 0 0 0 0 0 
0.0675 -1.38867 -4.68867 -4.516 -4.07968 -0.811334 4.74865e-28 1.72262e+14 0.000202742 0.00115701 8.01088e-23 3.19329e-08 176054 0 0 8.10312e-25 0 0 0.00562293 0 0 0 0 0 0 0 0 0 0 
0.068 -1.37986 -4.67986 -4.516 -4.07087 -0.820137 3.37823e-28 1.72254e+14 0.000202749 0.00115704 8.01088e-23 3.19321e-08 176059 0 0 8.10312e-25 0 0 0.00562293 0 0 0 0 0 0 0 0 0 0 
0.0685 -1.37106 -4.67106 -4.516 -4.06207 -0.82894 2.40328e-28 1.72247e+14 0.000202756 0.00115706 8.01088e-23 3.19313e-08 176063 0 0 8.10312e-25 0 0 0.00562293 0 0 0 0 0 0 0 0 0 0 
0.069 -1.36226 -4.66226 -4.516 -4.05326 -0.837743 1.70969e-28 1.72239e+14 0.000202763 0.00115708 8.01088e-23 3.19305e-08 176068 0 0 8.10312e-25 0 0 0.00562293 0 0 0 0 0 0 0 0 0 0 
0.0695 -1.35345 -4.65345 -4.516 -4.04446 -0.846547 1.21625e-28 1.72231e+14 0.00020277 0.0011571 8.01088e-23 3.19297e-08 176072 0 0 8.10313e-25 0 0 0.00562293 0 0 0 0 0 0 0 0 0 0 
0.07 -1.34465 -4.64465 -4.516 -4.03565 -0.855351 8.65224e-29 1.72224e+14 0.000202777 0.00115713 8.01088e-23 3.19289e-08 176077 0 0 8.10313e-25 0 0 0.00562293 0 0 0 0 0 0 0 0 0 0 
0.0705 -1.33585 -4.63585 -4.516 -4.02685 -0.864155 6.15501e-29 1.72216e+14 0.000202784 0.00115715 8.01088e-23 3.19281e-08 176081 0 0 8.10313e-25 0 0 0.00562293 0 0 0 0 0 0 0 0 0 0 
0.071 -1.32704 -4.62704 -4.516 -4.01804 -0.872959 4.3785e-29 1.72208e+14 0.000202791 0.00115717 8.01088e-23 3.19272e-08 176086 0 0 8.10312e-25 0 0 0.00562293 0 0 0 0 0 0 0 0 0 0 
0.0715 -1.31824 -4.61824 -4.516 -4.00924 -0.881763 3.11472e-29 1.722e+14 0.000202798 0.00115719 8.01088e-23 3.19264e-08 176090 0 0 8.10312e-25 0 0 0.00562293 0 0 0 0 0 0 0 0 0 0 
0.072 -1.30943 -4.60943 -4.516 -4.00043 -0.890568 2.21568e-29 1.72193e+14 0.000202805 0.00115722 8.01088e-23 3.19256e-08 176094 0 0 8.10312e-25 0 0 0.00562293 0 0 0 0 0 0 0 0 0 0 
0.0725 -1.30063 -4.60063 -4.516 -3.99162 -0.899373 1.57613e-29 1.72185e+14 0.000202812 0.00115724 8.01088e-23 3.19248e-08 176099 0 0 8.10312e-25 0 0 0.00562293 0 0 0 0 0 0 0 0 0 0 
0.073 -1.29182 -4.59182 -4.516 -3.98282 -0.908178 1.12118e-29 1.72177e+14 0.000202819 0.00115726 8.01088e-23 3.1924e-08 176103 0 0 8.10312e-25 0 0 0.00562293 0 0 0 0 0 0 0 0 0 0 
0.0735 -1.28302 -4.58302 -4.516 -3.97401 -0.916983 7.9754e-30 1.7217e+14 0.000202826 0.00115728 8.01088e-23 3.19232e-08 176108 0 0 8.10312e-25 0 0 0.00562293 0 0 0 0 0 0 0 0 0 0 
0.074 -1.27421 -4.57421 -4.516 -3.9652 -0.925789 5.67318e-30 1.72162e+14 0.000202833 0.0011573 8.01088e-23 3.19224e-08 176112 0 0 8.10312e-25 0 0 0.00562293 0 0 0 0 0 0 0 0 0 0 
0.0745 -1.26541 -4.56541 -4.516 -3.9564 -0.934594 4.0355e-30 1.72154e+14 0.00020284 0.00115733 8.01088e-23 3.19216e-08 176117 0 0 8.10312e-25 0 0 0.00562293 0 0 0 0 0 0 0 0 0 0 
0.075 -1.2566 -4.5566 -4.516 -3.94759 -0.9434 2.87054e-30 1.72147e+14 0.000202847 0.00115735 8.01088e-23 3.19208e-08 176121 0 0 8.10312e-25 0 0 0.00562293 0 0 0 0 0 0 0 0 0 0 
0.0755 -1.24779 -4.54779 -4.516 -3.93878 -0.952206 2.04187e-30 1.72139e+14 0.000202854 0.00115737 8.01088e-23 3.192e-08 176126 0 0 8.10312e-25 0 0 0.00562293 0 0 0 0 0 0 0 0 0 0 
0.076 -1.23899 -4.53899 -4.516 -3.92997 -0.961013 1.4524e-30 1.72131e+14 0.000202861 0.00115739 8.01088e-23 3.19192e-08 176130 0 0 8.10313e-25 0 0 0.00562293 0 0 0 0 0 0 0 0 0 0 
0.0765 -1.23018 -4.53018 -4.516 -3.92116 -0.969819 1.0331e-30 1.72124e+14 0.000202868 0.00115742 8.01088e-23 3.19184e-08 176135 0 0 8.10313e-25 0 0 0.00562293 0 0 0 0 0 0 0 0 0 0 
0.077 -1.22137 -4.52137 -4.516 -3.91236 -0.978626 7.34842e-31 1.72116e+14 0.000202875 0.00115744 8.01088e-23 3.19176e-08 176139 0 0 8.10312e-25 0 0 0.00562293 0 0 0 0 0 0 0 0 0 0 
0.0775 -1.21257 -4.51257 -4.516 -3.90355 -0.987433 5.22687e-31 1.72108e+14 0.000202882 0.00115746 8.01088e-23 3.19168e-08 176143 0 0 8.10312e-25 0 0 0.00562293 0 0 0 0 0 0 0 0 0 0 
0.078 -1.20376 -4.50376 -4.516 -3.89474 -0.996241 3.7178e-31 1.72101e+14 0.000202889 0.00115748 8.01088e-23 3.1916e-08 176148 0 0 8.10312e-25 0 0 0.00562293 0 0 0 0 0 0 0 0 0 0 
0.0785 -1.19495 -4.49495 -4.516 -3.88593 -1.00505 2.6444e-31 1.72093e+14 0.000202896 0.00115751 8.01088e-23 3.19152e-08 176152 0 0 8.10312e-25 0 0 0.00562293 0 0 0 0 0 0 0 0 0 0 
0.079 -1.18614 -4.48614 -4.516 -3.87712 -1.01386 1.88089e-31 1.72085e+14 0.000202903 0.00115753 8.01088e-23 3.19143e-08 176157 0 0 8.10312e-25 0 0 0.00562293 0 0 0 0 0 0 0 0 0 0 
0.0795 -1.17734 -4.47734 -4.516 -3.86831 -1.02266 1.33782e-31 1.72078e+14 0.00020291 0.00115755 8.01088e-23 3.19135e-08 176161 0 0 8.10312e-25 0 0 0.00562293 0 0 0 0 0 0 0 0 0 0 
0.08 -1.16853 -4.46853 -4.516 -3.8595 -1.03147 9.51538e-32 1.7207e+14 0.000202917 0.00115757 8.01088e-23 3.19127e-08 176166 0 0 8.10312e-25 0 0 0.00562293 0 0 0 0 0 0 0 0 0 0 
0.0805 -1.15972 -4.45972 -4.516 -3.85069 -1.04028 6.76787e-32 1.72062e+14 0.000202924 0.0011576 8.01088e-23 3.19119e-08 176170 0 0 8.10312e-25 0 0 0.00562293 0 0 0 0 0 0 0 0 0 0 
0.081 -1.15091 -4.45091 -4.516 -3.84188 -1.04909 4.81364e-32 1.72055e+14 0.000202931 0.00115762 8.01088e-23 3.19111e-08 176175 0 0 8.10313e-25 0 0 0.00562293 0 0 0 0 0 0 0 0 0 0 
0.0815 -1.1421 -4.4421 -4.516 -3.83307 -1.0579 3.42367e-32 1.72047e+14 0.000202938 0.00115764 8.01088e-23 3.19103e-08 176179 0 0 8.10313e-25 0 0 0.00562293 0 0 0 0 0 0 0 0 0 0 
0.082 -1.13329 -4.43329 -4.516 -3.82426 -1.06671 2.43504e-32 1.72039e+14 0.000202945 0.00115766 8.01088e-23 3.19095e-08 176183 0 0 8.10312e-25 0 0 0.00562293 0 0 0 0 0 0 0 0 0 0 
0.0825 -1.12448 -4.42448 -4.516 -3.81545 -1.07552 1.73188e-32 1.72031e+14 0.000202952 0.00115769 8.01088e-23 3.19087e-08 176188 0 0 8.10312e-25 0 0 0.00562293 0 0 0 0 0 0 0 0 0 0 
0.083 -1.11567 -4.41567 -4.516 -3.80664 -1.08433 1.23175e-32 1.72024e+14 0.000202959 0.00115771 8.01088e-23 3.19079e-08 176192 0 0 8.10312e-25 0 0 0.00562293 0 0 0 0 0 0 0 0 0 0 
0.0835 -1.10686 -4.40686 -4.516 -3.79783 -1.09314 8.76047e-33 1.72016e+14 0.000202966 0.00115773 8.01088e-23 3.19071e-08 176197 0 0 8.10312e-25 0 0 0.00562293 0 0 0 0 0 0 0 0 0 0 
0.084 -1.09805 -4.39805 -4.516 -3.78901 -1.10195 6.23056e-33 1.72008e+14 0.000202973 0.00115775 8.01088e-23 3.19063e-08 176201 0 0 8.10312e-25 0 0 0.00562293 0 0 0 0 0 0 0 0 0 0 
0.0845 -1.08924 -4.38924 -4.516 -3.7802 -1.11076 4.43121e-33 1.72001e+14 0.00020298 0.00115778 8.01088e-23 3.19055e-08 176206 0 0 8.10312e-25 0 0 0.00562293 0 0 0 0 0 0 0 0 0 0 
0.085 -1.08043 -4.38043 -4.516 -3.77139 -1.11957 3.15148e-33 1.71993e+14 0.000202987 0.0011578 8.01088e-23 3.19047e-08 176210 0 0 8.10312e-25 0 0 0.00562293 0 0 0 0 0 0 0 0 0 0 
0.0855 -1.07162 -4.37162 -4.516 -3.76258 -1.12838 2.24132e-33 1.71985e+14 0.000202994 0.00115782 8.01088e-23 3.19039e-08 176215 0 0 8.10312e-25 0 0 0.00562293 0 0 0 0 0 0 0 0 0 0 
0.086 -1.06281 -4.36281 -4.516 -3.75377 -1.13719 1.594e-33 1.71978e+14 0.000203001 0.00115784 8.01088e-23 3.19031e-08 176219 0 0 8.10312e-25 0 0 0.00562293 0 0 0 0 0 0 0 0 0 0 
0.0865 -1.054 -4.354 -4.516 -3.74495 -1.146 1.13362e-33 1.7197e+14 0.000203008 0.00115787 8.01088e-23 3.19023e-08 176223 0 0 8.10312e-25 0 0 0.00562293 0 0 0 0 0 0 0 0 0 0 
0.087 -1.04519 -4.34519 -4.516 -3.73614 -1.15481 8.06205e-34 1.71962e+14 0.000203015 0.00115789 8.01088e-23 3.19015e-08 176228 0 0 8.10312e-25 0 0 0.00562293 0 0 0 0 0 0 0 0 0 0 
0.0875 -1.03638 -4.33638 -4.516 -3.72733 -1.16362 5.73349e-34 1.71955e+14 0.000203022 0.00115791 8.01088e-23 3.19007e-08 176232 0 0 8.10313e-25 0 0 0.00562293 0 0 0 0 0 0 0 0 0 0 
0.088 -1.02757 -4.32757 -4.516 -3.71851 -1.17243 4.07745e-34 1.71947e+14 0.000203029 0.00115793 8.01088e-23 3.18999e-08 176237 0 0 8.10312e-25 0 0 0.00562293 0 0 0 0 0 0 0 0 0 0 
0.0885 -1.01876 -4.31876 -4.516 -3.7097 -1.18124 2.89971e-34 1.71939e+14 0.000203036 0.00115796 8.01088e-23 3.18991e-08 176241 0 0 8.10312e-25 0 0 0.00562293 0 0 0 0 0 0 0 0 0 0 
0.089 -1.00994 -4.30994 -4.516 -3.70089 -1.19006 2.06213e-34 1.71932e+14 0.000203043 0.00115798 8.01088e-23 3.18983e-08 176246 0 0 8.10313e-25 0 0 0.00562293 0 0 0 0 0 0 0 0 0 0 
0.0895 -1.00113 -4.30113 -4.516 -3.69207 -1.19887 1.46648e-34 1.71924e+14 0.00020305 0.001158 8.01088e-23 3.18974e-08 176250 0 0 8.10313e-25 0 0 0.00562293 0 0 0 0 0 0 0 0 0 0 
0.09 -0.992318 -4.29232 -4.516 -3.68326 -1.20768 1.04287e-34 1.71916e+14 0.000203057 0.00115802 8.01088e-23 3.18966e-08 176255 0 0 8.10313e-25 0 0 0.00562293 0 0 0 0 0 0 0 0 0 0 
0.0905 -0.983505 -4.28351 -4.516 -3.67444 -1.21649 7.41618e-35 1.71909e+14 0.000203064 0.00115805 8.01088e-23 3.18958e-08 176259 0 0 8.10313e-25 0 0 0.00562293 0 0 0 0 0 0 0 0 0 0 
0.091 -0.974692 -4.27469 -4.516 -3.66563 -1.22531 5.27385e-35 1.71901e+14 0.000203071 0.00115807 8.01088e-23 3.1895e-08 176263 0 0 8.10312e-25 0 0 0.00562293 0 0 0 0 0 0 0 0 0 0 
0.0915 -0.965879 -4.26588 -4.516 -3.65682 -1.23412 3.75035e-35 1.71893e+14 0.000203078 0.00115809 8.01088e-23 3.18942e-08 176268 0 0 8.10312e-25 0 0 0.00562293 0 0 0 0 0 0 0 0 0 0 
0.092 -0.957065 -4.25707 -4.516 -3.648 -1.24293 2.66693e-35 1.71886e+14 0.000203085 0.00115811 8.01088e-23 3.18934e-08 176272 0 0 8.10312e-25 0 0 0.00562293 0 0 0 0 0 0 0 0 0 0 
0.0925 -0.948252 -4.24825 -4.516 -3.63918 -1.25175 1.89647e-35 1.71878e+14 0.000203092 0.00115814 8.01088e-23 3.18926e-08 176277 0 0 8.10312e-25 0 0 0.00562293 0 0 0 0 0 0 0 0 0 0 
0.093 -0.939438 -4.23944 -4.516 -3.63037 -1.26056 1.34859e-35 1.7187e+14 0.000203099 0.00115816 8.01088e-23 3.18918e-08 176281 0 0 8.10312e-25 0 0 0.00562293 0 0 0 0 0 0 0 0 0 0 
0.0935 -0.930623 -4.23062 -4.516 -3.62155 -1.26938 9.58976e-36 1.71863e+14 0.000203106 0.00115818 8.01088e-23 3.1891e-08 176286 0 0 8.10312e-25 0 0 0.00562293 0 0 0 0 0 0 0 0 0 0 
0.094 -0.921809 -4.22181 -4.516 -3.61274 -1.27819 6.81919e-36 1.71855e+14 0.000203113 0.0011582 8.01088e-23 3.18902e-08 176290 0 0 8.10313e-25 0 0 0.00562293 0 0 0 0 0 0 0 0 0 0 
0.0945 -0.912994 -4.21299 -4.516 -3.60392 -1.28701 4.84902e-36 1.71847e+14 0.00020312 0.00115823 8.01088e-23 3.18894e-08 176295 0 0 8.10313e-25 0 0 0.00562293 0 0 0 0 0 0 0 0 0 0 
0.095 -0.90418 -4.20418 -4.516 -3.5951 -1.29582 3.44803e-36 1.7184e+14 0.000203127 0.00115825 8.01088e-23 3.18886e-08 176299 0 0 8.10313e-25 0 0 0.00562293 0 0 0 0 0 0 0 0 0 0 
0.0955 -0.895364 -4.19536 -4.516 -3.58629 -1.30464 2.4518e-36 1.71832e+14 0.000203134 0.00115827 8.01088e-23 3.18878e-08 176303 0 0 8.10313e-25 0 0 0.00562293 0 0 0 0 0 0 0 0 0 0 
0.096 -0.886549 -4.18655 -4.516 -3.57747 -1.31345 1.74339e-36 1.71824e+14 0.000203141 0.00115829 8.01088e-23 3.1887e-08 176308 0 0 8.10312e-25 0 0 0.00562293 0 0 0 0 0 0 0 0 0 0 
0.0965 -0.877734 -4.17773 -4.516 -3.56865 -1.32227 1.23966e-36 1.71817e+14 0.000203148 0.00115832 8.01088e-23 3.18862e-08 176312 0 0 8.10312e-25 0 0 0.00562293 0 0 0 0 0 0 0 0 0 0 
0.097 -0.868918 -4.16892 -4.516 -3.55984 -1.33108 8.81462e-37 1.71809e+14 0.000203155 0.00115834 8.01088e-23 3.18854e-08 176317 0 0 8.10312e-25 0 0 0.00562293 0 0 0 0 0 0 0 0 0 0 
0.0975 -0.860102 -4.1601 -4.516 -3.55102 -1.3399 6.26761e-37 1.71802e+14 0.000203162 0.00115836 8.01088e-23 3.18846e-08 176321 0 0 8.10312e-25 0 0 0.00562293 0 0 0 0 0 0 0 0 0 0 
0.098 -0.851286 -4.15129 -4.516 -3.5422 -1.34871 4.45653e-37 1.71794e+14 0.000203169 0.00115838 8.01088e-23 3.18838e-08 176326 0 0 8.10312e-25 0 0 0.00562293 0 0 0 0 0 0 0 0 0 0 
0.0985 -0.842469 -4.14247 -4.516 -3.53338 -1.35753 3.16875e-37 1.71786e+14 0.000203176 0.0011584 8.01088e-23 3.1883e-08 176330 0 0 8.10313e-25 0 0 0.00562293 0 0 0 0 0 0 0 0 0 0 
0.099 -0.833653 -4.13365 -4.516 -3.52457 -1.36635 2.25308e-37 1.71779e+14 0.000203183 0.00115843 8.01088e-23 3.18822e-08 176335 0 0 8.10312e-25 0 0 0.00562293 0 0 0 0 0 0 0 0 0 0 
0.0995 -0.824836 -4.12484 -4.516 -3.51575 -1.37516 1.60199e-37 1.71771e+14 0.00020319 0.00115845 8.01088e-23 3.18814e-08 176339 0 0 8.10312e-25 0 0 0.00562293 0 0 0 0 0 0 0 0 0 0 
0.1 -0.816019 -4.11602 -4.516 -3.50693 -1.38398 1.13904e-37 1.71763e+14 0.000203197 0.00115847 8.01088e-23 3.18806e-08 176343 0 0 8.10312e-25 0 0 0.00562293 0 0 0 0 0 0 0 0 0 0 
0.1005 -0.807202 -4.1072 -4.516 -3.49811 -1.3928 8.09871e-38 1.71756e+14 0.000203204 0.00115849 8.01088e-23 3.18798e-08 176348 0 0 8.10313e-25 0 0 0.00562293 0 0 0 0 0 0 0 0 0 0 
0.101 -0.798384 -4.09838 -4.516 -3.48929 -1.40162 5.75823e-38 1.71748e+14 0.000203211 0.00115852 8.01088e-23 3.1879e-08 176352 0 0 8.10312e-25 0 0 0.00562293 0 0 0 0 0 0 0 0 0 0 
0.1015 -0.789566 -4.08957 -4.516 -3.48047 -1.41043 4.09409e-38 1.7174e+14 0.000203218 0.00115854 8.01088e-23 3.18782e-08 176357 0 0 8.10312e-25 0 0 0.00562293 0 0 0 0 0 0 0 0 0 0 
0.102 -0.780748 -4.08075 -4.516 -3.47165 -1.41925 2.91087e-38 1.71733e+14 0.000203225 0.00115856 8.01088e-23 3.18774e-08 176361 0 0 8.10313e-25 0 0 0.00562293 0 0 0 0 0 0 0 0 0 0 
0.1025 -0.77193 -4.07193 -4.516 -3.46283 -1.42807 2.06959e-38 1.71725e+14 0.000203232 0.00115858 8.01088e-23 3.18766e-08 176366 0 0 8.10312e-25 0 0 0.00562293 0 0 0 0 0 0 0 0 0 0 
0.103 -0.763112 -4.06311 -4.516 -3.45401 -1.43689 1.47144e-38 1.71717e+14 0.000203239 0.00115861 8.01088e-23 3.18758e-08 176370 0 0 8.10312e-25 0 0 0.00562293 0 0 0 0 0 0 0 0 0 0 
0.1035 -0.754293 -4.05429 -4.516 -3.44519 -1.44571 1.04615e-38 1.7171e+14 0.000203246 0.00115863 8.01088e-23 3.1875e-08 176375 0 0 8.10312e-25 0 0 0.00562293 0 0 0 0 0 0 0 0 0 0 
0.104 -0.745474 -4.04547 -4.516 -3.43637 -1.45453 7.43783e-39 1.71702e+14 0.000203253 0.00115865 8.01088e-23 3.18742e-08 176379 0 0 8.10312e-25 0 0 0.00562293 0 0 0 0 0 0 0 0 0 0 
0.1045 -0.736655 -4.03666 -4.516 -3.42755 -1.46334 5.28801e-39 1.71694e+14 0.00020326 0.00115867 8.01088e-23 3.18734e-08 176383 0 0 8.10312e-25 0 0 0.00562293 0 0 0 0 0 0 0 0 0 0 
0.105 -0.727836 -4.02784 -4.516 -3.41873 -1.47216 3.75955e-39 1.71687e+14 0.000203267 0.0011587 8.01088e-23 3.18726e-08 176388 0 0 8.10312e-25 0 0 0.00562293 0 0 0 0 0 0 0 0 0 0 
0.1055 -0.719017 -4.01902 -4.516 -3.40991 -1.48098 2.67285e-39 1.71679e+14 0.000203274 0.00115872 8.01088e-23 3.18718e-08 176392 0 0 8.10312e-25 0 0 0.00562293 0 0 0 0 0 0 0 0 0 0 
0.106 -0.710197 -4.0102 -4.516 -3.40109 -1.4898 1.90025e-39 1.71671e+14 0.000203281 0.00115874 8.01088e-23 3.1871e-08 176397 0 0 8.10312e-25 0 0 0.00562293 0 0 0 0 0 0 0 0 0 0 
0.1065 -0.701377 -4.00138 -4.516 -3.39227 -1.49862 1.35096e-39 1.71664e+14 0.000203288 0.00115876 8.01088e-23 3.18702e-08 176401 0 0 8.10312e-25 0 0 0.00562293 0 0 0 0 0 0 0 0 0 0 
0.107 -0.692557 -3.99256 -4.516 -3.38344 -1.50744 9.60438e-40 1.71656e+14 0.000203295 0.00115879 8.01088e-23 3.18694e-08 176406 0 0 8.10313e-25 0 0 0.00562293 0 0 0 0 0 0 0 0 0 0 
0.1075 -0.683736 -3.98374 -4.516 -3.37462 -1.51626 6.828e-40 1.71649e+14 0.000203302 0.00115881 8.01088e-23 3.18686e-08 176410 0 0 8.10312e-25 0 0 0.00562293 0 0 0 0 0 0 0 0 0 0 
0.108 -0.674916 -3.97492 -4.516 -3.3658 -1.52508 4.85416e-40 1.71641e+14 0.000203309 0.00115883 8.01088e-23 3.18678e-08 176414 0 0 8.10312e-25 0 0 0.00562293 0 0 0 0 0 0 0 0 0 0 
0.1085 -0.666095 -3.96609 -4.516 -3.35698 -1.53391 3.45088e-40 1.71633e+14 0.000203316 0.00115885 8.01088e-23 3.1867e-08 176419 0 0 8.10312e-25 0 0 0.00562293 0 0 0 0 0 0 0 0 0 0 
0.109 -0.657274 -3.95727 -4.516 -3.34816 -1.54273 2.45326e-40 1.71626e+14 0.000203323 0.00115888 8.01088e-23 3.18662e-08 176423 0 0 8.10312e-25 0 0 0.00562293 0 0 0 0 0 0 0 0 0 0 
0.1095 -0.648453 -3.94845 -4.516 -3.33933 -1.55155 1.74402e-40 1.71618e+14 0.00020333 0.0011589 8.01088e-23 3.18654e-08 176428 0 0 8.10313e-25 0 0 0.00562293 0 0 0 0 0 0 0 0 0 0 
0.11 -0.639631 -3.93963 -4.516 -3.33051 -1.56037 1.23982e-40 1.7161e+14 0.000203337 0.00115892 8.01088e-23 3.18646e-08 176432 0 0 8.10312e-25 0 0 0.00562293 0 0 0 0 0 0 0 0 0 0 
0.1105 -0.630809 -3.93081 -4.516 -3.32169 -1.56919 8.81373e-41 1.71603e+14 0.000203344 0.00115894 8.01088e-23 3.18638e-08 176437 0 0 8.10312e-25 0 0 0.00562293 0 0 0 0 0 0 0 0 0 0 
0.111 -0.621987 -3.92199 -4.516 -3.31286 -1.57801 6.26553e-41 1.71595e+14 0.000203351 0.00115897 8.01088e-23 3.18629e-08 176441 0 0 8.10313e-25 0 0 0.00562293 0 0 0 0 0 0 0 0 0 0 
0.1115 -0.613165 -3.91317 -4.516 -3.30404 -1.58683 4.45402e-41 1.71587e+14 0.000203358 0.00115899 8.01088e-23 3.18621e-08 176446 0 0 8.10313e-25 0 0 0.00562293 0 0 0 0 0 0 0 0 0 0 
0.112 -0.604343 -3.90434 -4.516 -3.29522 -1.59566 3.16623e-41 1.7158e+14 0.000203365 0.00115901 8.01088e-23 3.18613e-08 176450 0 0 8.10312e-25 0 0 0.00562293 0 0 0 0 0 0 0 0 0 0 
0.1125 -0.59552 -3.89552 -4.516 -3.28639 -1.60448 2.25076e-41 1.71572e+14 0.000203372 0.00115903 8.01088e-23 3.18605e-08 176454 0 0 8.10312e-25 0 0 0.00562293 0 0 0 0 0 0 0 0 0 0 
0.113 -0.586697 -3.8867 -4.516 -3.27757 -1.6133 1.59997e-41 1.71565e+14 0.000203379 0.00115906 8.01088e-23 3.18597e-08 176459 0 0 8.10312e-25 0 0 0.00562293 0 0 0 0 0 0 0 0 0 0 
0.1135 -0.577874 -3.87787 -4.516 -3.26874 -1.62213 1.13735e-41 1.71557e+14 0.000203386 0.00115908 8.01088e-23 3.18589e-08 176463 0 0 8.10312e-25 0 0 0.00562293 0 0 0 0 0 0 0 0 0 0 
0.114 -0.569051 -3.86905 -4.516 -3.25992 -1.63095 8.08478e-42 1.71549e+14 0.000203393 0.0011591 8.01088e-23 3.18581e-08 176468 0 0 8.10312e-25 0 0 0.00562293 0 0 0 0 0 0 0 0 0 0 
0.1145 -0.560228 -3.86023 -4.516 -3.25109 -1.63977 5.74699e-42 1.71542e+14 0.0002034 0.00115912 8.01088e-23 3.18573e-08 176472 0 0 8.10312e-25 0 0 0.00562293 0 0 0 0 0 0 0 0 0 0 
0.115 -0.551404 -3.8514 -4.516 -3.24227 -1.6486 4.08515e-42 1.71534e+14 0.000203407 0.00115915 8.01088e-23 3.18565e-08 176477 0 0 8.10312e-25 0 0 0.00562293 0 0 0 0 0 0 0 0 0 0 
0.1155 -0.54258 -3.84258 -4.516 -3.23344 -1.65742 2.90384e-42 1.71526e+14 0.000203414 0.00115917 8.01088e-23 3.18557e-08 176481 0 0 8.10312e-25 0 0 0.00562293 0 0 0 0 0 0 0 0 0 0 
0.116 -0.533756 -3.83376 -4.516 -3.22462 -1.66624 2.06411e-42 1.71519e+14 0.000203421 0.00115919 8.01088e-23 3.18549e-08 176485 0 0 8.10312e-25 0 0 0.00562293 0 0 0 0 0 0 0 0 0 0 
0.1165 -0.524931 -3.82493 -4.516 -3.21579 -1.67507 1.4672e-42 1.71511e+14 0.000203428 0.00115921 8.01088e-23 3.18541e-08 176490 0 0 8.10312e-25 0 0 0.00562293 0 0 0 0 0 0 0 0 0 0 
0.117 -0.516107 -3.81611 -4.516 -3.20696 -1.68389 1.0429e-42 1.71503e+14 0.000203435 0.00115924 8.01088e-23 3.18533e-08 176494 0 0 8.10313e-25 0 0 0.00562293 0 0 0 0 0 0 0 0 0 0 
0.1175 -0.507282 -3.80728 -4.516 -3.19814 -1.69272 7.413e-43 1.71496e+14 0.000203442 0.00115926 8.01088e-23 3.18525e-08 176499 0 0 8.10312e-25 0 0 0.00562293 0 0 0 0 0 0 0 0 0 0 
0.118 -0.498457 -3.79846 -4.516 -3.18931 -1.70154 5.26914e-43 1.71488e+14 0.000203449 0.00115928 8.01088e-23 3.18517e-08 176503 0 0 8.10312e-25 0 0 0.00562293 0 0 0 0 0 0 0 0 0 0 
0.1185 -0.489632 -3.78963 -4.516 -3.18048 -1.71037 3.74526e-43 1.71481e+14 0.000203456 0.0011593 8.01088e-23 3.18509e-08 176508 0 0 8.10312e-25 0 0 0.00562293 0 0 0 0 0 0 0 0 0 0 
0.119 -0.480806 -3.78081 -4.516 -3.17166 -1.71919 2.66208e-43 1.71473e+14 0.000203463 0.00115933 8.01088e-23 3.18501e-08 176512 0 0 8.10313e-25 0 0 0.00562293 0 0 0 0 0 0 0 0 0 0 
0.1195 -0.47198 -3.77198 -4.516 -3.16283 -1.72802 1.89215e-43 1.71465e+14 0.00020347 0.00115935 8.01088e-23 3.18494e-08 176516 0 0 8.10313e-25 0 0 0.00562293 0 0 0 0 0 0 0 0 0 0 
0.12 -0.463155 -3.76315 -4.516 -3.154 -1.73685 1.34489e-43 1.71458e+14 0.000203477 0.00115937 8.01088e-23 3.18486e-08 176521 0 0 8.10313e-25 0 0 0.00562293 0 0 0 0 0 0 0 0 0 0 
0.1205 -0.454328 -3.75433 -4.516 -3.14517 -1.74567 9.55902e-44 1.7145e+14 0.000203484 0.00115939 8.01088e-23 3.18478e-08 176525 0 0 8.10313e-25 0 0 0.00562293 0 0 0 0 0 0 0 0 0 0 
0.121 -0.445502 -3.7455 -4.516 -3.13635 -1.7545 6.79418e-44 1.71442e+14 0.000203491 0.00115942 8.01088e-23 3.1847e-08 176530 0 0 8.10313e-25 0 0 0.00562293 0 0 0 0 0 0 0 0 0 0 
0.1215 -0.436675 -3.73668 -4.516 -3.12752 -1.76332 4.829e-44 1.71435e+14 0.000203498 0.00115944 8.01088e-23 3.18462e-08 176534 0 0 8.10312e-25 0 0 0.00562293 0 0 0 0 0 0 0 0 0 0 
0.122 -0.427849 -3.72785 -4.516 -3.11869 -1.77215 3.4322e-44 1.71427e+14 0.000203505 0.00115946 8.01088e-23 3.18454e-08 176539 0 0 8.10312e-25 0 0 0.00562293 0 0 0 0 0 0 0 0 0 0 
0.1225 -0.419022 -3.71902 -4.516 -3.10986 -1.78098 2.43941e-44 1.7142e+14 0.000203512 0.00115948 8.01088e-23 3.18446e-08 176543 0 0 8.10313e-25 0 0 0.00562293 0 0 0 0 0 0 0 0 0 0 
0.123 -0.410194 -3.71019 -4.516 -3.10103 -1.78981 1.73378e-44 1.71412e+14 0.000203519 0.00115951 8.01088e-23 3.18438e-08 176547 0 0 8.10313e-25 0 0 0.00562293 0 0 0 0 0 0 0 0 0 0 
0.1235 -0.401367 -3.70137 -4.516 -3.0922 -1.79863 1.23225e-44 1.71404e+14 0.000203526 0.00115953 8.01088e-23 3.1843e-08 176552 0 0 8.10312e-25 0 0 0.00562293 0 0 0 0 0 0 0 0 0 0 
0.124 -0.392539 -3.69254 -4.516 -3.08337 -1.80746 8.7579e-45 1.71397e+14 0.000203533 0.00115955 8.01088e-23 3.18422e-08 176556 0 0 8.10313e-25 0 0 0.00562293 0 0 0 0 0 0 0 0 0 0 
0.1245 -0.383711 -3.68371 -4.516 -3.07454 -1.81629 6.2244e-45 1.71389e+14 0.00020354 0.00115957 8.01088e-23 3.18414e-08 176561 0 0 8.10313e-25 0 0 0.00562293 0 0 0 0 0 0 0 0 0 0 
0.125 -0.374883 -3.67488 -4.516 -3.06571 -1.82512 4.42376e-45 1.71381e+14 0.000203547 0.0011596 8.01088e-23 3.18406e-08 176565 0 0 8.10313e-25 0 0 0.00562293 0 0 0 0 0 0 0 0 0 0 
0.1255 -0.366055 -3.66605 -4.516 -3.05688 -1.83395 3.14399e-45 1.71374e+14 0.000203554 0.00115962 8.01088e-23 3.18398e-08 176570 0 0 8.10312e-25 0 0 0.00562293 0 0 0 0 0 0 0 0 0 0 
0.126 -0.357226 -3.65723 -4.516 -3.04805 -1.84277 2.23444e-45 1.71366e+14 0.000203561 0.00115964 8.01088e-23 3.1839e-08 176574 0 0 8.10312e-25 0 0 0.00562293 0 0 0 0 0 0 0 0 0 0 
0.1265 -0.348397 -3.6484 -4.516 -3.03922 -1.8516 1.588e-45 1.71359e+14 0.000203568 0.00115966 8.01088e-23 3.18382e-08 176578 0 0 8.10312e-25 0 0 0.00562293 0 0 0 0 0 0 0 0 0 0 
0.127 -0.339568 -3.63957 -4.516 -3.03039 -1.86043 1.12857e-45 1.71351e+14 0.000203575 0.00115969 8.01088e-23 3.18374e-08 176583 0 0 8.10312e-25 0 0 0.00562293 0 0 0 0 0 0 0 0 0 0 
0.1275 -0.330739 -3.63074 -4.516 -3.02156 -1.86926 8.02056e-46 1.71343e+14 0.000203582 0.00115971 8.01088e-23 3.18366e-08 176587 0 0 8.10312e-25 0 0 0.00562293 0 0 0 0 0 0 0 0 0 0 
0.128 -0.321909 -3.62191 -4.516 -3.01273 -1.87809 5.70002e-46 1.71336e+14 0.000203589 0.00115973 8.01088e-23 3.18358e-08 176592 0 0 8.10312e-25 0 0 0.00562293 0 0 0 0 0 0 0 0 0 0 
0.1285 -0.31308 -3.61308 -4.516 -3.0039 -1.88692 4.05083e-46 1.71328e+14 0.000203596 0.00115975 8.01088e-23 3.1835e-08 176596 0 0 8.10312e-25 0 0 0.00562293 0 0 0 0 0 0 0 0 0 0 
0.129 -0.30425 -3.60425 -4.516 -2.99507 -1.89575 2.87878e-46 1.71321e+14 0.000203603 0.00115978 8.01088e-23 3.18342e-08 176601 0 0 8.10312e-25 0 0 0.00562293 0 0 0 0 0 0 0 0 0 0 
0.1295 -0.29542 -3.59542 -4.516 -2.98624 -1.90458 2.04582e-46 1.71313e+14 0.00020361 0.0011598 8.01088e-23 3.18334e-08 176605 0 0 8.10312e-25 0 0 0.00562293 0 0 0 0 0 0 0 0 0 0 
0.13 -0.286589 -3.58659 -4.516 -2.97741 -1.91341 1.45387e-46 1.71305e+14 0.000203617 0.00115982 8.01088e-23 3.18326e-08 176609 0 0 8.10312e-25 0 0 0.00562293 0 0 0 0 0 0 0 0 0 0 
0.1305 -0.277759 -3.57776 -4.516 -2.96857 -1.92224 1.03318e-46 1.71298e+14 0.000203624 0.00115984 8.01088e-23 3.18318e-08 176614 0 0 8.10312e-25 0 0 0.00562293 0 0 0 0 0 0 0 0 0 0 
0.131 -0.268928 -3.56893 -4.516 -2.95974 -1.93107 7.34221e-47 1.7129e+14 0.000203631 0.00115987 8.01088e-23 3.1831e-08 176618 0 0 8.10312e-25 0 0 0.00562293 0 0 0 0 0 0 0 0 0 0 
0.1315 -0.260097 -3.5601 -4.516 -2.95091 -1.9399 5.21762e-47 1.71282e+14 0.000203638 0.00115989 8.01088e-23 3.18302e-08 176623 0 0 8.10312e-25 0 0 0.00562293 0 0 0 0 0 0 0 0 0 0 
0.132 -0.251266 -3.55127 -4.516 -2.94208 -1.94873 3.70778e-47 1.71275e+14 0.000203645 0.00115991 8.01088e-23 3.18294e-08 176627 0 0 8.10312e-25 0 0 0.00562293 0 0 0 0 0 0 0 0 0 0 
0.1325 -0.242434 -3.54243 -4.516 -2.93324 -1.95757 2.63483e-47 1.71267e+14 0.000203652 0.00115993 8.01088e-23 3.18286e-08 176632 0 0 8.10312e-25 0 0 0.00562293 0 0 0 0 0 0 0 0 0 0 
0.133 -0.233603 -3.5336 -4.516 -2.92441 -1.9664 1.87235e-47 1.7126e+14 0.000203659 0.00115995 8.01088e-23 3.18278e-08 176636 0 0 8.10313e-25 0 0 0.00562293 0 0 0 0 0 0 0 0 0 0 
0.1335 -0.224771 -3.52477 -4.516 -2.91558 -1.97523 1.33051e-47 1.71252e+14 0.000203666 0.00115998 8.01088e-23 3.1827e-08 176640 0 0 8.10313e-25 0 0 0.00562293 0 0 0 0 0 0 0 0 0 0 
0.134 -0.215938 -3.51594 -4.516 -2.90674 -1.98406 9.45461e-48 1.71244e+14 0.000203673 0.00116 8.01088e-23 3.18262e-08 176645 0 0 8.10313e-25 0 0 0.00562293 0 0 0 0 0 0 0 0 0 0 
0.1345 -0.207106 -3.50711 -4.516 -2.89791 -1.99289 6.71841e-48 1.71237e+14 0.00020368 0.00116002 8.01088e-23 3.18254e-08 176649 0 0 8.10313e-25 0 0 0.00562293 0 0 0 0 0 0 0 0 0 0 
0.135 -0.198274 -3.49827 -4.516 -2.88907 -2.00173 4.77404e-48 1.71229e+14 0.000203687 0.00116004 8.01088e-23 3.18246e-08 176654 0 0 8.10313e-25 0 0 0.00562293 0 0 0 0 0 0 0 0 0 0 
0.1355 -0.189441 -3.48944 -4.516 -2.88024 -2.01056 3.39236e-48 1.71222e+14 0.000203694 0.00116007 8.01088e-23 3.18238e-08 176658 0 0 8.10313e-25 0 0 0.00562293 0 0 0 0 0 0 0 0 0 0 
0.136 -0.180608 -3.48061 -4.516 -2.87141 -2.01939 2.41054e-48 1.71214e+14 0.000203701 0.00116009 8.01088e-23 3.1823e-08 176663 0 0 8.10312e-25 0 0 0.00562293 0 0 0 0 0 0 0 0 0 0 
0.1365 -0.171774 -3.47177 -4.516 -2.86257 -2.02823 1.71286e-48 1.71206e+14 0.000203708 0.00116011 8.01088e-23 3.18222e-08 176667 0 0 8.10312e-25 0 0 0.00562293 0 0 0 0 0 0 0 0 0 0 
0.137 -0.162941 -3.46294 -4.516 -2.85374 -2.03706 1.2171e-48 1.71199e+14 0.000203715 0.00116013 8.01088e-23 3.18214e-08 176671 0 0 8.10312e-25 0 0 0.00562293 0 0 0 0 0 0 0 0 0 0 
0.1375 -0.154107 -3.45411 -4.516 -2.8449 -2.04589 8.64823e-49 1.71191e+14 0.000203722 0.00116016 8.01088e-23 3.18206e-08 176676 0 0 8.10312e-25 0 0 0.00562293 0 0 0 0 0 0 0 0 0 0 
0.138 -0.145273 -3.44527 -4.516 -2.83606 -2.05473 6.14504e-49 1.71184e+14 0.000203729 0.00116018 8.01088e-23 3.18198e-08 176680 0 0 8.10312e-25 0 0 0.00562293 0 0 0 0 0 0 0 0 0 0 
0.1385 -0.136439 -3.43644 -4.516 -2.82723 -2.06356 4.36634e-49 1.71176e+14 0.000203736 0.0011602 8.01088e-23 3.1819e-08 176685 0 0 8.10312e-25 0 0 0.00562293 0 0 0 0 0 0 0 0 0 0 
0.139 -0.127605 -3.4276 -4.516 -2.81839 -2.0724 3.10247e-49 1.71168e+14 0.000203743 0.00116022 8.01088e-23 3.18182e-08 176689 0 0 8.10312e-25 0 0 0.00562293 0 0 0 0 0 0 0 0 0 0 
0.1395 -0.11877 -3.41877 -4.516 -2.80956 -2.08123 2.20442e-49 1.71161e+14 0.00020375 0.00116025 8.01088e-23 3.18174e-08 176694 0 0 8.10313e-25 0 0 0.00562293 0 0 0 0 0 0 0 0 0 0 
0.14 -0.109936 -3.40994 -4.516 -2.80072 -2.09006 1.5663e-49 1.71153e+14 0.000203757 0.00116027 8.01088e-23 3.18166e-08 176698 0 0 8.10313e-25 0 0 0.00562293 0 0 0 0 0 0 0 0 0 0 
0.1405 -0.101101 -3.4011 -4.516 -2.79188 -2.0989 1.1129e-49 1.71146e+14 0.000203764 0.00116029 8.01088e-23 3.18158e-08 176702 0 0 8.10312e-25 0 0 0.00562293 0 0 0 0 0 0 0 0 0 0 
0.141 -0.0922653 -3.39227 -4.516 -2.78305 -2.10773 7.90731e-50 1.71138e+14 0.000203771 0.00116031 8.01088e-23 3.1815e-08 176707 0 0 8.10312e-25 0 0 0.00562293 0 0 0 0 0 0 0 0 0 0 
0.1415 -0.0834299 -3.38343 -4.516 -2.77421 -2.11657 5.61824e-50 1.7113e+14 0.000203778 0.00116034 8.01088e-23 3.18143e-08 176711 0 0 8.10312e-25 0 0 0.00562293 0 0 0 0 0 0 0 0 0 0 
0.142 -0.0745942 -3.37459 -4.516 -2.76537 -2.12541 3.99179e-50 1.71123e+14 0.000203785 0.00116036 8.01088e-23 3.18135e-08 176716 0 0 8.10312e-25 0 0 0.00562293 0 0 0 0 0 0 0 0 0 0 
0.1425 -0.0657583 -3.36576 -4.516 -2.75654 -2.13424 2.83616e-50 1.71115e+14 0.000203792 0.00116038 8.01088e-23 3.18127e-08 176720 0 0 8.10312e-25 0 0 0.00562293 0 0 0 0 0 0 0 0 0 0 
0.143 -0.0569222 -3.35692 -4.516 -2.7477 -2.14308 2.01507e-50 1.71108e+14 0.000203799 0.0011604 8.01088e-23 3.18119e-08 176725 0 0 8.10312e-25 0 0 0.00562293 0 0 0 0 0 0 0 0 0 0 
0.1435 -0.0480859 -3.34809 -4.516 -2.73886 -2.15191 1.43168e-50 1.711e+14 0.000203806 0.00116043 8.01088e-23 3.18111e-08 176729 0 0 8.10312e-25 0 0 0.00562293 0 0 0 0 0 0 0 0 0 0 
0.144 -0.0392493 -3.33925 -4.516 -2.73002 -2.16075 1.01718e-50 1.71092e+14 0.000203813 0.00116045 8.01088e-23 3.18103e-08 176733 0 0 8.10312e-25 0 0 0.00562293 0 0 0 0 0 0 0 0 0 0 
0.1445 -0.0304125 -3.33041 -4.516 -2.72118 -2.16959 7.22684e-51 1.71085e+14 0.00020382 0.00116047 8.01088e-23 3.18095e-08 176738 0 0 8.10312e-25 0 0 0.00562293 0 0 0 0 0 0 0 0 0 0 
0.145 -0.0215755 -3.32158 -4.516 -2.71235 -2.17842 5.13445e-51 1.71077e+14 0.000203827 0.00116049 8.01088e-23 3.18087e-08 176742 0 0 8.10312e-25 0 0 0.00562293 0 0 0 0 0 0 0 0 0 0 
0.1455 -0.0127383 -3.31274 -4.516 -2.70351 -2.18726 3.64783e-51 1.7107e+14 0.000203834 0.00116052 8.01088e-23 3.18079e-08 176747 0 0 8.10313e-25 0 0 0.00562293 0 0 0 0 0 0 0 0 0 0 
0.146 -0.00390085 -3.3039 -4.516 -2.69467 -2.1961 2.59163e-51 1.71062e+14 0.000203841 0.00116054 8.01088e-23 3.18071e-08 176751 0 0 8.10313e-25 0 0 0.00562293 0 0 0 0 0 0 0 0 0 0 
0.1465 0.00493682 -3.29506 -4.516 -2.68583 -2.20494 1.84122e-51 1.71054e+14 0.000203848 0.00116056 8.01088e-23 3.18063e-08 176756 0 0 8.10312e-25 0 0 0.00562293 0 0 0 0 0 0 0 0 0 0 
0.147 0.0137747 -3.28623 -4.516 -2.67699 -2.21377 1.30809e-51 1.71047e+14 0.000203855 0.00116058 8.01088e-23 3.18055e-08 176760 0 0 8.10312e-25 0 0 0.00562293 0 0 0 0 0 0 0 0 0 0 
0.1475 0.0226128 -3.27739 -4.516 -2.66815 -2.22261 9.29316e-52 1.71039e+14 0.000203862 0.00116061 8.01088e-23 3.18047e-08 176764 0 0 8.10312e-25 0 0 0.00562293 0 0 0 0 0 0 0 0 0 0 
0.148 0.0314511 -3.26855 -4.516 -2.65931 -2.23145 6.60216e-52 1.71032e+14 0.000203869 0.00116063 8.01088e-23 3.18039e-08 176769 0 0 8.10312e-25 0 0 0.00562293 0 0 0 0 0 0 0 0 0 0 
0.1485 0.0402897 -3.25971 -4.516 -2.65047 -2.24029 4.69035e-52 1.71024e+14 0.000203876 0.00116065 8.01088e-23 3.18031e-08 176773 0 0 8.10312e-25 0 0 0.00562293 0 0 0 0 0 0 0 0 0 0 
0.149 0.0491285 -3.25087 -4.516 -2.64163 -2.24913 3.33212e-52 1.71017e+14 0.000203883 0.00116067 8.01088e-23 3.18023e-08 176778 0 0 8.10312e-25 0 0 0.00562293 0 0 0 0 0 0 0 0 0 0 
0.1495 0.0579675 -3.24203 -4.516 -2.63279 -2.25797 2.36718e-52 1.71009e+14 0.00020389 0.0011607 8.01088e-23 3.18015e-08 176782 0 0 8.10313e-25 0 0 0.00562293 0 0 0 0 0 0 0 0 0 0 
0.15 0.0668067 -3.23319 -4.516 -2.62395 -2.26681 1.68167e-52 1.71001e+14 0.000203897 0.00116072 8.01088e-23 3.18007e-08 176786 0 0 8.10313e-25 0 0 0.00562293 0 0 0 0 0 0 0 0 0 0 
0.1505 0.0756461 -3.22435 -4.516 -2.61511 -2.27565 1.19466e-52 1.70994e+14 0.000203904 0.00116074 8.01088e-23 3.17999e-08 176791 0 0 8.10313e-25 0 0 0.00562293 0 0 0 0 0 0 0 0 0 0 
0.151 0.0844858 -3.21551 -4.516 -2.60627 -2.28449 8.48682e-53 1.70986e+14 0.000203911 0.00116076 8.01088e-23 3.17991e-08 176795 0 0 8.10313e-25 0 0 0.00562293 0 0 0 0 0 0 0 0 0 0 
0.1515 0.0933256 -3.20667 -4.516 -2.59742 -2.29333 6.02895e-53 1.70979e+14 0.000203918 0.00116079 8.01088e-23 3.17983e-08 176800 0 0 8.10313e-25 0 0 0.00562293 0 0 0 0 0 0 0 0 0 0 
0.152 0.102166 -3.19783 -4.516 -2.58858 -2.30217 4.28287e-53 1.70971e+14 0.000203925 0.00116081 8.01088e-23 3.17976e-08 176804 0 0 8.10313e-25 0 0 0.00562293 0 0 0 0 0 0 0 0 0 0 
0.1525 0.111006 -3.18899 -4.516 -2.57974 -2.31101 3.04245e-53 1.70963e+14 0.000203932 0.00116083 8.01088e-23 3.17968e-08 176809 0 0 8.10313e-25 0 0 0.00562293 0 0 0 0 0 0 0 0 0 0 
0.153 0.119847 -3.18015 -4.516 -2.5709 -2.31985 2.16127e-53 1.70956e+14 0.000203939 0.00116085 8.01088e-23 3.1796e-08 176813 0 0 8.10313e-25 0 0 0.00562293 0 0 0 0 0 0 0 0 0 0 
0.1535 0.128687 -3.17131 -4.516 -2.56206 -2.32869 1.53529e-53 1.70948e+14 0.000203946 0.00116088 8.01088e-23 3.17952e-08 176817 0 0 8.10312e-25 0 0 0.00562293 0 0 0 0 0 0 0 0 0 0 
0.154 0.137528 -3.16247 -4.516 -2.55321 -2.33753 1.09061e-53 1.70941e+14 0.000203953 0.0011609 8.01088e-23 3.17944e-08 176822 0 0 8.10312e-25 0 0 0.00562293 0 0 0 0 0 0 0 0 0 0 
0.1545 0.14637 -3.15363 -4.516 -2.54437 -2.34637 7.7472e-54 1.70933e+14 0.00020396 0.00116092 8.01088e-23 3.17936e-08 176826 0 0 8.10313e-25 0 0 0.00562293 0 0 0 0 0 0 0 0 0 0 
0.155 0.155211 -3.14479 -4.516 -2.53553 -2.35521 5.5032e-54 1.70926e+14 0.000203967 0.00116094 8.01088e-23 3.17928e-08 176831 0 0 8.10312e-25 0 0 0.00562293 0 0 0 0 0 0 0 0 0 0 
0.1555 0.164053 -3.13595 -4.516 -2.52668 -2.36405 3.90915e-54 1.70918e+14 0.000203974 0.00116097 8.01088e-23 3.1792e-08 176835 0 0 8.10312e-25 0 0 0.00562293 0 0 0 0 0 0 0 0 0 0 
0.156 0.172894 -3.12711 -4.516 -2.51784 -2.37289 2.77681e-54 1.7091e+14 0.000203981 0.00116099 8.01088e-23 3.17912e-08 176839 0 0 8.10312e-25 0 0 0.00562293 0 0 0 0 0 0 0 0 0 0 
0.1565 0.181737 -3.11826 -4.516 -2.509 -2.38174 1.97245e-54 1.70903e+14 0.000203988 0.00116101 8.01088e-23 3.17904e-08 176844 0 0 8.10312e-25 0 0 0.00562293 0 0 0 0 0 0 0 0 0 0 
0.157 0.190579 -3.10942 -4.516 -2.50015 -2.39058 1.40108e-54 1.70895e+14 0.000203995 0.00116103 8.01088e-23 3.17896e-08 176848 0 0 8.10312e-25 0 0 0.00562293 0 0 0 0 0 0 0 0 0 0 
0.1575 0.199421 -3.10058 -4.516 -2.49131 -2.39942 9.95208e-55 1.70888e+14 0.000204002 0.00116106 8.01088e-23 3.17888e-08 176853 0 0 8.10312e-25 0 0 0.00562293 0 0 0 0 0 0 0 0 0 0 
0.158 0.208264 -3.09174 -4.516 -2.48247 -2.40826 7.06907e-55 1.7088e+14 0.000204009 0.00116108 8.01088e-23 3.1788e-08 176857 0 0 8.10312e-25 0 0 0.00562293 0 0 0 0 0 0 0 0 0 0 
0.1585 0.217107 -3.08289 -4.516 -2.47362 -2.41711 5.0212e-55 1.70872e+14 0.000204016 0.0011611 8.01088e-23 3.17872e-08 176862 0 0 8.10312e-25 0 0 0.00562293 0 0 0 0 0 0 0 0 0 0 
0.159 0.22595 -3.07405 -4.516 -2.46478 -2.42595 3.56655e-55 1.70865e+14 0.000204023 0.00116112 8.01088e-23 3.17864e-08 176866 0 0 8.10313e-25 0 0 0.00562293 0 0 0 0 0 0 0 0 0 0 
0.1595 0.234794 -3.06521 -4.516 -2.45593 -2.43479 2.53329e-55 1.70857e+14 0.00020403 0.00116115 8.01088e-23 3.17856e-08 176870 0 0 8.10313e-25 0 0 0.00562293 0 0 0 0 0 0 0 0 0 0 
0.16 0.243637 -3.05636 -4.516 -2.44709 -2.44364 1.79937e-55 1.7085e+14 0.000204037 0.00116117 8.01088e-23 3.17849e-08 176875 0 0 8.10312e-25 0 0 0.00562293 0 0 0 0 0 0 0 0 0 0 
0.1605 0.252481 -3.04752 -4.516 -2.43824 -2.45248 1.27805e-55 1.70842e+14 0.000204044 0.00116119 8.01088e-23 3.17841e-08 176879 0 0 8.10312e-25 0 0 0.00562293 0 0 0 0 0 0 0 0 0 0 
0.161 0.261325 -3.03867 -4.516 -2.42939 -2.46133 9.0777e-56 1.70835e+14 0.000204051 0.00116121 8.01088e-23 3.17833e-08 176884 0 0 8.10312e-25 0 0 0.00562293 0 0 0 0 0 0 0 0 0 0 
0.1615 0.27017 -3.02983 -4.516 -2.42055 -2.47017 6.4476e-56 1.70827e+14 0.000204058 0.00116124 8.01088e-23 3.17825e-08 176888 0 0 8.10312e-25 0 0 0.00562293 0 0 0 0 0 0 0 0 0 0 
0.162 0.279014 -3.02099 -4.516 -2.4117 -2.47901 4.57949e-56 1.70819e+14 0.000204065 0.00116126 8.01088e-23 3.17817e-08 176893 0 0 8.10312e-25 0 0 0.00562293 0 0 0 0 0 0 0 0 0 0 
0.1625 0.287859 -3.01214 -4.516 -2.40286 -2.48786 3.25261e-56 1.70812e+14 0.000204072 0.00116128 8.01088e-23 3.17809e-08 176897 0 0 8.10312e-25 0 0 0.00562293 0 0 0 0 0 0 0 0 0 0 
0.163 0.296704 -3.0033 -4.516 -2.39401 -2.4967 2.31017e-56 1.70804e+14 0.00020408 0.0011613 8.01088e-23 3.17801e-08 176901 0 0 8.10312e-25 0 0 0.00562293 0 0 0 0 0 0 0 0 0 0 
0.1635 0.305549 -2.99445 -4.516 -2.38516 -2.50555 1.64078e-56 1.70797e+14 0.000204087 0.00116133 8.01088e-23 3.17793e-08 176906 0 0 8.10313e-25 0 0 0.00562293 0 0 0 0 0 0 0 0 0 0 
0.164 0.314394 -2.98561 -4.516 -2.37632 -2.51439 1.16535e-56 1.70789e+14 0.000204094 0.00116135 8.01088e-23 3.17785e-08 176910 0 0 8.10312e-25 0 0 0.00562293 0 0 0 0 0 0 0 0 0 0 
0.1645 0.32324 -2.97676 -4.516 -2.36747 -2.52324 8.27667e-57 1.70782e+14 0.000204101 0.00116137 8.01088e-23 3.17777e-08 176915 0 0 8.10312e-25 0 0 0.00562293 0 0 0 0 0 0 0 0 0 0 
0.165 0.332086 -2.96791 -4.516 -2.35862 -2.53209 5.87831e-57 1.70774e+14 0.000204108 0.00116139 8.01088e-23 3.17769e-08 176919 0 0 8.10313e-25 0 0 0.00562293 0 0 0 0 0 0 0 0 0 0 
0.1655 0.340932 -2.95907 -4.516 -2.34977 -2.54093 4.17489e-57 1.70767e+14 0.000204115 0.00116142 8.01088e-23 3.17761e-08 176923 0 0 8.10313e-25 0 0 0.00562293 0 0 0 0 0 0 0 0 0 0 
0.166 0.349778 -2.95022 -4.516 -2.34093 -2.54978 2.96507e-57 1.70759e+14 0.000204122 0.00116144 8.01088e-23 3.17753e-08 176928 0 0 8.10312e-25 0 0 0.00562293 0 0 0 0 0 0 0 0 0 0 
0.1665 0.358625 -2.94138 -4.516 -2.33208 -2.55862 2.10581e-57 1.70751e+14 0.000204129 0.00116146 8.01088e-23 3.17745e-08 176932 0 0 8.10313e-25 0 0 0.00562293 0 0 0 0 0 0 0 0 0 0 
0.167 0.367471 -2.93253 -4.516 -2.32323 -2.56747 1.49555e-57 1.70744e+14 0.000204136 0.00116148 8.01088e-23 3.17738e-08 176937 0 0 8.10313e-25 0 0 0.00562293 0 0 0 0 0 0 0 0 0 0 
0.1675 0.376318 -2.92368 -4.516 -2.31438 -2.57632 1.06214e-57 1.70736e+14 0.000204143 0.00116151 8.01088e-23 3.1773e-08 176941 0 0 8.10312e-25 0 0 0.00562293 0 0 0 0 0 0 0 0 0 0 
0.168 0.385165 -2.91483 -4.516 -2.30553 -2.58517 7.54318e-58 1.70729e+14 0.00020415 0.00116153 8.01088e-23 3.17722e-08 176945 0 0 8.10312e-25 0 0 0.00562293 0 0 0 0 0 0 0 0 0 0 
0.1685 0.394013 -2.90599 -4.516 -2.29668 -2.59401 5.35704e-58 1.70721e+14 0.000204157 0.00116155 8.01088e-23 3.17714e-08 176950 0 0 8.10312e-25 0 0 0.00562293 0 0 0 0 0 0 0 0 0 0 
0.169 0.40286 -2.89714 -4.516 -2.28783 -2.60286 3.80445e-58 1.70714e+14 0.000204164 0.00116157 8.01088e-23 3.17706e-08 176954 0 0 8.10312e-25 0 0 0.00562293 0 0 0 0 0 0 0 0 0 0 
0.1695 0.411708 -2.88829 -4.516 -2.27899 -2.61171 2.70181e-58 1.70706e+14 0.000204171 0.0011616 8.01088e-23 3.17698e-08 176959 0 0 8.10313e-25 0 0 0.00562293 0 0 0 0 0 0 0 0 0 0 
0.17 0.420556 -2.87944 -4.516 -2.27014 -2.62056 1.91873e-58 1.70698e+14 0.000204178 0.00116162 8.01088e-23 3.1769e-08 176963 0 0 8.10313e-25 0 0 0.00562293 0 0 0 0 0 0 0 0 0 0 
0.1705 0.429405 -2.8706 -4.516 -2.26129 -2.6294 1.36261e-58 1.70691e+14 0.000204185 0.00116164 8.01088e-23 3.17682e-08 176968 0 0 8.10312e-25 0 0 0.00562293 0 0 0 0 0 0 0 0 0 0 
0.171 0.438253 -2.86175 -4.516 -2.25244 -2.63825 9.6766e-59 1.70683e+14 0.000204192 0.00116166 8.01088e-23 3.17674e-08 176972 0 0 8.10312e-25 0 0 0.00562293 0 0 0 0 0 0 0 0 0 0 
0.1715 0.447102 -2.8529 -4.516 -2.24359 -2.6471 6.87181e-59 1.70676e+14 0.000204199 0.00116169 8.01088e-23 3.17666e-08 176976 0 0 8.10312e-25 0 0 0.00562293 0 0 0 0 0 0 0 0 0 0 
0.172 0.455951 -2.84405 -4.516 -2.23474 -2.65595 4.87995e-59 1.70668e+14 0.000204206 0.00116171 8.01088e-23 3.17658e-08 176981 0 0 8.10312e-25 0 0 0.00562293 0 0 0 0 0 0 0 0 0 0 
0.1725 0.4648 -2.8352 -4.516 -2.22588 -2.6648 3.46543e-59 1.70661e+14 0.000204213 0.00116173 8.01088e-23 3.1765e-08 176985 0 0 8.10312e-25 0 0 0.00562293 0 0 0 0 0 0 0 0 0 0 
0.173 0.473649 -2.82635 -4.516 -2.21703 -2.67365 2.4609e-59 1.70653e+14 0.00020422 0.00116175 8.01088e-23 3.17643e-08 176990 0 0 8.10313e-25 0 0 0.00562293 0 0 0 0 0 0 0 0 0 0 
0.1735 0.482499 -2.8175 -4.516 -2.20818 -2.6825 1.74754e-59 1.70646e+14 0.000204227 0.00116178 8.01088e-23 3.17635e-08 176994 0 0 8.10313e-25 0 0 0.00562293 0 0 0 0 0 0 0 0 0 0 
0.174 0.491349 -2.80865 -4.516 -2.19933 -2.69135 1.24096e-59 1.70638e+14 0.000204234 0.0011618 8.01088e-23 3.17627e-08 176998 0 0 8.10313e-25 0 0 0.00562293 0 0 0 0 0 0 0 0 0 0 
0.1745 0.500199 -2.7998 -4.516 -2.19048 -2.7002 8.81219e-60 1.7063e+14 0.000204241 0.00116182 8.01088e-23 3.17619e-08 177003 0 0 8.10313e-25 0 0 0.00562293 0 0 0 0 0 0 0 0 0 0 
0.175 0.509049 -2.79095 -4.516 -2.18163 -2.70905 6.25758e-60 1.70623e+14 0.000204248 0.00116184 8.01088e-23 3.17611e-08 177007 0 0 8.10312e-25 0 0 0.00562293 0 0 0 0 0 0 0 0 0 0 
0.1755 0.517899 -2.7821 -4.516 -2.17278 -2.7179 4.4435e-60 1.70615e+14 0.000204255 0.00116187 8.01088e-23 3.17603e-08 177012 0 0 8.10312e-25 0 0 0.00562293 0 0 0 0 0 0 0 0 0 0 
0.176 0.52675 -2.77325 -4.516 -2.16392 -2.72675 3.1553e-60 1.70608e+14 0.000204262 0.00116189 8.01088e-23 3.17595e-08 177016 0 0 8.10313e-25 0 0 0.00562293 0 0 0 0 0 0 0 0 0 0 
0.1765 0.535601 -2.7644 -4.516 -2.15507 -2.7356 2.24053e-60 1.706e+14 0.000204269 0.00116191 8.01088e-23 3.17587e-08 177020 0 0 8.10313e-25 0 0 0.00562293 0 0 0 0 0 0 0 0 0 0 
0.177 0.544452 -2.75555 -4.516 -2.14622 -2.74445 1.59096e-60 1.70593e+14 0.000204276 0.00116193 8.01088e-23 3.17579e-08 177025 0 0 8.10313e-25 0 0 0.00562293 0 0 0 0 0 0 0 0 0 0 
0.1775 0.553303 -2.7467 -4.516 -2.13737 -2.7533 1.1297e-60 1.70585e+14 0.000204283 0.00116196 8.01088e-23 3.17571e-08 177029 0 0 8.10312e-25 0 0 0.00562293 0 0 0 0 0 0 0 0 0 0 
0.178 0.562155 -2.73784 -4.516 -2.12851 -2.76216 8.02165e-61 1.70577e+14 0.00020429 0.00116198 8.01088e-23 3.17563e-08 177034 0 0 8.10312e-25 0 0 0.00562293 0 0 0 0 0 0 0 0 0 0 
0.1785 0.571007 -2.72899 -4.516 -2.11966 -2.77101 5.69587e-61 1.7057e+14 0.000204297 0.001162 8.01088e-23 3.17555e-08 177038 0 0 8.10312e-25 0 0 0.00562293 0 0 0 0 0 0 0 0 0 0 
0.179 0.579859 -2.72014 -4.516 -2.11081 -2.77986 4.04439e-61 1.70562e+14 0.000204304 0.00116202 8.01088e-23 3.17547e-08 177043 0 0 8.10313e-25 0 0 0.00562293 0 0 0 0 0 0 0 0 0 0 
0.1795 0.588711 -2.71129 -4.516 -2.10195 -2.78871 2.87172e-61 1.70554e+14 0.000204311 0.00116205 8.01088e-23 3.17538e-08 177047 0 0 8.10313e-25 0 0 0.00562293 0 0 0 0 0 0 0 0 0 0 
0.18 0.597564 -2.70244 -4.516 -2.0931 -2.79756 2.03905e-61 1.70547e+14 0.000204318 0.00116207 8.01088e-23 3.1753e-08 177051 0 0 8.10312e-25 0 0 0.00562293 0 0 0 0 0 0 0 0 0 0 
0.1805 0.606416 -2.69358 -4.516 -2.08424 -2.80642 1.4478e-61 1.70539e+14 0.000204325 0.00116209 8.01088e-23 3.17521e-08 177056 0 0 8.10312e-25 0 0 0.00562293 0 0 0 0 0 0 0 0 0 0 
0.181 0.615269 -2.68473 -4.516 -2.07539 -2.81527 1.02799e-61 1.70531e+14 0.000204332 0.00116211 8.01088e-23 3.17513e-08 177060 0 0 8.10312e-25 0 0 0.00562293 0 0 0 0 0 0 0 0 0 0 
0.1815 0.624122 -2.67588 -4.516 -2.06653 -2.82412 7.29897e-62 1.70523e+14 0.000204339 0.00116213 8.01088e-23 3.17503e-08 177065 0 0 8.10313e-25 0 0 0.00562293 0 0 0 0 0 0 0 0 0 0 
0.182 0.632976 -2.66702 -4.516 -2.05768 -2.83298 5.18242e-62 1.70514e+14 0.000204346 0.00116215 8.01088e-23 3.17493e-08 177069 0 0 8.10313e-25 0 0 0.00562293 0 0 0 0 0 0 0 0 0 0 
0.1825 0.641829 -2.65817 -4.516 -2.04882 -2.84183 3.67959e-62 1.70506e+14 0.000204353 0.00116217 8.01088e-23 3.17483e-08 177073 0 0 8.10312e-25 0 0 0.00562293 0 0 0 0 0 0 0 0 0 0 
0.183 0.650683 -2.64932 -4.516 -2.03997 -2.85068 2.61254e-62 1.70497e+14 0.00020436 0.00116219 8.01088e-23 3.17471e-08 177078 0 0 8.10312e-25 0 0 0.00562293 0 0 0 0 0 0 0 0 0 0 
0.1835 0.659537 -2.64046 -4.516 -2.03111 -2.85954 1.85491e-62 1.70487e+14 0.000204367 0.00116221 8.01088e-23 3.17457e-08 177082 0 0 8.10312e-25 0 0 0.00562293 0 0 0 0 0 0 0 0 0 0 
0.184 0.668391 -2.63161 -4.516 -2.02226 -2.86839 1.31698e-62 1.70476e+14 0.000204374 0.00116222 8.01088e-23 3.17441e-08 177087 0 0 8.10312e-25 0 0 0.00562293 0 0 0 0 0 0 0 0 0 0 
0.1845 0.677246 -2.62275 -4.516 -2.0134 -2.87725 9.35039e-63 1.70464e+14 0.000204381 0.00116224 8.01088e-23 3.17422e-08 177091 0 0 8.10313e-25 0 0 0.00562293 0 0 0 0 0 0 0 0 0 0 
0.185 0.6861 -2.6139 -4.516 -2.00454 -2.8861 6.63863e-63 1.7045e+14 0.000204388 0.00116224 8.01088e-23 3.17399e-08 177095 0 0 8.10313e-25 0 0 0.00562293 0 0 0 0 0 0 0 0 0 0 
0.1855 0.694955 -2.60504 -4.516 -1.99568 -2.89496 4.71328e-63 1.70434e+14 0.000204395 0.00116225 8.01088e-23 3.17369e-08 177100 0 0 8.10312e-25 0 0 0.00562293 0 0 0 0 0 0 0 0 0 0 
0.186 0.70381 -2.59619 -4.516 -1.98682 -2.90381 3.34629e-63 1.70414e+14 0.000204402 0.00116224 8.01088e-23 3.1733e-08 177104 0 0 8.10312e-25 0 0 0.00562293 0 0 0 0 0 0 0 0 0 0 
0.1865 0.712666 -2.58733 -4.516 -1.97796 -2.91267 2.37575e-63 1.70389e+14 0.000204409 0.00116222 8.01088e-23 3.17279e-08 177109 0 0 8.10313e-25 0 0 0.00562293 0 0 0 0 0 0 0 0 0 0 
0.187 0.721521 -2.57848 -4.516 -1.9691 -2.92152 1.68669e-63 1.70357e+14 0.000204416 0.00116219 8.01088e-23 3.1721e-08 177113 0 0 8.10313e-25 0 0 0.00562293 0 0 0 0 0 0 0 0 0 0 
0.1875 0.730377 -2.56962 -4.516 -1.96024 -2.93038 1.19747e-63 1.70315e+14 0.000204423 0.00116213 8.01088e-23 3.17116e-08 177117 0 0 8.10312e-25 0 0 0.00562293 0 0 0 0 0 0 0 0 0 0 
0.188 0.739233 -2.56077 -4.516 -1.95137 -2.93923 8.50141e-64 1.70259e+14 0.00020443 0.00116204 8.01088e-23 3.16987e-08 177122 0 0 8.10312e-25 0 0 0.00562293 0 0 0 0 0 0 0 0 0 0 
0.1885 0.748089 -2.55191 -4.516 -1.9425 -2.94809 6.03551e-64 1.70183e+14 0.000204437 0.00116191 8.01088e-23 3.16809e-08 177126 0 0 8.10312e-25 0 0 0.00562293 0 0 0 0 0 0 0 0 0 0 
0.189 0.756945 -2.54305 -4.516 -1.93362 -2.95695 4.28482e-64 1.70079e+14 0.000204444 0.00116171 8.01088e-23 3.16561e-08 177131 0 0 8.10313e-25 0 0 0.00562293 0 0 0 0 0 0 0 0 0 0 
0.1895 0.765802 -2.5342 -4.516 -1.92473 -2.9658 3.04192e-64 1.69936e+14 0.000204451 0.00116142 8.01088e-23 3.16215e-08 177135 0 0 8.10313e-25 0 0 0.00562293 0 0 0 0 0 0 0 0 0 0 
0.19 0.774659 -2.52534 -4.516 -1.91584 -2.97466 2.15953e-64 1.69737e+14 0.000204458 0.001161 8.01088e-23 3.15732e-08 177139 0 0 8.10312e-25 0 0 0.00562294 0 0 0 0 0 0 0 0 0 0 
0.1905 0.783516 -2.51648 -4.516 -1.90692 -2.98352 1.53309e-64 1.6946e+14 0.000204465 0.0011604 8.01088e-23 3.15055e-08 177144 0 0 8.10312e-25 0 0 0.00562294 0 0 0 0 0 0 0 0 0 0 
0.191 0.792373 -2.50763 -4.516 -1.89798 -2.99237 1.08836e-64 1.69074e+14 0.000204472 0.00115955 8.01088e-23 3.14105e-08 177148 0 0 8.10312e-25 0 0 0.00562294 0 0 0 0 0 0 0 0 0 0 
0.1915 0.801231 -2.49877 -4.516 -1.88901 -3.00123 7.7263e-65 1.68533e+14 0.000204479 0.00115833 8.01088e-23 3.12772e-08 177153 0 0 8.10312e-25 0 0 0.00562294 0 0 0 0 0 0 0 0 0 0 
0.192 0.810089 -2.48991 -4.516 -1.88 -3.01009 5.48489e-65 1.67773e+14 0.000204486 0.00115661 8.01088e-23 3.10899e-08 177157 0 0 8.10312e-25 0 0 0.00562295 0 0 0 0 0 0 0 0 0 0 
0.1925 0.818947 -2.48105 -4.516 -1.87092 -3.01895 3.89369e-65 1.66704e+14 0.000204493 0.00115417 8.01088e-23 3.08265e-08 177161 0 0 8.10312e-25 0 0 0.00562296 0 0 0 0 0 0 0 0 0 0 
0.193 0.827805 -2.4722 -4.516 -1.86174 -3.0278 2.76408e-65 1.65198e+14 0.000204499 0.00115069 8.01088e-23 3.04561e-08 177166 0 0 8.10312e-25 0 0 0.00562296 0 0 0 0 0 0 0 0 0 0 
0.1935 0.836663 -2.46334 -4.516 -1.85243 -3.03666 1.96217e-65 1.63073e+14 0.000204506 0.00114575 8.01088e-23 2.99351e-08 177170 0 0 8.10313e-25 0 0 0.00562297 0 0 0 0 0 0 0 0 0 0 
0.194 0.845522 -2.45448 -4.516 -1.84292 -3.04552 1.3929e-65 1.60066e+14 0.000204513 0.00113869 8.01088e-23 2.92021e-08 177174 0 0 8.10313e-25 0 0 0.00562298 0 0 0 0 0 0 0 0 0 0 
0.1945 0.85438 -2.44562 -4.516 -1.83312 -3.05438 9.88776e-66 1.55801e+14 0.000204519 0.00112854 8.01088e-23 2.81706e-08 177178 0 0 8.10312e-25 0 0 0.00562299 0 0 0 0 0 0 0 0 0 0 
0.195 0.863239 -2.43676 -4.516 -1.82288 -3.06324 7.01897e-66 1.49724e+14 0.000204526 0.00111384 8.01088e-23 2.67192e-08 177182 0 0 8.10312e-25 0 0 0.00562301 0 0 0 0 0 0 0 0 0 0 
0.1955 0.872099 -2.4279 -4.516 -1.81194 -3.0721 4.98248e-66 1.41014e+14 0.000204532 0.00109224 8.01088e-23 2.46768e-08 177186 0 0 8.10313e-25 0 0 0.00562302 0 0 0 0 0 0 0 0 0 0 
0.196 0.880958 -2.41904 -4.516 -1.79984 -3.08096 3.53684e-66 1.28413e+14 0.000204537 0.00105979 8.01088e-23 2.18043e-08 177189 0 0 8.10313e-25 0 0 0.00562304 0 0 0 0 0 0 0 0 0 0 
0.1965 0.889818 -2.41018 -4.516 -1.78563 -3.08982 2.51062e-66 1.09909e+14 0.000204542 0.00100917 8.01088e-23 1.77708e-08 177192 0 0 8.10312e-25 0 0 0.00562305 0 0 0 0 0 0 0 0 0 0 
0.197 0.898677 -2.40132 -4.516 -1.76684 -3.09868 1.78215e-66 8.20605e+13 0.000204546 0.00092413 8.01088e-23 1.215e-08 177195 0 0 8.10312e-25 0 0 0.00562306 0 0 0 0 0 0 0 0 0 0 
0.1975 0.907537 -2.39246 -4.516 -1.7336 -3.10754 1.26505e-66 3.93542e+13 0.000204548 0.000756194 8.01088e-23 4.76798e-09 177196 0 0 8.10313e-25 0 0 0.00562306 0 0 0 0 0 0 0 0 0 0 
0.198 0.916397 -2.3836 -4.516 -1.6174 -3.1164 8.97985e-67 1.12789e+12 0.000204549 0.000394139 8.01088e-23 7.12239e-11 177197 0 0 8.10314e-25 0 0 0.00562306 0 0 0 0 0 0 0 0 0 0 
0.198 0.916397 -2.3836 -4.516 -1.6174 -3.1164 8.97985e-67 1.12789e+12 0.011878 0.0228873 8.01088e-23 4.13592e-09 1.38231e+06 0 0 8.10312e-25 0 0 0.00562293 0 0 0 0 0 1.13879e+20 0 0 0 0 
0.198409 0.972985 -2.32702 -4.516 -1.53926 -3.17298 1.00609e-67 5.24131e+11 0.011878 0.0209028 8.01088e-23 1.75531e-09 2.57398e+06 0 0 8.10312e-25 0 0 0.00562293 0 0 0 0 0 1.1261e+20 0 0 0 0 
0.198752 1.09522 -2.20478 -4.516 -1.40592 -3.29522 8.89651e-70 3.52495e+11 0.011878 0.0200449 8.01088e-23 1.13205e-09 4.56128e+06 0 0 8.10311e-25 0 0 0.00562293 0 0 0 0 0 1.11956e+20 0 0 0 0 
0.199038 1.24952 -2.05048 -4.516 -1.24484 -3.44952 2.27565e-72 2.76418e+11 0.011878 0.0195669 8.01088e-23 8.66561e-10 6.21536e+06 0 0 8.10311e-25 0 0 0.00562293 0 0 0 0 0 1.11556e+20 0 0 0 0 
0.199277 1.41484 -1.88516 -4.516 -1.07463 -3.61484 3.79987e-75 2.31978e+11 0.011878 0.0192428 8.01088e-23 7.15198e-10 7.59434e+06 0 0 8.10315e-25 0 0 0.00562293 0 0 0 0 0 1.11269e+20 0 0 0 0 
0.199478 1.57841 -1.72159 -4.516 -0.908105 -3.77841 6.79142e-78 2.08601e+11 0.011878 0.0190542 8.01088e-23 6.36821e-10 8.74512e+06 0 0 8.10316e-25 0 0 0.00562293 0 0 0 0 0 1.11095e+20 0 0 0 0 
0.199645 1.73287 -1.56713 -4.516 -0.750146 -3.93287 1.72655e-80 1.83923e+11 0.011878 0.0188379 8.01088e-23 5.5511e-10 9.70581e+06 0 0 8.10314e-25 0 0 0.00562293 0 0 0 0 0 1.10889e+20 0 0 0 0 
0.199785 1.87437 -1.42563 -4.516 -0.608818 -4.07437 7.24487e-83 1.85086e+11 0.011878 0.0188485 8.01088e-23 5.58935e-10 1.05085e+07 0 0 8.10314e-25 0 0 0.00562293 0 0 0 0 0 1.10899e+20 0 0 0 0 
0.199902 2.00133 -1.29867 -4.516 -0.474754 -4.20133 5.33563e-85 1.433e+11 0.011878 0.0184313 8.01088e-23 4.23167e-10 1.11785e+07 0 0 8.10316e-25 0 0 0.00562293 0 0 0 0 0 1.10481e+20 0 0 0 0 
0.2 2.11351 -1.18649 -4.516 -0.374477 -4.31351 6.95996e-87 2.19973e+11 0.011878 0.0191477 8.01088e-23 6.74832e-10 1.14581e+07 0 0 8.10318e-25 0 0 0.00562293 0 0 0 0 0 1.11182e+20 0 0 0 0 