# ASCII 1D datafile generated by TiberCAD
# x Ec Ev eQFermi hQFermi ElPotential eDensity hDensity eMobility hMobility eConductivity hConductivity ElField_x ElField_y ElField_z eCurrentDensity_x eCurrentDensity_y eCurrentDensity_z hCurrentDensity_x hCurrentDensity_y hCurrentDensity_z IonizedDonors IonizedAcceptors IonizedElectronTraps IonizedHoleTraps eNetRecombination eLangevinRecombination hNetRecombination hLangevinRecombination 
0 0.975 -2.325 -0.930805 -1.72401 -3.175 1.57428e-07 2.16139e+14 9.74827e-05 0.000601639 8.01088e-23 2.08344e-08 2522.42 0 0 2.92432e-25 0 0 7.02756e-05 0 0 0 0 0 0 0 0 0 0 
9.79066e-05 0.975025 -2.32498 -0.930805 -1.72398 -3.17502 1.57277e-07 2.16089e+14 9.74827e-05 0.00060159 8.01088e-23 2.08278e-08 2522.96 0 0 2.92432e-25 0 0 7.02756e-05 0 0 0 0 0 0 0 0 0 0 
0.000214985 0.975054 -2.32495 -0.930805 -1.72394 -3.17505 1.57098e-07 2.16028e+14 9.74827e-05 0.00060153 8.01088e-23 2.08198e-08 2524.27 0 0 2.92431e-25 0 0 7.02756e-05 0 0 0 0 0 0 0 0 0 0 
0.000354988 0.97509 -2.32491 -0.930805 -1.72389 -3.17509 1.56883e-07 2.15955e+14 9.74827e-05 0.000601459 8.01088e-23 2.08104e-08 2525.83 0 0 2.92432e-25 0 0 7.02755e-05 0 0 0 0 0 0 0 0 0 0 
0.000522406 0.975132 -2.32487 -0.930805 -1.72383 -3.17513 1.56627e-07 2.15869e+14 9.74828e-05 0.000601373 8.01088e-23 2.07991e-08 2527.7 0 0 2.92432e-25 0 0 7.02755e-05 0 0 0 0 0 0 0 0 0 0 
0.000722606 0.975183 -2.32482 -0.930805 -1.72376 -3.17518 1.5632e-07 2.15765e+14 9.74828e-05 0.000601271 8.01088e-23 2.07855e-08 2529.94 0 0 2.92432e-25 0 0 7.02755e-05 0 0 0 0 0 0 0 0 0 0 
0.000962009 0.975243 -2.32476 -0.930805 -1.72368 -3.17524 1.55954e-07 2.15641e+14 9.74828e-05 0.000601149 8.01088e-23 2.07694e-08 2532.61 0 0 2.92433e-25 0 0 7.02755e-05 0 0 0 0 0 0 0 0 0 0 
0.00124829 0.975316 -2.32468 -0.930805 -1.72359 -3.17532 1.55517e-07 2.15493e+14 9.74828e-05 0.000601004 8.01088e-23 2.07501e-08 2535.8 0 0 2.92433e-25 0 0 7.02755e-05 0 0 0 0 0 0 0 0 0 0 
0.00159063 0.975403 -2.3246 -0.930805 -1.72347 -3.1754 1.54996e-07 2.15316e+14 9.74829e-05 0.00060083 8.01088e-23 2.0727e-08 2539.61 0 0 2.92433e-25 0 0 7.02754e-05 0 0 0 0 0 0 0 0 0 0 
0.002 0.975507 -2.32449 -0.930805 -1.72333 -3.17551 1.54373e-07 2.15104e+14 9.74829e-05 0.000600621 8.01088e-23 2.06995e-08 2541.89 0 0 2.92433e-25 0 0 7.02754e-05 0 0 0 0 0 0 0 0 0 0 
0.002 0.975507 -2.32449 -0.930805 -1.72333 -3.17551 1.54373e-07 2.15104e+14 9.7483e-05 0.000600622 8.01088e-23 2.06995e-08 2546.94 0 0 2.92433e-25 0 0 7.02754e-05 0 0 0 0 0 0 0 0 0 0 
0.0025 0.975634 -2.32437 -0.930805 -1.72316 -3.17563 1.53615e-07 2.14846e+14 9.7483e-05 0.000600367 8.01088e-23 2.06659e-08 2549.72 0 0 2.92433e-25 0 0 7.02753e-05 0 0 0 0 0 0 0 0 0 0 
0.003 0.975762 -2.32424 -0.930805 -1.72299 -3.17576 1.52858e-07 2.14589e+14 9.7483e-05 0.000600114 8.01088e-23 2.06324e-08 2555.27 0 0 2.92433e-25 0 0 7.02753e-05 0 0 0 0 0 0 0 0 0 0 
0.0035 0.975889 -2.32411 -0.930805 -1.72282 -3.17589 1.52104e-07 2.14331e+14 9.74831e-05 0.00059986 8.01088e-23 2.0599e-08 2560.82 0 0 2.92433e-25 0 0 7.02753e-05 0 0 0 0 0 0 0 0 0 0 
0.004 0.976018 -2.32398 -0.930805 -1.72265 -3.17602 1.51352e-07 2.14074e+14 9.74832e-05 0.000599606 8.01088e-23 2.05656e-08 2566.35 0 0 2.92433e-25 0 0 7.02752e-05 0 0 0 0 0 0 0 0 0 0 
0.0045 0.976146 -2.32385 -0.930805 -1.72248 -3.17615 1.50601e-07 2.13817e+14 9.74832e-05 0.000599353 8.01088e-23 2.05322e-08 2571.88 0 0 2.92433e-25 0 0 7.02752e-05 0 0 0 0 0 0 0 0 0 0 
0.005 0.976275 -2.32373 -0.930805 -1.72231 -3.17627 1.49853e-07 2.13561e+14 9.74833e-05 0.000599099 8.01088e-23 2.04989e-08 2577.41 0 0 2.92433e-25 0 0 7.02751e-05 0 0 0 0 0 0 0 0 0 0 
0.0055 0.976404 -2.3236 -0.930805 -1.72214 -3.1764 1.49108e-07 2.13304e+14 9.74833e-05 0.000598846 8.01088e-23 2.04656e-08 2582.92 0 0 2.92433e-25 0 0 7.02751e-05 0 0 0 0 0 0 0 0 0 0 
0.006 0.976533 -2.32347 -0.930805 -1.72196 -3.17653 1.48364e-07 2.13048e+14 9.74834e-05 0.000598593 8.01088e-23 2.04324e-08 2588.44 0 0 2.92433e-25 0 0 7.02751e-05 0 0 0 0 0 0 0 0 0 0 
0.0065 0.976663 -2.32334 -0.930805 -1.72179 -3.17666 1.47622e-07 2.12793e+14 9.74834e-05 0.00059834 8.01088e-23 2.03993e-08 2593.94 0 0 2.92433e-25 0 0 7.0275e-05 0 0 0 0 0 0 0 0 0 0 
0.007 0.976793 -2.32321 -0.930805 -1.72162 -3.17679 1.46883e-07 2.12537e+14 9.74835e-05 0.000598088 8.01088e-23 2.03662e-08 2599.44 0 0 2.92433e-25 0 0 7.0275e-05 0 0 0 0 0 0 0 0 0 0 
0.0075 0.976923 -2.32308 -0.930805 -1.72145 -3.17692 1.46145e-07 2.12282e+14 9.74836e-05 0.000597835 8.01088e-23 2.03331e-08 2604.93 0 0 2.92433e-25 0 0 7.02749e-05 0 0 0 0 0 0 0 0 0 0 
0.008 0.977053 -2.32295 -0.930805 -1.72127 -3.17705 1.4541e-07 2.12027e+14 9.74836e-05 0.000597582 8.01088e-23 2.03002e-08 2610.41 0 0 2.92433e-25 0 0 7.02749e-05 0 0 0 0 0 0 0 0 0 0 
0.0085 0.977184 -2.32282 -0.930805 -1.7211 -3.17718 1.44677e-07 2.11772e+14 9.74837e-05 0.00059733 8.01088e-23 2.02672e-08 2615.89 0 0 2.92433e-25 0 0 7.02749e-05 0 0 0 0 0 0 0 0 0 0 
0.009 0.977315 -2.32269 -0.930805 -1.72093 -3.17731 1.43946e-07 2.11518e+14 9.74837e-05 0.000597078 8.01088e-23 2.02343e-08 2621.36 0 0 2.92433e-25 0 0 7.02748e-05 0 0 0 0 0 0 0 0 0 0 
0.0095 0.977446 -2.32255 -0.930805 -1.72075 -3.17745 1.43218e-07 2.11264e+14 9.74838e-05 0.000596825 8.01088e-23 2.02014e-08 2626.82 0 0 2.92433e-25 0 0 7.02748e-05 0 0 0 0 0 0 0 0 0 0 
0.01 0.977577 -2.32242 -0.930805 -1.72058 -3.17758 1.42491e-07 2.1101e+14 9.74838e-05 0.000596573 8.01088e-23 2.01686e-08 2632.28 0 0 2.92433e-25 0 0 7.02748e-05 0 0 0 0 0 0 0 0 0 0 
0.0105 0.977709 -2.32229 -0.930805 -1.72041 -3.17771 1.41767e-07 2.10756e+14 9.74839e-05 0.000596321 8.01088e-23 2.01359e-08 2637.73 0 0 2.92433e-25 0 0 7.02748e-05 0 0 0 0 0 0 0 0 0 0 
0.011 0.977841 -2.32216 -0.930805 -1.72023 -3.17784 1.41045e-07 2.10502e+14 9.7484e-05 0.000596069 8.01088e-23 2.01031e-08 2643.18 0 0 2.92433e-25 0 0 7.02747e-05 0 0 0 0 0 0 0 0 0 0 
0.0115 0.977973 -2.32203 -0.930805 -1.72006 -3.17797 1.40325e-07 2.10249e+14 9.7484e-05 0.000595817 8.01088e-23 2.00705e-08 2648.62 0 0 2.92433e-25 0 0 7.02747e-05 0 0 0 0 0 0 0 0 0 0 
0.012 0.978106 -2.32189 -0.930805 -1.71988 -3.17811 1.39607e-07 2.09996e+14 9.74841e-05 0.000595565 8.01088e-23 2.00378e-08 2654.05 0 0 2.92433e-25 0 0 7.02747e-05 0 0 0 0 0 0 0 0 0 0 
0.0125 0.978239 -2.32176 -0.930805 -1.71971 -3.17824 1.38892e-07 2.09743e+14 9.74841e-05 0.000595314 8.01088e-23 2.00052e-08 2659.47 0 0 2.92433e-25 0 0 7.02746e-05 0 0 0 0 0 0 0 0 0 0 
0.013 0.978372 -2.32163 -0.930805 -1.71953 -3.17837 1.38179e-07 2.0949e+14 9.74842e-05 0.000595062 8.01088e-23 1.99727e-08 2664.89 0 0 2.92433e-25 0 0 7.02746e-05 0 0 0 0 0 0 0 0 0 0 
0.0135 0.978505 -2.32149 -0.930805 -1.71935 -3.17851 1.37468e-07 2.09238e+14 9.74843e-05 0.00059481 8.01088e-23 1.99402e-08 2670.3 0 0 2.92433e-25 0 0 7.02746e-05 0 0 0 0 0 0 0 0 0 0 
0.014 0.978639 -2.32136 -0.930805 -1.71918 -3.17864 1.36759e-07 2.08985e+14 9.74843e-05 0.000594559 8.01088e-23 1.99077e-08 2675.71 0 0 2.92433e-25 0 0 7.02746e-05 0 0 0 0 0 0 0 0 0 0 
0.0145 0.978773 -2.32123 -0.930805 -1.719 -3.17877 1.36052e-07 2.08733e+14 9.74844e-05 0.000594307 8.01088e-23 1.98753e-08 2681.11 0 0 2.92433e-25 0 0 7.02745e-05 0 0 0 0 0 0 0 0 0 0 
0.015 0.978907 -2.32109 -0.930805 -1.71882 -3.17891 1.35348e-07 2.08481e+14 9.74844e-05 0.000594056 8.01088e-23 1.98429e-08 2686.5 0 0 2.92433e-25 0 0 7.02745e-05 0 0 0 0 0 0 0 0 0 0 
0.0155 0.979041 -2.32096 -0.930805 -1.71865 -3.17904 1.34646e-07 2.08229e+14 9.74845e-05 0.000593804 8.01088e-23 1.98105e-08 2691.89 0 0 2.92433e-25 0 0 7.02745e-05 0 0 0 0 0 0 0 0 0 0 
0.016 0.979176 -2.32082 -0.930805 -1.71847 -3.17918 1.33946e-07 2.07978e+14 9.74845e-05 0.000593553 8.01088e-23 1.97782e-08 2697.27 0 0 2.92433e-25 0 0 7.02745e-05 0 0 0 0 0 0 0 0 0 0 
0.0165 0.979311 -2.32069 -0.930805 -1.71829 -3.17931 1.33248e-07 2.07726e+14 9.74846e-05 0.000593301 8.01088e-23 1.97459e-08 2702.64 0 0 2.92433e-25 0 0 7.02745e-05 0 0 0 0 0 0 0 0 0 0 
0.017 0.979446 -2.32055 -0.930805 -1.71811 -3.17945 1.32553e-07 2.07475e+14 9.74847e-05 0.00059305 8.01088e-23 1.97137e-08 2708.01 0 0 2.92433e-25 0 0 7.02744e-05 0 0 0 0 0 0 0 0 0 0 
0.0175 0.979582 -2.32042 -0.930805 -1.71793 -3.17958 1.3186e-07 2.07224e+14 9.74847e-05 0.000592799 8.01088e-23 1.96815e-08 2713.37 0 0 2.92433e-25 0 0 7.02744e-05 0 0 0 0 0 0 0 0 0 0 
0.018 0.979718 -2.32028 -0.930805 -1.71776 -3.17972 1.31169e-07 2.06973e+14 9.74848e-05 0.000592547 8.01088e-23 1.96493e-08 2718.72 0 0 2.92433e-25 0 0 7.02744e-05 0 0 0 0 0 0 0 0 0 0 
0.0185 0.979854 -2.32015 -0.930805 -1.71758 -3.17985 1.30481e-07 2.06722e+14 9.74848e-05 0.000592296 8.01088e-23 1.96172e-08 2724.07 0 0 2.92433e-25 0 0 7.02744e-05 0 0 0 0 0 0 0 0 0 0 
0.019 0.97999 -2.32001 -0.930805 -1.7174 -3.17999 1.29795e-07 2.06471e+14 9.74849e-05 0.000592045 8.01088e-23 1.95851e-08 2729.41 0 0 2.92433e-25 0 0 7.02744e-05 0 0 0 0 0 0 0 0 0 0 
0.0195 0.980127 -2.31987 -0.930805 -1.71722 -3.18013 1.29111e-07 2.06221e+14 9.7485e-05 0.000591793 8.01088e-23 1.9553e-08 2734.74 0 0 2.92433e-25 0 0 7.02744e-05 0 0 0 0 0 0 0 0 0 0 
0.02 0.980264 -2.31974 -0.930805 -1.71704 -3.18026 1.28429e-07 2.0597e+14 9.7485e-05 0.000591542 8.01088e-23 1.95209e-08 2740.07 0 0 2.92433e-25 0 0 7.02743e-05 0 0 0 0 0 0 0 0 0 0 
0.0205 0.980401 -2.3196 -0.930805 -1.71686 -3.1804 1.27749e-07 2.0572e+14 9.74851e-05 0.00059129 8.01088e-23 1.94889e-08 2745.39 0 0 2.92433e-25 0 0 7.02743e-05 0 0 0 0 0 0 0 0 0 0 
0.021 0.980538 -2.31946 -0.930805 -1.71668 -3.18054 1.27072e-07 2.0547e+14 9.74851e-05 0.000591039 8.01088e-23 1.94569e-08 2750.71 0 0 2.92433e-25 0 0 7.02743e-05 0 0 0 0 0 0 0 0 0 0 
0.0215 0.980676 -2.31932 -0.930805 -1.7165 -3.18068 1.26397e-07 2.0522e+14 9.74852e-05 0.000590788 8.01088e-23 1.9425e-08 2756.01 0 0 2.92433e-25 0 0 7.02743e-05 0 0 0 0 0 0 0 0 0 0 
0.022 0.980814 -2.31919 -0.930805 -1.71632 -3.18081 1.25725e-07 2.0497e+14 9.74853e-05 0.000590536 8.01088e-23 1.93931e-08 2761.32 0 0 2.92433e-25 0 0 7.02743e-05 0 0 0 0 0 0 0 0 0 0 
0.0225 0.980952 -2.31905 -0.930805 -1.71613 -3.18095 1.25055e-07 2.0472e+14 9.74853e-05 0.000590284 8.01088e-23 1.93612e-08 2766.61 0 0 2.92433e-25 0 0 7.02743e-05 0 0 0 0 0 0 0 0 0 0 
0.023 0.98109 -2.31891 -0.930805 -1.71595 -3.18109 1.24387e-07 2.0447e+14 9.74854e-05 0.000590033 8.01088e-23 1.93293e-08 2771.9 0 0 2.92433e-25 0 0 7.02743e-05 0 0 0 0 0 0 0 0 0 0 
0.0235 0.981229 -2.31877 -0.930805 -1.71577 -3.18123 1.23721e-07 2.0422e+14 9.74854e-05 0.000589781 8.01088e-23 1.92974e-08 2777.18 0 0 2.92433e-25 0 0 7.02743e-05 0 0 0 0 0 0 0 0 0 0 
0.024 0.981368 -2.31863 -0.930805 -1.71559 -3.18137 1.23058e-07 2.0397e+14 9.74855e-05 0.00058953 8.01088e-23 1.92656e-08 2782.46 0 0 2.92433e-25 0 0 7.02743e-05 0 0 0 0 0 0 0 0 0 0 
0.0245 0.981507 -2.31849 -0.930805 -1.71541 -3.18151 1.22397e-07 2.03721e+14 9.74855e-05 0.000589278 8.01088e-23 1.92338e-08 2787.73 0 0 2.92433e-25 0 0 7.02743e-05 0 0 0 0 0 0 0 0 0 0 
0.025 0.981647 -2.31835 -0.930805 -1.71522 -3.18165 1.21738e-07 2.03471e+14 9.74856e-05 0.000589026 8.01088e-23 1.92021e-08 2792.99 0 0 2.92433e-25 0 0 7.02743e-05 0 0 0 0 0 0 0 0 0 0 
0.0255 0.981787 -2.31821 -0.930805 -1.71504 -3.18179 1.21082e-07 2.03222e+14 9.74857e-05 0.000588774 8.01088e-23 1.91703e-08 2798.25 0 0 2.92433e-25 0 0 7.02743e-05 0 0 0 0 0 0 0 0 0 0 
0.026 0.981927 -2.31807 -0.930805 -1.71486 -3.18193 1.20427e-07 2.02972e+14 9.74857e-05 0.000588522 8.01088e-23 1.91386e-08 2803.5 0 0 2.92433e-25 0 0 7.02742e-05 0 0 0 0 0 0 0 0 0 0 
0.0265 0.982067 -2.31793 -0.930805 -1.71467 -3.18207 1.19776e-07 2.02723e+14 9.74858e-05 0.00058827 8.01088e-23 1.91069e-08 2808.74 0 0 2.92433e-25 0 0 7.02742e-05 0 0 0 0 0 0 0 0 0 0 
0.027 0.982208 -2.31779 -0.930805 -1.71449 -3.18221 1.19126e-07 2.02474e+14 9.74858e-05 0.000588018 8.01088e-23 1.90752e-08 2813.98 0 0 2.92433e-25 0 0 7.02742e-05 0 0 0 0 0 0 0 0 0 0 
0.0275 0.982349 -2.31765 -0.930805 -1.7143 -3.18235 1.18479e-07 2.02224e+14 9.74859e-05 0.000587765 8.01088e-23 1.90436e-08 2819.21 0 0 2.92433e-25 0 0 7.02742e-05 0 0 0 0 0 0 0 0 0 0 
0.028 0.98249 -2.31751 -0.930805 -1.71412 -3.18249 1.17834e-07 2.01975e+14 9.7486e-05 0.000587513 8.01088e-23 1.90119e-08 2824.43 0 0 2.92433e-25 0 0 7.02742e-05 0 0 0 0 0 0 0 0 0 0 
0.0285 0.982631 -2.31737 -0.930805 -1.71394 -3.18263 1.17192e-07 2.01726e+14 9.7486e-05 0.00058726 8.01088e-23 1.89803e-08 2829.65 0 0 2.92433e-25 0 0 7.02742e-05 0 0 0 0 0 0 0 0 0 0 
0.029 0.982773 -2.31723 -0.930805 -1.71375 -3.18277 1.16552e-07 2.01477e+14 9.74861e-05 0.000587008 8.01088e-23 1.89487e-08 2834.86 0 0 2.92433e-25 0 0 7.02742e-05 0 0 0 0 0 0 0 0 0 0 
0.0295 0.982914 -2.31709 -0.930805 -1.71356 -3.18291 1.15914e-07 2.01228e+14 9.74861e-05 0.000586755 8.01088e-23 1.89171e-08 2840.07 0 0 2.92433e-25 0 0 7.02742e-05 0 0 0 0 0 0 0 0 0 0 
0.03 0.983057 -2.31694 -0.930805 -1.71338 -3.18306 1.15278e-07 2.00978e+14 9.74862e-05 0.000586502 8.01088e-23 1.88855e-08 2845.27 0 0 2.92433e-25 0 0 7.02742e-05 0 0 0 0 0 0 0 0 0 0 
0.0305 0.983199 -2.3168 -0.930805 -1.71319 -3.1832 1.14645e-07 2.00729e+14 9.74863e-05 0.000586249 8.01088e-23 1.8854e-08 2850.46 0 0 2.92433e-25 0 0 7.02742e-05 0 0 0 0 0 0 0 0 0 0 
0.031 0.983342 -2.31666 -0.930805 -1.71301 -3.18334 1.14014e-07 2.0048e+14 9.74863e-05 0.000585996 8.01088e-23 1.88224e-08 2855.64 0 0 2.92433e-25 0 0 7.02743e-05 0 0 0 0 0 0 0 0 0 0 
0.0315 0.983485 -2.31652 -0.930805 -1.71282 -3.18348 1.13386e-07 2.00231e+14 9.74864e-05 0.000585742 8.01088e-23 1.87909e-08 2860.82 0 0 2.92433e-25 0 0 7.02743e-05 0 0 0 0 0 0 0 0 0 0 
0.032 0.983628 -2.31637 -0.930805 -1.71263 -3.18363 1.1276e-07 1.99982e+14 9.74864e-05 0.000585489 8.01088e-23 1.87594e-08 2866 0 0 2.92433e-25 0 0 7.02743e-05 0 0 0 0 0 0 0 0 0 0 
0.0325 0.983771 -2.31623 -0.930805 -1.71244 -3.18377 1.12136e-07 1.99732e+14 9.74865e-05 0.000585235 8.01088e-23 1.87279e-08 2871.16 0 0 2.92433e-25 0 0 7.02743e-05 0 0 0 0 0 0 0 0 0 0 
0.033 0.983915 -2.31609 -0.930805 -1.71226 -3.18391 1.11514e-07 1.99483e+14 9.74866e-05 0.000584981 8.01088e-23 1.86964e-08 2876.32 0 0 2.92433e-25 0 0 7.02743e-05 0 0 0 0 0 0 0 0 0 0 
0.0335 0.984059 -2.31594 -0.930805 -1.71207 -3.18406 1.10895e-07 1.99234e+14 9.74866e-05 0.000584727 8.01088e-23 1.86649e-08 2881.48 0 0 2.92433e-25 0 0 7.02743e-05 0 0 0 0 0 0 0 0 0 0 
0.034 0.984203 -2.3158 -0.930805 -1.71188 -3.1842 1.10278e-07 1.98984e+14 9.74867e-05 0.000584473 8.01088e-23 1.86335e-08 2886.62 0 0 2.92433e-25 0 0 7.02743e-05 0 0 0 0 0 0 0 0 0 0 
0.0345 0.984347 -2.31565 -0.930805 -1.71169 -3.18435 1.09664e-07 1.98735e+14 9.74867e-05 0.000584218 8.01088e-23 1.8602e-08 2891.76 0 0 2.92433e-25 0 0 7.02743e-05 0 0 0 0 0 0 0 0 0 0 
0.035 0.984492 -2.31551 -0.930805 -1.7115 -3.18449 1.09052e-07 1.98486e+14 9.74868e-05 0.000583964 8.01088e-23 1.85706e-08 2896.9 0 0 2.92433e-25 0 0 7.02743e-05 0 0 0 0 0 0 0 0 0 0 
0.0355 0.984637 -2.31536 -0.930805 -1.71131 -3.18464 1.08442e-07 1.98236e+14 9.74869e-05 0.000583709 8.01088e-23 1.85391e-08 2902.02 0 0 2.92433e-25 0 0 7.02743e-05 0 0 0 0 0 0 0 0 0 0 
0.036 0.984782 -2.31522 -0.930805 -1.71112 -3.18478 1.07835e-07 1.97986e+14 9.74869e-05 0.000583454 8.01088e-23 1.85077e-08 2907.15 0 0 2.92433e-25 0 0 7.02743e-05 0 0 0 0 0 0 0 0 0 0 
0.0365 0.984928 -2.31507 -0.930805 -1.71093 -3.18493 1.0723e-07 1.97737e+14 9.7487e-05 0.000583199 8.01088e-23 1.84763e-08 2912.26 0 0 2.92433e-25 0 0 7.02743e-05 0 0 0 0 0 0 0 0 0 0 
0.037 0.985074 -2.31493 -0.930805 -1.71074 -3.18507 1.06627e-07 1.97487e+14 9.7487e-05 0.000582943 8.01088e-23 1.84449e-08 2917.37 0 0 2.92433e-25 0 0 7.02744e-05 0 0 0 0 0 0 0 0 0 0 
0.0375 0.98522 -2.31478 -0.930805 -1.71055 -3.18522 1.06026e-07 1.97237e+14 9.74871e-05 0.000582687 8.01088e-23 1.84134e-08 2922.47 0 0 2.92433e-25 0 0 7.02744e-05 0 0 0 0 0 0 0 0 0 0 
0.038 0.985366 -2.31463 -0.930805 -1.71036 -3.18537 1.05428e-07 1.96987e+14 9.74872e-05 0.000582431 8.01088e-23 1.8382e-08 2927.57 0 0 2.92433e-25 0 0 7.02744e-05 0 0 0 0 0 0 0 0 0 0 
0.0385 0.985512 -2.31449 -0.930805 -1.71017 -3.18551 1.04833e-07 1.96737e+14 9.74872e-05 0.000582175 8.01088e-23 1.83506e-08 2932.65 0 0 2.92433e-25 0 0 7.02744e-05 0 0 0 0 0 0 0 0 0 0 
0.039 0.985659 -2.31434 -0.930805 -1.70998 -3.18566 1.04239e-07 1.96487e+14 9.74873e-05 0.000581918 8.01088e-23 1.83192e-08 2937.74 0 0 2.92433e-25 0 0 7.02744e-05 0 0 0 0 0 0 0 0 0 0 
0.0395 0.985806 -2.31419 -0.930805 -1.70979 -3.18581 1.03648e-07 1.96237e+14 9.74873e-05 0.000581662 8.01088e-23 1.82878e-08 2942.81 0 0 2.92433e-25 0 0 7.02744e-05 0 0 0 0 0 0 0 0 0 0 
0.04 0.985953 -2.31405 -0.930805 -1.70959 -3.18595 1.03059e-07 1.95987e+14 9.74874e-05 0.000581405 8.01088e-23 1.82564e-08 2947.88 0 0 2.92433e-25 0 0 7.02744e-05 0 0 0 0 0 0 0 0 0 0 
0.0405 0.986101 -2.3139 -0.930805 -1.7094 -3.1861 1.02473e-07 1.95736e+14 9.74875e-05 0.000581147 8.01088e-23 1.8225e-08 2952.95 0 0 2.92433e-25 0 0 7.02745e-05 0 0 0 0 0 0 0 0 0 0 
0.041 0.986249 -2.31375 -0.930805 -1.70921 -3.18625 1.01889e-07 1.95485e+14 9.74875e-05 0.00058089 8.01088e-23 1.81936e-08 2958 0 0 2.92433e-25 0 0 7.02745e-05 0 0 0 0 0 0 0 0 0 0 
0.0415 0.986397 -2.3136 -0.930805 -1.70901 -3.1864 1.01307e-07 1.95235e+14 9.74876e-05 0.000580632 8.01088e-23 1.81622e-08 2963.05 0 0 2.92433e-25 0 0 7.02745e-05 0 0 0 0 0 0 0 0 0 0 
0.042 0.986545 -2.31346 -0.930805 -1.70882 -3.18654 1.00728e-07 1.94984e+14 9.74876e-05 0.000580373 8.01088e-23 1.81308e-08 2968.1 0 0 2.92433e-25 0 0 7.02745e-05 0 0 0 0 0 0 0 0 0 0 
0.0425 0.986693 -2.31331 -0.930805 -1.70863 -3.18669 1.00151e-07 1.94733e+14 9.74877e-05 0.000580115 8.01088e-23 1.80994e-08 2973.13 0 0 2.92433e-25 0 0 7.02745e-05 0 0 0 0 0 0 0 0 0 0 
0.043 0.986842 -2.31316 -0.930805 -1.70843 -3.18684 9.95762e-08 1.94481e+14 9.74878e-05 0.000579856 8.01088e-23 1.80679e-08 2978.16 0 0 2.92433e-25 0 0 7.02746e-05 0 0 0 0 0 0 0 0 0 0 
0.0435 0.986991 -2.31301 -0.930805 -1.70824 -3.18699 9.90039e-08 1.9423e+14 9.74878e-05 0.000579597 8.01088e-23 1.80365e-08 2983.19 0 0 2.92433e-25 0 0 7.02746e-05 0 0 0 0 0 0 0 0 0 0 
0.044 0.987141 -2.31286 -0.930805 -1.70804 -3.18714 9.84339e-08 1.93978e+14 9.74879e-05 0.000579337 8.01088e-23 1.80051e-08 2988.21 0 0 2.92433e-25 0 0 7.02746e-05 0 0 0 0 0 0 0 0 0 0 
0.0445 0.98729 -2.31271 -0.930805 -1.70785 -3.18729 9.78662e-08 1.93727e+14 9.74879e-05 0.000579077 8.01088e-23 1.79736e-08 2993.22 0 0 2.92433e-25 0 0 7.02746e-05 0 0 0 0 0 0 0 0 0 0 
0.045 0.98744 -2.31256 -0.930805 -1.70765 -3.18744 9.73008e-08 1.93475e+14 9.7488e-05 0.000578817 8.01088e-23 1.79422e-08 2998.22 0 0 2.92433e-25 0 0 7.02746e-05 0 0 0 0 0 0 0 0 0 0 
0.0455 0.98759 -2.31241 -0.930805 -1.70746 -3.18759 9.67378e-08 1.93222e+14 9.74881e-05 0.000578556 8.01088e-23 1.79107e-08 3003.22 0 0 2.92433e-25 0 0 7.02747e-05 0 0 0 0 0 0 0 0 0 0 
0.046 0.98774 -2.31226 -0.930805 -1.70726 -3.18774 9.61771e-08 1.9297e+14 9.74881e-05 0.000578295 8.01088e-23 1.78793e-08 3008.21 0 0 2.92433e-25 0 0 7.02747e-05 0 0 0 0 0 0 0 0 0 0 
0.0465 0.987891 -2.31211 -0.930805 -1.70706 -3.18789 9.56188e-08 1.92717e+14 9.74882e-05 0.000578034 8.01088e-23 1.78478e-08 3013.2 0 0 2.92433e-25 0 0 7.02747e-05 0 0 0 0 0 0 0 0 0 0 
0.047 0.988042 -2.31196 -0.930805 -1.70687 -3.18804 9.50627e-08 1.92465e+14 9.74882e-05 0.000577772 8.01088e-23 1.78163e-08 3018.17 0 0 2.92433e-25 0 0 7.02747e-05 0 0 0 0 0 0 0 0 0 0 
0.0475 0.988193 -2.31181 -0.930805 -1.70667 -3.18819 9.4509e-08 1.92211e+14 9.74883e-05 0.00057751 8.01088e-23 1.77848e-08 3023.15 0 0 2.92433e-25 0 0 7.02748e-05 0 0 0 0 0 0 0 0 0 0 
0.048 0.988344 -2.31166 -0.930805 -1.70647 -3.18834 9.39576e-08 1.91958e+14 9.74884e-05 0.000577247 8.01088e-23 1.77533e-08 3028.11 0 0 2.92433e-25 0 0 7.02748e-05 0 0 0 0 0 0 0 0 0 0 
0.0485 0.988495 -2.3115 -0.930805 -1.70627 -3.1885 9.34085e-08 1.91705e+14 9.74884e-05 0.000576984 8.01088e-23 1.77218e-08 3033.07 0 0 2.92433e-25 0 0 7.02748e-05 0 0 0 0 0 0 0 0 0 0 
0.049 0.988647 -2.31135 -0.930805 -1.70607 -3.18865 9.28618e-08 1.91451e+14 9.74885e-05 0.000576721 8.01088e-23 1.76902e-08 3038.02 0 0 2.92433e-25 0 0 7.02749e-05 0 0 0 0 0 0 0 0 0 0 
0.0495 0.988799 -2.3112 -0.930805 -1.70588 -3.1888 9.23173e-08 1.91197e+14 9.74885e-05 0.000576457 8.01088e-23 1.76587e-08 3042.97 0 0 2.92433e-25 0 0 7.02749e-05 0 0 0 0 0 0 0 0 0 0 
0.05 0.988951 -2.31105 -0.930805 -1.70568 -3.18895 9.17752e-08 1.90942e+14 9.74886e-05 0.000576193 8.01088e-23 1.76271e-08 3047.91 0 0 2.92433e-25 0 0 7.02749e-05 0 0 0 0 0 0 0 0 0 0 
0.0505 0.989104 -2.3109 -0.930805 -1.70548 -3.1891 9.12354e-08 1.90688e+14 9.74887e-05 0.000575928 8.01088e-23 1.75955e-08 3052.84 0 0 2.92433e-25 0 0 7.0275e-05 0 0 0 0 0 0 0 0 0 0 
0.051 0.989257 -2.31074 -0.930805 -1.70528 -3.18926 9.06979e-08 1.90433e+14 9.74887e-05 0.000575663 8.01088e-23 1.75639e-08 3057.77 0 0 2.92433e-25 0 0 7.0275e-05 0 0 0 0 0 0 0 0 0 0 
0.0515 0.98941 -2.31059 -0.930805 -1.70508 -3.18941 9.01627e-08 1.90178e+14 9.74888e-05 0.000575397 8.01088e-23 1.75322e-08 3062.69 0 0 2.92433e-25 0 0 7.0275e-05 0 0 0 0 0 0 0 0 0 0 
0.052 0.989563 -2.31044 -0.930805 -1.70488 -3.18956 8.96298e-08 1.89922e+14 9.74888e-05 0.000575131 8.01088e-23 1.75006e-08 3067.6 0 0 2.92433e-25 0 0 7.0275e-05 0 0 0 0 0 0 0 0 0 0 
0.0525 0.989717 -2.31028 -0.930805 -1.70468 -3.18972 8.90993e-08 1.89666e+14 9.74889e-05 0.000574864 8.01088e-23 1.74689e-08 3072.5 0 0 2.92433e-25 0 0 7.02751e-05 0 0 0 0 0 0 0 0 0 0 
0.053 0.98987 -2.31013 -0.930805 -1.70447 -3.18987 8.8571e-08 1.8941e+14 9.7489e-05 0.000574597 8.01088e-23 1.74372e-08 3077.4 0 0 2.92433e-25 0 0 7.02751e-05 0 0 0 0 0 0 0 0 0 0 
0.0535 0.990024 -2.30998 -0.930805 -1.70427 -3.19002 8.8045e-08 1.89154e+14 9.7489e-05 0.000574329 8.01088e-23 1.74055e-08 3082.3 0 0 2.92433e-25 0 0 7.02752e-05 0 0 0 0 0 0 0 0 0 0 
0.054 0.990179 -2.30982 -0.930805 -1.70407 -3.19018 8.75213e-08 1.88897e+14 9.74891e-05 0.000574061 8.01088e-23 1.73738e-08 3087.18 0 0 2.92433e-25 0 0 7.02752e-05 0 0 0 0 0 0 0 0 0 0 
0.0545 0.990333 -2.30967 -0.930805 -1.70387 -3.19033 8.69999e-08 1.8864e+14 9.74891e-05 0.000573792 8.01088e-23 1.7342e-08 3092.06 0 0 2.92433e-25 0 0 7.02752e-05 0 0 0 0 0 0 0 0 0 0 
0.055 0.990488 -2.30951 -0.930805 -1.70367 -3.19049 8.64808e-08 1.88383e+14 9.74892e-05 0.000573523 8.01088e-23 1.73102e-08 3096.94 0 0 2.92433e-25 0 0 7.02753e-05 0 0 0 0 0 0 0 0 0 0 
0.0555 0.990643 -2.30936 -0.930805 -1.70346 -3.19064 8.5964e-08 1.88125e+14 9.74893e-05 0.000573253 8.01088e-23 1.72784e-08 3101.8 0 0 2.92433e-25 0 0 7.02753e-05 0 0 0 0 0 0 0 0 0 0 
0.056 0.990798 -2.3092 -0.930805 -1.70326 -3.1908 8.54495e-08 1.87866e+14 9.74893e-05 0.000572983 8.01088e-23 1.72465e-08 3106.66 0 0 2.92433e-25 0 0 7.02753e-05 0 0 0 0 0 0 0 0 0 0 
0.0565 0.990953 -2.30905 -0.930805 -1.70305 -3.19095 8.49372e-08 1.87608e+14 9.74894e-05 0.000572712 8.01088e-23 1.72146e-08 3111.52 0 0 2.92433e-25 0 0 7.02754e-05 0 0 0 0 0 0 0 0 0 0 
0.057 0.991109 -2.30889 -0.930805 -1.70285 -3.19111 8.44272e-08 1.87349e+14 9.74895e-05 0.00057244 8.01088e-23 1.71827e-08 3116.36 0 0 2.92433e-25 0 0 7.02754e-05 0 0 0 0 0 0 0 0 0 0 
0.0575 0.991265 -2.30874 -0.930805 -1.70265 -3.19126 8.39195e-08 1.8709e+14 9.74895e-05 0.000572168 8.01088e-23 1.71508e-08 3121.2 0 0 2.92433e-25 0 0 7.02755e-05 0 0 0 0 0 0 0 0 0 0 
0.058 0.991421 -2.30858 -0.930805 -1.70244 -3.19142 8.34141e-08 1.8683e+14 9.74896e-05 0.000571896 8.01088e-23 1.71188e-08 3126.03 0 0 2.92433e-25 0 0 7.02755e-05 0 0 0 0 0 0 0 0 0 0 
0.0585 0.991578 -2.30842 -0.930805 -1.70223 -3.19158 8.2911e-08 1.8657e+14 9.74896e-05 0.000571622 8.01088e-23 1.70868e-08 3130.86 0 0 2.92433e-25 0 0 7.02755e-05 0 0 0 0 0 0 0 0 0 0 
0.059 0.991734 -2.30827 -0.930805 -1.70203 -3.19173 8.24101e-08 1.86309e+14 9.74897e-05 0.000571348 8.01088e-23 1.70547e-08 3135.68 0 0 2.92433e-25 0 0 7.02756e-05 0 0 0 0 0 0 0 0 0 0 
0.0595 0.991891 -2.30811 -0.930805 -1.70182 -3.19189 8.19115e-08 1.86048e+14 9.74898e-05 0.000571074 8.01088e-23 1.70227e-08 3140.49 0 0 2.92433e-25 0 0 7.02756e-05 0 0 0 0 0 0 0 0 0 0 
0.06 0.992048 -2.30795 -0.930805 -1.70162 -3.19205 8.14151e-08 1.85787e+14 9.74898e-05 0.000570799 8.01088e-23 1.69906e-08 3145.3 0 0 2.92433e-25 0 0 7.02757e-05 0 0 0 0 0 0 0 0 0 0 
0.0605 0.992206 -2.30779 -0.930805 -1.70141 -3.19221 8.0921e-08 1.85525e+14 9.74899e-05 0.000570523 8.01088e-23 1.69584e-08 3150.1 0 0 2.92433e-25 0 0 7.02757e-05 0 0 0 0 0 0 0 0 0 0 
0.061 0.992363 -2.30764 -0.930805 -1.7012 -3.19236 8.04291e-08 1.85262e+14 9.74899e-05 0.000570246 8.01088e-23 1.69262e-08 3154.89 0 0 2.92433e-25 0 0 7.02758e-05 0 0 0 0 0 0 0 0 0 0 
0.0615 0.992521 -2.30748 -0.930805 -1.70099 -3.19252 7.99395e-08 1.84999e+14 9.749e-05 0.000569969 8.01088e-23 1.6894e-08 3159.68 0 0 2.92433e-25 0 0 7.02758e-05 0 0 0 0 0 0 0 0 0 0 
0.062 0.992679 -2.30732 -0.930805 -1.70079 -3.19268 7.94522e-08 1.84736e+14 9.74901e-05 0.000569691 8.01088e-23 1.68617e-08 3164.45 0 0 2.92433e-25 0 0 7.02758e-05 0 0 0 0 0 0 0 0 0 0 
0.0625 0.992838 -2.30716 -0.930805 -1.70058 -3.19284 7.89671e-08 1.84472e+14 9.74901e-05 0.000569413 8.01088e-23 1.68294e-08 3169.23 0 0 2.92433e-25 0 0 7.02759e-05 0 0 0 0 0 0 0 0 0 0 
0.063 0.992996 -2.307 -0.930805 -1.70037 -3.193 7.84842e-08 1.84208e+14 9.74902e-05 0.000569133 8.01088e-23 1.6797e-08 3173.99 0 0 2.92433e-25 0 0 7.02759e-05 0 0 0 0 0 0 0 0 0 0 
0.0635 0.993155 -2.30684 -0.930805 -1.70016 -3.19316 7.80035e-08 1.83943e+14 9.74902e-05 0.000568853 8.01088e-23 1.67646e-08 3178.75 0 0 2.92433e-25 0 0 7.0276e-05 0 0 0 0 0 0 0 0 0 0 
0.064 0.993314 -2.30669 -0.930805 -1.69995 -3.19331 7.75251e-08 1.83678e+14 9.74903e-05 0.000568573 8.01088e-23 1.67322e-08 3183.5 0 0 2.92433e-25 0 0 7.0276e-05 0 0 0 0 0 0 0 0 0 0 
0.0645 0.993473 -2.30653 -0.930805 -1.69974 -3.19347 7.70489e-08 1.83412e+14 9.74904e-05 0.000568291 8.01088e-23 1.66997e-08 3188.25 0 0 2.92433e-25 0 0 7.02761e-05 0 0 0 0 0 0 0 0 0 0 
0.065 0.993633 -2.30637 -0.930805 -1.69953 -3.19363 7.6575e-08 1.83146e+14 9.74904e-05 0.000568009 8.01088e-23 1.66672e-08 3192.98 0 0 2.92433e-25 0 0 7.02761e-05 0 0 0 0 0 0 0 0 0 0 
0.0655 0.993793 -2.30621 -0.930805 -1.69932 -3.19379 7.61032e-08 1.82879e+14 9.74905e-05 0.000567726 8.01088e-23 1.66346e-08 3197.71 0 0 2.92433e-25 0 0 7.02762e-05 0 0 0 0 0 0 0 0 0 0 
0.066 0.993953 -2.30605 -0.930805 -1.69911 -3.19395 7.56337e-08 1.82611e+14 9.74905e-05 0.000567442 8.01088e-23 1.6602e-08 3202.44 0 0 2.92433e-25 0 0 7.02762e-05 0 0 0 0 0 0 0 0 0 0 
0.0665 0.994113 -2.30589 -0.930805 -1.69889 -3.19411 7.51664e-08 1.82343e+14 9.74906e-05 0.000567157 8.01088e-23 1.65693e-08 3207.16 0 0 2.92433e-25 0 0 7.02763e-05 0 0 0 0 0 0 0 0 0 0 
0.067 0.994273 -2.30573 -0.930805 -1.69868 -3.19427 7.47013e-08 1.82074e+14 9.74907e-05 0.000566872 8.01088e-23 1.65365e-08 3211.87 0 0 2.92433e-25 0 0 7.02763e-05 0 0 0 0 0 0 0 0 0 0 
0.0675 0.994434 -2.30557 -0.930805 -1.69847 -3.19443 7.42383e-08 1.81805e+14 9.74907e-05 0.000566586 8.01088e-23 1.65037e-08 3216.57 0 0 2.92433e-25 0 0 7.02764e-05 0 0 0 0 0 0 0 0 0 0 
0.068 0.994595 -2.3054 -0.930805 -1.69826 -3.1946 7.37776e-08 1.81535e+14 9.74908e-05 0.000566299 8.01088e-23 1.64709e-08 3221.26 0 0 2.92433e-25 0 0 7.02764e-05 0 0 0 0 0 0 0 0 0 0 
0.0685 0.994756 -2.30524 -0.930805 -1.69804 -3.19476 7.33191e-08 1.81265e+14 9.74908e-05 0.000566011 8.01088e-23 1.6438e-08 3225.95 0 0 2.92433e-25 0 0 7.02765e-05 0 0 0 0 0 0 0 0 0 0 
0.069 0.994918 -2.30508 -0.930805 -1.69783 -3.19492 7.28628e-08 1.80994e+14 9.74909e-05 0.000565722 8.01088e-23 1.6405e-08 3230.64 0 0 2.92433e-25 0 0 7.02765e-05 0 0 0 0 0 0 0 0 0 0 
0.0695 0.995079 -2.30492 -0.930805 -1.69761 -3.19508 7.24086e-08 1.80722e+14 9.7491e-05 0.000565432 8.01088e-23 1.6372e-08 3235.31 0 0 2.92433e-25 0 0 7.02766e-05 0 0 0 0 0 0 0 0 0 0 
0.07 0.995241 -2.30476 -0.930805 -1.6974 -3.19524 7.19567e-08 1.8045e+14 9.7491e-05 0.000565142 8.01088e-23 1.6339e-08 3239.98 0 0 2.92433e-25 0 0 7.02767e-05 0 0 0 0 0 0 0 0 0 0 
0.0705 0.995403 -2.3046 -0.930805 -1.69718 -3.1954 7.15069e-08 1.80177e+14 9.74911e-05 0.00056485 8.01088e-23 1.63058e-08 3244.64 0 0 2.92433e-25 0 0 7.02767e-05 0 0 0 0 0 0 0 0 0 0 
0.071 0.995566 -2.30443 -0.930805 -1.69697 -3.19557 7.10593e-08 1.79903e+14 9.74912e-05 0.000564558 8.01088e-23 1.62727e-08 3249.29 0 0 2.92433e-25 0 0 7.02768e-05 0 0 0 0 0 0 0 0 0 0 
0.0715 0.995728 -2.30427 -0.930805 -1.69675 -3.19573 7.06138e-08 1.79629e+14 9.74912e-05 0.000564265 8.01088e-23 1.62394e-08 3253.94 0 0 2.92433e-25 0 0 7.02768e-05 0 0 0 0 0 0 0 0 0 0 
0.072 0.995891 -2.30411 -0.930805 -1.69654 -3.19589 7.01705e-08 1.79354e+14 9.74913e-05 0.00056397 8.01088e-23 1.62061e-08 3258.58 0 0 2.92433e-25 0 0 7.02769e-05 0 0 0 0 0 0 0 0 0 0 
0.0725 0.996054 -2.30395 -0.930805 -1.69632 -3.19605 6.97294e-08 1.79078e+14 9.74913e-05 0.000563675 8.01088e-23 1.61727e-08 3263.21 0 0 2.92433e-25 0 0 7.02769e-05 0 0 0 0 0 0 0 0 0 0 
0.073 0.996217 -2.30378 -0.930805 -1.6961 -3.19622 6.92904e-08 1.78802e+14 9.74914e-05 0.000563379 8.01088e-23 1.61393e-08 3267.84 0 0 2.92433e-25 0 0 7.0277e-05 0 0 0 0 0 0 0 0 0 0 
0.0735 0.996381 -2.30362 -0.930805 -1.69588 -3.19638 6.88536e-08 1.78525e+14 9.74915e-05 0.000563082 8.01088e-23 1.61058e-08 3272.46 0 0 2.92433e-25 0 0 7.02771e-05 0 0 0 0 0 0 0 0 0 0 
0.074 0.996545 -2.30346 -0.930805 -1.69566 -3.19654 6.84189e-08 1.78247e+14 9.74915e-05 0.000562784 8.01088e-23 1.60722e-08 3277.07 0 0 2.92433e-25 0 0 7.02771e-05 0 0 0 0 0 0 0 0 0 0 
0.0745 0.996709 -2.30329 -0.930805 -1.69545 -3.19671 6.79863e-08 1.77969e+14 9.74916e-05 0.000562485 8.01088e-23 1.60385e-08 3281.67 0 0 2.92433e-25 0 0 7.02772e-05 0 0 0 0 0 0 0 0 0 0 
0.075 0.996873 -2.30313 -0.930805 -1.69523 -3.19687 6.75559e-08 1.77689e+14 9.74916e-05 0.000562185 8.01088e-23 1.60048e-08 3286.27 0 0 2.92433e-25 0 0 7.02772e-05 0 0 0 0 0 0 0 0 0 0 
0.0755 0.997037 -2.30296 -0.930805 -1.69501 -3.19704 6.71276e-08 1.77409e+14 9.74917e-05 0.000561883 8.01088e-23 1.5971e-08 3290.86 0 0 2.92433e-25 0 0 7.02773e-05 0 0 0 0 0 0 0 0 0 0 
0.076 0.997202 -2.3028 -0.930805 -1.69479 -3.1972 6.67015e-08 1.77128e+14 9.74918e-05 0.000561581 8.01088e-23 1.59372e-08 3295.44 0 0 2.92433e-25 0 0 7.02774e-05 0 0 0 0 0 0 0 0 0 0 
0.0765 0.997367 -2.30263 -0.930805 -1.69457 -3.19737 6.62774e-08 1.76847e+14 9.74918e-05 0.000561278 8.01088e-23 1.59032e-08 3300.02 0 0 2.92433e-25 0 0 7.02774e-05 0 0 0 0 0 0 0 0 0 0 
0.077 0.997532 -2.30247 -0.930805 -1.69434 -3.19753 6.58555e-08 1.76564e+14 9.74919e-05 0.000560973 8.01088e-23 1.58692e-08 3304.58 0 0 2.92433e-25 0 0 7.02775e-05 0 0 0 0 0 0 0 0 0 0 
0.0775 0.997697 -2.3023 -0.930805 -1.69412 -3.1977 6.54357e-08 1.76281e+14 9.74919e-05 0.000560668 8.01088e-23 1.58351e-08 3309.14 0 0 2.92433e-25 0 0 7.02776e-05 0 0 0 0 0 0 0 0 0 0 
0.078 0.997863 -2.30214 -0.930805 -1.6939 -3.19786 6.5018e-08 1.75997e+14 9.7492e-05 0.000560361 8.01088e-23 1.5801e-08 3313.7 0 0 2.92433e-25 0 0 7.02776e-05 0 0 0 0 0 0 0 0 0 0 
0.0785 0.998029 -2.30197 -0.930805 -1.69368 -3.19803 6.46023e-08 1.75712e+14 9.74921e-05 0.000560053 8.01088e-23 1.57667e-08 3318.24 0 0 2.92433e-25 0 0 7.02777e-05 0 0 0 0 0 0 0 0 0 0 
0.079 0.998195 -2.30181 -0.930805 -1.69345 -3.19819 6.41888e-08 1.75426e+14 9.74921e-05 0.000559744 8.01088e-23 1.57324e-08 3322.78 0 0 2.92433e-25 0 0 7.02778e-05 0 0 0 0 0 0 0 0 0 0 
0.0795 0.998361 -2.30164 -0.930805 -1.69323 -3.19836 6.37774e-08 1.75139e+14 9.74922e-05 0.000559434 8.01088e-23 1.5698e-08 3327.31 0 0 2.92433e-25 0 0 7.02778e-05 0 0 0 0 0 0 0 0 0 0 
0.08 0.998527 -2.30147 -0.930805 -1.69301 -3.19853 6.3368e-08 1.74852e+14 9.74922e-05 0.000559123 8.01088e-23 1.56635e-08 3331.84 0 0 2.92433e-25 0 0 7.02779e-05 0 0 0 0 0 0 0 0 0 0 
0.0805 0.998694 -2.30131 -0.930805 -1.69278 -3.19869 6.29607e-08 1.74564e+14 9.74923e-05 0.00055881 8.01088e-23 1.56289e-08 3336.35 0 0 2.92433e-25 0 0 7.0278e-05 0 0 0 0 0 0 0 0 0 0 
0.081 0.998861 -2.30114 -0.930805 -1.69256 -3.19886 6.25555e-08 1.74274e+14 9.74924e-05 0.000558496 8.01088e-23 1.55942e-08 3340.86 0 0 2.92433e-25 0 0 7.0278e-05 0 0 0 0 0 0 0 0 0 0 
0.0815 0.999028 -2.30097 -0.930805 -1.69233 -3.19903 6.21524e-08 1.73984e+14 9.74924e-05 0.000558181 8.01088e-23 1.55595e-08 3345.36 0 0 2.92433e-25 0 0 7.02781e-05 0 0 0 0 0 0 0 0 0 0 
0.082 0.999195 -2.3008 -0.930805 -1.69211 -3.1992 6.17513e-08 1.73693e+14 9.74925e-05 0.000557865 8.01088e-23 1.55246e-08 3349.86 0 0 2.92433e-25 0 0 7.02782e-05 0 0 0 0 0 0 0 0 0 0 
0.0825 0.999363 -2.30064 -0.930805 -1.69188 -3.19936 6.13523e-08 1.73401e+14 9.74925e-05 0.000557548 8.01088e-23 1.54897e-08 3354.34 0 0 2.92433e-25 0 0 7.02782e-05 0 0 0 0 0 0 0 0 0 0 
0.083 0.999531 -2.30047 -0.930805 -1.69165 -3.19953 6.09553e-08 1.73108e+14 9.74926e-05 0.000557229 8.01088e-23 1.54547e-08 3358.82 0 0 2.92433e-25 0 0 7.02783e-05 0 0 0 0 0 0 0 0 0 0 
0.0835 0.999699 -2.3003 -0.930805 -1.69142 -3.1997 6.05604e-08 1.72814e+14 9.74927e-05 0.000556909 8.01088e-23 1.54196e-08 3363.29 0 0 2.92433e-25 0 0 7.02784e-05 0 0 0 0 0 0 0 0 0 0 
0.084 0.999867 -2.30013 -0.930805 -1.6912 -3.19987 6.01675e-08 1.72518e+14 9.74927e-05 0.000556587 8.01088e-23 1.53843e-08 3367.75 0 0 2.92433e-25 0 0 7.02784e-05 0 0 0 0 0 0 0 0 0 0 
0.0845 1.00004 -2.29996 -0.930805 -1.69097 -3.20004 5.97766e-08 1.72222e+14 9.74928e-05 0.000556264 8.01088e-23 1.5349e-08 3372.21 0 0 2.92433e-25 0 0 7.02785e-05 0 0 0 0 0 0 0 0 0 0 
0.085 1.0002 -2.2998 -0.930805 -1.69074 -3.2002 5.93878e-08 1.71925e+14 9.74928e-05 0.00055594 8.01088e-23 1.53136e-08 3376.66 0 0 2.92433e-25 0 0 7.02786e-05 0 0 0 0 0 0 0 0 0 0 
0.0855 1.00037 -2.29963 -0.930805 -1.69051 -3.20037 5.9001e-08 1.71627e+14 9.74929e-05 0.000555614 8.01088e-23 1.52781e-08 3381.1 0 0 2.92433e-25 0 0 7.02787e-05 0 0 0 0 0 0 0 0 0 0 
0.086 1.00054 -2.29946 -0.930805 -1.69028 -3.20054 5.86162e-08 1.71328e+14 9.7493e-05 0.000555287 8.01088e-23 1.52425e-08 3385.53 0 0 2.92433e-25 0 0 7.02787e-05 0 0 0 0 0 0 0 0 0 0 
0.0865 1.00071 -2.29929 -0.930805 -1.69005 -3.20071 5.82334e-08 1.71028e+14 9.7493e-05 0.000554959 8.01088e-23 1.52068e-08 3389.96 0 0 2.92433e-25 0 0 7.02788e-05 0 0 0 0 0 0 0 0 0 0 
0.087 1.00088 -2.29912 -0.930805 -1.68982 -3.20088 5.78526e-08 1.70727e+14 9.74931e-05 0.000554629 8.01088e-23 1.5171e-08 3394.37 0 0 2.92433e-25 0 0 7.02789e-05 0 0 0 0 0 0 0 0 0 0 
0.0875 1.00105 -2.29895 -0.930805 -1.68958 -3.20105 5.74738e-08 1.70424e+14 9.74931e-05 0.000554298 8.01088e-23 1.51351e-08 3398.78 0 0 2.92433e-25 0 0 7.0279e-05 0 0 0 0 0 0 0 0 0 0 
0.088 1.00122 -2.29878 -0.930805 -1.68935 -3.20122 5.70971e-08 1.70121e+14 9.74932e-05 0.000553965 8.01088e-23 1.50991e-08 3403.18 0 0 2.92433e-25 0 0 7.0279e-05 0 0 0 0 0 0 0 0 0 0 
0.0885 1.00139 -2.29861 -0.930805 -1.68912 -3.20139 5.67223e-08 1.69816e+14 9.74933e-05 0.00055363 8.01088e-23 1.50629e-08 3407.58 0 0 2.92433e-25 0 0 7.02791e-05 0 0 0 0 0 0 0 0 0 0 
0.089 1.00156 -2.29844 -0.930805 -1.68889 -3.20156 5.63494e-08 1.69511e+14 9.74933e-05 0.000553294 8.01088e-23 1.50267e-08 3411.96 0 0 2.92433e-25 0 0 7.02792e-05 0 0 0 0 0 0 0 0 0 0 
0.0895 1.00173 -2.29827 -0.930805 -1.68865 -3.20173 5.59786e-08 1.69204e+14 9.74934e-05 0.000552957 8.01088e-23 1.49903e-08 3416.34 0 0 2.92433e-25 0 0 7.02793e-05 0 0 0 0 0 0 0 0 0 0 
0.09 1.0019 -2.2981 -0.930805 -1.68842 -3.2019 5.56097e-08 1.68896e+14 9.74934e-05 0.000552618 8.01088e-23 1.49539e-08 3420.71 0 0 2.92433e-25 0 0 7.02794e-05 0 0 0 0 0 0 0 0 0 0 
0.0905 1.00208 -2.29792 -0.930805 -1.68818 -3.20208 5.52428e-08 1.68587e+14 9.74935e-05 0.000552277 8.01088e-23 1.49173e-08 3425.07 0 0 2.92433e-25 0 0 7.02794e-05 0 0 0 0 0 0 0 0 0 0 
0.091 1.00225 -2.29775 -0.930805 -1.68795 -3.20225 5.48779e-08 1.68276e+14 9.74936e-05 0.000551935 8.01088e-23 1.48806e-08 3429.43 0 0 2.92433e-25 0 0 7.02795e-05 0 0 0 0 0 0 0 0 0 0 
0.0915 1.00242 -2.29758 -0.930805 -1.68771 -3.20242 5.45149e-08 1.67964e+14 9.74936e-05 0.000551591 8.01088e-23 1.48438e-08 3433.77 0 0 2.92433e-25 0 0 7.02796e-05 0 0 0 0 0 0 0 0 0 0 
0.092 1.00259 -2.29741 -0.930805 -1.68747 -3.20259 5.41538e-08 1.67652e+14 9.74937e-05 0.000551246 8.01088e-23 1.48069e-08 3438.11 0 0 2.92433e-25 0 0 7.02797e-05 0 0 0 0 0 0 0 0 0 0 
0.0925 1.00276 -2.29724 -0.930805 -1.68723 -3.20276 5.37947e-08 1.67338e+14 9.74937e-05 0.000550898 8.01088e-23 1.47698e-08 3442.44 0 0 2.92433e-25 0 0 7.02797e-05 0 0 0 0 0 0 0 0 0 0 
0.093 1.00293 -2.29707 -0.930805 -1.687 -3.20293 5.34376e-08 1.67022e+14 9.74938e-05 0.00055055 8.01088e-23 1.47326e-08 3446.76 0 0 2.92433e-25 0 0 7.02798e-05 0 0 0 0 0 0 0 0 0 0 
0.0935 1.00311 -2.29689 -0.930805 -1.68676 -3.20311 5.30823e-08 1.66705e+14 9.74939e-05 0.000550199 8.01088e-23 1.46953e-08 3451.07 0 0 2.92433e-25 0 0 7.02799e-05 0 0 0 0 0 0 0 0 0 0 
0.094 1.00328 -2.29672 -0.930805 -1.68652 -3.20328 5.2729e-08 1.66388e+14 9.74939e-05 0.000549846 8.01088e-23 1.46579e-08 3455.38 0 0 2.92433e-25 0 0 7.028e-05 0 0 0 0 0 0 0 0 0 0 
0.0945 1.00345 -2.29655 -0.930805 -1.68628 -3.20345 5.23776e-08 1.66068e+14 9.7494e-05 0.000549492 8.01088e-23 1.46204e-08 3459.68 0 0 2.92433e-25 0 0 7.02801e-05 0 0 0 0 0 0 0 0 0 0 
0.095 1.00363 -2.29637 -0.930805 -1.68604 -3.20363 5.20281e-08 1.65748e+14 9.7494e-05 0.000549136 8.01088e-23 1.45827e-08 3463.97 0 0 2.92433e-25 0 0 7.02802e-05 0 0 0 0 0 0 0 0 0 0 
0.0955 1.0038 -2.2962 -0.930805 -1.6858 -3.2038 5.16805e-08 1.65426e+14 9.74941e-05 0.000548778 8.01088e-23 1.45449e-08 3468.25 0 0 2.92433e-25 0 0 7.02802e-05 0 0 0 0 0 0 0 0 0 0 
0.096 1.00397 -2.29603 -0.930805 -1.68555 -3.20397 5.13348e-08 1.65102e+14 9.74942e-05 0.000548419 8.01088e-23 1.45069e-08 3472.52 0 0 2.92433e-25 0 0 7.02803e-05 0 0 0 0 0 0 0 0 0 0 
0.0965 1.00415 -2.29585 -0.930805 -1.68531 -3.20415 5.0991e-08 1.64778e+14 9.74942e-05 0.000548057 8.01088e-23 1.44689e-08 3476.78 0 0 2.92433e-25 0 0 7.02804e-05 0 0 0 0 0 0 0 0 0 0 
0.097 1.00432 -2.29568 -0.930805 -1.68507 -3.20432 5.06491e-08 1.64452e+14 9.74943e-05 0.000547694 8.01088e-23 1.44307e-08 3481.04 0 0 2.92433e-25 0 0 7.02805e-05 0 0 0 0 0 0 0 0 0 0 
0.0975 1.00449 -2.29551 -0.930805 -1.68482 -3.20449 5.0309e-08 1.64124e+14 9.74943e-05 0.000547328 8.01088e-23 1.43923e-08 3485.28 0 0 2.92433e-25 0 0 7.02806e-05 0 0 0 0 0 0 0 0 0 0 
0.098 1.00467 -2.29533 -0.930805 -1.68458 -3.20467 4.99709e-08 1.63795e+14 9.74944e-05 0.000546961 8.01088e-23 1.43538e-08 3489.52 0 0 2.92433e-25 0 0 7.02807e-05 0 0 0 0 0 0 0 0 0 0 
0.0985 1.00484 -2.29516 -0.930805 -1.68433 -3.20484 4.96346e-08 1.63465e+14 9.74944e-05 0.000546591 8.01088e-23 1.43152e-08 3493.75 0 0 2.92433e-25 0 0 7.02808e-05 0 0 0 0 0 0 0 0 0 0 
0.099 1.00502 -2.29498 -0.930805 -1.68409 -3.20502 4.93001e-08 1.63133e+14 9.74945e-05 0.00054622 8.01088e-23 1.42764e-08 3497.97 0 0 2.92433e-25 0 0 7.02808e-05 0 0 0 0 0 0 0 0 0 0 
0.0995 1.00519 -2.29481 -0.930805 -1.68384 -3.20519 4.89675e-08 1.62799e+14 9.74946e-05 0.000545847 8.01088e-23 1.42375e-08 3502.18 0 0 2.92433e-25 0 0 7.02809e-05 0 0 0 0 0 0 0 0 0 0 
0.1 1.00537 -2.29463 -0.930805 -1.6836 -3.20537 4.86368e-08 1.62464e+14 9.74946e-05 0.000545471 8.01088e-23 1.41984e-08 3506.39 0 0 2.92433e-25 0 0 7.0281e-05 0 0 0 0 0 0 0 0 0 0 
0.1005 1.00554 -2.29446 -0.930805 -1.68335 -3.20554 4.83079e-08 1.62128e+14 9.74947e-05 0.000545093 8.01088e-23 1.41592e-08 3510.58 0 0 2.92433e-25 0 0 7.02811e-05 0 0 0 0 0 0 0 0 0 0 
0.101 1.00572 -2.29428 -0.930805 -1.6831 -3.20572 4.79809e-08 1.6179e+14 9.74947e-05 0.000544714 8.01088e-23 1.41198e-08 3514.77 0 0 2.92433e-25 0 0 7.02812e-05 0 0 0 0 0 0 0 0 0 0 
0.1015 1.00589 -2.29411 -0.930805 -1.68285 -3.20589 4.76556e-08 1.6145e+14 9.74948e-05 0.000544332 8.01088e-23 1.40803e-08 3518.95 0 0 2.92433e-25 0 0 7.02813e-05 0 0 0 0 0 0 0 0 0 0 
0.102 1.00607 -2.29393 -0.930805 -1.6826 -3.20607 4.73322e-08 1.61109e+14 9.74949e-05 0.000543948 8.01088e-23 1.40406e-08 3523.12 0 0 2.92433e-25 0 0 7.02814e-05 0 0 0 0 0 0 0 0 0 0 
0.1025 1.00625 -2.29375 -0.930805 -1.68235 -3.20625 4.70106e-08 1.60766e+14 9.74949e-05 0.000543562 8.01088e-23 1.40008e-08 3527.28 0 0 2.92433e-25 0 0 7.02815e-05 0 0 0 0 0 0 0 0 0 0 
0.103 1.00642 -2.29358 -0.930805 -1.6821 -3.20642 4.66908e-08 1.60421e+14 9.7495e-05 0.000543173 8.01088e-23 1.39608e-08 3531.43 0 0 2.92433e-25 0 0 7.02816e-05 0 0 0 0 0 0 0 0 0 0 
0.1035 1.0066 -2.2934 -0.930805 -1.68185 -3.2066 4.63729e-08 1.60075e+14 9.7495e-05 0.000542782 8.01088e-23 1.39207e-08 3535.57 0 0 2.92433e-25 0 0 7.02816e-05 0 0 0 0 0 0 0 0 0 0 
0.104 1.00678 -2.29322 -0.930805 -1.68159 -3.20678 4.60567e-08 1.59727e+14 9.74951e-05 0.000542389 8.01088e-23 1.38804e-08 3539.7 0 0 2.92433e-25 0 0 7.02817e-05 0 0 0 0 0 0 0 0 0 0 
0.1045 1.00695 -2.29305 -0.930805 -1.68134 -3.20695 4.57423e-08 1.59378e+14 9.74952e-05 0.000541994 8.01088e-23 1.38399e-08 3543.83 0 0 2.92433e-25 0 0 7.02818e-05 0 0 0 0 0 0 0 0 0 0 
0.105 1.00713 -2.29287 -0.930805 -1.68109 -3.20713 4.54297e-08 1.59027e+14 9.74952e-05 0.000541596 8.01088e-23 1.37992e-08 3547.94 0 0 2.92433e-25 0 0 7.02819e-05 0 0 0 0 0 0 0 0 0 0 
0.1055 1.00731 -2.29269 -0.930805 -1.68083 -3.20731 4.51188e-08 1.58674e+14 9.74953e-05 0.000541196 8.01088e-23 1.37584e-08 3552.05 0 0 2.92433e-25 0 0 7.0282e-05 0 0 0 0 0 0 0 0 0 0 
0.106 1.00749 -2.29251 -0.930805 -1.68057 -3.20749 4.48098e-08 1.58319e+14 9.74953e-05 0.000540793 8.01088e-23 1.37175e-08 3556.15 0 0 2.92433e-25 0 0 7.02821e-05 0 0 0 0 0 0 0 0 0 0 
0.1065 1.00766 -2.29234 -0.930805 -1.68032 -3.20766 4.45025e-08 1.57962e+14 9.74954e-05 0.000540388 8.01088e-23 1.36763e-08 3560.23 0 0 2.92433e-25 0 0 7.02822e-05 0 0 0 0 0 0 0 0 0 0 
0.107 1.00784 -2.29216 -0.930805 -1.68006 -3.20784 4.41969e-08 1.57604e+14 9.74954e-05 0.00053998 8.01088e-23 1.3635e-08 3564.31 0 0 2.92433e-25 0 0 7.02823e-05 0 0 0 0 0 0 0 0 0 0 
0.1075 1.00802 -2.29198 -0.930805 -1.6798 -3.20802 4.38932e-08 1.57243e+14 9.74955e-05 0.00053957 8.01088e-23 1.35935e-08 3568.38 0 0 2.92433e-25 0 0 7.02824e-05 0 0 0 0 0 0 0 0 0 0 
0.108 1.0082 -2.2918 -0.930805 -1.67954 -3.2082 4.35911e-08 1.56881e+14 9.74956e-05 0.000539157 8.01088e-23 1.35518e-08 3572.44 0 0 2.92433e-25 0 0 7.02825e-05 0 0 0 0 0 0 0 0 0 0 
0.1085 1.00838 -2.29162 -0.930805 -1.67928 -3.20838 4.32908e-08 1.56517e+14 9.74956e-05 0.000538742 8.01088e-23 1.35099e-08 3576.49 0 0 2.92433e-25 0 0 7.02826e-05 0 0 0 0 0 0 0 0 0 0 
0.109 1.00856 -2.29144 -0.930805 -1.67902 -3.20856 4.29923e-08 1.56151e+14 9.74957e-05 0.000538324 8.01088e-23 1.34679e-08 3580.53 0 0 2.92433e-25 0 0 7.02827e-05 0 0 0 0 0 0 0 0 0 0 
0.1095 1.00874 -2.29126 -0.930805 -1.67876 -3.20874 4.26954e-08 1.55783e+14 9.74957e-05 0.000537903 8.01088e-23 1.34257e-08 3584.56 0 0 2.92433e-25 0 0 7.02828e-05 0 0 0 0 0 0 0 0 0 0 
0.11 1.00892 -2.29108 -0.930805 -1.6785 -3.20892 4.24003e-08 1.55414e+14 9.74958e-05 0.00053748 8.01088e-23 1.33832e-08 3588.59 0 0 2.92433e-25 0 0 7.02829e-05 0 0 0 0 0 0 0 0 0 0 
0.1105 1.0091 -2.2909 -0.930805 -1.67824 -3.2091 4.21069e-08 1.55042e+14 9.74958e-05 0.000537054 8.01088e-23 1.33406e-08 3592.6 0 0 2.92433e-25 0 0 7.0283e-05 0 0 0 0 0 0 0 0 0 0 
0.111 1.00927 -2.29073 -0.930805 -1.67797 -3.20927 4.18152e-08 1.54668e+14 9.74959e-05 0.000536625 8.01088e-23 1.32978e-08 3596.6 0 0 2.92433e-25 0 0 7.02831e-05 0 0 0 0 0 0 0 0 0 0 
0.1115 1.00945 -2.29055 -0.930805 -1.67771 -3.20945 4.15252e-08 1.54292e+14 9.7496e-05 0.000536193 8.01088e-23 1.32549e-08 3600.59 0 0 2.92433e-25 0 0 7.02832e-05 0 0 0 0 0 0 0 0 0 0 
0.112 1.00963 -2.29037 -0.930805 -1.67744 -3.20963 4.12369e-08 1.53914e+14 9.7496e-05 0.000535758 8.01088e-23 1.32117e-08 3604.58 0 0 2.92433e-25 0 0 7.02833e-05 0 0 0 0 0 0 0 0 0 0 
0.1125 1.00982 -2.29018 -0.930805 -1.67718 -3.20982 4.09502e-08 1.53534e+14 9.74961e-05 0.00053532 8.01088e-23 1.31683e-08 3608.55 0 0 2.92433e-25 0 0 7.02834e-05 0 0 0 0 0 0 0 0 0 0 
0.113 1.01 -2.29 -0.930805 -1.67691 -3.21 4.06653e-08 1.53152e+14 9.74961e-05 0.00053488 8.01088e-23 1.31247e-08 3612.51 0 0 2.92433e-25 0 0 7.02835e-05 0 0 0 0 0 0 0 0 0 0 
0.1135 1.01018 -2.28982 -0.930805 -1.67664 -3.21018 4.0382e-08 1.52768e+14 9.74962e-05 0.000534436 8.01088e-23 1.30809e-08 3616.47 0 0 2.92433e-25 0 0 7.02836e-05 0 0 0 0 0 0 0 0 0 0 
0.114 1.01036 -2.28964 -0.930805 -1.67637 -3.21036 4.01004e-08 1.52381e+14 9.74962e-05 0.00053399 8.01088e-23 1.30369e-08 3620.41 0 0 2.92433e-25 0 0 7.02837e-05 0 0 0 0 0 0 0 0 0 0 
0.1145 1.01054 -2.28946 -0.930805 -1.6761 -3.21054 3.98205e-08 1.51993e+14 9.74963e-05 0.00053354 8.01088e-23 1.29927e-08 3624.35 0 0 2.92433e-25 0 0 7.02838e-05 0 0 0 0 0 0 0 0 0 0 
0.115 1.01072 -2.28928 -0.930805 -1.67583 -3.21072 3.95422e-08 1.51602e+14 9.74964e-05 0.000533087 8.01088e-23 1.29483e-08 3628.27 0 0 2.92433e-25 0 0 7.02839e-05 0 0 0 0 0 0 0 0 0 0 
0.1155 1.0109 -2.2891 -0.930805 -1.67556 -3.2109 3.92655e-08 1.51209e+14 9.74964e-05 0.000532631 8.01088e-23 1.29037e-08 3632.18 0 0 2.92433e-25 0 0 7.0284e-05 0 0 0 0 0 0 0 0 0 0 
0.116 1.01108 -2.28892 -0.930805 -1.67529 -3.21108 3.89905e-08 1.50813e+14 9.74965e-05 0.000532172 8.01088e-23 1.28588e-08 3636.09 0 0 2.92433e-25 0 0 7.02841e-05 0 0 0 0 0 0 0 0 0 0 
0.1165 1.01126 -2.28874 -0.930805 -1.67501 -3.21126 3.87172e-08 1.50416e+14 9.74965e-05 0.00053171 8.01088e-23 1.28138e-08 3639.98 0 0 2.92433e-25 0 0 7.02842e-05 0 0 0 0 0 0 0 0 0 0 
0.117 1.01145 -2.28855 -0.930805 -1.67474 -3.21145 3.84454e-08 1.50016e+14 9.74966e-05 0.000531244 8.01088e-23 1.27685e-08 3643.86 0 0 2.92433e-25 0 0 7.02843e-05 0 0 0 0 0 0 0 0 0 0 
0.1175 1.01163 -2.28837 -0.930805 -1.67446 -3.21163 3.81753e-08 1.49613e+14 9.74966e-05 0.000530775 8.01088e-23 1.2723e-08 3647.74 0 0 2.92433e-25 0 0 7.02844e-05 0 0 0 0 0 0 0 0 0 0 
0.118 1.01181 -2.28819 -0.930805 -1.67418 -3.21181 3.79068e-08 1.49208e+14 9.74967e-05 0.000530302 8.01088e-23 1.26773e-08 3651.6 0 0 2.92433e-25 0 0 7.02845e-05 0 0 0 0 0 0 0 0 0 0 
0.1185 1.01199 -2.28801 -0.930805 -1.67391 -3.21199 3.76399e-08 1.48801e+14 9.74967e-05 0.000529826 8.01088e-23 1.26313e-08 3655.45 0 0 2.92433e-25 0 0 7.02846e-05 0 0 0 0 0 0 0 0 0 0 
0.119 1.01218 -2.28782 -0.930805 -1.67363 -3.21218 3.73746e-08 1.48391e+14 9.74968e-05 0.000529347 8.01088e-23 1.25852e-08 3659.29 0 0 2.92433e-25 0 0 7.02847e-05 0 0 0 0 0 0 0 0 0 0 
0.1195 1.01236 -2.28764 -0.930805 -1.67335 -3.21236 3.71109e-08 1.47979e+14 9.74969e-05 0.000528863 8.01088e-23 1.25388e-08 3663.12 0 0 2.92433e-25 0 0 7.02848e-05 0 0 0 0 0 0 0 0 0 0 
0.12 1.01254 -2.28746 -0.930805 -1.67307 -3.21254 3.68488e-08 1.47565e+14 9.74969e-05 0.000528377 8.01088e-23 1.24921e-08 3666.94 0 0 2.92433e-25 0 0 7.02849e-05 0 0 0 0 0 0 0 0 0 0 
0.1205 1.01273 -2.28727 -0.930805 -1.67279 -3.21273 3.65883e-08 1.47147e+14 9.7497e-05 0.000527886 8.01088e-23 1.24452e-08 3670.75 0 0 2.92433e-25 0 0 7.0285e-05 0 0 0 0 0 0 0 0 0 0 
0.121 1.01291 -2.28709 -0.930805 -1.6725 -3.21291 3.63293e-08 1.46727e+14 9.7497e-05 0.000527392 8.01088e-23 1.23981e-08 3674.55 0 0 2.92433e-25 0 0 7.02851e-05 0 0 0 0 0 0 0 0 0 0 
0.1215 1.01309 -2.28691 -0.930805 -1.67222 -3.21309 3.60719e-08 1.46305e+14 9.74971e-05 0.000526895 8.01088e-23 1.23508e-08 3678.33 0 0 2.92433e-25 0 0 7.02852e-05 0 0 0 0 0 0 0 0 0 0 
0.122 1.01328 -2.28672 -0.930805 -1.67193 -3.21328 3.58161e-08 1.4588e+14 9.74971e-05 0.000526393 8.01088e-23 1.23031e-08 3682.11 0 0 2.92433e-25 0 0 7.02853e-05 0 0 0 0 0 0 0 0 0 0 
0.1225 1.01346 -2.28654 -0.930805 -1.67165 -3.21346 3.55618e-08 1.45452e+14 9.74972e-05 0.000525888 8.01088e-23 1.22553e-08 3685.88 0 0 2.92433e-25 0 0 7.02854e-05 0 0 0 0 0 0 0 0 0 0 
0.123 1.01365 -2.28635 -0.930805 -1.67136 -3.21365 3.53091e-08 1.45022e+14 9.74972e-05 0.000525378 8.01088e-23 1.22072e-08 3689.63 0 0 2.92433e-25 0 0 7.02855e-05 0 0 0 0 0 0 0 0 0 0 
0.1235 1.01383 -2.28617 -0.930805 -1.67107 -3.21383 3.50579e-08 1.44588e+14 9.74973e-05 0.000524865 8.01088e-23 1.21588e-08 3693.37 0 0 2.92433e-25 0 0 7.02856e-05 0 0 0 0 0 0 0 0 0 0 
0.124 1.01402 -2.28598 -0.930805 -1.67078 -3.21402 3.48083e-08 1.44152e+14 9.74973e-05 0.000524347 8.01088e-23 1.21102e-08 3697.1 0 0 2.92433e-25 0 0 7.02857e-05 0 0 0 0 0 0 0 0 0 0 
0.1245 1.0142 -2.2858 -0.930805 -1.67049 -3.2142 3.45602e-08 1.43714e+14 9.74974e-05 0.000523826 8.01088e-23 1.20613e-08 3700.83 0 0 2.92433e-25 0 0 7.02858e-05 0 0 0 0 0 0 0 0 0 0 
0.125 1.01439 -2.28561 -0.930805 -1.6702 -3.21439 3.43136e-08 1.43272e+14 9.74975e-05 0.0005233 8.01088e-23 1.20122e-08 3704.53 0 0 2.92433e-25 0 0 7.02859e-05 0 0 0 0 0 0 0 0 0 0 
0.1255 1.01457 -2.28543 -0.930805 -1.66991 -3.21457 3.40685e-08 1.42827e+14 9.74975e-05 0.00052277 8.01088e-23 1.19628e-08 3708.23 0 0 2.92433e-25 0 0 7.0286e-05 0 0 0 0 0 0 0 0 0 0 
0.126 1.01476 -2.28524 -0.930805 -1.66961 -3.21476 3.38249e-08 1.4238e+14 9.74976e-05 0.000522236 8.01088e-23 1.19131e-08 3711.92 0 0 2.92433e-25 0 0 7.02861e-05 0 0 0 0 0 0 0 0 0 0 
0.1265 1.01494 -2.28506 -0.930805 -1.66932 -3.21494 3.35828e-08 1.41929e+14 9.74976e-05 0.000521697 8.01088e-23 1.18632e-08 3715.59 0 0 2.92433e-25 0 0 7.02862e-05 0 0 0 0 0 0 0 0 0 0 
0.127 1.01513 -2.28487 -0.930805 -1.66902 -3.21513 3.33423e-08 1.41476e+14 9.74977e-05 0.000521154 8.01088e-23 1.1813e-08 3719.25 0 0 2.92433e-25 0 0 7.02863e-05 0 0 0 0 0 0 0 0 0 0 
0.1275 1.01531 -2.28469 -0.930805 -1.66872 -3.21531 3.31032e-08 1.41019e+14 9.74977e-05 0.000520606 8.01088e-23 1.17625e-08 3722.91 0 0 2.92433e-25 0 0 7.02865e-05 0 0 0 0 0 0 0 0 0 0 
0.128 1.0155 -2.2845 -0.930805 -1.66842 -3.2155 3.28656e-08 1.4056e+14 9.74978e-05 0.000520054 8.01088e-23 1.17117e-08 3726.55 0 0 2.92433e-25 0 0 7.02866e-05 0 0 0 0 0 0 0 0 0 0 
0.1285 1.01569 -2.28431 -0.930805 -1.66812 -3.21569 3.26294e-08 1.40097e+14 9.74978e-05 0.000519498 8.01088e-23 1.16607e-08 3730.17 0 0 2.92433e-25 0 0 7.02867e-05 0 0 0 0 0 0 0 0 0 0 
0.129 1.01587 -2.28413 -0.930805 -1.66782 -3.21587 3.23948e-08 1.39631e+14 9.74979e-05 0.000518936 8.01088e-23 1.16093e-08 3733.79 0 0 2.92433e-25 0 0 7.02868e-05 0 0 0 0 0 0 0 0 0 0 
0.1295 1.01606 -2.28394 -0.930805 -1.66752 -3.21606 3.21616e-08 1.39162e+14 9.74979e-05 0.00051837 8.01088e-23 1.15577e-08 3737.39 0 0 2.92433e-25 0 0 7.02869e-05 0 0 0 0 0 0 0 0 0 0 
0.13 1.01625 -2.28375 -0.930805 -1.66721 -3.21625 3.19299e-08 1.3869e+14 9.7498e-05 0.000517799 8.01088e-23 1.15058e-08 3740.98 0 0 2.92433e-25 0 0 7.0287e-05 0 0 0 0 0 0 0 0 0 0 
0.1305 1.01644 -2.28356 -0.930805 -1.66691 -3.21644 3.16996e-08 1.38214e+14 9.7498e-05 0.000517223 8.01088e-23 1.14536e-08 3744.56 0 0 2.92433e-25 0 0 7.02871e-05 0 0 0 0 0 0 0 0 0 0 
0.131 1.01662 -2.28338 -0.930805 -1.6666 -3.21662 3.14707e-08 1.37735e+14 9.74981e-05 0.000516642 8.01088e-23 1.14011e-08 3748.13 0 0 2.92433e-25 0 0 7.02872e-05 0 0 0 0 0 0 0 0 0 0 
0.1315 1.01681 -2.28319 -0.930805 -1.66629 -3.21681 3.12433e-08 1.37253e+14 9.74981e-05 0.000516056 8.01088e-23 1.13483e-08 3751.68 0 0 2.92433e-25 0 0 7.02873e-05 0 0 0 0 0 0 0 0 0 0 
0.132 1.017 -2.283 -0.930805 -1.66598 -3.217 3.10174e-08 1.36767e+14 9.74982e-05 0.000515465 8.01088e-23 1.12951e-08 3755.22 0 0 2.92433e-25 0 0 7.02874e-05 0 0 0 0 0 0 0 0 0 0 
0.1325 1.01719 -2.28281 -0.930805 -1.66567 -3.21719 3.07928e-08 1.36278e+14 9.74982e-05 0.000514869 8.01088e-23 1.12417e-08 3758.75 0 0 2.92433e-25 0 0 7.02875e-05 0 0 0 0 0 0 0 0 0 0 
0.133 1.01737 -2.28263 -0.930805 -1.66535 -3.21737 3.05697e-08 1.35786e+14 9.74983e-05 0.000514267 8.01088e-23 1.1188e-08 3762.27 0 0 2.92433e-25 0 0 7.02876e-05 0 0 0 0 0 0 0 0 0 0 
0.1335 1.01756 -2.28244 -0.930805 -1.66504 -3.21756 3.03479e-08 1.35289e+14 9.74983e-05 0.00051366 8.01088e-23 1.1134e-08 3765.77 0 0 2.92433e-25 0 0 7.02877e-05 0 0 0 0 0 0 0 0 0 0 
0.134 1.01775 -2.28225 -0.930805 -1.66472 -3.21775 3.01276e-08 1.3479e+14 9.74984e-05 0.000513047 8.01088e-23 1.10796e-08 3769.26 0 0 2.92433e-25 0 0 7.02879e-05 0 0 0 0 0 0 0 0 0 0 
0.1345 1.01794 -2.28206 -0.930805 -1.6644 -3.21794 2.99087e-08 1.34286e+14 9.74985e-05 0.000512429 8.01088e-23 1.10249e-08 3772.74 0 0 2.92433e-25 0 0 7.0288e-05 0 0 0 0 0 0 0 0 0 0 
0.135 1.01813 -2.28187 -0.930805 -1.66408 -3.21813 2.96912e-08 1.33779e+14 9.74985e-05 0.000511805 8.01088e-23 1.09699e-08 3776.2 0 0 2.92433e-25 0 0 7.02881e-05 0 0 0 0 0 0 0 0 0 0 
0.1355 1.01832 -2.28168 -0.930805 -1.66376 -3.21832 2.9475e-08 1.33268e+14 9.74986e-05 0.000511176 8.01088e-23 1.09146e-08 3779.65 0 0 2.92433e-25 0 0 7.02882e-05 0 0 0 0 0 0 0 0 0 0 
0.136 1.01851 -2.28149 -0.930805 -1.66344 -3.21851 2.92603e-08 1.32754e+14 9.74986e-05 0.00051054 8.01088e-23 1.08589e-08 3783.09 0 0 2.92433e-25 0 0 7.02883e-05 0 0 0 0 0 0 0 0 0 0 
0.1365 1.01869 -2.28131 -0.930805 -1.66312 -3.21869 2.90469e-08 1.32235e+14 9.74987e-05 0.000509899 8.01088e-23 1.08029e-08 3786.52 0 0 2.92433e-25 0 0 7.02884e-05 0 0 0 0 0 0 0 0 0 0 
0.137 1.01888 -2.28112 -0.930805 -1.66279 -3.21888 2.88348e-08 1.31713e+14 9.74987e-05 0.000509252 8.01088e-23 1.07466e-08 3789.93 0 0 2.92433e-25 0 0 7.02885e-05 0 0 0 0 0 0 0 0 0 0 
0.1375 1.01907 -2.28093 -0.930805 -1.66246 -3.21907 2.86242e-08 1.31187e+14 9.74988e-05 0.000508598 8.01088e-23 1.06899e-08 3793.33 0 0 2.92433e-25 0 0 7.02886e-05 0 0 0 0 0 0 0 0 0 0 
0.138 1.01926 -2.28074 -0.930805 -1.66213 -3.21926 2.84149e-08 1.30657e+14 9.74988e-05 0.000507938 8.01088e-23 1.06329e-08 3796.71 0 0 2.92433e-25 0 0 7.02887e-05 0 0 0 0 0 0 0 0 0 0 
0.1385 1.01945 -2.28055 -0.930805 -1.6618 -3.21945 2.82069e-08 1.30123e+14 9.74989e-05 0.000507272 8.01088e-23 1.05756e-08 3800.08 0 0 2.92433e-25 0 0 7.02888e-05 0 0 0 0 0 0 0 0 0 0 
0.139 1.01964 -2.28036 -0.930805 -1.66147 -3.21964 2.80003e-08 1.29584e+14 9.74989e-05 0.0005066 8.01088e-23 1.05179e-08 3803.44 0 0 2.92433e-25 0 0 7.02889e-05 0 0 0 0 0 0 0 0 0 0 
0.1395 1.01983 -2.28017 -0.930805 -1.66113 -3.21983 2.7795e-08 1.29042e+14 9.7499e-05 0.000505921 8.01088e-23 1.04598e-08 3806.78 0 0 2.92433e-25 0 0 7.0289e-05 0 0 0 0 0 0 0 0 0 0 
0.14 1.02002 -2.27998 -0.930805 -1.6608 -3.22002 2.7591e-08 1.28495e+14 9.7499e-05 0.000505235 8.01088e-23 1.04014e-08 3810.11 0 0 2.92433e-25 0 0 7.02892e-05 0 0 0 0 0 0 0 0 0 0 
0.1405 1.02021 -2.27979 -0.930805 -1.66046 -3.22021 2.73883e-08 1.27944e+14 9.7499e-05 0.000504543 8.01088e-23 1.03426e-08 3813.42 0 0 2.92433e-25 0 0 7.02893e-05 0 0 0 0 0 0 0 0 0 0 
0.141 1.02041 -2.27959 -0.930805 -1.66012 -3.22041 2.7187e-08 1.27389e+14 9.74991e-05 0.000503843 8.01088e-23 1.02834e-08 3816.72 0 0 2.92434e-25 0 0 7.02894e-05 0 0 0 0 0 0 0 0 0 0 
0.1415 1.0206 -2.2794 -0.930805 -1.65977 -3.2206 2.6987e-08 1.2683e+14 9.74991e-05 0.000503137 8.01088e-23 1.02239e-08 3820.01 0 0 2.92433e-25 0 0 7.02895e-05 0 0 0 0 0 0 0 0 0 0 
0.142 1.02079 -2.27921 -0.930805 -1.65943 -3.22079 2.67883e-08 1.26266e+14 9.74992e-05 0.000502423 8.01088e-23 1.0164e-08 3823.28 0 0 2.92433e-25 0 0 7.02896e-05 0 0 0 0 0 0 0 0 0 0 
0.1425 1.02098 -2.27902 -0.930805 -1.65908 -3.22098 2.65908e-08 1.25697e+14 9.74992e-05 0.000501703 8.01088e-23 1.01037e-08 3826.53 0 0 2.92433e-25 0 0 7.02897e-05 0 0 0 0 0 0 0 0 0 0 
0.143 1.02117 -2.27883 -0.930805 -1.65873 -3.22117 2.63947e-08 1.25124e+14 9.74993e-05 0.000500975 8.01088e-23 1.00431e-08 3829.78 0 0 2.92433e-25 0 0 7.02898e-05 0 0 0 0 0 0 0 0 0 0 
0.1435 1.02136 -2.27864 -0.930805 -1.65838 -3.22136 2.61998e-08 1.24547e+14 9.74993e-05 0.000500239 8.01088e-23 9.98206e-09 3833 0 0 2.92433e-25 0 0 7.02899e-05 0 0 0 0 0 0 0 0 0 0 
0.144 1.02155 -2.27845 -0.930805 -1.65803 -3.22155 2.60063e-08 1.23964e+14 9.74994e-05 0.000499496 8.01088e-23 9.92063e-09 3836.21 0 0 2.92433e-25 0 0 7.029e-05 0 0 0 0 0 0 0 0 0 0 
0.1445 1.02175 -2.27825 -0.930805 -1.65767 -3.22175 2.58139e-08 1.23378e+14 9.74994e-05 0.000498745 8.01088e-23 9.85881e-09 3839.41 0 0 2.92433e-25 0 0 7.02901e-05 0 0 0 0 0 0 0 0 0 0 
0.145 1.02194 -2.27806 -0.930805 -1.65732 -3.22194 2.56229e-08 1.22786e+14 9.74995e-05 0.000497986 8.01088e-23 9.7966e-09 3842.59 0 0 2.92433e-25 0 0 7.02902e-05 0 0 0 0 0 0 0 0 0 0 
0.1455 1.02213 -2.27787 -0.930805 -1.65696 -3.22213 2.54331e-08 1.22189e+14 9.74995e-05 0.000497219 8.01088e-23 9.73399e-09 3845.76 0 0 2.92434e-25 0 0 7.02903e-05 0 0 0 0 0 0 0 0 0 0 
0.146 1.02232 -2.27768 -0.930805 -1.65659 -3.22232 2.52446e-08 1.21588e+14 9.74996e-05 0.000496444 8.01088e-23 9.67097e-09 3848.91 0 0 2.92433e-25 0 0 7.02905e-05 0 0 0 0 0 0 0 0 0 0 
0.1465 1.02251 -2.27749 -0.930805 -1.65623 -3.22251 2.50573e-08 1.20981e+14 9.74996e-05 0.00049566 8.01088e-23 9.60754e-09 3852.04 0 0 2.92433e-25 0 0 7.02906e-05 0 0 0 0 0 0 0 0 0 0 
0.147 1.02271 -2.27729 -0.930805 -1.65586 -3.22271 2.48712e-08 1.2037e+14 9.74997e-05 0.000494868 8.01088e-23 9.5437e-09 3855.16 0 0 2.92433e-25 0 0 7.02907e-05 0 0 0 0 0 0 0 0 0 0 
0.1475 1.0229 -2.2771 -0.930805 -1.65549 -3.2229 2.46864e-08 1.19753e+14 9.74997e-05 0.000494068 8.01088e-23 9.47944e-09 3858.27 0 0 2.92433e-25 0 0 7.02908e-05 0 0 0 0 0 0 0 0 0 0 
0.148 1.02309 -2.27691 -0.930805 -1.65512 -3.22309 2.45028e-08 1.19131e+14 9.74998e-05 0.000493258 8.01088e-23 9.41476e-09 3861.35 0 0 2.92433e-25 0 0 7.02909e-05 0 0 0 0 0 0 0 0 0 0 
0.1485 1.02329 -2.27671 -0.930805 -1.65475 -3.22329 2.43205e-08 1.18504e+14 9.74998e-05 0.00049244 8.01088e-23 9.34966e-09 3864.42 0 0 2.92433e-25 0 0 7.0291e-05 0 0 0 0 0 0 0 0 0 0 
0.149 1.02348 -2.27652 -0.930805 -1.65437 -3.22348 2.41393e-08 1.17871e+14 9.74998e-05 0.000491612 8.01088e-23 9.28412e-09 3867.48 0 0 2.92433e-25 0 0 7.02911e-05 0 0 0 0 0 0 0 0 0 0 
0.1495 1.02367 -2.27633 -0.930805 -1.65399 -3.22367 2.39593e-08 1.17233e+14 9.74999e-05 0.000490775 8.01088e-23 9.21816e-09 3870.52 0 0 2.92433e-25 0 0 7.02912e-05 0 0 0 0 0 0 0 0 0 0 
0.15 1.02387 -2.27613 -0.930805 -1.65361 -3.22387 2.37806e-08 1.1659e+14 9.74999e-05 0.000489929 8.01088e-23 9.15175e-09 3873.54 0 0 2.92433e-25 0 0 7.02913e-05 0 0 0 0 0 0 0 0 0 0 
0.1505 1.02406 -2.27594 -0.930805 -1.65322 -3.22406 2.3603e-08 1.15941e+14 9.75e-05 0.000489073 8.01088e-23 9.0849e-09 3876.54 0 0 2.92433e-25 0 0 7.02914e-05 0 0 0 0 0 0 0 0 0 0 
0.151 1.02425 -2.27575 -0.930805 -1.65283 -3.22425 2.34267e-08 1.15286e+14 9.75e-05 0.000488207 8.01088e-23 9.01761e-09 3879.53 0 0 2.92433e-25 0 0 7.02915e-05 0 0 0 0 0 0 0 0 0 0 
0.1515 1.02445 -2.27555 -0.930805 -1.65244 -3.22445 2.32515e-08 1.14626e+14 9.75001e-05 0.000487331 8.01088e-23 8.94986e-09 3882.5 0 0 2.92433e-25 0 0 7.02916e-05 0 0 0 0 0 0 0 0 0 0 
0.152 1.02464 -2.27536 -0.930805 -1.65205 -3.22464 2.30775e-08 1.13959e+14 9.75001e-05 0.000486445 8.01088e-23 8.88166e-09 3885.46 0 0 2.92433e-25 0 0 7.02917e-05 0 0 0 0 0 0 0 0 0 0 
0.1525 1.02484 -2.27516 -0.930805 -1.65165 -3.22484 2.29047e-08 1.13287e+14 9.75001e-05 0.000485548 8.01088e-23 8.813e-09 3888.39 0 0 2.92433e-25 0 0 7.02918e-05 0 0 0 0 0 0 0 0 0 0 
0.153 1.02503 -2.27497 -0.930805 -1.65125 -3.22503 2.2733e-08 1.12609e+14 9.75002e-05 0.000484641 8.01088e-23 8.74387e-09 3891.31 0 0 2.92433e-25 0 0 7.02919e-05 0 0 0 0 0 0 0 0 0 0 
0.1535 1.02523 -2.27477 -0.930805 -1.65085 -3.22523 2.25625e-08 1.11925e+14 9.75002e-05 0.000483723 8.01088e-23 8.67428e-09 3894.22 0 0 2.92433e-25 0 0 7.0292e-05 0 0 0 0 0 0 0 0 0 0 
0.154 1.02542 -2.27458 -0.930805 -1.65044 -3.22542 2.23932e-08 1.11234e+14 9.75003e-05 0.000482793 8.01088e-23 8.60421e-09 3897.1 0 0 2.92433e-25 0 0 7.02921e-05 0 0 0 0 0 0 0 0 0 0 
0.1545 1.02562 -2.27438 -0.930805 -1.65003 -3.22562 2.2225e-08 1.10538e+14 9.75003e-05 0.000481853 8.01088e-23 8.53366e-09 3899.97 0 0 2.92433e-25 0 0 7.02922e-05 0 0 0 0 0 0 0 0 0 0 
0.155 1.02581 -2.27419 -0.930805 -1.64961 -3.22581 2.20579e-08 1.09835e+14 9.75004e-05 0.000480901 8.01088e-23 8.46263e-09 3902.81 0 0 2.92433e-25 0 0 7.02923e-05 0 0 0 0 0 0 0 0 0 0 
0.1555 1.02601 -2.27399 -0.930805 -1.6492 -3.22601 2.1892e-08 1.09125e+14 9.75004e-05 0.000479936 8.01088e-23 8.39111e-09 3905.64 0 0 2.92433e-25 0 0 7.02924e-05 0 0 0 0 0 0 0 0 0 0 
0.156 1.0262 -2.2738 -0.930805 -1.64878 -3.2262 2.17272e-08 1.08409e+14 9.75004e-05 0.00047896 8.01088e-23 8.31909e-09 3908.46 0 0 2.92433e-25 0 0 7.02925e-05 0 0 0 0 0 0 0 0 0 0 
0.1565 1.0264 -2.2736 -0.930805 -1.64835 -3.2264 2.15635e-08 1.07687e+14 9.75005e-05 0.000477972 8.01088e-23 8.24658e-09 3911.25 0 0 2.92433e-25 0 0 7.02926e-05 0 0 0 0 0 0 0 0 0 0 
0.157 1.02659 -2.27341 -0.930805 -1.64792 -3.22659 2.1401e-08 1.06957e+14 9.75005e-05 0.000476971 8.01088e-23 8.17357e-09 3914.02 0 0 2.92433e-25 0 0 7.02927e-05 0 0 0 0 0 0 0 0 0 0 
0.1575 1.02679 -2.27321 -0.930805 -1.64749 -3.22679 2.12395e-08 1.06221e+14 9.75006e-05 0.000475957 8.01088e-23 8.10005e-09 3916.78 0 0 2.92433e-25 0 0 7.02928e-05 0 0 0 0 0 0 0 0 0 0 
0.158 1.02698 -2.27302 -0.930805 -1.64706 -3.22698 2.10792e-08 1.05478e+14 9.75006e-05 0.00047493 8.01088e-23 8.02601e-09 3919.51 0 0 2.92433e-25 0 0 7.02929e-05 0 0 0 0 0 0 0 0 0 0 
0.1585 1.02718 -2.27282 -0.930805 -1.64662 -3.22718 2.09199e-08 1.04727e+14 9.75006e-05 0.000473889 8.01088e-23 7.95146e-09 3922.23 0 0 2.92433e-25 0 0 7.0293e-05 0 0 0 0 0 0 0 0 0 0 
0.159 1.02738 -2.27262 -0.930805 -1.64617 -3.22738 2.07618e-08 1.0397e+14 9.75007e-05 0.000472835 8.01088e-23 7.87639e-09 3924.93 0 0 2.92433e-25 0 0 7.02931e-05 0 0 0 0 0 0 0 0 0 0 
0.1595 1.02757 -2.27243 -0.930805 -1.64572 -3.22757 2.06047e-08 1.03205e+14 9.75007e-05 0.000471767 8.01088e-23 7.80079e-09 3927.6 0 0 2.92433e-25 0 0 7.02932e-05 0 0 0 0 0 0 0 0 0 0 
0.16 1.02777 -2.27223 -0.930805 -1.64527 -3.22777 2.04488e-08 1.02433e+14 9.75008e-05 0.000470684 8.01088e-23 7.72465e-09 3930.26 0 0 2.92433e-25 0 0 7.02933e-05 0 0 0 0 0 0 0 0 0 0 
0.1605 1.02797 -2.27203 -0.930805 -1.64481 -3.22797 2.02939e-08 1.01653e+14 9.75008e-05 0.000469587 8.01088e-23 7.64798e-09 3932.9 0 0 2.92433e-25 0 0 7.02934e-05 0 0 0 0 0 0 0 0 0 0 
0.161 1.02816 -2.27184 -0.930805 -1.64435 -3.22816 2.01401e-08 1.00866e+14 9.75008e-05 0.000468475 8.01088e-23 7.57076e-09 3935.52 0 0 2.92433e-25 0 0 7.02935e-05 0 0 0 0 0 0 0 0 0 0 
0.1615 1.02836 -2.27164 -0.930805 -1.64389 -3.22836 1.99873e-08 1.00071e+14 9.75009e-05 0.000467347 8.01088e-23 7.493e-09 3938.11 0 0 2.92433e-25 0 0 7.02936e-05 0 0 0 0 0 0 0 0 0 0 
0.162 1.02856 -2.27144 -0.930805 -1.64341 -3.22856 1.98356e-08 9.92675e+13 9.75009e-05 0.000466203 8.01088e-23 7.41468e-09 3940.69 0 0 2.92433e-25 0 0 7.02937e-05 0 0 0 0 0 0 0 0 0 0 
0.1625 1.02875 -2.27125 -0.930805 -1.64294 -3.22875 1.9685e-08 9.84564e+13 9.75009e-05 0.000465043 8.01088e-23 7.3358e-09 3943.24 0 0 2.92433e-25 0 0 7.02938e-05 0 0 0 0 0 0 0 0 0 0 
0.163 1.02895 -2.27105 -0.930805 -1.64246 -3.22895 1.95354e-08 9.76372e+13 9.7501e-05 0.000463867 8.01088e-23 7.25636e-09 3945.78 0 0 2.92433e-25 0 0 7.02939e-05 0 0 0 0 0 0 0 0 0 0 
0.1635 1.02915 -2.27085 -0.930805 -1.64197 -3.22915 1.93868e-08 9.68096e+13 9.7501e-05 0.000462674 8.01088e-23 7.17635e-09 3948.29 0 0 2.92433e-25 0 0 7.0294e-05 0 0 0 0 0 0 0 0 0 0 
0.164 1.02935 -2.27065 -0.930805 -1.64148 -3.22935 1.92393e-08 9.59736e+13 9.7501e-05 0.000461463 8.01088e-23 7.09577e-09 3950.78 0 0 2.92433e-25 0 0 7.02941e-05 0 0 0 0 0 0 0 0 0 0 
0.1645 1.02954 -2.27046 -0.930805 -1.64098 -3.22954 1.90928e-08 9.51291e+13 9.75011e-05 0.000460235 8.01088e-23 7.0146e-09 3953.25 0 0 2.92433e-25 0 0 7.02942e-05 0 0 0 0 0 0 0 0 0 0 
0.165 1.02974 -2.27026 -0.930805 -1.64047 -3.22974 1.89473e-08 9.42758e+13 9.75011e-05 0.000458988 8.01088e-23 6.93284e-09 3955.7 0 0 2.92433e-25 0 0 7.02943e-05 0 0 0 0 0 0 0 0 0 0 
0.1655 1.02994 -2.27006 -0.930805 -1.63996 -3.22994 1.88029e-08 9.34136e+13 9.75011e-05 0.000457722 8.01088e-23 6.8505e-09 3958.13 0 0 2.92433e-25 0 0 7.02944e-05 0 0 0 0 0 0 0 0 0 0 
0.166 1.03014 -2.26986 -0.930805 -1.63945 -3.23014 1.86595e-08 9.25423e+13 9.75012e-05 0.000456437 8.01088e-23 6.76755e-09 3960.53 0 0 2.92433e-25 0 0 7.02945e-05 0 0 0 0 0 0 0 0 0 0 
0.1665 1.03033 -2.26967 -0.930805 -1.63893 -3.23033 1.8517e-08 9.16619e+13 9.75012e-05 0.000455132 8.01088e-23 6.684e-09 3962.91 0 0 2.92433e-25 0 0 7.02945e-05 0 0 0 0 0 0 0 0 0 0 
0.167 1.03053 -2.26947 -0.930805 -1.6384 -3.23053 1.83756e-08 9.07721e+13 9.75012e-05 0.000453807 8.01088e-23 6.59985e-09 3965.27 0 0 2.92433e-25 0 0 7.02946e-05 0 0 0 0 0 0 0 0 0 0 
0.1675 1.03073 -2.26927 -0.930805 -1.63786 -3.23073 1.82352e-08 8.98727e+13 9.75013e-05 0.000452461 8.01088e-23 6.51507e-09 3967.6 0 0 2.92433e-25 0 0 7.02947e-05 0 0 0 0 0 0 0 0 0 0 
0.168 1.03093 -2.26907 -0.930805 -1.63732 -3.23093 1.80958e-08 8.89636e+13 9.75013e-05 0.000451093 8.01088e-23 6.42968e-09 3969.91 0 0 2.92433e-25 0 0 7.02948e-05 0 0 0 0 0 0 0 0 0 0 
0.1685 1.03113 -2.26887 -0.930805 -1.63677 -3.23113 1.79573e-08 8.80447e+13 9.75013e-05 0.000449704 8.01088e-23 6.34366e-09 3972.2 0 0 2.92433e-25 0 0 7.02949e-05 0 0 0 0 0 0 0 0 0 0 
0.169 1.03133 -2.26867 -0.930805 -1.63621 -3.23133 1.78199e-08 8.71156e+13 9.75014e-05 0.000448291 8.01088e-23 6.25701e-09 3974.46 0 0 2.92433e-25 0 0 7.0295e-05 0 0 0 0 0 0 0 0 0 0 
0.1695 1.03153 -2.26847 -0.930805 -1.63564 -3.23153 1.76834e-08 8.61763e+13 9.75014e-05 0.000446855 8.01088e-23 6.16971e-09 3976.7 0 0 2.92433e-25 0 0 7.02951e-05 0 0 0 0 0 0 0 0 0 0 
0.17 1.03172 -2.26828 -0.930805 -1.63507 -3.23172 1.75479e-08 8.52265e+13 9.75014e-05 0.000445395 8.01088e-23 6.08177e-09 3978.92 0 0 2.92433e-25 0 0 7.02951e-05 0 0 0 0 0 0 0 0 0 0 
0.1705 1.03192 -2.26808 -0.930805 -1.63449 -3.23192 1.74133e-08 8.4266e+13 9.75015e-05 0.00044391 8.01088e-23 5.99318e-09 3981.11 0 0 2.92433e-25 0 0 7.02952e-05 0 0 0 0 0 0 0 0 0 0 
0.171 1.03212 -2.26788 -0.930805 -1.6339 -3.23212 1.72797e-08 8.32946e+13 9.75015e-05 0.000442399 8.01088e-23 5.90394e-09 3983.27 0 0 2.92433e-25 0 0 7.02953e-05 0 0 0 0 0 0 0 0 0 0 
0.1715 1.03232 -2.26768 -0.930805 -1.6333 -3.23232 1.71471e-08 8.23121e+13 9.75015e-05 0.000440862 8.01088e-23 5.81403e-09 3985.41 0 0 2.92433e-25 0 0 7.02954e-05 0 0 0 0 0 0 0 0 0 0 
0.172 1.03252 -2.26748 -0.930805 -1.63269 -3.23252 1.70154e-08 8.13183e+13 9.75016e-05 0.000439298 8.01088e-23 5.72345e-09 3987.53 0 0 2.92434e-25 0 0 7.02955e-05 0 0 0 0 0 0 0 0 0 0 
0.1725 1.03272 -2.26728 -0.930805 -1.63207 -3.23272 1.68846e-08 8.03129e+13 9.75016e-05 0.000437705 8.01088e-23 5.63219e-09 3989.62 0 0 2.92433e-25 0 0 7.02955e-05 0 0 0 0 0 0 0 0 0 0 
0.173 1.03292 -2.26708 -0.930805 -1.63144 -3.23292 1.67548e-08 7.92957e+13 9.75016e-05 0.000436083 8.01088e-23 5.54025e-09 3991.68 0 0 2.92433e-25 0 0 7.02956e-05 0 0 0 0 0 0 0 0 0 0 
0.1735 1.03312 -2.26688 -0.930805 -1.6308 -3.23312 1.6626e-08 7.82665e+13 9.75016e-05 0.000434431 8.01088e-23 5.44762e-09 3993.72 0 0 2.92433e-25 0 0 7.02957e-05 0 0 0 0 0 0 0 0 0 0 
0.174 1.03332 -2.26668 -0.930805 -1.63015 -3.23332 1.6498e-08 7.72249e+13 9.75017e-05 0.000432748 8.01088e-23 5.35429e-09 3995.73 0 0 2.92433e-25 0 0 7.02958e-05 0 0 0 0 0 0 0 0 0 0 
0.1745 1.03352 -2.26648 -0.930805 -1.62949 -3.23352 1.6371e-08 7.61707e+13 9.75017e-05 0.000431032 8.01088e-23 5.26027e-09 3997.71 0 0 2.92433e-25 0 0 7.02958e-05 0 0 0 0 0 0 0 0 0 0 
0.175 1.03372 -2.26628 -0.930805 -1.62881 -3.23372 1.62449e-08 7.51037e+13 9.75017e-05 0.000429283 8.01088e-23 5.16553e-09 3999.66 0 0 2.92433e-25 0 0 7.02959e-05 0 0 0 0 0 0 0 0 0 0 
0.1755 1.03392 -2.26608 -0.930805 -1.62813 -3.23392 1.61197e-08 7.40235e+13 9.75017e-05 0.000427499 8.01088e-23 5.07008e-09 4001.59 0 0 2.92433e-25 0 0 7.0296e-05 0 0 0 0 0 0 0 0 0 0 
0.176 1.03412 -2.26588 -0.930805 -1.62743 -3.23412 1.59954e-08 7.29298e+13 9.75018e-05 0.000425679 8.01088e-23 4.9739e-09 4003.49 0 0 2.92433e-25 0 0 7.0296e-05 0 0 0 0 0 0 0 0 0 0 
0.1765 1.03432 -2.26568 -0.930805 -1.62671 -3.23432 1.5872e-08 7.18223e+13 9.75018e-05 0.000423821 8.01088e-23 4.877e-09 4005.36 0 0 2.92433e-25 0 0 7.02961e-05 0 0 0 0 0 0 0 0 0 0 
0.177 1.03452 -2.26548 -0.930805 -1.62598 -3.23452 1.57495e-08 7.07007e+13 9.75018e-05 0.000421925 8.01088e-23 4.77936e-09 4007.2 0 0 2.92433e-25 0 0 7.02962e-05 0 0 0 0 0 0 0 0 0 0 
0.1775 1.03472 -2.26528 -0.930805 -1.62524 -3.23472 1.56278e-08 6.95647e+13 9.75018e-05 0.000419988 8.01088e-23 4.68097e-09 4009.01 0 0 2.92433e-25 0 0 7.02962e-05 0 0 0 0 0 0 0 0 0 0 
0.178 1.03492 -2.26508 -0.930805 -1.62448 -3.23492 1.55071e-08 6.84138e+13 9.75019e-05 0.000418009 8.01088e-23 4.58184e-09 4010.8 0 0 2.92433e-25 0 0 7.02963e-05 0 0 0 0 0 0 0 0 0 0 
0.1785 1.03512 -2.26488 -0.930805 -1.62371 -3.23512 1.53873e-08 6.72477e+13 9.75019e-05 0.000415986 8.01088e-23 4.48194e-09 4012.55 0 0 2.92433e-25 0 0 7.02964e-05 0 0 0 0 0 0 0 0 0 0 
0.179 1.03532 -2.26468 -0.930805 -1.62291 -3.23532 1.52683e-08 6.60661e+13 9.75019e-05 0.000413916 8.01088e-23 4.38128e-09 4014.27 0 0 2.92433e-25 0 0 7.02964e-05 0 0 0 0 0 0 0 0 0 0 
0.1795 1.03552 -2.26448 -0.930805 -1.6221 -3.23552 1.51502e-08 6.48684e+13 9.75019e-05 0.000411799 8.01088e-23 4.27985e-09 4015.97 0 0 2.92433e-25 0 0 7.02965e-05 0 0 0 0 0 0 0 0 0 0 
0.18 1.03572 -2.26428 -0.930805 -1.62127 -3.23572 1.5033e-08 6.36542e+13 9.75019e-05 0.000409632 8.01088e-23 4.17765e-09 4017.63 0 0 2.92433e-25 0 0 7.02966e-05 0 0 0 0 0 0 0 0 0 0 
0.1805 1.03592 -2.26408 -0.930805 -1.62042 -3.23592 1.49166e-08 6.24231e+13 9.7502e-05 0.000407412 8.01088e-23 4.07465e-09 4019.26 0 0 2.92433e-25 0 0 7.02966e-05 0 0 0 0 0 0 0 0 0 0 
0.181 1.03613 -2.26387 -0.930805 -1.61954 -3.23613 1.48011e-08 6.11747e+13 9.7502e-05 0.000405137 8.01088e-23 3.97086e-09 4020.85 0 0 2.92433e-25 0 0 7.02967e-05 0 0 0 0 0 0 0 0 0 0 
0.1815 1.03633 -2.26367 -0.930805 -1.61865 -3.23633 1.46864e-08 5.99083e+13 9.7502e-05 0.000402805 8.01088e-23 3.86627e-09 4022.42 0 0 2.92433e-25 0 0 7.02967e-05 0 0 0 0 0 0 0 0 0 0 
0.182 1.03653 -2.26347 -0.930805 -1.61773 -3.23653 1.45726e-08 5.86234e+13 9.7502e-05 0.000400411 8.01088e-23 3.76086e-09 4023.95 0 0 2.92433e-25 0 0 7.02968e-05 0 0 0 0 0 0 0 0 0 0 
0.1825 1.03673 -2.26327 -0.930805 -1.61678 -3.23673 1.44596e-08 5.73196e+13 9.7502e-05 0.000397953 8.01088e-23 3.65464e-09 4025.45 0 0 2.92433e-25 0 0 7.02968e-05 0 0 0 0 0 0 0 0 0 0 
0.183 1.03693 -2.26307 -0.930805 -1.6158 -3.23693 1.43474e-08 5.5996e+13 9.7502e-05 0.000395428 8.01088e-23 3.5476e-09 4026.91 0 0 2.92433e-25 0 0 7.02969e-05 0 0 0 0 0 0 0 0 0 0 
0.1835 1.03713 -2.26287 -0.930805 -1.6148 -3.23713 1.42361e-08 5.46522e+13 9.75021e-05 0.00039283 8.01088e-23 3.43972e-09 4028.34 0 0 2.92433e-25 0 0 7.02969e-05 0 0 0 0 0 0 0 0 0 0 
0.184 1.03733 -2.26267 -0.930805 -1.61376 -3.23733 1.41256e-08 5.32874e+13 9.75021e-05 0.000390158 8.01088e-23 3.331e-09 4029.74 0 0 2.92433e-25 0 0 7.0297e-05 0 0 0 0 0 0 0 0 0 0 
0.1845 1.03753 -2.26247 -0.930805 -1.61269 -3.23753 1.40159e-08 5.19008e+13 9.75021e-05 0.000387404 8.01088e-23 3.22143e-09 4031.1 0 0 2.92433e-25 0 0 7.0297e-05 0 0 0 0 0 0 0 0 0 0 
0.185 1.03774 -2.26226 -0.930805 -1.61158 -3.23774 1.39071e-08 5.04917e+13 9.75021e-05 0.000384565 8.01088e-23 3.111e-09 4032.42 0 0 2.92433e-25 0 0 7.02971e-05 0 0 0 0 0 0 0 0 0 0 
0.1855 1.03794 -2.26206 -0.930805 -1.61042 -3.23794 1.3799e-08 4.90592e+13 9.75021e-05 0.000381635 8.01088e-23 2.99971e-09 4033.71 0 0 2.92433e-25 0 0 7.02971e-05 0 0 0 0 0 0 0 0 0 0 
0.186 1.03814 -2.26186 -0.930805 -1.60923 -3.23814 1.36918e-08 4.76024e+13 9.75021e-05 0.000378607 8.01088e-23 2.88754e-09 4034.96 0 0 2.92433e-25 0 0 7.02971e-05 0 0 0 0 0 0 0 0 0 0 
0.1865 1.03834 -2.26166 -0.930805 -1.60799 -3.23834 1.35853e-08 4.61202e+13 9.75021e-05 0.000375474 8.01088e-23 2.77448e-09 4036.17 0 0 2.92433e-25 0 0 7.02972e-05 0 0 0 0 0 0 0 0 0 0 
0.187 1.03854 -2.26146 -0.930805 -1.6067 -3.23854 1.34797e-08 4.46117e+13 9.75021e-05 0.000372229 8.01088e-23 2.66054e-09 4037.34 0 0 2.92433e-25 0 0 7.02972e-05 0 0 0 0 0 0 0 0 0 0 
0.1875 1.03874 -2.26126 -0.930805 -1.60535 -3.23874 1.33748e-08 4.30755e+13 9.75022e-05 0.000368863 8.01088e-23 2.54569e-09 4038.47 0 0 2.92433e-25 0 0 7.02973e-05 0 0 0 0 0 0 0 0 0 0 
0.188 1.03895 -2.26105 -0.930805 -1.60393 -3.23895 1.32707e-08 4.15104e+13 9.75022e-05 0.000365364 8.01088e-23 2.42993e-09 4039.57 0 0 2.92433e-25 0 0 7.02973e-05 0 0 0 0 0 0 0 0 0 0 
0.1885 1.03915 -2.26085 -0.930805 -1.60245 -3.23915 1.31675e-08 3.9915e+13 9.75022e-05 0.000361723 8.01088e-23 2.31325e-09 4040.62 0 0 2.92433e-25 0 0 7.02973e-05 0 0 0 0 0 0 0 0 0 0 
0.189 1.03935 -2.26065 -0.930805 -1.60089 -3.23935 1.30649e-08 3.82877e+13 9.75022e-05 0.000357924 8.01088e-23 2.19564e-09 4041.63 0 0 2.92433e-25 0 0 7.02973e-05 0 0 0 0 0 0 0 0 0 0 
0.1895 1.03955 -2.26045 -0.930805 -1.59925 -3.23955 1.29632e-08 3.66266e+13 9.75022e-05 0.000353954 8.01088e-23 2.07708e-09 4042.6 0 0 2.92433e-25 0 0 7.02974e-05 0 0 0 0 0 0 0 0 0 0 
0.19 1.03976 -2.26024 -0.930805 -1.5975 -3.23976 1.28622e-08 3.49298e+13 9.75022e-05 0.000349794 8.01088e-23 1.95758e-09 4043.52 0 0 2.92433e-25 0 0 7.02974e-05 0 0 0 0 0 0 0 0 0 0 
0.1905 1.03996 -2.26004 -0.930805 -1.59565 -3.23996 1.2762e-08 3.31952e+13 9.75022e-05 0.000345423 8.01088e-23 1.83712e-09 4044.4 0 0 2.92433e-25 0 0 7.02974e-05 0 0 0 0 0 0 0 0 0 0 
0.191 1.04016 -2.25984 -0.930805 -1.59367 -3.24016 1.26626e-08 3.142e+13 9.75022e-05 0.000340815 8.01088e-23 1.71568e-09 4045.24 0 0 2.92433e-25 0 0 7.02974e-05 0 0 0 0 0 0 0 0 0 0 
0.1915 1.04036 -2.25964 -0.930805 -1.59155 -3.24036 1.25639e-08 2.96015e+13 9.75022e-05 0.00033594 8.01088e-23 1.59326e-09 4046.02 0 0 2.92433e-25 0 0 7.02975e-05 0 0 0 0 0 0 0 0 0 0 
0.192 1.04056 -2.25944 -0.930805 -1.58925 -3.24056 1.2466e-08 2.77362e+13 9.75022e-05 0.00033076 8.01088e-23 1.46984e-09 4046.77 0 0 2.92433e-25 0 0 7.02975e-05 0 0 0 0 0 0 0 0 0 0 
0.1925 1.04077 -2.25923 -0.930805 -1.58676 -3.24077 1.23688e-08 2.58201e+13 9.75022e-05 0.000325228 8.01088e-23 1.34542e-09 4047.46 0 0 2.92433e-25 0 0 7.02975e-05 0 0 0 0 0 0 0 0 0 0 
0.193 1.04097 -2.25903 -0.930805 -1.58402 -3.24097 1.22723e-08 2.38485e+13 9.75022e-05 0.000319286 8.01088e-23 1.21997e-09 4048.1 0 0 2.92433e-25 0 0 7.02975e-05 0 0 0 0 0 0 0 0 0 0 
0.1935 1.04117 -2.25883 -0.930805 -1.58098 -3.24117 1.21766e-08 2.18155e+13 9.75022e-05 0.000312854 8.01088e-23 1.0935e-09 4048.69 0 0 2.92433e-25 0 0 7.02975e-05 0 0 0 0 0 0 0 0 0 0 
0.194 1.04137 -2.25863 -0.930805 -1.57756 -3.24137 1.20816e-08 1.97142e+13 9.75022e-05 0.000305829 8.01088e-23 9.6598e-10 4049.23 0 0 2.92433e-25 0 0 7.02975e-05 0 0 0 0 0 0 0 0 0 0 
0.1945 1.04158 -2.25842 -0.930805 -1.57367 -3.24158 1.19874e-08 1.75354e+13 9.75022e-05 0.000298067 8.01088e-23 8.37412e-10 4049.71 0 0 2.92433e-25 0 0 7.02975e-05 0 0 0 0 0 0 0 0 0 0 
0.195 1.04178 -2.25822 -0.930805 -1.56912 -3.24178 1.18939e-08 1.52674e+13 9.75022e-05 0.000289356 8.01088e-23 7.07795e-10 4050.13 0 0 2.92433e-25 0 0 7.02974e-05 0 0 0 0 0 0 0 0 0 0 
0.1955 1.04198 -2.25802 -0.930805 -1.56365 -3.24198 1.18011e-08 1.28941e+13 9.75022e-05 0.000279372 8.01088e-23 5.77144e-10 4050.5 0 0 2.92433e-25 0 0 7.02974e-05 0 0 0 0 0 0 0 0 0 0 
0.196 1.04218 -2.25782 -0.930805 -1.55677 -3.24218 1.1709e-08 1.03929e+13 9.75022e-05 0.000267566 8.01088e-23 4.45532e-10 4050.8 0 0 2.92433e-25 0 0 7.02973e-05 0 0 0 0 0 0 0 0 0 0 
0.1965 1.04239 -2.25761 -0.930805 -1.54751 -3.24239 1.16176e-08 7.73027e+12 9.75022e-05 0.000252894 8.01088e-23 3.13216e-10 4051.03 0 0 2.92433e-25 0 0 7.02971e-05 0 0 0 0 0 0 0 0 0 0 
0.197 1.04259 -2.25741 -0.930805 -1.53329 -3.24259 1.15269e-08 4.85753e+12 9.75022e-05 0.000232928 8.01088e-23 1.81279e-10 4051.19 0 0 2.92433e-25 0 0 7.02995e-05 0 0 0 0 0 0 0 0 0 0 
0.1975 1.04279 -2.25721 -0.930805 -1.50383 -3.24279 1.1437e-08 1.79215e+12 9.75022e-05 0.000199817 8.01088e-23 5.73743e-11 4051.28 0 0 2.92433e-25 0 0 7.03116e-05 0 0 0 0 0 0 0 0 0 0 
0.198 1.04299 -2.25701 -0.930805 -1.38229 -3.24299 1.13477e-08 2.26328e+10 9.75021e-05 0.00013253 8.01088e-23 4.80576e-13 4051.3 0 0 2.92433e-25 0 0 7.03211e-05 0 0 0 0 0 0 0 0 0 0 
0.198 1.04299 -2.25701 -0.930805 -1.38229 -3.24299 1.13477e-08 2.26328e+10 0.011879 0.0161466 8.01088e-23 5.85503e-11 1.14153e+06 0 0 2.92433e-25 0 0 7.02983e-05 0 0 0 0 0 1.07489e+20 0 0 0 0 
0.198409 1.08973 -2.21027 -0.930805 -1.31275 -3.28973 1.86163e-09 9.80229e+09 0.0118787 0.0154199 8.01088e-23 2.42169e-11 2.2648e+06 0 0 2.92433e-25 0 0 7.02982e-05 0 0 0 0 0 1.06146e+20 0 0 0 0 
0.198752 1.19942 -2.10058 -0.930805 -1.19144 -3.39942 2.67446e-11 6.39015e+09 0.0118783 0.0151023 8.01088e-23 1.5462e-11 4.13742e+06 0 0 2.92433e-25 0 0 7.02982e-05 0 0 0 0 0 1.05462e+20 0 0 0 0 
0.199038 1.3402 -1.9598 -0.930805 -1.04355 -3.5402 1.15374e-13 4.91589e+09 0.0118781 0.0149233 8.01088e-23 1.17538e-11 5.69524e+06 0 0 2.92432e-25 0 0 7.02982e-05 0 0 0 0 0 1.05043e+20 0 0 0 0 
0.199277 1.49211 -1.80789 -0.930805 -0.886669 -3.69211 3.23723e-16 4.09009e+09 0.0118781 0.0148043 8.01088e-23 9.7013e-12 6.99357e+06 0 0 2.92433e-25 0 0 7.02982e-05 0 0 0 0 0 1.04751e+20 0 0 0 0 
0.199478 1.64298 -1.65702 -0.930805 -0.732576 -3.84298 9.45722e-19 3.62939e+09 0.011878 0.0147297 8.01088e-23 8.56519e-12 8.0768e+06 0 0 2.92435e-25 0 0 7.02981e-05 0 0 0 0 0 1.0456e+20 0 0 0 0 
0.199645 1.78577 -1.51423 -0.930805 -0.586507 -3.98577 3.77485e-21 3.21498e+09 0.011878 0.0146561 8.01088e-23 7.54931e-12 8.981e+06 0 0 2.92435e-25 0 0 7.02982e-05 0 0 0 0 0 1.04368e+20 0 0 0 0 
0.199785 1.9168 -1.3832 -0.930805 -0.455048 -4.1168 2.37561e-23 3.16379e+09 0.011878 0.0146465 8.01088e-23 7.42424e-12 9.73634e+06 0 0 2.92434e-25 0 0 7.02985e-05 0 0 0 0 0 1.04342e+20 0 0 0 0 
0.199902 2.03449 -1.26551 -0.930805 -0.331303 -4.23449 2.50438e-25 2.52738e+09 0.011878 0.0145161 8.01088e-23 5.87803e-12 1.03668e+07 0 0 2.92433e-25 0 0 7.03002e-05 0 0 0 0 0 1.03985e+20 0 0 0 0 
0.2 2.13856 -1.16144 -0.930805 -0.237843 -4.33856 4.47014e-27 3.74559e+09 0.011878 0.0147491 8.01088e-23 8.8511e-12 1.063e+07 0 0 2.92433e-25 0 0 7.03015e-05 0 0 0 0 0 1.04611e+20 0 0 0 0 