# ASCII 1D datafile generated by TiberCAD
# x Ec Ev eQFermi hQFermi ElPotential eDensity hDensity eMobility hMobility eConductivity hConductivity ElField_x ElField_y ElField_z eCurrentDensity_x eCurrentDensity_y eCurrentDensity_z hCurrentDensity_x hCurrentDensity_y hCurrentDensity_z IonizedDonors IonizedAcceptors IonizedElectronTraps IonizedHoleTraps eNetRecombination eLangevinRecombination hNetRecombination hLangevinRecombination 
0 -2.375 -5.675 -4.31416 -5.06643 0.175 4.33294e-08 1.74337e+14 0.000187303 0.00107313 8.01088e-23 2.99745e-08 165582 0 0 7.82995e-25 0 0 0.00496416 0 0 0 0 0 0 0 0 0 0 
9.79066e-05 -2.37338 -5.67338 -4.31416 -5.06481 0.173379 4.06958e-08 1.74336e+14 0.000187303 0.00107313 8.01088e-23 2.99743e-08 165582 0 0 7.82992e-25 0 0 0.00496416 0 0 0 0 0 0 0 0 0 0 
0.000214985 -2.37144 -5.67144 -4.31416 -5.06287 0.17144 3.77559e-08 1.74334e+14 0.000187305 0.00107313 8.01088e-23 2.99741e-08 165583 0 0 7.82991e-25 0 0 0.00496416 0 0 0 0 0 0 0 0 0 0 
0.000354988 -2.36912 -5.66912 -4.31416 -5.06055 0.169122 3.45178e-08 1.74332e+14 0.000187306 0.00107314 8.01088e-23 2.99739e-08 165585 0 0 7.82995e-25 0 0 0.00496416 0 0 0 0 0 0 0 0 0 0 
0.000522406 -2.36635 -5.66635 -4.31416 -5.05778 0.16635 3.10081e-08 1.74329e+14 0.000187308 0.00107314 8.01088e-23 2.99736e-08 165586 0 0 7.82996e-25 0 0 0.00496416 0 0 0 0 0 0 0 0 0 0 
0.000722606 -2.36303 -5.66303 -4.31416 -5.05446 0.163035 2.72764e-08 1.74326e+14 0.00018731 0.00107315 8.01088e-23 2.99733e-08 165588 0 0 7.82995e-25 0 0 0.00496416 0 0 0 0 0 0 0 0 0 0 
0.000962009 -2.35907 -5.65907 -4.31416 -5.0505 0.159071 2.33989e-08 1.74322e+14 0.000187312 0.00107316 8.01088e-23 2.99729e-08 165590 0 0 7.82994e-25 0 0 0.00496416 0 0 0 0 0 0 0 0 0 0 
0.00124829 -2.35433 -5.65433 -4.31416 -5.04576 0.15433 1.94788e-08 1.74318e+14 0.000187315 0.00107317 8.01088e-23 2.99724e-08 165593 0 0 7.82995e-25 0 0 0.00496416 0 0 0 0 0 0 0 0 0 0 
0.00159063 -2.34866 -5.64866 -4.31416 -5.04009 0.148661 1.56435e-08 1.74312e+14 0.000187319 0.00107319 8.01088e-23 2.99719e-08 165596 0 0 7.82996e-25 0 0 0.00496416 0 0 0 0 0 0 0 0 0 0 
0.002 -2.34188 -5.64188 -4.31416 -5.03331 0.141882 1.20353e-08 1.74306e+14 0.00018732 0.00107319 8.01088e-23 2.99708e-08 165598 0 0 7.82996e-25 0 0 0.00496416 0 0 0 0 0 0 0 0 0 0 
0.002 -2.34188 -5.64188 -4.31416 -5.03331 0.141882 1.20353e-08 1.74306e+14 0.000187326 0.00107322 8.01088e-23 2.99717e-08 165602 0 0 7.82995e-25 0 0 0.00496416 0 0 0 0 0 0 0 0 0 0 
0.0025 -2.3336 -5.6336 -4.31416 -5.02503 0.133602 8.73703e-09 1.74298e+14 0.000187328 0.00107322 8.01088e-23 2.99704e-08 165604 0 0 7.82996e-25 0 0 0.00496416 0 0 0 0 0 0 0 0 0 0 
0.003 -2.32532 -5.62532 -4.31416 -5.01674 0.125322 6.3426e-09 1.7429e+14 0.000187333 0.00107324 8.01088e-23 2.99695e-08 165608 0 0 7.82997e-25 0 0 0.00496416 0 0 0 0 0 0 0 0 0 0 
0.0035 -2.31704 -5.61704 -4.31416 -5.00846 0.117041 4.60433e-09 1.74282e+14 0.000187339 0.00107326 8.01088e-23 2.99687e-08 165613 0 0 7.82997e-25 0 0 0.00496416 0 0 0 0 0 0 0 0 0 0 
0.004 -2.30876 -5.60876 -4.31416 -5.00018 0.10876 3.34243e-09 1.74274e+14 0.000187344 0.00107328 8.01088e-23 2.99679e-08 165617 0 0 7.82996e-25 0 0 0.00496416 0 0 0 0 0 0 0 0 0 0 
0.0045 -2.30048 -5.60048 -4.31416 -4.9919 0.100479 2.42635e-09 1.74267e+14 0.00018735 0.0010733 8.01088e-23 2.99671e-08 165622 0 0 7.82996e-25 0 0 0.00496416 0 0 0 0 0 0 0 0 0 0 
0.005 -2.2922 -5.5922 -4.31416 -4.98361 0.092198 1.76133e-09 1.74259e+14 0.000187355 0.00107332 8.01088e-23 2.99663e-08 165626 0 0 7.82997e-25 0 0 0.00496416 0 0 0 0 0 0 0 0 0 0 
0.0055 -2.28392 -5.58392 -4.31416 -4.97533 0.0839166 1.27857e-09 1.74251e+14 0.000187361 0.00107334 8.01088e-23 2.99655e-08 165631 0 0 7.82997e-25 0 0 0.00496416 0 0 0 0 0 0 0 0 0 0 
0.006 -2.27563 -5.57563 -4.31416 -4.96705 0.0756349 9.28118e-10 1.74243e+14 0.000187366 0.00107336 8.01088e-23 2.99647e-08 165635 0 0 7.82996e-25 0 0 0.00496416 0 0 0 0 0 0 0 0 0 0 
0.0065 -2.26735 -5.56735 -4.31416 -4.95876 0.067353 6.73718e-10 1.74235e+14 0.000187372 0.00107338 8.01088e-23 2.99638e-08 165640 0 0 7.82996e-25 0 0 0.00496416 0 0 0 0 0 0 0 0 0 0 
0.007 -2.25907 -5.55907 -4.31416 -4.95048 0.0590709 4.89045e-10 1.74227e+14 0.000187378 0.00107339 8.01088e-23 2.9963e-08 165645 0 0 7.82997e-25 0 0 0.00496416 0 0 0 0 0 0 0 0 0 0 
0.0075 -2.25079 -5.55079 -4.31416 -4.9422 0.0507886 3.5499e-10 1.74219e+14 0.000187383 0.00107341 8.01088e-23 2.99622e-08 165649 0 0 7.82997e-25 0 0 0.00496416 0 0 0 0 0 0 0 0 0 0 
0.008 -2.24251 -5.54251 -4.31416 -4.93391 0.042506 2.57679e-10 1.74211e+14 0.000187389 0.00107343 8.01088e-23 2.99614e-08 165654 0 0 7.82996e-25 0 0 0.00496416 0 0 0 0 0 0 0 0 0 0 
0.0085 -2.23422 -5.53422 -4.31416 -4.92563 0.0342232 1.87042e-10 1.74204e+14 0.000187395 0.00107345 8.01088e-23 2.99606e-08 165658 0 0 7.82996e-25 0 0 0.00496416 0 0 0 0 0 0 0 0 0 0 
0.009 -2.22594 -5.52594 -4.31416 -4.91734 0.0259402 1.35767e-10 1.74196e+14 0.000187401 0.00107347 8.01088e-23 2.99598e-08 165663 0 0 7.82996e-25 0 0 0.00496416 0 0 0 0 0 0 0 0 0 0 
0.0095 -2.21766 -5.51766 -4.31416 -4.90906 0.017657 9.85472e-11 1.74188e+14 0.000187407 0.00107349 8.01088e-23 2.9959e-08 165667 0 0 7.82996e-25 0 0 0.00496416 0 0 0 0 0 0 0 0 0 0 
0.01 -2.20937 -5.50937 -4.31416 -4.90077 0.00937352 7.15306e-11 1.7418e+14 0.000187412 0.00107351 8.01088e-23 2.99581e-08 165672 0 0 7.82996e-25 0 0 0.00496416 0 0 0 0 0 0 0 0 0 0 
0.0105 -2.20109 -5.50109 -4.31416 -4.89249 0.00108983 5.192e-11 1.74172e+14 0.000187418 0.00107353 8.01088e-23 2.99573e-08 165676 0 0 7.82996e-25 0 0 0.00496416 0 0 0 0 0 0 0 0 0 0 
0.011 -2.19281 -5.49281 -4.31416 -4.8842 -0.00719408 3.76855e-11 1.74164e+14 0.000187424 0.00107355 8.01088e-23 2.99565e-08 165681 0 0 7.82996e-25 0 0 0.00496416 0 0 0 0 0 0 0 0 0 0 
0.0115 -2.18452 -5.48452 -4.31416 -4.87592 -0.0154782 2.73533e-11 1.74156e+14 0.00018743 0.00107357 8.01088e-23 2.99557e-08 165685 0 0 7.82997e-25 0 0 0.00496416 0 0 0 0 0 0 0 0 0 0 
0.012 -2.17624 -5.47624 -4.31416 -4.86763 -0.0237626 1.98537e-11 1.74148e+14 0.000187436 0.00107359 8.01088e-23 2.99549e-08 165690 0 0 7.82996e-25 0 0 0.00496416 0 0 0 0 0 0 0 0 0 0 
0.0125 -2.16795 -5.46795 -4.31416 -4.85934 -0.0320472 1.44101e-11 1.74141e+14 0.000187442 0.00107361 8.01088e-23 2.99541e-08 165694 0 0 7.82996e-25 0 0 0.00496416 0 0 0 0 0 0 0 0 0 0 
0.013 -2.15967 -5.45967 -4.31416 -4.85106 -0.040332 1.0459e-11 1.74133e+14 0.000187448 0.00107363 8.01088e-23 2.99533e-08 165699 0 0 7.82997e-25 0 0 0.00496416 0 0 0 0 0 0 0 0 0 0 
0.0135 -2.15138 -5.45138 -4.31416 -4.84277 -0.048617 7.59122e-12 1.74125e+14 0.000187454 0.00107365 8.01088e-23 2.99525e-08 165703 0 0 7.82996e-25 0 0 0.00496416 0 0 0 0 0 0 0 0 0 0 
0.014 -2.1431 -5.4431 -4.31416 -4.83448 -0.0569023 5.50969e-12 1.74117e+14 0.00018746 0.00107367 8.01088e-23 2.99516e-08 165708 0 0 7.82996e-25 0 0 0.00496416 0 0 0 0 0 0 0 0 0 0 
0.0145 -2.13481 -5.43481 -4.31416 -4.8262 -0.0651878 3.99889e-12 1.74109e+14 0.000187466 0.00107368 8.01088e-23 2.99508e-08 165712 0 0 7.82996e-25 0 0 0.00496416 0 0 0 0 0 0 0 0 0 0 
0.015 -2.12653 -5.42653 -4.31416 -4.81791 -0.0734735 2.90233e-12 1.74101e+14 0.000187472 0.0010737 8.01088e-23 2.995e-08 165717 0 0 7.82996e-25 0 0 0.00496416 0 0 0 0 0 0 0 0 0 0 
0.0155 -2.11824 -5.41824 -4.31416 -4.80962 -0.0817594 2.10645e-12 1.74093e+14 0.000187478 0.00107372 8.01088e-23 2.99492e-08 165721 0 0 7.82996e-25 0 0 0.00496416 0 0 0 0 0 0 0 0 0 0 
0.016 -2.10995 -5.40995 -4.31416 -4.80133 -0.0900456 1.5288e-12 1.74086e+14 0.000187484 0.00107374 8.01088e-23 2.99484e-08 165726 0 0 7.82996e-25 0 0 0.00496416 0 0 0 0 0 0 0 0 0 0 
0.0165 -2.10167 -5.40167 -4.31416 -4.79305 -0.098332 1.10955e-12 1.74078e+14 0.00018749 0.00107376 8.01088e-23 2.99476e-08 165730 0 0 7.82996e-25 0 0 0.00496416 0 0 0 0 0 0 0 0 0 0 
0.017 -2.09338 -5.39338 -4.31416 -4.78476 -0.106619 8.05269e-13 1.7407e+14 0.000187496 0.00107378 8.01088e-23 2.99468e-08 165735 0 0 7.82996e-25 0 0 0.00496416 0 0 0 0 0 0 0 0 0 0 
0.0175 -2.08509 -5.38509 -4.31416 -4.77647 -0.114905 5.84426e-13 1.74062e+14 0.000187502 0.0010738 8.01088e-23 2.99459e-08 165739 0 0 7.82997e-25 0 0 0.00496416 0 0 0 0 0 0 0 0 0 0 
0.018 -2.07681 -5.37681 -4.31416 -4.76818 -0.123193 4.24145e-13 1.74054e+14 0.000187509 0.00107382 8.01088e-23 2.99451e-08 165744 0 0 7.82997e-25 0 0 0.00496416 0 0 0 0 0 0 0 0 0 0 
0.0185 -2.06852 -5.36852 -4.31416 -4.75989 -0.13148 3.07819e-13 1.74046e+14 0.000187515 0.00107384 8.01088e-23 2.99443e-08 165748 0 0 7.82996e-25 0 0 0.00496416 0 0 0 0 0 0 0 0 0 0 
0.019 -2.06023 -5.36023 -4.31416 -4.7516 -0.139767 2.23395e-13 1.74038e+14 0.000187521 0.00107386 8.01088e-23 2.99435e-08 165753 0 0 7.82996e-25 0 0 0.00496416 0 0 0 0 0 0 0 0 0 0 
0.0195 -2.05194 -5.35194 -4.31416 -4.74331 -0.148055 1.62124e-13 1.74031e+14 0.000187527 0.00107388 8.01088e-23 2.99427e-08 165757 0 0 7.82996e-25 0 0 0.00496416 0 0 0 0 0 0 0 0 0 0 
0.02 -2.04366 -5.34366 -4.31416 -4.73502 -0.156343 1.17656e-13 1.74023e+14 0.000187533 0.0010739 8.01088e-23 2.99419e-08 165762 0 0 7.82997e-25 0 0 0.00496416 0 0 0 0 0 0 0 0 0 0 
0.0205 -2.03537 -5.33537 -4.31416 -4.72673 -0.164631 8.53849e-14 1.74015e+14 0.000187539 0.00107392 8.01088e-23 2.99411e-08 165766 0 0 7.82996e-25 0 0 0.00496416 0 0 0 0 0 0 0 0 0 0 
0.021 -2.02708 -5.32708 -4.31416 -4.71845 -0.17292 6.19645e-14 1.74007e+14 0.000187545 0.00107394 8.01088e-23 2.99403e-08 165771 0 0 7.82996e-25 0 0 0.00496416 0 0 0 0 0 0 0 0 0 0 
0.0215 -2.01879 -5.31879 -4.31416 -4.71015 -0.181208 4.49677e-14 1.73999e+14 0.000187551 0.00107396 8.01088e-23 2.99395e-08 165775 0 0 7.82996e-25 0 0 0.00496416 0 0 0 0 0 0 0 0 0 0 
0.022 -2.0105 -5.3105 -4.31416 -4.70186 -0.189497 3.26329e-14 1.73991e+14 0.000187558 0.00107397 8.01088e-23 2.99386e-08 165780 0 0 7.82996e-25 0 0 0.00496416 0 0 0 0 0 0 0 0 0 0 
0.0225 -2.00221 -5.30221 -4.31416 -4.69357 -0.197786 2.36813e-14 1.73983e+14 0.000187564 0.00107399 8.01088e-23 2.99378e-08 165784 0 0 7.82996e-25 0 0 0.00496416 0 0 0 0 0 0 0 0 0 0 
0.023 -1.99392 -5.29392 -4.31416 -4.68528 -0.206076 1.71851e-14 1.73976e+14 0.00018757 0.00107401 8.01088e-23 2.9937e-08 165789 0 0 7.82996e-25 0 0 0.00496416 0 0 0 0 0 0 0 0 0 0 
0.0235 -1.98563 -5.28563 -4.31416 -4.67699 -0.214365 1.24708e-14 1.73968e+14 0.000187576 0.00107403 8.01088e-23 2.99362e-08 165793 0 0 7.82996e-25 0 0 0.00496416 0 0 0 0 0 0 0 0 0 0 
0.024 -1.97735 -5.27735 -4.31416 -4.6687 -0.222655 9.04969e-15 1.7396e+14 0.000187582 0.00107405 8.01088e-23 2.99354e-08 165798 0 0 7.82996e-25 0 0 0.00496416 0 0 0 0 0 0 0 0 0 0 
0.0245 -1.96906 -5.26906 -4.31416 -4.66041 -0.230945 6.56703e-15 1.73952e+14 0.000187589 0.00107407 8.01088e-23 2.99346e-08 165802 0 0 7.82996e-25 0 0 0.00496416 0 0 0 0 0 0 0 0 0 0 
0.025 -1.96076 -5.26076 -4.31416 -4.65212 -0.239235 4.76541e-15 1.73944e+14 0.000187595 0.00107409 8.01088e-23 2.99338e-08 165807 0 0 7.82997e-25 0 0 0.00496416 0 0 0 0 0 0 0 0 0 0 
0.0255 -1.95247 -5.25247 -4.31416 -4.64382 -0.247525 3.45802e-15 1.73936e+14 0.000187601 0.00107411 8.01088e-23 2.9933e-08 165811 0 0 7.82997e-25 0 0 0.00496416 0 0 0 0 0 0 0 0 0 0 
0.026 -1.94418 -5.24418 -4.31416 -4.63553 -0.255816 2.50929e-15 1.73929e+14 0.000187607 0.00107413 8.01088e-23 2.99321e-08 165815 0 0 7.82996e-25 0 0 0.00496416 0 0 0 0 0 0 0 0 0 0 
0.0265 -1.93589 -5.23589 -4.31416 -4.62724 -0.264107 1.82084e-15 1.73921e+14 0.000187613 0.00107415 8.01088e-23 2.99313e-08 165820 0 0 7.82996e-25 0 0 0.00496416 0 0 0 0 0 0 0 0 0 0 
0.027 -1.9276 -5.2276 -4.31416 -4.61895 -0.272398 1.32126e-15 1.73913e+14 0.000187619 0.00107417 8.01088e-23 2.99305e-08 165824 0 0 7.82996e-25 0 0 0.00496416 0 0 0 0 0 0 0 0 0 0 
0.0275 -1.91931 -5.21931 -4.31416 -4.61065 -0.280689 9.58737e-16 1.73905e+14 0.000187626 0.00107419 8.01088e-23 2.99297e-08 165829 0 0 7.82996e-25 0 0 0.00496416 0 0 0 0 0 0 0 0 0 0 
0.028 -1.91102 -5.21102 -4.31416 -4.60236 -0.288981 6.95678e-16 1.73897e+14 0.000187632 0.00107421 8.01088e-23 2.99289e-08 165833 0 0 7.82996e-25 0 0 0.00496416 0 0 0 0 0 0 0 0 0 0 
0.0285 -1.90273 -5.20273 -4.31416 -4.59407 -0.297273 5.04792e-16 1.73889e+14 0.000187638 0.00107423 8.01088e-23 2.99281e-08 165838 0 0 7.82996e-25 0 0 0.00496416 0 0 0 0 0 0 0 0 0 0 
0.029 -1.89444 -5.19444 -4.31416 -4.58577 -0.305565 3.6628e-16 1.73881e+14 0.000187644 0.00107425 8.01088e-23 2.99273e-08 165842 0 0 7.82996e-25 0 0 0.00496416 0 0 0 0 0 0 0 0 0 0 
0.0295 -1.88614 -5.18614 -4.31416 -4.57748 -0.313857 2.65773e-16 1.73874e+14 0.000187651 0.00107427 8.01088e-23 2.99265e-08 165847 0 0 7.82996e-25 0 0 0.00496416 0 0 0 0 0 0 0 0 0 0 
0.03 -1.87785 -5.17785 -4.31416 -4.56919 -0.32215 1.92843e-16 1.73866e+14 0.000187657 0.00107428 8.01088e-23 2.99257e-08 165851 0 0 7.82996e-25 0 0 0.00496416 0 0 0 0 0 0 0 0 0 0 
0.0305 -1.86956 -5.16956 -4.31416 -4.56089 -0.330442 1.39924e-16 1.73858e+14 0.000187663 0.0010743 8.01088e-23 2.99248e-08 165856 0 0 7.82996e-25 0 0 0.00496416 0 0 0 0 0 0 0 0 0 0 
0.031 -1.86126 -5.16126 -4.31416 -4.5526 -0.338735 1.01526e-16 1.7385e+14 0.000187669 0.00107432 8.01088e-23 2.9924e-08 165860 0 0 7.82997e-25 0 0 0.00496416 0 0 0 0 0 0 0 0 0 0 
0.0315 -1.85297 -5.15297 -4.31416 -4.5443 -0.347028 7.3665e-17 1.73842e+14 0.000187675 0.00107434 8.01088e-23 2.99232e-08 165865 0 0 7.82997e-25 0 0 0.00496416 0 0 0 0 0 0 0 0 0 0 
0.032 -1.84468 -5.14468 -4.31416 -4.53601 -0.355322 5.3449e-17 1.73834e+14 0.000187682 0.00107436 8.01088e-23 2.99224e-08 165869 0 0 7.82996e-25 0 0 0.00496416 0 0 0 0 0 0 0 0 0 0 
0.0325 -1.83638 -5.13638 -4.31416 -4.52771 -0.363615 3.87805e-17 1.73827e+14 0.000187688 0.00107438 8.01088e-23 2.99216e-08 165874 0 0 7.82996e-25 0 0 0.00496416 0 0 0 0 0 0 0 0 0 0 
0.033 -1.82809 -5.12809 -4.31416 -4.51942 -0.371909 2.81374e-17 1.73819e+14 0.000187694 0.0010744 8.01088e-23 2.99208e-08 165878 0 0 7.82996e-25 0 0 0.00496416 0 0 0 0 0 0 0 0 0 0 
0.0335 -1.8198 -5.1198 -4.31416 -4.51112 -0.380203 2.04151e-17 1.73811e+14 0.0001877 0.00107442 8.01088e-23 2.992e-08 165883 0 0 7.82996e-25 0 0 0.00496416 0 0 0 0 0 0 0 0 0 0 
0.034 -1.8115 -5.1115 -4.31416 -4.50283 -0.388497 1.4812e-17 1.73803e+14 0.000187707 0.00107444 8.01088e-23 2.99192e-08 165887 0 0 7.82996e-25 0 0 0.00496416 0 0 0 0 0 0 0 0 0 0 
0.0345 -1.80321 -5.10321 -4.31416 -4.49453 -0.396792 1.07467e-17 1.73795e+14 0.000187713 0.00107446 8.01088e-23 2.99184e-08 165892 0 0 7.82997e-25 0 0 0.00496416 0 0 0 0 0 0 0 0 0 0 
0.035 -1.79491 -5.09491 -4.31416 -4.48623 -0.405086 7.79702e-18 1.73787e+14 0.000187719 0.00107448 8.01088e-23 2.99176e-08 165896 0 0 7.82996e-25 0 0 0.00496416 0 0 0 0 0 0 0 0 0 0 
0.0355 -1.78662 -5.08662 -4.31416 -4.47794 -0.413381 5.65692e-18 1.7378e+14 0.000187725 0.0010745 8.01088e-23 2.99167e-08 165901 0 0 7.82996e-25 0 0 0.00496416 0 0 0 0 0 0 0 0 0 0 
0.036 -1.77832 -5.07832 -4.31416 -4.46964 -0.421677 4.1042e-18 1.73772e+14 0.000187731 0.00107452 8.01088e-23 2.99159e-08 165905 0 0 7.82997e-25 0 0 0.00496416 0 0 0 0 0 0 0 0 0 0 
0.0365 -1.77003 -5.07003 -4.31416 -4.46134 -0.429972 2.97764e-18 1.73764e+14 0.000187738 0.00107454 8.01088e-23 2.99151e-08 165910 0 0 7.82996e-25 0 0 0.00496416 0 0 0 0 0 0 0 0 0 0 
0.037 -1.76173 -5.06173 -4.31416 -4.45305 -0.438268 2.16029e-18 1.73756e+14 0.000187744 0.00107456 8.01088e-23 2.99143e-08 165914 0 0 7.82996e-25 0 0 0.00496416 0 0 0 0 0 0 0 0 0 0 
0.0375 -1.75344 -5.05344 -4.31416 -4.44475 -0.446563 1.56729e-18 1.73748e+14 0.00018775 0.00107457 8.01088e-23 2.99135e-08 165919 0 0 7.82996e-25 0 0 0.00496416 0 0 0 0 0 0 0 0 0 0 
0.038 -1.74514 -5.04514 -4.31416 -4.43645 -0.454859 1.13706e-18 1.7374e+14 0.000187756 0.00107459 8.01088e-23 2.99127e-08 165923 0 0 7.82996e-25 0 0 0.00496416 0 0 0 0 0 0 0 0 0 0 
0.0385 -1.73684 -5.03684 -4.31416 -4.42815 -0.463156 8.24917e-19 1.73733e+14 0.000187763 0.00107461 8.01088e-23 2.99119e-08 165928 0 0 7.82996e-25 0 0 0.00496416 0 0 0 0 0 0 0 0 0 0 
0.039 -1.72855 -5.02855 -4.31416 -4.41986 -0.471452 5.98461e-19 1.73725e+14 0.000187769 0.00107463 8.01088e-23 2.99111e-08 165932 0 0 7.82996e-25 0 0 0.00496416 0 0 0 0 0 0 0 0 0 0 
0.0395 -1.72025 -5.02025 -4.31416 -4.41156 -0.479749 4.34167e-19 1.73717e+14 0.000187775 0.00107465 8.01088e-23 2.99103e-08 165937 0 0 7.82996e-25 0 0 0.00496416 0 0 0 0 0 0 0 0 0 0 
0.04 -1.71195 -5.01195 -4.31416 -4.40326 -0.488046 3.14974e-19 1.73709e+14 0.000187781 0.00107467 8.01088e-23 2.99095e-08 165941 0 0 7.82996e-25 0 0 0.00496416 0 0 0 0 0 0 0 0 0 0 
0.0405 -1.70366 -5.00366 -4.31416 -4.39496 -0.496343 2.28501e-19 1.73701e+14 0.000187788 0.00107469 8.01088e-23 2.99087e-08 165946 0 0 7.82996e-25 0 0 0.00496416 0 0 0 0 0 0 0 0 0 0 
0.041 -1.69536 -4.99536 -4.31416 -4.38666 -0.50464 1.65767e-19 1.73693e+14 0.000187794 0.00107471 8.01088e-23 2.99078e-08 165950 0 0 7.82996e-25 0 0 0.00496416 0 0 0 0 0 0 0 0 0 0 
0.0415 -1.68706 -4.98706 -4.31416 -4.37836 -0.512938 1.20255e-19 1.73686e+14 0.0001878 0.00107473 8.01088e-23 2.9907e-08 165955 0 0 7.82996e-25 0 0 0.00496416 0 0 0 0 0 0 0 0 0 0 
0.042 -1.67876 -4.97876 -4.31416 -4.37006 -0.521236 8.72383e-20 1.73678e+14 0.000187806 0.00107475 8.01088e-23 2.99062e-08 165959 0 0 7.82996e-25 0 0 0.00496416 0 0 0 0 0 0 0 0 0 0 
0.0425 -1.67047 -4.97047 -4.31416 -4.36176 -0.529534 6.32857e-20 1.7367e+14 0.000187813 0.00107477 8.01088e-23 2.99054e-08 165964 0 0 7.82996e-25 0 0 0.00496416 0 0 0 0 0 0 0 0 0 0 
0.043 -1.66217 -4.96217 -4.31416 -4.35346 -0.537832 4.59093e-20 1.73662e+14 0.000187819 0.00107479 8.01088e-23 2.99046e-08 165968 0 0 7.82996e-25 0 0 0.00496416 0 0 0 0 0 0 0 0 0 0 
0.0435 -1.65387 -4.95387 -4.31416 -4.34516 -0.546131 3.33037e-20 1.73654e+14 0.000187825 0.00107481 8.01088e-23 2.99038e-08 165973 0 0 7.82996e-25 0 0 0.00496416 0 0 0 0 0 0 0 0 0 0 
0.044 -1.64557 -4.94557 -4.31416 -4.33686 -0.55443 2.4159e-20 1.73647e+14 0.000187831 0.00107483 8.01088e-23 2.9903e-08 165977 0 0 7.82996e-25 0 0 0.00496416 0 0 0 0 0 0 0 0 0 0 
0.0445 -1.63727 -4.93727 -4.31416 -4.32856 -0.562729 1.75252e-20 1.73639e+14 0.000187838 0.00107485 8.01088e-23 2.99022e-08 165982 0 0 7.82996e-25 0 0 0.00496416 0 0 0 0 0 0 0 0 0 0 
0.045 -1.62897 -4.92897 -4.31416 -4.32026 -0.571028 1.27128e-20 1.73631e+14 0.000187844 0.00107487 8.01088e-23 2.99014e-08 165986 0 0 7.82997e-25 0 0 0.00496416 0 0 0 0 0 0 0 0 0 0 
0.0455 -1.62067 -4.92067 -4.31416 -4.31196 -0.579327 9.22187e-21 1.73623e+14 0.00018785 0.00107488 8.01088e-23 2.99006e-08 165991 0 0 7.82997e-25 0 0 0.00496416 0 0 0 0 0 0 0 0 0 0 
0.046 -1.61237 -4.91237 -4.31416 -4.30366 -0.587627 6.68946e-21 1.73615e+14 0.000187856 0.0010749 8.01088e-23 2.98998e-08 165995 0 0 7.82996e-25 0 0 0.00496416 0 0 0 0 0 0 0 0 0 0 
0.0465 -1.60407 -4.90407 -4.31416 -4.29536 -0.595927 4.85244e-21 1.73607e+14 0.000187862 0.00107492 8.01088e-23 2.9899e-08 166000 0 0 7.82996e-25 0 0 0.00496416 0 0 0 0 0 0 0 0 0 0 
0.047 -1.59577 -4.89577 -4.31416 -4.28706 -0.604227 3.51985e-21 1.736e+14 0.000187869 0.00107494 8.01088e-23 2.98981e-08 166004 0 0 7.82996e-25 0 0 0.00496416 0 0 0 0 0 0 0 0 0 0 
0.0475 -1.58747 -4.88747 -4.31416 -4.27875 -0.612527 2.5532e-21 1.73592e+14 0.000187875 0.00107496 8.01088e-23 2.98973e-08 166009 0 0 7.82996e-25 0 0 0.00496416 0 0 0 0 0 0 0 0 0 0 
0.048 -1.57917 -4.87917 -4.31416 -4.27045 -0.620828 1.85201e-21 1.73584e+14 0.000187881 0.00107498 8.01088e-23 2.98965e-08 166013 0 0 7.82996e-25 0 0 0.00496416 0 0 0 0 0 0 0 0 0 0 
0.0485 -1.57087 -4.87087 -4.31416 -4.26215 -0.629128 1.34337e-21 1.73576e+14 0.000187887 0.001075 8.01088e-23 2.98957e-08 166018 0 0 7.82996e-25 0 0 0.00496416 0 0 0 0 0 0 0 0 0 0 
0.049 -1.56257 -4.86257 -4.31416 -4.25385 -0.637429 9.74419e-22 1.73568e+14 0.000187894 0.00107502 8.01088e-23 2.98949e-08 166022 0 0 7.82996e-25 0 0 0.00496416 0 0 0 0 0 0 0 0 0 0 
0.0495 -1.55427 -4.85427 -4.31416 -4.24554 -0.645731 7.06792e-22 1.73561e+14 0.0001879 0.00107504 8.01088e-23 2.98941e-08 166027 0 0 7.82996e-25 0 0 0.00496416 0 0 0 0 0 0 0 0 0 0 
0.05 -1.54597 -4.84597 -4.31416 -4.23724 -0.654032 5.12665e-22 1.73553e+14 0.000187906 0.00107506 8.01088e-23 2.98933e-08 166031 0 0 7.82996e-25 0 0 0.00496416 0 0 0 0 0 0 0 0 0 0 
0.0505 -1.53767 -4.83767 -4.31416 -4.22894 -0.662334 3.71854e-22 1.73545e+14 0.000187912 0.00107508 8.01088e-23 2.98925e-08 166036 0 0 7.82996e-25 0 0 0.00496416 0 0 0 0 0 0 0 0 0 0 
0.051 -1.52936 -4.82936 -4.31416 -4.22063 -0.670636 2.69716e-22 1.73537e+14 0.000187919 0.0010751 8.01088e-23 2.98917e-08 166040 0 0 7.82996e-25 0 0 0.00496416 0 0 0 0 0 0 0 0 0 0 
0.0515 -1.52106 -4.82106 -4.31416 -4.21233 -0.678938 1.95631e-22 1.73529e+14 0.000187925 0.00107512 8.01088e-23 2.98909e-08 166045 0 0 7.82996e-25 0 0 0.00496416 0 0 0 0 0 0 0 0 0 0 
0.052 -1.51276 -4.81276 -4.31416 -4.20403 -0.68724 1.41894e-22 1.73521e+14 0.000187931 0.00107514 8.01088e-23 2.98901e-08 166049 0 0 7.82996e-25 0 0 0.00496416 0 0 0 0 0 0 0 0 0 0 
0.0525 -1.50446 -4.80446 -4.31416 -4.19572 -0.695543 1.02917e-22 1.73514e+14 0.000187937 0.00107516 8.01088e-23 2.98893e-08 166054 0 0 7.82996e-25 0 0 0.00496416 0 0 0 0 0 0 0 0 0 0 
0.053 -1.49615 -4.79615 -4.31416 -4.18742 -0.703845 7.46461e-23 1.73506e+14 0.000187944 0.00107517 8.01088e-23 2.98885e-08 166058 0 0 7.82996e-25 0 0 0.00496416 0 0 0 0 0 0 0 0 0 0 
0.0535 -1.48785 -4.78785 -4.31416 -4.17911 -0.712148 5.41406e-23 1.73498e+14 0.00018795 0.00107519 8.01088e-23 2.98877e-08 166062 0 0 7.82996e-25 0 0 0.00496416 0 0 0 0 0 0 0 0 0 0 
0.054 -1.47955 -4.77955 -4.31416 -4.17081 -0.720452 3.92677e-23 1.7349e+14 0.000187956 0.00107521 8.01088e-23 2.98868e-08 166067 0 0 7.82996e-25 0 0 0.00496416 0 0 0 0 0 0 0 0 0 0 
0.0545 -1.47124 -4.77124 -4.31416 -4.1625 -0.728755 2.84802e-23 1.73482e+14 0.000187962 0.00107523 8.01088e-23 2.9886e-08 166071 0 0 7.82997e-25 0 0 0.00496416 0 0 0 0 0 0 0 0 0 0 
0.055 -1.46294 -4.76294 -4.31416 -4.1542 -0.737059 2.06561e-23 1.73475e+14 0.000187969 0.00107525 8.01088e-23 2.98852e-08 166076 0 0 7.82997e-25 0 0 0.00496416 0 0 0 0 0 0 0 0 0 0 
0.0555 -1.45464 -4.75464 -4.31416 -4.14589 -0.745363 1.49813e-23 1.73467e+14 0.000187975 0.00107527 8.01088e-23 2.98844e-08 166080 0 0 7.82996e-25 0 0 0.00496416 0 0 0 0 0 0 0 0 0 0 
0.056 -1.44633 -4.74633 -4.31416 -4.13759 -0.753667 1.08654e-23 1.73459e+14 0.000187981 0.00107529 8.01088e-23 2.98836e-08 166085 0 0 7.82996e-25 0 0 0.00496416 0 0 0 0 0 0 0 0 0 0 
0.0565 -1.43803 -4.73803 -4.31416 -4.12928 -0.761971 7.88022e-24 1.73451e+14 0.000187987 0.00107531 8.01088e-23 2.98828e-08 166089 0 0 7.82996e-25 0 0 0.00496416 0 0 0 0 0 0 0 0 0 0 
0.057 -1.42972 -4.72972 -4.31416 -4.12098 -0.770276 5.71515e-24 1.73443e+14 0.000187994 0.00107533 8.01088e-23 2.9882e-08 166094 0 0 7.82996e-25 0 0 0.00496416 0 0 0 0 0 0 0 0 0 0 
0.0575 -1.42142 -4.72142 -4.31416 -4.11267 -0.778581 4.14489e-24 1.73436e+14 0.000188 0.00107535 8.01088e-23 2.98812e-08 166098 0 0 7.82996e-25 0 0 0.00496416 0 0 0 0 0 0 0 0 0 0 
0.058 -1.41311 -4.71311 -4.31416 -4.10436 -0.786886 3.00604e-24 1.73428e+14 0.000188006 0.00107537 8.01088e-23 2.98804e-08 166103 0 0 7.82996e-25 0 0 0.00496416 0 0 0 0 0 0 0 0 0 0 
0.0585 -1.40481 -4.70481 -4.31416 -4.09606 -0.795191 2.18008e-24 1.7342e+14 0.000188012 0.00107539 8.01088e-23 2.98796e-08 166107 0 0 7.82996e-25 0 0 0.00496416 0 0 0 0 0 0 0 0 0 0 
0.059 -1.3965 -4.6965 -4.31416 -4.08775 -0.803496 1.58106e-24 1.73412e+14 0.000188019 0.00107541 8.01088e-23 2.98788e-08 166112 0 0 7.82996e-25 0 0 0.00496416 0 0 0 0 0 0 0 0 0 0 
0.0595 -1.3882 -4.6882 -4.31416 -4.07944 -0.811802 1.14662e-24 1.73404e+14 0.000188025 0.00107543 8.01088e-23 2.9878e-08 166116 0 0 7.82996e-25 0 0 0.00496416 0 0 0 0 0 0 0 0 0 0 
0.06 -1.37989 -4.67989 -4.31416 -4.07113 -0.820108 8.31543e-25 1.73397e+14 0.000188031 0.00107545 8.01088e-23 2.98772e-08 166121 0 0 7.82997e-25 0 0 0.00496416 0 0 0 0 0 0 0 0 0 0 
0.0605 -1.37159 -4.67159 -4.31416 -4.06283 -0.828414 6.03042e-25 1.73389e+14 0.000188037 0.00107547 8.01088e-23 2.98764e-08 166125 0 0 7.82997e-25 0 0 0.00496416 0 0 0 0 0 0 0 0 0 0 
0.061 -1.36328 -4.66328 -4.31416 -4.05452 -0.836721 4.37328e-25 1.73381e+14 0.000188044 0.00107548 8.01088e-23 2.98756e-08 166130 0 0 7.82996e-25 0 0 0.00496416 0 0 0 0 0 0 0 0 0 0 
0.0615 -1.35497 -4.65497 -4.31416 -4.04621 -0.845027 3.17148e-25 1.73373e+14 0.00018805 0.0010755 8.01088e-23 2.98748e-08 166134 0 0 7.82996e-25 0 0 0.00496416 0 0 0 0 0 0 0 0 0 0 
0.062 -1.34667 -4.64667 -4.31416 -4.0379 -0.853334 2.29993e-25 1.73365e+14 0.000188056 0.00107552 8.01088e-23 2.9874e-08 166139 0 0 7.82996e-25 0 0 0.00496416 0 0 0 0 0 0 0 0 0 0 
0.0625 -1.33836 -4.63836 -4.31416 -4.02959 -0.861641 1.66787e-25 1.73358e+14 0.000188062 0.00107554 8.01088e-23 2.98731e-08 166143 0 0 7.82996e-25 0 0 0.00496416 0 0 0 0 0 0 0 0 0 0 
0.063 -1.33005 -4.63005 -4.31416 -4.02128 -0.869948 1.2095e-25 1.7335e+14 0.000188069 0.00107556 8.01088e-23 2.98723e-08 166148 0 0 7.82996e-25 0 0 0.00496416 0 0 0 0 0 0 0 0 0 0 
0.0635 -1.32174 -4.62174 -4.31416 -4.01297 -0.878256 8.77095e-26 1.73342e+14 0.000188075 0.00107558 8.01088e-23 2.98715e-08 166152 0 0 7.82996e-25 0 0 0.00496416 0 0 0 0 0 0 0 0 0 0 
0.064 -1.31344 -4.61344 -4.31416 -4.00467 -0.886564 6.36038e-26 1.73334e+14 0.000188081 0.0010756 8.01088e-23 2.98707e-08 166157 0 0 7.82996e-25 0 0 0.00496416 0 0 0 0 0 0 0 0 0 0 
0.0645 -1.30513 -4.60513 -4.31416 -3.99636 -0.894871 4.61228e-26 1.73326e+14 0.000188087 0.00107562 8.01088e-23 2.98699e-08 166161 0 0 7.82996e-25 0 0 0.00496416 0 0 0 0 0 0 0 0 0 0 
0.065 -1.29682 -4.59682 -4.31416 -3.98805 -0.90318 3.34461e-26 1.73319e+14 0.000188094 0.00107564 8.01088e-23 2.98691e-08 166166 0 0 7.82996e-25 0 0 0.00496416 0 0 0 0 0 0 0 0 0 0 
0.0655 -1.28851 -4.58851 -4.31416 -3.97974 -0.911488 2.42533e-26 1.73311e+14 0.0001881 0.00107566 8.01088e-23 2.98683e-08 166170 0 0 7.82996e-25 0 0 0.00496416 0 0 0 0 0 0 0 0 0 0 
0.066 -1.2802 -4.5802 -4.31416 -3.97143 -0.919797 1.7587e-26 1.73303e+14 0.000188106 0.00107568 8.01088e-23 2.98675e-08 166175 0 0 7.82997e-25 0 0 0.00496416 0 0 0 0 0 0 0 0 0 0 
0.0665 -1.27189 -4.57189 -4.31416 -3.96312 -0.928105 1.27529e-26 1.73295e+14 0.000188112 0.0010757 8.01088e-23 2.98667e-08 166179 0 0 7.82997e-25 0 0 0.00496416 0 0 0 0 0 0 0 0 0 0 
0.067 -1.26359 -4.56359 -4.31416 -3.9548 -0.936415 9.24749e-27 1.73287e+14 0.000188119 0.00107572 8.01088e-23 2.98659e-08 166183 0 0 7.82996e-25 0 0 0.00496416 0 0 0 0 0 0 0 0 0 0 
0.0675 -1.25528 -4.55528 -4.31416 -3.94649 -0.944724 6.70555e-27 1.7328e+14 0.000188125 0.00107574 8.01088e-23 2.98651e-08 166188 0 0 7.82996e-25 0 0 0.00496416 0 0 0 0 0 0 0 0 0 0 
0.068 -1.24697 -4.54697 -4.31416 -3.93818 -0.953033 4.86229e-27 1.73272e+14 0.000188131 0.00107576 8.01088e-23 2.98643e-08 166192 0 0 7.82996e-25 0 0 0.00496416 0 0 0 0 0 0 0 0 0 0 
0.0685 -1.23866 -4.53866 -4.31416 -3.92987 -0.961343 3.52569e-27 1.73264e+14 0.000188137 0.00107578 8.01088e-23 2.98635e-08 166197 0 0 7.82996e-25 0 0 0.00496416 0 0 0 0 0 0 0 0 0 0 
0.069 -1.23035 -4.53035 -4.31416 -3.92156 -0.969653 2.55648e-27 1.73256e+14 0.000188144 0.00107579 8.01088e-23 2.98627e-08 166201 0 0 7.82996e-25 0 0 0.00496416 0 0 0 0 0 0 0 0 0 0 
0.0695 -1.22204 -4.52204 -4.31416 -3.91325 -0.977963 1.85369e-27 1.73249e+14 0.00018815 0.00107581 8.01088e-23 2.98619e-08 166206 0 0 7.82996e-25 0 0 0.00496416 0 0 0 0 0 0 0 0 0 0 
0.07 -1.21373 -4.51373 -4.31416 -3.90494 -0.986274 1.34409e-27 1.73241e+14 0.000188156 0.00107583 8.01088e-23 2.98611e-08 166210 0 0 7.82996e-25 0 0 0.00496416 0 0 0 0 0 0 0 0 0 0 
0.0705 -1.20542 -4.50542 -4.31416 -3.89662 -0.994584 9.74579e-28 1.73233e+14 0.000188162 0.00107585 8.01088e-23 2.98603e-08 166215 0 0 7.82996e-25 0 0 0.00496416 0 0 0 0 0 0 0 0 0 0 
0.071 -1.1971 -4.4971 -4.31416 -3.88831 -1.0029 7.06645e-28 1.73225e+14 0.000188169 0.00107587 8.01088e-23 2.98595e-08 166219 0 0 7.82996e-25 0 0 0.00496416 0 0 0 0 0 0 0 0 0 0 
0.0715 -1.18879 -4.48879 -4.31416 -3.88 -1.01121 5.12367e-28 1.73217e+14 0.000188175 0.00107589 8.01088e-23 2.98587e-08 166224 0 0 7.82996e-25 0 0 0.00496416 0 0 0 0 0 0 0 0 0 0 
0.072 -1.18048 -4.48048 -4.31416 -3.87169 -1.01952 3.71499e-28 1.7321e+14 0.000188181 0.00107591 8.01088e-23 2.98579e-08 166228 0 0 7.82996e-25 0 0 0.00496416 0 0 0 0 0 0 0 0 0 0 
0.0725 -1.17217 -4.47217 -4.31416 -3.86337 -1.02783 2.69358e-28 1.73202e+14 0.000188187 0.00107593 8.01088e-23 2.98571e-08 166233 0 0 7.82996e-25 0 0 0.00496416 0 0 0 0 0 0 0 0 0 0 
0.073 -1.16386 -4.46386 -4.31416 -3.85506 -1.03614 1.95299e-28 1.73194e+14 0.000188194 0.00107595 8.01088e-23 2.98563e-08 166237 0 0 7.82997e-25 0 0 0.00496416 0 0 0 0 0 0 0 0 0 0 
0.0735 -1.15555 -4.45555 -4.31416 -3.84675 -1.04445 1.416e-28 1.73186e+14 0.0001882 0.00107597 8.01088e-23 2.98554e-08 166242 0 0 7.82997e-25 0 0 0.00496416 0 0 0 0 0 0 0 0 0 0 
0.074 -1.14724 -4.44724 -4.31416 -3.83843 -1.05276 1.02666e-28 1.73179e+14 0.000188206 0.00107599 8.01088e-23 2.98546e-08 166246 0 0 7.82996e-25 0 0 0.00496416 0 0 0 0 0 0 0 0 0 0 
0.0745 -1.13892 -4.43892 -4.31416 -3.83012 -1.06108 7.44361e-29 1.73171e+14 0.000188212 0.00107601 8.01088e-23 2.98538e-08 166251 0 0 7.82996e-25 0 0 0.00496416 0 0 0 0 0 0 0 0 0 0 
0.075 -1.13061 -4.43061 -4.31416 -3.8218 -1.06939 5.39681e-29 1.73163e+14 0.000188219 0.00107603 8.01088e-23 2.9853e-08 166255 0 0 7.82997e-25 0 0 0.00496416 0 0 0 0 0 0 0 0 0 0 
0.0755 -1.1223 -4.4223 -4.31416 -3.81349 -1.0777 3.9128e-29 1.73155e+14 0.000188225 0.00107605 8.01088e-23 2.98522e-08 166260 0 0 7.82997e-25 0 0 0.00496416 0 0 0 0 0 0 0 0 0 0 
0.076 -1.11398 -4.41398 -4.31416 -3.80518 -1.08602 2.83683e-29 1.73147e+14 0.000188231 0.00107607 8.01088e-23 2.98514e-08 166264 0 0 7.82996e-25 0 0 0.00496416 0 0 0 0 0 0 0 0 0 0 
0.0765 -1.10567 -4.40567 -4.31416 -3.79686 -1.09433 2.05673e-29 1.7314e+14 0.000188237 0.00107609 8.01088e-23 2.98506e-08 166269 0 0 7.82996e-25 0 0 0.00496416 0 0 0 0 0 0 0 0 0 0 
0.077 -1.09736 -4.39736 -4.31416 -3.78855 -1.10264 1.49113e-29 1.73132e+14 0.000188244 0.0010761 8.01088e-23 2.98498e-08 166273 0 0 7.82996e-25 0 0 0.00496416 0 0 0 0 0 0 0 0 0 0 
0.0775 -1.08904 -4.38904 -4.31416 -3.78023 -1.11096 1.08106e-29 1.73124e+14 0.00018825 0.00107612 8.01088e-23 2.9849e-08 166278 0 0 7.82996e-25 0 0 0.00496416 0 0 0 0 0 0 0 0 0 0 
0.078 -1.08073 -4.38073 -4.31416 -3.77191 -1.11927 7.83757e-30 1.73116e+14 0.000188256 0.00107614 8.01088e-23 2.98482e-08 166282 0 0 7.82996e-25 0 0 0.00496416 0 0 0 0 0 0 0 0 0 0 
0.0785 -1.07242 -4.37242 -4.31416 -3.7636 -1.12758 5.6821e-30 1.73109e+14 0.000188262 0.00107616 8.01088e-23 2.98474e-08 166286 0 0 7.82996e-25 0 0 0.00496416 0 0 0 0 0 0 0 0 0 0 
0.079 -1.0641 -4.3641 -4.31416 -3.75528 -1.1359 4.11939e-30 1.73101e+14 0.000188269 0.00107618 8.01088e-23 2.98466e-08 166291 0 0 7.82996e-25 0 0 0.00496416 0 0 0 0 0 0 0 0 0 0 
0.0795 -1.05579 -4.35579 -4.31416 -3.74697 -1.14421 2.98643e-30 1.73093e+14 0.000188275 0.0010762 8.01088e-23 2.98458e-08 166295 0 0 7.82997e-25 0 0 0.00496416 0 0 0 0 0 0 0 0 0 0 
0.08 -1.04747 -4.34747 -4.31416 -3.73865 -1.15253 2.16506e-30 1.73085e+14 0.000188281 0.00107622 8.01088e-23 2.9845e-08 166300 0 0 7.82997e-25 0 0 0.00496416 0 0 0 0 0 0 0 0 0 0 
0.0805 -1.03916 -4.33916 -4.31416 -3.73033 -1.16084 1.56957e-30 1.73077e+14 0.000188287 0.00107624 8.01088e-23 2.98442e-08 166304 0 0 7.82996e-25 0 0 0.00496416 0 0 0 0 0 0 0 0 0 0 
0.081 -1.03084 -4.33084 -4.31416 -3.72202 -1.16916 1.13786e-30 1.7307e+14 0.000188294 0.00107626 8.01088e-23 2.98434e-08 166309 0 0 7.82997e-25 0 0 0.00496416 0 0 0 0 0 0 0 0 0 0 
0.0815 -1.02253 -4.32253 -4.31416 -3.7137 -1.17747 8.24889e-31 1.73062e+14 0.0001883 0.00107628 8.01088e-23 2.98426e-08 166313 0 0 7.82997e-25 0 0 0.00496416 0 0 0 0 0 0 0 0 0 0 
0.082 -1.01421 -4.31421 -4.31416 -3.70538 -1.18579 5.97994e-31 1.73054e+14 0.000188306 0.0010763 8.01088e-23 2.98418e-08 166318 0 0 7.82996e-25 0 0 0.00496416 0 0 0 0 0 0 0 0 0 0 
0.0825 -1.00589 -4.30589 -4.31416 -3.69706 -1.19411 4.33505e-31 1.73046e+14 0.000188312 0.00107632 8.01088e-23 2.9841e-08 166322 0 0 7.82996e-25 0 0 0.00496416 0 0 0 0 0 0 0 0 0 0 
0.083 -0.997577 -4.29758 -4.31416 -3.68875 -1.20242 3.14259e-31 1.73039e+14 0.000188319 0.00107634 8.01088e-23 2.98402e-08 166327 0 0 7.82996e-25 0 0 0.00496416 0 0 0 0 0 0 0 0 0 0 
0.0835 -0.989261 -4.28926 -4.31416 -3.68043 -1.21074 2.27813e-31 1.73031e+14 0.000188325 0.00107636 8.01088e-23 2.98394e-08 166331 0 0 7.82997e-25 0 0 0.00496416 0 0 0 0 0 0 0 0 0 0 
0.084 -0.980944 -4.28094 -4.31416 -3.67211 -1.21906 1.65145e-31 1.73023e+14 0.000188331 0.00107638 8.01088e-23 2.98386e-08 166336 0 0 7.82996e-25 0 0 0.00496416 0 0 0 0 0 0 0 0 0 0 
0.0845 -0.972627 -4.27263 -4.31416 -3.66379 -1.22737 1.19715e-31 1.73015e+14 0.000188337 0.0010764 8.01088e-23 2.98378e-08 166340 0 0 7.82996e-25 0 0 0.00496416 0 0 0 0 0 0 0 0 0 0 
0.085 -0.96431 -4.26431 -4.31416 -3.65547 -1.23569 8.67812e-32 1.73008e+14 0.000188344 0.00107641 8.01088e-23 2.9837e-08 166345 0 0 7.82997e-25 0 0 0.00496416 0 0 0 0 0 0 0 0 0 0 
0.0855 -0.955993 -4.25599 -4.31416 -3.64715 -1.24401 6.29072e-32 1.73e+14 0.00018835 0.00107643 8.01088e-23 2.98362e-08 166349 0 0 7.82997e-25 0 0 0.00496416 0 0 0 0 0 0 0 0 0 0 
0.086 -0.947675 -4.24768 -4.31416 -3.63883 -1.25232 4.56007e-32 1.72992e+14 0.000188356 0.00107645 8.01088e-23 2.98354e-08 166354 0 0 7.82997e-25 0 0 0.00496416 0 0 0 0 0 0 0 0 0 0 
0.0865 -0.939357 -4.23936 -4.31416 -3.63052 -1.26064 3.30551e-32 1.72984e+14 0.000188363 0.00107647 8.01088e-23 2.98346e-08 166358 0 0 7.82996e-25 0 0 0.00496416 0 0 0 0 0 0 0 0 0 0 
0.087 -0.931039 -4.23104 -4.31416 -3.6222 -1.26896 2.39609e-32 1.72976e+14 0.000188369 0.00107649 8.01088e-23 2.98338e-08 166363 0 0 7.82996e-25 0 0 0.00496416 0 0 0 0 0 0 0 0 0 0 
0.0875 -0.922721 -4.22272 -4.31416 -3.61388 -1.27728 1.73685e-32 1.72969e+14 0.000188375 0.00107651 8.01088e-23 2.9833e-08 166367 0 0 7.82996e-25 0 0 0.00496416 0 0 0 0 0 0 0 0 0 0 
0.088 -0.914403 -4.2144 -4.31416 -3.60556 -1.2856 1.25898e-32 1.72961e+14 0.000188381 0.00107653 8.01088e-23 2.98322e-08 166371 0 0 7.82997e-25 0 0 0.00496416 0 0 0 0 0 0 0 0 0 0 
0.0885 -0.906084 -4.20608 -4.31416 -3.59724 -1.29392 9.12581e-33 1.72953e+14 0.000188388 0.00107655 8.01088e-23 2.98314e-08 166376 0 0 7.82997e-25 0 0 0.00496416 0 0 0 0 0 0 0 0 0 0 
0.089 -0.897765 -4.19777 -4.31416 -3.58892 -1.30223 6.61485e-33 1.72945e+14 0.000188394 0.00107657 8.01088e-23 2.98306e-08 166380 0 0 7.82996e-25 0 0 0.00496416 0 0 0 0 0 0 0 0 0 0 
0.0895 -0.889446 -4.18945 -4.31416 -3.58059 -1.31055 4.79474e-33 1.72938e+14 0.0001884 0.00107659 8.01088e-23 2.98298e-08 166385 0 0 7.82996e-25 0 0 0.00496416 0 0 0 0 0 0 0 0 0 0 
0.09 -0.881127 -4.18113 -4.31416 -3.57227 -1.31887 3.47541e-33 1.7293e+14 0.000188406 0.00107661 8.01088e-23 2.9829e-08 166389 0 0 7.82996e-25 0 0 0.00496416 0 0 0 0 0 0 0 0 0 0 
0.0905 -0.872807 -4.17281 -4.31416 -3.56395 -1.32719 2.51909e-33 1.72922e+14 0.000188413 0.00107663 8.01088e-23 2.98282e-08 166394 0 0 7.82996e-25 0 0 0.00496416 0 0 0 0 0 0 0 0 0 0 
0.091 -0.864487 -4.16449 -4.31416 -3.55563 -1.33551 1.8259e-33 1.72914e+14 0.000188419 0.00107665 8.01088e-23 2.98274e-08 166398 0 0 7.82996e-25 0 0 0.00496416 0 0 0 0 0 0 0 0 0 0 
0.0915 -0.856167 -4.15617 -4.31416 -3.54731 -1.34383 1.32345e-33 1.72907e+14 0.000188425 0.00107667 8.01088e-23 2.98266e-08 166403 0 0 7.82996e-25 0 0 0.00496416 0 0 0 0 0 0 0 0 0 0 
0.092 -0.847847 -4.14785 -4.31416 -3.53899 -1.35215 9.59253e-34 1.72899e+14 0.000188431 0.00107669 8.01088e-23 2.98258e-08 166407 0 0 7.82996e-25 0 0 0.00496416 0 0 0 0 0 0 0 0 0 0 
0.0925 -0.839526 -4.13953 -4.31416 -3.53067 -1.36047 6.95273e-34 1.72891e+14 0.000188438 0.00107671 8.01088e-23 2.9825e-08 166412 0 0 7.82996e-25 0 0 0.00496416 0 0 0 0 0 0 0 0 0 0 
0.093 -0.831206 -4.13121 -4.31416 -3.52234 -1.36879 5.03934e-34 1.72883e+14 0.000188444 0.00107672 8.01088e-23 2.98242e-08 166416 0 0 7.82996e-25 0 0 0.00496416 0 0 0 0 0 0 0 0 0 0 
0.0935 -0.822885 -4.12288 -4.31416 -3.51402 -1.37712 3.65249e-34 1.72876e+14 0.00018845 0.00107674 8.01088e-23 2.98234e-08 166421 0 0 7.82996e-25 0 0 0.00496416 0 0 0 0 0 0 0 0 0 0 
0.094 -0.814564 -4.11456 -4.31416 -3.5057 -1.38544 2.64728e-34 1.72868e+14 0.000188456 0.00107676 8.01088e-23 2.98226e-08 166425 0 0 7.82996e-25 0 0 0.00496416 0 0 0 0 0 0 0 0 0 0 
0.0945 -0.806242 -4.10624 -4.31416 -3.49738 -1.39376 1.9187e-34 1.7286e+14 0.000188463 0.00107678 8.01088e-23 2.98218e-08 166430 0 0 7.82997e-25 0 0 0.00496416 0 0 0 0 0 0 0 0 0 0 
0.095 -0.797921 -4.09792 -4.31416 -3.48905 -1.40208 1.39063e-34 1.72852e+14 0.000188469 0.0010768 8.01088e-23 2.9821e-08 166434 0 0 7.82997e-25 0 0 0.00496416 0 0 0 0 0 0 0 0 0 0 
0.0955 -0.789599 -4.0896 -4.31416 -3.48073 -1.4104 1.00788e-34 1.72845e+14 0.000188475 0.00107682 8.01088e-23 2.98202e-08 166439 0 0 7.82997e-25 0 0 0.00496416 0 0 0 0 0 0 0 0 0 0 
0.096 -0.781277 -4.08128 -4.31416 -3.47241 -1.41872 7.30478e-35 1.72837e+14 0.000188481 0.00107684 8.01088e-23 2.98194e-08 166443 0 0 7.82996e-25 0 0 0.00496416 0 0 0 0 0 0 0 0 0 0 
0.0965 -0.772955 -4.07295 -4.31416 -3.46408 -1.42705 5.29419e-35 1.72829e+14 0.000188488 0.00107686 8.01088e-23 2.98186e-08 166447 0 0 7.82996e-25 0 0 0.00496416 0 0 0 0 0 0 0 0 0 0 
0.097 -0.764632 -4.06463 -4.31416 -3.45576 -1.43537 3.83697e-35 1.72821e+14 0.000188494 0.00107688 8.01088e-23 2.98178e-08 166452 0 0 7.82996e-25 0 0 0.00496416 0 0 0 0 0 0 0 0 0 0 
0.0975 -0.756309 -4.05631 -4.31416 -3.44743 -1.44369 2.78082e-35 1.72814e+14 0.0001885 0.0010769 8.01088e-23 2.9817e-08 166456 0 0 7.82996e-25 0 0 0.00496416 0 0 0 0 0 0 0 0 0 0 
0.098 -0.747987 -4.04799 -4.31416 -3.43911 -1.45201 2.01537e-35 1.72806e+14 0.000188506 0.00107692 8.01088e-23 2.98162e-08 166461 0 0 7.82996e-25 0 0 0.00496416 0 0 0 0 0 0 0 0 0 0 
0.0985 -0.739663 -4.03966 -4.31416 -3.43078 -1.46034 1.4606e-35 1.72798e+14 0.000188513 0.00107694 8.01088e-23 2.98154e-08 166465 0 0 7.82996e-25 0 0 0.00496416 0 0 0 0 0 0 0 0 0 0 
0.099 -0.73134 -4.03134 -4.31416 -3.42246 -1.46866 1.05853e-35 1.7279e+14 0.000188519 0.00107696 8.01088e-23 2.98146e-08 166470 0 0 7.82997e-25 0 0 0.00496416 0 0 0 0 0 0 0 0 0 0 
0.0995 -0.723016 -4.02302 -4.31416 -3.41413 -1.47698 7.6714e-36 1.72783e+14 0.000188525 0.00107698 8.01088e-23 2.98138e-08 166474 0 0 7.82997e-25 0 0 0.00496416 0 0 0 0 0 0 0 0 0 0 
0.1 -0.714693 -4.01469 -4.31416 -3.40581 -1.48531 5.55956e-36 1.72775e+14 0.000188531 0.001077 8.01088e-23 2.9813e-08 166479 0 0 7.82997e-25 0 0 0.00496416 0 0 0 0 0 0 0 0 0 0 
0.1005 -0.706369 -4.00637 -4.31416 -3.39748 -1.49363 4.02905e-36 1.72767e+14 0.000188538 0.00107702 8.01088e-23 2.98122e-08 166483 0 0 7.82997e-25 0 0 0.00496416 0 0 0 0 0 0 0 0 0 0 
0.101 -0.698044 -3.99804 -4.31416 -3.38916 -1.50196 2.91986e-36 1.72759e+14 0.000188544 0.00107704 8.01088e-23 2.98114e-08 166488 0 0 7.82996e-25 0 0 0.00496416 0 0 0 0 0 0 0 0 0 0 
0.1015 -0.68972 -3.98972 -4.31416 -3.38083 -1.51028 2.116e-36 1.72752e+14 0.00018855 0.00107705 8.01088e-23 2.98106e-08 166492 0 0 7.82996e-25 0 0 0.00496416 0 0 0 0 0 0 0 0 0 0 
0.102 -0.681395 -3.9814 -4.31416 -3.3725 -1.5186 1.53344e-36 1.72744e+14 0.000188556 0.00107707 8.01088e-23 2.98098e-08 166497 0 0 7.82996e-25 0 0 0.00496416 0 0 0 0 0 0 0 0 0 0 
0.1025 -0.67307 -3.97307 -4.31416 -3.36418 -1.52693 1.11126e-36 1.72736e+14 0.000188563 0.00107709 8.01088e-23 2.9809e-08 166501 0 0 7.82996e-25 0 0 0.00496416 0 0 0 0 0 0 0 0 0 0 
0.103 -0.664745 -3.96474 -4.31416 -3.35585 -1.53526 8.05301e-37 1.72728e+14 0.000188569 0.00107711 8.01088e-23 2.98082e-08 166506 0 0 7.82996e-25 0 0 0.00496416 0 0 0 0 0 0 0 0 0 0 
0.1035 -0.65642 -3.95642 -4.31416 -3.34752 -1.54358 5.83577e-37 1.72721e+14 0.000188575 0.00107713 8.01088e-23 2.98074e-08 166510 0 0 7.82996e-25 0 0 0.00496416 0 0 0 0 0 0 0 0 0 0 
0.104 -0.648094 -3.94809 -4.31416 -3.3392 -1.55191 4.22897e-37 1.72713e+14 0.000188581 0.00107715 8.01088e-23 2.98066e-08 166514 0 0 7.82996e-25 0 0 0.00496416 0 0 0 0 0 0 0 0 0 0 
0.1045 -0.639768 -3.93977 -4.31416 -3.33087 -1.56023 3.06455e-37 1.72705e+14 0.000188588 0.00107717 8.01088e-23 2.98058e-08 166519 0 0 7.82996e-25 0 0 0.00496416 0 0 0 0 0 0 0 0 0 0 
0.105 -0.631442 -3.93144 -4.31416 -3.32254 -1.56856 2.22073e-37 1.72698e+14 0.000188594 0.00107719 8.01088e-23 2.9805e-08 166523 0 0 7.82996e-25 0 0 0.00496416 0 0 0 0 0 0 0 0 0 0 
0.1055 -0.623116 -3.92312 -4.31416 -3.31421 -1.57688 1.60924e-37 1.7269e+14 0.0001886 0.00107721 8.01088e-23 2.98042e-08 166528 0 0 7.82997e-25 0 0 0.00496416 0 0 0 0 0 0 0 0 0 0 
0.106 -0.614789 -3.91479 -4.31416 -3.30589 -1.58521 1.16611e-37 1.72682e+14 0.000188606 0.00107723 8.01088e-23 2.98034e-08 166532 0 0 7.82997e-25 0 0 0.00496416 0 0 0 0 0 0 0 0 0 0 
0.1065 -0.606463 -3.90646 -4.31416 -3.29756 -1.59354 8.45003e-38 1.72674e+14 0.000188613 0.00107725 8.01088e-23 2.98026e-08 166537 0 0 7.82996e-25 0 0 0.00496416 0 0 0 0 0 0 0 0 0 0 
0.107 -0.598136 -3.89814 -4.31416 -3.28923 -1.60186 6.12311e-38 1.72667e+14 0.000188619 0.00107727 8.01088e-23 2.98018e-08 166541 0 0 7.82996e-25 0 0 0.00496416 0 0 0 0 0 0 0 0 0 0 
0.1075 -0.589808 -3.88981 -4.31416 -3.2809 -1.61019 4.43692e-38 1.72659e+14 0.000188625 0.00107729 8.01088e-23 2.9801e-08 166546 0 0 7.82996e-25 0 0 0.00496416 0 0 0 0 0 0 0 0 0 0 
0.108 -0.581481 -3.88148 -4.31416 -3.27257 -1.61852 3.21505e-38 1.72651e+14 0.000188631 0.00107731 8.01088e-23 2.98002e-08 166550 0 0 7.82996e-25 0 0 0.00496416 0 0 0 0 0 0 0 0 0 0 
0.1085 -0.573153 -3.87315 -4.31416 -3.26424 -1.62685 2.32965e-38 1.72643e+14 0.000188638 0.00107733 8.01088e-23 2.97994e-08 166555 0 0 7.82996e-25 0 0 0.00496416 0 0 0 0 0 0 0 0 0 0 
0.109 -0.564826 -3.86483 -4.31416 -3.25591 -1.63517 1.68806e-38 1.72636e+14 0.000188644 0.00107735 8.01088e-23 2.97986e-08 166559 0 0 7.82996e-25 0 0 0.00496416 0 0 0 0 0 0 0 0 0 0 
0.1095 -0.556498 -3.8565 -4.31416 -3.24758 -1.6435 1.22316e-38 1.72628e+14 0.00018865 0.00107736 8.01088e-23 2.97978e-08 166564 0 0 7.82996e-25 0 0 0.00496416 0 0 0 0 0 0 0 0 0 0 
0.11 -0.548169 -3.84817 -4.31416 -3.23925 -1.65183 8.86288e-39 1.7262e+14 0.000188656 0.00107738 8.01088e-23 2.9797e-08 166568 0 0 7.82996e-25 0 0 0.00496416 0 0 0 0 0 0 0 0 0 0 
0.1105 -0.539841 -3.83984 -4.31416 -3.23092 -1.66016 6.42188e-39 1.72612e+14 0.000188663 0.0010774 8.01088e-23 2.97962e-08 166572 0 0 7.82996e-25 0 0 0.00496416 0 0 0 0 0 0 0 0 0 0 
0.111 -0.531512 -3.83151 -4.31416 -3.22259 -1.66849 4.65313e-39 1.72605e+14 0.000188669 0.00107742 8.01088e-23 2.97954e-08 166577 0 0 7.82997e-25 0 0 0.00496416 0 0 0 0 0 0 0 0 0 0 
0.1115 -0.523183 -3.82318 -4.31416 -3.21426 -1.67682 3.37152e-39 1.72597e+14 0.000188675 0.00107744 8.01088e-23 2.97946e-08 166581 0 0 7.82997e-25 0 0 0.00496416 0 0 0 0 0 0 0 0 0 0 
0.112 -0.514854 -3.81485 -4.31416 -3.20593 -1.68515 2.44288e-39 1.72589e+14 0.000188681 0.00107746 8.01088e-23 2.97938e-08 166586 0 0 7.82996e-25 0 0 0.00496416 0 0 0 0 0 0 0 0 0 0 
0.1125 -0.506524 -3.80652 -4.31416 -3.1976 -1.69348 1.77e-39 1.72582e+14 0.000188688 0.00107748 8.01088e-23 2.9793e-08 166590 0 0 7.82996e-25 0 0 0.00496416 0 0 0 0 0 0 0 0 0 0 
0.113 -0.498195 -3.79819 -4.31416 -3.18927 -1.70181 1.28246e-39 1.72574e+14 0.000188694 0.0010775 8.01088e-23 2.97922e-08 166595 0 0 7.82996e-25 0 0 0.00496416 0 0 0 0 0 0 0 0 0 0 
0.1135 -0.489865 -3.78986 -4.31416 -3.18094 -1.71014 9.29196e-40 1.72566e+14 0.0001887 0.00107752 8.01088e-23 2.97914e-08 166599 0 0 7.82996e-25 0 0 0.00496416 0 0 0 0 0 0 0 0 0 0 
0.114 -0.481535 -3.78153 -4.31416 -3.17261 -1.71847 6.73238e-40 1.72558e+14 0.000188707 0.00107754 8.01088e-23 2.97906e-08 166604 0 0 7.82996e-25 0 0 0.00496416 0 0 0 0 0 0 0 0 0 0 
0.1145 -0.473205 -3.7732 -4.31416 -3.16427 -1.7268 4.87782e-40 1.72551e+14 0.000188713 0.00107756 8.01088e-23 2.97898e-08 166608 0 0 7.82997e-25 0 0 0.00496416 0 0 0 0 0 0 0 0 0 0 
0.115 -0.464874 -3.76487 -4.31416 -3.15594 -1.73513 3.5341e-40 1.72543e+14 0.000188719 0.00107758 8.01088e-23 2.9789e-08 166613 0 0 7.82997e-25 0 0 0.00496416 0 0 0 0 0 0 0 0 0 0 
0.1155 -0.456543 -3.75654 -4.31416 -3.14761 -1.74346 2.56053e-40 1.72535e+14 0.000188725 0.0010776 8.01088e-23 2.97882e-08 166617 0 0 7.82996e-25 0 0 0.00496416 0 0 0 0 0 0 0 0 0 0 
0.116 -0.448212 -3.74821 -4.31416 -3.13928 -1.75179 1.85513e-40 1.72527e+14 0.000188732 0.00107762 8.01088e-23 2.97874e-08 166622 0 0 7.82996e-25 0 0 0.00496416 0 0 0 0 0 0 0 0 0 0 
0.1165 -0.439881 -3.73988 -4.31416 -3.13094 -1.76012 1.34406e-40 1.7252e+14 0.000188738 0.00107764 8.01088e-23 2.97866e-08 166626 0 0 7.82996e-25 0 0 0.00496416 0 0 0 0 0 0 0 0 0 0 
0.117 -0.43155 -3.73155 -4.31416 -3.12261 -1.76845 9.7377e-41 1.72512e+14 0.000188744 0.00107766 8.01088e-23 2.97858e-08 166630 0 0 7.82997e-25 0 0 0.00496416 0 0 0 0 0 0 0 0 0 0 
0.1175 -0.423218 -3.72322 -4.31416 -3.11428 -1.77678 7.05491e-41 1.72504e+14 0.00018875 0.00107768 8.01088e-23 2.9785e-08 166635 0 0 7.82997e-25 0 0 0.00496416 0 0 0 0 0 0 0 0 0 0 
0.118 -0.414886 -3.71489 -4.31416 -3.10595 -1.78511 5.11119e-41 1.72497e+14 0.000188757 0.00107769 8.01088e-23 2.97842e-08 166639 0 0 7.82996e-25 0 0 0.00496416 0 0 0 0 0 0 0 0 0 0 
0.1185 -0.406554 -3.70655 -4.31416 -3.09761 -1.79345 3.70297e-41 1.72489e+14 0.000188763 0.00107771 8.01088e-23 2.97834e-08 166644 0 0 7.82996e-25 0 0 0.00496416 0 0 0 0 0 0 0 0 0 0 
0.119 -0.398222 -3.69822 -4.31416 -3.08928 -1.80178 2.68271e-41 1.72481e+14 0.000188769 0.00107773 8.01088e-23 2.97827e-08 166648 0 0 7.82996e-25 0 0 0.00496416 0 0 0 0 0 0 0 0 0 0 
0.1195 -0.389889 -3.68989 -4.31416 -3.08094 -1.81011 1.94354e-41 1.72473e+14 0.000188775 0.00107775 8.01088e-23 2.97819e-08 166653 0 0 7.82997e-25 0 0 0.00496416 0 0 0 0 0 0 0 0 0 0 
0.12 -0.381557 -3.68156 -4.31416 -3.07261 -1.81844 1.40802e-41 1.72466e+14 0.000188782 0.00107777 8.01088e-23 2.97811e-08 166657 0 0 7.82997e-25 0 0 0.00496416 0 0 0 0 0 0 0 0 0 0 
0.1205 -0.373224 -3.67322 -4.31416 -3.06427 -1.82678 1.02005e-41 1.72458e+14 0.000188788 0.00107779 8.01088e-23 2.97803e-08 166662 0 0 7.82996e-25 0 0 0.00496416 0 0 0 0 0 0 0 0 0 0 
0.121 -0.36489 -3.66489 -4.31416 -3.05594 -1.83511 7.38976e-42 1.7245e+14 0.000188794 0.00107781 8.01088e-23 2.97795e-08 166666 0 0 7.82996e-25 0 0 0.00496416 0 0 0 0 0 0 0 0 0 0 
0.1215 -0.356557 -3.65656 -4.31416 -3.04761 -1.84344 5.35347e-42 1.72443e+14 0.0001888 0.00107783 8.01088e-23 2.97787e-08 166671 0 0 7.82996e-25 0 0 0.00496416 0 0 0 0 0 0 0 0 0 0 
0.122 -0.348223 -3.64822 -4.31416 -3.03927 -1.85178 3.87826e-42 1.72435e+14 0.000188807 0.00107785 8.01088e-23 2.97779e-08 166675 0 0 7.82996e-25 0 0 0.00496416 0 0 0 0 0 0 0 0 0 0 
0.1225 -0.33989 -3.63989 -4.31416 -3.03093 -1.86011 2.80953e-42 1.72427e+14 0.000188813 0.00107787 8.01088e-23 2.97771e-08 166679 0 0 7.82996e-25 0 0 0.00496416 0 0 0 0 0 0 0 0 0 0 
0.123 -0.331555 -3.63156 -4.31416 -3.0226 -1.86844 2.0353e-42 1.72419e+14 0.000188819 0.00107789 8.01088e-23 2.97763e-08 166684 0 0 7.82996e-25 0 0 0.00496416 0 0 0 0 0 0 0 0 0 0 
0.1235 -0.323221 -3.62322 -4.31416 -3.01426 -1.87678 1.47441e-42 1.72412e+14 0.000188825 0.00107791 8.01088e-23 2.97755e-08 166688 0 0 7.82996e-25 0 0 0.00496416 0 0 0 0 0 0 0 0 0 0 
0.124 -0.314887 -3.61489 -4.31416 -3.00593 -1.88511 1.06808e-42 1.72404e+14 0.000188832 0.00107793 8.01088e-23 2.97747e-08 166693 0 0 7.82996e-25 0 0 0.00496416 0 0 0 0 0 0 0 0 0 0 
0.1245 -0.306552 -3.60655 -4.31416 -2.99759 -1.89345 7.73725e-43 1.72396e+14 0.000188838 0.00107795 8.01088e-23 2.97739e-08 166697 0 0 7.82996e-25 0 0 0.00496416 0 0 0 0 0 0 0 0 0 0 
0.125 -0.298217 -3.59822 -4.31416 -2.98925 -1.90178 5.60486e-43 1.72389e+14 0.000188844 0.00107797 8.01088e-23 2.97731e-08 166702 0 0 7.82996e-25 0 0 0.00496416 0 0 0 0 0 0 0 0 0 0 
0.1255 -0.289882 -3.58988 -4.31416 -2.98092 -1.91012 4.06013e-43 1.72381e+14 0.00018885 0.00107799 8.01088e-23 2.97723e-08 166706 0 0 7.82996e-25 0 0 0.00496416 0 0 0 0 0 0 0 0 0 0 
0.126 -0.281546 -3.58155 -4.31416 -2.97258 -1.91845 2.94111e-43 1.72373e+14 0.000188857 0.00107801 8.01088e-23 2.97715e-08 166711 0 0 7.82996e-25 0 0 0.00496416 0 0 0 0 0 0 0 0 0 0 
0.1265 -0.273211 -3.57321 -4.31416 -2.96424 -1.92679 2.13049e-43 1.72365e+14 0.000188863 0.00107802 8.01088e-23 2.97707e-08 166715 0 0 7.82997e-25 0 0 0.00496416 0 0 0 0 0 0 0 0 0 0 
0.127 -0.264875 -3.56487 -4.31416 -2.95591 -1.93513 1.54327e-43 1.72358e+14 0.000188869 0.00107804 8.01088e-23 2.97699e-08 166720 0 0 7.82997e-25 0 0 0.00496416 0 0 0 0 0 0 0 0 0 0 
0.1275 -0.256539 -3.55654 -4.31416 -2.94757 -1.94346 1.1179e-43 1.7235e+14 0.000188875 0.00107806 8.01088e-23 2.97691e-08 166724 0 0 7.82997e-25 0 0 0.00496416 0 0 0 0 0 0 0 0 0 0 
0.128 -0.248202 -3.5482 -4.31416 -2.93923 -1.9518 8.09765e-44 1.72342e+14 0.000188882 0.00107808 8.01088e-23 2.97683e-08 166729 0 0 7.82996e-25 0 0 0.00496416 0 0 0 0 0 0 0 0 0 0 
0.1285 -0.239866 -3.53987 -4.31416 -2.93089 -1.96013 5.86558e-44 1.72335e+14 0.000188888 0.0010781 8.01088e-23 2.97675e-08 166733 0 0 7.82996e-25 0 0 0.00496416 0 0 0 0 0 0 0 0 0 0 
0.129 -0.231529 -3.53153 -4.31416 -2.92255 -1.96847 4.24874e-44 1.72327e+14 0.000188894 0.00107812 8.01088e-23 2.97667e-08 166737 0 0 7.82996e-25 0 0 0.00496416 0 0 0 0 0 0 0 0 0 0 
0.1295 -0.223192 -3.52319 -4.31416 -2.91422 -1.97681 3.07755e-44 1.72319e+14 0.0001889 0.00107814 8.01088e-23 2.97659e-08 166742 0 0 7.82996e-25 0 0 0.00496416 0 0 0 0 0 0 0 0 0 0 
0.13 -0.214855 -3.51485 -4.31416 -2.90588 -1.98515 2.22919e-44 1.72311e+14 0.000188907 0.00107816 8.01088e-23 2.97651e-08 166746 0 0 7.82997e-25 0 0 0.00496416 0 0 0 0 0 0 0 0 0 0 
0.1305 -0.206517 -3.50652 -4.31416 -2.89754 -1.99348 1.61467e-44 1.72304e+14 0.000188913 0.00107818 8.01088e-23 2.97644e-08 166751 0 0 7.82997e-25 0 0 0.00496416 0 0 0 0 0 0 0 0 0 0 
0.131 -0.19818 -3.49818 -4.31416 -2.8892 -2.00182 1.16955e-44 1.72296e+14 0.000188919 0.0010782 8.01088e-23 2.97636e-08 166755 0 0 7.82996e-25 0 0 0.00496416 0 0 0 0 0 0 0 0 0 0 
0.1315 -0.189842 -3.48984 -4.31416 -2.88086 -2.01016 8.47126e-45 1.72288e+14 0.000188926 0.00107822 8.01088e-23 2.97628e-08 166760 0 0 7.82996e-25 0 0 0.00496416 0 0 0 0 0 0 0 0 0 0 
0.132 -0.181504 -3.4815 -4.31416 -2.87252 -2.0185 6.13584e-45 1.72281e+14 0.000188932 0.00107824 8.01088e-23 2.9762e-08 166764 0 0 7.82996e-25 0 0 0.00496416 0 0 0 0 0 0 0 0 0 0 
0.1325 -0.173166 -3.47317 -4.31416 -2.86418 -2.02683 4.44423e-45 1.72273e+14 0.000188938 0.00107826 8.01088e-23 2.97612e-08 166769 0 0 7.82996e-25 0 0 0.00496416 0 0 0 0 0 0 0 0 0 0 
0.133 -0.164827 -3.46483 -4.31416 -2.85584 -2.03517 3.21896e-45 1.72265e+14 0.000188944 0.00107828 8.01088e-23 2.97604e-08 166773 0 0 7.82996e-25 0 0 0.00496416 0 0 0 0 0 0 0 0 0 0 
0.1335 -0.156488 -3.45649 -4.31416 -2.8475 -2.04351 2.33147e-45 1.72258e+14 0.000188951 0.0010783 8.01088e-23 2.97596e-08 166777 0 0 7.82996e-25 0 0 0.00496416 0 0 0 0 0 0 0 0 0 0 
0.134 -0.148149 -3.44815 -4.31416 -2.83916 -2.05185 1.68866e-45 1.7225e+14 0.000188957 0.00107832 8.01088e-23 2.97588e-08 166782 0 0 7.82996e-25 0 0 0.00496416 0 0 0 0 0 0 0 0 0 0 
0.1345 -0.13981 -3.43981 -4.31416 -2.83082 -2.06019 1.22307e-45 1.72242e+14 0.000188963 0.00107834 8.01088e-23 2.9758e-08 166786 0 0 7.82996e-25 0 0 0.00496416 0 0 0 0 0 0 0 0 0 0 
0.135 -0.131471 -3.43147 -4.31416 -2.82248 -2.06853 8.85837e-46 1.72235e+14 0.000188969 0.00107835 8.01088e-23 2.97572e-08 166791 0 0 7.82996e-25 0 0 0.00496416 0 0 0 0 0 0 0 0 0 0 
0.1355 -0.123131 -3.42313 -4.31416 -2.81414 -2.07687 6.41584e-46 1.72227e+14 0.000188976 0.00107837 8.01088e-23 2.97564e-08 166795 0 0 7.82996e-25 0 0 0.00496416 0 0 0 0 0 0 0 0 0 0 
0.136 -0.114791 -3.41479 -4.31416 -2.80579 -2.08521 4.64676e-46 1.72219e+14 0.000188982 0.00107839 8.01088e-23 2.97556e-08 166800 0 0 7.82996e-25 0 0 0.00496416 0 0 0 0 0 0 0 0 0 0 
0.1365 -0.106451 -3.40645 -4.31416 -2.79745 -2.09355 3.36545e-46 1.72211e+14 0.000188988 0.00107841 8.01088e-23 2.97548e-08 166804 0 0 7.82996e-25 0 0 0.00496416 0 0 0 0 0 0 0 0 0 0 
0.137 -0.0981106 -3.39811 -4.31416 -2.78911 -2.10189 2.43743e-46 1.72204e+14 0.000188994 0.00107843 8.01088e-23 2.9754e-08 166809 0 0 7.82996e-25 0 0 0.00496416 0 0 0 0 0 0 0 0 0 0 
0.1375 -0.0897701 -3.38977 -4.31416 -2.78077 -2.11023 1.76529e-46 1.72196e+14 0.000189001 0.00107845 8.01088e-23 2.97532e-08 166813 0 0 7.82997e-25 0 0 0.00496416 0 0 0 0 0 0 0 0 0 0 
0.138 -0.0814293 -3.38143 -4.31416 -2.77243 -2.11857 1.27849e-46 1.72188e+14 0.000189007 0.00107847 8.01088e-23 2.97524e-08 166818 0 0 7.82997e-25 0 0 0.00496416 0 0 0 0 0 0 0 0 0 0 
0.1385 -0.0730883 -3.37309 -4.31416 -2.76408 -2.12691 9.25926e-47 1.72181e+14 0.000189013 0.00107849 8.01088e-23 2.97517e-08 166822 0 0 7.82996e-25 0 0 0.00496416 0 0 0 0 0 0 0 0 0 0 
0.139 -0.0647471 -3.36475 -4.31416 -2.75574 -2.13525 6.70579e-47 1.72173e+14 0.000189019 0.00107851 8.01088e-23 2.97509e-08 166826 0 0 7.82996e-25 0 0 0.00496416 0 0 0 0 0 0 0 0 0 0 
0.1395 -0.0564057 -3.35641 -4.31416 -2.7474 -2.14359 4.85647e-47 1.72165e+14 0.000189026 0.00107853 8.01088e-23 2.97501e-08 166831 0 0 7.82996e-25 0 0 0.00496416 0 0 0 0 0 0 0 0 0 0 
0.14 -0.048064 -3.34806 -4.31416 -2.73905 -2.15194 3.51712e-47 1.72158e+14 0.000189032 0.00107855 8.01088e-23 2.97493e-08 166835 0 0 7.82996e-25 0 0 0.00496416 0 0 0 0 0 0 0 0 0 0 
0.1405 -0.0397221 -3.33972 -4.31416 -2.73071 -2.16028 2.54712e-47 1.7215e+14 0.000189038 0.00107857 8.01088e-23 2.97485e-08 166840 0 0 7.82996e-25 0 0 0.00496416 0 0 0 0 0 0 0 0 0 0 
0.141 -0.03138 -3.33138 -4.31416 -2.72237 -2.16862 1.84463e-47 1.72142e+14 0.000189044 0.00107859 8.01088e-23 2.97477e-08 166844 0 0 7.82996e-25 0 0 0.00496416 0 0 0 0 0 0 0 0 0 0 
0.1415 -0.0230377 -3.32304 -4.31416 -2.71402 -2.17696 1.33587e-47 1.72135e+14 0.000189051 0.00107861 8.01088e-23 2.97469e-08 166849 0 0 7.82997e-25 0 0 0.00496416 0 0 0 0 0 0 0 0 0 0 
0.142 -0.0146952 -3.3147 -4.31416 -2.70568 -2.1853 9.67421e-48 1.72127e+14 0.000189057 0.00107863 8.01088e-23 2.97461e-08 166853 0 0 7.82997e-25 0 0 0.00496416 0 0 0 0 0 0 0 0 0 0 
0.1425 -0.0063524 -3.30635 -4.31416 -2.69733 -2.19365 7.00589e-48 1.72119e+14 0.000189063 0.00107865 8.01088e-23 2.97453e-08 166858 0 0 7.82996e-25 0 0 0.00496416 0 0 0 0 0 0 0 0 0 0 
0.143 0.00199059 -3.29801 -4.31416 -2.68899 -2.20199 5.07349e-48 1.72111e+14 0.000189069 0.00107867 8.01088e-23 2.97445e-08 166862 0 0 7.82996e-25 0 0 0.00496416 0 0 0 0 0 0 0 0 0 0 
0.1435 0.0103338 -3.28967 -4.31416 -2.68065 -2.21033 3.67407e-48 1.72104e+14 0.000189076 0.00107868 8.01088e-23 2.97437e-08 166867 0 0 7.82996e-25 0 0 0.00496416 0 0 0 0 0 0 0 0 0 0 
0.144 0.0186772 -3.28132 -4.31416 -2.6723 -2.21868 2.66063e-48 1.72096e+14 0.000189082 0.0010787 8.01088e-23 2.97429e-08 166871 0 0 7.82997e-25 0 0 0.00496416 0 0 0 0 0 0 0 0 0 0 
0.1445 0.0270209 -3.27298 -4.31416 -2.66396 -2.22702 1.92671e-48 1.72088e+14 0.000189088 0.00107872 8.01088e-23 2.97421e-08 166875 0 0 7.82997e-25 0 0 0.00496416 0 0 0 0 0 0 0 0 0 0 
0.145 0.0353648 -3.26464 -4.31416 -2.65561 -2.23536 1.39523e-48 1.72081e+14 0.000189095 0.00107874 8.01088e-23 2.97413e-08 166880 0 0 7.82996e-25 0 0 0.00496416 0 0 0 0 0 0 0 0 0 0 
0.1455 0.0437089 -3.25629 -4.31416 -2.64726 -2.24371 1.01035e-48 1.72073e+14 0.000189101 0.00107876 8.01088e-23 2.97406e-08 166884 0 0 7.82996e-25 0 0 0.00496416 0 0 0 0 0 0 0 0 0 0 
0.146 0.0520532 -3.24795 -4.31416 -2.63892 -2.25205 7.31633e-49 1.72065e+14 0.000189107 0.00107878 8.01088e-23 2.97398e-08 166889 0 0 7.82996e-25 0 0 0.00496416 0 0 0 0 0 0 0 0 0 0 
0.1465 0.0603978 -3.2396 -4.31416 -2.63057 -2.2604 5.29799e-49 1.72058e+14 0.000189113 0.0010788 8.01088e-23 2.9739e-08 166893 0 0 7.82996e-25 0 0 0.00496416 0 0 0 0 0 0 0 0 0 0 
0.147 0.0687425 -3.23126 -4.31416 -2.62223 -2.26874 3.83641e-49 1.7205e+14 0.00018912 0.00107882 8.01088e-23 2.97382e-08 166898 0 0 7.82996e-25 0 0 0.00496416 0 0 0 0 0 0 0 0 0 0 
0.1475 0.0770875 -3.22291 -4.31416 -2.61388 -2.27709 2.77802e-49 1.72042e+14 0.000189126 0.00107884 8.01088e-23 2.97374e-08 166902 0 0 7.82997e-25 0 0 0.00496416 0 0 0 0 0 0 0 0 0 0 
0.148 0.0854327 -3.21457 -4.31416 -2.60553 -2.28543 2.0116e-49 1.72035e+14 0.000189132 0.00107886 8.01088e-23 2.97366e-08 166907 0 0 7.82997e-25 0 0 0.00496416 0 0 0 0 0 0 0 0 0 0 
0.1485 0.0937782 -3.20622 -4.31416 -2.59719 -2.29378 1.45662e-49 1.72027e+14 0.000189138 0.00107888 8.01088e-23 2.97358e-08 166911 0 0 7.82996e-25 0 0 0.00496416 0 0 0 0 0 0 0 0 0 0 
0.149 0.102124 -3.19788 -4.31416 -2.58884 -2.30212 1.05474e-49 1.72019e+14 0.000189145 0.0010789 8.01088e-23 2.9735e-08 166915 0 0 7.82997e-25 0 0 0.00496416 0 0 0 0 0 0 0 0 0 0 
0.1495 0.11047 -3.18953 -4.31416 -2.58049 -2.31047 7.6373e-50 1.72012e+14 0.000189151 0.00107892 8.01088e-23 2.97342e-08 166920 0 0 7.82997e-25 0 0 0.00496416 0 0 0 0 0 0 0 0 0 0 
0.15 0.118816 -3.18118 -4.31416 -2.57214 -2.31882 5.53009e-50 1.72004e+14 0.000189157 0.00107894 8.01088e-23 2.97334e-08 166924 0 0 7.82996e-25 0 0 0.00496416 0 0 0 0 0 0 0 0 0 0 
0.1505 0.127162 -3.17284 -4.31416 -2.5638 -2.32716 4.00424e-50 1.71996e+14 0.000189163 0.00107896 8.01088e-23 2.97326e-08 166929 0 0 7.82996e-25 0 0 0.00496416 0 0 0 0 0 0 0 0 0 0 
0.151 0.135509 -3.16449 -4.31416 -2.55545 -2.33551 2.89937e-50 1.71989e+14 0.00018917 0.00107898 8.01088e-23 2.97318e-08 166933 0 0 7.82996e-25 0 0 0.00496416 0 0 0 0 0 0 0 0 0 0 
0.1515 0.143855 -3.15614 -4.31416 -2.5471 -2.34386 2.09935e-50 1.71981e+14 0.000189176 0.001079 8.01088e-23 2.9731e-08 166938 0 0 7.82996e-25 0 0 0.00496416 0 0 0 0 0 0 0 0 0 0 
0.152 0.152202 -3.1478 -4.31416 -2.53875 -2.3522 1.52006e-50 1.71973e+14 0.000189182 0.00107902 8.01088e-23 2.97303e-08 166942 0 0 7.82996e-25 0 0 0.00496416 0 0 0 0 0 0 0 0 0 0 
0.1525 0.16055 -3.13945 -4.31416 -2.5304 -2.36055 1.10061e-50 1.71966e+14 0.000189188 0.00107903 8.01088e-23 2.97295e-08 166947 0 0 7.82996e-25 0 0 0.00496416 0 0 0 0 0 0 0 0 0 0 
0.153 0.168897 -3.1311 -4.31416 -2.52205 -2.3689 7.969e-51 1.71958e+14 0.000189195 0.00107905 8.01088e-23 2.97287e-08 166951 0 0 7.82996e-25 0 0 0.00496416 0 0 0 0 0 0 0 0 0 0 
0.1535 0.177245 -3.12276 -4.31416 -2.5137 -2.37724 5.76992e-51 1.7195e+14 0.000189201 0.00107907 8.01088e-23 2.97279e-08 166955 0 0 7.82996e-25 0 0 0.00496416 0 0 0 0 0 0 0 0 0 0 
0.154 0.185593 -3.11441 -4.31416 -2.50535 -2.38559 4.17765e-51 1.71943e+14 0.000189207 0.00107909 8.01088e-23 2.97271e-08 166960 0 0 7.82996e-25 0 0 0.00496416 0 0 0 0 0 0 0 0 0 0 
0.1545 0.193941 -3.10606 -4.31416 -2.497 -2.39394 3.02475e-51 1.71935e+14 0.000189213 0.00107911 8.01088e-23 2.97263e-08 166964 0 0 7.82997e-25 0 0 0.00496416 0 0 0 0 0 0 0 0 0 0 
0.155 0.202289 -3.09771 -4.31416 -2.48865 -2.40229 2.19e-51 1.71927e+14 0.00018922 0.00107913 8.01088e-23 2.97255e-08 166969 0 0 7.82997e-25 0 0 0.00496416 0 0 0 0 0 0 0 0 0 0 
0.1555 0.210638 -3.08936 -4.31416 -2.4803 -2.41064 1.5856e-51 1.7192e+14 0.000189226 0.00107915 8.01088e-23 2.97247e-08 166973 0 0 7.82997e-25 0 0 0.00496416 0 0 0 0 0 0 0 0 0 0 
0.156 0.218986 -3.08101 -4.31416 -2.47195 -2.41899 1.148e-51 1.71912e+14 0.000189232 0.00107917 8.01088e-23 2.97239e-08 166978 0 0 7.82997e-25 0 0 0.00496416 0 0 0 0 0 0 0 0 0 0 
0.1565 0.227335 -3.07266 -4.31416 -2.4636 -2.42734 8.31161e-52 1.71904e+14 0.000189238 0.00107919 8.01088e-23 2.97231e-08 166982 0 0 7.82996e-25 0 0 0.00496416 0 0 0 0 0 0 0 0 0 0 
0.157 0.235685 -3.06432 -4.31416 -2.45525 -2.43568 6.01762e-52 1.71897e+14 0.000189245 0.00107921 8.01088e-23 2.97223e-08 166987 0 0 7.82996e-25 0 0 0.00496416 0 0 0 0 0 0 0 0 0 0 
0.1575 0.244034 -3.05597 -4.31416 -2.4469 -2.44403 4.35673e-52 1.71889e+14 0.000189251 0.00107923 8.01088e-23 2.97216e-08 166991 0 0 7.82996e-25 0 0 0.00496416 0 0 0 0 0 0 0 0 0 0 
0.158 0.252384 -3.04762 -4.31416 -2.43855 -2.45238 3.15422e-52 1.71881e+14 0.000189257 0.00107925 8.01088e-23 2.97208e-08 166995 0 0 7.82996e-25 0 0 0.00496416 0 0 0 0 0 0 0 0 0 0 
0.1585 0.260734 -3.03927 -4.31416 -2.4302 -2.46073 2.2836e-52 1.71874e+14 0.000189264 0.00107927 8.01088e-23 2.972e-08 167000 0 0 7.82997e-25 0 0 0.00496416 0 0 0 0 0 0 0 0 0 0 
0.159 0.269084 -3.03092 -4.31416 -2.42185 -2.46908 1.65328e-52 1.71866e+14 0.00018927 0.00107929 8.01088e-23 2.97192e-08 167004 0 0 7.82997e-25 0 0 0.00496416 0 0 0 0 0 0 0 0 0 0 
0.1595 0.277434 -3.02257 -4.31416 -2.4135 -2.47743 1.19692e-52 1.71858e+14 0.000189276 0.00107931 8.01088e-23 2.97184e-08 167009 0 0 7.82996e-25 0 0 0.00496416 0 0 0 0 0 0 0 0 0 0 
0.16 0.285785 -3.01422 -4.31416 -2.40514 -2.48578 8.66529e-53 1.71851e+14 0.000189282 0.00107933 8.01088e-23 2.97176e-08 167013 0 0 7.82996e-25 0 0 0.00496416 0 0 0 0 0 0 0 0 0 0 
0.1605 0.294135 -3.00586 -4.31416 -2.39679 -2.49414 6.27331e-53 1.71843e+14 0.000189289 0.00107935 8.01088e-23 2.97168e-08 167018 0 0 7.82996e-25 0 0 0.00496416 0 0 0 0 0 0 0 0 0 0 
0.161 0.302486 -2.99751 -4.31416 -2.38844 -2.50249 4.54157e-53 1.71835e+14 0.000189295 0.00107936 8.01088e-23 2.9716e-08 167022 0 0 7.82996e-25 0 0 0.00496416 0 0 0 0 0 0 0 0 0 0 
0.1615 0.310838 -2.98916 -4.31416 -2.38009 -2.51084 3.28785e-53 1.71828e+14 0.000189301 0.00107938 8.01088e-23 2.97152e-08 167027 0 0 7.82996e-25 0 0 0.00496416 0 0 0 0 0 0 0 0 0 0 
0.162 0.319189 -2.98081 -4.31416 -2.37173 -2.51919 2.3802e-53 1.7182e+14 0.000189307 0.0010794 8.01088e-23 2.97144e-08 167031 0 0 7.82996e-25 0 0 0.00496416 0 0 0 0 0 0 0 0 0 0 
0.1625 0.327541 -2.97246 -4.31416 -2.36338 -2.52754 1.72311e-53 1.71812e+14 0.000189314 0.00107942 8.01088e-23 2.97137e-08 167035 0 0 7.82996e-25 0 0 0.00496416 0 0 0 0 0 0 0 0 0 0 
0.163 0.335893 -2.96411 -4.31416 -2.35503 -2.53589 1.2474e-53 1.71805e+14 0.00018932 0.00107944 8.01088e-23 2.97129e-08 167040 0 0 7.82996e-25 0 0 0.00496416 0 0 0 0 0 0 0 0 0 0 
0.1635 0.344245 -2.95576 -4.31416 -2.34667 -2.54424 9.03022e-54 1.71797e+14 0.000189326 0.00107946 8.01088e-23 2.97121e-08 167044 0 0 7.82997e-25 0 0 0.00496416 0 0 0 0 0 0 0 0 0 0 
0.164 0.352597 -2.9474 -4.31416 -2.33832 -2.5526 6.53711e-54 1.71789e+14 0.000189332 0.00107948 8.01088e-23 2.97113e-08 167049 0 0 7.82997e-25 0 0 0.00496416 0 0 0 0 0 0 0 0 0 0 
0.1645 0.36095 -2.93905 -4.31416 -2.32996 -2.56095 4.73227e-54 1.71782e+14 0.000189339 0.0010795 8.01088e-23 2.97105e-08 167053 0 0 7.82996e-25 0 0 0.00496416 0 0 0 0 0 0 0 0 0 0 
0.165 0.369302 -2.9307 -4.31416 -2.32161 -2.5693 3.4257e-54 1.71774e+14 0.000189345 0.00107952 8.01088e-23 2.97097e-08 167058 0 0 7.82997e-25 0 0 0.00496416 0 0 0 0 0 0 0 0 0 0 
0.1655 0.377655 -2.92234 -4.31416 -2.31326 -2.57766 2.47985e-54 1.71766e+14 0.000189351 0.00107954 8.01088e-23 2.97089e-08 167062 0 0 7.82997e-25 0 0 0.00496416 0 0 0 0 0 0 0 0 0 0 
0.166 0.386009 -2.91399 -4.31416 -2.3049 -2.58601 1.79514e-54 1.71759e+14 0.000189357 0.00107956 8.01088e-23 2.97081e-08 167067 0 0 7.82997e-25 0 0 0.00496416 0 0 0 0 0 0 0 0 0 0 
0.1665 0.394362 -2.90564 -4.31416 -2.29655 -2.59436 1.29947e-54 1.71751e+14 0.000189364 0.00107958 8.01088e-23 2.97073e-08 167071 0 0 7.82997e-25 0 0 0.00496416 0 0 0 0 0 0 0 0 0 0 
0.167 0.402716 -2.89728 -4.31416 -2.28819 -2.60272 9.40656e-55 1.71743e+14 0.00018937 0.0010796 8.01088e-23 2.97066e-08 167075 0 0 7.82997e-25 0 0 0.00496416 0 0 0 0 0 0 0 0 0 0 
0.1675 0.41107 -2.88893 -4.31416 -2.27983 -2.61107 6.80913e-55 1.71736e+14 0.000189376 0.00107962 8.01088e-23 2.97058e-08 167080 0 0 7.82996e-25 0 0 0.00496416 0 0 0 0 0 0 0 0 0 0 
0.168 0.419424 -2.88058 -4.31416 -2.27148 -2.61942 4.92889e-55 1.71728e+14 0.000189383 0.00107964 8.01088e-23 2.9705e-08 167084 0 0 7.82996e-25 0 0 0.00496416 0 0 0 0 0 0 0 0 0 0 
0.1685 0.427778 -2.87222 -4.31416 -2.26312 -2.62778 3.56782e-55 1.7172e+14 0.000189389 0.00107966 8.01088e-23 2.97042e-08 167089 0 0 7.82996e-25 0 0 0.00496416 0 0 0 0 0 0 0 0 0 0 
0.169 0.436132 -2.86387 -4.31416 -2.25477 -2.63613 2.58258e-55 1.71713e+14 0.000189395 0.00107968 8.01088e-23 2.97034e-08 167093 0 0 7.82996e-25 0 0 0.00496416 0 0 0 0 0 0 0 0 0 0 
0.1695 0.444487 -2.85551 -4.31416 -2.24641 -2.64449 1.86939e-55 1.71705e+14 0.000189401 0.0010797 8.01088e-23 2.97026e-08 167098 0 0 7.82997e-25 0 0 0.00496416 0 0 0 0 0 0 0 0 0 0 
0.17 0.452842 -2.84716 -4.31416 -2.23805 -2.65284 1.35314e-55 1.71697e+14 0.000189408 0.00107971 8.01088e-23 2.97018e-08 167102 0 0 7.82997e-25 0 0 0.00496416 0 0 0 0 0 0 0 0 0 0 
0.1705 0.461197 -2.8388 -4.31416 -2.2297 -2.6612 9.79446e-56 1.7169e+14 0.000189414 0.00107973 8.01088e-23 2.9701e-08 167106 0 0 7.82997e-25 0 0 0.00496416 0 0 0 0 0 0 0 0 0 0 
0.171 0.469553 -2.83045 -4.31416 -2.22134 -2.66955 7.0895e-56 1.71682e+14 0.00018942 0.00107975 8.01088e-23 2.97002e-08 167111 0 0 7.82997e-25 0 0 0.00496416 0 0 0 0 0 0 0 0 0 0 
0.1715 0.477909 -2.82209 -4.31416 -2.21298 -2.67791 5.13153e-56 1.71674e+14 0.000189426 0.00107977 8.01088e-23 2.96995e-08 167115 0 0 7.82996e-25 0 0 0.00496416 0 0 0 0 0 0 0 0 0 0 
0.172 0.486264 -2.81374 -4.31416 -2.20463 -2.68626 3.71428e-56 1.71667e+14 0.000189433 0.00107979 8.01088e-23 2.96987e-08 167120 0 0 7.82996e-25 0 0 0.00496416 0 0 0 0 0 0 0 0 0 0 
0.1725 0.494621 -2.80538 -4.31416 -2.19627 -2.69462 2.68843e-56 1.71659e+14 0.000189439 0.00107981 8.01088e-23 2.96979e-08 167124 0 0 7.82996e-25 0 0 0.00496416 0 0 0 0 0 0 0 0 0 0 
0.173 0.502977 -2.79702 -4.31416 -2.18791 -2.70298 1.94589e-56 1.71652e+14 0.000189445 0.00107983 8.01088e-23 2.96971e-08 167129 0 0 7.82996e-25 0 0 0.00496416 0 0 0 0 0 0 0 0 0 0 
0.1735 0.511333 -2.78867 -4.31416 -2.17955 -2.71133 1.40843e-56 1.71644e+14 0.000189451 0.00107985 8.01088e-23 2.96963e-08 167133 0 0 7.82996e-25 0 0 0.00496416 0 0 0 0 0 0 0 0 0 0 
0.174 0.51969 -2.78031 -4.31416 -2.17119 -2.71969 1.01941e-56 1.71636e+14 0.000189458 0.00107987 8.01088e-23 2.96955e-08 167138 0 0 7.82996e-25 0 0 0.00496416 0 0 0 0 0 0 0 0 0 0 
0.1745 0.528047 -2.77195 -4.31416 -2.16284 -2.72805 7.3783e-57 1.71629e+14 0.000189464 0.00107989 8.01088e-23 2.96947e-08 167142 0 0 7.82996e-25 0 0 0.00496416 0 0 0 0 0 0 0 0 0 0 
0.175 0.536404 -2.7636 -4.31416 -2.15448 -2.7364 5.34025e-57 1.71621e+14 0.00018947 0.00107991 8.01088e-23 2.96939e-08 167146 0 0 7.82996e-25 0 0 0.00496416 0 0 0 0 0 0 0 0 0 0 
0.1755 0.544762 -2.75524 -4.31416 -2.14612 -2.74476 3.86512e-57 1.71613e+14 0.000189476 0.00107993 8.01088e-23 2.96931e-08 167151 0 0 7.82996e-25 0 0 0.00496416 0 0 0 0 0 0 0 0 0 0 
0.176 0.553119 -2.74688 -4.31416 -2.13776 -2.75312 2.79744e-57 1.71606e+14 0.000189483 0.00107995 8.01088e-23 2.96923e-08 167155 0 0 7.82996e-25 0 0 0.00496416 0 0 0 0 0 0 0 0 0 0 
0.1765 0.561477 -2.73852 -4.31416 -2.1294 -2.76148 2.02467e-57 1.71598e+14 0.000189489 0.00107997 8.01088e-23 2.96915e-08 167160 0 0 7.82997e-25 0 0 0.00496416 0 0 0 0 0 0 0 0 0 0 
0.177 0.569835 -2.73016 -4.31416 -2.12104 -2.76984 1.46536e-57 1.7159e+14 0.000189495 0.00107999 8.01088e-23 2.96907e-08 167164 0 0 7.82998e-25 0 0 0.00496416 0 0 0 0 0 0 0 0 0 0 
0.1775 0.578194 -2.72181 -4.31416 -2.11268 -2.77819 1.06055e-57 1.71582e+14 0.000189502 0.00108001 8.01088e-23 2.96899e-08 167169 0 0 7.82997e-25 0 0 0.00496416 0 0 0 0 0 0 0 0 0 0 
0.178 0.586552 -2.71345 -4.31416 -2.10432 -2.78655 7.67564e-58 1.71575e+14 0.000189508 0.00108002 8.01088e-23 2.96891e-08 167173 0 0 7.82996e-25 0 0 0.00496416 0 0 0 0 0 0 0 0 0 0 
0.1785 0.594911 -2.70509 -4.31416 -2.09596 -2.79491 5.55513e-58 1.71567e+14 0.000189514 0.00108004 8.01088e-23 2.96883e-08 167177 0 0 7.82996e-25 0 0 0.00496416 0 0 0 0 0 0 0 0 0 0 
0.179 0.60327 -2.69673 -4.31416 -2.0876 -2.80327 4.0204e-58 1.71559e+14 0.00018952 0.00108006 8.01088e-23 2.96875e-08 167182 0 0 7.82996e-25 0 0 0.00496416 0 0 0 0 0 0 0 0 0 0 
0.1795 0.611629 -2.68837 -4.31416 -2.07924 -2.81163 2.90965e-58 1.71551e+14 0.000189527 0.00108008 8.01088e-23 2.96866e-08 167186 0 0 7.82996e-25 0 0 0.00496416 0 0 0 0 0 0 0 0 0 0 
0.18 0.619989 -2.68001 -4.31416 -2.07088 -2.81999 2.10576e-58 1.71543e+14 0.000189533 0.0010801 8.01088e-23 2.96857e-08 167191 0 0 7.82997e-25 0 0 0.00496416 0 0 0 0 0 0 0 0 0 0 
0.1805 0.628348 -2.67165 -4.31416 -2.06251 -2.82835 1.52396e-58 1.71535e+14 0.000189539 0.00108012 8.01088e-23 2.96848e-08 167195 0 0 7.82997e-25 0 0 0.00496416 0 0 0 0 0 0 0 0 0 0 
0.181 0.636708 -2.66329 -4.31416 -2.05415 -2.83671 1.10289e-58 1.71527e+14 0.000189545 0.00108014 8.01088e-23 2.96839e-08 167200 0 0 7.82997e-25 0 0 0.00496416 0 0 0 0 0 0 0 0 0 0 
0.1815 0.645068 -2.65493 -4.31416 -2.04579 -2.84507 7.98161e-59 1.71518e+14 0.000189552 0.00108015 8.01088e-23 2.96828e-08 167204 0 0 7.82997e-25 0 0 0.00496416 0 0 0 0 0 0 0 0 0 0 
0.182 0.653429 -2.64657 -4.31416 -2.03743 -2.85343 5.77622e-59 1.71509e+14 0.000189558 0.00108017 8.01088e-23 2.96817e-08 167208 0 0 7.82996e-25 0 0 0.00496416 0 0 0 0 0 0 0 0 0 0 
0.1825 0.661789 -2.63821 -4.31416 -2.02907 -2.86179 4.18016e-59 1.71499e+14 0.000189564 0.00108019 8.01088e-23 2.96805e-08 167213 0 0 7.82996e-25 0 0 0.00496416 0 0 0 0 0 0 0 0 0 0 
0.183 0.67015 -2.62985 -4.31416 -2.0207 -2.87015 3.02509e-59 1.71489e+14 0.00018957 0.0010802 8.01088e-23 2.96791e-08 167217 0 0 7.82996e-25 0 0 0.00496416 0 0 0 0 0 0 0 0 0 0 
0.1835 0.678511 -2.62149 -4.31416 -2.01234 -2.87851 2.18918e-59 1.71478e+14 0.000189577 0.00108021 8.01088e-23 2.96774e-08 167222 0 0 7.82996e-25 0 0 0.00496416 0 0 0 0 0 0 0 0 0 0 
0.184 0.686872 -2.61313 -4.31416 -2.00398 -2.88687 1.58423e-59 1.71465e+14 0.000189583 0.00108022 8.01088e-23 2.96754e-08 167226 0 0 7.82996e-25 0 0 0.00496416 0 0 0 0 0 0 0 0 0 0 
0.1845 0.695233 -2.60477 -4.31416 -1.99561 -2.89523 1.14645e-59 1.7145e+14 0.000189589 0.00108022 8.01088e-23 2.9673e-08 167231 0 0 7.82996e-25 0 0 0.00496416 0 0 0 0 0 0 0 0 0 0 
0.185 0.703595 -2.5964 -4.31416 -1.98725 -2.9036 8.29629e-60 1.71433e+14 0.000189595 0.00108022 8.01088e-23 2.967e-08 167235 0 0 7.82997e-25 0 0 0.00496416 0 0 0 0 0 0 0 0 0 0 
0.1855 0.711957 -2.58804 -4.31416 -1.97888 -2.91196 6.00359e-60 1.71411e+14 0.000189602 0.00108021 8.01088e-23 2.9666e-08 167240 0 0 7.82997e-25 0 0 0.00496416 0 0 0 0 0 0 0 0 0 0 
0.186 0.720319 -2.57968 -4.31416 -1.97051 -2.92032 4.34444e-60 1.71385e+14 0.000189608 0.00108019 8.01088e-23 2.96609e-08 167244 0 0 7.82996e-25 0 0 0.00496416 0 0 0 0 0 0 0 0 0 0 
0.1865 0.728681 -2.57132 -4.31416 -1.96214 -2.92868 3.14379e-60 1.71352e+14 0.000189614 0.00108016 8.01088e-23 2.96541e-08 167248 0 0 7.82996e-25 0 0 0.00496416 0 0 0 0 0 0 0 0 0 0 
0.187 0.737044 -2.56296 -4.31416 -1.95377 -2.93704 2.27494e-60 1.71308e+14 0.000189621 0.0010801 8.01088e-23 2.96451e-08 167253 0 0 7.82996e-25 0 0 0.00496416 0 0 0 0 0 0 0 0 0 0 
0.1875 0.745407 -2.55459 -4.31416 -1.9454 -2.94541 1.6462e-60 1.71251e+14 0.000189627 0.00108001 8.01088e-23 2.96329e-08 167257 0 0 7.82996e-25 0 0 0.00496416 0 0 0 0 0 0 0 0 0 0 
0.188 0.75377 -2.54623 -4.31416 -1.93702 -2.95377 1.19122e-60 1.71176e+14 0.000189633 0.00107989 8.01088e-23 2.96164e-08 167262 0 0 7.82997e-25 0 0 0.00496417 0 0 0 0 0 0 0 0 0 0 
0.1885 0.762133 -2.53787 -4.31416 -1.92864 -2.96213 8.61976e-61 1.71074e+14 0.000189639 0.00107971 8.01088e-23 2.95939e-08 167266 0 0 7.82997e-25 0 0 0.00496417 0 0 0 0 0 0 0 0 0 0 
0.189 0.770496 -2.5295 -4.31416 -1.92024 -2.9705 6.23729e-61 1.70937e+14 0.000189646 0.00107945 8.01088e-23 2.95631e-08 167271 0 0 7.82997e-25 0 0 0.00496417 0 0 0 0 0 0 0 0 0 0 
0.1895 0.77886 -2.52114 -4.31416 -1.91184 -2.97886 4.51329e-61 1.70751e+14 0.000189652 0.00107909 8.01088e-23 2.95209e-08 167275 0 0 7.82996e-25 0 0 0.00496417 0 0 0 0 0 0 0 0 0 0 
0.19 0.787224 -2.51278 -4.31416 -1.90343 -2.98722 3.26578e-61 1.70496e+14 0.000189658 0.00107858 8.01088e-23 2.9463e-08 167279 0 0 7.82996e-25 0 0 0.00496417 0 0 0 0 0 0 0 0 0 0 
0.1905 0.795588 -2.50441 -4.31416 -1.89499 -2.99559 2.36307e-61 1.70147e+14 0.000189664 0.00107787 8.01088e-23 2.93833e-08 167284 0 0 7.82996e-25 0 0 0.00496417 0 0 0 0 0 0 0 0 0 0 
0.191 0.803952 -2.49605 -4.31416 -1.88653 -3.00395 1.70987e-61 1.69667e+14 0.00018967 0.00107688 8.01088e-23 2.92736e-08 167288 0 0 7.82997e-25 0 0 0.00496418 0 0 0 0 0 0 0 0 0 0 
0.1915 0.812317 -2.48768 -4.31416 -1.87803 -3.01232 1.23722e-61 1.69008e+14 0.000189677 0.0010755 8.01088e-23 2.91225e-08 167293 0 0 7.82997e-25 0 0 0.00496418 0 0 0 0 0 0 0 0 0 0 
0.192 0.820681 -2.47932 -4.31416 -1.86947 -3.02068 8.95208e-62 1.68098e+14 0.000189683 0.00107358 8.01088e-23 2.89141e-08 167297 0 0 7.82997e-25 0 0 0.00496419 0 0 0 0 0 0 0 0 0 0 
0.1925 0.829046 -2.47095 -4.31416 -1.86085 -3.02905 6.47738e-62 1.66843e+14 0.000189689 0.00107091 8.01088e-23 2.86267e-08 167301 0 0 7.82997e-25 0 0 0.00496419 0 0 0 0 0 0 0 0 0 0 
0.193 0.837411 -2.46259 -4.31416 -1.85212 -3.03741 4.68674e-62 1.65106e+14 0.000189695 0.00106719 8.01088e-23 2.82303e-08 167305 0 0 7.82996e-25 0 0 0.0049642 0 0 0 0 0 0 0 0 0 0 
0.1935 0.845777 -2.45422 -4.31416 -1.84324 -3.04578 3.39109e-62 1.627e+14 0.000189701 0.00106199 8.01088e-23 2.76834e-08 167310 0 0 7.82996e-25 0 0 0.00496421 0 0 0 0 0 0 0 0 0 0 
0.194 0.854142 -2.44586 -4.31416 -1.83415 -3.05414 2.4536e-62 1.59359e+14 0.000189707 0.00105469 8.01088e-23 2.69286e-08 167314 0 0 7.82996e-25 0 0 0.00496422 0 0 0 0 0 0 0 0 0 0 
0.1945 0.862508 -2.43749 -4.31416 -1.82475 -3.06251 1.77527e-62 1.54705e+14 0.000189713 0.00104439 8.01088e-23 2.58868e-08 167318 0 0 7.82996e-25 0 0 0.00496423 0 0 0 0 0 0 0 0 0 0 
0.195 0.870874 -2.42913 -4.31416 -1.81489 -3.07087 1.28446e-62 1.48194e+14 0.000189718 0.00102971 8.01088e-23 2.44488e-08 167322 0 0 7.82997e-25 0 0 0.00496425 0 0 0 0 0 0 0 0 0 0 
0.1955 0.87924 -2.42076 -4.31416 -1.8043 -3.07924 9.29343e-63 1.3903e+14 0.000189723 0.0010085 8.01088e-23 2.24644e-08 167326 0 0 7.82997e-25 0 0 0.00496426 0 0 0 0 0 0 0 0 0 0 
0.196 0.887607 -2.41239 -4.31416 -1.79254 -3.08761 6.724e-63 1.26006e+14 0.000189728 0.000977146 8.01088e-23 1.97269e-08 167329 0 0 7.82996e-25 0 0 0.00496427 0 0 0 0 0 0 0 0 0 0 
0.1965 0.895973 -2.40403 -4.31416 -1.77863 -3.09597 4.86492e-63 1.07215e+14 0.000189733 0.000928948 8.01088e-23 1.59573e-08 167332 0 0 7.82996e-25 0 0 0.00496428 0 0 0 0 0 0 0 0 0 0 
0.197 0.90434 -2.39566 -4.31416 -1.76008 -3.10434 3.51984e-63 7.94328e+13 0.000189736 0.000849113 8.01088e-23 1.08063e-08 167334 0 0 7.82996e-25 0 0 0.00496429 0 0 0 0 0 0 0 0 0 0 
0.1975 0.912707 -2.38729 -4.31416 -1.72695 -3.11271 2.54664e-63 3.76001e+13 0.000189738 0.000693403 8.01088e-23 4.17719e-09 167336 0 0 7.82996e-25 0 0 0.0049643 0 0 0 0 0 0 0 0 0 0 
0.198 0.921074 -2.37893 -4.31416 -1.60975 -3.12107 1.84251e-63 1.01492e+12 0.000189739 0.000360768 8.01088e-23 5.8664e-11 167336 0 0 7.82996e-25 0 0 0.00496429 0 0 0 0 0 0 0 0 0 0 
0.198 0.921074 -2.37893 -4.31416 -1.60975 -3.12107 1.84251e-63 1.01492e+12 0.011878 0.0225848 8.01088e-23 3.67248e-09 1.37059e+06 0 0 7.82997e-25 0 0 0.00496417 0 0 0 0 0 1.13704e+20 0 0 0 0 
0.198409 0.977182 -2.32282 -4.31416 -1.53201 -3.17718 2.10298e-64 4.70083e+11 0.011878 0.0206572 8.01088e-23 1.55581e-09 2.56037e+06 0 0 7.82997e-25 0 0 0.00496417 0 0 0 0 0 1.1243e+20 0 0 0 0 
0.198752 1.09889 -2.20111 -4.31416 -1.39917 -3.29889 1.89742e-66 3.15706e+11 0.011878 0.019824 8.01088e-23 1.00273e-09 4.54447e+06 0 0 7.82996e-25 0 0 0.00496417 0 0 0 0 0 1.11775e+20 0 0 0 0 
0.199038 1.25267 -2.04733 -4.31416 -1.23858 -3.45267 4.95197e-69 2.47362e+11 0.011878 0.0193596 8.01088e-23 7.67257e-10 6.19586e+06 0 0 7.82996e-25 0 0 0.00496417 0 0 0 0 0 1.11374e+20 0 0 0 0 
0.199277 1.41751 -1.88249 -4.31416 -1.06886 -3.61751 8.42826e-72 2.07516e+11 0.011878 0.0190451 8.01088e-23 6.33206e-10 7.57258e+06 0 0 7.82996e-25 0 0 0.00496417 0 0 0 0 0 1.11086e+20 0 0 0 0 
0.199478 1.58062 -1.71938 -4.31416 -0.902783 -3.78062 1.53308e-74 1.86501e+11 0.011878 0.0188614 8.01088e-23 5.63593e-10 8.72146e+06 0 0 7.82997e-25 0 0 0.00496417 0 0 0 0 0 1.10911e+20 0 0 0 0 
0.199645 1.73467 -1.56533 -4.31416 -0.745241 -3.93467 3.95967e-77 1.64462e+11 0.011878 0.0186522 8.01088e-23 4.91481e-10 9.68058e+06 0 0 7.82999e-25 0 0 0.00496417 0 0 0 0 0 1.10706e+20 0 0 0 0 
0.199785 1.87581 -1.42419 -4.31416 -0.604252 -4.07581 1.68501e-79 1.65365e+11 0.011878 0.0186611 8.01088e-23 4.94415e-10 1.04819e+07 0 0 7.82999e-25 0 0 0.00496417 0 0 0 0 0 1.10715e+20 0 0 0 0 
0.199902 2.00245 -1.29755 -4.31416 -0.47054 -4.20245 1.2563e-81 1.28161e+11 0.011878 0.0182584 8.01088e-23 3.74912e-10 1.11508e+07 0 0 7.82999e-25 0 0 0.00496417 0 0 0 0 0 1.10298e+20 0 0 0 0 
0.2 2.11436 -1.18564 -4.31416 -0.3705 -4.31436 1.65631e-83 1.9654e+11 0.011878 0.0189509 8.01088e-23 5.96749e-10 1.143e+07 0 0 7.82999e-25 0 0 0.00496417 0 0 0 0 0 1.10997e+20 0 0 0 0 