# ASCII 1D datafile generated by TiberCAD
# x Ec Ev eQFermi hQFermi ElPotential eDensity hDensity eMobility hMobility eConductivity hConductivity ElField_x ElField_y ElField_z eCurrentDensity_x eCurrentDensity_y eCurrentDensity_z hCurrentDensity_x hCurrentDensity_y hCurrentDensity_z IonizedDonors IonizedAcceptors IonizedElectronTraps IonizedHoleTraps eNetRecombination eLangevinRecombination hNetRecombination hLangevinRecombination 
0 -0.85 -4.15 -2.77646 -3.54342 -1.35 7.08167e-08 1.84487e+14 0.0001195 0.000697985 8.01088e-23 2.06311e-08 90346.7 0 0 5.98152e-25 0 0 0.00186474 0 0 0 0 0 0 0 0 0 0 
9.79066e-05 -0.849115 -4.14912 -2.77646 -3.54253 -1.35088 6.84348e-08 1.84485e+14 0.0001195 0.000697984 8.01088e-23 2.06309e-08 90347.2 0 0 5.98152e-25 0 0 0.00186474 0 0 0 0 0 0 0 0 0 0 
0.000214985 -0.848058 -4.14806 -2.77646 -3.54147 -1.35194 6.56913e-08 1.84483e+14 0.0001195 0.000697984 8.01088e-23 2.06306e-08 90348.3 0 0 5.9815e-25 0 0 0.00186474 0 0 0 0 0 0 0 0 0 0 
0.000354988 -0.846793 -4.14679 -2.77646 -3.54021 -1.35321 6.25547e-08 1.8448e+14 0.000119501 0.000697985 8.01088e-23 2.06303e-08 90349.6 0 0 5.98149e-25 0 0 0.00186474 0 0 0 0 0 0 0 0 0 0 
0.000522406 -0.84528 -4.14528 -2.77646 -3.5387 -1.35472 5.89998e-08 1.84477e+14 0.000119501 0.000697985 8.01088e-23 2.063e-08 90351.2 0 0 5.9815e-25 0 0 0.00186474 0 0 0 0 0 0 0 0 0 0 
0.000722606 -0.843471 -4.14347 -2.77646 -3.53689 -1.35653 5.5013e-08 1.84473e+14 0.000119502 0.000697986 8.01088e-23 2.06295e-08 90353.1 0 0 5.98151e-25 0 0 0.00186474 0 0 0 0 0 0 0 0 0 0 
0.000962009 -0.841308 -4.14131 -2.77646 -3.53472 -1.35869 5.05975e-08 1.84468e+14 0.000119503 0.000697987 8.01088e-23 2.0629e-08 90355.4 0 0 5.98151e-25 0 0 0.00186474 0 0 0 0 0 0 0 0 0 0 
0.00124829 -0.838721 -4.13872 -2.77646 -3.53213 -1.36128 4.57801e-08 1.84462e+14 0.000119505 0.000697988 8.01088e-23 2.06284e-08 90358.2 0 0 5.9815e-25 0 0 0.00186474 0 0 0 0 0 0 0 0 0 0 
0.00159063 -0.835628 -4.13563 -2.77646 -3.52904 -1.36437 4.06176e-08 1.84455e+14 0.000119506 0.000697989 8.01088e-23 2.06276e-08 90361.4 0 0 5.9815e-25 0 0 0.00186474 0 0 0 0 0 0 0 0 0 0 
0.002 -0.831929 -4.13193 -2.77646 -3.52534 -1.36807 3.52025e-08 1.84447e+14 0.000119507 0.000697984 8.01088e-23 2.06266e-08 90363.4 0 0 5.9815e-25 0 0 0.00186474 0 0 0 0 0 0 0 0 0 0 
0.002 -0.831929 -4.13193 -2.77646 -3.52534 -1.36807 3.52025e-08 1.84447e+14 0.000119509 0.000697997 8.01088e-23 2.06269e-08 90367.7 0 0 5.9815e-25 0 0 0.00186474 0 0 0 0 0 0 0 0 0 0 
0.0025 -0.82741 -4.12741 -2.77646 -3.52082 -1.37259 2.95579e-08 1.84437e+14 0.00011951 0.000697991 8.01088e-23 2.06256e-08 90370.1 0 0 5.9815e-25 0 0 0.00186474 0 0 0 0 0 0 0 0 0 0 
0.003 -0.822892 -4.12289 -2.77646 -3.5163 -1.37711 2.48181e-08 1.84426e+14 0.000119512 0.000697993 8.01088e-23 2.06246e-08 90374.9 0 0 5.9815e-25 0 0 0.00186474 0 0 0 0 0 0 0 0 0 0 
0.0035 -0.818373 -4.11837 -2.77646 -3.51178 -1.38163 2.08381e-08 1.84416e+14 0.000119514 0.000697995 8.01088e-23 2.06235e-08 90379.6 0 0 5.9815e-25 0 0 0.00186474 0 0 0 0 0 0 0 0 0 0 
0.004 -0.813854 -4.11385 -2.77646 -3.50726 -1.38615 1.74963e-08 1.84406e+14 0.000119516 0.000697996 8.01088e-23 2.06224e-08 90384.4 0 0 5.9815e-25 0 0 0.00186474 0 0 0 0 0 0 0 0 0 0 
0.0045 -0.809335 -4.10933 -2.77646 -3.50273 -1.39067 1.46902e-08 1.84396e+14 0.000119518 0.000697998 8.01088e-23 2.06213e-08 90389.2 0 0 5.98151e-25 0 0 0.00186474 0 0 0 0 0 0 0 0 0 0 
0.005 -0.804815 -4.10481 -2.77646 -3.49821 -1.39519 1.23341e-08 1.84386e+14 0.00011952 0.000697999 8.01088e-23 2.06202e-08 90393.9 0 0 5.9815e-25 0 0 0.00186474 0 0 0 0 0 0 0 0 0 0 
0.0055 -0.800295 -4.1003 -2.77646 -3.49369 -1.3997 1.03557e-08 1.84376e+14 0.000119522 0.000698001 8.01088e-23 2.06191e-08 90398.7 0 0 5.9815e-25 0 0 0.00186474 0 0 0 0 0 0 0 0 0 0 
0.006 -0.795775 -4.09578 -2.77646 -3.48917 -1.40422 8.69464e-09 1.84366e+14 0.000119525 0.000698002 8.01088e-23 2.0618e-08 90403.5 0 0 5.9815e-25 0 0 0.00186474 0 0 0 0 0 0 0 0 0 0 
0.0065 -0.791255 -4.09125 -2.77646 -3.48465 -1.40875 7.29992e-09 1.84356e+14 0.000119527 0.000698004 8.01088e-23 2.0617e-08 90408.2 0 0 5.9815e-25 0 0 0.00186474 0 0 0 0 0 0 0 0 0 0 
0.007 -0.786734 -4.08673 -2.77646 -3.48013 -1.41327 6.12886e-09 1.84345e+14 0.000119529 0.000698005 8.01088e-23 2.06159e-08 90413 0 0 5.9815e-25 0 0 0.00186474 0 0 0 0 0 0 0 0 0 0 
0.0075 -0.782213 -4.08221 -2.77646 -3.4756 -1.41779 5.14562e-09 1.84335e+14 0.000119531 0.000698007 8.01088e-23 2.06148e-08 90417.8 0 0 5.9815e-25 0 0 0.00186474 0 0 0 0 0 0 0 0 0 0 
0.008 -0.777692 -4.07769 -2.77646 -3.47108 -1.42231 4.32008e-09 1.84325e+14 0.000119533 0.000698009 8.01088e-23 2.06137e-08 90422.5 0 0 5.9815e-25 0 0 0.00186474 0 0 0 0 0 0 0 0 0 0 
0.0085 -0.773171 -4.07317 -2.77646 -3.46656 -1.42683 3.62695e-09 1.84315e+14 0.000119536 0.00069801 8.01088e-23 2.06126e-08 90427.3 0 0 5.9815e-25 0 0 0.00186474 0 0 0 0 0 0 0 0 0 0 
0.009 -0.76865 -4.06865 -2.77646 -3.46203 -1.43135 3.045e-09 1.84305e+14 0.000119538 0.000698012 8.01088e-23 2.06115e-08 90432 0 0 5.9815e-25 0 0 0.00186474 0 0 0 0 0 0 0 0 0 0 
0.0095 -0.764128 -4.06413 -2.77646 -3.45751 -1.43587 2.5564e-09 1.84295e+14 0.00011954 0.000698013 8.01088e-23 2.06104e-08 90436.8 0 0 5.9815e-25 0 0 0.00186474 0 0 0 0 0 0 0 0 0 0 
0.01 -0.759606 -4.05961 -2.77646 -3.45299 -1.44039 2.14618e-09 1.84285e+14 0.000119542 0.000698015 8.01088e-23 2.06094e-08 90441.6 0 0 5.9815e-25 0 0 0.00186474 0 0 0 0 0 0 0 0 0 0 
0.0105 -0.755084 -4.05508 -2.77646 -3.44846 -1.44492 1.80177e-09 1.84275e+14 0.000119545 0.000698016 8.01088e-23 2.06083e-08 90446.3 0 0 5.9815e-25 0 0 0.00186474 0 0 0 0 0 0 0 0 0 0 
0.011 -0.750561 -4.05056 -2.77646 -3.44394 -1.44944 1.51262e-09 1.84265e+14 0.000119547 0.000698018 8.01088e-23 2.06072e-08 90451.1 0 0 5.9815e-25 0 0 0.00186474 0 0 0 0 0 0 0 0 0 0 
0.0115 -0.746039 -4.04604 -2.77646 -3.43941 -1.45396 1.26985e-09 1.84254e+14 0.000119549 0.00069802 8.01088e-23 2.06061e-08 90455.9 0 0 5.9815e-25 0 0 0.00186474 0 0 0 0 0 0 0 0 0 0 
0.012 -0.741516 -4.04152 -2.77646 -3.43489 -1.45848 1.06604e-09 1.84244e+14 0.000119552 0.000698021 8.01088e-23 2.0605e-08 90460.6 0 0 5.9815e-25 0 0 0.00186474 0 0 0 0 0 0 0 0 0 0 
0.0125 -0.736993 -4.03699 -2.77646 -3.43036 -1.46301 8.94937e-10 1.84234e+14 0.000119554 0.000698023 8.01088e-23 2.06039e-08 90465.4 0 0 5.9815e-25 0 0 0.00186474 0 0 0 0 0 0 0 0 0 0 
0.013 -0.732469 -4.03247 -2.77646 -3.42584 -1.46753 7.51286e-10 1.84224e+14 0.000119556 0.000698024 8.01088e-23 2.06029e-08 90470.2 0 0 5.9815e-25 0 0 0.00186474 0 0 0 0 0 0 0 0 0 0 
0.0135 -0.727946 -4.02795 -2.77646 -3.42131 -1.47205 6.30687e-10 1.84214e+14 0.000119559 0.000698026 8.01088e-23 2.06018e-08 90474.9 0 0 5.9815e-25 0 0 0.00186474 0 0 0 0 0 0 0 0 0 0 
0.014 -0.723422 -4.02342 -2.77646 -3.41679 -1.47658 5.29443e-10 1.84204e+14 0.000119561 0.000698028 8.01088e-23 2.06007e-08 90479.7 0 0 5.9815e-25 0 0 0.00186474 0 0 0 0 0 0 0 0 0 0 
0.0145 -0.718898 -4.0189 -2.77646 -3.41226 -1.4811 4.44447e-10 1.84194e+14 0.000119563 0.000698029 8.01088e-23 2.05996e-08 90484.4 0 0 5.9815e-25 0 0 0.00186474 0 0 0 0 0 0 0 0 0 0 
0.015 -0.714373 -4.01437 -2.77646 -3.40773 -1.48563 3.73092e-10 1.84184e+14 0.000119565 0.000698031 8.01088e-23 2.05985e-08 90489.2 0 0 5.9815e-25 0 0 0.00186474 0 0 0 0 0 0 0 0 0 0 
0.0155 -0.709849 -4.00985 -2.77646 -3.40321 -1.49015 3.13191e-10 1.84174e+14 0.000119568 0.000698032 8.01088e-23 2.05974e-08 90494 0 0 5.9815e-25 0 0 0.00186474 0 0 0 0 0 0 0 0 0 0 
0.016 -0.705324 -4.00532 -2.77646 -3.39868 -1.49468 2.62904e-10 1.84164e+14 0.00011957 0.000698034 8.01088e-23 2.05964e-08 90498.7 0 0 5.9815e-25 0 0 0.00186474 0 0 0 0 0 0 0 0 0 0 
0.0165 -0.700799 -4.0008 -2.77646 -3.39415 -1.4992 2.2069e-10 1.84153e+14 0.000119573 0.000698035 8.01088e-23 2.05953e-08 90503.5 0 0 5.9815e-25 0 0 0.00186474 0 0 0 0 0 0 0 0 0 0 
0.017 -0.696274 -3.99627 -2.77646 -3.38963 -1.50373 1.85252e-10 1.84143e+14 0.000119575 0.000698037 8.01088e-23 2.05942e-08 90508.2 0 0 5.9815e-25 0 0 0.00186474 0 0 0 0 0 0 0 0 0 0 
0.0175 -0.691748 -3.99175 -2.77646 -3.3851 -1.50825 1.55503e-10 1.84133e+14 0.000119577 0.000698039 8.01088e-23 2.05931e-08 90513 0 0 5.9815e-25 0 0 0.00186474 0 0 0 0 0 0 0 0 0 0 
0.018 -0.687222 -3.98722 -2.77646 -3.38057 -1.51278 1.3053e-10 1.84123e+14 0.00011958 0.00069804 8.01088e-23 2.0592e-08 90517.8 0 0 5.9815e-25 0 0 0.00186474 0 0 0 0 0 0 0 0 0 0 
0.0185 -0.682696 -3.9827 -2.77646 -3.37604 -1.5173 1.09567e-10 1.84113e+14 0.000119582 0.000698042 8.01088e-23 2.0591e-08 90522.5 0 0 5.9815e-25 0 0 0.00186474 0 0 0 0 0 0 0 0 0 0 
0.019 -0.67817 -3.97817 -2.77646 -3.37151 -1.52183 9.19695e-11 1.84103e+14 0.000119584 0.000698043 8.01088e-23 2.05899e-08 90527.3 0 0 5.9815e-25 0 0 0.00186474 0 0 0 0 0 0 0 0 0 0 
0.0195 -0.673644 -3.97364 -2.77646 -3.36699 -1.52636 7.71976e-11 1.84093e+14 0.000119587 0.000698045 8.01088e-23 2.05888e-08 90532 0 0 5.9815e-25 0 0 0.00186474 0 0 0 0 0 0 0 0 0 0 
0.02 -0.669117 -3.96912 -2.77646 -3.36246 -1.53088 6.47978e-11 1.84083e+14 0.000119589 0.000698047 8.01088e-23 2.05877e-08 90536.8 0 0 5.9815e-25 0 0 0.00186474 0 0 0 0 0 0 0 0 0 0 
0.0205 -0.66459 -3.96459 -2.77646 -3.35793 -1.53541 5.43891e-11 1.84073e+14 0.000119592 0.000698048 8.01088e-23 2.05866e-08 90541.6 0 0 5.9815e-25 0 0 0.00186474 0 0 0 0 0 0 0 0 0 0 
0.021 -0.660063 -3.96006 -2.77646 -3.3534 -1.53994 4.56521e-11 1.84063e+14 0.000119594 0.00069805 8.01088e-23 2.05856e-08 90546.3 0 0 5.9815e-25 0 0 0.00186474 0 0 0 0 0 0 0 0 0 0 
0.0215 -0.655535 -3.95554 -2.77646 -3.34887 -1.54446 3.83181e-11 1.84053e+14 0.000119596 0.000698051 8.01088e-23 2.05845e-08 90551.1 0 0 5.98151e-25 0 0 0.00186474 0 0 0 0 0 0 0 0 0 0 
0.022 -0.651008 -3.95101 -2.77646 -3.34434 -1.54899 3.21621e-11 1.84043e+14 0.000119599 0.000698053 8.01088e-23 2.05834e-08 90555.8 0 0 5.9815e-25 0 0 0.00186474 0 0 0 0 0 0 0 0 0 0 
0.0225 -0.64648 -3.94648 -2.77646 -3.33981 -1.55352 2.69948e-11 1.84032e+14 0.000119601 0.000698055 8.01088e-23 2.05823e-08 90560.6 0 0 5.9815e-25 0 0 0.00186474 0 0 0 0 0 0 0 0 0 0 
0.023 -0.641952 -3.94195 -2.77646 -3.33528 -1.55805 2.26575e-11 1.84022e+14 0.000119604 0.000698056 8.01088e-23 2.05812e-08 90565.3 0 0 5.9815e-25 0 0 0.00186474 0 0 0 0 0 0 0 0 0 0 
0.0235 -0.637423 -3.93742 -2.77646 -3.33075 -1.56258 1.90169e-11 1.84012e+14 0.000119606 0.000698058 8.01088e-23 2.05802e-08 90570.1 0 0 5.9815e-25 0 0 0.00186474 0 0 0 0 0 0 0 0 0 0 
0.024 -0.632895 -3.93289 -2.77646 -3.32622 -1.56711 1.59611e-11 1.84002e+14 0.000119608 0.000698059 8.01088e-23 2.05791e-08 90574.9 0 0 5.98151e-25 0 0 0.00186474 0 0 0 0 0 0 0 0 0 0 
0.0245 -0.628366 -3.92837 -2.77646 -3.32169 -1.57163 1.33963e-11 1.83992e+14 0.000119611 0.000698061 8.01088e-23 2.0578e-08 90579.6 0 0 5.9815e-25 0 0 0.00186474 0 0 0 0 0 0 0 0 0 0 
0.025 -0.623837 -3.92384 -2.77646 -3.31716 -1.57616 1.12434e-11 1.83982e+14 0.000119613 0.000698063 8.01088e-23 2.05769e-08 90584.4 0 0 5.9815e-25 0 0 0.00186474 0 0 0 0 0 0 0 0 0 0 
0.0255 -0.619307 -3.91931 -2.77646 -3.31263 -1.58069 9.4365e-12 1.83972e+14 0.000119616 0.000698064 8.01088e-23 2.05758e-08 90589.1 0 0 5.9815e-25 0 0 0.00186474 0 0 0 0 0 0 0 0 0 0 
0.026 -0.614778 -3.91478 -2.77646 -3.3081 -1.58522 7.91988e-12 1.83962e+14 0.000119618 0.000698066 8.01088e-23 2.05748e-08 90593.9 0 0 5.9815e-25 0 0 0.00186474 0 0 0 0 0 0 0 0 0 0 
0.0265 -0.610248 -3.91025 -2.77646 -3.30356 -1.58975 6.64695e-12 1.83952e+14 0.000119621 0.000698067 8.01088e-23 2.05737e-08 90598.6 0 0 5.98151e-25 0 0 0.00186474 0 0 0 0 0 0 0 0 0 0 
0.027 -0.605718 -3.90572 -2.77646 -3.29903 -1.59428 5.57856e-12 1.83942e+14 0.000119623 0.000698069 8.01088e-23 2.05726e-08 90603.4 0 0 5.98151e-25 0 0 0.00186474 0 0 0 0 0 0 0 0 0 0 
0.0275 -0.601188 -3.90119 -2.77646 -3.2945 -1.59881 4.68185e-12 1.83932e+14 0.000119625 0.000698071 8.01088e-23 2.05715e-08 90608.1 0 0 5.9815e-25 0 0 0.00186474 0 0 0 0 0 0 0 0 0 0 
0.028 -0.596657 -3.89666 -2.77646 -3.28997 -1.60334 3.92925e-12 1.83922e+14 0.000119628 0.000698072 8.01088e-23 2.05704e-08 90612.9 0 0 5.9815e-25 0 0 0.00186474 0 0 0 0 0 0 0 0 0 0 
0.0285 -0.592126 -3.89213 -2.77646 -3.28543 -1.60787 3.29759e-12 1.83912e+14 0.00011963 0.000698074 8.01088e-23 2.05694e-08 90617.7 0 0 5.9815e-25 0 0 0.00186474 0 0 0 0 0 0 0 0 0 0 
0.029 -0.587595 -3.8876 -2.77646 -3.2809 -1.6124 2.76745e-12 1.83902e+14 0.000119633 0.000698075 8.01088e-23 2.05683e-08 90622.4 0 0 5.9815e-25 0 0 0.00186474 0 0 0 0 0 0 0 0 0 0 
0.0295 -0.583064 -3.88306 -2.77646 -3.27637 -1.61694 2.32252e-12 1.83892e+14 0.000119635 0.000698077 8.01088e-23 2.05672e-08 90627.2 0 0 5.9815e-25 0 0 0.00186474 0 0 0 0 0 0 0 0 0 0 
0.03 -0.578533 -3.87853 -2.77646 -3.27183 -1.62147 1.94911e-12 1.83881e+14 0.000119638 0.000698079 8.01088e-23 2.05661e-08 90631.9 0 0 5.9815e-25 0 0 0.00186474 0 0 0 0 0 0 0 0 0 0 
0.0305 -0.574001 -3.874 -2.77646 -3.2673 -1.626 1.63571e-12 1.83871e+14 0.00011964 0.00069808 8.01088e-23 2.05651e-08 90636.7 0 0 5.9815e-25 0 0 0.00186474 0 0 0 0 0 0 0 0 0 0 
0.031 -0.569469 -3.86947 -2.77646 -3.26277 -1.63053 1.3727e-12 1.83861e+14 0.000119643 0.000698082 8.01088e-23 2.0564e-08 90641.4 0 0 5.9815e-25 0 0 0.00186474 0 0 0 0 0 0 0 0 0 0 
0.0315 -0.564937 -3.86494 -2.77646 -3.25823 -1.63506 1.15196e-12 1.83851e+14 0.000119645 0.000698084 8.01088e-23 2.05629e-08 90646.2 0 0 5.9815e-25 0 0 0.00186474 0 0 0 0 0 0 0 0 0 0 
0.032 -0.560404 -3.8604 -2.77646 -3.2537 -1.6396 9.66713e-13 1.83841e+14 0.000119647 0.000698085 8.01088e-23 2.05618e-08 90650.9 0 0 5.9815e-25 0 0 0.00186474 0 0 0 0 0 0 0 0 0 0 
0.0325 -0.555872 -3.85587 -2.77646 -3.24916 -1.64413 8.11246e-13 1.83831e+14 0.00011965 0.000698087 8.01088e-23 2.05607e-08 90655.7 0 0 5.9815e-25 0 0 0.00186474 0 0 0 0 0 0 0 0 0 0 
0.033 -0.551339 -3.85134 -2.77646 -3.24463 -1.64866 6.80776e-13 1.83821e+14 0.000119652 0.000698088 8.01088e-23 2.05597e-08 90660.4 0 0 5.9815e-25 0 0 0.00186474 0 0 0 0 0 0 0 0 0 0 
0.0335 -0.546806 -3.84681 -2.77646 -3.24009 -1.65319 5.71283e-13 1.83811e+14 0.000119655 0.00069809 8.01088e-23 2.05586e-08 90665.2 0 0 5.9815e-25 0 0 0.00186474 0 0 0 0 0 0 0 0 0 0 
0.034 -0.542272 -3.84227 -2.77646 -3.23556 -1.65773 4.79397e-13 1.83801e+14 0.000119657 0.000698092 8.01088e-23 2.05575e-08 90669.9 0 0 5.98151e-25 0 0 0.00186474 0 0 0 0 0 0 0 0 0 0 
0.0345 -0.537739 -3.83774 -2.77646 -3.23102 -1.66226 4.02285e-13 1.83791e+14 0.00011966 0.000698093 8.01088e-23 2.05564e-08 90674.7 0 0 5.9815e-25 0 0 0.00186474 0 0 0 0 0 0 0 0 0 0 
0.035 -0.533205 -3.8332 -2.77646 -3.22649 -1.6668 3.37575e-13 1.83781e+14 0.000119662 0.000698095 8.01088e-23 2.05554e-08 90679.4 0 0 5.9815e-25 0 0 0.00186474 0 0 0 0 0 0 0 0 0 0 
0.0355 -0.528671 -3.82867 -2.77646 -3.22195 -1.67133 2.8327e-13 1.83771e+14 0.000119665 0.000698097 8.01088e-23 2.05543e-08 90684.2 0 0 5.9815e-25 0 0 0.00186474 0 0 0 0 0 0 0 0 0 0 
0.036 -0.524136 -3.82414 -2.77646 -3.21742 -1.67586 2.377e-13 1.83761e+14 0.000119667 0.000698098 8.01088e-23 2.05532e-08 90688.9 0 0 5.9815e-25 0 0 0.00186474 0 0 0 0 0 0 0 0 0 0 
0.0365 -0.519602 -3.8196 -2.77646 -3.21288 -1.6804 1.99458e-13 1.83751e+14 0.00011967 0.0006981 8.01088e-23 2.05521e-08 90693.7 0 0 5.9815e-25 0 0 0.00186474 0 0 0 0 0 0 0 0 0 0 
0.037 -0.515067 -3.81507 -2.77646 -3.20834 -1.68493 1.67367e-13 1.83741e+14 0.000119672 0.000698101 8.01088e-23 2.05511e-08 90698.4 0 0 5.9815e-25 0 0 0.00186474 0 0 0 0 0 0 0 0 0 0 
0.0375 -0.510532 -3.81053 -2.77646 -3.20381 -1.68947 1.40439e-13 1.83731e+14 0.000119675 0.000698103 8.01088e-23 2.055e-08 90703.2 0 0 5.9815e-25 0 0 0.00186474 0 0 0 0 0 0 0 0 0 0 
0.038 -0.505997 -3.806 -2.77646 -3.19927 -1.694 1.17841e-13 1.83721e+14 0.000119677 0.000698105 8.01088e-23 2.05489e-08 90707.9 0 0 5.9815e-25 0 0 0.00186474 0 0 0 0 0 0 0 0 0 0 
0.0385 -0.501461 -3.80146 -2.77646 -3.19473 -1.69854 9.88792e-14 1.83711e+14 0.00011968 0.000698106 8.01088e-23 2.05478e-08 90712.7 0 0 5.9815e-25 0 0 0.00186474 0 0 0 0 0 0 0 0 0 0 
0.039 -0.496925 -3.79693 -2.77646 -3.19019 -1.70307 8.29676e-14 1.83701e+14 0.000119682 0.000698108 8.01088e-23 2.05468e-08 90717.4 0 0 5.9815e-25 0 0 0.00186474 0 0 0 0 0 0 0 0 0 0 
0.0395 -0.492389 -3.79239 -2.77646 -3.18565 -1.70761 6.96158e-14 1.83691e+14 0.000119685 0.00069811 8.01088e-23 2.05457e-08 90722.2 0 0 5.98151e-25 0 0 0.00186474 0 0 0 0 0 0 0 0 0 0 
0.04 -0.487853 -3.78785 -2.77646 -3.18112 -1.71215 5.84121e-14 1.83681e+14 0.000119687 0.000698111 8.01088e-23 2.05446e-08 90726.9 0 0 5.98151e-25 0 0 0.00186474 0 0 0 0 0 0 0 0 0 0 
0.0405 -0.483317 -3.78332 -2.77646 -3.17658 -1.71668 4.90111e-14 1.83671e+14 0.00011969 0.000698113 8.01088e-23 2.05435e-08 90731.7 0 0 5.98151e-25 0 0 0.00186474 0 0 0 0 0 0 0 0 0 0 
0.041 -0.47878 -3.77878 -2.77646 -3.17204 -1.72122 4.11227e-14 1.83661e+14 0.000119692 0.000698114 8.01088e-23 2.05425e-08 90736.4 0 0 5.9815e-25 0 0 0.00186474 0 0 0 0 0 0 0 0 0 0 
0.0415 -0.474243 -3.77424 -2.77646 -3.1675 -1.72576 3.45036e-14 1.8365e+14 0.000119695 0.000698116 8.01088e-23 2.05414e-08 90741.2 0 0 5.9815e-25 0 0 0.00186474 0 0 0 0 0 0 0 0 0 0 
0.042 -0.469706 -3.76971 -2.77646 -3.16296 -1.73029 2.89497e-14 1.8364e+14 0.000119697 0.000698118 8.01088e-23 2.05403e-08 90745.9 0 0 5.9815e-25 0 0 0.00186474 0 0 0 0 0 0 0 0 0 0 
0.0425 -0.465168 -3.76517 -2.77646 -3.15842 -1.73483 2.42895e-14 1.8363e+14 0.0001197 0.000698119 8.01088e-23 2.05393e-08 90750.7 0 0 5.9815e-25 0 0 0.00186474 0 0 0 0 0 0 0 0 0 0 
0.043 -0.460631 -3.76063 -2.77646 -3.15388 -1.73937 2.03794e-14 1.8362e+14 0.000119702 0.000698121 8.01088e-23 2.05382e-08 90755.4 0 0 5.9815e-25 0 0 0.00186474 0 0 0 0 0 0 0 0 0 0 
0.0435 -0.456093 -3.75609 -2.77646 -3.14934 -1.74391 1.70985e-14 1.8361e+14 0.000119705 0.000698123 8.01088e-23 2.05371e-08 90760.2 0 0 5.9815e-25 0 0 0.00186474 0 0 0 0 0 0 0 0 0 0 
0.044 -0.451555 -3.75155 -2.77646 -3.1448 -1.74845 1.43457e-14 1.836e+14 0.000119707 0.000698124 8.01088e-23 2.0536e-08 90764.9 0 0 5.9815e-25 0 0 0.00186474 0 0 0 0 0 0 0 0 0 0 
0.0445 -0.447016 -3.74702 -2.77646 -3.14026 -1.75298 1.2036e-14 1.8359e+14 0.00011971 0.000698126 8.01088e-23 2.0535e-08 90769.7 0 0 5.9815e-25 0 0 0.00186474 0 0 0 0 0 0 0 0 0 0 
0.045 -0.442478 -3.74248 -2.77646 -3.13572 -1.75752 1.0098e-14 1.8358e+14 0.000119712 0.000698128 8.01088e-23 2.05339e-08 90774.4 0 0 5.9815e-25 0 0 0.00186474 0 0 0 0 0 0 0 0 0 0 
0.0455 -0.437939 -3.73794 -2.77646 -3.13118 -1.76206 8.47202e-15 1.8357e+14 0.000119715 0.000698129 8.01088e-23 2.05328e-08 90779.1 0 0 5.98151e-25 0 0 0.00186474 0 0 0 0 0 0 0 0 0 0 
0.046 -0.4334 -3.7334 -2.77646 -3.12664 -1.7666 7.10779e-15 1.8356e+14 0.000119717 0.000698131 8.01088e-23 2.05317e-08 90783.9 0 0 5.9815e-25 0 0 0.00186474 0 0 0 0 0 0 0 0 0 0 
0.0465 -0.428861 -3.72886 -2.77646 -3.1221 -1.77114 5.96318e-15 1.8355e+14 0.000119719 0.000698133 8.01088e-23 2.05307e-08 90788.6 0 0 5.9815e-25 0 0 0.00186474 0 0 0 0 0 0 0 0 0 0 
0.047 -0.424321 -3.72432 -2.77646 -3.11756 -1.77568 5.00285e-15 1.8354e+14 0.000119722 0.000698134 8.01088e-23 2.05296e-08 90793.4 0 0 5.9815e-25 0 0 0.00186474 0 0 0 0 0 0 0 0 0 0 
0.0475 -0.419781 -3.71978 -2.77646 -3.11302 -1.78022 4.19713e-15 1.8353e+14 0.000119724 0.000698136 8.01088e-23 2.05285e-08 90798.1 0 0 5.9815e-25 0 0 0.00186474 0 0 0 0 0 0 0 0 0 0 
0.048 -0.415241 -3.71524 -2.77646 -3.10847 -1.78476 3.52114e-15 1.8352e+14 0.000119727 0.000698137 8.01088e-23 2.05275e-08 90802.9 0 0 5.9815e-25 0 0 0.00186474 0 0 0 0 0 0 0 0 0 0 
0.0485 -0.410701 -3.7107 -2.77646 -3.10393 -1.7893 2.954e-15 1.8351e+14 0.000119729 0.000698139 8.01088e-23 2.05264e-08 90807.6 0 0 5.9815e-25 0 0 0.00186474 0 0 0 0 0 0 0 0 0 0 
0.049 -0.40616 -3.70616 -2.77646 -3.09939 -1.79384 2.47819e-15 1.835e+14 0.000119732 0.000698141 8.01088e-23 2.05253e-08 90812.4 0 0 5.9815e-25 0 0 0.00186474 0 0 0 0 0 0 0 0 0 0 
0.0495 -0.40162 -3.70162 -2.77646 -3.09485 -1.79838 2.079e-15 1.8349e+14 0.000119735 0.000698142 8.01088e-23 2.05242e-08 90817.1 0 0 5.98151e-25 0 0 0.00186474 0 0 0 0 0 0 0 0 0 0 
0.05 -0.397079 -3.69708 -2.77646 -3.0903 -1.80292 1.74409e-15 1.8348e+14 0.000119737 0.000698144 8.01088e-23 2.05232e-08 90821.8 0 0 5.9815e-25 0 0 0.00186474 0 0 0 0 0 0 0 0 0 0 
0.0505 -0.392537 -3.69254 -2.77646 -3.08576 -1.80746 1.46312e-15 1.8347e+14 0.00011974 0.000698146 8.01088e-23 2.05221e-08 90826.6 0 0 5.9815e-25 0 0 0.00186474 0 0 0 0 0 0 0 0 0 0 
0.051 -0.387996 -3.688 -2.77646 -3.08122 -1.812 1.2274e-15 1.8346e+14 0.000119742 0.000698147 8.01088e-23 2.0521e-08 90831.3 0 0 5.9815e-25 0 0 0.00186474 0 0 0 0 0 0 0 0 0 0 
0.0515 -0.383454 -3.68345 -2.77646 -3.07667 -1.81655 1.02965e-15 1.8345e+14 0.000119745 0.000698149 8.01088e-23 2.052e-08 90836.1 0 0 5.9815e-25 0 0 0.00186474 0 0 0 0 0 0 0 0 0 0 
0.052 -0.378912 -3.67891 -2.77646 -3.07213 -1.82109 8.63755e-16 1.8344e+14 0.000119747 0.000698151 8.01088e-23 2.05189e-08 90840.8 0 0 5.9815e-25 0 0 0.00186474 0 0 0 0 0 0 0 0 0 0 
0.0525 -0.37437 -3.67437 -2.77646 -3.06759 -1.82563 7.2458e-16 1.8343e+14 0.00011975 0.000698152 8.01088e-23 2.05178e-08 90845.6 0 0 5.9815e-25 0 0 0.00186474 0 0 0 0 0 0 0 0 0 0 
0.053 -0.369828 -3.66983 -2.77646 -3.06304 -1.83017 6.07823e-16 1.8342e+14 0.000119752 0.000698154 8.01088e-23 2.05168e-08 90850.3 0 0 5.9815e-25 0 0 0.00186474 0 0 0 0 0 0 0 0 0 0 
0.0535 -0.365285 -3.66529 -2.77646 -3.0585 -1.83471 5.09876e-16 1.8341e+14 0.000119755 0.000698156 8.01088e-23 2.05157e-08 90855 0 0 5.9815e-25 0 0 0.00186474 0 0 0 0 0 0 0 0 0 0 
0.054 -0.360742 -3.66074 -2.77646 -3.05395 -1.83926 4.27709e-16 1.834e+14 0.000119757 0.000698157 8.01088e-23 2.05146e-08 90859.8 0 0 5.9815e-25 0 0 0.00186474 0 0 0 0 0 0 0 0 0 0 
0.0545 -0.356199 -3.6562 -2.77646 -3.04941 -1.8438 3.5878e-16 1.8339e+14 0.00011976 0.000698159 8.01088e-23 2.05136e-08 90864.5 0 0 5.9815e-25 0 0 0.00186474 0 0 0 0 0 0 0 0 0 0 
0.055 -0.351656 -3.65166 -2.77646 -3.04486 -1.84834 3.00956e-16 1.8338e+14 0.000119762 0.000698161 8.01088e-23 2.05125e-08 90869.3 0 0 5.98151e-25 0 0 0.00186474 0 0 0 0 0 0 0 0 0 0 
0.0555 -0.347112 -3.64711 -2.77646 -3.04032 -1.85289 2.5245e-16 1.8337e+14 0.000119765 0.000698162 8.01088e-23 2.05114e-08 90874 0 0 5.9815e-25 0 0 0.00186474 0 0 0 0 0 0 0 0 0 0 
0.056 -0.342569 -3.64257 -2.77646 -3.03577 -1.85743 2.11759e-16 1.8336e+14 0.000119767 0.000698164 8.01088e-23 2.05103e-08 90878.7 0 0 5.9815e-25 0 0 0.00186474 0 0 0 0 0 0 0 0 0 0 
0.0565 -0.338024 -3.63802 -2.77646 -3.03122 -1.86198 1.77626e-16 1.8335e+14 0.00011977 0.000698166 8.01088e-23 2.05093e-08 90883.5 0 0 5.9815e-25 0 0 0.00186474 0 0 0 0 0 0 0 0 0 0 
0.057 -0.33348 -3.63348 -2.77646 -3.02668 -1.86652 1.48993e-16 1.8334e+14 0.000119772 0.000698167 8.01088e-23 2.05082e-08 90888.2 0 0 5.9815e-25 0 0 0.00186474 0 0 0 0 0 0 0 0 0 0 
0.0575 -0.328936 -3.62894 -2.77646 -3.02213 -1.87106 1.24974e-16 1.8333e+14 0.000119775 0.000698169 8.01088e-23 2.05071e-08 90893 0 0 5.9815e-25 0 0 0.00186474 0 0 0 0 0 0 0 0 0 0 
0.058 -0.324391 -3.62439 -2.77646 -3.01759 -1.87561 1.04827e-16 1.8332e+14 0.000119777 0.000698171 8.01088e-23 2.05061e-08 90897.7 0 0 5.9815e-25 0 0 0.00186474 0 0 0 0 0 0 0 0 0 0 
0.0585 -0.319846 -3.61985 -2.77646 -3.01304 -1.88015 8.79265e-17 1.8331e+14 0.00011978 0.000698172 8.01088e-23 2.0505e-08 90902.4 0 0 5.98151e-25 0 0 0.00186474 0 0 0 0 0 0 0 0 0 0 
0.059 -0.315301 -3.6153 -2.77646 -3.00849 -1.8847 7.37502e-17 1.833e+14 0.000119782 0.000698174 8.01088e-23 2.05039e-08 90907.2 0 0 5.9815e-25 0 0 0.00186474 0 0 0 0 0 0 0 0 0 0 
0.0595 -0.310755 -3.61076 -2.77646 -3.00394 -1.88924 6.1859e-17 1.8329e+14 0.000119785 0.000698176 8.01088e-23 2.05029e-08 90911.9 0 0 5.9815e-25 0 0 0.00186474 0 0 0 0 0 0 0 0 0 0 
0.06 -0.306209 -3.60621 -2.77646 -2.9994 -1.89379 5.18846e-17 1.8328e+14 0.000119787 0.000698177 8.01088e-23 2.05018e-08 90916.7 0 0 5.9815e-25 0 0 0.00186474 0 0 0 0 0 0 0 0 0 0 
0.0605 -0.301663 -3.60166 -2.77646 -2.99485 -1.89834 4.35181e-17 1.8327e+14 0.00011979 0.000698179 8.01088e-23 2.05007e-08 90921.4 0 0 5.9815e-25 0 0 0.00186474 0 0 0 0 0 0 0 0 0 0 
0.061 -0.297117 -3.59712 -2.77646 -2.9903 -1.90288 3.65004e-17 1.8326e+14 0.000119792 0.000698181 8.01088e-23 2.04997e-08 90926.1 0 0 5.9815e-25 0 0 0.00186474 0 0 0 0 0 0 0 0 0 0 
0.0615 -0.292571 -3.59257 -2.77646 -2.98575 -1.90743 3.06141e-17 1.8325e+14 0.000119795 0.000698182 8.01088e-23 2.04986e-08 90930.9 0 0 5.9815e-25 0 0 0.00186474 0 0 0 0 0 0 0 0 0 0 
0.062 -0.288024 -3.58802 -2.77646 -2.9812 -1.91198 2.56768e-17 1.8324e+14 0.000119797 0.000698184 8.01088e-23 2.04975e-08 90935.6 0 0 5.98151e-25 0 0 0.00186474 0 0 0 0 0 0 0 0 0 0 
0.0625 -0.283477 -3.58348 -2.77646 -2.97665 -1.91652 2.15356e-17 1.8323e+14 0.0001198 0.000698186 8.01088e-23 2.04965e-08 90940.3 0 0 5.98151e-25 0 0 0.00186474 0 0 0 0 0 0 0 0 0 0 
0.063 -0.27893 -3.57893 -2.77646 -2.97211 -1.92107 1.80621e-17 1.8322e+14 0.000119802 0.000698188 8.01088e-23 2.04954e-08 90945.1 0 0 5.9815e-25 0 0 0.00186474 0 0 0 0 0 0 0 0 0 0 
0.0635 -0.274383 -3.57438 -2.77646 -2.96756 -1.92562 1.51487e-17 1.83211e+14 0.000119805 0.000698189 8.01088e-23 2.04943e-08 90949.8 0 0 5.9815e-25 0 0 0.00186474 0 0 0 0 0 0 0 0 0 0 
0.064 -0.269835 -3.56984 -2.77646 -2.96301 -1.93016 1.27052e-17 1.83201e+14 0.000119807 0.000698191 8.01088e-23 2.04933e-08 90954.5 0 0 5.9815e-25 0 0 0.00186474 0 0 0 0 0 0 0 0 0 0 
0.0645 -0.265287 -3.56529 -2.77646 -2.95846 -1.93471 1.06556e-17 1.83191e+14 0.00011981 0.000698193 8.01088e-23 2.04922e-08 90959.3 0 0 5.9815e-25 0 0 0.00186474 0 0 0 0 0 0 0 0 0 0 
0.065 -0.260739 -3.56074 -2.77646 -2.95391 -1.93926 8.93666e-18 1.83181e+14 0.000119812 0.000698194 8.01088e-23 2.04911e-08 90964 0 0 5.9815e-25 0 0 0.00186474 0 0 0 0 0 0 0 0 0 0 
0.0655 -0.256191 -3.55619 -2.77646 -2.94936 -1.94381 7.49492e-18 1.83171e+14 0.000119815 0.000698196 8.01088e-23 2.04901e-08 90968.8 0 0 5.9815e-25 0 0 0.00186474 0 0 0 0 0 0 0 0 0 0 
0.066 -0.251642 -3.55164 -2.77646 -2.94481 -1.94836 6.28572e-18 1.83161e+14 0.000119817 0.000698198 8.01088e-23 2.0489e-08 90973.5 0 0 5.98151e-25 0 0 0.00186474 0 0 0 0 0 0 0 0 0 0 
0.0665 -0.247094 -3.54709 -2.77646 -2.94026 -1.95291 5.27156e-18 1.83151e+14 0.00011982 0.000698199 8.01088e-23 2.04879e-08 90978.2 0 0 5.9815e-25 0 0 0.00186474 0 0 0 0 0 0 0 0 0 0 
0.067 -0.242545 -3.54254 -2.77646 -2.9357 -1.95746 4.42098e-18 1.83141e+14 0.000119822 0.000698201 8.01088e-23 2.04869e-08 90983 0 0 5.9815e-25 0 0 0.00186474 0 0 0 0 0 0 0 0 0 0 
0.0675 -0.237995 -3.538 -2.77646 -2.93115 -1.962 3.70761e-18 1.83131e+14 0.000119825 0.000698203 8.01088e-23 2.04858e-08 90987.7 0 0 5.9815e-25 0 0 0.00186474 0 0 0 0 0 0 0 0 0 0 
0.068 -0.233446 -3.53345 -2.77646 -2.9266 -1.96655 3.10933e-18 1.83121e+14 0.000119827 0.000698204 8.01088e-23 2.04848e-08 90992.4 0 0 5.9815e-25 0 0 0.00186474 0 0 0 0 0 0 0 0 0 0 
0.0685 -0.228896 -3.5289 -2.77646 -2.92205 -1.9711 2.60756e-18 1.83111e+14 0.00011983 0.000698206 8.01088e-23 2.04837e-08 90997.2 0 0 5.98151e-25 0 0 0.00186474 0 0 0 0 0 0 0 0 0 0 
0.069 -0.224346 -3.52435 -2.77646 -2.9175 -1.97565 2.18675e-18 1.83101e+14 0.000119832 0.000698208 8.01088e-23 2.04826e-08 91001.9 0 0 5.9815e-25 0 0 0.00186474 0 0 0 0 0 0 0 0 0 0 
0.0695 -0.219796 -3.5198 -2.77646 -2.91295 -1.9802 1.83383e-18 1.83091e+14 0.000119835 0.00069821 8.01088e-23 2.04816e-08 91006.6 0 0 5.9815e-25 0 0 0.00186474 0 0 0 0 0 0 0 0 0 0 
0.07 -0.215245 -3.51525 -2.77646 -2.90839 -1.98475 1.53785e-18 1.83081e+14 0.000119837 0.000698211 8.01088e-23 2.04805e-08 91011.4 0 0 5.9815e-25 0 0 0.00186474 0 0 0 0 0 0 0 0 0 0 
0.0705 -0.210695 -3.51069 -2.77646 -2.90384 -1.98931 1.28963e-18 1.83071e+14 0.00011984 0.000698213 8.01088e-23 2.04794e-08 91016.1 0 0 5.9815e-25 0 0 0.00186474 0 0 0 0 0 0 0 0 0 0 
0.071 -0.206144 -3.50614 -2.77646 -2.89929 -1.99386 1.08147e-18 1.83061e+14 0.000119842 0.000698215 8.01088e-23 2.04784e-08 91020.8 0 0 5.9815e-25 0 0 0.00186474 0 0 0 0 0 0 0 0 0 0 
0.0715 -0.201593 -3.50159 -2.77646 -2.89474 -1.99841 9.06898e-19 1.83051e+14 0.000119845 0.000698216 8.01088e-23 2.04773e-08 91025.6 0 0 5.9815e-25 0 0 0.00186474 0 0 0 0 0 0 0 0 0 0 
0.072 -0.197041 -3.49704 -2.77646 -2.89018 -2.00296 7.60499e-19 1.83041e+14 0.000119848 0.000698218 8.01088e-23 2.04762e-08 91030.3 0 0 5.98151e-25 0 0 0.00186474 0 0 0 0 0 0 0 0 0 0 
0.0725 -0.19249 -3.49249 -2.77646 -2.88563 -2.00751 6.37727e-19 1.83031e+14 0.00011985 0.00069822 8.01088e-23 2.04752e-08 91035 0 0 5.9815e-25 0 0 0.00186474 0 0 0 0 0 0 0 0 0 0 
0.073 -0.187938 -3.48794 -2.77646 -2.88108 -2.01206 5.3477e-19 1.83021e+14 0.000119853 0.000698221 8.01088e-23 2.04741e-08 91039.7 0 0 5.9815e-25 0 0 0.00186474 0 0 0 0 0 0 0 0 0 0 
0.0735 -0.183386 -3.48339 -2.77646 -2.87652 -2.01661 4.4843e-19 1.83011e+14 0.000119855 0.000698223 8.01088e-23 2.04731e-08 91044.5 0 0 5.9815e-25 0 0 0.00186474 0 0 0 0 0 0 0 0 0 0 
0.074 -0.178833 -3.47883 -2.77646 -2.87197 -2.02117 3.76027e-19 1.83001e+14 0.000119858 0.000698225 8.01088e-23 2.0472e-08 91049.2 0 0 5.9815e-25 0 0 0.00186474 0 0 0 0 0 0 0 0 0 0 
0.0745 -0.174281 -3.47428 -2.77646 -2.86741 -2.02572 3.15311e-19 1.82991e+14 0.00011986 0.000698227 8.01088e-23 2.04709e-08 91053.9 0 0 5.98151e-25 0 0 0.00186474 0 0 0 0 0 0 0 0 0 0 
0.075 -0.169728 -3.46973 -2.77646 -2.86286 -2.03027 2.64396e-19 1.82982e+14 0.000119863 0.000698228 8.01088e-23 2.04699e-08 91058.7 0 0 5.9815e-25 0 0 0.00186474 0 0 0 0 0 0 0 0 0 0 
0.0755 -0.165175 -3.46517 -2.77646 -2.8583 -2.03483 2.21701e-19 1.82972e+14 0.000119865 0.00069823 8.01088e-23 2.04688e-08 91063.4 0 0 5.9815e-25 0 0 0.00186474 0 0 0 0 0 0 0 0 0 0 
0.076 -0.160622 -3.46062 -2.77646 -2.85375 -2.03938 1.85899e-19 1.82962e+14 0.000119868 0.000698232 8.01088e-23 2.04677e-08 91068.1 0 0 5.9815e-25 0 0 0.00186474 0 0 0 0 0 0 0 0 0 0 
0.0765 -0.156068 -3.45607 -2.77646 -2.84919 -2.04393 1.55876e-19 1.82952e+14 0.00011987 0.000698233 8.01088e-23 2.04667e-08 91072.9 0 0 5.9815e-25 0 0 0.00186474 0 0 0 0 0 0 0 0 0 0 
0.077 -0.151514 -3.45151 -2.77646 -2.84464 -2.04849 1.30701e-19 1.82942e+14 0.000119873 0.000698235 8.01088e-23 2.04656e-08 91077.6 0 0 5.9815e-25 0 0 0.00186474 0 0 0 0 0 0 0 0 0 0 
0.0775 -0.14696 -3.44696 -2.77646 -2.84008 -2.05304 1.09592e-19 1.82932e+14 0.000119875 0.000698237 8.01088e-23 2.04646e-08 91082.3 0 0 5.9815e-25 0 0 0.00186474 0 0 0 0 0 0 0 0 0 0 
0.078 -0.142406 -3.44241 -2.77646 -2.83552 -2.05759 9.18902e-20 1.82922e+14 0.000119878 0.000698238 8.01088e-23 2.04635e-08 91087 0 0 5.98151e-25 0 0 0.00186474 0 0 0 0 0 0 0 0 0 0 
0.0785 -0.137852 -3.43785 -2.77646 -2.83097 -2.06215 7.70473e-20 1.82912e+14 0.00011988 0.00069824 8.01088e-23 2.04624e-08 91091.8 0 0 5.98151e-25 0 0 0.00186474 0 0 0 0 0 0 0 0 0 0 
0.079 -0.133297 -3.4333 -2.77646 -2.82641 -2.0667 6.46014e-20 1.82902e+14 0.000119883 0.000698242 8.01088e-23 2.04614e-08 91096.5 0 0 5.9815e-25 0 0 0.00186474 0 0 0 0 0 0 0 0 0 0 
0.0795 -0.128742 -3.42874 -2.77646 -2.82185 -2.07126 5.41655e-20 1.82892e+14 0.000119885 0.000698244 8.01088e-23 2.04603e-08 91101.2 0 0 5.9815e-25 0 0 0.00186474 0 0 0 0 0 0 0 0 0 0 
0.08 -0.124187 -3.42419 -2.77646 -2.8173 -2.07581 4.5415e-20 1.82882e+14 0.000119888 0.000698245 8.01088e-23 2.04593e-08 91106 0 0 5.9815e-25 0 0 0.00186474 0 0 0 0 0 0 0 0 0 0 
0.0805 -0.119631 -3.41963 -2.77646 -2.81274 -2.08037 3.80778e-20 1.82872e+14 0.00011989 0.000698247 8.01088e-23 2.04582e-08 91110.7 0 0 5.9815e-25 0 0 0.00186474 0 0 0 0 0 0 0 0 0 0 
0.081 -0.115076 -3.41508 -2.77646 -2.80818 -2.08492 3.19257e-20 1.82862e+14 0.000119893 0.000698249 8.01088e-23 2.04571e-08 91115.4 0 0 5.9815e-25 0 0 0.00186474 0 0 0 0 0 0 0 0 0 0 
0.0815 -0.11052 -3.41052 -2.77646 -2.80362 -2.08948 2.67673e-20 1.82852e+14 0.000119895 0.000698251 8.01088e-23 2.04561e-08 91120.1 0 0 5.98151e-25 0 0 0.00186474 0 0 0 0 0 0 0 0 0 0 
0.082 -0.105964 -3.40596 -2.77646 -2.79907 -2.09404 2.24422e-20 1.82842e+14 0.000119898 0.000698252 8.01088e-23 2.0455e-08 91124.9 0 0 5.98151e-25 0 0 0.00186474 0 0 0 0 0 0 0 0 0 0 
0.0825 -0.101407 -3.40141 -2.77646 -2.79451 -2.09859 1.88158e-20 1.82833e+14 0.0001199 0.000698254 8.01088e-23 2.0454e-08 91129.6 0 0 5.9815e-25 0 0 0.00186474 0 0 0 0 0 0 0 0 0 0 
0.083 -0.0968507 -3.39685 -2.77646 -2.78995 -2.10315 1.57752e-20 1.82823e+14 0.000119903 0.000698256 8.01088e-23 2.04529e-08 91134.3 0 0 5.9815e-25 0 0 0.00186474 0 0 0 0 0 0 0 0 0 0 
0.0835 -0.0922939 -3.39229 -2.77646 -2.78539 -2.10771 1.32258e-20 1.82813e+14 0.000119905 0.000698257 8.01088e-23 2.04518e-08 91139 0 0 5.9815e-25 0 0 0.00186474 0 0 0 0 0 0 0 0 0 0 
0.084 -0.0877368 -3.38774 -2.77646 -2.78083 -2.11226 1.10884e-20 1.82803e+14 0.000119908 0.000698259 8.01088e-23 2.04508e-08 91143.8 0 0 5.9815e-25 0 0 0.00186474 0 0 0 0 0 0 0 0 0 0 
0.0845 -0.0831795 -3.38318 -2.77646 -2.77627 -2.11682 9.29627e-21 1.82793e+14 0.000119911 0.000698261 8.01088e-23 2.04497e-08 91148.5 0 0 5.9815e-25 0 0 0.00186474 0 0 0 0 0 0 0 0 0 0 
0.085 -0.0786219 -3.37862 -2.77646 -2.77171 -2.12138 7.79373e-21 1.82783e+14 0.000119913 0.000698263 8.01088e-23 2.04487e-08 91153.2 0 0 5.98151e-25 0 0 0.00186474 0 0 0 0 0 0 0 0 0 0 
0.0855 -0.0740642 -3.37406 -2.77646 -2.76715 -2.12594 6.53399e-21 1.82773e+14 0.000119916 0.000698264 8.01088e-23 2.04476e-08 91157.9 0 0 5.9815e-25 0 0 0.00186474 0 0 0 0 0 0 0 0 0 0 
0.086 -0.0695062 -3.36951 -2.77646 -2.76259 -2.13049 5.47781e-21 1.82763e+14 0.000119918 0.000698266 8.01088e-23 2.04465e-08 91162.7 0 0 5.9815e-25 0 0 0.00186474 0 0 0 0 0 0 0 0 0 0 
0.0865 -0.0649479 -3.36495 -2.77646 -2.75803 -2.13505 4.59232e-21 1.82753e+14 0.000119921 0.000698268 8.01088e-23 2.04455e-08 91167.4 0 0 5.98151e-25 0 0 0.00186474 0 0 0 0 0 0 0 0 0 0 
0.087 -0.0603894 -3.36039 -2.77646 -2.75347 -2.13961 3.84993e-21 1.82743e+14 0.000119923 0.000698269 8.01088e-23 2.04444e-08 91172.1 0 0 5.9815e-25 0 0 0.00186474 0 0 0 0 0 0 0 0 0 0 
0.0875 -0.0558307 -3.35583 -2.77646 -2.74891 -2.14417 3.22753e-21 1.82733e+14 0.000119926 0.000698271 8.01088e-23 2.04434e-08 91176.8 0 0 5.9815e-25 0 0 0.00186474 0 0 0 0 0 0 0 0 0 0 
0.088 -0.0512717 -3.35127 -2.77646 -2.74435 -2.14873 2.70572e-21 1.82724e+14 0.000119928 0.000698273 8.01088e-23 2.04423e-08 91181.6 0 0 5.9815e-25 0 0 0.00186474 0 0 0 0 0 0 0 0 0 0 
0.0885 -0.0467125 -3.34671 -2.77646 -2.73979 -2.15329 2.26825e-21 1.82714e+14 0.000119931 0.000698275 8.01088e-23 2.04413e-08 91186.3 0 0 5.98151e-25 0 0 0.00186474 0 0 0 0 0 0 0 0 0 0 
0.089 -0.0421531 -3.34215 -2.77646 -2.73523 -2.15785 1.9015e-21 1.82704e+14 0.000119933 0.000698276 8.01088e-23 2.04402e-08 91191 0 0 5.9815e-25 0 0 0.00186474 0 0 0 0 0 0 0 0 0 0 
0.0895 -0.0375934 -3.33759 -2.77646 -2.73067 -2.16241 1.59403e-21 1.82694e+14 0.000119936 0.000698278 8.01088e-23 2.04391e-08 91195.7 0 0 5.9815e-25 0 0 0.00186474 0 0 0 0 0 0 0 0 0 0 
0.09 -0.0330335 -3.33303 -2.77646 -2.72611 -2.16697 1.33627e-21 1.82684e+14 0.000119938 0.00069828 8.01088e-23 2.04381e-08 91200.5 0 0 5.98151e-25 0 0 0.00186474 0 0 0 0 0 0 0 0 0 0 
0.0905 -0.0284734 -3.32847 -2.77646 -2.72154 -2.17153 1.12018e-21 1.82674e+14 0.000119941 0.000698282 8.01088e-23 2.0437e-08 91205.2 0 0 5.9815e-25 0 0 0.00186474 0 0 0 0 0 0 0 0 0 0 
0.091 -0.023913 -3.32391 -2.77646 -2.71698 -2.17609 9.39025e-22 1.82664e+14 0.000119943 0.000698283 8.01088e-23 2.0436e-08 91209.9 0 0 5.9815e-25 0 0 0.00186474 0 0 0 0 0 0 0 0 0 0 
0.0915 -0.0193524 -3.31935 -2.77646 -2.71242 -2.18065 7.87159e-22 1.82654e+14 0.000119946 0.000698285 8.01088e-23 2.04349e-08 91214.6 0 0 5.9815e-25 0 0 0.00186474 0 0 0 0 0 0 0 0 0 0 
0.092 -0.0147915 -3.31479 -2.77646 -2.70786 -2.18521 6.59847e-22 1.82644e+14 0.000119948 0.000698287 8.01088e-23 2.04339e-08 91219.3 0 0 5.9815e-25 0 0 0.00186474 0 0 0 0 0 0 0 0 0 0 
0.0925 -0.0102305 -3.31023 -2.77646 -2.70329 -2.18977 5.53122e-22 1.82634e+14 0.000119951 0.000698289 8.01088e-23 2.04328e-08 91224.1 0 0 5.9815e-25 0 0 0.00186474 0 0 0 0 0 0 0 0 0 0 
0.093 -0.00566914 -3.30567 -2.77646 -2.69873 -2.19433 4.63654e-22 1.82625e+14 0.000119953 0.00069829 8.01088e-23 2.04317e-08 91228.8 0 0 5.98151e-25 0 0 0.00186474 0 0 0 0 0 0 0 0 0 0 
0.0935 -0.00110758 -3.30111 -2.77646 -2.69417 -2.19889 3.88654e-22 1.82615e+14 0.000119956 0.000698292 8.01088e-23 2.04307e-08 91233.5 0 0 5.9815e-25 0 0 0.00186474 0 0 0 0 0 0 0 0 0 0 
0.094 0.00345421 -3.29655 -2.77646 -2.6896 -2.20345 3.25783e-22 1.82605e+14 0.000119958 0.000698294 8.01088e-23 2.04296e-08 91238.2 0 0 5.9815e-25 0 0 0.00186474 0 0 0 0 0 0 0 0 0 0 
0.0945 0.00801624 -3.29198 -2.77646 -2.68504 -2.20802 2.7308e-22 1.82595e+14 0.000119961 0.000698296 8.01088e-23 2.04286e-08 91243 0 0 5.9815e-25 0 0 0.00186474 0 0 0 0 0 0 0 0 0 0 
0.095 0.0125785 -3.28742 -2.77646 -2.68047 -2.21258 2.28901e-22 1.82585e+14 0.000119963 0.000698297 8.01088e-23 2.04275e-08 91247.7 0 0 5.9815e-25 0 0 0.00186474 0 0 0 0 0 0 0 0 0 0 
0.0955 0.017141 -3.28286 -2.77646 -2.67591 -2.21714 1.91867e-22 1.82575e+14 0.000119966 0.000698299 8.01088e-23 2.04265e-08 91252.4 0 0 5.9815e-25 0 0 0.00186474 0 0 0 0 0 0 0 0 0 0 
0.096 0.0217037 -3.2783 -2.77646 -2.67135 -2.2217 1.60824e-22 1.82565e+14 0.000119969 0.000698301 8.01088e-23 2.04254e-08 91257.1 0 0 5.9815e-25 0 0 0.00186474 0 0 0 0 0 0 0 0 0 0 
0.0965 0.0262667 -3.27373 -2.77646 -2.66678 -2.22627 1.34802e-22 1.82555e+14 0.000119971 0.000698303 8.01088e-23 2.04244e-08 91261.8 0 0 5.9815e-25 0 0 0.00186474 0 0 0 0 0 0 0 0 0 0 
0.097 0.0308299 -3.26917 -2.77646 -2.66222 -2.23083 1.12989e-22 1.82545e+14 0.000119974 0.000698304 8.01088e-23 2.04233e-08 91266.5 0 0 5.9815e-25 0 0 0.00186474 0 0 0 0 0 0 0 0 0 0 
0.0975 0.0353934 -3.26461 -2.77646 -2.65765 -2.23539 9.47055e-23 1.82536e+14 0.000119976 0.000698306 8.01088e-23 2.04222e-08 91271.3 0 0 5.98151e-25 0 0 0.00186474 0 0 0 0 0 0 0 0 0 0 
0.098 0.0399571 -3.26004 -2.77646 -2.65308 -2.23996 7.93796e-23 1.82526e+14 0.000119979 0.000698308 8.01088e-23 2.04212e-08 91276 0 0 5.9815e-25 0 0 0.00186474 0 0 0 0 0 0 0 0 0 0 
0.0985 0.044521 -3.25548 -2.77646 -2.64852 -2.24452 6.65332e-23 1.82516e+14 0.000119981 0.00069831 8.01088e-23 2.04201e-08 91280.7 0 0 5.9815e-25 0 0 0.00186474 0 0 0 0 0 0 0 0 0 0 
0.099 0.0490851 -3.25091 -2.77646 -2.64395 -2.24909 5.57653e-23 1.82506e+14 0.000119984 0.000698311 8.01088e-23 2.04191e-08 91285.4 0 0 5.9815e-25 0 0 0.00186474 0 0 0 0 0 0 0 0 0 0 
0.0995 0.0536495 -3.24635 -2.77646 -2.63939 -2.25365 4.67397e-23 1.82496e+14 0.000119986 0.000698313 8.01088e-23 2.0418e-08 91290.1 0 0 5.9815e-25 0 0 0.00186474 0 0 0 0 0 0 0 0 0 0 
0.1 0.0582141 -3.24179 -2.77646 -2.63482 -2.25821 3.91745e-23 1.82486e+14 0.000119989 0.000698315 8.01088e-23 2.0417e-08 91294.9 0 0 5.9815e-25 0 0 0.00186474 0 0 0 0 0 0 0 0 0 0 
0.1005 0.062779 -3.23722 -2.77646 -2.63025 -2.26278 3.28335e-23 1.82476e+14 0.000119991 0.000698317 8.01088e-23 2.04159e-08 91299.6 0 0 5.9815e-25 0 0 0.00186474 0 0 0 0 0 0 0 0 0 0 
0.101 0.0673441 -3.23266 -2.77646 -2.62569 -2.26734 2.75187e-23 1.82466e+14 0.000119994 0.000698318 8.01088e-23 2.04149e-08 91304.3 0 0 5.98151e-25 0 0 0.00186474 0 0 0 0 0 0 0 0 0 0 
0.1015 0.0719094 -3.22809 -2.77646 -2.62112 -2.27191 2.30639e-23 1.82456e+14 0.000119996 0.00069832 8.01088e-23 2.04138e-08 91309 0 0 5.9815e-25 0 0 0.00186474 0 0 0 0 0 0 0 0 0 0 
0.102 0.076475 -3.22353 -2.77646 -2.61655 -2.27647 1.93301e-23 1.82447e+14 0.000119999 0.000698322 8.01088e-23 2.04128e-08 91313.7 0 0 5.9815e-25 0 0 0.00186474 0 0 0 0 0 0 0 0 0 0 
0.1025 0.0810408 -3.21896 -2.77646 -2.61198 -2.28104 1.62007e-23 1.82437e+14 0.000120001 0.000698324 8.01088e-23 2.04117e-08 91318.4 0 0 5.9815e-25 0 0 0.00186474 0 0 0 0 0 0 0 0 0 0 
0.103 0.0856068 -3.21439 -2.77646 -2.60742 -2.28561 1.35777e-23 1.82427e+14 0.000120004 0.000698325 8.01088e-23 2.04107e-08 91323.2 0 0 5.9815e-25 0 0 0.00186474 0 0 0 0 0 0 0 0 0 0 
0.1035 0.0901731 -3.20983 -2.77646 -2.60285 -2.29017 1.13793e-23 1.82417e+14 0.000120006 0.000698327 8.01088e-23 2.04096e-08 91327.9 0 0 5.9815e-25 0 0 0.00186474 0 0 0 0 0 0 0 0 0 0 
0.104 0.0947396 -3.20526 -2.77646 -2.59828 -2.29474 9.53681e-24 1.82407e+14 0.000120009 0.000698329 8.01088e-23 2.04086e-08 91332.6 0 0 5.9815e-25 0 0 0.00186474 0 0 0 0 0 0 0 0 0 0 
0.1045 0.0993064 -3.20069 -2.77646 -2.59371 -2.29931 7.99255e-24 1.82397e+14 0.000120011 0.000698331 8.01088e-23 2.04075e-08 91337.3 0 0 5.98151e-25 0 0 0.00186474 0 0 0 0 0 0 0 0 0 0 
0.105 0.103873 -3.19613 -2.77646 -2.58914 -2.30387 6.69828e-24 1.82387e+14 0.000120014 0.000698332 8.01088e-23 2.04064e-08 91342 0 0 5.9815e-25 0 0 0.00186474 0 0 0 0 0 0 0 0 0 0 
0.1055 0.108441 -3.19156 -2.77646 -2.58457 -2.30844 5.61355e-24 1.82378e+14 0.000120016 0.000698334 8.01088e-23 2.04054e-08 91346.7 0 0 5.9815e-25 0 0 0.00186474 0 0 0 0 0 0 0 0 0 0 
0.106 0.113008 -3.18699 -2.77646 -2.58 -2.31301 4.70444e-24 1.82368e+14 0.000120019 0.000698336 8.01088e-23 2.04043e-08 91351.4 0 0 5.98151e-25 0 0 0.00186474 0 0 0 0 0 0 0 0 0 0 
0.1065 0.117576 -3.18242 -2.77646 -2.57543 -2.31758 3.94252e-24 1.82358e+14 0.000120021 0.000698338 8.01088e-23 2.04033e-08 91356.2 0 0 5.9815e-25 0 0 0.00186474 0 0 0 0 0 0 0 0 0 0 
0.107 0.122144 -3.17786 -2.77646 -2.57086 -2.32214 3.30397e-24 1.82348e+14 0.000120024 0.00069834 8.01088e-23 2.04022e-08 91360.9 0 0 5.9815e-25 0 0 0.00186474 0 0 0 0 0 0 0 0 0 0 
0.1075 0.126712 -3.17329 -2.77646 -2.56629 -2.32671 2.76882e-24 1.82338e+14 0.000120027 0.000698341 8.01088e-23 2.04012e-08 91365.6 0 0 5.9815e-25 0 0 0.00186474 0 0 0 0 0 0 0 0 0 0 
0.108 0.13128 -3.16872 -2.77646 -2.56172 -2.33128 2.32033e-24 1.82328e+14 0.000120029 0.000698343 8.01088e-23 2.04001e-08 91370.3 0 0 5.9815e-25 0 0 0.00186474 0 0 0 0 0 0 0 0 0 0 
0.1085 0.135849 -3.16415 -2.77646 -2.55715 -2.33585 1.94446e-24 1.82318e+14 0.000120032 0.000698345 8.01088e-23 2.03991e-08 91375 0 0 5.9815e-25 0 0 0.00186474 0 0 0 0 0 0 0 0 0 0 
0.109 0.140418 -3.15958 -2.77646 -2.55258 -2.34042 1.62947e-24 1.82309e+14 0.000120034 0.000698347 8.01088e-23 2.0398e-08 91379.7 0 0 5.9815e-25 0 0 0.00186474 0 0 0 0 0 0 0 0 0 0 
0.1095 0.144987 -3.15501 -2.77646 -2.54801 -2.34499 1.36549e-24 1.82299e+14 0.000120037 0.000698348 8.01088e-23 2.0397e-08 91384.4 0 0 5.9815e-25 0 0 0.00186474 0 0 0 0 0 0 0 0 0 0 
0.11 0.149556 -3.15044 -2.77646 -2.54344 -2.34956 1.14427e-24 1.82289e+14 0.000120039 0.00069835 8.01088e-23 2.03959e-08 91389.2 0 0 5.9815e-25 0 0 0.00186474 0 0 0 0 0 0 0 0 0 0 
0.1105 0.154126 -3.14587 -2.77646 -2.53887 -2.35413 9.58875e-25 1.82279e+14 0.000120042 0.000698352 8.01088e-23 2.03949e-08 91393.9 0 0 5.98151e-25 0 0 0.00186474 0 0 0 0 0 0 0 0 0 0 
0.111 0.158696 -3.1413 -2.77646 -2.5343 -2.3587 8.03513e-25 1.82269e+14 0.000120044 0.000698354 8.01088e-23 2.03938e-08 91398.6 0 0 5.98151e-25 0 0 0.00186474 0 0 0 0 0 0 0 0 0 0 
0.1115 0.163266 -3.13673 -2.77646 -2.52973 -2.36327 6.73317e-25 1.82259e+14 0.000120047 0.000698356 8.01088e-23 2.03928e-08 91403.3 0 0 5.98151e-25 0 0 0.00186474 0 0 0 0 0 0 0 0 0 0 
0.112 0.167836 -3.13216 -2.77646 -2.52515 -2.36784 5.64212e-25 1.82249e+14 0.000120049 0.000698357 8.01088e-23 2.03917e-08 91408 0 0 5.98151e-25 0 0 0.00186474 0 0 0 0 0 0 0 0 0 0 
0.1125 0.172406 -3.12759 -2.77646 -2.52058 -2.37241 4.72782e-25 1.8224e+14 0.000120052 0.000698359 8.01088e-23 2.03907e-08 91412.7 0 0 5.98151e-25 0 0 0.00186474 0 0 0 0 0 0 0 0 0 0 
0.113 0.176977 -3.12302 -2.77646 -2.51601 -2.37698 3.96165e-25 1.8223e+14 0.000120054 0.000698361 8.01088e-23 2.03896e-08 91417.4 0 0 5.98151e-25 0 0 0.00186474 0 0 0 0 0 0 0 0 0 0 
0.1135 0.181548 -3.11845 -2.77646 -2.51144 -2.38155 3.31961e-25 1.8222e+14 0.000120057 0.000698363 8.01088e-23 2.03886e-08 91422.1 0 0 5.98151e-25 0 0 0.00186474 0 0 0 0 0 0 0 0 0 0 
0.114 0.186119 -3.11388 -2.77646 -2.50686 -2.38612 2.78159e-25 1.8221e+14 0.000120059 0.000698364 8.01088e-23 2.03875e-08 91426.8 0 0 5.9815e-25 0 0 0.00186474 0 0 0 0 0 0 0 0 0 0 
0.1145 0.190691 -3.10931 -2.77646 -2.50229 -2.39069 2.33075e-25 1.822e+14 0.000120062 0.000698366 8.01088e-23 2.03865e-08 91431.6 0 0 5.9815e-25 0 0 0.00186474 0 0 0 0 0 0 0 0 0 0 
0.115 0.195263 -3.10474 -2.77646 -2.49771 -2.39526 1.95297e-25 1.8219e+14 0.000120064 0.000698368 8.01088e-23 2.03854e-08 91436.3 0 0 5.98151e-25 0 0 0.00186474 0 0 0 0 0 0 0 0 0 0 
0.1155 0.199834 -3.10017 -2.77646 -2.49314 -2.39983 1.6364e-25 1.82181e+14 0.000120067 0.00069837 8.01088e-23 2.03844e-08 91441 0 0 5.98151e-25 0 0 0.00186474 0 0 0 0 0 0 0 0 0 0 
0.116 0.204407 -3.09559 -2.77646 -2.48857 -2.40441 1.37114e-25 1.82171e+14 0.000120069 0.000698372 8.01088e-23 2.03833e-08 91445.7 0 0 5.9815e-25 0 0 0.00186474 0 0 0 0 0 0 0 0 0 0 
0.1165 0.208979 -3.09102 -2.77646 -2.48399 -2.40898 1.14886e-25 1.82161e+14 0.000120072 0.000698373 8.01088e-23 2.03823e-08 91450.4 0 0 5.9815e-25 0 0 0.00186474 0 0 0 0 0 0 0 0 0 0 
0.117 0.213552 -3.08645 -2.77646 -2.47942 -2.41355 9.62613e-26 1.82151e+14 0.000120075 0.000698375 8.01088e-23 2.03812e-08 91455.1 0 0 5.98151e-25 0 0 0.00186474 0 0 0 0 0 0 0 0 0 0 
0.1175 0.218125 -3.08188 -2.77646 -2.47484 -2.41812 8.0655e-26 1.82141e+14 0.000120077 0.000698377 8.01088e-23 2.03802e-08 91459.8 0 0 5.98151e-25 0 0 0.00186474 0 0 0 0 0 0 0 0 0 0 
0.118 0.222698 -3.0773 -2.77646 -2.47027 -2.4227 6.75782e-26 1.82131e+14 0.00012008 0.000698379 8.01088e-23 2.03792e-08 91464.5 0 0 5.9815e-25 0 0 0.00186474 0 0 0 0 0 0 0 0 0 0 
0.1185 0.227271 -3.07273 -2.77646 -2.46569 -2.42727 5.6621e-26 1.82122e+14 0.000120082 0.000698381 8.01088e-23 2.03781e-08 91469.2 0 0 5.9815e-25 0 0 0.00186474 0 0 0 0 0 0 0 0 0 0 
0.119 0.231845 -3.06816 -2.77646 -2.46112 -2.43184 4.744e-26 1.82112e+14 0.000120085 0.000698382 8.01088e-23 2.03771e-08 91473.9 0 0 5.98151e-25 0 0 0.00186474 0 0 0 0 0 0 0 0 0 0 
0.1195 0.236418 -3.06358 -2.77646 -2.45654 -2.43642 3.97474e-26 1.82102e+14 0.000120087 0.000698384 8.01088e-23 2.0376e-08 91478.6 0 0 5.9815e-25 0 0 0.00186474 0 0 0 0 0 0 0 0 0 0 
0.12 0.240992 -3.05901 -2.77646 -2.45197 -2.44099 3.33018e-26 1.82092e+14 0.00012009 0.000698386 8.01088e-23 2.0375e-08 91483.3 0 0 5.9815e-25 0 0 0.00186474 0 0 0 0 0 0 0 0 0 0 
0.1205 0.245567 -3.05443 -2.77646 -2.44739 -2.44557 2.79012e-26 1.82082e+14 0.000120092 0.000698388 8.01088e-23 2.03739e-08 91488.1 0 0 5.9815e-25 0 0 0.00186474 0 0 0 0 0 0 0 0 0 0 
0.121 0.250141 -3.04986 -2.77646 -2.44281 -2.45014 2.33763e-26 1.82072e+14 0.000120095 0.00069839 8.01088e-23 2.03729e-08 91492.8 0 0 5.9815e-25 0 0 0.00186474 0 0 0 0 0 0 0 0 0 0 
0.1215 0.254716 -3.04528 -2.77646 -2.43824 -2.45472 1.9585e-26 1.82063e+14 0.000120097 0.000698391 8.01088e-23 2.03718e-08 91497.5 0 0 5.98151e-25 0 0 0.00186474 0 0 0 0 0 0 0 0 0 0 
0.122 0.259291 -3.04071 -2.77646 -2.43366 -2.45929 1.64084e-26 1.82053e+14 0.0001201 0.000698393 8.01088e-23 2.03708e-08 91502.2 0 0 5.9815e-25 0 0 0.00186474 0 0 0 0 0 0 0 0 0 0 
0.1225 0.263866 -3.03613 -2.77646 -2.42908 -2.46387 1.37469e-26 1.82043e+14 0.000120102 0.000698395 8.01088e-23 2.03697e-08 91506.9 0 0 5.9815e-25 0 0 0.00186474 0 0 0 0 0 0 0 0 0 0 
0.123 0.268442 -3.03156 -2.77646 -2.42451 -2.46844 1.15171e-26 1.82033e+14 0.000120105 0.000698397 8.01088e-23 2.03687e-08 91511.6 0 0 5.98151e-25 0 0 0.00186474 0 0 0 0 0 0 0 0 0 0 
0.1235 0.273017 -3.02698 -2.77646 -2.41993 -2.47302 9.6488e-27 1.82023e+14 0.000120107 0.000698399 8.01088e-23 2.03676e-08 91516.3 0 0 5.9815e-25 0 0 0.00186474 0 0 0 0 0 0 0 0 0 0 
0.124 0.277593 -3.02241 -2.77646 -2.41535 -2.47759 8.08353e-27 1.82013e+14 0.00012011 0.0006984 8.01088e-23 2.03666e-08 91521 0 0 5.9815e-25 0 0 0.00186474 0 0 0 0 0 0 0 0 0 0 
0.1245 0.282169 -3.01783 -2.77646 -2.41077 -2.48217 6.77213e-27 1.82004e+14 0.000120112 0.000698402 8.01088e-23 2.03655e-08 91525.7 0 0 5.9815e-25 0 0 0.00186474 0 0 0 0 0 0 0 0 0 0 
0.125 0.286746 -3.01325 -2.77646 -2.40619 -2.48675 5.67342e-27 1.81994e+14 0.000120115 0.000698404 8.01088e-23 2.03645e-08 91530.4 0 0 5.9815e-25 0 0 0.00186474 0 0 0 0 0 0 0 0 0 0 
0.1255 0.291322 -3.00868 -2.77646 -2.40162 -2.49132 4.75292e-27 1.81984e+14 0.000120117 0.000698406 8.01088e-23 2.03635e-08 91535.1 0 0 5.98151e-25 0 0 0.00186474 0 0 0 0 0 0 0 0 0 0 
0.126 0.295899 -3.0041 -2.77646 -2.39704 -2.4959 3.98174e-27 1.81974e+14 0.00012012 0.000698408 8.01088e-23 2.03624e-08 91539.8 0 0 5.9815e-25 0 0 0.00186474 0 0 0 0 0 0 0 0 0 0 
0.1265 0.300476 -2.99952 -2.77646 -2.39246 -2.50048 3.33565e-27 1.81964e+14 0.000120122 0.000698409 8.01088e-23 2.03614e-08 91544.5 0 0 5.9815e-25 0 0 0.00186474 0 0 0 0 0 0 0 0 0 0 
0.127 0.305054 -2.99495 -2.77646 -2.38788 -2.50505 2.79438e-27 1.81955e+14 0.000120125 0.000698411 8.01088e-23 2.03603e-08 91549.2 0 0 5.9815e-25 0 0 0.00186474 0 0 0 0 0 0 0 0 0 0 
0.1275 0.309631 -2.99037 -2.77646 -2.3833 -2.50963 2.34091e-27 1.81945e+14 0.000120128 0.000698413 8.01088e-23 2.03593e-08 91553.9 0 0 5.9815e-25 0 0 0.00186474 0 0 0 0 0 0 0 0 0 0 
0.128 0.314209 -2.98579 -2.77646 -2.37872 -2.51421 1.96102e-27 1.81935e+14 0.00012013 0.000698415 8.01088e-23 2.03582e-08 91558.6 0 0 5.9815e-25 0 0 0.00186474 0 0 0 0 0 0 0 0 0 0 
0.1285 0.318787 -2.98121 -2.77646 -2.37414 -2.51879 1.64276e-27 1.81925e+14 0.000120133 0.000698417 8.01088e-23 2.03572e-08 91563.3 0 0 5.98151e-25 0 0 0.00186474 0 0 0 0 0 0 0 0 0 0 
0.129 0.323366 -2.97663 -2.77646 -2.36956 -2.52337 1.37614e-27 1.81915e+14 0.000120135 0.000698418 8.01088e-23 2.03561e-08 91568 0 0 5.9815e-25 0 0 0.00186474 0 0 0 0 0 0 0 0 0 0 
0.1295 0.327944 -2.97206 -2.77646 -2.36498 -2.52794 1.15278e-27 1.81906e+14 0.000120138 0.00069842 8.01088e-23 2.03551e-08 91572.7 0 0 5.9815e-25 0 0 0.00186474 0 0 0 0 0 0 0 0 0 0 
0.13 0.332523 -2.96748 -2.77646 -2.3604 -2.53252 9.65666e-28 1.81896e+14 0.00012014 0.000698422 8.01088e-23 2.03541e-08 91577.4 0 0 5.9815e-25 0 0 0.00186474 0 0 0 0 0 0 0 0 0 0 
0.1305 0.337102 -2.9629 -2.77646 -2.35582 -2.5371 8.08916e-28 1.81886e+14 0.000120143 0.000698424 8.01088e-23 2.0353e-08 91582.1 0 0 5.98151e-25 0 0 0.00186474 0 0 0 0 0 0 0 0 0 0 
0.131 0.341681 -2.95832 -2.77646 -2.35124 -2.54168 6.77604e-28 1.81876e+14 0.000120145 0.000698426 8.01088e-23 2.0352e-08 91586.8 0 0 5.98151e-25 0 0 0.00186474 0 0 0 0 0 0 0 0 0 0 
0.1315 0.34626 -2.95374 -2.77646 -2.34665 -2.54626 5.67603e-28 1.81866e+14 0.000120148 0.000698428 8.01088e-23 2.03509e-08 91591.5 0 0 5.9815e-25 0 0 0.00186474 0 0 0 0 0 0 0 0 0 0 
0.132 0.35084 -2.94916 -2.77646 -2.34207 -2.55084 4.75455e-28 1.81857e+14 0.00012015 0.000698429 8.01088e-23 2.03499e-08 91596.2 0 0 5.9815e-25 0 0 0.00186474 0 0 0 0 0 0 0 0 0 0 
0.1325 0.35542 -2.94458 -2.77646 -2.33749 -2.55542 3.98263e-28 1.81847e+14 0.000120153 0.000698431 8.01088e-23 2.03488e-08 91600.9 0 0 5.9815e-25 0 0 0.00186474 0 0 0 0 0 0 0 0 0 0 
0.133 0.36 -2.94 -2.77646 -2.33291 -2.56 3.336e-28 1.81837e+14 0.000120155 0.000698433 8.01088e-23 2.03478e-08 91605.6 0 0 5.9815e-25 0 0 0.00186474 0 0 0 0 0 0 0 0 0 0 
0.1335 0.364581 -2.93542 -2.77646 -2.32833 -2.56458 2.79434e-28 1.81827e+14 0.000120158 0.000698435 8.01088e-23 2.03467e-08 91610.3 0 0 5.98151e-25 0 0 0.00186474 0 0 0 0 0 0 0 0 0 0 
0.134 0.369161 -2.93084 -2.77646 -2.32374 -2.56916 2.3406e-28 1.81817e+14 0.00012016 0.000698437 8.01088e-23 2.03457e-08 91615 0 0 5.9815e-25 0 0 0.00186474 0 0 0 0 0 0 0 0 0 0 
0.1345 0.373742 -2.92626 -2.77646 -2.31916 -2.57374 1.96053e-28 1.81808e+14 0.000120163 0.000698439 8.01088e-23 2.03447e-08 91619.7 0 0 5.9815e-25 0 0 0.00186474 0 0 0 0 0 0 0 0 0 0 
0.135 0.378323 -2.92168 -2.77646 -2.31458 -2.57832 1.64215e-28 1.81798e+14 0.000120165 0.00069844 8.01088e-23 2.03436e-08 91624.4 0 0 5.98151e-25 0 0 0.00186474 0 0 0 0 0 0 0 0 0 0 
0.1355 0.382905 -2.9171 -2.77646 -2.31 -2.5829 1.37547e-28 1.81788e+14 0.000120168 0.000698442 8.01088e-23 2.03426e-08 91629.1 0 0 5.9815e-25 0 0 0.00186474 0 0 0 0 0 0 0 0 0 0 
0.136 0.387486 -2.91251 -2.77646 -2.30541 -2.58749 1.15208e-28 1.81778e+14 0.00012017 0.000698444 8.01088e-23 2.03415e-08 91633.8 0 0 5.9815e-25 0 0 0.00186474 0 0 0 0 0 0 0 0 0 0 
0.1365 0.392068 -2.90793 -2.77646 -2.30083 -2.59207 9.64968e-29 1.81768e+14 0.000120173 0.000698446 8.01088e-23 2.03405e-08 91638.5 0 0 5.98151e-25 0 0 0.00186474 0 0 0 0 0 0 0 0 0 0 
0.137 0.39665 -2.90335 -2.77646 -2.29624 -2.59665 8.08236e-29 1.81759e+14 0.000120176 0.000698448 8.01088e-23 2.03395e-08 91643.2 0 0 5.9815e-25 0 0 0.00186474 0 0 0 0 0 0 0 0 0 0 
0.1375 0.401232 -2.89877 -2.77646 -2.29166 -2.60123 6.76954e-29 1.81749e+14 0.000120178 0.000698449 8.01088e-23 2.03384e-08 91647.9 0 0 5.9815e-25 0 0 0.00186474 0 0 0 0 0 0 0 0 0 0 
0.138 0.405815 -2.89419 -2.77646 -2.28708 -2.60581 5.66991e-29 1.81739e+14 0.000120181 0.000698451 8.01088e-23 2.03374e-08 91652.6 0 0 5.98151e-25 0 0 0.00186474 0 0 0 0 0 0 0 0 0 0 
0.1385 0.410398 -2.8896 -2.77646 -2.28249 -2.6104 4.74886e-29 1.81729e+14 0.000120183 0.000698453 8.01088e-23 2.03363e-08 91657.3 0 0 5.98151e-25 0 0 0.00186474 0 0 0 0 0 0 0 0 0 0 
0.139 0.414981 -2.88502 -2.77646 -2.27791 -2.61498 3.9774e-29 1.8172e+14 0.000120186 0.000698455 8.01088e-23 2.03353e-08 91662 0 0 5.9815e-25 0 0 0.00186474 0 0 0 0 0 0 0 0 0 0 
0.1395 0.419564 -2.88044 -2.77646 -2.27332 -2.61956 3.33123e-29 1.8171e+14 0.000120188 0.000698457 8.01088e-23 2.03342e-08 91666.7 0 0 5.9815e-25 0 0 0.00186474 0 0 0 0 0 0 0 0 0 0 
0.14 0.424147 -2.87585 -2.77646 -2.26874 -2.62415 2.79001e-29 1.817e+14 0.000120191 0.000698459 8.01088e-23 2.03332e-08 91671.4 0 0 5.9815e-25 0 0 0.00186474 0 0 0 0 0 0 0 0 0 0 
0.1405 0.428731 -2.87127 -2.77646 -2.26415 -2.62873 2.3367e-29 1.8169e+14 0.000120193 0.000698461 8.01088e-23 2.03322e-08 91676.1 0 0 5.9815e-25 0 0 0.00186474 0 0 0 0 0 0 0 0 0 0 
0.141 0.433315 -2.86669 -2.77646 -2.25956 -2.63331 1.95703e-29 1.8168e+14 0.000120196 0.000698462 8.01088e-23 2.03311e-08 91680.8 0 0 5.98151e-25 0 0 0.00186474 0 0 0 0 0 0 0 0 0 0 
0.1415 0.437899 -2.8621 -2.77646 -2.25498 -2.6379 1.63903e-29 1.81671e+14 0.000120198 0.000698464 8.01088e-23 2.03301e-08 91685.5 0 0 5.98151e-25 0 0 0.00186474 0 0 0 0 0 0 0 0 0 0 
0.142 0.442483 -2.85752 -2.77646 -2.25039 -2.64248 1.37269e-29 1.81661e+14 0.000120201 0.000698466 8.01088e-23 2.0329e-08 91690.2 0 0 5.9815e-25 0 0 0.00186474 0 0 0 0 0 0 0 0 0 0 
0.1425 0.447068 -2.85293 -2.77646 -2.24581 -2.64707 1.14962e-29 1.81651e+14 0.000120203 0.000698468 8.01088e-23 2.0328e-08 91694.9 0 0 5.9815e-25 0 0 0.00186474 0 0 0 0 0 0 0 0 0 0 
0.143 0.451653 -2.84835 -2.77646 -2.24122 -2.65165 9.6279e-30 1.81641e+14 0.000120206 0.00069847 8.01088e-23 2.0327e-08 91699.6 0 0 5.9815e-25 0 0 0.00186474 0 0 0 0 0 0 0 0 0 0 
0.1435 0.456238 -2.84376 -2.77646 -2.23663 -2.65624 8.06317e-30 1.81632e+14 0.000120208 0.000698472 8.01088e-23 2.03259e-08 91704.3 0 0 5.9815e-25 0 0 0.00186474 0 0 0 0 0 0 0 0 0 0 
0.144 0.460823 -2.83918 -2.77646 -2.23204 -2.66082 6.75267e-30 1.81622e+14 0.000120211 0.000698473 8.01088e-23 2.03249e-08 91709 0 0 5.9815e-25 0 0 0.00186474 0 0 0 0 0 0 0 0 0 0 
0.1445 0.465409 -2.83459 -2.77646 -2.22746 -2.66541 5.65512e-30 1.81612e+14 0.000120213 0.000698475 8.01088e-23 2.03239e-08 91713.7 0 0 5.9815e-25 0 0 0.00186474 0 0 0 0 0 0 0 0 0 0 
0.145 0.469995 -2.83001 -2.77646 -2.22287 -2.66999 4.73591e-30 1.81602e+14 0.000120216 0.000698477 8.01088e-23 2.03228e-08 91718.4 0 0 5.98151e-25 0 0 0.00186474 0 0 0 0 0 0 0 0 0 0 
0.1455 0.474581 -2.82542 -2.77646 -2.21828 -2.67458 3.96608e-30 1.81593e+14 0.000120218 0.000698479 8.01088e-23 2.03218e-08 91723.1 0 0 5.98151e-25 0 0 0.00186474 0 0 0 0 0 0 0 0 0 0 
0.146 0.479167 -2.82083 -2.77646 -2.21369 -2.67917 3.32136e-30 1.81583e+14 0.000120221 0.000698481 8.01088e-23 2.03207e-08 91727.8 0 0 5.9815e-25 0 0 0.00186474 0 0 0 0 0 0 0 0 0 0 
0.1465 0.483754 -2.81625 -2.77646 -2.2091 -2.68375 2.78142e-30 1.81573e+14 0.000120224 0.000698483 8.01088e-23 2.03197e-08 91732.5 0 0 5.9815e-25 0 0 0.00186474 0 0 0 0 0 0 0 0 0 0 
0.147 0.48834 -2.81166 -2.77646 -2.20452 -2.68834 2.32923e-30 1.81563e+14 0.000120226 0.000698484 8.01088e-23 2.03187e-08 91737.2 0 0 5.98151e-25 0 0 0.00186474 0 0 0 0 0 0 0 0 0 0 
0.1475 0.492927 -2.80707 -2.77646 -2.19993 -2.69293 1.95054e-30 1.81553e+14 0.000120229 0.000698486 8.01088e-23 2.03176e-08 91741.9 0 0 5.98151e-25 0 0 0.00186474 0 0 0 0 0 0 0 0 0 0 
0.148 0.497514 -2.80249 -2.77646 -2.19534 -2.69751 1.6334e-30 1.81544e+14 0.000120231 0.000698488 8.01088e-23 2.03166e-08 91746.5 0 0 5.98151e-25 0 0 0.00186474 0 0 0 0 0 0 0 0 0 0 
0.1485 0.502102 -2.7979 -2.77646 -2.19075 -2.7021 1.36781e-30 1.81534e+14 0.000120234 0.00069849 8.01088e-23 2.03155e-08 91751.2 0 0 5.9815e-25 0 0 0.00186474 0 0 0 0 0 0 0 0 0 0 
0.149 0.50669 -2.79331 -2.77646 -2.18616 -2.70669 1.1454e-30 1.81524e+14 0.000120236 0.000698492 8.01088e-23 2.03145e-08 91755.9 0 0 5.9815e-25 0 0 0.00186474 0 0 0 0 0 0 0 0 0 0 
0.1495 0.511277 -2.78872 -2.77646 -2.18157 -2.71128 9.59145e-31 1.81514e+14 0.000120239 0.000698494 8.01088e-23 2.03135e-08 91760.6 0 0 5.98151e-25 0 0 0.00186474 0 0 0 0 0 0 0 0 0 0 
0.15 0.515866 -2.78413 -2.77646 -2.17698 -2.71587 8.03169e-31 1.81505e+14 0.000120241 0.000698496 8.01088e-23 2.03124e-08 91765.3 0 0 5.9815e-25 0 0 0.00186474 0 0 0 0 0 0 0 0 0 0 
0.1505 0.520454 -2.77955 -2.77646 -2.17239 -2.72045 6.72551e-31 1.81495e+14 0.000120244 0.000698497 8.01088e-23 2.03114e-08 91770 0 0 5.9815e-25 0 0 0.00186474 0 0 0 0 0 0 0 0 0 0 
0.151 0.525043 -2.77496 -2.77646 -2.1678 -2.72504 5.63171e-31 1.81485e+14 0.000120246 0.000698499 8.01088e-23 2.03104e-08 91774.7 0 0 5.9815e-25 0 0 0.00186474 0 0 0 0 0 0 0 0 0 0 
0.1515 0.529631 -2.77037 -2.77646 -2.16321 -2.72963 4.71575e-31 1.81475e+14 0.000120249 0.000698501 8.01088e-23 2.03093e-08 91779.4 0 0 5.9815e-25 0 0 0.00186474 0 0 0 0 0 0 0 0 0 0 
0.152 0.534221 -2.76578 -2.77646 -2.15862 -2.73422 3.94873e-31 1.81466e+14 0.000120251 0.000698503 8.01088e-23 2.03083e-08 91784.1 0 0 5.98151e-25 0 0 0.00186474 0 0 0 0 0 0 0 0 0 0 
0.1525 0.53881 -2.76119 -2.77646 -2.15403 -2.73881 3.30644e-31 1.81456e+14 0.000120254 0.000698505 8.01088e-23 2.03072e-08 91788.8 0 0 5.98151e-25 0 0 0.00186474 0 0 0 0 0 0 0 0 0 0 
0.153 0.543399 -2.7566 -2.77646 -2.14943 -2.7434 2.7686e-31 1.81446e+14 0.000120256 0.000698507 8.01088e-23 2.03062e-08 91793.5 0 0 5.9815e-25 0 0 0.00186474 0 0 0 0 0 0 0 0 0 0 
0.1535 0.547989 -2.75201 -2.77646 -2.14484 -2.74799 2.31822e-31 1.81436e+14 0.000120259 0.000698509 8.01088e-23 2.03052e-08 91798.2 0 0 5.9815e-25 0 0 0.00186474 0 0 0 0 0 0 0 0 0 0 
0.154 0.552579 -2.74742 -2.77646 -2.14025 -2.75258 1.94109e-31 1.81427e+14 0.000120261 0.00069851 8.01088e-23 2.03041e-08 91802.8 0 0 5.98151e-25 0 0 0.00186474 0 0 0 0 0 0 0 0 0 0 
0.1545 0.55717 -2.74283 -2.77646 -2.13566 -2.75717 1.6253e-31 1.81417e+14 0.000120264 0.000698512 8.01088e-23 2.03031e-08 91807.5 0 0 5.9815e-25 0 0 0.00186474 0 0 0 0 0 0 0 0 0 0 
0.155 0.56176 -2.73824 -2.77646 -2.13107 -2.76176 1.36087e-31 1.81407e+14 0.000120266 0.000698514 8.01088e-23 2.03021e-08 91812.2 0 0 5.9815e-25 0 0 0.00186474 0 0 0 0 0 0 0 0 0 0 
0.1555 0.566351 -2.73365 -2.77646 -2.12647 -2.76635 1.13945e-31 1.81397e+14 0.000120269 0.000698516 8.01088e-23 2.0301e-08 91816.9 0 0 5.98151e-25 0 0 0.00186474 0 0 0 0 0 0 0 0 0 0 
0.156 0.570942 -2.72906 -2.77646 -2.12188 -2.77094 9.54049e-32 1.81388e+14 0.000120272 0.000698518 8.01088e-23 2.03e-08 91821.6 0 0 5.98151e-25 0 0 0.00186474 0 0 0 0 0 0 0 0 0 0 
0.1565 0.575533 -2.72447 -2.77646 -2.11729 -2.77553 7.98807e-32 1.81378e+14 0.000120274 0.00069852 8.01088e-23 2.02989e-08 91826.3 0 0 5.9815e-25 0 0 0.00186474 0 0 0 0 0 0 0 0 0 0 
0.157 0.580124 -2.71988 -2.77646 -2.11269 -2.78012 6.6882e-32 1.81368e+14 0.000120277 0.000698522 8.01088e-23 2.02979e-08 91831 0 0 5.9815e-25 0 0 0.00186474 0 0 0 0 0 0 0 0 0 0 
0.1575 0.584716 -2.71528 -2.77646 -2.1081 -2.78472 5.5998e-32 1.81358e+14 0.000120279 0.000698523 8.01088e-23 2.02969e-08 91835.7 0 0 5.98151e-25 0 0 0.00186474 0 0 0 0 0 0 0 0 0 0 
0.158 0.589308 -2.71069 -2.77646 -2.10351 -2.78931 4.68848e-32 1.81349e+14 0.000120282 0.000698525 8.01088e-23 2.02958e-08 91840.4 0 0 5.9815e-25 0 0 0.00186474 0 0 0 0 0 0 0 0 0 0 
0.1585 0.5939 -2.7061 -2.77646 -2.09891 -2.7939 3.92544e-32 1.81339e+14 0.000120284 0.000698527 8.01088e-23 2.02948e-08 91845 0 0 5.9815e-25 0 0 0.00186474 0 0 0 0 0 0 0 0 0 0 
0.159 0.598492 -2.70151 -2.77646 -2.09432 -2.79849 3.28655e-32 1.81329e+14 0.000120287 0.000698529 8.01088e-23 2.02938e-08 91849.7 0 0 5.98151e-25 0 0 0.00186474 0 0 0 0 0 0 0 0 0 0 
0.1595 0.603085 -2.69691 -2.77646 -2.08972 -2.80309 2.75161e-32 1.81319e+14 0.000120289 0.000698531 8.01088e-23 2.02927e-08 91854.4 0 0 5.98151e-25 0 0 0.00186474 0 0 0 0 0 0 0 0 0 0 
0.16 0.607678 -2.69232 -2.77646 -2.08513 -2.80768 2.30373e-32 1.8131e+14 0.000120292 0.000698533 8.01088e-23 2.02917e-08 91859.1 0 0 5.9815e-25 0 0 0.00186474 0 0 0 0 0 0 0 0 0 0 
0.1605 0.612271 -2.68773 -2.77646 -2.08053 -2.81227 1.92873e-32 1.813e+14 0.000120294 0.000698534 8.01088e-23 2.02906e-08 91863.8 0 0 5.9815e-25 0 0 0.00186474 0 0 0 0 0 0 0 0 0 0 
0.161 0.616864 -2.68314 -2.77646 -2.07594 -2.81686 1.61476e-32 1.8129e+14 0.000120297 0.000698536 8.01088e-23 2.02896e-08 91868.5 0 0 5.9815e-25 0 0 0.00186474 0 0 0 0 0 0 0 0 0 0 
0.1615 0.621458 -2.67854 -2.77646 -2.07134 -2.82146 1.35188e-32 1.8128e+14 0.000120299 0.000698538 8.01088e-23 2.02886e-08 91873.2 0 0 5.9815e-25 0 0 0.00186474 0 0 0 0 0 0 0 0 0 0 
0.162 0.626052 -2.67395 -2.77646 -2.06675 -2.82605 1.13179e-32 1.81271e+14 0.000120302 0.00069854 8.01088e-23 2.02875e-08 91877.8 0 0 5.9815e-25 0 0 0.00186474 0 0 0 0 0 0 0 0 0 0 
0.1625 0.630646 -2.66935 -2.77646 -2.06215 -2.83065 9.47526e-33 1.81261e+14 0.000120304 0.000698542 8.01088e-23 2.02865e-08 91882.5 0 0 5.98151e-25 0 0 0.00186474 0 0 0 0 0 0 0 0 0 0 
0.163 0.63524 -2.66476 -2.77646 -2.05756 -2.83524 7.93253e-33 1.81251e+14 0.000120307 0.000698543 8.01088e-23 2.02854e-08 91887.2 0 0 5.98151e-25 0 0 0.00186474 0 0 0 0 0 0 0 0 0 0 
0.1635 0.639834 -2.66017 -2.77646 -2.05296 -2.83983 6.64091e-33 1.81241e+14 0.000120309 0.000698545 8.01088e-23 2.02844e-08 91891.9 0 0 5.9815e-25 0 0 0.00186474 0 0 0 0 0 0 0 0 0 0 
0.164 0.644429 -2.65557 -2.77646 -2.04836 -2.84443 5.55956e-33 1.81231e+14 0.000120312 0.000698547 8.01088e-23 2.02833e-08 91896.6 0 0 5.9815e-25 0 0 0.00186474 0 0 0 0 0 0 0 0 0 0 
0.1645 0.649024 -2.65098 -2.77646 -2.04377 -2.84902 4.65424e-33 1.81221e+14 0.000120315 0.000698548 8.01088e-23 2.02823e-08 91901.3 0 0 5.98151e-25 0 0 0.00186474 0 0 0 0 0 0 0 0 0 0 
0.165 0.653619 -2.64638 -2.77646 -2.03917 -2.85362 3.8963e-33 1.81211e+14 0.000120317 0.00069855 8.01088e-23 2.02812e-08 91906 0 0 5.98151e-25 0 0 0.00186474 0 0 0 0 0 0 0 0 0 0 
0.1655 0.658215 -2.64179 -2.77646 -2.03457 -2.85821 3.26177e-33 1.81201e+14 0.00012032 0.000698552 8.01088e-23 2.02801e-08 91910.6 0 0 5.98151e-25 0 0 0.00186474 0 0 0 0 0 0 0 0 0 0 
0.166 0.66281 -2.63719 -2.77646 -2.02997 -2.86281 2.73055e-33 1.81191e+14 0.000120322 0.000698553 8.01088e-23 2.0279e-08 91915.3 0 0 5.98151e-25 0 0 0.00186474 0 0 0 0 0 0 0 0 0 0 
0.1665 0.667406 -2.63259 -2.77646 -2.02538 -2.86741 2.28582e-33 1.81181e+14 0.000120325 0.000698554 8.01088e-23 2.0278e-08 91920 0 0 5.98151e-25 0 0 0.00186474 0 0 0 0 0 0 0 0 0 0 
0.167 0.672002 -2.628 -2.77646 -2.02078 -2.872 1.91351e-33 1.81171e+14 0.000120327 0.000698556 8.01088e-23 2.02769e-08 91924.7 0 0 5.98151e-25 0 0 0.00186474 0 0 0 0 0 0 0 0 0 0 
0.1675 0.676599 -2.6234 -2.77646 -2.01618 -2.8766 1.60183e-33 1.81161e+14 0.00012033 0.000698557 8.01088e-23 2.02757e-08 91929.4 0 0 5.9815e-25 0 0 0.00186474 0 0 0 0 0 0 0 0 0 0 
0.168 0.681195 -2.6188 -2.77646 -2.01158 -2.8812 1.3409e-33 1.81151e+14 0.000120332 0.000698558 8.01088e-23 2.02746e-08 91934.1 0 0 5.9815e-25 0 0 0.00186474 0 0 0 0 0 0 0 0 0 0 
0.1685 0.685792 -2.61421 -2.77646 -2.00698 -2.88579 1.12247e-33 1.8114e+14 0.000120335 0.000698559 8.01088e-23 2.02735e-08 91938.7 0 0 5.98151e-25 0 0 0.00186474 0 0 0 0 0 0 0 0 0 0 
0.169 0.690389 -2.60961 -2.77646 -2.00238 -2.89039 9.39608e-34 1.8113e+14 0.000120337 0.00069856 8.01088e-23 2.02723e-08 91943.4 0 0 5.98151e-25 0 0 0.00186474 0 0 0 0 0 0 0 0 0 0 
0.1695 0.694986 -2.60501 -2.77646 -1.99778 -2.89499 7.86531e-34 1.81119e+14 0.00012034 0.00069856 8.01088e-23 2.02711e-08 91948.1 0 0 5.9815e-25 0 0 0.00186474 0 0 0 0 0 0 0 0 0 0 
0.17 0.699584 -2.60042 -2.77646 -1.99318 -2.89958 6.58387e-34 1.81108e+14 0.000120342 0.000698561 8.01088e-23 2.02699e-08 91952.8 0 0 5.9815e-25 0 0 0.00186474 0 0 0 0 0 0 0 0 0 0 
0.1705 0.704182 -2.59582 -2.77646 -1.98858 -2.90418 5.51115e-34 1.81097e+14 0.000120345 0.00069856 8.01088e-23 2.02687e-08 91957.5 0 0 5.98151e-25 0 0 0.00186474 0 0 0 0 0 0 0 0 0 0 
0.171 0.70878 -2.59122 -2.77646 -1.98398 -2.90878 4.61317e-34 1.81085e+14 0.000120347 0.00069856 8.01088e-23 2.02674e-08 91962.2 0 0 5.98151e-25 0 0 0.00186474 0 0 0 0 0 0 0 0 0 0 
0.1715 0.713378 -2.58662 -2.77646 -1.97938 -2.91338 3.86147e-34 1.81073e+14 0.00012035 0.000698559 8.01088e-23 2.0266e-08 91966.8 0 0 5.9815e-25 0 0 0.00186474 0 0 0 0 0 0 0 0 0 0 
0.172 0.717976 -2.58202 -2.77646 -1.97478 -2.91798 3.23223e-34 1.81061e+14 0.000120352 0.000698558 8.01088e-23 2.02646e-08 91971.5 0 0 5.9815e-25 0 0 0.00186474 0 0 0 0 0 0 0 0 0 0 
0.1725 0.722575 -2.57743 -2.77646 -1.97018 -2.92257 2.7055e-34 1.81049e+14 0.000120355 0.000698556 8.01088e-23 2.02631e-08 91976.2 0 0 5.98151e-25 0 0 0.00186474 0 0 0 0 0 0 0 0 0 0 
0.173 0.727174 -2.57283 -2.77646 -1.96558 -2.92717 2.26459e-34 1.81035e+14 0.000120357 0.000698553 8.01088e-23 2.02616e-08 91980.9 0 0 5.9815e-25 0 0 0.00186474 0 0 0 0 0 0 0 0 0 0 
0.1735 0.731773 -2.56823 -2.77646 -1.96098 -2.93177 1.89551e-34 1.81021e+14 0.00012036 0.000698549 8.01088e-23 2.02599e-08 91985.6 0 0 5.9815e-25 0 0 0.00186474 0 0 0 0 0 0 0 0 0 0 
0.174 0.736372 -2.56363 -2.77646 -1.95638 -2.93637 1.58657e-34 1.81006e+14 0.000120363 0.000698544 8.01088e-23 2.02581e-08 91990.2 0 0 5.98151e-25 0 0 0.00186474 0 0 0 0 0 0 0 0 0 0 
0.1745 0.740972 -2.55903 -2.77646 -1.95177 -2.94097 1.32798e-34 1.80991e+14 0.000120365 0.000698538 8.01088e-23 2.02561e-08 91994.9 0 0 5.98151e-25 0 0 0.00186474 0 0 0 0 0 0 0 0 0 0 
0.175 0.745572 -2.55443 -2.77646 -1.94717 -2.94557 1.11152e-34 1.80974e+14 0.000120368 0.00069853 8.01088e-23 2.0254e-08 91999.6 0 0 5.9815e-25 0 0 0.00186475 0 0 0 0 0 0 0 0 0 0 
0.1755 0.750172 -2.54983 -2.77646 -1.94257 -2.95017 9.30332e-35 1.80955e+14 0.00012037 0.000698521 8.01088e-23 2.02517e-08 92004.3 0 0 5.9815e-25 0 0 0.00186475 0 0 0 0 0 0 0 0 0 0 
0.176 0.754772 -2.54523 -2.77646 -1.93796 -2.95477 7.78674e-35 1.80935e+14 0.000120373 0.000698509 8.01088e-23 2.02491e-08 92008.9 0 0 5.98151e-25 0 0 0.00186475 0 0 0 0 0 0 0 0 0 0 
0.1765 0.759373 -2.54063 -2.77646 -1.93336 -2.95937 6.51733e-35 1.80913e+14 0.000120375 0.000698495 8.01088e-23 2.02462e-08 92013.6 0 0 5.98151e-25 0 0 0.00186475 0 0 0 0 0 0 0 0 0 0 
0.177 0.763974 -2.53603 -2.77646 -1.92875 -2.96397 5.45481e-35 1.80889e+14 0.000120378 0.000698477 8.01088e-23 2.0243e-08 92018.3 0 0 5.98151e-25 0 0 0.00186475 0 0 0 0 0 0 0 0 0 0 
0.1775 0.768575 -2.53143 -2.77646 -1.92415 -2.96857 4.56548e-35 1.80862e+14 0.00012038 0.000698456 8.01088e-23 2.02393e-08 92023 0 0 5.9815e-25 0 0 0.00186475 0 0 0 0 0 0 0 0 0 0 
0.178 0.773176 -2.52682 -2.77646 -1.91954 -2.97318 3.8211e-35 1.80831e+14 0.000120383 0.00069843 8.01088e-23 2.02352e-08 92027.6 0 0 5.98151e-25 0 0 0.00186475 0 0 0 0 0 0 0 0 0 0 
0.1785 0.777777 -2.52222 -2.77646 -1.91493 -2.97778 3.19806e-35 1.80796e+14 0.000120385 0.000698399 8.01088e-23 2.02304e-08 92032.3 0 0 5.98151e-25 0 0 0.00186475 0 0 0 0 0 0 0 0 0 0 
0.179 0.782379 -2.51762 -2.77646 -1.91032 -2.98238 2.67658e-35 1.80757e+14 0.000120388 0.000698362 8.01088e-23 2.02249e-08 92037 0 0 5.9815e-25 0 0 0.00186475 0 0 0 0 0 0 0 0 0 0 
0.1795 0.786981 -2.51302 -2.77646 -1.90571 -2.98698 2.24012e-35 1.80712e+14 0.00012039 0.000698317 8.01088e-23 2.02185e-08 92041.7 0 0 5.98151e-25 0 0 0.00186475 0 0 0 0 0 0 0 0 0 0 
0.18 0.791583 -2.50842 -2.77646 -1.9011 -2.99158 1.87481e-35 1.8066e+14 0.000120393 0.000698263 8.01088e-23 2.02111e-08 92046.3 0 0 5.98151e-25 0 0 0.00186475 0 0 0 0 0 0 0 0 0 0 
0.1805 0.796186 -2.50381 -2.77646 -1.89648 -2.99619 1.56906e-35 1.80599e+14 0.000120395 0.000698198 8.01088e-23 2.02025e-08 92051 0 0 5.9815e-25 0 0 0.00186475 0 0 0 0 0 0 0 0 0 0 
0.181 0.800788 -2.49921 -2.77646 -1.89187 -3.00079 1.31317e-35 1.80529e+14 0.000120398 0.00069812 8.01088e-23 2.01924e-08 92055.7 0 0 5.9815e-25 0 0 0.00186475 0 0 0 0 0 0 0 0 0 0 
0.1815 0.805391 -2.49461 -2.77646 -1.88725 -3.00539 1.09899e-35 1.80447e+14 0.0001204 0.000698026 8.01088e-23 2.01805e-08 92060.3 0 0 5.98151e-25 0 0 0.00186475 0 0 0 0 0 0 0 0 0 0 
0.182 0.809995 -2.49001 -2.77646 -1.88263 -3.00999 9.1974e-36 1.80352e+14 0.000120403 0.000697915 8.01088e-23 2.01666e-08 92065 0 0 5.98151e-25 0 0 0.00186475 0 0 0 0 0 0 0 0 0 0 
0.1825 0.814598 -2.4854 -2.77646 -1.878 -3.0146 7.69718e-36 1.80239e+14 0.000120405 0.000697781 8.01088e-23 2.01502e-08 92069.7 0 0 5.98151e-25 0 0 0.00186475 0 0 0 0 0 0 0 0 0 0 
0.183 0.819201 -2.4808 -2.77646 -1.87337 -3.0192 6.44162e-36 1.80107e+14 0.000120408 0.000697621 8.01088e-23 2.01308e-08 92074.3 0 0 5.98151e-25 0 0 0.00186475 0 0 0 0 0 0 0 0 0 0 
0.1835 0.823805 -2.47619 -2.77646 -1.86874 -3.02381 5.39081e-36 1.79951e+14 0.000120411 0.000697429 8.01088e-23 2.01078e-08 92079 0 0 5.98151e-25 0 0 0.00186476 0 0 0 0 0 0 0 0 0 0 
0.184 0.828409 -2.47159 -2.77646 -1.8641 -3.02841 4.51138e-36 1.79767e+14 0.000120413 0.0006972 8.01088e-23 2.00806e-08 92083.6 0 0 5.98151e-25 0 0 0.00186476 0 0 0 0 0 0 0 0 0 0 
0.1845 0.833014 -2.46699 -2.77646 -1.85945 -3.03301 3.77538e-36 1.79549e+14 0.000120416 0.000696926 8.01088e-23 2.00484e-08 92088.3 0 0 5.98151e-25 0 0 0.00186476 0 0 0 0 0 0 0 0 0 0 
0.185 0.837618 -2.46238 -2.77646 -1.8548 -3.03762 3.15942e-36 1.7929e+14 0.000120418 0.000696599 8.01088e-23 2.00101e-08 92092.9 0 0 5.98151e-25 0 0 0.00186476 0 0 0 0 0 0 0 0 0 0 
0.1855 0.842223 -2.45778 -2.77646 -1.85013 -3.04222 2.64394e-36 1.78984e+14 0.000120421 0.000696207 8.01088e-23 1.99647e-08 92097.5 0 0 5.9815e-25 0 0 0.00186476 0 0 0 0 0 0 0 0 0 0 
0.186 0.846828 -2.45317 -2.77646 -1.84545 -3.04683 2.21254e-36 1.78619e+14 0.000120423 0.000695738 8.01088e-23 1.99106e-08 92102.2 0 0 5.9815e-25 0 0 0.00186477 0 0 0 0 0 0 0 0 0 0 
0.1865 0.851433 -2.44857 -2.77646 -1.84076 -3.05143 1.85151e-36 1.78186e+14 0.000120426 0.000695178 8.01088e-23 1.98464e-08 92106.8 0 0 5.98151e-25 0 0 0.00186477 0 0 0 0 0 0 0 0 0 0 
0.187 0.856039 -2.44396 -2.77646 -1.83606 -3.05604 1.54938e-36 1.77671e+14 0.000120428 0.000694507 8.01088e-23 1.97699e-08 92111.4 0 0 5.98151e-25 0 0 0.00186477 0 0 0 0 0 0 0 0 0 0 
0.1875 0.860644 -2.43936 -2.77646 -1.83133 -3.06064 1.29654e-36 1.77057e+14 0.000120431 0.000693705 8.01088e-23 1.96788e-08 92116 0 0 5.9815e-25 0 0 0.00186478 0 0 0 0 0 0 0 0 0 0 
0.188 0.86525 -2.43475 -2.77646 -1.82658 -3.06525 1.08495e-36 1.76326e+14 0.000120433 0.000692743 8.01088e-23 1.95704e-08 92120.5 0 0 5.98151e-25 0 0 0.00186478 0 0 0 0 0 0 0 0 0 0 
0.1885 0.869856 -2.43014 -2.77646 -1.8218 -3.06986 9.07886e-37 1.75454e+14 0.000120435 0.000691592 8.01088e-23 1.94412e-08 92125.1 0 0 5.98151e-25 0 0 0.00186479 0 0 0 0 0 0 0 0 0 0 
0.189 0.874463 -2.42554 -2.77646 -1.81698 -3.07446 7.5971e-37 1.74413e+14 0.000120438 0.000690211 8.01088e-23 1.92872e-08 92129.6 0 0 5.9815e-25 0 0 0.00186479 0 0 0 0 0 0 0 0 0 0 
0.1895 0.879069 -2.42093 -2.77646 -1.81213 -3.07907 6.35712e-37 1.73169e+14 0.00012044 0.000688553 8.01088e-23 1.91037e-08 92134.1 0 0 5.9815e-25 0 0 0.0018648 0 0 0 0 0 0 0 0 0 0 
0.19 0.883676 -2.41632 -2.77646 -1.80722 -3.08368 5.31948e-37 1.71683e+14 0.000120443 0.000686562 8.01088e-23 1.8885e-08 92138.5 0 0 5.98151e-25 0 0 0.0018648 0 0 0 0 0 0 0 0 0 0 
0.1905 0.888283 -2.41172 -2.77646 -1.80225 -3.08828 4.45118e-37 1.69905e+14 0.000120445 0.000684167 8.01088e-23 1.86242e-08 92143 0 0 5.9815e-25 0 0 0.00186481 0 0 0 0 0 0 0 0 0 0 
0.191 0.89289 -2.40711 -2.77646 -1.7972 -3.09289 3.72457e-37 1.67776e+14 0.000120448 0.000681279 8.01088e-23 1.83132e-08 92147.3 0 0 5.9815e-25 0 0 0.00186482 0 0 0 0 0 0 0 0 0 0 
0.1915 0.897498 -2.4025 -2.77646 -1.79205 -3.0975 3.11655e-37 1.65224e+14 0.00012045 0.000677793 8.01088e-23 1.79424e-08 92151.6 0 0 5.98151e-25 0 0 0.00186483 0 0 0 0 0 0 0 0 0 0 
0.192 0.902106 -2.39789 -2.77646 -1.78679 -3.10211 2.60777e-37 1.6216e+14 0.000120452 0.000673571 8.01088e-23 1.75e-08 92155.9 0 0 5.98151e-25 0 0 0.00186483 0 0 0 0 0 0 0 0 0 0 
0.1925 0.906714 -2.39329 -2.77646 -1.78138 -3.10671 2.18202e-37 1.58478e+14 0.000120454 0.000668442 8.01088e-23 1.69724e-08 92160 0 0 5.98151e-25 0 0 0.00186484 0 0 0 0 0 0 0 0 0 0 
0.193 0.911322 -2.38868 -2.77646 -1.77578 -3.11132 1.82577e-37 1.54043e+14 0.000120457 0.000662186 8.01088e-23 1.6343e-08 92164 0 0 5.98151e-25 0 0 0.00186485 0 0 0 0 0 0 0 0 0 0 
0.1935 0.91593 -2.38407 -2.77646 -1.76995 -3.11593 1.52767e-37 1.48688e+14 0.000120459 0.000654515 8.01088e-23 1.55922e-08 92168 0 0 5.9815e-25 0 0 0.00186486 0 0 0 0 0 0 0 0 0 0 
0.194 0.920538 -2.37946 -2.77646 -1.76379 -3.12054 1.27824e-37 1.42204e+14 0.000120461 0.000645044 8.01088e-23 1.46964e-08 92171.7 0 0 5.9815e-25 0 0 0.00186487 0 0 0 0 0 0 0 0 0 0 
0.1945 0.925147 -2.37485 -2.77646 -1.7572 -3.12515 1.06952e-37 1.34322e+14 0.000120463 0.000633243 8.01088e-23 1.36278e-08 92175.3 0 0 5.98151e-25 0 0 0.00186488 0 0 0 0 0 0 0 0 0 0 
0.195 0.929756 -2.37024 -2.77646 -1.75003 -3.12976 8.94879e-38 1.24689e+14 0.000120464 0.000618353 8.01088e-23 1.23531e-08 92178.6 0 0 5.9815e-25 0 0 0.00186489 0 0 0 0 0 0 0 0 0 0 
0.1955 0.934365 -2.36564 -2.77646 -1.74198 -3.13436 7.48749e-38 1.12834e+14 0.000120466 0.000599228 8.01088e-23 1.08328e-08 92181.7 0 0 5.9815e-25 0 0 0.00186489 0 0 0 0 0 0 0 0 0 0 
0.196 0.938974 -2.36103 -2.77646 -1.73259 -3.13897 6.26478e-38 9.80911e+13 0.000120468 0.000573993 8.01088e-23 9.02083e-09 92184.4 0 0 5.98151e-25 0 0 0.0018649 0 0 0 0 0 0 0 0 0 0 
0.1965 0.943583 -2.35642 -2.77646 -1.72085 -3.14358 5.24171e-38 7.94738e+13 0.000120469 0.000539208 8.01088e-23 6.86579e-09 92186.7 0 0 5.98151e-25 0 0 0.00186491 0 0 0 0 0 0 0 0 0 0 
0.197 0.948193 -2.35181 -2.77646 -1.70419 -3.14819 4.3857e-38 5.54018e+13 0.00012047 0.000487205 8.01088e-23 4.3246e-09 92188.5 0 0 5.98151e-25 0 0 0.00186491 0 0 0 0 0 0 0 0 0 0 
0.1975 0.952802 -2.3472 -2.77646 -1.67222 -3.1528 3.66947e-38 2.38778e+13 0.00012047 0.000394644 8.01088e-23 1.50977e-09 92189.5 0 0 5.98151e-25 0 0 0.00186491 0 0 0 0 0 0 0 0 0 0 
0.198 0.957412 -2.34259 -2.77646 -1.54989 -3.15741 3.07021e-38 4.39322e+11 0.000120471 0.000208003 8.01088e-23 1.46407e-11 92189.8 0 0 5.98151e-25 0 0 0.00186491 0 0 0 0 0 0 0 0 0 0 
0.198 0.957412 -2.34259 -2.77646 -1.54989 -3.15741 3.07021e-38 4.39322e+11 0.011878 0.0205085 8.01088e-23 1.44353e-09 1.28078e+06 0 0 5.98151e-25 0 0 0.00186485 0 0 0 0 0 1.12319e+20 0 0 0 0 
0.198409 1.00984 -2.29016 -2.77646 -1.47528 -3.20984 4.03974e-39 1.98396e+11 0.011878 0.0189671 8.01088e-23 6.02899e-10 2.45556e+06 0 0 5.9815e-25 0 0 0.00186485 0 0 0 0 0 1.11013e+20 0 0 0 0 
0.198752 1.12754 -2.17246 -2.77646 -1.34624 -3.32754 4.25768e-41 1.31839e+11 0.011878 0.0183017 8.01088e-23 3.86585e-10 4.41446e+06 0 0 5.9815e-25 0 0 0.00186485 0 0 0 0 0 1.10345e+20 0 0 0 0 
0.199038 1.27729 -2.02271 -2.77646 -1.18955 -3.47729 1.29839e-43 1.02648e+11 0.011878 0.0179302 8.01088e-23 2.9488e-10 6.04463e+06 0 0 5.98151e-25 0 0 0.00186485 0 0 0 0 0 1.09937e+20 0 0 0 0 
0.199277 1.43829 -1.86171 -2.77646 -1.02362 -3.63829 2.56309e-46 8.5867e+10 0.011878 0.0176804 8.01088e-23 2.43236e-10 7.40354e+06 0 0 5.98152e-25 0 0 0.00186485 0 0 0 0 0 1.09646e+20 0 0 0 0 
0.199478 1.59787 -1.70213 -2.77646 -0.860983 -3.79787 5.34504e-49 7.68538e+10 0.011878 0.0175312 8.01088e-23 2.15867e-10 8.53749e+06 0 0 5.98151e-25 0 0 0.00186485 0 0 0 0 0 1.09466e+20 0 0 0 0 
0.199645 1.74873 -1.55127 -2.77646 -0.706682 -3.94873 1.56152e-51 6.7849e+10 0.011878 0.0173687 8.01088e-23 1.88809e-10 9.4841e+06 0 0 5.98151e-25 0 0 0.00186485 0 0 0 0 0 1.09263e+20 0 0 0 0 
0.199785 1.88705 -1.41295 -2.77646 -0.568343 -4.08705 7.41188e-54 6.7796e+10 0.011878 0.0173677 8.01088e-23 1.8865e-10 1.0275e+07 0 0 5.98154e-25 0 0 0.00186485 0 0 0 0 0 1.09262e+20 0 0 0 0 
0.199902 2.01122 -1.28878 -2.77646 -0.437371 -4.21122 6.08116e-56 5.29544e+10 0.011878 0.0170613 8.01088e-23 1.44752e-10 1.09351e+07 0 0 5.98153e-25 0 0 0.00186485 0 0 0 0 0 1.08861e+20 0 0 0 0 
0.2 2.12098 -1.17902 -2.77646 -0.339178 -4.32098 8.71185e-58 8.05739e+10 0.011878 0.0175942 8.01088e-23 2.2713e-10 1.12106e+07 0 0 5.98152e-25 0 0 0.00186485 0 0 0 0 0 1.09543e+20 0 0 0 0 