# ASCII 1D datafile generated by TiberCAD
# x Ec Ev eQFermi hQFermi ElPotential eDensity hDensity eMobility hMobility eConductivity hConductivity ElField_x ElField_y ElField_z eCurrentDensity_x eCurrentDensity_y eCurrentDensity_z hCurrentDensity_x hCurrentDensity_y hCurrentDensity_z IonizedDonors IonizedAcceptors IonizedElectronTraps IonizedHoleTraps eNetRecombination eLangevinRecombination hNetRecombination hLangevinRecombination 
0 -2.6 -5.9 -4.54123 -5.2912 0.4 3.99959e-08 1.73182e+14 0.00020376 0.00116479 8.01088e-23 3.23191e-08 176686 0 0 8.13786e-25 0 0 0.00571131 0 0 0 0 0 0 0 0 0 0 
9.79066e-05 -2.59827 -5.89827 -4.54123 -5.28947 0.39827 3.74073e-08 1.7318e+14 0.00020376 0.00116479 8.01088e-23 3.23189e-08 176686 0 0 8.13786e-25 0 0 0.00571131 0 0 0 0 0 0 0 0 0 0 
0.000214985 -2.5962 -5.8962 -4.54123 -5.2874 0.396202 3.45309e-08 1.73178e+14 0.000203762 0.0011648 8.01088e-23 3.23187e-08 176687 0 0 8.13786e-25 0 0 0.00571131 0 0 0 0 0 0 0 0 0 0 
0.000354988 -2.59373 -5.89373 -4.54123 -5.28492 0.393728 3.13801e-08 1.73176e+14 0.000203763 0.0011648 8.01088e-23 3.23185e-08 176688 0 0 8.13786e-25 0 0 0.00571131 0 0 0 0 0 0 0 0 0 0 
0.000522406 -2.59077 -5.89077 -4.54123 -5.28197 0.39077 2.79874e-08 1.73174e+14 0.000203765 0.00116481 8.01088e-23 3.23182e-08 176690 0 0 8.13788e-25 0 0 0.00571131 0 0 0 0 0 0 0 0 0 0 
0.000722606 -2.58723 -5.88723 -4.54123 -5.27843 0.387232 2.44085e-08 1.7317e+14 0.000203768 0.00116482 8.01088e-23 3.23179e-08 176692 0 0 8.13791e-25 0 0 0.00571131 0 0 0 0 0 0 0 0 0 0 
0.000962009 -2.583 -5.883 -4.54123 -5.2742 0.383002 2.07245e-08 1.73167e+14 0.00020377 0.00116483 8.01088e-23 3.23175e-08 176694 0 0 8.13791e-25 0 0 0.00571131 0 0 0 0 0 0 0 0 0 0 
0.00124829 -2.57794 -5.87794 -4.54123 -5.26914 0.377944 1.70416e-08 1.73162e+14 0.000203774 0.00116484 8.01088e-23 3.2317e-08 176696 0 0 8.13791e-25 0 0 0.00571131 0 0 0 0 0 0 0 0 0 0 
0.00159063 -2.57189 -5.87189 -4.54123 -5.26309 0.371895 1.34864e-08 1.73157e+14 0.000203778 0.00116486 8.01088e-23 3.23165e-08 176699 0 0 8.13791e-25 0 0 0.00571131 0 0 0 0 0 0 0 0 0 0 
0.002 -2.56466 -5.86466 -4.54123 -5.25585 0.364661 1.01949e-08 1.73151e+14 0.000203779 0.00116486 8.01088e-23 3.23153e-08 176701 0 0 8.1379e-25 0 0 0.00571131 0 0 0 0 0 0 0 0 0 0 
0.002 -2.56466 -5.86466 -4.54123 -5.25585 0.364661 1.01949e-08 1.73151e+14 0.000203786 0.0011649 8.01088e-23 3.23163e-08 176705 0 0 8.13792e-25 0 0 0.00571131 0 0 0 0 0 0 0 0 0 0 
0.0025 -2.55583 -5.85583 -4.54123 -5.24702 0.355826 7.24377e-09 1.73143e+14 0.000203788 0.0011649 8.01088e-23 3.23149e-08 176708 0 0 8.13791e-25 0 0 0.00571131 0 0 0 0 0 0 0 0 0 0 
0.003 -2.54699 -5.84699 -4.54123 -5.23818 0.34699 5.14686e-09 1.73135e+14 0.000203794 0.00116492 8.01088e-23 3.23141e-08 176712 0 0 8.13791e-25 0 0 0.00571131 0 0 0 0 0 0 0 0 0 0 
0.0035 -2.53815 -5.83815 -4.54123 -5.22934 0.338155 3.65692e-09 1.73127e+14 0.000203801 0.00116495 8.01088e-23 3.23133e-08 176717 0 0 8.13791e-25 0 0 0.00571131 0 0 0 0 0 0 0 0 0 0 
0.004 -2.52932 -5.82932 -4.54123 -5.2205 0.329319 2.59827e-09 1.73119e+14 0.000203807 0.00116497 8.01088e-23 3.23125e-08 176721 0 0 8.13791e-25 0 0 0.00571131 0 0 0 0 0 0 0 0 0 0 
0.0045 -2.52048 -5.82048 -4.54123 -5.21167 0.320483 1.84607e-09 1.73112e+14 0.000203813 0.00116499 8.01088e-23 3.23117e-08 176725 0 0 8.13791e-25 0 0 0.00571131 0 0 0 0 0 0 0 0 0 0 
0.005 -2.51165 -5.81165 -4.54123 -5.20283 0.311646 1.31163e-09 1.73104e+14 0.000203819 0.00116501 8.01088e-23 3.23109e-08 176730 0 0 8.13791e-25 0 0 0.00571131 0 0 0 0 0 0 0 0 0 0 
0.0055 -2.50281 -5.80281 -4.54123 -5.19399 0.30281 9.31894e-10 1.73096e+14 0.000203826 0.00116504 8.01088e-23 3.231e-08 176734 0 0 8.13791e-25 0 0 0.00571131 0 0 0 0 0 0 0 0 0 0 
0.006 -2.49397 -5.79397 -4.54123 -5.18515 0.293973 6.62094e-10 1.73088e+14 0.000203832 0.00116506 8.01088e-23 3.23092e-08 176739 0 0 8.13791e-25 0 0 0.00571131 0 0 0 0 0 0 0 0 0 0 
0.0065 -2.48514 -5.78514 -4.54123 -5.17631 0.285136 4.70401e-10 1.73081e+14 0.000203838 0.00116508 8.01088e-23 3.23084e-08 176743 0 0 8.13792e-25 0 0 0.00571131 0 0 0 0 0 0 0 0 0 0 
0.007 -2.4763 -5.7763 -4.54123 -5.16747 0.276298 3.34205e-10 1.73073e+14 0.000203845 0.00116511 8.01088e-23 3.23076e-08 176748 0 0 8.13792e-25 0 0 0.00571131 0 0 0 0 0 0 0 0 0 0 
0.0075 -2.46746 -5.76746 -4.54123 -5.15864 0.267461 2.3744e-10 1.73065e+14 0.000203851 0.00116513 8.01088e-23 3.23068e-08 176752 0 0 8.13791e-25 0 0 0.00571131 0 0 0 0 0 0 0 0 0 0 
0.008 -2.45862 -5.75862 -4.54123 -5.1498 0.258623 1.6869e-10 1.73057e+14 0.000203858 0.00116515 8.01088e-23 3.2306e-08 176757 0 0 8.13791e-25 0 0 0.00571131 0 0 0 0 0 0 0 0 0 0 
0.0085 -2.44979 -5.74979 -4.54123 -5.14096 0.249785 1.19846e-10 1.7305e+14 0.000203865 0.00116517 8.01088e-23 3.23051e-08 176761 0 0 8.13791e-25 0 0 0.00571131 0 0 0 0 0 0 0 0 0 0 
0.009 -2.44095 -5.74095 -4.54123 -5.13212 0.240947 8.51435e-11 1.73042e+14 0.000203871 0.0011652 8.01088e-23 3.23043e-08 176766 0 0 8.13791e-25 0 0 0.00571131 0 0 0 0 0 0 0 0 0 0 
0.0095 -2.43211 -5.73211 -4.54123 -5.12328 0.232109 6.0489e-11 1.73034e+14 0.000203878 0.00116522 8.01088e-23 3.23035e-08 176770 0 0 8.13792e-25 0 0 0.00571131 0 0 0 0 0 0 0 0 0 0 
0.01 -2.42327 -5.72327 -4.54123 -5.11444 0.22327 4.29731e-11 1.73026e+14 0.000203885 0.00116524 8.01088e-23 3.23027e-08 176775 0 0 8.13792e-25 0 0 0.00571131 0 0 0 0 0 0 0 0 0 0 
0.0105 -2.41443 -5.71443 -4.54123 -5.1056 0.214431 3.05291e-11 1.73019e+14 0.000203891 0.00116526 8.01088e-23 3.23019e-08 176779 0 0 8.13792e-25 0 0 0.00571131 0 0 0 0 0 0 0 0 0 0 
0.011 -2.40559 -5.70559 -4.54123 -5.09676 0.205592 2.16884e-11 1.73011e+14 0.000203898 0.00116529 8.01088e-23 3.23011e-08 176784 0 0 8.13792e-25 0 0 0.00571131 0 0 0 0 0 0 0 0 0 0 
0.0115 -2.39675 -5.69675 -4.54123 -5.08791 0.196753 1.54076e-11 1.73003e+14 0.000203905 0.00116531 8.01088e-23 3.23002e-08 176788 0 0 8.13791e-25 0 0 0.00571131 0 0 0 0 0 0 0 0 0 0 
0.012 -2.38791 -5.68791 -4.54123 -5.07907 0.187913 1.09456e-11 1.72995e+14 0.000203912 0.00116533 8.01088e-23 3.22994e-08 176793 0 0 8.13791e-25 0 0 0.00571131 0 0 0 0 0 0 0 0 0 0 
0.0125 -2.37907 -5.67907 -4.54123 -5.07023 0.179074 7.77576e-12 1.72988e+14 0.000203918 0.00116536 8.01088e-23 3.22986e-08 176797 0 0 8.13791e-25 0 0 0.00571131 0 0 0 0 0 0 0 0 0 0 
0.013 -2.37023 -5.67023 -4.54123 -5.06139 0.170234 5.52383e-12 1.7298e+14 0.000203925 0.00116538 8.01088e-23 3.22978e-08 176801 0 0 8.13791e-25 0 0 0.00571131 0 0 0 0 0 0 0 0 0 0 
0.0135 -2.36139 -5.66139 -4.54123 -5.05255 0.161393 3.92404e-12 1.72972e+14 0.000203932 0.0011654 8.01088e-23 3.2297e-08 176806 0 0 8.13792e-25 0 0 0.00571131 0 0 0 0 0 0 0 0 0 0 
0.014 -2.35255 -5.65255 -4.54123 -5.04371 0.152553 2.78755e-12 1.72964e+14 0.000203939 0.00116542 8.01088e-23 3.22962e-08 176810 0 0 8.13792e-25 0 0 0.00571131 0 0 0 0 0 0 0 0 0 0 
0.0145 -2.34371 -5.64371 -4.54123 -5.03486 0.143712 1.9802e-12 1.72956e+14 0.000203946 0.00116545 8.01088e-23 3.22953e-08 176815 0 0 8.13791e-25 0 0 0.00571131 0 0 0 0 0 0 0 0 0 0 
0.015 -2.33487 -5.63487 -4.54123 -5.02602 0.134872 1.40667e-12 1.72949e+14 0.000203953 0.00116547 8.01088e-23 3.22945e-08 176819 0 0 8.13791e-25 0 0 0.00571131 0 0 0 0 0 0 0 0 0 0 
0.0155 -2.32603 -5.62603 -4.54123 -5.01718 0.12603 9.99239e-13 1.72941e+14 0.000203959 0.00116549 8.01088e-23 3.22937e-08 176824 0 0 8.13791e-25 0 0 0.00571131 0 0 0 0 0 0 0 0 0 0 
0.016 -2.31719 -5.61719 -4.54123 -5.00834 0.117189 7.09812e-13 1.72933e+14 0.000203966 0.00116552 8.01088e-23 3.22929e-08 176828 0 0 8.13791e-25 0 0 0.00571131 0 0 0 0 0 0 0 0 0 0 
0.0165 -2.30835 -5.60835 -4.54123 -4.99949 0.108348 5.04213e-13 1.72925e+14 0.000203973 0.00116554 8.01088e-23 3.22921e-08 176833 0 0 8.13791e-25 0 0 0.00571131 0 0 0 0 0 0 0 0 0 0 
0.017 -2.29951 -5.59951 -4.54123 -4.99065 0.0995059 3.58163e-13 1.72918e+14 0.00020398 0.00116556 8.01088e-23 3.22913e-08 176837 0 0 8.13791e-25 0 0 0.00571131 0 0 0 0 0 0 0 0 0 0 
0.0175 -2.29066 -5.59066 -4.54123 -4.98181 0.0906639 2.54415e-13 1.7291e+14 0.000203987 0.00116558 8.01088e-23 3.22904e-08 176842 0 0 8.13791e-25 0 0 0.00571131 0 0 0 0 0 0 0 0 0 0 
0.018 -2.28182 -5.58182 -4.54123 -4.97296 0.0818217 1.80718e-13 1.72902e+14 0.000203994 0.00116561 8.01088e-23 3.22896e-08 176846 0 0 8.13791e-25 0 0 0.00571131 0 0 0 0 0 0 0 0 0 0 
0.0185 -2.27298 -5.57298 -4.54123 -4.96412 0.0729793 1.28368e-13 1.72894e+14 0.000204001 0.00116563 8.01088e-23 3.22888e-08 176851 0 0 8.13791e-25 0 0 0.00571131 0 0 0 0 0 0 0 0 0 0 
0.019 -2.26414 -5.56414 -4.54123 -4.95527 0.0641367 9.11819e-14 1.72887e+14 0.000204008 0.00116565 8.01088e-23 3.2288e-08 176855 0 0 8.13791e-25 0 0 0.00571131 0 0 0 0 0 0 0 0 0 0 
0.0195 -2.25529 -5.55529 -4.54123 -4.94643 0.0552938 6.47674e-14 1.72879e+14 0.000204015 0.00116568 8.01088e-23 3.22872e-08 176860 0 0 8.13792e-25 0 0 0.00571131 0 0 0 0 0 0 0 0 0 0 
0.02 -2.24645 -5.54645 -4.54123 -4.93759 0.0464507 4.60044e-14 1.72871e+14 0.000204022 0.0011657 8.01088e-23 3.22864e-08 176864 0 0 8.13792e-25 0 0 0.00571131 0 0 0 0 0 0 0 0 0 0 
0.0205 -2.23761 -5.53761 -4.54123 -4.92874 0.0376074 3.26768e-14 1.72863e+14 0.000204029 0.00116572 8.01088e-23 3.22855e-08 176869 0 0 8.13791e-25 0 0 0.00571131 0 0 0 0 0 0 0 0 0 0 
0.021 -2.22876 -5.52876 -4.54123 -4.9199 0.0287638 2.321e-14 1.72856e+14 0.000204036 0.00116574 8.01088e-23 3.22847e-08 176873 0 0 8.13791e-25 0 0 0.00571131 0 0 0 0 0 0 0 0 0 0 
0.0215 -2.21992 -5.51992 -4.54123 -4.91105 0.0199201 1.64857e-14 1.72848e+14 0.000204043 0.00116577 8.01088e-23 3.22839e-08 176877 0 0 8.13791e-25 0 0 0.00571131 0 0 0 0 0 0 0 0 0 0 
0.022 -2.21108 -5.51108 -4.54123 -4.9022 0.0110761 1.17095e-14 1.7284e+14 0.00020405 0.00116579 8.01088e-23 3.22831e-08 176882 0 0 8.13791e-25 0 0 0.00571131 0 0 0 0 0 0 0 0 0 0 
0.0225 -2.20223 -5.50223 -4.54123 -4.89336 0.00223189 8.31689e-15 1.72832e+14 0.000204057 0.00116581 8.01088e-23 3.22823e-08 176886 0 0 8.13792e-25 0 0 0.00571131 0 0 0 0 0 0 0 0 0 0 
0.023 -2.19339 -5.49339 -4.54123 -4.88451 -0.00661254 5.90721e-15 1.72825e+14 0.000204064 0.00116584 8.01088e-23 3.22815e-08 176891 0 0 8.13792e-25 0 0 0.00571131 0 0 0 0 0 0 0 0 0 0 
0.0235 -2.18454 -5.48454 -4.54123 -4.87567 -0.0154572 4.19565e-15 1.72817e+14 0.000204071 0.00116586 8.01088e-23 3.22807e-08 176895 0 0 8.13791e-25 0 0 0.00571131 0 0 0 0 0 0 0 0 0 0 
0.024 -2.1757 -5.4757 -4.54123 -4.86682 -0.0243021 2.97997e-15 1.72809e+14 0.000204078 0.00116588 8.01088e-23 3.22798e-08 176900 0 0 8.13791e-25 0 0 0.00571131 0 0 0 0 0 0 0 0 0 0 
0.0245 -2.16685 -5.46685 -4.54123 -4.85797 -0.0331472 2.11652e-15 1.72801e+14 0.000204085 0.0011659 8.01088e-23 3.2279e-08 176904 0 0 8.13791e-25 0 0 0.00571131 0 0 0 0 0 0 0 0 0 0 
0.025 -2.15801 -5.45801 -4.54123 -4.84913 -0.0419925 1.50324e-15 1.72794e+14 0.000204092 0.00116593 8.01088e-23 3.22782e-08 176909 0 0 8.13792e-25 0 0 0.00571131 0 0 0 0 0 0 0 0 0 0 
0.0255 -2.14916 -5.44916 -4.54123 -4.84028 -0.0508381 1.06765e-15 1.72786e+14 0.000204099 0.00116595 8.01088e-23 3.22774e-08 176913 0 0 8.13792e-25 0 0 0.00571131 0 0 0 0 0 0 0 0 0 0 
0.026 -2.14032 -5.44032 -4.54123 -4.83143 -0.0596838 7.58277e-16 1.72778e+14 0.000204106 0.00116597 8.01088e-23 3.22766e-08 176918 0 0 8.13791e-25 0 0 0.00571131 0 0 0 0 0 0 0 0 0 0 
0.0265 -2.13147 -5.43147 -4.54123 -4.82258 -0.0685298 5.38545e-16 1.72771e+14 0.000204113 0.00116599 8.01088e-23 3.22758e-08 176922 0 0 8.13792e-25 0 0 0.00571131 0 0 0 0 0 0 0 0 0 0 
0.027 -2.12262 -5.42262 -4.54123 -4.81374 -0.077376 3.82484e-16 1.72763e+14 0.00020412 0.00116602 8.01088e-23 3.2275e-08 176927 0 0 8.13791e-25 0 0 0.00571131 0 0 0 0 0 0 0 0 0 0 
0.0275 -2.11378 -5.41378 -4.54123 -4.80489 -0.0862225 2.71644e-16 1.72755e+14 0.000204127 0.00116604 8.01088e-23 3.22741e-08 176931 0 0 8.13791e-25 0 0 0.00571131 0 0 0 0 0 0 0 0 0 0 
0.028 -2.10493 -5.40493 -4.54123 -4.79604 -0.0950692 1.92923e-16 1.72747e+14 0.000204134 0.00116606 8.01088e-23 3.22733e-08 176936 0 0 8.13791e-25 0 0 0.00571131 0 0 0 0 0 0 0 0 0 0 
0.0285 -2.09608 -5.39608 -4.54123 -4.78719 -0.103916 1.37013e-16 1.7274e+14 0.000204141 0.00116609 8.01088e-23 3.22725e-08 176940 0 0 8.13792e-25 0 0 0.00571131 0 0 0 0 0 0 0 0 0 0 
0.029 -2.08724 -5.38724 -4.54123 -4.77834 -0.112763 9.73056e-17 1.72732e+14 0.000204148 0.00116611 8.01088e-23 3.22717e-08 176944 0 0 8.13792e-25 0 0 0.00571131 0 0 0 0 0 0 0 0 0 0 
0.0295 -2.07839 -5.37839 -4.54123 -4.76949 -0.12161 6.9105e-17 1.72724e+14 0.000204156 0.00116613 8.01088e-23 3.22709e-08 176949 0 0 8.13792e-25 0 0 0.00571131 0 0 0 0 0 0 0 0 0 0 
0.03 -2.06954 -5.36954 -4.54123 -4.76065 -0.130458 4.90769e-17 1.72716e+14 0.000204163 0.00116615 8.01088e-23 3.22701e-08 176953 0 0 8.13791e-25 0 0 0.00571131 0 0 0 0 0 0 0 0 0 0 
0.0305 -2.06069 -5.36069 -4.54123 -4.7518 -0.139306 3.48531e-17 1.72709e+14 0.00020417 0.00116618 8.01088e-23 3.22693e-08 176958 0 0 8.13791e-25 0 0 0.00571131 0 0 0 0 0 0 0 0 0 0 
0.031 -2.05185 -5.35185 -4.54123 -4.74295 -0.148154 2.47515e-17 1.72701e+14 0.000204177 0.0011662 8.01088e-23 3.22684e-08 176962 0 0 8.13791e-25 0 0 0.00571131 0 0 0 0 0 0 0 0 0 0 
0.0315 -2.043 -5.343 -4.54123 -4.7341 -0.157002 1.75776e-17 1.72693e+14 0.000204184 0.00116622 8.01088e-23 3.22676e-08 176967 0 0 8.13791e-25 0 0 0.00571131 0 0 0 0 0 0 0 0 0 0 
0.032 -2.03415 -5.33415 -4.54123 -4.72525 -0.165851 1.24828e-17 1.72685e+14 0.000204191 0.00116625 8.01088e-23 3.22668e-08 176971 0 0 8.13792e-25 0 0 0.00571131 0 0 0 0 0 0 0 0 0 0 
0.0325 -2.0253 -5.3253 -4.54123 -4.7164 -0.174699 8.86464e-18 1.72678e+14 0.000204198 0.00116627 8.01088e-23 3.2266e-08 176976 0 0 8.13792e-25 0 0 0.00571131 0 0 0 0 0 0 0 0 0 0 
0.033 -2.01645 -5.31645 -4.54123 -4.70755 -0.183548 6.29516e-18 1.7267e+14 0.000204205 0.00116629 8.01088e-23 3.22652e-08 176980 0 0 8.13791e-25 0 0 0.00571131 0 0 0 0 0 0 0 0 0 0 
0.0335 -2.0076 -5.3076 -4.54123 -4.6987 -0.192397 4.47042e-18 1.72662e+14 0.000204212 0.00116631 8.01088e-23 3.22644e-08 176985 0 0 8.13792e-25 0 0 0.00571131 0 0 0 0 0 0 0 0 0 0 
0.034 -1.99875 -5.29875 -4.54123 -4.68984 -0.201247 3.17458e-18 1.72654e+14 0.000204219 0.00116634 8.01088e-23 3.22636e-08 176989 0 0 8.13792e-25 0 0 0.00571131 0 0 0 0 0 0 0 0 0 0 
0.0345 -1.9899 -5.2899 -4.54123 -4.68099 -0.210096 2.25434e-18 1.72647e+14 0.000204226 0.00116636 8.01088e-23 3.22627e-08 176994 0 0 8.13791e-25 0 0 0.00571131 0 0 0 0 0 0 0 0 0 0 
0.035 -1.98105 -5.28105 -4.54123 -4.67214 -0.218946 1.60085e-18 1.72639e+14 0.000204233 0.00116638 8.01088e-23 3.22619e-08 176998 0 0 8.13791e-25 0 0 0.00571131 0 0 0 0 0 0 0 0 0 0 
0.0355 -1.9722 -5.2722 -4.54123 -4.66329 -0.227796 1.13678e-18 1.72631e+14 0.00020424 0.00116641 8.01088e-23 3.22611e-08 177003 0 0 8.13791e-25 0 0 0.00571131 0 0 0 0 0 0 0 0 0 0 
0.036 -1.96335 -5.26335 -4.54123 -4.65444 -0.236646 8.07235e-19 1.72624e+14 0.000204247 0.00116643 8.01088e-23 3.22603e-08 177007 0 0 8.13792e-25 0 0 0.00571131 0 0 0 0 0 0 0 0 0 0 
0.0365 -1.9545 -5.2545 -4.54123 -4.64559 -0.245497 5.73217e-19 1.72616e+14 0.000204255 0.00116645 8.01088e-23 3.22595e-08 177011 0 0 8.13792e-25 0 0 0.00571131 0 0 0 0 0 0 0 0 0 0 
0.037 -1.94565 -5.24565 -4.54123 -4.63673 -0.254347 4.07038e-19 1.72608e+14 0.000204262 0.00116647 8.01088e-23 3.22587e-08 177016 0 0 8.13791e-25 0 0 0.00571131 0 0 0 0 0 0 0 0 0 0 
0.0375 -1.9368 -5.2368 -4.54123 -4.62788 -0.263198 2.89032e-19 1.726e+14 0.000204269 0.0011665 8.01088e-23 3.22579e-08 177020 0 0 8.13791e-25 0 0 0.00571131 0 0 0 0 0 0 0 0 0 0 
0.038 -1.92795 -5.22795 -4.54123 -4.61903 -0.272049 2.05236e-19 1.72593e+14 0.000204276 0.00116652 8.01088e-23 3.22571e-08 177025 0 0 8.13791e-25 0 0 0.00571131 0 0 0 0 0 0 0 0 0 0 
0.0385 -1.9191 -5.2191 -4.54123 -4.61018 -0.280901 1.45733e-19 1.72585e+14 0.000204283 0.00116654 8.01088e-23 3.22562e-08 177029 0 0 8.13791e-25 0 0 0.00571131 0 0 0 0 0 0 0 0 0 0 
0.039 -1.91025 -5.21025 -4.54123 -4.60132 -0.289752 1.0348e-19 1.72577e+14 0.00020429 0.00116657 8.01088e-23 3.22554e-08 177034 0 0 8.13791e-25 0 0 0.00571131 0 0 0 0 0 0 0 0 0 0 
0.0395 -1.9014 -5.2014 -4.54123 -4.59247 -0.298604 7.34776e-20 1.7257e+14 0.000204297 0.00116659 8.01088e-23 3.22546e-08 177038 0 0 8.13791e-25 0 0 0.00571131 0 0 0 0 0 0 0 0 0 0 
0.04 -1.89254 -5.19254 -4.54123 -4.58362 -0.307456 5.21733e-20 1.72562e+14 0.000204304 0.00116661 8.01088e-23 3.22538e-08 177043 0 0 8.13791e-25 0 0 0.00571131 0 0 0 0 0 0 0 0 0 0 
0.0405 -1.88369 -5.18369 -4.54123 -4.57476 -0.316308 3.70456e-20 1.72554e+14 0.000204311 0.00116663 8.01088e-23 3.2253e-08 177047 0 0 8.13791e-25 0 0 0.00571131 0 0 0 0 0 0 0 0 0 0 
0.041 -1.87484 -5.17484 -4.54123 -4.56591 -0.325161 2.6304e-20 1.72546e+14 0.000204318 0.00116666 8.01088e-23 3.22522e-08 177052 0 0 8.13791e-25 0 0 0.00571131 0 0 0 0 0 0 0 0 0 0 
0.0415 -1.86599 -5.16599 -4.54123 -4.55705 -0.334014 1.86769e-20 1.72539e+14 0.000204325 0.00116668 8.01088e-23 3.22514e-08 177056 0 0 8.13791e-25 0 0 0.00571131 0 0 0 0 0 0 0 0 0 0 
0.042 -1.85713 -5.15713 -4.54123 -4.5482 -0.342866 1.32612e-20 1.72531e+14 0.000204332 0.0011667 8.01088e-23 3.22506e-08 177061 0 0 8.13791e-25 0 0 0.00571131 0 0 0 0 0 0 0 0 0 0 
0.0425 -1.84828 -5.14828 -4.54123 -4.53934 -0.35172 9.41577e-21 1.72523e+14 0.00020434 0.00116673 8.01088e-23 3.22498e-08 177065 0 0 8.13791e-25 0 0 0.00571131 0 0 0 0 0 0 0 0 0 0 
0.043 -1.83943 -5.13943 -4.54123 -4.53049 -0.360573 6.68538e-21 1.72515e+14 0.000204347 0.00116675 8.01088e-23 3.22489e-08 177069 0 0 8.13791e-25 0 0 0.00571131 0 0 0 0 0 0 0 0 0 0 
0.0435 -1.83057 -5.13057 -4.54123 -4.52163 -0.369426 4.74671e-21 1.72508e+14 0.000204354 0.00116677 8.01088e-23 3.22481e-08 177074 0 0 8.13791e-25 0 0 0.00571131 0 0 0 0 0 0 0 0 0 0 
0.044 -1.82172 -5.12172 -4.54123 -4.51278 -0.37828 3.3702e-21 1.725e+14 0.000204361 0.00116679 8.01088e-23 3.22473e-08 177078 0 0 8.13791e-25 0 0 0.00571131 0 0 0 0 0 0 0 0 0 0 
0.0445 -1.81287 -5.11287 -4.54123 -4.50392 -0.387134 2.39285e-21 1.72492e+14 0.000204368 0.00116682 8.01088e-23 3.22465e-08 177083 0 0 8.13791e-25 0 0 0.00571131 0 0 0 0 0 0 0 0 0 0 
0.045 -1.80401 -5.10401 -4.54123 -4.49507 -0.395989 1.69891e-21 1.72485e+14 0.000204375 0.00116684 8.01088e-23 3.22457e-08 177087 0 0 8.13792e-25 0 0 0.00571131 0 0 0 0 0 0 0 0 0 0 
0.0455 -1.79516 -5.09516 -4.54123 -4.48621 -0.404843 1.20621e-21 1.72477e+14 0.000204382 0.00116686 8.01088e-23 3.22449e-08 177092 0 0 8.13792e-25 0 0 0.00571131 0 0 0 0 0 0 0 0 0 0 
0.046 -1.7863 -5.0863 -4.54123 -4.47736 -0.413698 8.56386e-22 1.72469e+14 0.000204389 0.00116688 8.01088e-23 3.22441e-08 177096 0 0 8.13791e-25 0 0 0.00571131 0 0 0 0 0 0 0 0 0 0 
0.0465 -1.77745 -5.07745 -4.54123 -4.4685 -0.422553 6.08014e-22 1.72461e+14 0.000204396 0.00116691 8.01088e-23 3.22433e-08 177101 0 0 8.13792e-25 0 0 0.00571131 0 0 0 0 0 0 0 0 0 0 
0.047 -1.76859 -5.06859 -4.54123 -4.45964 -0.431408 4.31672e-22 1.72454e+14 0.000204403 0.00116693 8.01088e-23 3.22424e-08 177105 0 0 8.13791e-25 0 0 0.00571131 0 0 0 0 0 0 0 0 0 0 
0.0475 -1.75974 -5.05974 -4.54123 -4.45079 -0.440263 3.06472e-22 1.72446e+14 0.00020441 0.00116695 8.01088e-23 3.22416e-08 177110 0 0 8.13792e-25 0 0 0.00571131 0 0 0 0 0 0 0 0 0 0 
0.048 -1.75088 -5.05088 -4.54123 -4.44193 -0.449119 2.17582e-22 1.72438e+14 0.000204417 0.00116698 8.01088e-23 3.22408e-08 177114 0 0 8.13792e-25 0 0 0.00571131 0 0 0 0 0 0 0 0 0 0 
0.0485 -1.74203 -5.04203 -4.54123 -4.43307 -0.457975 1.54473e-22 1.72431e+14 0.000204425 0.001167 8.01088e-23 3.224e-08 177118 0 0 8.13792e-25 0 0 0.00571131 0 0 0 0 0 0 0 0 0 0 
0.049 -1.73317 -5.03317 -4.54123 -4.42421 -0.466831 1.09667e-22 1.72423e+14 0.000204432 0.00116702 8.01088e-23 3.22392e-08 177123 0 0 8.13791e-25 0 0 0.00571131 0 0 0 0 0 0 0 0 0 0 
0.0495 -1.72431 -5.02431 -4.54123 -4.41536 -0.475687 7.78573e-23 1.72415e+14 0.000204439 0.00116704 8.01088e-23 3.22384e-08 177127 0 0 8.13791e-25 0 0 0.00571131 0 0 0 0 0 0 0 0 0 0 
0.05 -1.71546 -5.01546 -4.54123 -4.4065 -0.484543 5.52736e-23 1.72407e+14 0.000204446 0.00116707 8.01088e-23 3.22376e-08 177132 0 0 8.13791e-25 0 0 0.00571131 0 0 0 0 0 0 0 0 0 0 
0.0505 -1.7066 -5.0066 -4.54123 -4.39764 -0.4934 3.92402e-23 1.724e+14 0.000204453 0.00116709 8.01088e-23 3.22368e-08 177136 0 0 8.13792e-25 0 0 0.00571131 0 0 0 0 0 0 0 0 0 0 
0.051 -1.69774 -4.99774 -4.54123 -4.38878 -0.502257 2.78575e-23 1.72392e+14 0.00020446 0.00116711 8.01088e-23 3.2236e-08 177141 0 0 8.13792e-25 0 0 0.00571131 0 0 0 0 0 0 0 0 0 0 
0.0515 -1.68889 -4.98889 -4.54123 -4.37992 -0.511114 1.97765e-23 1.72384e+14 0.000204467 0.00116714 8.01088e-23 3.22351e-08 177145 0 0 8.13792e-25 0 0 0.00571131 0 0 0 0 0 0 0 0 0 0 
0.052 -1.68003 -4.98003 -4.54123 -4.37106 -0.519972 1.40395e-23 1.72377e+14 0.000204474 0.00116716 8.01088e-23 3.22343e-08 177150 0 0 8.13791e-25 0 0 0.00571131 0 0 0 0 0 0 0 0 0 0 
0.0525 -1.67117 -4.97117 -4.54123 -4.3622 -0.528829 9.96668e-24 1.72369e+14 0.000204481 0.00116718 8.01088e-23 3.22335e-08 177154 0 0 8.13791e-25 0 0 0.00571131 0 0 0 0 0 0 0 0 0 0 
0.053 -1.66231 -4.96231 -4.54123 -4.35334 -0.537687 7.07532e-24 1.72361e+14 0.000204488 0.0011672 8.01088e-23 3.22327e-08 177159 0 0 8.13791e-25 0 0 0.00571131 0 0 0 0 0 0 0 0 0 0 
0.0535 -1.65346 -4.95346 -4.54123 -4.34449 -0.546545 5.0227e-24 1.72354e+14 0.000204495 0.00116723 8.01088e-23 3.22319e-08 177163 0 0 8.13791e-25 0 0 0.00571131 0 0 0 0 0 0 0 0 0 0 
0.054 -1.6446 -4.9446 -4.54123 -4.33563 -0.555403 3.56554e-24 1.72346e+14 0.000204503 0.00116725 8.01088e-23 3.22311e-08 177167 0 0 8.13791e-25 0 0 0.00571131 0 0 0 0 0 0 0 0 0 0 
0.0545 -1.63574 -4.93574 -4.54123 -4.32677 -0.564262 2.5311e-24 1.72338e+14 0.00020451 0.00116727 8.01088e-23 3.22303e-08 177172 0 0 8.13791e-25 0 0 0.00571131 0 0 0 0 0 0 0 0 0 0 
0.055 -1.62688 -4.92688 -4.54123 -4.3179 -0.57312 1.79676e-24 1.7233e+14 0.000204517 0.0011673 8.01088e-23 3.22295e-08 177176 0 0 8.13791e-25 0 0 0.00571131 0 0 0 0 0 0 0 0 0 0 
0.0555 -1.61802 -4.91802 -4.54123 -4.30904 -0.581979 1.27546e-24 1.72323e+14 0.000204524 0.00116732 8.01088e-23 3.22287e-08 177181 0 0 8.13791e-25 0 0 0.00571131 0 0 0 0 0 0 0 0 0 0 
0.056 -1.60916 -4.90916 -4.54123 -4.30018 -0.590839 9.05399e-25 1.72315e+14 0.000204531 0.00116734 8.01088e-23 3.22279e-08 177185 0 0 8.13791e-25 0 0 0.00571131 0 0 0 0 0 0 0 0 0 0 
0.0565 -1.6003 -4.9003 -4.54123 -4.29132 -0.599698 6.42701e-25 1.72307e+14 0.000204538 0.00116736 8.01088e-23 3.2227e-08 177190 0 0 8.13792e-25 0 0 0.00571131 0 0 0 0 0 0 0 0 0 0 
0.057 -1.59144 -4.89144 -4.54123 -4.28246 -0.608557 4.5622e-25 1.723e+14 0.000204545 0.00116739 8.01088e-23 3.22262e-08 177194 0 0 8.13792e-25 0 0 0.00571131 0 0 0 0 0 0 0 0 0 0 
0.0575 -1.58258 -4.88258 -4.54123 -4.2736 -0.617417 3.23844e-25 1.72292e+14 0.000204552 0.00116741 8.01088e-23 3.22254e-08 177199 0 0 8.13792e-25 0 0 0.00571131 0 0 0 0 0 0 0 0 0 0 
0.058 -1.57372 -4.87372 -4.54123 -4.26474 -0.626277 2.29876e-25 1.72284e+14 0.000204559 0.00116743 8.01088e-23 3.22246e-08 177203 0 0 8.13791e-25 0 0 0.00571131 0 0 0 0 0 0 0 0 0 0 
0.0585 -1.56486 -4.86486 -4.54123 -4.25588 -0.635138 1.63173e-25 1.72277e+14 0.000204566 0.00116746 8.01088e-23 3.22238e-08 177208 0 0 8.13791e-25 0 0 0.00571131 0 0 0 0 0 0 0 0 0 0 
0.059 -1.556 -4.856 -4.54123 -4.24701 -0.643998 1.15824e-25 1.72269e+14 0.000204573 0.00116748 8.01088e-23 3.2223e-08 177212 0 0 8.13791e-25 0 0 0.00571131 0 0 0 0 0 0 0 0 0 0 
0.0595 -1.54714 -4.84714 -4.54123 -4.23815 -0.652859 8.2214e-26 1.72261e+14 0.000204581 0.0011675 8.01088e-23 3.22222e-08 177216 0 0 8.13791e-25 0 0 0.00571131 0 0 0 0 0 0 0 0 0 0 
0.06 -1.53828 -4.83828 -4.54123 -4.22929 -0.66172 5.83564e-26 1.72253e+14 0.000204588 0.00116752 8.01088e-23 3.22214e-08 177221 0 0 8.13792e-25 0 0 0.00571131 0 0 0 0 0 0 0 0 0 0 
0.0605 -1.52942 -4.82942 -4.54123 -4.22043 -0.670581 4.14217e-26 1.72246e+14 0.000204595 0.00116755 8.01088e-23 3.22206e-08 177225 0 0 8.13792e-25 0 0 0.00571131 0 0 0 0 0 0 0 0 0 0 
0.061 -1.52056 -4.82056 -4.54123 -4.21156 -0.679442 2.94011e-26 1.72238e+14 0.000204602 0.00116757 8.01088e-23 3.22198e-08 177230 0 0 8.13791e-25 0 0 0.00571131 0 0 0 0 0 0 0 0 0 0 
0.0615 -1.5117 -4.8117 -4.54123 -4.2027 -0.688304 2.08687e-26 1.7223e+14 0.000204609 0.00116759 8.01088e-23 3.2219e-08 177234 0 0 8.13791e-25 0 0 0.00571131 0 0 0 0 0 0 0 0 0 0 
0.062 -1.50283 -4.80283 -4.54123 -4.19384 -0.697166 1.48123e-26 1.72223e+14 0.000204616 0.00116762 8.01088e-23 3.22181e-08 177239 0 0 8.13792e-25 0 0 0.00571131 0 0 0 0 0 0 0 0 0 0 
0.0625 -1.49397 -4.79397 -4.54123 -4.18497 -0.706028 1.05135e-26 1.72215e+14 0.000204623 0.00116764 8.01088e-23 3.22173e-08 177243 0 0 8.13792e-25 0 0 0.00571131 0 0 0 0 0 0 0 0 0 0 
0.063 -1.48511 -4.78511 -4.54123 -4.17611 -0.71489 7.46222e-27 1.72207e+14 0.00020463 0.00116766 8.01088e-23 3.22165e-08 177248 0 0 8.13791e-25 0 0 0.00571131 0 0 0 0 0 0 0 0 0 0 
0.0635 -1.47625 -4.77625 -4.54123 -4.16725 -0.723753 5.29645e-27 1.722e+14 0.000204637 0.00116768 8.01088e-23 3.22157e-08 177252 0 0 8.13791e-25 0 0 0.00571131 0 0 0 0 0 0 0 0 0 0 
0.064 -1.46738 -4.76738 -4.54123 -4.15838 -0.732615 3.75922e-27 1.72192e+14 0.000204644 0.00116771 8.01088e-23 3.22149e-08 177257 0 0 8.13791e-25 0 0 0.00571131 0 0 0 0 0 0 0 0 0 0 
0.0645 -1.45852 -4.75852 -4.54123 -4.14952 -0.741478 2.66813e-27 1.72184e+14 0.000204651 0.00116773 8.01088e-23 3.22141e-08 177261 0 0 8.13791e-25 0 0 0.00571131 0 0 0 0 0 0 0 0 0 0 
0.065 -1.44966 -4.74966 -4.54123 -4.14065 -0.750341 1.89371e-27 1.72177e+14 0.000204659 0.00116775 8.01088e-23 3.22133e-08 177265 0 0 8.13791e-25 0 0 0.00571131 0 0 0 0 0 0 0 0 0 0 
0.0655 -1.4408 -4.7408 -4.54123 -4.13179 -0.759205 1.34405e-27 1.72169e+14 0.000204666 0.00116778 8.01088e-23 3.22125e-08 177270 0 0 8.13792e-25 0 0 0.00571131 0 0 0 0 0 0 0 0 0 0 
0.066 -1.43193 -4.73193 -4.54123 -4.12292 -0.768068 9.53923e-28 1.72161e+14 0.000204673 0.0011678 8.01088e-23 3.22117e-08 177274 0 0 8.13792e-25 0 0 0.00571131 0 0 0 0 0 0 0 0 0 0 
0.0665 -1.42307 -4.72307 -4.54123 -4.11406 -0.776932 6.7703e-28 1.72153e+14 0.00020468 0.00116782 8.01088e-23 3.22109e-08 177279 0 0 8.13791e-25 0 0 0.00571131 0 0 0 0 0 0 0 0 0 0 
0.067 -1.4142 -4.7142 -4.54123 -4.10519 -0.785796 4.80505e-28 1.72146e+14 0.000204687 0.00116784 8.01088e-23 3.22101e-08 177283 0 0 8.13791e-25 0 0 0.00571131 0 0 0 0 0 0 0 0 0 0 
0.0675 -1.40534 -4.70534 -4.54123 -4.09633 -0.794661 3.41024e-28 1.72138e+14 0.000204694 0.00116787 8.01088e-23 3.22093e-08 177288 0 0 8.13791e-25 0 0 0.00571131 0 0 0 0 0 0 0 0 0 0 
0.068 -1.39647 -4.69647 -4.54123 -4.08746 -0.803525 2.4203e-28 1.7213e+14 0.000204701 0.00116789 8.01088e-23 3.22084e-08 177292 0 0 8.13792e-25 0 0 0.00571131 0 0 0 0 0 0 0 0 0 0 
0.0685 -1.38761 -4.68761 -4.54123 -4.07859 -0.81239 1.7177e-28 1.72123e+14 0.000204708 0.00116791 8.01088e-23 3.22076e-08 177297 0 0 8.13792e-25 0 0 0.00571131 0 0 0 0 0 0 0 0 0 0 
0.069 -1.37875 -4.67875 -4.54123 -4.06973 -0.821255 1.21906e-28 1.72115e+14 0.000204715 0.00116794 8.01088e-23 3.22068e-08 177301 0 0 8.13792e-25 0 0 0.00571131 0 0 0 0 0 0 0 0 0 0 
0.0695 -1.36988 -4.66988 -4.54123 -4.06086 -0.83012 8.65158e-29 1.72107e+14 0.000204722 0.00116796 8.01088e-23 3.2206e-08 177306 0 0 8.13792e-25 0 0 0.00571131 0 0 0 0 0 0 0 0 0 0 
0.07 -1.36101 -4.66101 -4.54123 -4.05199 -0.838985 6.13994e-29 1.721e+14 0.00020473 0.00116798 8.01088e-23 3.22052e-08 177310 0 0 8.13792e-25 0 0 0.00571131 0 0 0 0 0 0 0 0 0 0 
0.0705 -1.35215 -4.65215 -4.54123 -4.04313 -0.847851 4.35741e-29 1.72092e+14 0.000204737 0.001168 8.01088e-23 3.22044e-08 177314 0 0 8.13792e-25 0 0 0.00571131 0 0 0 0 0 0 0 0 0 0 
0.071 -1.34328 -4.64328 -4.54123 -4.03426 -0.856717 3.09235e-29 1.72084e+14 0.000204744 0.00116803 8.01088e-23 3.22036e-08 177319 0 0 8.13792e-25 0 0 0.00571131 0 0 0 0 0 0 0 0 0 0 
0.0715 -1.33442 -4.63442 -4.54123 -4.02539 -0.865583 2.19455e-29 1.72077e+14 0.000204751 0.00116805 8.01088e-23 3.22028e-08 177323 0 0 8.13791e-25 0 0 0.00571131 0 0 0 0 0 0 0 0 0 0 
0.072 -1.32555 -4.62555 -4.54123 -4.01652 -0.874449 1.5574e-29 1.72069e+14 0.000204758 0.00116807 8.01088e-23 3.2202e-08 177328 0 0 8.13792e-25 0 0 0.00571131 0 0 0 0 0 0 0 0 0 0 
0.0725 -1.31668 -4.61668 -4.54123 -4.00766 -0.883315 1.10522e-29 1.72061e+14 0.000204765 0.0011681 8.01088e-23 3.22012e-08 177332 0 0 8.13791e-25 0 0 0.00571131 0 0 0 0 0 0 0 0 0 0 
0.073 -1.30782 -4.60782 -4.54123 -3.99879 -0.892182 7.84323e-30 1.72054e+14 0.000204772 0.00116812 8.01088e-23 3.22004e-08 177337 0 0 8.13791e-25 0 0 0.00571131 0 0 0 0 0 0 0 0 0 0 
0.0735 -1.29895 -4.59895 -4.54123 -3.98992 -0.901049 5.56592e-30 1.72046e+14 0.000204779 0.00116814 8.01088e-23 3.21996e-08 177341 0 0 8.13792e-25 0 0 0.00571131 0 0 0 0 0 0 0 0 0 0 
0.074 -1.29008 -4.59008 -4.54123 -3.98105 -0.909916 3.9498e-30 1.72038e+14 0.000204786 0.00116816 8.01088e-23 3.21988e-08 177346 0 0 8.13792e-25 0 0 0.00571131 0 0 0 0 0 0 0 0 0 0 
0.0745 -1.28122 -4.58122 -4.54123 -3.97218 -0.918784 2.80291e-30 1.72031e+14 0.000204793 0.00116819 8.01088e-23 3.21979e-08 177350 0 0 8.13791e-25 0 0 0.00571131 0 0 0 0 0 0 0 0 0 0 
0.075 -1.27235 -4.57235 -4.54123 -3.96331 -0.927651 1.98903e-30 1.72023e+14 0.0002048 0.00116821 8.01088e-23 3.21971e-08 177354 0 0 8.13791e-25 0 0 0.00571131 0 0 0 0 0 0 0 0 0 0 
0.0755 -1.26348 -4.56348 -4.54123 -3.95444 -0.936519 1.41146e-30 1.72015e+14 0.000204808 0.00116823 8.01088e-23 3.21963e-08 177359 0 0 8.13791e-25 0 0 0.00571131 0 0 0 0 0 0 0 0 0 0 
0.076 -1.25461 -4.55461 -4.54123 -3.94557 -0.945387 1.00159e-30 1.72008e+14 0.000204815 0.00116826 8.01088e-23 3.21955e-08 177363 0 0 8.13791e-25 0 0 0.00571131 0 0 0 0 0 0 0 0 0 0 
0.0765 -1.24574 -4.54574 -4.54123 -3.9367 -0.954255 7.1074e-31 1.72e+14 0.000204822 0.00116828 8.01088e-23 3.21947e-08 177368 0 0 8.13791e-25 0 0 0.00571131 0 0 0 0 0 0 0 0 0 0 
0.077 -1.23688 -4.53688 -4.54123 -3.92783 -0.963124 5.04344e-31 1.71992e+14 0.000204829 0.0011683 8.01088e-23 3.21939e-08 177372 0 0 8.13792e-25 0 0 0.00571131 0 0 0 0 0 0 0 0 0 0 
0.0775 -1.22801 -4.52801 -4.54123 -3.91896 -0.971993 3.57881e-31 1.71985e+14 0.000204836 0.00116832 8.01088e-23 3.21931e-08 177377 0 0 8.13792e-25 0 0 0.00571131 0 0 0 0 0 0 0 0 0 0 
0.078 -1.21914 -4.51914 -4.54123 -3.91009 -0.980862 2.5395e-31 1.71977e+14 0.000204843 0.00116835 8.01088e-23 3.21923e-08 177381 0 0 8.13791e-25 0 0 0.00571131 0 0 0 0 0 0 0 0 0 0 
0.0785 -1.21027 -4.51027 -4.54123 -3.90122 -0.989731 1.80199e-31 1.71969e+14 0.00020485 0.00116837 8.01088e-23 3.21915e-08 177386 0 0 8.13791e-25 0 0 0.00571131 0 0 0 0 0 0 0 0 0 0 
0.079 -1.2014 -4.5014 -4.54123 -3.89235 -0.9986 1.27865e-31 1.71962e+14 0.000204857 0.00116839 8.01088e-23 3.21907e-08 177390 0 0 8.13791e-25 0 0 0.00571131 0 0 0 0 0 0 0 0 0 0 
0.0795 -1.19253 -4.49253 -4.54123 -3.88348 -1.00747 9.07299e-32 1.71954e+14 0.000204864 0.00116842 8.01088e-23 3.21899e-08 177394 0 0 8.13792e-25 0 0 0.00571131 0 0 0 0 0 0 0 0 0 0 
0.08 -1.18366 -4.48366 -4.54123 -3.87461 -1.01634 6.4379e-32 1.71946e+14 0.000204871 0.00116844 8.01088e-23 3.21891e-08 177399 0 0 8.13792e-25 0 0 0.00571131 0 0 0 0 0 0 0 0 0 0 
0.0805 -1.17479 -4.47479 -4.54123 -3.86574 -1.02521 4.56808e-32 1.71939e+14 0.000204879 0.00116846 8.01088e-23 3.21883e-08 177403 0 0 8.13791e-25 0 0 0.00571131 0 0 0 0 0 0 0 0 0 0 
0.081 -1.16592 -4.46592 -4.54123 -3.85686 -1.03408 3.24131e-32 1.71931e+14 0.000204886 0.00116848 8.01088e-23 3.21875e-08 177408 0 0 8.13791e-25 0 0 0.00571131 0 0 0 0 0 0 0 0 0 0 
0.0815 -1.15705 -4.45705 -4.54123 -3.84799 -1.04295 2.29986e-32 1.71923e+14 0.000204893 0.00116851 8.01088e-23 3.21867e-08 177412 0 0 8.13792e-25 0 0 0.00571131 0 0 0 0 0 0 0 0 0 0 
0.082 -1.14818 -4.44818 -4.54123 -3.83912 -1.05182 1.63185e-32 1.71916e+14 0.0002049 0.00116853 8.01088e-23 3.21859e-08 177417 0 0 8.13792e-25 0 0 0.00571131 0 0 0 0 0 0 0 0 0 0 
0.0825 -1.13931 -4.43931 -4.54123 -3.83025 -1.06069 1.15786e-32 1.71908e+14 0.000204907 0.00116855 8.01088e-23 3.2185e-08 177421 0 0 8.13792e-25 0 0 0.00571131 0 0 0 0 0 0 0 0 0 0 
0.083 -1.13044 -4.43044 -4.54123 -3.82137 -1.06956 8.21537e-33 1.719e+14 0.000204914 0.00116857 8.01088e-23 3.21842e-08 177426 0 0 8.13792e-25 0 0 0.00571131 0 0 0 0 0 0 0 0 0 0 
0.0835 -1.12157 -4.42157 -4.54123 -3.8125 -1.07843 5.829e-33 1.71893e+14 0.000204921 0.0011686 8.01088e-23 3.21834e-08 177430 0 0 8.13792e-25 0 0 0.00571131 0 0 0 0 0 0 0 0 0 0 
0.084 -1.11269 -4.41269 -4.54123 -3.80363 -1.08731 4.13579e-33 1.71885e+14 0.000204928 0.00116862 8.01088e-23 3.21826e-08 177434 0 0 8.13792e-25 0 0 0.00571131 0 0 0 0 0 0 0 0 0 0 
0.0845 -1.10382 -4.40382 -4.54123 -3.79475 -1.09618 2.93439e-33 1.71877e+14 0.000204935 0.00116864 8.01088e-23 3.21818e-08 177439 0 0 8.13791e-25 0 0 0.00571131 0 0 0 0 0 0 0 0 0 0 
0.085 -1.09495 -4.39495 -4.54123 -3.78588 -1.10505 2.08197e-33 1.7187e+14 0.000204942 0.00116867 8.01088e-23 3.2181e-08 177443 0 0 8.13792e-25 0 0 0.00571131 0 0 0 0 0 0 0 0 0 0 
0.0855 -1.08608 -4.38608 -4.54123 -3.77701 -1.11392 1.47716e-33 1.71862e+14 0.000204949 0.00116869 8.01088e-23 3.21802e-08 177448 0 0 8.13792e-25 0 0 0.00571131 0 0 0 0 0 0 0 0 0 0 
0.086 -1.07721 -4.37721 -4.54123 -3.76813 -1.12279 1.04803e-33 1.71854e+14 0.000204957 0.00116871 8.01088e-23 3.21794e-08 177452 0 0 8.13792e-25 0 0 0.00571131 0 0 0 0 0 0 0 0 0 0 
0.0865 -1.06833 -4.36833 -4.54123 -3.75926 -1.13167 7.43567e-34 1.71847e+14 0.000204964 0.00116873 8.01088e-23 3.21786e-08 177457 0 0 8.13792e-25 0 0 0.00571131 0 0 0 0 0 0 0 0 0 0 
0.087 -1.05946 -4.35946 -4.54123 -3.75038 -1.14054 5.27548e-34 1.71839e+14 0.000204971 0.00116876 8.01088e-23 3.21778e-08 177461 0 0 8.13791e-25 0 0 0.00571131 0 0 0 0 0 0 0 0 0 0 
0.0875 -1.05059 -4.35059 -4.54123 -3.74151 -1.14941 3.74282e-34 1.71831e+14 0.000204978 0.00116878 8.01088e-23 3.2177e-08 177466 0 0 8.13791e-25 0 0 0.00571131 0 0 0 0 0 0 0 0 0 0 
0.088 -1.04171 -4.34171 -4.54123 -3.73263 -1.15829 2.65542e-34 1.71824e+14 0.000204985 0.0011688 8.01088e-23 3.21762e-08 177470 0 0 8.13791e-25 0 0 0.00571131 0 0 0 0 0 0 0 0 0 0 
0.0885 -1.03284 -4.33284 -4.54123 -3.72376 -1.16716 1.88392e-34 1.71816e+14 0.000204992 0.00116883 8.01088e-23 3.21754e-08 177474 0 0 8.13791e-25 0 0 0.00571131 0 0 0 0 0 0 0 0 0 0 
0.089 -1.02397 -4.32397 -4.54123 -3.71488 -1.17603 1.33656e-34 1.71808e+14 0.000204999 0.00116885 8.01088e-23 3.21746e-08 177479 0 0 8.13791e-25 0 0 0.00571131 0 0 0 0 0 0 0 0 0 0 
0.0895 -1.01509 -4.31509 -4.54123 -3.70601 -1.18491 9.48226e-35 1.71801e+14 0.000205006 0.00116887 8.01088e-23 3.21738e-08 177483 0 0 8.13792e-25 0 0 0.00571131 0 0 0 0 0 0 0 0 0 0 
0.09 -1.00622 -4.30622 -4.54123 -3.69713 -1.19378 6.72715e-35 1.71793e+14 0.000205013 0.00116889 8.01088e-23 3.2173e-08 177488 0 0 8.13792e-25 0 0 0.00571131 0 0 0 0 0 0 0 0 0 0 
0.0905 -0.997343 -4.29734 -4.54123 -3.68826 -1.20266 4.7725e-35 1.71785e+14 0.00020502 0.00116892 8.01088e-23 3.21722e-08 177492 0 0 8.13791e-25 0 0 0.00571131 0 0 0 0 0 0 0 0 0 0 
0.091 -0.988468 -4.28847 -4.54123 -3.67938 -1.21153 3.38577e-35 1.71778e+14 0.000205028 0.00116894 8.01088e-23 3.21714e-08 177497 0 0 8.13791e-25 0 0 0.00571131 0 0 0 0 0 0 0 0 0 0 
0.0915 -0.979593 -4.27959 -4.54123 -3.6705 -1.22041 2.40196e-35 1.7177e+14 0.000205035 0.00116896 8.01088e-23 3.21706e-08 177501 0 0 8.13791e-25 0 0 0.00571131 0 0 0 0 0 0 0 0 0 0 
0.092 -0.970718 -4.27072 -4.54123 -3.66163 -1.22928 1.704e-35 1.71762e+14 0.000205042 0.00116899 8.01088e-23 3.21698e-08 177506 0 0 8.13792e-25 0 0 0.00571131 0 0 0 0 0 0 0 0 0 0 
0.0925 -0.961842 -4.26184 -4.54123 -3.65275 -1.23816 1.20884e-35 1.71755e+14 0.000205049 0.00116901 8.01088e-23 3.21689e-08 177510 0 0 8.13791e-25 0 0 0.00571131 0 0 0 0 0 0 0 0 0 0 
0.093 -0.952967 -4.25297 -4.54123 -3.64387 -1.24703 8.57563e-36 1.71747e+14 0.000205056 0.00116903 8.01088e-23 3.21681e-08 177514 0 0 8.13791e-25 0 0 0.00571131 0 0 0 0 0 0 0 0 0 0 
0.0935 -0.944091 -4.24409 -4.54123 -3.635 -1.25591 6.08357e-36 1.71739e+14 0.000205063 0.00116905 8.01088e-23 3.21673e-08 177519 0 0 8.13791e-25 0 0 0.00571131 0 0 0 0 0 0 0 0 0 0 
0.094 -0.935215 -4.23521 -4.54123 -3.62612 -1.26479 4.31567e-36 1.71732e+14 0.00020507 0.00116908 8.01088e-23 3.21665e-08 177523 0 0 8.13791e-25 0 0 0.00571131 0 0 0 0 0 0 0 0 0 0 
0.0945 -0.926339 -4.22634 -4.54123 -3.61724 -1.27366 3.06149e-36 1.71724e+14 0.000205077 0.0011691 8.01088e-23 3.21657e-08 177528 0 0 8.13792e-25 0 0 0.00571131 0 0 0 0 0 0 0 0 0 0 
0.095 -0.917462 -4.21746 -4.54123 -3.60836 -1.28254 2.17177e-36 1.71716e+14 0.000205084 0.00116912 8.01088e-23 3.21649e-08 177532 0 0 8.13792e-25 0 0 0.00571131 0 0 0 0 0 0 0 0 0 0 
0.0955 -0.908585 -4.20859 -4.54123 -3.59948 -1.29141 1.54061e-36 1.71709e+14 0.000205091 0.00116915 8.01088e-23 3.21641e-08 177537 0 0 8.13791e-25 0 0 0.00571131 0 0 0 0 0 0 0 0 0 0 
0.096 -0.899708 -4.19971 -4.54123 -3.59061 -1.30029 1.09287e-36 1.71701e+14 0.000205098 0.00116917 8.01088e-23 3.21633e-08 177541 0 0 8.13791e-25 0 0 0.00571131 0 0 0 0 0 0 0 0 0 0 
0.0965 -0.890831 -4.19083 -4.54123 -3.58173 -1.30917 7.75242e-37 1.71693e+14 0.000205106 0.00116919 8.01088e-23 3.21625e-08 177545 0 0 8.13791e-25 0 0 0.00571131 0 0 0 0 0 0 0 0 0 0 
0.097 -0.881954 -4.18195 -4.54123 -3.57285 -1.31805 5.49926e-37 1.71686e+14 0.000205113 0.00116921 8.01088e-23 3.21617e-08 177550 0 0 8.13791e-25 0 0 0.00571131 0 0 0 0 0 0 0 0 0 0 
0.0975 -0.873076 -4.17308 -4.54123 -3.56397 -1.32692 3.90092e-37 1.71678e+14 0.00020512 0.00116924 8.01088e-23 3.21609e-08 177554 0 0 8.13791e-25 0 0 0.00571131 0 0 0 0 0 0 0 0 0 0 
0.098 -0.864198 -4.1642 -4.54123 -3.55509 -1.3358 2.76711e-37 1.71671e+14 0.000205127 0.00116926 8.01088e-23 3.21601e-08 177559 0 0 8.13791e-25 0 0 0.00571131 0 0 0 0 0 0 0 0 0 0 
0.0985 -0.85532 -4.15532 -4.54123 -3.54621 -1.34468 1.96283e-37 1.71663e+14 0.000205134 0.00116928 8.01088e-23 3.21593e-08 177563 0 0 8.13791e-25 0 0 0.00571131 0 0 0 0 0 0 0 0 0 0 
0.099 -0.846442 -4.14644 -4.54123 -3.53733 -1.35356 1.3923e-37 1.71655e+14 0.000205141 0.00116931 8.01088e-23 3.21585e-08 177568 0 0 8.13791e-25 0 0 0.00571131 0 0 0 0 0 0 0 0 0 0 
0.0995 -0.837564 -4.13756 -4.54123 -3.52845 -1.36244 9.87601e-38 1.71648e+14 0.000205148 0.00116933 8.01088e-23 3.21577e-08 177572 0 0 8.13791e-25 0 0 0.00571131 0 0 0 0 0 0 0 0 0 0 
0.1 -0.828685 -4.12868 -4.54123 -3.51957 -1.37132 7.00528e-38 1.7164e+14 0.000205155 0.00116935 8.01088e-23 3.21569e-08 177577 0 0 8.13791e-25 0 0 0.00571131 0 0 0 0 0 0 0 0 0 0 
0.1005 -0.819806 -4.11981 -4.54123 -3.51069 -1.38019 4.96897e-38 1.71632e+14 0.000205162 0.00116937 8.01088e-23 3.21561e-08 177581 0 0 8.13791e-25 0 0 0.00571131 0 0 0 0 0 0 0 0 0 0 
0.101 -0.810927 -4.11093 -4.54123 -3.50181 -1.38907 3.52455e-38 1.71625e+14 0.000205169 0.0011694 8.01088e-23 3.21553e-08 177585 0 0 8.13791e-25 0 0 0.00571131 0 0 0 0 0 0 0 0 0 0 
0.1015 -0.802047 -4.10205 -4.54123 -3.49293 -1.39795 2.49998e-38 1.71617e+14 0.000205177 0.00116942 8.01088e-23 3.21545e-08 177590 0 0 8.13791e-25 0 0 0.00571131 0 0 0 0 0 0 0 0 0 0 
0.102 -0.793168 -4.09317 -4.54123 -3.48405 -1.40683 1.77323e-38 1.71609e+14 0.000205184 0.00116944 8.01088e-23 3.21537e-08 177594 0 0 8.13792e-25 0 0 0.00571131 0 0 0 0 0 0 0 0 0 0 
0.1025 -0.784288 -4.08429 -4.54123 -3.47516 -1.41571 1.25774e-38 1.71602e+14 0.000205191 0.00116947 8.01088e-23 3.21529e-08 177599 0 0 8.13792e-25 0 0 0.00571131 0 0 0 0 0 0 0 0 0 0 
0.103 -0.775408 -4.07541 -4.54123 -3.46628 -1.42459 8.921e-39 1.71594e+14 0.000205198 0.00116949 8.01088e-23 3.21521e-08 177603 0 0 8.13791e-25 0 0 0.00571131 0 0 0 0 0 0 0 0 0 0 
0.1035 -0.766528 -4.06653 -4.54123 -3.4574 -1.43347 6.32749e-39 1.71587e+14 0.000205205 0.00116951 8.01088e-23 3.21513e-08 177608 0 0 8.13792e-25 0 0 0.00571131 0 0 0 0 0 0 0 0 0 0 
0.104 -0.757647 -4.05765 -4.54123 -3.44852 -1.44235 4.48793e-39 1.71579e+14 0.000205212 0.00116953 8.01088e-23 3.21505e-08 177612 0 0 8.13792e-25 0 0 0.00571131 0 0 0 0 0 0 0 0 0 0 
0.1045 -0.748766 -4.04877 -4.54123 -3.43964 -1.45123 3.18315e-39 1.71571e+14 0.000205219 0.00116956 8.01088e-23 3.21497e-08 177616 0 0 8.13791e-25 0 0 0.00571131 0 0 0 0 0 0 0 0 0 0 
0.105 -0.739886 -4.03989 -4.54123 -3.43075 -1.46011 2.25769e-39 1.71564e+14 0.000205226 0.00116958 8.01088e-23 3.21489e-08 177621 0 0 8.13791e-25 0 0 0.00571131 0 0 0 0 0 0 0 0 0 0 
0.1055 -0.731004 -4.031 -4.54123 -3.42187 -1.469 1.60128e-39 1.71556e+14 0.000205233 0.0011696 8.01088e-23 3.21481e-08 177625 0 0 8.13791e-25 0 0 0.00571131 0 0 0 0 0 0 0 0 0 0 
0.106 -0.722123 -4.02212 -4.54123 -3.41299 -1.47788 1.13571e-39 1.71548e+14 0.00020524 0.00116963 8.01088e-23 3.21473e-08 177630 0 0 8.13791e-25 0 0 0.00571131 0 0 0 0 0 0 0 0 0 0 
0.1065 -0.713241 -4.01324 -4.54123 -3.40411 -1.48676 8.05495e-40 1.71541e+14 0.000205248 0.00116965 8.01088e-23 3.21465e-08 177634 0 0 8.13792e-25 0 0 0.00571131 0 0 0 0 0 0 0 0 0 0 
0.107 -0.70436 -4.00436 -4.54123 -3.39522 -1.49564 5.71288e-40 1.71533e+14 0.000205255 0.00116967 8.01088e-23 3.21457e-08 177639 0 0 8.13791e-25 0 0 0.00571131 0 0 0 0 0 0 0 0 0 0 
0.1075 -0.695478 -3.99548 -4.54123 -3.38634 -1.50452 4.05176e-40 1.71525e+14 0.000205262 0.00116969 8.01088e-23 3.21449e-08 177643 0 0 8.13792e-25 0 0 0.00571131 0 0 0 0 0 0 0 0 0 0 
0.108 -0.686595 -3.9866 -4.54123 -3.37746 -1.5134 2.87361e-40 1.71518e+14 0.000205269 0.00116972 8.01088e-23 3.21441e-08 177647 0 0 8.13792e-25 0 0 0.00571131 0 0 0 0 0 0 0 0 0 0 
0.1085 -0.677713 -3.97771 -4.54123 -3.36857 -1.52229 2.03802e-40 1.7151e+14 0.000205276 0.00116974 8.01088e-23 3.21433e-08 177652 0 0 8.13791e-25 0 0 0.00571131 0 0 0 0 0 0 0 0 0 0 
0.109 -0.66883 -3.96883 -4.54123 -3.35969 -1.53117 1.44539e-40 1.71503e+14 0.000205283 0.00116976 8.01088e-23 3.21425e-08 177656 0 0 8.13791e-25 0 0 0.00571131 0 0 0 0 0 0 0 0 0 0 
0.1095 -0.659947 -3.95995 -4.54123 -3.3508 -1.54005 1.02509e-40 1.71495e+14 0.00020529 0.00116979 8.01088e-23 3.21416e-08 177661 0 0 8.13791e-25 0 0 0.00571131 0 0 0 0 0 0 0 0 0 0 
0.11 -0.651064 -3.95106 -4.54123 -3.34192 -1.54894 7.26992e-41 1.71487e+14 0.000205297 0.00116981 8.01088e-23 3.21408e-08 177665 0 0 8.13791e-25 0 0 0.00571131 0 0 0 0 0 0 0 0 0 0 
0.1105 -0.642181 -3.94218 -4.54123 -3.33303 -1.55782 5.1558e-41 1.7148e+14 0.000205304 0.00116983 8.01088e-23 3.214e-08 177670 0 0 8.13792e-25 0 0 0.00571131 0 0 0 0 0 0 0 0 0 0 
0.111 -0.633297 -3.9333 -4.54123 -3.32415 -1.5667 3.65644e-41 1.71472e+14 0.000205311 0.00116985 8.01088e-23 3.21392e-08 177674 0 0 8.13792e-25 0 0 0.00571131 0 0 0 0 0 0 0 0 0 0 
0.1115 -0.624413 -3.92441 -4.54123 -3.31526 -1.57559 2.59309e-41 1.71464e+14 0.000205319 0.00116988 8.01088e-23 3.21384e-08 177679 0 0 8.13791e-25 0 0 0.00571131 0 0 0 0 0 0 0 0 0 0 
0.112 -0.615529 -3.91553 -4.54123 -3.30638 -1.58447 1.83896e-41 1.71457e+14 0.000205326 0.0011699 8.01088e-23 3.21376e-08 177683 0 0 8.13791e-25 0 0 0.00571131 0 0 0 0 0 0 0 0 0 0 
0.1125 -0.606645 -3.90664 -4.54123 -3.29749 -1.59336 1.30414e-41 1.71449e+14 0.000205333 0.00116992 8.01088e-23 3.21368e-08 177687 0 0 8.13791e-25 0 0 0.00571131 0 0 0 0 0 0 0 0 0 0 
0.113 -0.59776 -3.89776 -4.54123 -3.2886 -1.60224 9.24848e-42 1.71442e+14 0.00020534 0.00116995 8.01088e-23 3.2136e-08 177692 0 0 8.13791e-25 0 0 0.00571131 0 0 0 0 0 0 0 0 0 0 
0.1135 -0.588876 -3.88888 -4.54123 -3.27972 -1.61112 6.55865e-42 1.71434e+14 0.000205347 0.00116997 8.01088e-23 3.21352e-08 177696 0 0 8.13791e-25 0 0 0.00571131 0 0 0 0 0 0 0 0 0 0 
0.114 -0.579991 -3.87999 -4.54123 -3.27083 -1.62001 4.65109e-42 1.71426e+14 0.000205354 0.00116999 8.01088e-23 3.21344e-08 177701 0 0 8.13791e-25 0 0 0.00571131 0 0 0 0 0 0 0 0 0 0 
0.1145 -0.571106 -3.87111 -4.54123 -3.26195 -1.62889 3.2983e-42 1.71419e+14 0.000205361 0.00117002 8.01088e-23 3.21336e-08 177705 0 0 8.13791e-25 0 0 0.00571131 0 0 0 0 0 0 0 0 0 0 
0.115 -0.56222 -3.86222 -4.54123 -3.25306 -1.63778 2.33896e-42 1.71411e+14 0.000205368 0.00117004 8.01088e-23 3.21328e-08 177710 0 0 8.13792e-25 0 0 0.00571131 0 0 0 0 0 0 0 0 0 0 
0.1155 -0.553335 -3.85333 -4.54123 -3.24417 -1.64667 1.65864e-42 1.71403e+14 0.000205375 0.00117006 8.01088e-23 3.2132e-08 177714 0 0 8.13792e-25 0 0 0.00571131 0 0 0 0 0 0 0 0 0 0 
0.116 -0.544449 -3.84445 -4.54123 -3.23528 -1.65555 1.17619e-42 1.71396e+14 0.000205382 0.00117008 8.01088e-23 3.21312e-08 177718 0 0 8.13791e-25 0 0 0.00571131 0 0 0 0 0 0 0 0 0 0 
0.1165 -0.535563 -3.83556 -4.54123 -3.2264 -1.66444 8.34063e-43 1.71388e+14 0.00020539 0.00117011 8.01088e-23 3.21304e-08 177723 0 0 8.13791e-25 0 0 0.00571131 0 0 0 0 0 0 0 0 0 0 
0.117 -0.526677 -3.82668 -4.54123 -3.21751 -1.67332 5.91448e-43 1.71381e+14 0.000205397 0.00117013 8.01088e-23 3.21296e-08 177727 0 0 8.13791e-25 0 0 0.00571131 0 0 0 0 0 0 0 0 0 0 
0.1175 -0.51779 -3.81779 -4.54123 -3.20862 -1.68221 4.19402e-43 1.71373e+14 0.000205404 0.00117015 8.01088e-23 3.21288e-08 177732 0 0 8.13791e-25 0 0 0.00571131 0 0 0 0 0 0 0 0 0 0 
0.118 -0.508903 -3.8089 -4.54123 -3.19973 -1.6911 2.974e-43 1.71365e+14 0.000205411 0.00117018 8.01088e-23 3.2128e-08 177736 0 0 8.13791e-25 0 0 0.00571131 0 0 0 0 0 0 0 0 0 0 
0.1185 -0.500017 -3.80002 -4.54123 -3.19084 -1.69998 2.10886e-43 1.71358e+14 0.000205418 0.0011702 8.01088e-23 3.21272e-08 177741 0 0 8.13792e-25 0 0 0.00571131 0 0 0 0 0 0 0 0 0 0 
0.119 -0.491129 -3.79113 -4.54123 -3.18195 -1.70887 1.49537e-43 1.7135e+14 0.000205425 0.00117022 8.01088e-23 3.21264e-08 177745 0 0 8.13792e-25 0 0 0.00571131 0 0 0 0 0 0 0 0 0 0 
0.1195 -0.482242 -3.78224 -4.54123 -3.17307 -1.71776 1.06035e-43 1.71342e+14 0.000205432 0.00117024 8.01088e-23 3.21256e-08 177749 0 0 8.13791e-25 0 0 0.00571131 0 0 0 0 0 0 0 0 0 0 
0.12 -0.473354 -3.77335 -4.54123 -3.16418 -1.72665 7.51873e-44 1.71335e+14 0.000205439 0.00117027 8.01088e-23 3.21248e-08 177754 0 0 8.13792e-25 0 0 0.00571131 0 0 0 0 0 0 0 0 0 0 
0.1205 -0.464467 -3.76447 -4.54123 -3.15529 -1.73553 5.33134e-44 1.71327e+14 0.000205446 0.00117029 8.01088e-23 3.2124e-08 177758 0 0 8.13792e-25 0 0 0.00571131 0 0 0 0 0 0 0 0 0 0 
0.121 -0.455579 -3.75558 -4.54123 -3.1464 -1.74442 3.78028e-44 1.7132e+14 0.000205453 0.00117031 8.01088e-23 3.21232e-08 177763 0 0 8.13791e-25 0 0 0.00571131 0 0 0 0 0 0 0 0 0 0 
0.1215 -0.44669 -3.74669 -4.54123 -3.13751 -1.75331 2.68045e-44 1.71312e+14 0.000205461 0.00117034 8.01088e-23 3.21224e-08 177767 0 0 8.13791e-25 0 0 0.00571131 0 0 0 0 0 0 0 0 0 0 
0.122 -0.437802 -3.7378 -4.54123 -3.12862 -1.7622 1.90059e-44 1.71304e+14 0.000205468 0.00117036 8.01088e-23 3.21216e-08 177772 0 0 8.13791e-25 0 0 0.00571131 0 0 0 0 0 0 0 0 0 0 
0.1225 -0.428913 -3.72891 -4.54123 -3.11973 -1.77109 1.34761e-44 1.71297e+14 0.000205475 0.00117038 8.01088e-23 3.21208e-08 177776 0 0 8.13791e-25 0 0 0.00571131 0 0 0 0 0 0 0 0 0 0 
0.123 -0.420024 -3.72002 -4.54123 -3.11084 -1.77998 9.55517e-45 1.71289e+14 0.000205482 0.0011704 8.01088e-23 3.212e-08 177780 0 0 8.13791e-25 0 0 0.00571131 0 0 0 0 0 0 0 0 0 0 
0.1235 -0.411135 -3.71114 -4.54123 -3.10195 -1.78886 6.77498e-45 1.71282e+14 0.000205489 0.00117043 8.01088e-23 3.21192e-08 177785 0 0 8.13791e-25 0 0 0.00571131 0 0 0 0 0 0 0 0 0 0 
0.124 -0.402246 -3.70225 -4.54123 -3.09306 -1.79775 4.80367e-45 1.71274e+14 0.000205496 0.00117045 8.01088e-23 3.21184e-08 177789 0 0 8.13791e-25 0 0 0.00571131 0 0 0 0 0 0 0 0 0 0 
0.1245 -0.393356 -3.69336 -4.54123 -3.08416 -1.80664 3.40593e-45 1.71266e+14 0.000205503 0.00117047 8.01088e-23 3.21176e-08 177794 0 0 8.13791e-25 0 0 0.00571131 0 0 0 0 0 0 0 0 0 0 
0.125 -0.384466 -3.68447 -4.54123 -3.07527 -1.81553 2.41487e-45 1.71259e+14 0.00020551 0.0011705 8.01088e-23 3.21168e-08 177798 0 0 8.13791e-25 0 0 0.00571131 0 0 0 0 0 0 0 0 0 0 
0.1255 -0.375576 -3.67558 -4.54123 -3.06638 -1.82442 1.71217e-45 1.71251e+14 0.000205517 0.00117052 8.01088e-23 3.2116e-08 177803 0 0 8.13791e-25 0 0 0.00571131 0 0 0 0 0 0 0 0 0 0 
0.126 -0.366686 -3.66669 -4.54123 -3.05749 -1.83331 1.21394e-45 1.71244e+14 0.000205524 0.00117054 8.01088e-23 3.21152e-08 177807 0 0 8.13791e-25 0 0 0.00571131 0 0 0 0 0 0 0 0 0 0 
0.1265 -0.357796 -3.6578 -4.54123 -3.0486 -1.8422 8.60688e-46 1.71236e+14 0.000205532 0.00117056 8.01088e-23 3.21144e-08 177811 0 0 8.13791e-25 0 0 0.00571131 0 0 0 0 0 0 0 0 0 0 
0.127 -0.348905 -3.64891 -4.54123 -3.03971 -1.85109 6.10224e-46 1.71228e+14 0.000205539 0.00117059 8.01088e-23 3.21136e-08 177816 0 0 8.13791e-25 0 0 0.00571131 0 0 0 0 0 0 0 0 0 0 
0.1275 -0.340014 -3.64001 -4.54123 -3.03081 -1.85999 4.32642e-46 1.71221e+14 0.000205546 0.00117061 8.01088e-23 3.21128e-08 177820 0 0 8.13791e-25 0 0 0.00571131 0 0 0 0 0 0 0 0 0 0 
0.128 -0.331123 -3.63112 -4.54123 -3.02192 -1.86888 3.06736e-46 1.71213e+14 0.000205553 0.00117063 8.01088e-23 3.2112e-08 177825 0 0 8.13791e-25 0 0 0.00571131 0 0 0 0 0 0 0 0 0 0 
0.1285 -0.322232 -3.62223 -4.54123 -3.01303 -1.87777 2.17469e-46 1.71205e+14 0.00020556 0.00117066 8.01088e-23 3.21112e-08 177829 0 0 8.13792e-25 0 0 0.00571131 0 0 0 0 0 0 0 0 0 0 
0.129 -0.31334 -3.61334 -4.54123 -3.00413 -1.88666 1.54179e-46 1.71198e+14 0.000205567 0.00117068 8.01088e-23 3.21104e-08 177834 0 0 8.13792e-25 0 0 0.00571131 0 0 0 0 0 0 0 0 0 0 
0.1295 -0.304448 -3.60445 -4.54123 -2.99524 -1.89555 1.09308e-46 1.7119e+14 0.000205574 0.0011707 8.01088e-23 3.21096e-08 177838 0 0 8.13791e-25 0 0 0.00571131 0 0 0 0 0 0 0 0 0 0 
0.13 -0.295556 -3.59556 -4.54123 -2.98635 -1.90444 7.74945e-47 1.71183e+14 0.000205581 0.00117072 8.01088e-23 3.21088e-08 177842 0 0 8.13791e-25 0 0 0.00571131 0 0 0 0 0 0 0 0 0 0 
0.1305 -0.286664 -3.58666 -4.54123 -2.97745 -1.91334 5.49399e-47 1.71175e+14 0.000205588 0.00117075 8.01088e-23 3.2108e-08 177847 0 0 8.13791e-25 0 0 0.00571131 0 0 0 0 0 0 0 0 0 0 
0.131 -0.277772 -3.57777 -4.54123 -2.96856 -1.92223 3.89495e-47 1.71167e+14 0.000205595 0.00117077 8.01088e-23 3.21073e-08 177851 0 0 8.13792e-25 0 0 0.00571131 0 0 0 0 0 0 0 0 0 0 
0.1315 -0.268879 -3.56888 -4.54123 -2.95967 -1.93112 2.76129e-47 1.7116e+14 0.000205603 0.00117079 8.01088e-23 3.21065e-08 177856 0 0 8.13792e-25 0 0 0.00571131 0 0 0 0 0 0 0 0 0 0 
0.132 -0.259986 -3.55999 -4.54123 -2.95077 -1.94001 1.95757e-47 1.71152e+14 0.00020561 0.00117082 8.01088e-23 3.21057e-08 177860 0 0 8.13791e-25 0 0 0.00571131 0 0 0 0 0 0 0 0 0 0 
0.1325 -0.251093 -3.55109 -4.54123 -2.94188 -1.94891 1.38778e-47 1.71145e+14 0.000205617 0.00117084 8.01088e-23 3.21049e-08 177865 0 0 8.13791e-25 0 0 0.00571131 0 0 0 0 0 0 0 0 0 0 
0.133 -0.2422 -3.5422 -4.54123 -2.93298 -1.9578 9.83827e-48 1.71137e+14 0.000205624 0.00117086 8.01088e-23 3.21041e-08 177869 0 0 8.13791e-25 0 0 0.00571131 0 0 0 0 0 0 0 0 0 0 
0.1335 -0.233306 -3.53331 -4.54123 -2.92409 -1.96669 6.97451e-48 1.71129e+14 0.000205631 0.00117088 8.01088e-23 3.21033e-08 177873 0 0 8.13792e-25 0 0 0.00571131 0 0 0 0 0 0 0 0 0 0 
0.134 -0.224412 -3.52441 -4.54123 -2.91519 -1.97559 4.9443e-48 1.71122e+14 0.000205638 0.00117091 8.01088e-23 3.21025e-08 177878 0 0 8.13792e-25 0 0 0.00571131 0 0 0 0 0 0 0 0 0 0 
0.1345 -0.215518 -3.51552 -4.54123 -2.9063 -1.98448 3.50504e-48 1.71114e+14 0.000205645 0.00117093 8.01088e-23 3.21017e-08 177882 0 0 8.13791e-25 0 0 0.00571131 0 0 0 0 0 0 0 0 0 0 
0.135 -0.206624 -3.50662 -4.54123 -2.8974 -1.99338 2.48472e-48 1.71107e+14 0.000205652 0.00117095 8.01088e-23 3.21009e-08 177887 0 0 8.13792e-25 0 0 0.00571131 0 0 0 0 0 0 0 0 0 0 
0.1355 -0.19773 -3.49773 -4.54123 -2.8885 -2.00227 1.76139e-48 1.71099e+14 0.000205659 0.00117098 8.01088e-23 3.21001e-08 177891 0 0 8.13792e-25 0 0 0.00571131 0 0 0 0 0 0 0 0 0 0 
0.136 -0.188835 -3.48883 -4.54123 -2.87961 -2.01117 1.24863e-48 1.71091e+14 0.000205666 0.001171 8.01088e-23 3.20993e-08 177895 0 0 8.13791e-25 0 0 0.00571131 0 0 0 0 0 0 0 0 0 0 
0.1365 -0.17994 -3.47994 -4.54123 -2.87071 -2.02006 8.85128e-49 1.71084e+14 0.000205674 0.00117102 8.01088e-23 3.20985e-08 177900 0 0 8.13791e-25 0 0 0.00571131 0 0 0 0 0 0 0 0 0 0 
0.137 -0.171045 -3.47104 -4.54123 -2.86181 -2.02896 6.27444e-49 1.71076e+14 0.000205681 0.00117104 8.01088e-23 3.20977e-08 177904 0 0 8.13792e-25 0 0 0.00571131 0 0 0 0 0 0 0 0 0 0 
0.1375 -0.16215 -3.46215 -4.54123 -2.85292 -2.03785 4.44775e-49 1.71069e+14 0.000205688 0.00117107 8.01088e-23 3.20969e-08 177909 0 0 8.13792e-25 0 0 0.00571131 0 0 0 0 0 0 0 0 0 0 
0.138 -0.153254 -3.45325 -4.54123 -2.84402 -2.04675 3.15284e-49 1.71061e+14 0.000205695 0.00117109 8.01088e-23 3.20961e-08 177913 0 0 8.13791e-25 0 0 0.00571131 0 0 0 0 0 0 0 0 0 0 
0.1385 -0.144358 -3.44436 -4.54123 -2.83512 -2.05564 2.23491e-49 1.71054e+14 0.000205702 0.00117111 8.01088e-23 3.20953e-08 177918 0 0 8.13791e-25 0 0 0.00571131 0 0 0 0 0 0 0 0 0 0 
0.139 -0.135462 -3.43546 -4.54123 -2.82623 -2.06454 1.58421e-49 1.71046e+14 0.000205709 0.00117114 8.01088e-23 3.20945e-08 177922 0 0 8.13792e-25 0 0 0.00571131 0 0 0 0 0 0 0 0 0 0 
0.1395 -0.126566 -3.42657 -4.54123 -2.81733 -2.07343 1.12296e-49 1.71038e+14 0.000205716 0.00117116 8.01088e-23 3.20937e-08 177926 0 0 8.13792e-25 0 0 0.00571131 0 0 0 0 0 0 0 0 0 0 
0.14 -0.11767 -3.41767 -4.54123 -2.80843 -2.08233 7.95996e-50 1.71031e+14 0.000205723 0.00117118 8.01088e-23 3.20929e-08 177931 0 0 8.13792e-25 0 0 0.00571131 0 0 0 0 0 0 0 0 0 0 
0.1405 -0.108773 -3.40877 -4.54123 -2.79953 -2.09123 5.64227e-50 1.71023e+14 0.00020573 0.0011712 8.01088e-23 3.20921e-08 177935 0 0 8.13791e-25 0 0 0.00571131 0 0 0 0 0 0 0 0 0 0 
0.141 -0.0998762 -3.39988 -4.54123 -2.79063 -2.10012 3.99938e-50 1.71016e+14 0.000205737 0.00117123 8.01088e-23 3.20913e-08 177940 0 0 8.13791e-25 0 0 0.00571131 0 0 0 0 0 0 0 0 0 0 
0.1415 -0.0909791 -3.39098 -4.54123 -2.78173 -2.10902 2.83484e-50 1.71008e+14 0.000205745 0.00117125 8.01088e-23 3.20905e-08 177944 0 0 8.13792e-25 0 0 0.00571131 0 0 0 0 0 0 0 0 0 0 
0.142 -0.0820818 -3.38208 -4.54123 -2.77284 -2.11792 2.00937e-50 1.71e+14 0.000205752 0.00117127 8.01088e-23 3.20897e-08 177949 0 0 8.13792e-25 0 0 0.00571131 0 0 0 0 0 0 0 0 0 0 
0.1425 -0.0731842 -3.37318 -4.54123 -2.76394 -2.12682 1.42426e-50 1.70993e+14 0.000205759 0.0011713 8.01088e-23 3.20889e-08 177953 0 0 8.13792e-25 0 0 0.00571131 0 0 0 0 0 0 0 0 0 0 
0.143 -0.0642865 -3.36429 -4.54123 -2.75504 -2.13571 1.00952e-50 1.70985e+14 0.000205766 0.00117132 8.01088e-23 3.20881e-08 177957 0 0 8.13792e-25 0 0 0.00571131 0 0 0 0 0 0 0 0 0 0 
0.1435 -0.0553885 -3.35539 -4.54123 -2.74614 -2.14461 7.1554e-51 1.70978e+14 0.000205773 0.00117134 8.01088e-23 3.20873e-08 177962 0 0 8.13791e-25 0 0 0.00571131 0 0 0 0 0 0 0 0 0 0 
0.144 -0.0464903 -3.34649 -4.54123 -2.73724 -2.15351 5.07167e-51 1.7097e+14 0.00020578 0.00117136 8.01088e-23 3.20865e-08 177966 0 0 8.13792e-25 0 0 0.00571131 0 0 0 0 0 0 0 0 0 0 
0.1445 -0.0375919 -3.33759 -4.54123 -2.72834 -2.16241 3.59471e-51 1.70962e+14 0.000205787 0.00117139 8.01088e-23 3.20857e-08 177971 0 0 8.13792e-25 0 0 0.00571131 0 0 0 0 0 0 0 0 0 0 
0.145 -0.0286932 -3.32869 -4.54123 -2.71944 -2.17131 2.54785e-51 1.70955e+14 0.000205794 0.00117141 8.01088e-23 3.20849e-08 177975 0 0 8.13791e-25 0 0 0.00571131 0 0 0 0 0 0 0 0 0 0 
0.1455 -0.0197944 -3.31979 -4.54123 -2.71054 -2.18021 1.80584e-51 1.70947e+14 0.000205801 0.00117143 8.01088e-23 3.20841e-08 177979 0 0 8.13791e-25 0 0 0.00571131 0 0 0 0 0 0 0 0 0 0 
0.146 -0.0108953 -3.3109 -4.54123 -2.70164 -2.1891 1.27992e-51 1.7094e+14 0.000205809 0.00117146 8.01088e-23 3.20833e-08 177984 0 0 8.13791e-25 0 0 0.00571131 0 0 0 0 0 0 0 0 0 0 
0.1465 -0.00199599 -3.302 -4.54123 -2.69274 -2.198 9.07152e-52 1.70932e+14 0.000205816 0.00117148 8.01088e-23 3.20825e-08 177988 0 0 8.13791e-25 0 0 0.00571131 0 0 0 0 0 0 0 0 0 0 
0.147 0.00690354 -3.2931 -4.54123 -2.68383 -2.2069 6.42946e-52 1.70925e+14 0.000205823 0.0011715 8.01088e-23 3.20817e-08 177993 0 0 8.13792e-25 0 0 0.00571131 0 0 0 0 0 0 0 0 0 0 
0.1475 0.0158033 -3.2842 -4.54123 -2.67493 -2.2158 4.55686e-52 1.70917e+14 0.00020583 0.00117152 8.01088e-23 3.20809e-08 177997 0 0 8.13791e-25 0 0 0.00571131 0 0 0 0 0 0 0 0 0 0 
0.148 0.0247033 -3.2753 -4.54123 -2.66603 -2.2247 3.22963e-52 1.70909e+14 0.000205837 0.00117155 8.01088e-23 3.20801e-08 178002 0 0 8.13792e-25 0 0 0.00571131 0 0 0 0 0 0 0 0 0 0 
0.1485 0.0336034 -3.2664 -4.54123 -2.65713 -2.2336 2.28895e-52 1.70902e+14 0.000205844 0.00117157 8.01088e-23 3.20794e-08 178006 0 0 8.13792e-25 0 0 0.00571131 0 0 0 0 0 0 0 0 0 0 
0.149 0.0425038 -3.2575 -4.54123 -2.64823 -2.2425 1.62225e-52 1.70894e+14 0.000205851 0.00117159 8.01088e-23 3.20786e-08 178010 0 0 8.13791e-25 0 0 0.00571131 0 0 0 0 0 0 0 0 0 0 
0.1495 0.0514045 -3.2486 -4.54123 -2.63933 -2.2514 1.14972e-52 1.70887e+14 0.000205858 0.00117162 8.01088e-23 3.20778e-08 178015 0 0 8.13792e-25 0 0 0.00571131 0 0 0 0 0 0 0 0 0 0 
0.15 0.0603053 -3.23969 -4.54123 -2.63042 -2.26031 8.14826e-53 1.70879e+14 0.000205865 0.00117164 8.01088e-23 3.2077e-08 178019 0 0 8.13792e-25 0 0 0.00571131 0 0 0 0 0 0 0 0 0 0 
0.1505 0.0692064 -3.23079 -4.54123 -2.62152 -2.26921 5.77476e-53 1.70872e+14 0.000205872 0.00117166 8.01088e-23 3.20762e-08 178024 0 0 8.13793e-25 0 0 0.00571131 0 0 0 0 0 0 0 0 0 0 
0.151 0.0781077 -3.22189 -4.54123 -2.61262 -2.27811 4.0926e-53 1.70864e+14 0.00020588 0.00117169 8.01088e-23 3.20754e-08 178028 0 0 8.13792e-25 0 0 0.00571131 0 0 0 0 0 0 0 0 0 0 
0.1515 0.0870092 -3.21299 -4.54123 -2.60372 -2.28701 2.90042e-53 1.70856e+14 0.000205887 0.00117171 8.01088e-23 3.20746e-08 178032 0 0 8.13791e-25 0 0 0.00571131 0 0 0 0 0 0 0 0 0 0 
0.152 0.0959109 -3.20409 -4.54123 -2.59481 -2.29591 2.0555e-53 1.70849e+14 0.000205894 0.00117173 8.01088e-23 3.20738e-08 178037 0 0 8.13791e-25 0 0 0.00571131 0 0 0 0 0 0 0 0 0 0 
0.1525 0.104813 -3.19519 -4.54123 -2.58591 -2.30481 1.45671e-53 1.70841e+14 0.000205901 0.00117175 8.01088e-23 3.2073e-08 178041 0 0 8.13792e-25 0 0 0.00571131 0 0 0 0 0 0 0 0 0 0 
0.153 0.113715 -3.18628 -4.54123 -2.577 -2.31372 1.03234e-53 1.70834e+14 0.000205908 0.00117178 8.01088e-23 3.20722e-08 178046 0 0 8.13792e-25 0 0 0.00571131 0 0 0 0 0 0 0 0 0 0 
0.1535 0.122617 -3.17738 -4.54123 -2.5681 -2.32262 7.31591e-54 1.70826e+14 0.000205915 0.0011718 8.01088e-23 3.20714e-08 178050 0 0 8.13791e-25 0 0 0.00571131 0 0 0 0 0 0 0 0 0 0 
0.154 0.13152 -3.16848 -4.54123 -2.5592 -2.33152 5.18455e-54 1.70819e+14 0.000205922 0.00117182 8.01088e-23 3.20706e-08 178055 0 0 8.13791e-25 0 0 0.00571131 0 0 0 0 0 0 0 0 0 0 
0.1545 0.140423 -3.15958 -4.54123 -2.55029 -2.34042 3.67409e-54 1.70811e+14 0.000205929 0.00117185 8.01088e-23 3.20698e-08 178059 0 0 8.13792e-25 0 0 0.00571131 0 0 0 0 0 0 0 0 0 0 
0.155 0.149326 -3.15067 -4.54123 -2.54139 -2.34933 2.60367e-54 1.70803e+14 0.000205936 0.00117187 8.01088e-23 3.2069e-08 178063 0 0 8.13793e-25 0 0 0.00571131 0 0 0 0 0 0 0 0 0 0 
0.1555 0.158229 -3.14177 -4.54123 -2.53248 -2.35823 1.84509e-54 1.70796e+14 0.000205943 0.00117189 8.01088e-23 3.20682e-08 178068 0 0 8.13792e-25 0 0 0.00571131 0 0 0 0 0 0 0 0 0 0 
0.156 0.167133 -3.13287 -4.54123 -2.52358 -2.36713 1.30751e-54 1.70788e+14 0.000205951 0.00117191 8.01088e-23 3.20674e-08 178072 0 0 8.13791e-25 0 0 0.00571131 0 0 0 0 0 0 0 0 0 0 
0.1565 0.176036 -3.12396 -4.54123 -2.51467 -2.37604 9.26551e-55 1.70781e+14 0.000205958 0.00117194 8.01088e-23 3.20666e-08 178077 0 0 8.13792e-25 0 0 0.00571131 0 0 0 0 0 0 0 0 0 0 
0.157 0.18494 -3.11506 -4.54123 -2.50577 -2.38494 6.56584e-55 1.70773e+14 0.000205965 0.00117196 8.01088e-23 3.20658e-08 178081 0 0 8.13792e-25 0 0 0.00571131 0 0 0 0 0 0 0 0 0 0 
0.1575 0.193845 -3.10616 -4.54123 -2.49686 -2.39384 4.65272e-55 1.70766e+14 0.000205972 0.00117198 8.01088e-23 3.2065e-08 178085 0 0 8.13791e-25 0 0 0.00571131 0 0 0 0 0 0 0 0 0 0 
0.158 0.202749 -3.09725 -4.54123 -2.48796 -2.40275 3.29701e-55 1.70758e+14 0.000205979 0.00117201 8.01088e-23 3.20642e-08 178090 0 0 8.13791e-25 0 0 0.00571131 0 0 0 0 0 0 0 0 0 0 
0.1585 0.211654 -3.08835 -4.54123 -2.47905 -2.41165 2.3363e-55 1.7075e+14 0.000205986 0.00117203 8.01088e-23 3.20635e-08 178094 0 0 8.13791e-25 0 0 0.00571131 0 0 0 0 0 0 0 0 0 0 
0.159 0.220558 -3.07944 -4.54123 -2.47014 -2.42056 1.65552e-55 1.70743e+14 0.000205993 0.00117205 8.01088e-23 3.20627e-08 178099 0 0 8.13792e-25 0 0 0.00571131 0 0 0 0 0 0 0 0 0 0 
0.1595 0.229463 -3.07054 -4.54123 -2.46124 -2.42946 1.17311e-55 1.70735e+14 0.000206 0.00117207 8.01088e-23 3.20619e-08 178103 0 0 8.13792e-25 0 0 0.00571131 0 0 0 0 0 0 0 0 0 0 
0.16 0.238369 -3.06163 -4.54123 -2.45233 -2.43837 8.31257e-56 1.70728e+14 0.000206007 0.0011721 8.01088e-23 3.20611e-08 178108 0 0 8.13791e-25 0 0 0.00571131 0 0 0 0 0 0 0 0 0 0 
0.1605 0.247274 -3.05273 -4.54123 -2.44342 -2.44727 5.8902e-56 1.7072e+14 0.000206015 0.00117212 8.01088e-23 3.20603e-08 178112 0 0 8.13792e-25 0 0 0.00571131 0 0 0 0 0 0 0 0 0 0 
0.161 0.25618 -3.04382 -4.54123 -2.43452 -2.45618 4.1737e-56 1.70713e+14 0.000206022 0.00117214 8.01088e-23 3.20595e-08 178116 0 0 8.13792e-25 0 0 0.00571131 0 0 0 0 0 0 0 0 0 0 
0.1615 0.265086 -3.03491 -4.54123 -2.42561 -2.46509 2.95739e-56 1.70705e+14 0.000206029 0.00117217 8.01088e-23 3.20587e-08 178121 0 0 8.13791e-25 0 0 0.00571131 0 0 0 0 0 0 0 0 0 0 
0.162 0.273992 -3.02601 -4.54123 -2.4167 -2.47399 2.09552e-56 1.70697e+14 0.000206036 0.00117219 8.01088e-23 3.20579e-08 178125 0 0 8.13791e-25 0 0 0.00571131 0 0 0 0 0 0 0 0 0 0 
0.1625 0.282898 -3.0171 -4.54123 -2.40779 -2.4829 1.48481e-56 1.7069e+14 0.000206043 0.00117221 8.01088e-23 3.20571e-08 178130 0 0 8.13791e-25 0 0 0.00571131 0 0 0 0 0 0 0 0 0 0 
0.163 0.291805 -3.0082 -4.54123 -2.39888 -2.4918 1.05208e-56 1.70682e+14 0.00020605 0.00117223 8.01088e-23 3.20563e-08 178134 0 0 8.13792e-25 0 0 0.00571131 0 0 0 0 0 0 0 0 0 0 
0.1635 0.300712 -2.99929 -4.54123 -2.38998 -2.50071 7.45452e-57 1.70675e+14 0.000206057 0.00117226 8.01088e-23 3.20555e-08 178138 0 0 8.13792e-25 0 0 0.00571131 0 0 0 0 0 0 0 0 0 0 
0.164 0.309619 -2.99038 -4.54123 -2.38107 -2.50962 5.28187e-57 1.70667e+14 0.000206064 0.00117228 8.01088e-23 3.20547e-08 178143 0 0 8.13791e-25 0 0 0.00571131 0 0 0 0 0 0 0 0 0 0 
0.1645 0.318526 -2.98147 -4.54123 -2.37216 -2.51853 3.74242e-57 1.7066e+14 0.000206071 0.0011723 8.01088e-23 3.20539e-08 178147 0 0 8.13791e-25 0 0 0.00571131 0 0 0 0 0 0 0 0 0 0 
0.165 0.327434 -2.97257 -4.54123 -2.36325 -2.52743 2.65164e-57 1.70652e+14 0.000206078 0.00117233 8.01088e-23 3.20531e-08 178152 0 0 8.13792e-25 0 0 0.00571131 0 0 0 0 0 0 0 0 0 0 
0.1655 0.336341 -2.96366 -4.54123 -2.35434 -2.53634 1.87876e-57 1.70645e+14 0.000206086 0.00117235 8.01088e-23 3.20523e-08 178156 0 0 8.13792e-25 0 0 0.00571131 0 0 0 0 0 0 0 0 0 0 
0.166 0.345249 -2.95475 -4.54123 -2.34543 -2.54525 1.33115e-57 1.70637e+14 0.000206093 0.00117237 8.01088e-23 3.20515e-08 178160 0 0 8.13791e-25 0 0 0.00571131 0 0 0 0 0 0 0 0 0 0 
0.1665 0.354157 -2.94584 -4.54123 -2.33652 -2.55416 9.43139e-58 1.70629e+14 0.0002061 0.00117239 8.01088e-23 3.20508e-08 178165 0 0 8.13791e-25 0 0 0.00571131 0 0 0 0 0 0 0 0 0 0 
0.167 0.363066 -2.93693 -4.54123 -2.32761 -2.56307 6.68224e-58 1.70622e+14 0.000206107 0.00117242 8.01088e-23 3.205e-08 178169 0 0 8.13792e-25 0 0 0.00571131 0 0 0 0 0 0 0 0 0 0 
0.1675 0.371974 -2.92803 -4.54123 -2.3187 -2.57197 4.7344e-58 1.70614e+14 0.000206114 0.00117244 8.01088e-23 3.20492e-08 178174 0 0 8.13792e-25 0 0 0.00571131 0 0 0 0 0 0 0 0 0 0 
0.168 0.380883 -2.91912 -4.54123 -2.30979 -2.58088 3.35431e-58 1.70607e+14 0.000206121 0.00117246 8.01088e-23 3.20484e-08 178178 0 0 8.13792e-25 0 0 0.00571131 0 0 0 0 0 0 0 0 0 0 
0.1685 0.389792 -2.91021 -4.54123 -2.30088 -2.58979 2.37651e-58 1.70599e+14 0.000206128 0.00117249 8.01088e-23 3.20476e-08 178183 0 0 8.13791e-25 0 0 0.00571131 0 0 0 0 0 0 0 0 0 0 
0.169 0.398701 -2.9013 -4.54123 -2.29197 -2.5987 1.68372e-58 1.70592e+14 0.000206135 0.00117251 8.01088e-23 3.20468e-08 178187 0 0 8.13792e-25 0 0 0.00571131 0 0 0 0 0 0 0 0 0 0 
0.1695 0.407611 -2.89239 -4.54123 -2.28306 -2.60761 1.19288e-58 1.70584e+14 0.000206142 0.00117253 8.01088e-23 3.2046e-08 178191 0 0 8.13792e-25 0 0 0.00571131 0 0 0 0 0 0 0 0 0 0 
0.17 0.41652 -2.88348 -4.54123 -2.27415 -2.61652 8.45128e-59 1.70577e+14 0.00020615 0.00117256 8.01088e-23 3.20452e-08 178196 0 0 8.13791e-25 0 0 0.00571131 0 0 0 0 0 0 0 0 0 0 
0.1705 0.42543 -2.87457 -4.54123 -2.26524 -2.62543 5.98747e-59 1.70569e+14 0.000206157 0.00117258 8.01088e-23 3.20444e-08 178200 0 0 8.13791e-25 0 0 0.00571131 0 0 0 0 0 0 0 0 0 0 
0.171 0.43434 -2.86566 -4.54123 -2.25632 -2.63434 4.24189e-59 1.70561e+14 0.000206164 0.0011726 8.01088e-23 3.20436e-08 178205 0 0 8.13791e-25 0 0 0.00571131 0 0 0 0 0 0 0 0 0 0 
0.1715 0.443251 -2.85675 -4.54123 -2.24741 -2.64325 3.0052e-59 1.70554e+14 0.000206171 0.00117262 8.01088e-23 3.20428e-08 178209 0 0 8.13791e-25 0 0 0.00571131 0 0 0 0 0 0 0 0 0 0 
0.172 0.452161 -2.84784 -4.54123 -2.2385 -2.65216 2.12903e-59 1.70546e+14 0.000206178 0.00117265 8.01088e-23 3.2042e-08 178213 0 0 8.13792e-25 0 0 0.00571131 0 0 0 0 0 0 0 0 0 0 
0.1725 0.461072 -2.83893 -4.54123 -2.22959 -2.66107 1.5083e-59 1.70539e+14 0.000206185 0.00117267 8.01088e-23 3.20412e-08 178218 0 0 8.13791e-25 0 0 0.00571131 0 0 0 0 0 0 0 0 0 0 
0.173 0.469983 -2.83002 -4.54123 -2.22067 -2.66998 1.06854e-59 1.70531e+14 0.000206192 0.00117269 8.01088e-23 3.20404e-08 178222 0 0 8.13792e-25 0 0 0.00571131 0 0 0 0 0 0 0 0 0 0 
0.1735 0.478894 -2.82111 -4.54123 -2.21176 -2.67889 7.56987e-60 1.70524e+14 0.000206199 0.00117272 8.01088e-23 3.20397e-08 178227 0 0 8.13792e-25 0 0 0.00571131 0 0 0 0 0 0 0 0 0 0 
0.174 0.487806 -2.81219 -4.54123 -2.20285 -2.68781 5.36269e-60 1.70516e+14 0.000206206 0.00117274 8.01088e-23 3.20389e-08 178231 0 0 8.13791e-25 0 0 0.00571131 0 0 0 0 0 0 0 0 0 0 
0.1745 0.496717 -2.80328 -4.54123 -2.19394 -2.69672 3.79904e-60 1.70509e+14 0.000206214 0.00117276 8.01088e-23 3.20381e-08 178235 0 0 8.13792e-25 0 0 0.00571131 0 0 0 0 0 0 0 0 0 0 
0.175 0.505629 -2.79437 -4.54123 -2.18502 -2.70563 2.69129e-60 1.70501e+14 0.000206221 0.00117278 8.01088e-23 3.20373e-08 178240 0 0 8.13792e-25 0 0 0.00571131 0 0 0 0 0 0 0 0 0 0 
0.1755 0.514541 -2.78546 -4.54123 -2.17611 -2.71454 1.90653e-60 1.70494e+14 0.000206228 0.00117281 8.01088e-23 3.20365e-08 178244 0 0 8.13792e-25 0 0 0.00571131 0 0 0 0 0 0 0 0 0 0 
0.176 0.523454 -2.77655 -4.54123 -2.16719 -2.72345 1.35059e-60 1.70486e+14 0.000206235 0.00117283 8.01088e-23 3.20357e-08 178249 0 0 8.13791e-25 0 0 0.00571131 0 0 0 0 0 0 0 0 0 0 
0.1765 0.532366 -2.76763 -4.54123 -2.15828 -2.73237 9.56753e-61 1.70478e+14 0.000206242 0.00117285 8.01088e-23 3.20349e-08 178253 0 0 8.13792e-25 0 0 0.00571131 0 0 0 0 0 0 0 0 0 0 
0.177 0.541279 -2.75872 -4.54123 -2.14937 -2.74128 6.77754e-61 1.70471e+14 0.000206249 0.00117288 8.01088e-23 3.20341e-08 178257 0 0 8.13793e-25 0 0 0.00571131 0 0 0 0 0 0 0 0 0 0 
0.1775 0.550192 -2.74981 -4.54123 -2.14045 -2.75019 4.8011e-61 1.70463e+14 0.000206256 0.0011729 8.01088e-23 3.20333e-08 178262 0 0 8.13792e-25 0 0 0.00571131 0 0 0 0 0 0 0 0 0 0 
0.178 0.559105 -2.74089 -4.54123 -2.13154 -2.75911 3.40099e-61 1.70456e+14 0.000206263 0.00117292 8.01088e-23 3.20325e-08 178266 0 0 8.13791e-25 0 0 0.00571131 0 0 0 0 0 0 0 0 0 0 
0.1785 0.568019 -2.73198 -4.54123 -2.12262 -2.76802 2.40917e-61 1.70448e+14 0.00020627 0.00117294 8.01088e-23 3.20317e-08 178271 0 0 8.13792e-25 0 0 0.00571131 0 0 0 0 0 0 0 0 0 0 
0.179 0.576932 -2.72307 -4.54123 -2.11371 -2.77693 1.70657e-61 1.7044e+14 0.000206277 0.00117297 8.01088e-23 3.20309e-08 178275 0 0 8.13792e-25 0 0 0.00571131 0 0 0 0 0 0 0 0 0 0 
0.1795 0.585846 -2.71415 -4.54123 -2.10479 -2.78585 1.20887e-61 1.70433e+14 0.000206285 0.00117299 8.01088e-23 3.203e-08 178280 0 0 8.13792e-25 0 0 0.00571131 0 0 0 0 0 0 0 0 0 0 
0.18 0.59476 -2.70524 -4.54123 -2.09588 -2.79476 8.56305e-62 1.70425e+14 0.000206292 0.00117301 8.01088e-23 3.20292e-08 178284 0 0 8.13792e-25 0 0 0.00571131 0 0 0 0 0 0 0 0 0 0 
0.1805 0.603675 -2.69633 -4.54123 -2.08696 -2.80367 6.06562e-62 1.70417e+14 0.000206299 0.00117303 8.01088e-23 3.20283e-08 178288 0 0 8.13791e-25 0 0 0.00571131 0 0 0 0 0 0 0 0 0 0 
0.181 0.612589 -2.68741 -4.54123 -2.07804 -2.81259 4.29653e-62 1.70409e+14 0.000206306 0.00117306 8.01088e-23 3.20275e-08 178293 0 0 8.13792e-25 0 0 0.00571131 0 0 0 0 0 0 0 0 0 0 
0.1815 0.621504 -2.6785 -4.54123 -2.06913 -2.8215 3.04338e-62 1.70401e+14 0.000206313 0.00117308 8.01088e-23 3.20265e-08 178297 0 0 8.13792e-25 0 0 0.00571131 0 0 0 0 0 0 0 0 0 0 
0.182 0.630419 -2.66958 -4.54123 -2.06021 -2.83042 2.15572e-62 1.70393e+14 0.00020632 0.0011731 8.01088e-23 3.20256e-08 178302 0 0 8.13791e-25 0 0 0.00571131 0 0 0 0 0 0 0 0 0 0 
0.1825 0.639334 -2.66067 -4.54123 -2.05129 -2.83933 1.52695e-62 1.70384e+14 0.000206327 0.00117312 8.01088e-23 3.20245e-08 178306 0 0 8.13792e-25 0 0 0.00571131 0 0 0 0 0 0 0 0 0 0 
0.183 0.648249 -2.65175 -4.54123 -2.04238 -2.84825 1.08156e-62 1.70375e+14 0.000206334 0.00117314 8.01088e-23 3.20233e-08 178310 0 0 8.13792e-25 0 0 0.00571131 0 0 0 0 0 0 0 0 0 0 
0.1835 0.657165 -2.64283 -4.54123 -2.03346 -2.85717 7.66083e-63 1.70366e+14 0.000206341 0.00117316 8.01088e-23 3.2022e-08 178315 0 0 8.13792e-25 0 0 0.00571131 0 0 0 0 0 0 0 0 0 0 
0.184 0.666081 -2.63392 -4.54123 -2.02454 -2.86608 5.42621e-63 1.70355e+14 0.000206349 0.00117317 8.01088e-23 3.20205e-08 178319 0 0 8.13792e-25 0 0 0.00571131 0 0 0 0 0 0 0 0 0 0 
0.1845 0.674997 -2.625 -4.54123 -2.01562 -2.875 3.84338e-63 1.70344e+14 0.000206356 0.00117319 8.01088e-23 3.20186e-08 178324 0 0 8.13791e-25 0 0 0.00571131 0 0 0 0 0 0 0 0 0 0 
0.185 0.683913 -2.61609 -4.54123 -2.0067 -2.88391 2.72224e-63 1.7033e+14 0.000206363 0.00117319 8.01088e-23 3.20164e-08 178328 0 0 8.13792e-25 0 0 0.00571131 0 0 0 0 0 0 0 0 0 0 
0.1855 0.69283 -2.60717 -4.54123 -1.99778 -2.89283 1.92813e-63 1.70314e+14 0.00020637 0.0011732 8.01088e-23 3.20135e-08 178332 0 0 8.13792e-25 0 0 0.00571131 0 0 0 0 0 0 0 0 0 0 
0.186 0.701746 -2.59825 -4.54123 -1.98886 -2.90175 1.36566e-63 1.70295e+14 0.000206377 0.00117319 8.01088e-23 3.20097e-08 178337 0 0 8.13791e-25 0 0 0.00571131 0 0 0 0 0 0 0 0 0 0 
0.1865 0.710663 -2.58934 -4.54123 -1.97994 -2.91066 9.67261e-64 1.70271e+14 0.000206384 0.00117318 8.01088e-23 3.20048e-08 178341 0 0 8.13791e-25 0 0 0.00571131 0 0 0 0 0 0 0 0 0 0 
0.187 0.719581 -2.58042 -4.54123 -1.97102 -2.91958 6.85081e-64 1.7024e+14 0.000206391 0.00117315 8.01088e-23 3.19981e-08 178346 0 0 8.13792e-25 0 0 0.00571131 0 0 0 0 0 0 0 0 0 0 
0.1875 0.728498 -2.5715 -4.54123 -1.96209 -2.9285 4.85218e-64 1.70199e+14 0.000206398 0.00117309 8.01088e-23 3.1989e-08 178350 0 0 8.13792e-25 0 0 0.00571132 0 0 0 0 0 0 0 0 0 0 
0.188 0.737416 -2.56258 -4.54123 -1.95316 -2.93742 3.43659e-64 1.70145e+14 0.000206405 0.00117301 8.01088e-23 3.19765e-08 178354 0 0 8.13791e-25 0 0 0.00571132 0 0 0 0 0 0 0 0 0 0 
0.1885 0.746333 -2.55367 -4.54123 -1.94423 -2.94633 2.43397e-64 1.70072e+14 0.000206413 0.00117288 8.01088e-23 3.19591e-08 178359 0 0 8.13792e-25 0 0 0.00571132 0 0 0 0 0 0 0 0 0 0 
0.189 0.755251 -2.54475 -4.54123 -1.93529 -2.95525 1.72385e-64 1.69971e+14 0.00020642 0.00117268 8.01088e-23 3.1935e-08 178363 0 0 8.13792e-25 0 0 0.00571132 0 0 0 0 0 0 0 0 0 0 
0.1895 0.76417 -2.53583 -4.54123 -1.92634 -2.96417 1.22089e-64 1.69833e+14 0.000206427 0.0011724 8.01088e-23 3.19013e-08 178368 0 0 8.13791e-25 0 0 0.00571132 0 0 0 0 0 0 0 0 0 0 
0.19 0.773088 -2.52691 -4.54123 -1.91739 -2.97309 8.64678e-65 1.6964e+14 0.000206434 0.00117199 8.01088e-23 3.18541e-08 178372 0 0 8.13792e-25 0 0 0.00571132 0 0 0 0 0 0 0 0 0 0 
0.1905 0.782007 -2.51799 -4.54123 -1.90841 -2.98201 6.12388e-65 1.69372e+14 0.000206441 0.00117141 8.01088e-23 3.17877e-08 178376 0 0 8.13791e-25 0 0 0.00571132 0 0 0 0 0 0 0 0 0 0 
0.191 0.790926 -2.50907 -4.54123 -1.89942 -2.99093 4.33706e-65 1.68996e+14 0.000206448 0.00117057 8.01088e-23 3.16945e-08 178381 0 0 8.13792e-25 0 0 0.00571133 0 0 0 0 0 0 0 0 0 0 
0.1915 0.799845 -2.50016 -4.54123 -1.89039 -2.99984 3.07157e-65 1.68468e+14 0.000206455 0.00116938 8.01088e-23 3.15632e-08 178385 0 0 8.13792e-25 0 0 0.00571133 0 0 0 0 0 0 0 0 0 0 
0.192 0.808764 -2.49124 -4.54123 -1.88131 -3.00876 2.17532e-65 1.67725e+14 0.000206462 0.00116768 8.01088e-23 3.13784e-08 178389 0 0 8.13791e-25 0 0 0.00571134 0 0 0 0 0 0 0 0 0 0 
0.1925 0.817684 -2.48232 -4.54123 -1.87217 -3.01768 1.54057e-65 1.66677e+14 0.000206469 0.00116526 8.01088e-23 3.11179e-08 178394 0 0 8.13792e-25 0 0 0.00571134 0 0 0 0 0 0 0 0 0 0 
0.193 0.826604 -2.4734 -4.54123 -1.86294 -3.0266 1.09102e-65 1.65199e+14 0.000206476 0.00116182 8.01088e-23 3.07506e-08 178398 0 0 8.13792e-25 0 0 0.00571135 0 0 0 0 0 0 0 0 0 0 
0.1935 0.835524 -2.46448 -4.54123 -1.85358 -3.03552 7.72654e-66 1.63106e+14 0.000206483 0.0011569 8.01088e-23 3.02328e-08 178402 0 0 8.13791e-25 0 0 0.00571136 0 0 0 0 0 0 0 0 0 0 
0.194 0.844444 -2.45556 -4.54123 -1.84402 -3.04444 5.47182e-66 1.6014e+14 0.000206489 0.00114987 8.01088e-23 2.95025e-08 178406 0 0 8.13791e-25 0 0 0.00571137 0 0 0 0 0 0 0 0 0 0 
0.1945 0.853364 -2.44664 -4.54123 -1.83416 -3.05336 3.87504e-66 1.55922e+14 0.000206496 0.00113974 8.01088e-23 2.84724e-08 178411 0 0 8.13792e-25 0 0 0.00571138 0 0 0 0 0 0 0 0 0 0 
0.195 0.862285 -2.43772 -4.54123 -1.82387 -3.06228 2.7442e-66 1.49899e+14 0.000206502 0.00112503 8.01088e-23 2.70192e-08 178414 0 0 8.13792e-25 0 0 0.00571139 0 0 0 0 0 0 0 0 0 0 
0.1955 0.871206 -2.42879 -4.54123 -1.81289 -3.07121 1.94336e-66 1.41246e+14 0.000206509 0.00110338 8.01088e-23 2.49696e-08 178418 0 0 8.13791e-25 0 0 0.00571141 0 0 0 0 0 0 0 0 0 0 
0.196 0.880127 -2.41987 -4.54123 -1.80075 -3.08013 1.37622e-66 1.28699e+14 0.000206514 0.0010708 8.01088e-23 2.20797e-08 178422 0 0 8.13791e-25 0 0 0.00571142 0 0 0 0 0 0 0 0 0 0 
0.1965 0.889048 -2.41095 -4.54123 -1.7865 -3.08905 9.74581e-67 1.10233e+14 0.000206519 0.00101986 8.01088e-23 1.80121e-08 178425 0 0 8.13792e-25 0 0 0.00571144 0 0 0 0 0 0 0 0 0 0 
0.197 0.897969 -2.40203 -4.54123 -1.76768 -3.09797 6.90155e-67 8.23824e+13 0.000206523 0.000934134 8.01088e-23 1.23298e-08 178427 0 0 8.13792e-25 0 0 0.00571145 0 0 0 0 0 0 0 0 0 0 
0.1975 0.906891 -2.39311 -4.54123 -1.73443 -3.10689 4.88735e-67 3.95737e+13 0.000206526 0.000764583 8.01088e-23 4.84776e-09 178429 0 0 8.13791e-25 0 0 0.00571145 0 0 0 0 0 0 0 0 0 0 
0.198 0.915812 -2.38419 -4.54123 -1.61836 -3.11581 3.46099e-67 1.14287e+12 0.000206527 0.000398619 8.01088e-23 7.29903e-11 178429 0 0 8.13792e-25 0 0 0.00571145 0 0 0 0 0 0 0 0 0 0 
0.198 0.915812 -2.38419 -4.54123 -1.61836 -3.11581 3.46099e-67 1.14287e+12 0.011878 0.0229259 8.01088e-23 4.19791e-09 1.38377e+06 0 0 8.13791e-25 0 0 0.00571132 0 0 0 0 0 1.13901e+20 0 0 0 0 
0.198409 0.97246 -2.32754 -4.54123 -1.54016 -3.17246 3.86865e-68 5.31312e+11 0.011878 0.0209341 8.01088e-23 1.78203e-09 2.57569e+06 0 0 8.13792e-25 0 0 0.00571132 0 0 0 0 0 1.12632e+20 0 0 0 0 
0.198752 1.09476 -2.20524 -4.54123 -1.40677 -3.29476 3.41232e-70 3.57386e+11 0.011878 0.020073 8.01088e-23 1.14937e-09 4.56338e+06 0 0 8.13791e-25 0 0 0.00571132 0 0 0 0 0 1.11979e+20 0 0 0 0 
0.199038 1.24912 -2.05088 -4.54123 -1.24562 -3.44912 8.70649e-73 2.80283e+11 0.011878 0.0195933 8.01088e-23 8.79865e-10 6.2178e+06 0 0 8.13789e-25 0 0 0.00571131 0 0 0 0 0 1.11579e+20 0 0 0 0 
0.199277 1.41451 -1.88549 -4.54123 -1.07535 -3.61451 1.45034e-75 2.35233e+11 0.011878 0.019268 8.01088e-23 7.26182e-10 7.59706e+06 0 0 8.13791e-25 0 0 0.00571131 0 0 0 0 0 1.11292e+20 0 0 0 0 
0.199478 1.57813 -1.72187 -4.54123 -0.90877 -3.77813 2.58647e-78 2.11543e+11 0.011878 0.0190787 8.01088e-23 6.46633e-10 8.74808e+06 0 0 8.13794e-25 0 0 0.00571131 0 0 0 0 0 1.11118e+20 0 0 0 0 
0.199645 1.73264 -1.56736 -4.54123 -0.75076 -3.93264 6.56243e-81 1.86513e+11 0.011878 0.0188615 8.01088e-23 5.63634e-10 9.70897e+06 0 0 8.13796e-25 0 0 0.00571131 0 0 0 0 0 1.10911e+20 0 0 0 0 
0.199785 1.87419 -1.42581 -4.54123 -0.609389 -4.07419 2.74888e-83 1.87712e+11 0.011878 0.0188724 8.01088e-23 5.67582e-10 1.05118e+07 0 0 8.13798e-25 0 0 0.00571131 0 0 0 0 0 1.10922e+20 0 0 0 0 
0.199902 2.00119 -1.29881 -4.54123 -0.475281 -4.20119 2.02136e-85 1.45314e+11 0.011878 0.0184533 8.01088e-23 4.29629e-10 1.1182e+07 0 0 8.13796e-25 0 0 0.00571131 0 0 0 0 0 1.10503e+20 0 0 0 0 
0.2 2.11341 -1.18659 -4.54123 -0.374974 -4.31341 2.63321e-87 2.23093e+11 0.011878 0.0191728 8.01088e-23 6.853e-10 1.14616e+07 0 0 8.13794e-25 0 0 0.00571131 0 0 0 0 0 1.11205e+20 0 0 0 0 