# ASCII 1D datafile generated by TiberCAD
# x Ec Ev eQFermi hQFermi ElPotential eDensity hDensity eMobility hMobility eConductivity hConductivity ElField_x ElField_y ElField_z eCurrentDensity_x eCurrentDensity_y eCurrentDensity_z hCurrentDensity_x hCurrentDensity_y hCurrentDensity_z IonizedDonors IonizedAcceptors IonizedElectronTraps IonizedHoleTraps eNetRecombination eLangevinRecombination hNetRecombination hLangevinRecombination 
0 -3.275 -6.575 -5.22277 -5.96556 1.075 3.10601e-08 1.7005e+14 0.00026852 0.00152556 8.01088e-23 4.15638e-08 209994 0 0 9.13628e-25 0 0 0.00872941 0 0 0 0 0 0 0 0 0 0 
9.79066e-05 -3.27294 -6.57294 -5.22277 -5.9635 1.07294 2.86858e-08 1.70049e+14 0.00026852 0.00152556 8.01088e-23 4.15635e-08 209995 0 0 9.13632e-25 0 0 0.00872941 0 0 0 0 0 0 0 0 0 0 
0.000214985 -3.27049 -6.57049 -5.22277 -5.96104 1.07049 2.60835e-08 1.70047e+14 0.000268522 0.00152557 8.01088e-23 4.15633e-08 209996 0 0 9.13632e-25 0 0 0.00872941 0 0 0 0 0 0 0 0 0 0 
0.000354988 -3.26755 -6.56755 -5.22277 -5.9581 1.06755 2.32798e-08 1.70045e+14 0.000268524 0.00152558 8.01088e-23 4.15631e-08 209997 0 0 9.13632e-25 0 0 0.00872941 0 0 0 0 0 0 0 0 0 0 
0.000522406 -3.26403 -6.56403 -5.22277 -5.95459 1.06403 2.03199e-08 1.70042e+14 0.000268527 0.00152559 8.01088e-23 4.15628e-08 209999 0 0 9.13634e-25 0 0 0.00872941 0 0 0 0 0 0 0 0 0 0 
0.000722606 -3.25983 -6.55983 -5.22277 -5.95038 1.05983 1.72702e-08 1.70039e+14 0.000268531 0.0015256 8.01088e-23 4.15624e-08 210000 0 0 9.13633e-25 0 0 0.00872941 0 0 0 0 0 0 0 0 0 0 
0.000962009 -3.2548 -6.5548 -5.22277 -5.94535 1.0548 1.42182e-08 1.70035e+14 0.000268535 0.00152562 8.01088e-23 4.1562e-08 210002 0 0 9.13634e-25 0 0 0.00872941 0 0 0 0 0 0 0 0 0 0 
0.00124829 -3.24879 -6.54879 -5.22277 -5.93934 1.04879 1.12681e-08 1.70031e+14 0.00026854 0.00152564 8.01088e-23 4.15615e-08 210005 0 0 9.13635e-25 0 0 0.00872941 0 0 0 0 0 0 0 0 0 0 
0.00159063 -3.2416 -6.5416 -5.22277 -5.93215 1.0416 8.53263e-09 1.70026e+14 0.000268546 0.00152567 8.01088e-23 4.15609e-08 210008 0 0 9.13636e-25 0 0 0.00872941 0 0 0 0 0 0 0 0 0 0 
0.002 -3.233 -6.533 -5.22277 -5.92355 1.033 6.11876e-09 1.7002e+14 0.000268548 0.00152567 8.01088e-23 4.15595e-08 210010 0 0 9.13636e-25 0 0 0.00872941 0 0 0 0 0 0 0 0 0 0 
0.002 -3.233 -6.533 -5.22277 -5.92355 1.033 6.11876e-09 1.7002e+14 0.000268558 0.00152572 8.01088e-23 4.1561e-08 210014 0 0 9.13637e-25 0 0 0.00872941 0 0 0 0 0 0 0 0 0 0 
0.0025 -3.2225 -6.5225 -5.22277 -5.91305 1.0225 4.07631e-09 1.70012e+14 0.000268561 0.00152573 8.01088e-23 4.15593e-08 210016 0 0 9.13637e-25 0 0 0.00872941 0 0 0 0 0 0 0 0 0 0 
0.003 -3.212 -6.512 -5.22277 -5.90255 1.012 2.71561e-09 1.70005e+14 0.00026857 0.00152577 8.01088e-23 4.15584e-08 210020 0 0 9.13637e-25 0 0 0.00872941 0 0 0 0 0 0 0 0 0 0 
0.0035 -3.2015 -6.5015 -5.22277 -5.89204 1.0015 1.8091e-09 1.69997e+14 0.000268579 0.0015258 8.01088e-23 4.15576e-08 210025 0 0 9.13636e-25 0 0 0.00872941 0 0 0 0 0 0 0 0 0 0 
0.004 -3.191 -6.491 -5.22277 -5.88154 0.990995 1.20519e-09 1.6999e+14 0.000268588 0.00152584 8.01088e-23 4.15567e-08 210029 0 0 9.13636e-25 0 0 0.00872941 0 0 0 0 0 0 0 0 0 0 
0.0045 -3.18049 -6.48049 -5.22277 -5.87104 0.980494 8.02865e-10 1.69982e+14 0.000268598 0.00152587 8.01088e-23 4.15558e-08 210034 0 0 9.13636e-25 0 0 0.00872941 0 0 0 0 0 0 0 0 0 0 
0.005 -3.16999 -6.46999 -5.22277 -5.86054 0.969992 5.34842e-10 1.69974e+14 0.000268607 0.00152591 8.01088e-23 4.1555e-08 210038 0 0 9.13636e-25 0 0 0.00872941 0 0 0 0 0 0 0 0 0 0 
0.0055 -3.15949 -6.45949 -5.22277 -5.85003 0.95949 3.56291e-10 1.69967e+14 0.000268616 0.00152595 8.01088e-23 4.15541e-08 210042 0 0 9.13636e-25 0 0 0.00872941 0 0 0 0 0 0 0 0 0 0 
0.006 -3.14899 -6.44899 -5.22277 -5.83953 0.948988 2.37345e-10 1.69959e+14 0.000268626 0.00152598 8.01088e-23 4.15532e-08 210047 0 0 9.13637e-25 0 0 0.00872941 0 0 0 0 0 0 0 0 0 0 
0.0065 -3.13849 -6.43849 -5.22277 -5.82902 0.938485 1.58107e-10 1.69952e+14 0.000268635 0.00152602 8.01088e-23 4.15524e-08 210051 0 0 9.13637e-25 0 0 0.00872941 0 0 0 0 0 0 0 0 0 0 
0.007 -3.12798 -6.42798 -5.22277 -5.81852 0.927983 1.05322e-10 1.69944e+14 0.000268645 0.00152605 8.01088e-23 4.15515e-08 210056 0 0 9.13637e-25 0 0 0.00872941 0 0 0 0 0 0 0 0 0 0 
0.0075 -3.11748 -6.41748 -5.22277 -5.80802 0.91748 7.01589e-11 1.69937e+14 0.000268654 0.00152609 8.01088e-23 4.15506e-08 210060 0 0 9.13637e-25 0 0 0.00872941 0 0 0 0 0 0 0 0 0 0 
0.008 -3.10698 -6.40698 -5.22277 -5.79751 0.906977 4.6735e-11 1.69929e+14 0.000268664 0.00152613 8.01088e-23 4.15497e-08 210064 0 0 9.13636e-25 0 0 0.00872941 0 0 0 0 0 0 0 0 0 0 
0.0085 -3.09647 -6.39647 -5.22277 -5.78701 0.896473 3.11313e-11 1.69922e+14 0.000268674 0.00152616 8.01088e-23 4.15489e-08 210069 0 0 9.13637e-25 0 0 0.00872941 0 0 0 0 0 0 0 0 0 0 
0.009 -3.08597 -6.38597 -5.22277 -5.7765 0.88597 2.07372e-11 1.69914e+14 0.000268684 0.0015262 8.01088e-23 4.1548e-08 210073 0 0 9.13637e-25 0 0 0.00872941 0 0 0 0 0 0 0 0 0 0 
0.0095 -3.07547 -6.37547 -5.22277 -5.766 0.875466 1.38133e-11 1.69906e+14 0.000268694 0.00152623 8.01088e-23 4.15471e-08 210077 0 0 9.13636e-25 0 0 0.00872941 0 0 0 0 0 0 0 0 0 0 
0.01 -3.06496 -6.36496 -5.22277 -5.75549 0.864962 9.20112e-12 1.69899e+14 0.000268703 0.00152627 8.01088e-23 4.15463e-08 210082 0 0 9.13637e-25 0 0 0.00872941 0 0 0 0 0 0 0 0 0 0 
0.0105 -3.05446 -6.35446 -5.22277 -5.74498 0.854458 6.12887e-12 1.69891e+14 0.000268713 0.00152631 8.01088e-23 4.15454e-08 210086 0 0 9.13637e-25 0 0 0.00872941 0 0 0 0 0 0 0 0 0 0 
0.011 -3.04395 -6.34395 -5.22277 -5.73448 0.843953 4.08241e-12 1.69884e+14 0.000268723 0.00152634 8.01088e-23 4.15445e-08 210091 0 0 9.13637e-25 0 0 0.00872941 0 0 0 0 0 0 0 0 0 0 
0.0115 -3.03345 -6.33345 -5.22277 -5.72397 0.833449 2.71925e-12 1.69876e+14 0.000268733 0.00152638 8.01088e-23 4.15437e-08 210095 0 0 9.13636e-25 0 0 0.00872941 0 0 0 0 0 0 0 0 0 0 
0.012 -3.02294 -6.32294 -5.22277 -5.71347 0.822944 1.81124e-12 1.69869e+14 0.000268743 0.00152641 8.01088e-23 4.15428e-08 210099 0 0 9.13637e-25 0 0 0.00872941 0 0 0 0 0 0 0 0 0 0 
0.0125 -3.01244 -6.31244 -5.22277 -5.70296 0.812439 1.20643e-12 1.69861e+14 0.000268753 0.00152645 8.01088e-23 4.15419e-08 210104 0 0 9.13637e-25 0 0 0.00872941 0 0 0 0 0 0 0 0 0 0 
0.013 -3.00193 -6.30193 -5.22277 -5.69245 0.801934 8.03567e-13 1.69854e+14 0.000268763 0.00152649 8.01088e-23 4.15411e-08 210108 0 0 9.13636e-25 0 0 0.00872941 0 0 0 0 0 0 0 0 0 0 
0.0135 -2.99143 -6.29143 -5.22277 -5.68194 0.791428 5.35228e-13 1.69846e+14 0.000268774 0.00152652 8.01088e-23 4.15402e-08 210113 0 0 9.13637e-25 0 0 0.00872941 0 0 0 0 0 0 0 0 0 0 
0.014 -2.98092 -6.28092 -5.22277 -5.67144 0.780922 3.56494e-13 1.69838e+14 0.000268784 0.00152656 8.01088e-23 4.15393e-08 210117 0 0 9.13637e-25 0 0 0.00872941 0 0 0 0 0 0 0 0 0 0 
0.0145 -2.97042 -6.27042 -5.22277 -5.66093 0.770416 2.37444e-13 1.69831e+14 0.000268794 0.00152659 8.01088e-23 4.15385e-08 210121 0 0 9.13636e-25 0 0 0.00872941 0 0 0 0 0 0 0 0 0 0 
0.015 -2.95991 -6.25991 -5.22277 -5.65042 0.75991 1.58149e-13 1.69823e+14 0.000268804 0.00152663 8.01088e-23 4.15376e-08 210126 0 0 9.13637e-25 0 0 0.00872941 0 0 0 0 0 0 0 0 0 0 
0.0155 -2.9494 -6.2494 -5.22277 -5.63991 0.749404 1.05334e-13 1.69816e+14 0.000268814 0.00152667 8.01088e-23 4.15367e-08 210130 0 0 9.13637e-25 0 0 0.00872941 0 0 0 0 0 0 0 0 0 0 
0.016 -2.9389 -6.2389 -5.22277 -5.62941 0.738897 7.01563e-14 1.69808e+14 0.000268824 0.0015267 8.01088e-23 4.15359e-08 210135 0 0 9.13636e-25 0 0 0.00872941 0 0 0 0 0 0 0 0 0 0 
0.0165 -2.92839 -6.22839 -5.22277 -5.6189 0.72839 4.67263e-14 1.69801e+14 0.000268834 0.00152674 8.01088e-23 4.1535e-08 210139 0 0 9.13636e-25 0 0 0.00872941 0 0 0 0 0 0 0 0 0 0 
0.017 -2.91788 -6.21788 -5.22277 -5.60839 0.717883 3.11209e-14 1.69793e+14 0.000268845 0.00152677 8.01088e-23 4.15341e-08 210143 0 0 9.13637e-25 0 0 0.00872941 0 0 0 0 0 0 0 0 0 0 
0.0175 -2.90738 -6.20738 -5.22277 -5.59788 0.707376 2.07271e-14 1.69786e+14 0.000268855 0.00152681 8.01088e-23 4.15333e-08 210148 0 0 9.13637e-25 0 0 0.00872941 0 0 0 0 0 0 0 0 0 0 
0.018 -2.89687 -6.19687 -5.22277 -5.58737 0.696868 1.38045e-14 1.69778e+14 0.000268865 0.00152685 8.01088e-23 4.15324e-08 210152 0 0 9.13637e-25 0 0 0.00872941 0 0 0 0 0 0 0 0 0 0 
0.0185 -2.88636 -6.18636 -5.22277 -5.57686 0.686361 9.19391e-15 1.69771e+14 0.000268875 0.00152688 8.01088e-23 4.15315e-08 210157 0 0 9.13637e-25 0 0 0.00872941 0 0 0 0 0 0 0 0 0 0 
0.019 -2.87585 -6.17585 -5.22277 -5.56635 0.675853 6.12316e-15 1.69763e+14 0.000268886 0.00152692 8.01088e-23 4.15307e-08 210161 0 0 9.13637e-25 0 0 0.00872941 0 0 0 0 0 0 0 0 0 0 
0.0195 -2.86534 -6.16534 -5.22277 -5.55584 0.665345 4.078e-15 1.69755e+14 0.000268896 0.00152695 8.01088e-23 4.15298e-08 210165 0 0 9.13637e-25 0 0 0.00872941 0 0 0 0 0 0 0 0 0 0 
0.02 -2.85484 -6.15484 -5.22277 -5.54533 0.654836 2.71591e-15 1.69748e+14 0.000268906 0.00152699 8.01088e-23 4.15289e-08 210170 0 0 9.13637e-25 0 0 0.00872941 0 0 0 0 0 0 0 0 0 0 
0.0205 -2.84433 -6.14433 -5.22277 -5.53482 0.644328 1.80875e-15 1.6974e+14 0.000268916 0.00152703 8.01088e-23 4.15281e-08 210174 0 0 9.13637e-25 0 0 0.00872941 0 0 0 0 0 0 0 0 0 0 
0.021 -2.83382 -6.13382 -5.22277 -5.52431 0.633819 1.20459e-15 1.69733e+14 0.000268927 0.00152706 8.01088e-23 4.15272e-08 210178 0 0 9.13637e-25 0 0 0.00872941 0 0 0 0 0 0 0 0 0 0 
0.0215 -2.82331 -6.12331 -5.22277 -5.5138 0.62331 8.02226e-16 1.69725e+14 0.000268937 0.0015271 8.01088e-23 4.15263e-08 210183 0 0 9.13637e-25 0 0 0.00872941 0 0 0 0 0 0 0 0 0 0 
0.022 -2.8128 -6.1128 -5.22277 -5.50329 0.612801 5.34257e-16 1.69718e+14 0.000268947 0.00152713 8.01088e-23 4.15255e-08 210187 0 0 9.13637e-25 0 0 0.00872941 0 0 0 0 0 0 0 0 0 0 
0.0225 -2.80229 -6.10229 -5.22277 -5.49278 0.602291 3.55795e-16 1.6971e+14 0.000268958 0.00152717 8.01088e-23 4.15246e-08 210192 0 0 9.13637e-25 0 0 0.00872941 0 0 0 0 0 0 0 0 0 0 
0.023 -2.79178 -6.09178 -5.22277 -5.48227 0.591781 2.36944e-16 1.69703e+14 0.000268968 0.0015272 8.01088e-23 4.15237e-08 210196 0 0 9.13637e-25 0 0 0.00872941 0 0 0 0 0 0 0 0 0 0 
0.0235 -2.78127 -6.08127 -5.22277 -5.47176 0.581272 1.57793e-16 1.69695e+14 0.000268978 0.00152724 8.01088e-23 4.15229e-08 210200 0 0 9.13637e-25 0 0 0.00872941 0 0 0 0 0 0 0 0 0 0 
0.024 -2.77076 -6.07076 -5.22277 -5.46125 0.570761 1.05081e-16 1.69688e+14 0.000268988 0.00152728 8.01088e-23 4.1522e-08 210205 0 0 9.13636e-25 0 0 0.00872941 0 0 0 0 0 0 0 0 0 0 
0.0245 -2.76025 -6.06025 -5.22277 -5.45073 0.560251 6.99777e-17 1.6968e+14 0.000268999 0.00152731 8.01088e-23 4.15211e-08 210209 0 0 9.13637e-25 0 0 0.00872941 0 0 0 0 0 0 0 0 0 0 
0.025 -2.74974 -6.04974 -5.22277 -5.44022 0.54974 4.66005e-17 1.69673e+14 0.000269009 0.00152735 8.01088e-23 4.15203e-08 210214 0 0 9.13637e-25 0 0 0.00872941 0 0 0 0 0 0 0 0 0 0 
0.0255 -2.73923 -6.03923 -5.22277 -5.42971 0.53923 3.10325e-17 1.69665e+14 0.000269019 0.00152738 8.01088e-23 4.15194e-08 210218 0 0 9.13637e-25 0 0 0.00872941 0 0 0 0 0 0 0 0 0 0 
0.026 -2.72872 -6.02872 -5.22277 -5.4192 0.528719 2.06653e-17 1.69657e+14 0.00026903 0.00152742 8.01088e-23 4.15185e-08 210222 0 0 9.13637e-25 0 0 0.00872941 0 0 0 0 0 0 0 0 0 0 
0.0265 -2.71821 -6.01821 -5.22277 -5.40868 0.518207 1.37613e-17 1.6965e+14 0.00026904 0.00152746 8.01088e-23 4.15177e-08 210227 0 0 9.13636e-25 0 0 0.00872941 0 0 0 0 0 0 0 0 0 0 
0.027 -2.7077 -6.0077 -5.22277 -5.39817 0.507696 9.16382e-18 1.69642e+14 0.00026905 0.00152749 8.01088e-23 4.15168e-08 210231 0 0 9.13637e-25 0 0 0.00872941 0 0 0 0 0 0 0 0 0 0 
0.0275 -2.69718 -5.99718 -5.22277 -5.38766 0.497184 6.10223e-18 1.69635e+14 0.000269061 0.00152753 8.01088e-23 4.15159e-08 210235 0 0 9.13637e-25 0 0 0.00872941 0 0 0 0 0 0 0 0 0 0 
0.028 -2.68667 -5.98667 -5.22277 -5.37714 0.486672 4.06347e-18 1.69627e+14 0.000269071 0.00152756 8.01088e-23 4.15151e-08 210240 0 0 9.13637e-25 0 0 0.00872941 0 0 0 0 0 0 0 0 0 0 
0.0285 -2.67616 -5.97616 -5.22277 -5.36663 0.47616 2.70584e-18 1.6962e+14 0.000269081 0.0015276 8.01088e-23 4.15142e-08 210244 0 0 9.13637e-25 0 0 0.00872941 0 0 0 0 0 0 0 0 0 0 
0.029 -2.66565 -5.96565 -5.22277 -5.35612 0.465648 1.80179e-18 1.69612e+14 0.000269092 0.00152764 8.01088e-23 4.15133e-08 210249 0 0 9.13637e-25 0 0 0.00872941 0 0 0 0 0 0 0 0 0 0 
0.0295 -2.65514 -5.95514 -5.22277 -5.3456 0.455136 1.19978e-18 1.69605e+14 0.000269102 0.00152767 8.01088e-23 4.15125e-08 210253 0 0 9.13637e-25 0 0 0.00872941 0 0 0 0 0 0 0 0 0 0 
0.03 -2.64462 -5.94462 -5.22277 -5.33509 0.444623 7.98904e-19 1.69597e+14 0.000269112 0.00152771 8.01088e-23 4.15116e-08 210257 0 0 9.13637e-25 0 0 0.00872941 0 0 0 0 0 0 0 0 0 0 
0.0305 -2.63411 -5.93411 -5.22277 -5.32457 0.43411 5.31967e-19 1.6959e+14 0.000269123 0.00152774 8.01088e-23 4.15107e-08 210262 0 0 9.13637e-25 0 0 0.00872941 0 0 0 0 0 0 0 0 0 0 
0.031 -2.6236 -5.9236 -5.22277 -5.31406 0.423597 3.54218e-19 1.69582e+14 0.000269133 0.00152778 8.01088e-23 4.15099e-08 210266 0 0 9.13637e-25 0 0 0.00872941 0 0 0 0 0 0 0 0 0 0 
0.0315 -2.61308 -5.91308 -5.22277 -5.30354 0.413083 2.3586e-19 1.69575e+14 0.000269143 0.00152782 8.01088e-23 4.1509e-08 210271 0 0 9.13637e-25 0 0 0.00872941 0 0 0 0 0 0 0 0 0 0 
0.032 -2.60257 -5.90257 -5.22277 -5.29303 0.40257 1.57048e-19 1.69567e+14 0.000269154 0.00152785 8.01088e-23 4.15081e-08 210275 0 0 9.13637e-25 0 0 0.00872941 0 0 0 0 0 0 0 0 0 0 
0.0325 -2.59206 -5.89206 -5.22277 -5.28251 0.392056 1.0457e-19 1.6956e+14 0.000269164 0.00152789 8.01088e-23 4.15073e-08 210279 0 0 9.13637e-25 0 0 0.00872941 0 0 0 0 0 0 0 0 0 0 
0.033 -2.58154 -5.88154 -5.22277 -5.272 0.381542 6.96273e-20 1.69552e+14 0.000269175 0.00152792 8.01088e-23 4.15064e-08 210284 0 0 9.13636e-25 0 0 0.00872941 0 0 0 0 0 0 0 0 0 0 
0.0335 -2.57103 -5.87103 -5.22277 -5.26148 0.371027 4.63605e-20 1.69545e+14 0.000269185 0.00152796 8.01088e-23 4.15056e-08 210288 0 0 9.13637e-25 0 0 0.00872941 0 0 0 0 0 0 0 0 0 0 
0.034 -2.56051 -5.86051 -5.22277 -5.25097 0.360513 3.08682e-20 1.69537e+14 0.000269195 0.001528 8.01088e-23 4.15047e-08 210292 0 0 9.13637e-25 0 0 0.00872941 0 0 0 0 0 0 0 0 0 0 
0.0345 -2.55 -5.85 -5.22277 -5.24045 0.349998 2.05529e-20 1.69529e+14 0.000269206 0.00152803 8.01088e-23 4.15038e-08 210297 0 0 9.13637e-25 0 0 0.00872941 0 0 0 0 0 0 0 0 0 0 
0.035 -2.53948 -5.83948 -5.22277 -5.22993 0.339483 1.36845e-20 1.69522e+14 0.000269216 0.00152807 8.01088e-23 4.1503e-08 210301 0 0 9.13637e-25 0 0 0.00872941 0 0 0 0 0 0 0 0 0 0 
0.0355 -2.52897 -5.82897 -5.22277 -5.21942 0.328968 9.11135e-21 1.69514e+14 0.000269226 0.0015281 8.01088e-23 4.15021e-08 210306 0 0 9.13637e-25 0 0 0.00872941 0 0 0 0 0 0 0 0 0 0 
0.036 -2.51845 -5.81845 -5.22277 -5.2089 0.318453 6.06641e-21 1.69507e+14 0.000269237 0.00152814 8.01088e-23 4.15012e-08 210310 0 0 9.13637e-25 0 0 0.00872941 0 0 0 0 0 0 0 0 0 0 
0.0365 -2.50794 -5.80794 -5.22277 -5.19838 0.307937 4.03904e-21 1.69499e+14 0.000269247 0.00152818 8.01088e-23 4.15004e-08 210314 0 0 9.13637e-25 0 0 0.00872941 0 0 0 0 0 0 0 0 0 0 
0.037 -2.49742 -5.79742 -5.22277 -5.18786 0.297421 2.68918e-21 1.69492e+14 0.000269257 0.00152821 8.01088e-23 4.14995e-08 210319 0 0 9.13637e-25 0 0 0.00872941 0 0 0 0 0 0 0 0 0 0 
0.0375 -2.48691 -5.78691 -5.22277 -5.17735 0.286905 1.79043e-21 1.69484e+14 0.000269268 0.00152825 8.01088e-23 4.14986e-08 210323 0 0 9.13637e-25 0 0 0.00872941 0 0 0 0 0 0 0 0 0 0 
0.038 -2.47639 -5.77639 -5.22277 -5.16683 0.276389 1.19205e-21 1.69477e+14 0.000269278 0.00152828 8.01088e-23 4.14978e-08 210328 0 0 9.13638e-25 0 0 0.00872941 0 0 0 0 0 0 0 0 0 0 
0.0385 -2.46587 -5.76587 -5.22277 -5.15631 0.265872 7.93641e-22 1.69469e+14 0.000269288 0.00152832 8.01088e-23 4.14969e-08 210332 0 0 9.13637e-25 0 0 0.00872941 0 0 0 0 0 0 0 0 0 0 
0.039 -2.45536 -5.75536 -5.22277 -5.14579 0.255356 5.28387e-22 1.69462e+14 0.000269299 0.00152836 8.01088e-23 4.1496e-08 210336 0 0 9.13637e-25 0 0 0.00872941 0 0 0 0 0 0 0 0 0 0 
0.0395 -2.44484 -5.74484 -5.22277 -5.13527 0.244839 3.51783e-22 1.69454e+14 0.000269309 0.00152839 8.01088e-23 4.14952e-08 210341 0 0 9.13637e-25 0 0 0.00872941 0 0 0 0 0 0 0 0 0 0 
0.04 -2.43432 -5.73432 -5.22277 -5.12476 0.234322 2.34205e-22 1.69447e+14 0.00026932 0.00152843 8.01088e-23 4.14943e-08 210345 0 0 9.13637e-25 0 0 0.00872941 0 0 0 0 0 0 0 0 0 0 
0.0405 -2.4238 -5.7238 -5.22277 -5.11424 0.223804 1.55924e-22 1.69439e+14 0.00026933 0.00152846 8.01088e-23 4.14935e-08 210349 0 0 9.13637e-25 0 0 0.00872941 0 0 0 0 0 0 0 0 0 0 
0.041 -2.41329 -5.71329 -5.22277 -5.10372 0.213287 1.03806e-22 1.69432e+14 0.00026934 0.0015285 8.01088e-23 4.14926e-08 210354 0 0 9.13637e-25 0 0 0.00872941 0 0 0 0 0 0 0 0 0 0 
0.0415 -2.40277 -5.70277 -5.22277 -5.0932 0.202769 6.91088e-23 1.69424e+14 0.000269351 0.00152854 8.01088e-23 4.14917e-08 210358 0 0 9.13638e-25 0 0 0.00872941 0 0 0 0 0 0 0 0 0 0 
0.042 -2.39225 -5.69225 -5.22277 -5.08268 0.192251 4.60086e-23 1.69417e+14 0.000269361 0.00152857 8.01088e-23 4.14909e-08 210363 0 0 9.13637e-25 0 0 0.00872941 0 0 0 0 0 0 0 0 0 0 
0.0425 -2.38173 -5.68173 -5.22277 -5.07216 0.181733 3.06295e-23 1.69409e+14 0.000269371 0.00152861 8.01088e-23 4.149e-08 210367 0 0 9.13637e-25 0 0 0.00872941 0 0 0 0 0 0 0 0 0 0 
0.043 -2.37121 -5.67121 -5.22277 -5.06164 0.171214 2.0391e-23 1.69402e+14 0.000269382 0.00152864 8.01088e-23 4.14891e-08 210371 0 0 9.13636e-25 0 0 0.00872941 0 0 0 0 0 0 0 0 0 0 
0.0435 -2.3607 -5.6607 -5.22277 -5.05112 0.160695 1.35748e-23 1.69394e+14 0.000269392 0.00152868 8.01088e-23 4.14883e-08 210376 0 0 9.13636e-25 0 0 0.00872941 0 0 0 0 0 0 0 0 0 0 
0.044 -2.35018 -5.65018 -5.22277 -5.0406 0.150177 9.03698e-24 1.69387e+14 0.000269402 0.00152872 8.01088e-23 4.14874e-08 210380 0 0 9.13636e-25 0 0 0.00872941 0 0 0 0 0 0 0 0 0 0 
0.0445 -2.33966 -5.63966 -5.22277 -5.03008 0.139657 6.01603e-24 1.69379e+14 0.000269413 0.00152875 8.01088e-23 4.14865e-08 210384 0 0 9.13637e-25 0 0 0.00872941 0 0 0 0 0 0 0 0 0 0 
0.045 -2.32914 -5.62914 -5.22277 -5.01956 0.129138 4.00492e-24 1.69372e+14 0.000269423 0.00152879 8.01088e-23 4.14857e-08 210389 0 0 9.13638e-25 0 0 0.00872941 0 0 0 0 0 0 0 0 0 0 
0.0455 -2.31862 -5.61862 -5.22277 -5.00904 0.118619 2.66608e-24 1.69364e+14 0.000269434 0.00152882 8.01088e-23 4.14848e-08 210393 0 0 9.13637e-25 0 0 0.00872941 0 0 0 0 0 0 0 0 0 0 
0.046 -2.3081 -5.6081 -5.22277 -4.99851 0.108099 1.7748e-24 1.69357e+14 0.000269444 0.00152886 8.01088e-23 4.1484e-08 210398 0 0 9.13637e-25 0 0 0.00872941 0 0 0 0 0 0 0 0 0 0 
0.0465 -2.29758 -5.59758 -5.22277 -4.98799 0.0975788 1.18147e-24 1.69349e+14 0.000269454 0.0015289 8.01088e-23 4.14831e-08 210402 0 0 9.13637e-25 0 0 0.00872941 0 0 0 0 0 0 0 0 0 0 
0.047 -2.28706 -5.58706 -5.22277 -4.97747 0.0870586 7.86483e-25 1.69342e+14 0.000269465 0.00152893 8.01088e-23 4.14822e-08 210406 0 0 9.13637e-25 0 0 0.00872941 0 0 0 0 0 0 0 0 0 0 
0.0475 -2.27654 -5.57654 -5.22277 -4.96695 0.0765381 5.23545e-25 1.69334e+14 0.000269475 0.00152897 8.01088e-23 4.14814e-08 210411 0 0 9.13638e-25 0 0 0.00872941 0 0 0 0 0 0 0 0 0 0 
0.048 -2.26602 -5.56602 -5.22277 -4.95643 0.0660175 3.4851e-25 1.69327e+14 0.000269485 0.001529 8.01088e-23 4.14805e-08 210415 0 0 9.13637e-25 0 0 0.00872941 0 0 0 0 0 0 0 0 0 0 
0.0485 -2.2555 -5.5555 -5.22277 -4.9459 0.0554966 2.31992e-25 1.69319e+14 0.000269496 0.00152904 8.01088e-23 4.14796e-08 210419 0 0 9.13637e-25 0 0 0.00872941 0 0 0 0 0 0 0 0 0 0 
0.049 -2.24498 -5.54498 -5.22277 -4.93538 0.0449755 1.54428e-25 1.69312e+14 0.000269506 0.00152908 8.01088e-23 4.14788e-08 210424 0 0 9.13636e-25 0 0 0.00872941 0 0 0 0 0 0 0 0 0 0 
0.0495 -2.23445 -5.53445 -5.22277 -4.92486 0.0344542 1.02796e-25 1.69304e+14 0.000269516 0.00152911 8.01088e-23 4.14779e-08 210428 0 0 9.13637e-25 0 0 0.00872941 0 0 0 0 0 0 0 0 0 0 
0.05 -2.22393 -5.52393 -5.22277 -4.91434 0.0239327 6.84264e-26 1.69297e+14 0.000269527 0.00152915 8.01088e-23 4.14771e-08 210433 0 0 9.13637e-25 0 0 0.00872941 0 0 0 0 0 0 0 0 0 0 
0.0505 -2.21341 -5.51341 -5.22277 -4.90381 0.013411 4.55477e-26 1.69289e+14 0.000269537 0.00152918 8.01088e-23 4.14762e-08 210437 0 0 9.13637e-25 0 0 0.00872941 0 0 0 0 0 0 0 0 0 0 
0.051 -2.20289 -5.50289 -5.22277 -4.89329 0.00288901 3.03183e-26 1.69282e+14 0.000269548 0.00152922 8.01088e-23 4.14753e-08 210441 0 0 9.13638e-25 0 0 0.00872941 0 0 0 0 0 0 0 0 0 0 
0.0515 -2.19237 -5.49237 -5.22277 -4.88277 -0.00763316 2.01809e-26 1.69274e+14 0.000269558 0.00152926 8.01088e-23 4.14745e-08 210446 0 0 9.13637e-25 0 0 0.00872941 0 0 0 0 0 0 0 0 0 0 
0.052 -2.18184 -5.48184 -5.22277 -4.87224 -0.0181556 1.3433e-26 1.69267e+14 0.000269568 0.00152929 8.01088e-23 4.14736e-08 210450 0 0 9.13637e-25 0 0 0.00872941 0 0 0 0 0 0 0 0 0 0 
0.0525 -2.17132 -5.47132 -5.22277 -4.86172 -0.0286782 8.9413e-27 1.69259e+14 0.000269579 0.00152933 8.01088e-23 4.14728e-08 210454 0 0 9.13637e-25 0 0 0.00872941 0 0 0 0 0 0 0 0 0 0 
0.053 -2.1608 -5.4608 -5.22277 -4.85119 -0.039201 5.95148e-27 1.69252e+14 0.000269589 0.00152936 8.01088e-23 4.14719e-08 210459 0 0 9.13637e-25 0 0 0.00872941 0 0 0 0 0 0 0 0 0 0 
0.0535 -2.15028 -5.45028 -5.22277 -4.84067 -0.0497241 3.96137e-27 1.69244e+14 0.000269599 0.0015294 8.01088e-23 4.1471e-08 210463 0 0 9.13638e-25 0 0 0.00872941 0 0 0 0 0 0 0 0 0 0 
0.054 -2.13975 -5.43975 -5.22277 -4.83014 -0.0602473 2.63671e-27 1.69237e+14 0.00026961 0.00152944 8.01088e-23 4.14702e-08 210468 0 0 9.13637e-25 0 0 0.00872941 0 0 0 0 0 0 0 0 0 0 
0.0545 -2.12923 -5.42923 -5.22277 -4.81962 -0.0707708 1.755e-27 1.69229e+14 0.00026962 0.00152947 8.01088e-23 4.14693e-08 210472 0 0 9.13637e-25 0 0 0.00872941 0 0 0 0 0 0 0 0 0 0 
0.055 -2.11871 -5.41871 -5.22277 -4.80909 -0.0812945 1.16812e-27 1.69222e+14 0.000269631 0.00152951 8.01088e-23 4.14684e-08 210476 0 0 9.13637e-25 0 0 0.00872941 0 0 0 0 0 0 0 0 0 0 
0.0555 -2.10818 -5.40818 -5.22277 -4.79857 -0.0918185 7.77485e-28 1.69214e+14 0.000269641 0.00152954 8.01088e-23 4.14676e-08 210481 0 0 9.13636e-25 0 0 0.00872941 0 0 0 0 0 0 0 0 0 0 
0.056 -2.09766 -5.39766 -5.22277 -4.78804 -0.102343 5.17481e-28 1.69207e+14 0.000269651 0.00152958 8.01088e-23 4.14667e-08 210485 0 0 9.13637e-25 0 0 0.00872941 0 0 0 0 0 0 0 0 0 0 
0.0565 -2.08713 -5.38713 -5.22277 -4.77752 -0.112867 3.44424e-28 1.69199e+14 0.000269662 0.00152962 8.01088e-23 4.14659e-08 210489 0 0 9.13637e-25 0 0 0.00872941 0 0 0 0 0 0 0 0 0 0 
0.057 -2.07661 -5.37661 -5.22277 -4.76699 -0.123392 2.29239e-28 1.69192e+14 0.000269672 0.00152965 8.01088e-23 4.1465e-08 210494 0 0 9.13637e-25 0 0 0.00872941 0 0 0 0 0 0 0 0 0 0 
0.0575 -2.06608 -5.36608 -5.22277 -4.75646 -0.133916 1.52574e-28 1.69184e+14 0.000269682 0.00152969 8.01088e-23 4.14641e-08 210498 0 0 9.13637e-25 0 0 0.00872941 0 0 0 0 0 0 0 0 0 0 
0.058 -2.05556 -5.35556 -5.22277 -4.74594 -0.144441 1.01547e-28 1.69177e+14 0.000269693 0.00152972 8.01088e-23 4.14633e-08 210503 0 0 9.13637e-25 0 0 0.00872941 0 0 0 0 0 0 0 0 0 0 
0.0585 -2.04503 -5.34503 -5.22277 -4.73541 -0.154967 6.75851e-29 1.69169e+14 0.000269703 0.00152976 8.01088e-23 4.14624e-08 210507 0 0 9.13637e-25 0 0 0.00872941 0 0 0 0 0 0 0 0 0 0 
0.059 -2.03451 -5.33451 -5.22277 -4.72488 -0.165492 4.49812e-29 1.69162e+14 0.000269713 0.0015298 8.01088e-23 4.14616e-08 210511 0 0 9.13637e-25 0 0 0.00872941 0 0 0 0 0 0 0 0 0 0 
0.0595 -2.02398 -5.32398 -5.22277 -4.71436 -0.176018 2.9937e-29 1.69154e+14 0.000269724 0.00152983 8.01088e-23 4.14607e-08 210516 0 0 9.13637e-25 0 0 0.00872941 0 0 0 0 0 0 0 0 0 0 
0.06 -2.01346 -5.31346 -5.22277 -4.70383 -0.186544 1.99242e-29 1.69147e+14 0.000269734 0.00152987 8.01088e-23 4.14598e-08 210520 0 0 9.13637e-25 0 0 0.00872941 0 0 0 0 0 0 0 0 0 0 
0.0605 -2.00293 -5.30293 -5.22277 -4.6933 -0.19707 1.32602e-29 1.69139e+14 0.000269745 0.0015299 8.01088e-23 4.1459e-08 210524 0 0 9.13637e-25 0 0 0.00872941 0 0 0 0 0 0 0 0 0 0 
0.061 -1.9924 -5.2924 -5.22277 -4.68277 -0.207596 8.82502e-30 1.69132e+14 0.000269755 0.00152994 8.01088e-23 4.14581e-08 210529 0 0 9.13637e-25 0 0 0.00872941 0 0 0 0 0 0 0 0 0 0 
0.0615 -1.98188 -5.28188 -5.22277 -4.67225 -0.218123 5.87324e-30 1.69124e+14 0.000269765 0.00152997 8.01088e-23 4.14572e-08 210533 0 0 9.13638e-25 0 0 0.00872941 0 0 0 0 0 0 0 0 0 0 
0.062 -1.97135 -5.27135 -5.22277 -4.66172 -0.228649 3.90873e-30 1.69117e+14 0.000269776 0.00153001 8.01088e-23 4.14564e-08 210538 0 0 9.13637e-25 0 0 0.00872941 0 0 0 0 0 0 0 0 0 0 
0.0625 -1.96082 -5.26082 -5.22277 -4.65119 -0.239176 2.6013e-30 1.69109e+14 0.000269786 0.00153005 8.01088e-23 4.14555e-08 210542 0 0 9.13637e-25 0 0 0.00872941 0 0 0 0 0 0 0 0 0 0 
0.063 -1.9503 -5.2503 -5.22277 -4.64066 -0.249704 1.73118e-30 1.69102e+14 0.000269796 0.00153008 8.01088e-23 4.14547e-08 210546 0 0 9.13638e-25 0 0 0.00872941 0 0 0 0 0 0 0 0 0 0 
0.0635 -1.93977 -5.23977 -5.22277 -4.63013 -0.260231 1.1521e-30 1.69094e+14 0.000269807 0.00153012 8.01088e-23 4.14538e-08 210551 0 0 9.13637e-25 0 0 0.00872941 0 0 0 0 0 0 0 0 0 0 
0.064 -1.92924 -5.22924 -5.22277 -4.6196 -0.270759 7.66712e-31 1.69087e+14 0.000269817 0.00153015 8.01088e-23 4.14529e-08 210555 0 0 9.13637e-25 0 0 0.00872941 0 0 0 0 0 0 0 0 0 0 
0.0645 -1.91871 -5.21871 -5.22277 -4.60907 -0.281287 5.10237e-31 1.69079e+14 0.000269828 0.00153019 8.01088e-23 4.14521e-08 210559 0 0 9.13638e-25 0 0 0.00872941 0 0 0 0 0 0 0 0 0 0 
0.065 -1.90819 -5.20819 -5.22277 -4.59854 -0.291815 3.39554e-31 1.69072e+14 0.000269838 0.00153023 8.01088e-23 4.14512e-08 210564 0 0 9.13637e-25 0 0 0.00872941 0 0 0 0 0 0 0 0 0 0 
0.0655 -1.89766 -5.19766 -5.22277 -4.58801 -0.302343 2.25965e-31 1.69064e+14 0.000269848 0.00153026 8.01088e-23 4.14504e-08 210568 0 0 9.13637e-25 0 0 0.00872941 0 0 0 0 0 0 0 0 0 0 
0.066 -1.88713 -5.18713 -5.22277 -4.57748 -0.312871 1.50373e-31 1.69057e+14 0.000269859 0.0015303 8.01088e-23 4.14495e-08 210573 0 0 9.13638e-25 0 0 0.00872941 0 0 0 0 0 0 0 0 0 0 
0.0665 -1.8766 -5.1766 -5.22277 -4.56695 -0.3234 1.00068e-31 1.69049e+14 0.000269869 0.00153033 8.01088e-23 4.14486e-08 210577 0 0 9.13637e-25 0 0 0.00872941 0 0 0 0 0 0 0 0 0 0 
0.067 -1.86607 -5.16607 -5.22277 -4.55642 -0.333929 6.65911e-32 1.69042e+14 0.000269879 0.00153037 8.01088e-23 4.14478e-08 210581 0 0 9.13637e-25 0 0 0.00872941 0 0 0 0 0 0 0 0 0 0 
0.0675 -1.85554 -5.15554 -5.22277 -4.54589 -0.344458 4.43133e-32 1.69034e+14 0.00026989 0.00153041 8.01088e-23 4.14469e-08 210586 0 0 9.13637e-25 0 0 0.00872941 0 0 0 0 0 0 0 0 0 0 
0.068 -1.84501 -5.14501 -5.22277 -4.53536 -0.354988 2.94882e-32 1.69027e+14 0.0002699 0.00153044 8.01088e-23 4.14461e-08 210590 0 0 9.13637e-25 0 0 0.00872941 0 0 0 0 0 0 0 0 0 0 
0.0685 -1.83448 -5.13448 -5.22277 -4.52483 -0.365517 1.96227e-32 1.69019e+14 0.000269911 0.00153048 8.01088e-23 4.14452e-08 210594 0 0 9.13637e-25 0 0 0.00872941 0 0 0 0 0 0 0 0 0 0 
0.069 -1.82395 -5.12395 -5.22277 -4.5143 -0.376047 1.30577e-32 1.69012e+14 0.000269921 0.00153051 8.01088e-23 4.14444e-08 210599 0 0 9.13638e-25 0 0 0.00872941 0 0 0 0 0 0 0 0 0 0 
0.0695 -1.81342 -5.11342 -5.22277 -4.50377 -0.386577 8.68899e-33 1.69005e+14 0.000269931 0.00153055 8.01088e-23 4.14435e-08 210603 0 0 9.13637e-25 0 0 0.00872941 0 0 0 0 0 0 0 0 0 0 
0.07 -1.80289 -5.10289 -5.22277 -4.49323 -0.397107 5.78188e-33 1.68997e+14 0.000269942 0.00153059 8.01088e-23 4.14426e-08 210607 0 0 9.13637e-25 0 0 0.00872941 0 0 0 0 0 0 0 0 0 0 
0.0705 -1.79236 -5.09236 -5.22277 -4.4827 -0.407638 3.84738e-33 1.6899e+14 0.000269952 0.00153062 8.01088e-23 4.14418e-08 210612 0 0 9.13638e-25 0 0 0.00872941 0 0 0 0 0 0 0 0 0 0 
0.071 -1.78183 -5.08183 -5.22277 -4.47217 -0.418169 2.5601e-33 1.68982e+14 0.000269962 0.00153066 8.01088e-23 4.14409e-08 210616 0 0 9.13637e-25 0 0 0.00872941 0 0 0 0 0 0 0 0 0 0 
0.0715 -1.7713 -5.0713 -5.22277 -4.46164 -0.4287 1.70351e-33 1.68975e+14 0.000269973 0.00153069 8.01088e-23 4.14401e-08 210621 0 0 9.13637e-25 0 0 0.00872941 0 0 0 0 0 0 0 0 0 0 
0.072 -1.76077 -5.06077 -5.22277 -4.4511 -0.439231 1.13352e-33 1.68967e+14 0.000269983 0.00153073 8.01088e-23 4.14392e-08 210625 0 0 9.13638e-25 0 0 0.00872941 0 0 0 0 0 0 0 0 0 0 
0.0725 -1.75024 -5.05024 -5.22277 -4.44057 -0.449762 7.54243e-34 1.6896e+14 0.000269993 0.00153077 8.01088e-23 4.14383e-08 210629 0 0 9.13637e-25 0 0 0.00872941 0 0 0 0 0 0 0 0 0 0 
0.073 -1.73971 -5.03971 -5.22277 -4.43004 -0.460294 5.01867e-34 1.68952e+14 0.000270004 0.0015308 8.01088e-23 4.14375e-08 210634 0 0 9.13637e-25 0 0 0.00872941 0 0 0 0 0 0 0 0 0 0 
0.0735 -1.72917 -5.02917 -5.22277 -4.41951 -0.470825 3.33936e-34 1.68945e+14 0.000270014 0.00153084 8.01088e-23 4.14366e-08 210638 0 0 9.13637e-25 0 0 0.00872941 0 0 0 0 0 0 0 0 0 0 
0.074 -1.71864 -5.01864 -5.22277 -4.40897 -0.481357 2.22194e-34 1.68937e+14 0.000270025 0.00153087 8.01088e-23 4.14358e-08 210642 0 0 9.13637e-25 0 0 0.00872941 0 0 0 0 0 0 0 0 0 0 
0.0745 -1.70811 -5.00811 -5.22277 -4.39844 -0.49189 1.47843e-34 1.6893e+14 0.000270035 0.00153091 8.01088e-23 4.14349e-08 210647 0 0 9.13638e-25 0 0 0.00872941 0 0 0 0 0 0 0 0 0 0 
0.075 -1.69758 -4.99758 -5.22277 -4.3879 -0.502422 9.83699e-35 1.68922e+14 0.000270045 0.00153095 8.01088e-23 4.1434e-08 210651 0 0 9.13637e-25 0 0 0.00872941 0 0 0 0 0 0 0 0 0 0 
0.0755 -1.68705 -4.98705 -5.22277 -4.37737 -0.512955 6.54518e-35 1.68915e+14 0.000270056 0.00153098 8.01088e-23 4.14332e-08 210656 0 0 9.13637e-25 0 0 0.00872941 0 0 0 0 0 0 0 0 0 0 
0.076 -1.67651 -4.97651 -5.22277 -4.36684 -0.523488 4.35489e-35 1.68907e+14 0.000270066 0.00153102 8.01088e-23 4.14323e-08 210660 0 0 9.13637e-25 0 0 0.00872941 0 0 0 0 0 0 0 0 0 0 
0.0765 -1.66598 -4.96598 -5.22277 -4.3563 -0.534021 2.89754e-35 1.689e+14 0.000270076 0.00153105 8.01088e-23 4.14315e-08 210664 0 0 9.13636e-25 0 0 0.00872941 0 0 0 0 0 0 0 0 0 0 
0.077 -1.65545 -4.95545 -5.22277 -4.34577 -0.544554 1.92787e-35 1.68892e+14 0.000270087 0.00153109 8.01088e-23 4.14306e-08 210669 0 0 9.13637e-25 0 0 0.00872941 0 0 0 0 0 0 0 0 0 0 
0.0775 -1.64491 -4.94491 -5.22277 -4.33523 -0.555088 1.28269e-35 1.68885e+14 0.000270097 0.00153113 8.01088e-23 4.14298e-08 210673 0 0 9.13638e-25 0 0 0.00872941 0 0 0 0 0 0 0 0 0 0 
0.078 -1.63438 -4.93438 -5.22277 -4.3247 -0.565621 8.53419e-36 1.68877e+14 0.000270108 0.00153116 8.01088e-23 4.14289e-08 210677 0 0 9.13637e-25 0 0 0.00872941 0 0 0 0 0 0 0 0 0 0 
0.0785 -1.62384 -4.92384 -5.22277 -4.31416 -0.576155 5.67805e-36 1.6887e+14 0.000270118 0.0015312 8.01088e-23 4.1428e-08 210682 0 0 9.13636e-25 0 0 0.00872941 0 0 0 0 0 0 0 0 0 0 
0.079 -1.61331 -4.91331 -5.22277 -4.30362 -0.58669 3.77775e-36 1.68863e+14 0.000270128 0.00153123 8.01088e-23 4.14272e-08 210686 0 0 9.13637e-25 0 0 0.00872941 0 0 0 0 0 0 0 0 0 0 
0.0795 -1.60278 -4.90278 -5.22277 -4.29309 -0.597224 2.51341e-36 1.68855e+14 0.000270139 0.00153127 8.01088e-23 4.14263e-08 210690 0 0 9.13637e-25 0 0 0.00872941 0 0 0 0 0 0 0 0 0 0 
0.08 -1.59224 -4.89224 -5.22277 -4.28255 -0.607759 1.6722e-36 1.68848e+14 0.000270149 0.00153131 8.01088e-23 4.14255e-08 210695 0 0 9.13637e-25 0 0 0.00872941 0 0 0 0 0 0 0 0 0 0 
0.0805 -1.58171 -4.88171 -5.22277 -4.27202 -0.618293 1.11253e-36 1.6884e+14 0.000270159 0.00153134 8.01088e-23 4.14246e-08 210699 0 0 9.13638e-25 0 0 0.00872941 0 0 0 0 0 0 0 0 0 0 
0.081 -1.57117 -4.87117 -5.22277 -4.26148 -0.628829 7.40168e-37 1.68833e+14 0.00027017 0.00153138 8.01088e-23 4.14237e-08 210704 0 0 9.13637e-25 0 0 0.00872941 0 0 0 0 0 0 0 0 0 0 
0.0815 -1.56064 -4.86064 -5.22277 -4.25094 -0.639364 4.92431e-37 1.68825e+14 0.00027018 0.00153141 8.01088e-23 4.14229e-08 210708 0 0 9.13637e-25 0 0 0.00872941 0 0 0 0 0 0 0 0 0 0 
0.082 -1.5501 -4.8501 -5.22277 -4.2404 -0.649899 3.2761e-37 1.68818e+14 0.000270191 0.00153145 8.01088e-23 4.1422e-08 210712 0 0 9.13637e-25 0 0 0.00872941 0 0 0 0 0 0 0 0 0 0 
0.0825 -1.53956 -4.83956 -5.22277 -4.22987 -0.660435 2.17954e-37 1.6881e+14 0.000270201 0.00153149 8.01088e-23 4.14212e-08 210717 0 0 9.13637e-25 0 0 0.00872941 0 0 0 0 0 0 0 0 0 0 
0.083 -1.52903 -4.82903 -5.22277 -4.21933 -0.670971 1.45e-37 1.68803e+14 0.000270211 0.00153152 8.01088e-23 4.14203e-08 210721 0 0 9.13638e-25 0 0 0.00872941 0 0 0 0 0 0 0 0 0 0 
0.0835 -1.51849 -4.81849 -5.22277 -4.20879 -0.681507 9.6465e-38 1.68795e+14 0.000270222 0.00153156 8.01088e-23 4.14195e-08 210725 0 0 9.13637e-25 0 0 0.00872941 0 0 0 0 0 0 0 0 0 0 
0.084 -1.50796 -4.80796 -5.22277 -4.19825 -0.692044 6.41751e-38 1.68788e+14 0.000270232 0.00153159 8.01088e-23 4.14186e-08 210730 0 0 9.13637e-25 0 0 0.00872941 0 0 0 0 0 0 0 0 0 0 
0.0845 -1.49742 -4.79742 -5.22277 -4.18772 -0.70258 4.26933e-38 1.6878e+14 0.000270242 0.00153163 8.01088e-23 4.14177e-08 210734 0 0 9.13637e-25 0 0 0.00872941 0 0 0 0 0 0 0 0 0 0 
0.085 -1.48688 -4.78688 -5.22277 -4.17718 -0.713117 2.8402e-38 1.68773e+14 0.000270253 0.00153167 8.01088e-23 4.14169e-08 210738 0 0 9.13636e-25 0 0 0.00872941 0 0 0 0 0 0 0 0 0 0 
0.0855 -1.47635 -4.77635 -5.22277 -4.16664 -0.723654 1.88945e-38 1.68766e+14 0.000270263 0.0015317 8.01088e-23 4.1416e-08 210743 0 0 9.13637e-25 0 0 0.00872941 0 0 0 0 0 0 0 0 0 0 
0.086 -1.46581 -4.76581 -5.22277 -4.1561 -0.734191 1.25695e-38 1.68758e+14 0.000270274 0.00153174 8.01088e-23 4.14152e-08 210747 0 0 9.13637e-25 0 0 0.00872941 0 0 0 0 0 0 0 0 0 0 
0.0865 -1.45527 -4.75527 -5.22277 -4.14556 -0.744729 8.36172e-39 1.68751e+14 0.000270284 0.00153177 8.01088e-23 4.14143e-08 210752 0 0 9.13637e-25 0 0 0.00872941 0 0 0 0 0 0 0 0 0 0 
0.087 -1.44473 -4.74473 -5.22277 -4.13502 -0.755266 5.56251e-39 1.68743e+14 0.000270294 0.00153181 8.01088e-23 4.14135e-08 210756 0 0 9.13637e-25 0 0 0.00872941 0 0 0 0 0 0 0 0 0 0 
0.0875 -1.4342 -4.7342 -5.22277 -4.12448 -0.765804 3.70034e-39 1.68736e+14 0.000270305 0.00153185 8.01088e-23 4.14126e-08 210760 0 0 9.13636e-25 0 0 0.00872941 0 0 0 0 0 0 0 0 0 0 
0.088 -1.42366 -4.72366 -5.22277 -4.11394 -0.776342 2.46155e-39 1.68728e+14 0.000270315 0.00153188 8.01088e-23 4.14117e-08 210765 0 0 9.13637e-25 0 0 0.00872941 0 0 0 0 0 0 0 0 0 0 
0.0885 -1.41312 -4.71312 -5.22277 -4.1034 -0.786881 1.63747e-39 1.68721e+14 0.000270325 0.00153192 8.01088e-23 4.14109e-08 210769 0 0 9.13637e-25 0 0 0.00872941 0 0 0 0 0 0 0 0 0 0 
0.089 -1.40258 -4.70258 -5.22277 -4.09286 -0.797419 1.08926e-39 1.68713e+14 0.000270336 0.00153195 8.01088e-23 4.141e-08 210773 0 0 9.13637e-25 0 0 0.00872941 0 0 0 0 0 0 0 0 0 0 
0.0895 -1.39204 -4.69204 -5.22277 -4.08232 -0.807958 7.24586e-40 1.68706e+14 0.000270346 0.00153199 8.01088e-23 4.14092e-08 210778 0 0 9.13637e-25 0 0 0.00872941 0 0 0 0 0 0 0 0 0 0 
0.09 -1.3815 -4.6815 -5.22277 -4.07178 -0.818497 4.81995e-40 1.68698e+14 0.000270357 0.00153203 8.01088e-23 4.14083e-08 210782 0 0 9.13637e-25 0 0 0.00872941 0 0 0 0 0 0 0 0 0 0 
0.0905 -1.37096 -4.67096 -5.22277 -4.06124 -0.829036 3.20621e-40 1.68691e+14 0.000270367 0.00153206 8.01088e-23 4.14075e-08 210786 0 0 9.13637e-25 0 0 0.00872941 0 0 0 0 0 0 0 0 0 0 
0.091 -1.36042 -4.66042 -5.22277 -4.0507 -0.839576 2.13274e-40 1.68684e+14 0.000270377 0.0015321 8.01088e-23 4.14066e-08 210791 0 0 9.13637e-25 0 0 0.00872941 0 0 0 0 0 0 0 0 0 0 
0.0915 -1.34988 -4.64988 -5.22277 -4.04016 -0.850115 1.41866e-40 1.68676e+14 0.000270388 0.00153213 8.01088e-23 4.14058e-08 210795 0 0 9.13637e-25 0 0 0.00872941 0 0 0 0 0 0 0 0 0 0 
0.092 -1.33934 -4.63934 -5.22277 -4.02962 -0.860655 9.43665e-41 1.68669e+14 0.000270398 0.00153217 8.01088e-23 4.14049e-08 210800 0 0 9.13637e-25 0 0 0.00872941 0 0 0 0 0 0 0 0 0 0 
0.0925 -1.3288 -4.6288 -5.22277 -4.01908 -0.871195 6.277e-41 1.68661e+14 0.000270408 0.00153221 8.01088e-23 4.1404e-08 210804 0 0 9.13638e-25 0 0 0.00872941 0 0 0 0 0 0 0 0 0 0 
0.093 -1.31826 -4.61826 -5.22277 -4.00853 -0.881736 4.17526e-41 1.68654e+14 0.000270419 0.00153224 8.01088e-23 4.14032e-08 210808 0 0 9.13637e-25 0 0 0.00872941 0 0 0 0 0 0 0 0 0 0 
0.0935 -1.30772 -4.60772 -5.22277 -3.99799 -0.892276 2.77722e-41 1.68646e+14 0.000270429 0.00153228 8.01088e-23 4.14023e-08 210813 0 0 9.13637e-25 0 0 0.00872941 0 0 0 0 0 0 0 0 0 0 
0.094 -1.29718 -4.59718 -5.22277 -3.98745 -0.902817 1.84729e-41 1.68639e+14 0.00027044 0.00153231 8.01088e-23 4.14015e-08 210817 0 0 9.13637e-25 0 0 0.00872941 0 0 0 0 0 0 0 0 0 0 
0.0945 -1.28664 -4.58664 -5.22277 -3.97691 -0.913358 1.22872e-41 1.68631e+14 0.00027045 0.00153235 8.01088e-23 4.14006e-08 210821 0 0 9.13637e-25 0 0 0.00872941 0 0 0 0 0 0 0 0 0 0 
0.095 -1.2761 -4.5761 -5.22277 -3.96636 -0.923899 8.17279e-42 1.68624e+14 0.00027046 0.00153239 8.01088e-23 4.13998e-08 210826 0 0 9.13638e-25 0 0 0.00872941 0 0 0 0 0 0 0 0 0 0 
0.0955 -1.26556 -4.56556 -5.22277 -3.95582 -0.93444 5.43604e-42 1.68617e+14 0.000270471 0.00153242 8.01088e-23 4.13989e-08 210830 0 0 9.13637e-25 0 0 0.00872941 0 0 0 0 0 0 0 0 0 0 
0.096 -1.25502 -4.55502 -5.22277 -3.94528 -0.944982 3.61569e-42 1.68609e+14 0.000270481 0.00153246 8.01088e-23 4.13981e-08 210834 0 0 9.13637e-25 0 0 0.00872941 0 0 0 0 0 0 0 0 0 0 
0.0965 -1.24448 -4.54448 -5.22277 -3.93474 -0.955524 2.4049e-42 1.68602e+14 0.000270491 0.00153249 8.01088e-23 4.13972e-08 210839 0 0 9.13638e-25 0 0 0.00872941 0 0 0 0 0 0 0 0 0 0 
0.097 -1.23393 -4.53393 -5.22277 -3.92419 -0.966066 1.59955e-42 1.68594e+14 0.000270502 0.00153253 8.01088e-23 4.13963e-08 210843 0 0 9.13637e-25 0 0 0.00872941 0 0 0 0 0 0 0 0 0 0 
0.0975 -1.22339 -4.52339 -5.22277 -3.91365 -0.976608 1.06389e-42 1.68587e+14 0.000270512 0.00153257 8.01088e-23 4.13955e-08 210847 0 0 9.13637e-25 0 0 0.00872941 0 0 0 0 0 0 0 0 0 0 
0.098 -1.21285 -4.51285 -5.22277 -3.9031 -0.987151 7.07605e-43 1.68579e+14 0.000270523 0.0015326 8.01088e-23 4.13946e-08 210852 0 0 9.13637e-25 0 0 0.00872941 0 0 0 0 0 0 0 0 0 0 
0.0985 -1.20231 -4.50231 -5.22277 -3.89256 -0.997693 4.70632e-43 1.68572e+14 0.000270533 0.00153264 8.01088e-23 4.13938e-08 210856 0 0 9.13637e-25 0 0 0.00872941 0 0 0 0 0 0 0 0 0 0 
0.099 -1.19176 -4.49176 -5.22277 -3.88202 -1.00824 3.13017e-43 1.68564e+14 0.000270543 0.00153267 8.01088e-23 4.13929e-08 210861 0 0 9.13637e-25 0 0 0.00872941 0 0 0 0 0 0 0 0 0 0 
0.0995 -1.18122 -4.48122 -5.22277 -3.87147 -1.01878 2.08186e-43 1.68557e+14 0.000270554 0.00153271 8.01088e-23 4.13921e-08 210865 0 0 9.13636e-25 0 0 0.00872941 0 0 0 0 0 0 0 0 0 0 
0.1 -1.17068 -4.47068 -5.22277 -3.86093 -1.02932 1.38462e-43 1.6855e+14 0.000270564 0.00153275 8.01088e-23 4.13912e-08 210869 0 0 9.13637e-25 0 0 0.00872941 0 0 0 0 0 0 0 0 0 0 
0.1005 -1.16013 -4.46013 -5.22277 -3.85038 -1.03987 9.20889e-44 1.68542e+14 0.000270574 0.00153278 8.01088e-23 4.13904e-08 210874 0 0 9.13637e-25 0 0 0.00872941 0 0 0 0 0 0 0 0 0 0 
0.101 -1.14959 -4.44959 -5.22277 -3.83984 -1.05041 6.12463e-44 1.68535e+14 0.000270585 0.00153282 8.01088e-23 4.13895e-08 210878 0 0 9.13637e-25 0 0 0.00872941 0 0 0 0 0 0 0 0 0 0 
0.1015 -1.13905 -4.43905 -5.22277 -3.82929 -1.06095 4.07332e-44 1.68527e+14 0.000270595 0.00153285 8.01088e-23 4.13886e-08 210882 0 0 9.13637e-25 0 0 0.00872941 0 0 0 0 0 0 0 0 0 0 
0.102 -1.1285 -4.4285 -5.22277 -3.81874 -1.0715 2.70903e-44 1.6852e+14 0.000270606 0.00153289 8.01088e-23 4.13878e-08 210887 0 0 9.13637e-25 0 0 0.00872941 0 0 0 0 0 0 0 0 0 0 
0.1025 -1.11796 -4.41796 -5.22277 -3.8082 -1.08204 1.80167e-44 1.68512e+14 0.000270616 0.00153293 8.01088e-23 4.13869e-08 210891 0 0 9.13637e-25 0 0 0.00872941 0 0 0 0 0 0 0 0 0 0 
0.103 -1.10741 -4.40741 -5.22277 -3.79765 -1.09259 1.19821e-44 1.68505e+14 0.000270626 0.00153296 8.01088e-23 4.13861e-08 210895 0 0 9.13637e-25 0 0 0.00872941 0 0 0 0 0 0 0 0 0 0 
0.1035 -1.09687 -4.39687 -5.22277 -3.78711 -1.10313 7.96868e-45 1.68497e+14 0.000270637 0.001533 8.01088e-23 4.13852e-08 210900 0 0 9.13637e-25 0 0 0.00872941 0 0 0 0 0 0 0 0 0 0 
0.104 -1.08632 -4.38632 -5.22277 -3.77656 -1.11368 5.29952e-45 1.6849e+14 0.000270647 0.00153303 8.01088e-23 4.13844e-08 210904 0 0 9.13637e-25 0 0 0.00872941 0 0 0 0 0 0 0 0 0 0 
0.1045 -1.07578 -4.37578 -5.22277 -3.76601 -1.12422 3.52439e-45 1.68483e+14 0.000270657 0.00153307 8.01088e-23 4.13835e-08 210908 0 0 9.13637e-25 0 0 0.00872941 0 0 0 0 0 0 0 0 0 0 
0.105 -1.06523 -4.36523 -5.22277 -3.75546 -1.13477 2.34383e-45 1.68475e+14 0.000270668 0.00153311 8.01088e-23 4.13827e-08 210913 0 0 9.13637e-25 0 0 0.00872941 0 0 0 0 0 0 0 0 0 0 
0.1055 -1.05469 -4.35469 -5.22277 -3.74492 -1.14531 1.55871e-45 1.68468e+14 0.000270678 0.00153314 8.01088e-23 4.13818e-08 210917 0 0 9.13637e-25 0 0 0.00872941 0 0 0 0 0 0 0 0 0 0 
0.106 -1.04414 -4.34414 -5.22277 -3.73437 -1.15586 1.03658e-45 1.6846e+14 0.000270689 0.00153318 8.01088e-23 4.1381e-08 210922 0 0 9.13637e-25 0 0 0.00872941 0 0 0 0 0 0 0 0 0 0 
0.1065 -1.03359 -4.33359 -5.22277 -3.72382 -1.16641 6.89341e-46 1.68453e+14 0.000270699 0.00153321 8.01088e-23 4.13801e-08 210926 0 0 9.13637e-25 0 0 0.00872941 0 0 0 0 0 0 0 0 0 0 
0.107 -1.02305 -4.32305 -5.22277 -3.71327 -1.17695 4.58419e-46 1.68445e+14 0.000270709 0.00153325 8.01088e-23 4.13792e-08 210930 0 0 9.13637e-25 0 0 0.00872941 0 0 0 0 0 0 0 0 0 0 
0.1075 -1.0125 -4.3125 -5.22277 -3.70273 -1.1875 3.04851e-46 1.68438e+14 0.00027072 0.00153329 8.01088e-23 4.13784e-08 210935 0 0 9.13637e-25 0 0 0.00872941 0 0 0 0 0 0 0 0 0 0 
0.108 -1.00195 -4.30195 -5.22277 -3.69218 -1.19805 2.02725e-46 1.68431e+14 0.00027073 0.00153332 8.01088e-23 4.13775e-08 210939 0 0 9.13637e-25 0 0 0.00872941 0 0 0 0 0 0 0 0 0 0 
0.1085 -0.991407 -4.29141 -5.22277 -3.68163 -1.20859 1.34811e-46 1.68423e+14 0.00027074 0.00153336 8.01088e-23 4.13767e-08 210943 0 0 9.13638e-25 0 0 0.00872941 0 0 0 0 0 0 0 0 0 0 
0.109 -0.98086 -4.28086 -5.22277 -3.67108 -1.21914 8.96478e-47 1.68416e+14 0.000270751 0.00153339 8.01088e-23 4.13758e-08 210948 0 0 9.13637e-25 0 0 0.00872941 0 0 0 0 0 0 0 0 0 0 
0.1095 -0.970312 -4.27031 -5.22277 -3.66053 -1.22969 5.96142e-47 1.68408e+14 0.000270761 0.00153343 8.01088e-23 4.1375e-08 210952 0 0 9.13636e-25 0 0 0.00872941 0 0 0 0 0 0 0 0 0 0 
0.11 -0.959764 -4.25976 -5.22277 -3.64998 -1.24024 3.9642e-47 1.68401e+14 0.000270772 0.00153347 8.01088e-23 4.13741e-08 210956 0 0 9.13636e-25 0 0 0.00872941 0 0 0 0 0 0 0 0 0 0 
0.1105 -0.949216 -4.24922 -5.22277 -3.63943 -1.25078 2.63608e-47 1.68393e+14 0.000270782 0.0015335 8.01088e-23 4.13733e-08 210961 0 0 9.13636e-25 0 0 0.00872941 0 0 0 0 0 0 0 0 0 0 
0.111 -0.938668 -4.23867 -5.22277 -3.62888 -1.26133 1.7529e-47 1.68386e+14 0.000270792 0.00153354 8.01088e-23 4.13724e-08 210965 0 0 9.13637e-25 0 0 0.00872941 0 0 0 0 0 0 0 0 0 0 
0.1115 -0.92812 -4.22812 -5.22277 -3.61833 -1.27188 1.16561e-47 1.68379e+14 0.000270803 0.00153357 8.01088e-23 4.13716e-08 210969 0 0 9.13637e-25 0 0 0.00872941 0 0 0 0 0 0 0 0 0 0 
0.112 -0.917571 -4.21757 -5.22277 -3.60778 -1.28243 7.75078e-48 1.68371e+14 0.000270813 0.00153361 8.01088e-23 4.13707e-08 210974 0 0 9.13637e-25 0 0 0.00872941 0 0 0 0 0 0 0 0 0 0 
0.1125 -0.907023 -4.20702 -5.22277 -3.59723 -1.29298 5.15387e-48 1.68364e+14 0.000270823 0.00153365 8.01088e-23 4.13699e-08 210978 0 0 9.13638e-25 0 0 0.00872941 0 0 0 0 0 0 0 0 0 0 
0.113 -0.896474 -4.19647 -5.22277 -3.58668 -1.30353 3.42703e-48 1.68356e+14 0.000270834 0.00153368 8.01088e-23 4.1369e-08 210982 0 0 9.13637e-25 0 0 0.00872941 0 0 0 0 0 0 0 0 0 0 
0.1135 -0.885924 -4.18592 -5.22277 -3.57613 -1.31408 2.27876e-48 1.68349e+14 0.000270844 0.00153372 8.01088e-23 4.13682e-08 210987 0 0 9.13637e-25 0 0 0.00872941 0 0 0 0 0 0 0 0 0 0 
0.114 -0.875375 -4.17537 -5.22277 -3.56558 -1.32463 1.51522e-48 1.68341e+14 0.000270855 0.00153375 8.01088e-23 4.13673e-08 210991 0 0 9.13638e-25 0 0 0.00872941 0 0 0 0 0 0 0 0 0 0 
0.1145 -0.864825 -4.16483 -5.22277 -3.55503 -1.33517 1.00751e-48 1.68334e+14 0.000270865 0.00153379 8.01088e-23 4.13664e-08 210996 0 0 9.13637e-25 0 0 0.00872941 0 0 0 0 0 0 0 0 0 0 
0.115 -0.854275 -4.15428 -5.22277 -3.54448 -1.34572 6.69915e-49 1.68327e+14 0.000270875 0.00153383 8.01088e-23 4.13656e-08 211000 0 0 9.13637e-25 0 0 0.00872941 0 0 0 0 0 0 0 0 0 0 
0.1155 -0.843725 -4.14373 -5.22277 -3.53393 -1.35627 4.45437e-49 1.68319e+14 0.000270886 0.00153386 8.01088e-23 4.13647e-08 211004 0 0 9.13637e-25 0 0 0.00872941 0 0 0 0 0 0 0 0 0 0 
0.116 -0.833175 -4.13317 -5.22277 -3.52337 -1.36683 2.96175e-49 1.68312e+14 0.000270896 0.0015339 8.01088e-23 4.13639e-08 211009 0 0 9.13637e-25 0 0 0.00872941 0 0 0 0 0 0 0 0 0 0 
0.1165 -0.822624 -4.12262 -5.22277 -3.51282 -1.37738 1.96928e-49 1.68304e+14 0.000270906 0.00153393 8.01088e-23 4.1363e-08 211013 0 0 9.13637e-25 0 0 0.00872941 0 0 0 0 0 0 0 0 0 0 
0.117 -0.812074 -4.11207 -5.22277 -3.50227 -1.38793 1.30937e-49 1.68297e+14 0.000270917 0.00153397 8.01088e-23 4.13622e-08 211017 0 0 9.13637e-25 0 0 0.00872941 0 0 0 0 0 0 0 0 0 0 
0.1175 -0.801523 -4.10152 -5.22277 -3.49172 -1.39848 8.70592e-50 1.6829e+14 0.000270927 0.00153401 8.01088e-23 4.13613e-08 211022 0 0 9.13637e-25 0 0 0.00872941 0 0 0 0 0 0 0 0 0 0 
0.118 -0.790971 -4.09097 -5.22277 -3.48116 -1.40903 5.78845e-50 1.68282e+14 0.000270938 0.00153404 8.01088e-23 4.13605e-08 211026 0 0 9.13637e-25 0 0 0.00872941 0 0 0 0 0 0 0 0 0 0 
0.1185 -0.78042 -4.08042 -5.22277 -3.47061 -1.41958 3.84864e-50 1.68275e+14 0.000270948 0.00153408 8.01088e-23 4.13596e-08 211030 0 0 9.13637e-25 0 0 0.00872941 0 0 0 0 0 0 0 0 0 0 
0.119 -0.769868 -4.06987 -5.22277 -3.46006 -1.43013 2.55887e-50 1.68267e+14 0.000270958 0.00153411 8.01088e-23 4.13588e-08 211035 0 0 9.13637e-25 0 0 0.00872941 0 0 0 0 0 0 0 0 0 0 
0.1195 -0.759317 -4.05932 -5.22277 -3.4495 -1.44068 1.70132e-50 1.6826e+14 0.000270969 0.00153415 8.01088e-23 4.13579e-08 211039 0 0 9.13637e-25 0 0 0.00872941 0 0 0 0 0 0 0 0 0 0 
0.12 -0.748765 -4.04876 -5.22277 -3.43895 -1.45124 1.13114e-50 1.68252e+14 0.000270979 0.00153419 8.01088e-23 4.13571e-08 211043 0 0 9.13637e-25 0 0 0.00872941 0 0 0 0 0 0 0 0 0 0 
0.1205 -0.738212 -4.03821 -5.22277 -3.4284 -1.46179 7.52052e-51 1.68245e+14 0.00027099 0.00153422 8.01088e-23 4.13562e-08 211048 0 0 9.13636e-25 0 0 0.00872941 0 0 0 0 0 0 0 0 0 0 
0.121 -0.72766 -4.02766 -5.22277 -3.41784 -1.47234 5.00005e-51 1.68238e+14 0.000271 0.00153426 8.01088e-23 4.13554e-08 211052 0 0 9.13637e-25 0 0 0.00872941 0 0 0 0 0 0 0 0 0 0 
0.1215 -0.717107 -4.01711 -5.22277 -3.40729 -1.48289 3.32427e-51 1.6823e+14 0.00027101 0.00153429 8.01088e-23 4.13545e-08 211056 0 0 9.13638e-25 0 0 0.00872941 0 0 0 0 0 0 0 0 0 0 
0.122 -0.706554 -4.00655 -5.22277 -3.39673 -1.49345 2.21012e-51 1.68223e+14 0.000271021 0.00153433 8.01088e-23 4.13537e-08 211061 0 0 9.13637e-25 0 0 0.00872941 0 0 0 0 0 0 0 0 0 0 
0.1225 -0.696001 -3.996 -5.22277 -3.38618 -1.504 1.46937e-51 1.68215e+14 0.000271031 0.00153437 8.01088e-23 4.13528e-08 211065 0 0 9.13637e-25 0 0 0.00872941 0 0 0 0 0 0 0 0 0 0 
0.123 -0.685448 -3.98545 -5.22277 -3.37563 -1.51455 9.76881e-52 1.68208e+14 0.000271041 0.0015344 8.01088e-23 4.1352e-08 211069 0 0 9.13638e-25 0 0 0.00872941 0 0 0 0 0 0 0 0 0 0 
0.1235 -0.674894 -3.97489 -5.22277 -3.36507 -1.52511 6.49456e-52 1.68201e+14 0.000271052 0.00153444 8.01088e-23 4.13511e-08 211074 0 0 9.13637e-25 0 0 0.00872941 0 0 0 0 0 0 0 0 0 0 
0.124 -0.66434 -3.96434 -5.22277 -3.35451 -1.53566 4.31771e-52 1.68193e+14 0.000271062 0.00153447 8.01088e-23 4.13503e-08 211078 0 0 9.13637e-25 0 0 0.00872941 0 0 0 0 0 0 0 0 0 0 
0.1245 -0.653786 -3.95379 -5.22277 -3.34396 -1.54621 2.87048e-52 1.68186e+14 0.000271073 0.00153451 8.01088e-23 4.13494e-08 211083 0 0 9.13637e-25 0 0 0.00872941 0 0 0 0 0 0 0 0 0 0 
0.125 -0.643232 -3.94323 -5.22277 -3.3334 -1.55677 1.90832e-52 1.68178e+14 0.000271083 0.00153455 8.01088e-23 4.13486e-08 211087 0 0 9.13637e-25 0 0 0.00872941 0 0 0 0 0 0 0 0 0 0 
0.1255 -0.632678 -3.93268 -5.22277 -3.32285 -1.56732 1.26866e-52 1.68171e+14 0.000271093 0.00153458 8.01088e-23 4.13477e-08 211091 0 0 9.13637e-25 0 0 0.00872941 0 0 0 0 0 0 0 0 0 0 
0.126 -0.622123 -3.92212 -5.22277 -3.31229 -1.57788 8.43401e-53 1.68164e+14 0.000271104 0.00153462 8.01088e-23 4.13469e-08 211096 0 0 9.13637e-25 0 0 0.00872941 0 0 0 0 0 0 0 0 0 0 
0.1265 -0.611568 -3.91157 -5.22277 -3.30173 -1.58843 5.60686e-53 1.68156e+14 0.000271114 0.00153465 8.01088e-23 4.1346e-08 211100 0 0 9.13636e-25 0 0 0.00872941 0 0 0 0 0 0 0 0 0 0 
0.127 -0.601013 -3.90101 -5.22277 -3.29118 -1.59899 3.72737e-53 1.68149e+14 0.000271124 0.00153469 8.01088e-23 4.13452e-08 211104 0 0 9.13637e-25 0 0 0.00872941 0 0 0 0 0 0 0 0 0 0 
0.1275 -0.590458 -3.89046 -5.22277 -3.28062 -1.60954 2.47788e-53 1.68141e+14 0.000271135 0.00153473 8.01088e-23 4.13443e-08 211109 0 0 9.13638e-25 0 0 0.00872941 0 0 0 0 0 0 0 0 0 0 
0.128 -0.579902 -3.8799 -5.22277 -3.27006 -1.6201 1.64724e-53 1.68134e+14 0.000271145 0.00153476 8.01088e-23 4.13435e-08 211113 0 0 9.13637e-25 0 0 0.00872941 0 0 0 0 0 0 0 0 0 0 
0.1285 -0.569346 -3.86935 -5.22277 -3.25951 -1.63065 1.09503e-53 1.68127e+14 0.000271156 0.0015348 8.01088e-23 4.13426e-08 211117 0 0 9.13637e-25 0 0 0.00872941 0 0 0 0 0 0 0 0 0 0 
0.129 -0.55879 -3.85879 -5.22277 -3.24895 -1.64121 7.27938e-54 1.68119e+14 0.000271166 0.00153483 8.01088e-23 4.13418e-08 211122 0 0 9.13637e-25 0 0 0.00872941 0 0 0 0 0 0 0 0 0 0 
0.1295 -0.548234 -3.84823 -5.22277 -3.23839 -1.65177 4.83903e-54 1.68112e+14 0.000271176 0.00153487 8.01088e-23 4.13409e-08 211126 0 0 9.13637e-25 0 0 0.00872941 0 0 0 0 0 0 0 0 0 0 
0.13 -0.537678 -3.83768 -5.22277 -3.22783 -1.66232 3.21676e-54 1.68104e+14 0.000271187 0.00153491 8.01088e-23 4.134e-08 211130 0 0 9.13637e-25 0 0 0.00872941 0 0 0 0 0 0 0 0 0 0 
0.1305 -0.527121 -3.82712 -5.22277 -3.21728 -1.67288 2.13833e-54 1.68097e+14 0.000271197 0.00153494 8.01088e-23 4.13392e-08 211135 0 0 9.13637e-25 0 0 0.00872941 0 0 0 0 0 0 0 0 0 0 
0.131 -0.516564 -3.81656 -5.22277 -3.20672 -1.68344 1.42144e-54 1.6809e+14 0.000271207 0.00153498 8.01088e-23 4.13383e-08 211139 0 0 9.13637e-25 0 0 0.00872941 0 0 0 0 0 0 0 0 0 0 
0.1315 -0.506007 -3.80601 -5.22277 -3.19616 -1.69399 9.44883e-55 1.68082e+14 0.000271218 0.00153501 8.01088e-23 4.13375e-08 211143 0 0 9.13637e-25 0 0 0.00872941 0 0 0 0 0 0 0 0 0 0 
0.132 -0.49545 -3.79545 -5.22277 -3.1856 -1.70455 6.28093e-55 1.68075e+14 0.000271228 0.00153505 8.01088e-23 4.13366e-08 211148 0 0 9.13638e-25 0 0 0.00872941 0 0 0 0 0 0 0 0 0 0 
0.1325 -0.484892 -3.78489 -5.22277 -3.17504 -1.71511 4.17509e-55 1.68067e+14 0.000271239 0.00153509 8.01088e-23 4.13358e-08 211152 0 0 9.13638e-25 0 0 0.00872941 0 0 0 0 0 0 0 0 0 0 
0.133 -0.474335 -3.77433 -5.22277 -3.16448 -1.72567 2.77526e-55 1.6806e+14 0.000271249 0.00153512 8.01088e-23 4.13349e-08 211156 0 0 9.13637e-25 0 0 0.00872941 0 0 0 0 0 0 0 0 0 0 
0.1335 -0.463777 -3.76378 -5.22277 -3.15392 -1.73622 1.84476e-55 1.68053e+14 0.000271259 0.00153516 8.01088e-23 4.13341e-08 211161 0 0 9.13637e-25 0 0 0.00872941 0 0 0 0 0 0 0 0 0 0 
0.134 -0.453219 -3.75322 -5.22277 -3.14336 -1.74678 1.22623e-55 1.68045e+14 0.00027127 0.00153519 8.01088e-23 4.13332e-08 211165 0 0 9.13638e-25 0 0 0.00872941 0 0 0 0 0 0 0 0 0 0 
0.1345 -0.44266 -3.74266 -5.22277 -3.1328 -1.75734 8.15075e-56 1.68038e+14 0.00027128 0.00153523 8.01088e-23 4.13324e-08 211169 0 0 9.13637e-25 0 0 0.00872941 0 0 0 0 0 0 0 0 0 0 
0.135 -0.432102 -3.7321 -5.22277 -3.12224 -1.7679 5.41778e-56 1.6803e+14 0.000271291 0.00153527 8.01088e-23 4.13315e-08 211174 0 0 9.13637e-25 0 0 0.00872941 0 0 0 0 0 0 0 0 0 0 
0.1355 -0.421543 -3.72154 -5.22277 -3.11168 -1.77846 3.60116e-56 1.68023e+14 0.000271301 0.0015353 8.01088e-23 4.13307e-08 211178 0 0 9.13637e-25 0 0 0.00872941 0 0 0 0 0 0 0 0 0 0 
0.136 -0.410984 -3.71098 -5.22277 -3.10112 -1.78902 2.39364e-56 1.68016e+14 0.000271311 0.00153534 8.01088e-23 4.13298e-08 211182 0 0 9.13637e-25 0 0 0.00872941 0 0 0 0 0 0 0 0 0 0 
0.1365 -0.400425 -3.70042 -5.22277 -3.09056 -1.79958 1.591e-56 1.68008e+14 0.000271322 0.00153537 8.01088e-23 4.1329e-08 211187 0 0 9.13637e-25 0 0 0.00872941 0 0 0 0 0 0 0 0 0 0 
0.137 -0.389865 -3.68987 -5.22277 -3.08 -1.81013 1.0575e-56 1.68001e+14 0.000271332 0.00153541 8.01088e-23 4.13282e-08 211191 0 0 9.13637e-25 0 0 0.00872941 0 0 0 0 0 0 0 0 0 0 
0.1375 -0.379305 -3.67931 -5.22277 -3.06944 -1.82069 7.02888e-57 1.67993e+14 0.000271342 0.00153545 8.01088e-23 4.13273e-08 211196 0 0 9.13638e-25 0 0 0.00872941 0 0 0 0 0 0 0 0 0 0 
0.138 -0.368746 -3.66875 -5.22277 -3.05888 -1.83125 4.67184e-57 1.67986e+14 0.000271353 0.00153548 8.01088e-23 4.13265e-08 211200 0 0 9.13637e-25 0 0 0.00872941 0 0 0 0 0 0 0 0 0 0 
0.1385 -0.358185 -3.65819 -5.22277 -3.04832 -1.84181 3.10518e-57 1.67979e+14 0.000271363 0.00153552 8.01088e-23 4.13256e-08 211204 0 0 9.13636e-25 0 0 0.00872941 0 0 0 0 0 0 0 0 0 0 
0.139 -0.347625 -3.64763 -5.22277 -3.03775 -1.85237 2.06386e-57 1.67971e+14 0.000271374 0.00153555 8.01088e-23 4.13248e-08 211209 0 0 9.13637e-25 0 0 0.00872941 0 0 0 0 0 0 0 0 0 0 
0.1395 -0.337065 -3.63706 -5.22277 -3.02719 -1.86294 1.37174e-57 1.67964e+14 0.000271384 0.00153559 8.01088e-23 4.13239e-08 211213 0 0 9.13637e-25 0 0 0.00872941 0 0 0 0 0 0 0 0 0 0 
0.14 -0.326504 -3.6265 -5.22277 -3.01663 -1.8735 9.11716e-58 1.67956e+14 0.000271394 0.00153563 8.01088e-23 4.13231e-08 211217 0 0 9.13637e-25 0 0 0.00872941 0 0 0 0 0 0 0 0 0 0 
0.1405 -0.315943 -3.61594 -5.22277 -3.00607 -1.88406 6.05959e-58 1.67949e+14 0.000271405 0.00153566 8.01088e-23 4.13222e-08 211222 0 0 9.13637e-25 0 0 0.00872941 0 0 0 0 0 0 0 0 0 0 
0.141 -0.305382 -3.60538 -5.22277 -2.9955 -1.89462 4.02739e-58 1.67942e+14 0.000271415 0.0015357 8.01088e-23 4.13214e-08 211226 0 0 9.13637e-25 0 0 0.00872941 0 0 0 0 0 0 0 0 0 0 
0.1415 -0.29482 -3.59482 -5.22277 -2.98494 -1.90518 2.6767e-58 1.67934e+14 0.000271426 0.00153573 8.01088e-23 4.13205e-08 211230 0 0 9.13637e-25 0 0 0.00872941 0 0 0 0 0 0 0 0 0 0 
0.142 -0.284259 -3.58426 -5.22277 -2.97438 -1.91574 1.77899e-58 1.67927e+14 0.000271436 0.00153577 8.01088e-23 4.13197e-08 211235 0 0 9.13637e-25 0 0 0.00872941 0 0 0 0 0 0 0 0 0 0 
0.1425 -0.273697 -3.5737 -5.22277 -2.96381 -1.9263 1.18234e-58 1.67919e+14 0.000271446 0.00153581 8.01088e-23 4.13188e-08 211239 0 0 9.13637e-25 0 0 0.00872941 0 0 0 0 0 0 0 0 0 0 
0.143 -0.263135 -3.56313 -5.22277 -2.95325 -1.93687 7.85791e-59 1.67912e+14 0.000271457 0.00153584 8.01088e-23 4.1318e-08 211243 0 0 9.13637e-25 0 0 0.00872941 0 0 0 0 0 0 0 0 0 0 
0.1435 -0.252573 -3.55257 -5.22277 -2.94269 -1.94743 5.22239e-59 1.67905e+14 0.000271467 0.00153588 8.01088e-23 4.13171e-08 211248 0 0 9.13637e-25 0 0 0.00872941 0 0 0 0 0 0 0 0 0 0 
0.144 -0.24201 -3.54201 -5.22277 -2.93212 -1.95799 3.47078e-59 1.67897e+14 0.000271477 0.00153591 8.01088e-23 4.13163e-08 211252 0 0 9.13637e-25 0 0 0.00872941 0 0 0 0 0 0 0 0 0 0 
0.1445 -0.231447 -3.53145 -5.22277 -2.92156 -1.96855 2.30665e-59 1.6789e+14 0.000271488 0.00153595 8.01088e-23 4.13154e-08 211256 0 0 9.13638e-25 0 0 0.00872941 0 0 0 0 0 0 0 0 0 0 
0.145 -0.220884 -3.52088 -5.22277 -2.91099 -1.97912 1.53297e-59 1.67883e+14 0.000271498 0.00153599 8.01088e-23 4.13146e-08 211261 0 0 9.13637e-25 0 0 0.00872941 0 0 0 0 0 0 0 0 0 0 
0.1455 -0.210321 -3.51032 -5.22277 -2.90043 -1.98968 1.01878e-59 1.67875e+14 0.000271509 0.00153602 8.01088e-23 4.13137e-08 211265 0 0 9.13637e-25 0 0 0.00872941 0 0 0 0 0 0 0 0 0 0 
0.146 -0.199758 -3.49976 -5.22277 -2.88986 -2.00024 6.77055e-60 1.67868e+14 0.000271519 0.00153606 8.01088e-23 4.13129e-08 211269 0 0 9.13638e-25 0 0 0.00872941 0 0 0 0 0 0 0 0 0 0 
0.1465 -0.189194 -3.48919 -5.22277 -2.8793 -2.01081 4.49949e-60 1.6786e+14 0.000271529 0.00153609 8.01088e-23 4.1312e-08 211274 0 0 9.13637e-25 0 0 0.00872941 0 0 0 0 0 0 0 0 0 0 
0.147 -0.178631 -3.47863 -5.22277 -2.86873 -2.02137 2.9902e-60 1.67853e+14 0.00027154 0.00153613 8.01088e-23 4.13112e-08 211278 0 0 9.13636e-25 0 0 0.00872941 0 0 0 0 0 0 0 0 0 0 
0.1475 -0.168067 -3.46807 -5.22277 -2.85817 -2.03193 1.98716e-60 1.67846e+14 0.00027155 0.00153617 8.01088e-23 4.13103e-08 211282 0 0 9.13636e-25 0 0 0.00872941 0 0 0 0 0 0 0 0 0 0 
0.148 -0.157502 -3.4575 -5.22277 -2.8476 -2.0425 1.32057e-60 1.67838e+14 0.000271561 0.0015362 8.01088e-23 4.13095e-08 211287 0 0 9.13637e-25 0 0 0.00872941 0 0 0 0 0 0 0 0 0 0 
0.1485 -0.146938 -3.44694 -5.22277 -2.83704 -2.05306 8.77581e-61 1.67831e+14 0.000271571 0.00153624 8.01088e-23 4.13086e-08 211291 0 0 9.13638e-25 0 0 0.00872941 0 0 0 0 0 0 0 0 0 0 
0.149 -0.136373 -3.43637 -5.22277 -2.82647 -2.06363 5.83189e-61 1.67823e+14 0.000271581 0.00153627 8.01088e-23 4.13078e-08 211295 0 0 9.13637e-25 0 0 0.00872941 0 0 0 0 0 0 0 0 0 0 
0.1495 -0.125808 -3.42581 -5.22277 -2.8159 -2.07419 3.87549e-61 1.67816e+14 0.000271592 0.00153631 8.01088e-23 4.13069e-08 211300 0 0 9.13636e-25 0 0 0.00872941 0 0 0 0 0 0 0 0 0 0 
0.15 -0.115243 -3.41524 -5.22277 -2.80534 -2.08476 2.57538e-61 1.67809e+14 0.000271602 0.00153635 8.01088e-23 4.13061e-08 211304 0 0 9.13637e-25 0 0 0.00872941 0 0 0 0 0 0 0 0 0 0 
0.1505 -0.104678 -3.40468 -5.22277 -2.79477 -2.09532 1.7114e-61 1.67801e+14 0.000271612 0.00153638 8.01088e-23 4.13052e-08 211308 0 0 9.13637e-25 0 0 0.00872941 0 0 0 0 0 0 0 0 0 0 
0.151 -0.0941124 -3.39411 -5.22277 -2.7842 -2.10589 1.13726e-61 1.67794e+14 0.000271623 0.00153642 8.01088e-23 4.13044e-08 211313 0 0 9.13637e-25 0 0 0.00872941 0 0 0 0 0 0 0 0 0 0 
0.1515 -0.0835467 -3.38355 -5.22277 -2.77364 -2.11645 7.55724e-62 1.67787e+14 0.000271633 0.00153645 8.01088e-23 4.13035e-08 211317 0 0 9.13637e-25 0 0 0.00872941 0 0 0 0 0 0 0 0 0 0 
0.152 -0.0729807 -3.37298 -5.22277 -2.76307 -2.12702 5.02184e-62 1.67779e+14 0.000271644 0.00153649 8.01088e-23 4.13027e-08 211321 0 0 9.13637e-25 0 0 0.00872941 0 0 0 0 0 0 0 0 0 0 
0.1525 -0.0624145 -3.36241 -5.22277 -2.7525 -2.13759 3.33702e-62 1.67772e+14 0.000271654 0.00153653 8.01088e-23 4.13019e-08 211326 0 0 9.13637e-25 0 0 0.00872941 0 0 0 0 0 0 0 0 0 0 
0.153 -0.0518481 -3.35185 -5.22277 -2.74193 -2.14815 2.21744e-62 1.67764e+14 0.000271664 0.00153656 8.01088e-23 4.1301e-08 211330 0 0 9.13636e-25 0 0 0.00872941 0 0 0 0 0 0 0 0 0 0 
0.1535 -0.0412815 -3.34128 -5.22277 -2.73137 -2.15872 1.47347e-62 1.67757e+14 0.000271675 0.0015366 8.01088e-23 4.13002e-08 211334 0 0 9.13637e-25 0 0 0.00872941 0 0 0 0 0 0 0 0 0 0 
0.154 -0.0307147 -3.33071 -5.22277 -2.7208 -2.16929 9.79098e-63 1.6775e+14 0.000271685 0.00153663 8.01088e-23 4.12993e-08 211339 0 0 9.13638e-25 0 0 0.00872941 0 0 0 0 0 0 0 0 0 0 
0.1545 -0.0201477 -3.32015 -5.22277 -2.71023 -2.17985 6.50591e-63 1.67742e+14 0.000271696 0.00153667 8.01088e-23 4.12985e-08 211343 0 0 9.13637e-25 0 0 0.00872941 0 0 0 0 0 0 0 0 0 0 
0.155 -0.0095804 -3.30958 -5.22277 -2.69966 -2.19042 4.32301e-63 1.67735e+14 0.000271706 0.00153671 8.01088e-23 4.12976e-08 211347 0 0 9.13637e-25 0 0 0.00872941 0 0 0 0 0 0 0 0 0 0 
0.1555 0.000987082 -3.29901 -5.22277 -2.68909 -2.20099 2.8725e-63 1.67728e+14 0.000271716 0.00153674 8.01088e-23 4.12968e-08 211352 0 0 9.13637e-25 0 0 0.00872941 0 0 0 0 0 0 0 0 0 0 
0.156 0.0115548 -3.28845 -5.22277 -2.67852 -2.21155 1.90867e-63 1.6772e+14 0.000271727 0.00153678 8.01088e-23 4.12959e-08 211356 0 0 9.13637e-25 0 0 0.00872941 0 0 0 0 0 0 0 0 0 0 
0.1565 0.0221227 -3.27788 -5.22277 -2.66795 -2.22212 1.26823e-63 1.67713e+14 0.000271737 0.00153681 8.01088e-23 4.12951e-08 211360 0 0 9.13637e-25 0 0 0.00872941 0 0 0 0 0 0 0 0 0 0 
0.157 0.0326908 -3.26731 -5.22277 -2.65738 -2.23269 8.42678e-64 1.67706e+14 0.000271747 0.00153685 8.01088e-23 4.12942e-08 211365 0 0 9.13637e-25 0 0 0.00872941 0 0 0 0 0 0 0 0 0 0 
0.1575 0.0432592 -3.25674 -5.22277 -2.64681 -2.24326 5.59914e-64 1.67698e+14 0.000271758 0.00153689 8.01088e-23 4.12934e-08 211369 0 0 9.13638e-25 0 0 0.00872941 0 0 0 0 0 0 0 0 0 0 
0.158 0.0538277 -3.24617 -5.22277 -2.63624 -2.25383 3.7203e-64 1.67691e+14 0.000271768 0.00153692 8.01088e-23 4.12925e-08 211373 0 0 9.13638e-25 0 0 0.00872941 0 0 0 0 0 0 0 0 0 0 
0.1585 0.0643965 -3.2356 -5.22277 -2.62567 -2.2644 2.4719e-64 1.67683e+14 0.000271779 0.00153696 8.01088e-23 4.12917e-08 211378 0 0 9.13637e-25 0 0 0.00872941 0 0 0 0 0 0 0 0 0 0 
0.159 0.0749655 -3.22503 -5.22277 -2.6151 -2.27497 1.6424e-64 1.67676e+14 0.000271789 0.00153699 8.01088e-23 4.12908e-08 211382 0 0 9.13637e-25 0 0 0.00872941 0 0 0 0 0 0 0 0 0 0 
0.1595 0.0855347 -3.21447 -5.22277 -2.60453 -2.28553 1.09125e-64 1.67669e+14 0.000271799 0.00153703 8.01088e-23 4.129e-08 211386 0 0 9.13637e-25 0 0 0.00872941 0 0 0 0 0 0 0 0 0 0 
0.16 0.0961041 -3.2039 -5.22277 -2.59396 -2.2961 7.25047e-65 1.67661e+14 0.00027181 0.00153707 8.01088e-23 4.12892e-08 211391 0 0 9.13637e-25 0 0 0.00872941 0 0 0 0 0 0 0 0 0 0 
0.1605 0.106674 -3.19333 -5.22277 -2.58339 -2.30667 4.8173e-65 1.67654e+14 0.00027182 0.0015371 8.01088e-23 4.12883e-08 211395 0 0 9.13637e-25 0 0 0.00872941 0 0 0 0 0 0 0 0 0 0 
0.161 0.117244 -3.18276 -5.22277 -2.57282 -2.31724 3.20065e-65 1.67647e+14 0.000271831 0.00153714 8.01088e-23 4.12875e-08 211399 0 0 9.13637e-25 0 0 0.00872941 0 0 0 0 0 0 0 0 0 0 
0.1615 0.127814 -3.17219 -5.22277 -2.56225 -2.32781 2.12652e-65 1.67639e+14 0.000271841 0.00153717 8.01088e-23 4.12866e-08 211404 0 0 9.13638e-25 0 0 0.00872941 0 0 0 0 0 0 0 0 0 0 
0.162 0.138384 -3.16162 -5.22277 -2.55167 -2.33838 1.41285e-65 1.67632e+14 0.000271851 0.00153721 8.01088e-23 4.12858e-08 211408 0 0 9.13638e-25 0 0 0.00872941 0 0 0 0 0 0 0 0 0 0 
0.1625 0.148955 -3.15105 -5.22277 -2.5411 -2.34895 9.38685e-66 1.67625e+14 0.000271862 0.00153725 8.01088e-23 4.12849e-08 211412 0 0 9.13637e-25 0 0 0.00872941 0 0 0 0 0 0 0 0 0 0 
0.163 0.159525 -3.14047 -5.22277 -2.53053 -2.35953 6.23648e-66 1.67617e+14 0.000271872 0.00153728 8.01088e-23 4.12841e-08 211417 0 0 9.13637e-25 0 0 0.00872941 0 0 0 0 0 0 0 0 0 0 
0.1635 0.170096 -3.1299 -5.22277 -2.51996 -2.3701 4.14339e-66 1.6761e+14 0.000271882 0.00153732 8.01088e-23 4.12832e-08 211421 0 0 9.13638e-25 0 0 0.00872941 0 0 0 0 0 0 0 0 0 0 
0.164 0.180667 -3.11933 -5.22277 -2.50938 -2.38067 2.75276e-66 1.67602e+14 0.000271893 0.00153735 8.01088e-23 4.12824e-08 211425 0 0 9.13637e-25 0 0 0.00872941 0 0 0 0 0 0 0 0 0 0 
0.1645 0.191239 -3.10876 -5.22277 -2.49881 -2.39124 1.82885e-66 1.67595e+14 0.000271903 0.00153739 8.01088e-23 4.12815e-08 211430 0 0 9.13637e-25 0 0 0.00872941 0 0 0 0 0 0 0 0 0 0 
0.165 0.20181 -3.09819 -5.22277 -2.48824 -2.40181 1.21502e-66 1.67588e+14 0.000271914 0.00153743 8.01088e-23 4.12807e-08 211434 0 0 9.13637e-25 0 0 0.00872941 0 0 0 0 0 0 0 0 0 0 
0.1655 0.212382 -3.08762 -5.22277 -2.47766 -2.41238 8.07205e-67 1.6758e+14 0.000271924 0.00153746 8.01088e-23 4.12798e-08 211438 0 0 9.13637e-25 0 0 0.00872941 0 0 0 0 0 0 0 0 0 0 
0.166 0.222954 -3.07705 -5.22277 -2.46709 -2.42295 5.36268e-67 1.67573e+14 0.000271934 0.0015375 8.01088e-23 4.1279e-08 211443 0 0 9.13637e-25 0 0 0.00872941 0 0 0 0 0 0 0 0 0 0 
0.1665 0.233526 -3.06647 -5.22277 -2.45652 -2.43353 3.56267e-67 1.67566e+14 0.000271945 0.00153753 8.01088e-23 4.12782e-08 211447 0 0 9.13637e-25 0 0 0.00872941 0 0 0 0 0 0 0 0 0 0 
0.167 0.244099 -3.0559 -5.22277 -2.44594 -2.4441 2.36683e-67 1.67558e+14 0.000271955 0.00153757 8.01088e-23 4.12773e-08 211451 0 0 9.13637e-25 0 0 0.00872941 0 0 0 0 0 0 0 0 0 0 
0.1675 0.254672 -3.04533 -5.22277 -2.43537 -2.45467 1.57237e-67 1.67551e+14 0.000271966 0.00153761 8.01088e-23 4.12765e-08 211456 0 0 9.13637e-25 0 0 0.00872941 0 0 0 0 0 0 0 0 0 0 
0.168 0.265244 -3.03476 -5.22277 -2.42479 -2.46524 1.04457e-67 1.67544e+14 0.000271976 0.00153764 8.01088e-23 4.12756e-08 211460 0 0 9.13637e-25 0 0 0.00872941 0 0 0 0 0 0 0 0 0 0 
0.1685 0.275818 -3.02418 -5.22277 -2.41422 -2.47582 6.93932e-68 1.67536e+14 0.000271986 0.00153768 8.01088e-23 4.12748e-08 211464 0 0 9.13638e-25 0 0 0.00872941 0 0 0 0 0 0 0 0 0 0 
0.169 0.286391 -3.01361 -5.22277 -2.40365 -2.48639 4.60992e-68 1.67529e+14 0.000271997 0.00153771 8.01088e-23 4.12739e-08 211469 0 0 9.13638e-25 0 0 0.00872941 0 0 0 0 0 0 0 0 0 0 
0.1695 0.296964 -3.00304 -5.22277 -2.39307 -2.49696 3.06243e-68 1.67522e+14 0.000272007 0.00153775 8.01088e-23 4.12731e-08 211473 0 0 9.13637e-25 0 0 0.00872941 0 0 0 0 0 0 0 0 0 0 
0.17 0.307538 -2.99246 -5.22277 -2.38249 -2.50754 2.03439e-68 1.67514e+14 0.000272017 0.00153779 8.01088e-23 4.12722e-08 211477 0 0 9.13637e-25 0 0 0.00872941 0 0 0 0 0 0 0 0 0 0 
0.1705 0.318112 -2.98189 -5.22277 -2.37192 -2.51811 1.35145e-68 1.67507e+14 0.000272028 0.00153782 8.01088e-23 4.12714e-08 211482 0 0 9.13637e-25 0 0 0.00872941 0 0 0 0 0 0 0 0 0 0 
0.171 0.328686 -2.97131 -5.22277 -2.36134 -2.52869 8.97762e-69 1.67499e+14 0.000272038 0.00153786 8.01088e-23 4.12706e-08 211486 0 0 9.13637e-25 0 0 0.00872941 0 0 0 0 0 0 0 0 0 0 
0.1715 0.339261 -2.96074 -5.22277 -2.35077 -2.53926 5.96375e-69 1.67492e+14 0.000272049 0.0015379 8.01088e-23 4.12697e-08 211490 0 0 9.13638e-25 0 0 0.00872941 0 0 0 0 0 0 0 0 0 0 
0.172 0.349835 -2.95016 -5.22277 -2.34019 -2.54984 3.96163e-69 1.67485e+14 0.000272059 0.00153793 8.01088e-23 4.12689e-08 211495 0 0 9.13637e-25 0 0 0.00872941 0 0 0 0 0 0 0 0 0 0 
0.1725 0.36041 -2.93959 -5.22277 -2.32962 -2.56041 2.63163e-69 1.67477e+14 0.000272069 0.00153797 8.01088e-23 4.1268e-08 211499 0 0 9.13637e-25 0 0 0.00872941 0 0 0 0 0 0 0 0 0 0 
0.173 0.370985 -2.92901 -5.22277 -2.31904 -2.57099 1.74812e-69 1.6747e+14 0.00027208 0.001538 8.01088e-23 4.12672e-08 211503 0 0 9.13637e-25 0 0 0.00872941 0 0 0 0 0 0 0 0 0 0 
0.1735 0.381561 -2.91844 -5.22277 -2.30846 -2.58156 1.16122e-69 1.67463e+14 0.00027209 0.00153804 8.01088e-23 4.12663e-08 211508 0 0 9.13638e-25 0 0 0.00872941 0 0 0 0 0 0 0 0 0 0 
0.174 0.392136 -2.90786 -5.22277 -2.29788 -2.59214 7.71355e-70 1.67455e+14 0.000272101 0.00153808 8.01088e-23 4.12655e-08 211512 0 0 9.13637e-25 0 0 0.00872941 0 0 0 0 0 0 0 0 0 0 
0.1745 0.402712 -2.89729 -5.22277 -2.28731 -2.60271 5.12378e-70 1.67448e+14 0.000272111 0.00153811 8.01088e-23 4.12646e-08 211516 0 0 9.13636e-25 0 0 0.00872941 0 0 0 0 0 0 0 0 0 0 
0.175 0.413288 -2.88671 -5.22277 -2.27673 -2.61329 3.40348e-70 1.67441e+14 0.000272121 0.00153815 8.01088e-23 4.12638e-08 211521 0 0 9.13636e-25 0 0 0.00872941 0 0 0 0 0 0 0 0 0 0 
0.1755 0.423864 -2.87614 -5.22277 -2.26615 -2.62386 2.26075e-70 1.67433e+14 0.000272132 0.00153818 8.01088e-23 4.1263e-08 211525 0 0 9.13637e-25 0 0 0.00872941 0 0 0 0 0 0 0 0 0 0 
0.176 0.43444 -2.86556 -5.22277 -2.25557 -2.63444 1.50168e-70 1.67426e+14 0.000272142 0.00153822 8.01088e-23 4.12621e-08 211529 0 0 9.13638e-25 0 0 0.00872941 0 0 0 0 0 0 0 0 0 0 
0.1765 0.445017 -2.85498 -5.22277 -2.245 -2.64502 9.97467e-71 1.67419e+14 0.000272153 0.00153826 8.01088e-23 4.12613e-08 211534 0 0 9.13638e-25 0 0 0.00872941 0 0 0 0 0 0 0 0 0 0 
0.177 0.455594 -2.84441 -5.22277 -2.23442 -2.65559 6.62547e-71 1.67411e+14 0.000272163 0.00153829 8.01088e-23 4.12604e-08 211538 0 0 9.13637e-25 0 0 0.00872941 0 0 0 0 0 0 0 0 0 0 
0.1775 0.466171 -2.83383 -5.22277 -2.22384 -2.66617 4.40079e-71 1.67404e+14 0.000272173 0.00153833 8.01088e-23 4.12596e-08 211542 0 0 9.13637e-25 0 0 0.00872941 0 0 0 0 0 0 0 0 0 0 
0.178 0.476748 -2.82325 -5.22277 -2.21326 -2.67675 2.92309e-71 1.67397e+14 0.000272184 0.00153836 8.01088e-23 4.12587e-08 211547 0 0 9.13637e-25 0 0 0.00872941 0 0 0 0 0 0 0 0 0 0 
0.1785 0.487325 -2.81267 -5.22277 -2.20268 -2.68733 1.94155e-71 1.67389e+14 0.000272194 0.0015384 8.01088e-23 4.12579e-08 211551 0 0 9.13638e-25 0 0 0.00872941 0 0 0 0 0 0 0 0 0 0 
0.179 0.497903 -2.8021 -5.22277 -2.1921 -2.6979 1.28959e-71 1.67382e+14 0.000272204 0.00153844 8.01088e-23 4.1257e-08 211555 0 0 9.13637e-25 0 0 0.00872941 0 0 0 0 0 0 0 0 0 0 
0.1795 0.508481 -2.79152 -5.22277 -2.18152 -2.70848 8.56548e-72 1.67375e+14 0.000272215 0.00153847 8.01088e-23 4.12562e-08 211560 0 0 9.13637e-25 0 0 0.00872941 0 0 0 0 0 0 0 0 0 0 
0.18 0.519059 -2.78094 -5.22277 -2.17094 -2.71906 5.68916e-72 1.67367e+14 0.000272225 0.00153851 8.01088e-23 4.12553e-08 211564 0 0 9.13637e-25 0 0 0.00872941 0 0 0 0 0 0 0 0 0 0 
0.1805 0.529637 -2.77036 -5.22277 -2.16036 -2.72964 3.77868e-72 1.6736e+14 0.000272236 0.00153854 8.01088e-23 4.12545e-08 211568 0 0 9.13637e-25 0 0 0.00872941 0 0 0 0 0 0 0 0 0 0 
0.181 0.540216 -2.75978 -5.22277 -2.14978 -2.74022 2.50974e-72 1.67352e+14 0.000272246 0.00153858 8.01088e-23 4.12536e-08 211573 0 0 9.13637e-25 0 0 0.00872941 0 0 0 0 0 0 0 0 0 0 
0.1815 0.550794 -2.74921 -5.22277 -2.1392 -2.75079 1.66692e-72 1.67345e+14 0.000272256 0.00153861 8.01088e-23 4.12528e-08 211577 0 0 9.13638e-25 0 0 0.00872941 0 0 0 0 0 0 0 0 0 0 
0.182 0.561373 -2.73863 -5.22277 -2.12862 -2.76137 1.10712e-72 1.67338e+14 0.000272267 0.00153865 8.01088e-23 4.12519e-08 211581 0 0 9.13637e-25 0 0 0.00872941 0 0 0 0 0 0 0 0 0 0 
0.1825 0.571953 -2.72805 -5.22277 -2.11804 -2.77195 7.35316e-73 1.6733e+14 0.000272277 0.00153869 8.01088e-23 4.1251e-08 211586 0 0 9.13637e-25 0 0 0.00872941 0 0 0 0 0 0 0 0 0 0 
0.183 0.582532 -2.71747 -5.22277 -2.10746 -2.78253 4.88369e-73 1.67323e+14 0.000272288 0.00153872 8.01088e-23 4.12501e-08 211590 0 0 9.13637e-25 0 0 0.00872941 0 0 0 0 0 0 0 0 0 0 
0.1835 0.593112 -2.70689 -5.22277 -2.09688 -2.79311 3.24354e-73 1.67315e+14 0.000272298 0.00153876 8.01088e-23 4.12491e-08 211594 0 0 9.13637e-25 0 0 0.00872941 0 0 0 0 0 0 0 0 0 0 
0.184 0.603691 -2.69631 -5.22277 -2.0863 -2.80369 2.1542e-73 1.67307e+14 0.000272308 0.00153879 8.01088e-23 4.12481e-08 211599 0 0 9.13637e-25 0 0 0.00872941 0 0 0 0 0 0 0 0 0 0 
0.1845 0.614271 -2.68573 -5.22277 -2.07572 -2.81427 1.4307e-73 1.67299e+14 0.000272319 0.00153882 8.01088e-23 4.1247e-08 211603 0 0 9.13637e-25 0 0 0.00872941 0 0 0 0 0 0 0 0 0 0 
0.185 0.624852 -2.67515 -5.22277 -2.06513 -2.82485 9.50188e-74 1.6729e+14 0.000272329 0.00153886 8.01088e-23 4.12457e-08 211607 0 0 9.13637e-25 0 0 0.00872941 0 0 0 0 0 0 0 0 0 0 
0.1855 0.635432 -2.66457 -5.22277 -2.05455 -2.83543 6.31053e-74 1.67281e+14 0.00027234 0.00153889 8.01088e-23 4.12443e-08 211612 0 0 9.13637e-25 0 0 0.00872941 0 0 0 0 0 0 0 0 0 0 
0.186 0.646013 -2.65399 -5.22277 -2.04397 -2.84601 4.191e-74 1.67271e+14 0.00027235 0.00153891 8.01088e-23 4.12425e-08 211616 0 0 9.13637e-25 0 0 0.00872941 0 0 0 0 0 0 0 0 0 0 
0.1865 0.656594 -2.64341 -5.22277 -2.03339 -2.85659 2.78334e-74 1.67259e+14 0.00027236 0.00153894 8.01088e-23 4.12402e-08 211620 0 0 9.13637e-25 0 0 0.00872941 0 0 0 0 0 0 0 0 0 0 
0.187 0.667175 -2.63283 -5.22277 -2.0228 -2.86717 1.84847e-74 1.67245e+14 0.000272371 0.00153895 8.01088e-23 4.12373e-08 211624 0 0 9.13638e-25 0 0 0.00872941 0 0 0 0 0 0 0 0 0 0 
0.1875 0.677756 -2.62224 -5.22277 -2.01222 -2.87776 1.22759e-74 1.67228e+14 0.000272381 0.00153896 8.01088e-23 4.12332e-08 211629 0 0 9.13637e-25 0 0 0.00872941 0 0 0 0 0 0 0 0 0 0 
0.188 0.688338 -2.61166 -5.22277 -2.00163 -2.88834 8.15252e-75 1.67207e+14 0.000272391 0.00153895 8.01088e-23 4.12276e-08 211633 0 0 9.13637e-25 0 0 0.00872941 0 0 0 0 0 0 0 0 0 0 
0.1885 0.698919 -2.60108 -5.22277 -1.99104 -2.89892 5.4141e-75 1.67177e+14 0.000272402 0.00153892 8.01088e-23 4.12195e-08 211637 0 0 9.13637e-25 0 0 0.00872941 0 0 0 0 0 0 0 0 0 0 
0.189 0.709501 -2.5905 -5.22277 -1.98045 -2.9095 3.59548e-75 1.67137e+14 0.000272412 0.00153885 8.01088e-23 4.12078e-08 211642 0 0 9.13637e-25 0 0 0.00872941 0 0 0 0 0 0 0 0 0 0 
0.1895 0.720084 -2.57992 -5.22277 -1.96986 -2.92008 2.38772e-75 1.6708e+14 0.000272423 0.00153873 8.01088e-23 4.11905e-08 211646 0 0 9.13637e-25 0 0 0.00872942 0 0 0 0 0 0 0 0 0 0 
0.19 0.730666 -2.56933 -5.22277 -1.95926 -2.93067 1.58565e-75 1.66997e+14 0.000272433 0.00153854 8.01088e-23 4.11649e-08 211650 0 0 9.13637e-25 0 0 0.00872942 0 0 0 0 0 0 0 0 0 0 
0.1905 0.741249 -2.55875 -5.22277 -1.94865 -2.94125 1.053e-75 1.66877e+14 0.000272443 0.00153822 8.01088e-23 4.11267e-08 211655 0 0 9.13637e-25 0 0 0.00872942 0 0 0 0 0 0 0 0 0 0 
0.191 0.751832 -2.54817 -5.22277 -1.93803 -2.95183 6.99268e-76 1.66698e+14 0.000272454 0.00153773 8.01088e-23 4.10697e-08 211659 0 0 9.13638e-25 0 0 0.00872942 0 0 0 0 0 0 0 0 0 0 
0.1915 0.762415 -2.53759 -5.22277 -1.92739 -2.96241 4.64362e-76 1.66434e+14 0.000272464 0.00153696 8.01088e-23 4.09841e-08 211663 0 0 9.13638e-25 0 0 0.00872942 0 0 0 0 0 0 0 0 0 0 
0.192 0.772998 -2.527 -5.22277 -1.91673 -2.973 3.08365e-76 1.66038e+14 0.000272474 0.00153579 8.01088e-23 4.08555e-08 211668 0 0 9.13637e-25 0 0 0.00872943 0 0 0 0 0 0 0 0 0 0 
0.1925 0.783581 -2.51642 -5.22277 -1.90602 -2.98358 2.04772e-76 1.65445e+14 0.000272485 0.00153401 8.01088e-23 4.06622e-08 211672 0 0 9.13637e-25 0 0 0.00872943 0 0 0 0 0 0 0 0 0 0 
0.193 0.794165 -2.50583 -5.22277 -1.89524 -2.99417 1.35979e-76 1.64553e+14 0.000272495 0.00153129 8.01088e-23 4.03714e-08 211676 0 0 9.13638e-25 0 0 0.00872944 0 0 0 0 0 0 0 0 0 0 
0.1935 0.804749 -2.49525 -5.22277 -1.88437 -3.00475 9.02965e-77 1.6321e+14 0.000272505 0.00152715 8.01088e-23 3.99334e-08 211680 0 0 9.13637e-25 0 0 0.00872945 0 0 0 0 0 0 0 0 0 0 
0.194 0.815333 -2.48467 -5.22277 -1.87335 -3.01533 5.99606e-77 1.61181e+14 0.000272515 0.00152083 8.01088e-23 3.92739e-08 211685 0 0 9.13637e-25 0 0 0.00872946 0 0 0 0 0 0 0 0 0 0 
0.1945 0.825917 -2.47408 -5.22277 -1.8621 -3.02592 3.98159e-77 1.58108e+14 0.000272525 0.00151116 8.01088e-23 3.82803e-08 211689 0 0 9.13637e-25 0 0 0.00872947 0 0 0 0 0 0 0 0 0 0 
0.195 0.836502 -2.4635 -5.22277 -1.85047 -3.0365 2.6439e-77 1.53438e+14 0.000272535 0.00149626 8.01088e-23 3.67834e-08 211693 0 0 9.13638e-25 0 0 0.00872949 0 0 0 0 0 0 0 0 0 0 
0.1955 0.847087 -2.45291 -5.22277 -1.83823 -3.04709 1.75561e-77 1.46302e+14 0.000272544 0.00147303 8.01088e-23 3.45281e-08 211697 0 0 9.13638e-25 0 0 0.0087295 0 0 0 0 0 0 0 0 0 0 
0.196 0.857672 -2.44233 -5.22277 -1.82493 -3.05767 1.16576e-77 1.35301e+14 0.000272553 0.00143611 8.01088e-23 3.11313e-08 211700 0 0 9.13637e-25 0 0 0.00872952 0 0 0 0 0 0 0 0 0 0 
0.1965 0.868257 -2.43174 -5.22277 -1.80966 -3.06826 7.74085e-78 1.181e+14 0.000272561 0.00137528 8.01088e-23 2.60226e-08 211704 0 0 9.13637e-25 0 0 0.00872954 0 0 0 0 0 0 0 0 0 0 
0.197 0.878842 -2.42116 -5.22277 -1.79 -3.07884 5.14001e-78 9.05482e+13 0.000272567 0.00126781 8.01088e-23 1.83927e-08 211706 0 0 9.13638e-25 0 0 0.00872956 0 0 0 0 0 0 0 0 0 0 
0.1975 0.889427 -2.41057 -5.22277 -1.75645 -3.08943 3.41301e-78 4.54852e+13 0.000272572 0.00104595 8.01088e-23 7.62239e-09 211708 0 0 9.13637e-25 0 0 0.00872956 0 0 0 0 0 0 0 0 0 0 
0.198 0.900013 -2.39999 -5.22277 -1.64406 -3.10001 2.26627e-78 1.64006e+12 0.000272573 0.000551844 8.01088e-23 1.45006e-10 211709 0 0 9.13637e-25 0 0 0.00872956 0 0 0 0 0 0 0 0 0 0 
0.198 0.900013 -2.39999 -5.22277 -1.64406 -3.10001 2.26627e-78 1.64006e+12 0.011878 0.0240479 8.01088e-23 6.31899e-09 1.42322e+06 0 0 9.13636e-25 0 0 0.00872939 0 0 0 0 0 1.14484e+20 0 0 0 0 
0.198409 0.958276 -2.34172 -5.22277 -1.56471 -3.15828 2.3798e-79 7.68392e+11 0.011878 0.0218341 8.01088e-23 2.688e-09 2.62159e+06 0 0 9.13636e-25 0 0 0.00872939 0 0 0 0 0 1.13242e+20 0 0 0 0 
0.198752 1.08233 -2.21767 -5.22277 -1.42965 -3.28233 1.96121e-81 5.19313e+11 0.011878 0.0208816 8.01088e-23 1.73742e-09 4.62014e+06 0 0 9.13636e-25 0 0 0.00872939 0 0 0 0 0 1.12595e+20 0 0 0 0 
0.199038 1.23845 -2.06155 -5.22277 -1.26681 -3.43845 4.67552e-84 4.0845e+11 0.011878 0.0203517 8.01088e-23 1.33183e-09 6.2837e+06 0 0 9.13636e-25 0 0 0.00872939 0 0 0 0 0 1.12199e+20 0 0 0 0 
0.199277 1.40551 -1.89449 -5.22277 -1.09489 -3.60551 7.30149e-87 3.43239e+11 0.011878 0.0199909 8.01088e-23 1.09936e-09 7.67063e+06 0 0 9.13638e-25 0 0 0.00872939 0 0 0 0 0 1.11912e+20 0 0 0 0 
0.199478 1.57067 -1.72933 -5.22277 -0.926818 -3.77067 1.22694e-89 3.09264e+11 0.011878 0.0197834 8.01088e-23 9.80261e-10 8.82808e+06 0 0 9.1364e-25 0 0 0.00872939 0 0 0 0 0 1.11741e+20 0 0 0 0 
0.199645 1.72656 -1.57344 -5.22277 -0.767397 -3.92656 2.95068e-92 2.72525e+11 0.011878 0.0195401 8.01088e-23 8.53185e-10 9.79436e+06 0 0 9.1364e-25 0 0 0.00872939 0 0 0 0 0 1.11533e+20 0 0 0 0 
0.199785 1.86934 -1.43066 -5.22277 -0.624879 -4.06934 1.17869e-94 2.7506e+11 0.011878 0.0195576 8.01088e-23 8.61892e-10 1.06017e+07 0 0 9.13642e-25 0 0 0.00872939 0 0 0 0 0 1.11548e+20 0 0 0 0 
0.199902 1.99741 -1.30259 -5.22277 -0.489578 -4.19741 8.31437e-97 2.12205e+11 0.011878 0.0190842 8.01088e-23 6.48844e-10 1.12756e+07 0 0 9.13644e-25 0 0 0.00872939 0 0 0 0 0 1.11123e+20 0 0 0 0 
0.2 2.11056 -1.18944 -5.22277 -0.388467 -4.31056 1.04473e-98 3.26842e+11 0.011878 0.0198927 8.01088e-23 1.0417e-09 1.15569e+07 0 0 9.13644e-25 0 0 0.00872939 0 0 0 0 0 1.11832e+20 0 0 0 0 