# ASCII 1D datafile generated by TiberCAD
# x Ec Ev eQFermi hQFermi ElPotential eDensity hDensity eMobility hMobility eConductivity hConductivity ElField_x ElField_y ElField_z eCurrentDensity_x eCurrentDensity_y eCurrentDensity_z hCurrentDensity_x hCurrentDensity_y hCurrentDensity_z IonizedDonors IonizedAcceptors IonizedElectronTraps IonizedHoleTraps eNetRecombination eLangevinRecombination hNetRecombination hLangevinRecombination 
0 -0.925 -4.225 -2.05805 -3.61819 -1.275 1.39587e+06 1.83304e+14 0.000130658 0.000726802 2.92208e-17 2.13451e-08 99579.1 0 0 1.37041e-11 0 0 0.0021263 0 0 0 0 0 0 1.13429e+11 1.13429e+11 1.13429e+11 1.13429e+11 
9.79066e-05 -0.924025 -4.22403 -2.05376 -3.61722 -1.27597 1.58467e+06 1.83302e+14 0.00013081 0.000726801 3.32117e-17 2.13448e-08 99579.6 0 0 1.37043e-11 0 0 0.0021263 0 0 0 0 0 0 1.28792e+11 1.28792e+11 1.28792e+11 1.28792e+11 
0.000214985 -0.922859 -4.22286 -2.04924 -3.61605 -1.27714 1.80102e+06 1.833e+14 0.000130969 0.000726802 3.77919e-17 2.13446e-08 99580.7 0 0 1.37048e-11 0 0 0.0021263 0 0 0 0 0 0 1.46402e+11 1.46402e+11 1.46402e+11 1.46402e+11 
0.000354988 -0.921465 -4.22147 -2.04449 -3.61466 -1.27853 2.04698e+06 1.83297e+14 0.000131132 0.000726803 4.30062e-17 2.13443e-08 99582 0 0 1.37053e-11 0 0 0.0021263 0 0 0 0 0 0 1.66424e+11 1.66424e+11 1.66424e+11 1.66424e+11 
0.000522406 -0.919798 -4.2198 -2.03949 -3.61299 -1.2802 2.3239e+06 1.83294e+14 0.000131297 0.000726804 4.88861e-17 2.1344e-08 99583.6 0 0 1.37059e-11 0 0 0.0021263 0 0 0 0 0 0 1.88972e+11 1.88972e+11 1.88972e+11 1.88972e+11 
0.000722606 -0.917804 -4.2178 -2.03423 -3.61099 -1.2822 2.63216e+06 1.8329e+14 0.000131465 0.000726806 5.5441e-17 2.13436e-08 99585.5 0 0 1.37067e-11 0 0 0.0021263 0 0 0 0 0 0 2.14076e+11 2.14076e+11 2.14076e+11 2.14076e+11 
0.000962009 -0.91542 -4.21542 -2.02868 -3.60861 -1.28458 2.97062e+06 1.83285e+14 0.000131631 0.000726808 6.26494e-17 2.13431e-08 99587.8 0 0 1.37076e-11 0 0 0.0021263 0 0 0 0 0 0 2.41645e+11 2.41645e+11 2.41645e+11 2.41645e+11 
0.00124829 -0.912569 -4.21257 -2.02278 -3.60576 -1.28743 3.33624e+06 1.8328e+14 0.000131795 0.00072681 7.04479e-17 2.13425e-08 99590.5 0 0 1.37088e-11 0 0 0.0021263 0 0 0 0 0 0 2.7143e+11 2.7143e+11 2.7143e+11 2.7143e+11 
0.00159063 -0.90916 -4.20916 -2.01649 -3.60235 -1.29084 3.72356e+06 1.83273e+14 0.000131955 0.000726812 7.87218e-17 2.13418e-08 99593.7 0 0 1.37104e-11 0 0 0.0021263 0 0 0 0 0 0 3.02989e+11 3.02989e+11 3.02989e+11 3.02989e+11 
0.002 -0.905082 -4.20508 -2.00972 -3.59827 -1.29492 4.12446e+06 1.83265e+14 0.000132106 0.000726808 8.7297e-17 2.13408e-08 99595.7 0 0 1.37114e-11 0 0 0.0021263 0 0 0 0 0 0 3.35652e+11 3.35652e+11 3.35652e+11 3.35652e+11 
0.002 -0.905082 -4.20508 -2.00972 -3.59827 -1.29492 4.12446e+06 1.83265e+14 0.000132108 0.000726823 8.72988e-17 2.13412e-08 99600 0 0 1.37139e-11 0 0 0.0021263 0 0 0 0 0 0 3.35659e+11 3.35659e+11 3.35659e+11 3.35659e+11 
0.0025 -0.900102 -4.2001 -2.00225 -3.59328 -1.2999 4.53588e+06 1.83256e+14 0.000132252 0.000726818 9.61114e-17 2.134e-08 99602.4 0 0 1.37153e-11 0 0 0.0021263 0 0 0 0 0 0 3.69183e+11 3.69183e+11 3.69183e+11 3.69183e+11 
0.003 -0.895122 -4.19512 -1.99537 -3.5883 -1.30488 4.87525e+06 1.83246e+14 0.000132365 0.000726822 1.0339e-16 2.13389e-08 99607.1 0 0 1.37184e-11 0 0 0.0021263 0 0 0 0 0 0 3.96837e+11 3.96837e+11 3.96837e+11 3.96837e+11 
0.0035 -0.890142 -4.19014 -1.98892 -3.58332 -1.30986 5.15524e+06 1.83236e+14 0.000132454 0.000726825 1.09402e-16 2.13379e-08 99611.8 0 0 1.37217e-11 0 0 0.0021263 0 0 0 0 0 0 4.19652e+11 4.19652e+11 4.19652e+11 4.19652e+11 
0.004 -0.885161 -4.18516 -1.98279 -3.57834 -1.31484 5.38631e+06 1.83227e+14 0.000132525 0.000726829 1.14367e-16 2.13369e-08 99616.6 0 0 1.37251e-11 0 0 0.0021263 0 0 0 0 0 0 4.38477e+11 4.38477e+11 4.38477e+11 4.38477e+11 
0.0045 -0.88018 -4.18018 -1.9769 -3.57335 -1.31982 5.57707e+06 1.83217e+14 0.000132583 0.000726832 1.18469e-16 2.13359e-08 99621.3 0 0 1.37287e-11 0 0 0.0021263 0 0 0 0 0 0 4.54014e+11 4.54014e+11 4.54014e+11 4.54014e+11 
0.005 -0.875199 -4.1752 -1.97118 -3.56837 -1.3248 5.73461e+06 1.83208e+14 0.00013263 0.000726836 1.21858e-16 2.13349e-08 99626 0 0 1.37323e-11 0 0 0.0021263 0 0 0 0 0 0 4.66841e+11 4.66841e+11 4.66841e+11 4.66841e+11 
0.0055 -0.870217 -4.17022 -1.96561 -3.56339 -1.32978 5.86476e+06 1.83198e+14 0.000132668 0.00072684 1.2466e-16 2.13339e-08 99630.8 0 0 1.37361e-11 0 0 0.0021263 0 0 0 0 0 0 4.77435e+11 4.77435e+11 4.77435e+11 4.77435e+11 
0.006 -0.865236 -4.16524 -1.96015 -3.55841 -1.33476 5.97234e+06 1.83188e+14 0.0001327 0.000726843 1.26978e-16 2.13329e-08 99635.5 0 0 1.374e-11 0 0 0.0021263 0 0 0 0 0 0 4.86188e+11 4.86188e+11 4.86188e+11 4.86188e+11 
0.0065 -0.860254 -4.16025 -1.95478 -3.55342 -1.33975 6.06132e+06 1.83179e+14 0.000132727 0.000726847 1.28895e-16 2.13318e-08 99640.2 0 0 1.37439e-11 0 0 0.0021263 0 0 0 0 0 0 4.93423e+11 4.93423e+11 4.93423e+11 4.93423e+11 
0.007 -0.855272 -4.15527 -1.94948 -3.54844 -1.34473 6.13495e+06 1.83169e+14 0.000132749 0.00072685 1.30483e-16 2.13308e-08 99645 0 0 1.37478e-11 0 0 0.0021263 0 0 0 0 0 0 4.99406e+11 4.99406e+11 4.99406e+11 4.99406e+11 
0.0075 -0.850289 -4.15029 -1.94424 -3.54345 -1.34971 6.19594e+06 1.8316e+14 0.000132768 0.000726854 1.31799e-16 2.13298e-08 99649.7 0 0 1.37518e-11 0 0 0.0021263 0 0 0 0 0 0 5.04357e+11 5.04357e+11 5.04357e+11 5.04357e+11 
0.008 -0.845307 -4.14531 -1.93904 -3.53847 -1.35469 6.24649e+06 1.8315e+14 0.000132785 0.000726857 1.32891e-16 2.13288e-08 99654.4 0 0 1.37559e-11 0 0 0.0021263 0 0 0 0 0 0 5.08457e+11 5.08457e+11 5.08457e+11 5.08457e+11 
0.0085 -0.840324 -4.14032 -1.93388 -3.53348 -1.35968 6.28845e+06 1.8314e+14 0.000132798 0.000726861 1.33797e-16 2.13278e-08 99659.2 0 0 1.376e-11 0 0 0.0021263 0 0 0 0 0 0 5.11856e+11 5.11856e+11 5.11856e+11 5.11856e+11 
0.009 -0.835341 -4.13534 -1.92876 -3.5285 -1.36466 6.32331e+06 1.83131e+14 0.00013281 0.000726865 1.34551e-16 2.13268e-08 99663.9 0 0 1.37641e-11 0 0 0.0021263 0 0 0 0 0 0 5.14676e+11 5.14676e+11 5.14676e+11 5.14676e+11 
0.0095 -0.830358 -4.13036 -1.92365 -3.52351 -1.36964 6.35232e+06 1.83121e+14 0.000132821 0.000726868 1.35179e-16 2.13258e-08 99668.7 0 0 1.37682e-11 0 0 0.0021263 0 0 0 0 0 0 5.17019e+11 5.17019e+11 5.17019e+11 5.17019e+11 
0.01 -0.825374 -4.12537 -1.91857 -3.51853 -1.37463 6.37652e+06 1.83112e+14 0.00013283 0.000726872 1.35703e-16 2.13248e-08 99673.4 0 0 1.37723e-11 0 0 0.0021263 0 0 0 0 0 0 5.18968e+11 5.18968e+11 5.18968e+11 5.18968e+11 
0.0105 -0.82039 -4.12039 -1.9135 -3.51354 -1.37961 6.39673e+06 1.83102e+14 0.000132838 0.000726875 1.36142e-16 2.13237e-08 99678.1 0 0 1.37765e-11 0 0 0.0021263 0 0 0 0 0 0 5.20593e+11 5.20593e+11 5.20593e+11 5.20593e+11 
0.011 -0.815406 -4.11541 -1.90845 -3.50856 -1.38459 6.41367e+06 1.83092e+14 0.000132845 0.000726879 1.3651e-16 2.13227e-08 99682.9 0 0 1.37806e-11 0 0 0.0021263 0 0 0 0 0 0 5.21951e+11 5.21951e+11 5.21951e+11 5.21951e+11 
0.0115 -0.810422 -4.11042 -1.9034 -3.50357 -1.38958 6.4279e+06 1.83083e+14 0.000132852 0.000726883 1.36819e-16 2.13217e-08 99687.6 0 0 1.37848e-11 0 0 0.0021263 0 0 0 0 0 0 5.23088e+11 5.23088e+11 5.23088e+11 5.23088e+11 
0.012 -0.805437 -4.10544 -1.89837 -3.49858 -1.39456 6.4399e+06 1.83073e+14 0.000132858 0.000726886 1.37081e-16 2.13207e-08 99692.3 0 0 1.3789e-11 0 0 0.0021263 0 0 0 0 0 0 5.24043e+11 5.24043e+11 5.24043e+11 5.24043e+11 
0.0125 -0.800453 -4.10045 -1.89335 -3.4936 -1.39955 6.45006e+06 1.83064e+14 0.000132864 0.00072689 1.37303e-16 2.13197e-08 99697 0 0 1.37932e-11 0 0 0.0021263 0 0 0 0 0 0 5.24848e+11 5.24848e+11 5.24848e+11 5.24848e+11 
0.013 -0.795468 -4.09547 -1.88833 -3.48861 -1.40453 6.45871e+06 1.83054e+14 0.000132869 0.000726893 1.37493e-16 2.13187e-08 99701.8 0 0 1.37974e-11 0 0 0.0021263 0 0 0 0 0 0 5.25529e+11 5.25529e+11 5.25529e+11 5.25529e+11 
0.0135 -0.790482 -4.09048 -1.88331 -3.48362 -1.40952 6.4661e+06 1.83045e+14 0.000132874 0.000726897 1.37655e-16 2.13177e-08 99706.5 0 0 1.38016e-11 0 0 0.0021263 0 0 0 0 0 0 5.26109e+11 5.26109e+11 5.26109e+11 5.26109e+11 
0.014 -0.785497 -4.0855 -1.8783 -3.47864 -1.4145 6.47246e+06 1.83035e+14 0.000132878 0.0007269 1.37795e-16 2.13167e-08 99711.2 0 0 1.38058e-11 0 0 0.0021263 0 0 0 0 0 0 5.26604e+11 5.26604e+11 5.26604e+11 5.26604e+11 
0.0145 -0.780511 -4.08051 -1.87329 -3.47365 -1.41949 6.47798e+06 1.83025e+14 0.000132883 0.000726904 1.37917e-16 2.13157e-08 99716 0 0 1.381e-11 0 0 0.0021263 0 0 0 0 0 0 5.2703e+11 5.2703e+11 5.2703e+11 5.2703e+11 
0.015 -0.775525 -4.07553 -1.86828 -3.46866 -1.42447 6.48279e+06 1.83016e+14 0.000132887 0.000726908 1.38024e-16 2.13146e-08 99720.7 0 0 1.38142e-11 0 0 0.0021263 0 0 0 0 0 0 5.27398e+11 5.27398e+11 5.27398e+11 5.27398e+11 
0.0155 -0.770539 -4.07054 -1.86328 -3.46367 -1.42946 6.48702e+06 1.83006e+14 0.000132891 0.000726911 1.38119e-16 2.13136e-08 99725.4 0 0 1.38184e-11 0 0 0.0021263 0 0 0 0 0 0 5.2772e+11 5.2772e+11 5.2772e+11 5.2772e+11 
0.016 -0.765553 -4.06555 -1.85828 -3.45869 -1.43445 6.49077e+06 1.82997e+14 0.000132895 0.000726915 1.38203e-16 2.13126e-08 99730.2 0 0 1.38226e-11 0 0 0.0021263 0 0 0 0 0 0 5.28002e+11 5.28002e+11 5.28002e+11 5.28002e+11 
0.0165 -0.760566 -4.06057 -1.85328 -3.4537 -1.43943 6.49414e+06 1.82987e+14 0.000132899 0.000726918 1.38278e-16 2.13116e-08 99734.9 0 0 1.38268e-11 0 0 0.0021263 0 0 0 0 0 0 5.28253e+11 5.28253e+11 5.28253e+11 5.28253e+11 
0.017 -0.755579 -4.05558 -1.84828 -3.44871 -1.44442 6.49717e+06 1.82978e+14 0.000132903 0.000726922 1.38347e-16 2.13106e-08 99739.6 0 0 1.3831e-11 0 0 0.0021263 0 0 0 0 0 0 5.28476e+11 5.28476e+11 5.28476e+11 5.28476e+11 
0.0175 -0.750592 -4.05059 -1.84328 -3.44372 -1.44941 6.49994e+06 1.82968e+14 0.000132907 0.000726926 1.3841e-16 2.13096e-08 99744.4 0 0 1.38353e-11 0 0 0.0021263 0 0 0 0 0 0 5.28679e+11 5.28679e+11 5.28679e+11 5.28679e+11 
0.018 -0.745605 -4.0456 -1.83828 -3.43873 -1.4544 6.50249e+06 1.82958e+14 0.00013291 0.000726929 1.38468e-16 2.13086e-08 99749.1 0 0 1.38395e-11 0 0 0.0021263 0 0 0 0 0 0 5.28863e+11 5.28863e+11 5.28863e+11 5.28863e+11 
0.0185 -0.740617 -4.04062 -1.83329 -3.43374 -1.45938 6.50486e+06 1.82949e+14 0.000132914 0.000726933 1.38522e-16 2.13076e-08 99753.8 0 0 1.38437e-11 0 0 0.0021263 0 0 0 0 0 0 5.29032e+11 5.29032e+11 5.29032e+11 5.29032e+11 
0.019 -0.73563 -4.03563 -1.82829 -3.42875 -1.46437 6.50708e+06 1.82939e+14 0.000132917 0.000726936 1.38573e-16 2.13066e-08 99758.5 0 0 1.38479e-11 0 0 0.0021263 0 0 0 0 0 0 5.29189e+11 5.29189e+11 5.29189e+11 5.29189e+11 
0.0195 -0.730642 -4.03064 -1.82329 -3.42376 -1.46936 6.50917e+06 1.8293e+14 0.000132921 0.00072694 1.38621e-16 2.13056e-08 99763.3 0 0 1.38521e-11 0 0 0.0021263 0 0 0 0 0 0 5.29336e+11 5.29336e+11 5.29336e+11 5.29336e+11 
0.02 -0.725653 -4.02565 -1.8183 -3.41877 -1.47435 6.51116e+06 1.8292e+14 0.000132925 0.000726944 1.38667e-16 2.13046e-08 99768 0 0 1.38564e-11 0 0 0.0021263 0 0 0 0 0 0 5.29475e+11 5.29475e+11 5.29475e+11 5.29475e+11 
0.0205 -0.720665 -4.02066 -1.8133 -3.41378 -1.47934 6.51307e+06 1.82911e+14 0.000132928 0.000726947 1.38712e-16 2.13035e-08 99772.7 0 0 1.38606e-11 0 0 0.0021263 0 0 0 0 0 0 5.29607e+11 5.29607e+11 5.29607e+11 5.29607e+11 
0.021 -0.715676 -4.01568 -1.80831 -3.40879 -1.48432 6.51491e+06 1.82901e+14 0.000132932 0.000726951 1.38755e-16 2.13025e-08 99777.5 0 0 1.38648e-11 0 0 0.0021263 0 0 0 0 0 0 5.29733e+11 5.29733e+11 5.29733e+11 5.29733e+11 
0.0215 -0.710687 -4.01069 -1.80331 -3.4038 -1.48931 6.51669e+06 1.82891e+14 0.000132935 0.000726954 1.38796e-16 2.13015e-08 99782.2 0 0 1.38691e-11 0 0 0.0021263 0 0 0 0 0 0 5.29855e+11 5.29855e+11 5.29855e+11 5.29855e+11 
0.022 -0.705698 -4.0057 -1.79831 -3.39881 -1.4943 6.51843e+06 1.82882e+14 0.000132939 0.000726958 1.38837e-16 2.13005e-08 99786.9 0 0 1.38733e-11 0 0 0.0021263 0 0 0 0 0 0 5.29972e+11 5.29972e+11 5.29972e+11 5.29972e+11 
0.0225 -0.700708 -4.00071 -1.79332 -3.39382 -1.49929 6.52013e+06 1.82872e+14 0.000132942 0.000726962 1.38877e-16 2.12995e-08 99791.6 0 0 1.38775e-11 0 0 0.0021263 0 0 0 0 0 0 5.30087e+11 5.30087e+11 5.30087e+11 5.30087e+11 
0.023 -0.695719 -3.99572 -1.78832 -3.38883 -1.50428 6.52179e+06 1.82863e+14 0.000132945 0.000726965 1.38916e-16 2.12985e-08 99796.4 0 0 1.38818e-11 0 0 0.0021263 0 0 0 0 0 0 5.30199e+11 5.30199e+11 5.30199e+11 5.30199e+11 
0.0235 -0.690729 -3.99073 -1.78332 -3.38383 -1.50927 6.52343e+06 1.82853e+14 0.000132949 0.000726969 1.38954e-16 2.12975e-08 99801.1 0 0 1.3886e-11 0 0 0.0021263 0 0 0 0 0 0 5.30309e+11 5.30309e+11 5.30309e+11 5.30309e+11 
0.024 -0.685738 -3.98574 -1.77833 -3.37884 -1.51426 6.52504e+06 1.82844e+14 0.000132952 0.000726972 1.38992e-16 2.12965e-08 99805.8 0 0 1.38902e-11 0 0 0.0021263 0 0 0 0 0 0 5.30417e+11 5.30417e+11 5.30417e+11 5.30417e+11 
0.0245 -0.680748 -3.98075 -1.77333 -3.37385 -1.51925 6.52664e+06 1.82834e+14 0.000132956 0.000726976 1.3903e-16 2.12955e-08 99810.6 0 0 1.38945e-11 0 0 0.0021263 0 0 0 0 0 0 5.30523e+11 5.30523e+11 5.30523e+11 5.30523e+11 
0.025 -0.675757 -3.97576 -1.76833 -3.36886 -1.52424 6.52823e+06 1.82824e+14 0.000132959 0.00072698 1.39067e-16 2.12945e-08 99815.3 0 0 1.38987e-11 0 0 0.0021263 0 0 0 0 0 0 5.30629e+11 5.30629e+11 5.30629e+11 5.30629e+11 
0.0255 -0.670767 -3.97077 -1.76334 -3.36386 -1.52923 6.5298e+06 1.82815e+14 0.000132963 0.000726983 1.39104e-16 2.12935e-08 99820 0 0 1.39029e-11 0 0 0.0021263 0 0 0 0 0 0 5.30733e+11 5.30733e+11 5.30733e+11 5.30733e+11 
0.026 -0.665775 -3.96578 -1.75834 -3.35887 -1.53422 6.53136e+06 1.82805e+14 0.000132966 0.000726987 1.39141e-16 2.12925e-08 99824.7 0 0 1.39072e-11 0 0 0.0021263 0 0 0 0 0 0 5.30837e+11 5.30837e+11 5.30837e+11 5.30837e+11 
0.0265 -0.660784 -3.96078 -1.75334 -3.35388 -1.53922 6.53292e+06 1.82796e+14 0.00013297 0.00072699 1.39178e-16 2.12915e-08 99829.5 0 0 1.39114e-11 0 0 0.0021263 0 0 0 0 0 0 5.3094e+11 5.3094e+11 5.3094e+11 5.3094e+11 
0.027 -0.655792 -3.95579 -1.74834 -3.34888 -1.54421 6.53446e+06 1.82786e+14 0.000132973 0.000726994 1.39214e-16 2.12904e-08 99834.2 0 0 1.39156e-11 0 0 0.0021263 0 0 0 0 0 0 5.31042e+11 5.31042e+11 5.31042e+11 5.31042e+11 
0.0275 -0.650801 -3.9508 -1.74335 -3.34389 -1.5492 6.536e+06 1.82777e+14 0.000132976 0.000726998 1.39251e-16 2.12894e-08 99838.9 0 0 1.39199e-11 0 0 0.0021263 0 0 0 0 0 0 5.31144e+11 5.31144e+11 5.31144e+11 5.31144e+11 
0.028 -0.645809 -3.94581 -1.73835 -3.3389 -1.55419 6.53754e+06 1.82767e+14 0.00013298 0.000727001 1.39287e-16 2.12884e-08 99843.6 0 0 1.39241e-11 0 0 0.0021263 0 0 0 0 0 0 5.31245e+11 5.31245e+11 5.31245e+11 5.31245e+11 
0.0285 -0.640816 -3.94082 -1.73335 -3.3339 -1.55918 6.53907e+06 1.82758e+14 0.000132983 0.000727005 1.39323e-16 2.12874e-08 99848.4 0 0 1.39284e-11 0 0 0.0021263 0 0 0 0 0 0 5.31346e+11 5.31346e+11 5.31346e+11 5.31346e+11 
0.029 -0.635824 -3.93582 -1.72835 -3.32891 -1.56418 6.54061e+06 1.82748e+14 0.000132987 0.000727008 1.39359e-16 2.12864e-08 99853.1 0 0 1.39326e-11 0 0 0.0021263 0 0 0 0 0 0 5.31447e+11 5.31447e+11 5.31447e+11 5.31447e+11 
0.0295 -0.630831 -3.93083 -1.72335 -3.32391 -1.56917 6.54213e+06 1.82739e+14 0.00013299 0.000727012 1.39396e-16 2.12854e-08 99857.8 0 0 1.39368e-11 0 0 0.0021263 0 0 0 0 0 0 5.31548e+11 5.31548e+11 5.31548e+11 5.31548e+11 
0.03 -0.625838 -3.92584 -1.71835 -3.31892 -1.57416 6.54366e+06 1.82729e+14 0.000132993 0.000727016 1.39432e-16 2.12844e-08 99862.5 0 0 1.39411e-11 0 0 0.0021263 0 0 0 0 0 0 5.31649e+11 5.31649e+11 5.31649e+11 5.31649e+11 
0.0305 -0.620845 -3.92084 -1.71335 -3.31392 -1.57916 6.54518e+06 1.82719e+14 0.000132997 0.000727019 1.39468e-16 2.12834e-08 99867.2 0 0 1.39453e-11 0 0 0.0021263 0 0 0 0 0 0 5.31749e+11 5.31749e+11 5.31749e+11 5.31749e+11 
0.031 -0.615851 -3.91585 -1.70835 -3.30893 -1.58415 6.54671e+06 1.8271e+14 0.000133 0.000727023 1.39504e-16 2.12824e-08 99872 0 0 1.39496e-11 0 0 0.0021263 0 0 0 0 0 0 5.31849e+11 5.31849e+11 5.31849e+11 5.31849e+11 
0.0315 -0.610858 -3.91086 -1.70335 -3.30393 -1.58914 6.54823e+06 1.827e+14 0.000133004 0.000727027 1.3954e-16 2.12814e-08 99876.7 0 0 1.39538e-11 0 0 0.0021263 0 0 0 0 0 0 5.3195e+11 5.3195e+11 5.3195e+11 5.3195e+11 
0.032 -0.605864 -3.90586 -1.69835 -3.29894 -1.59414 6.54975e+06 1.82691e+14 0.000133007 0.00072703 1.39576e-16 2.12804e-08 99881.4 0 0 1.39581e-11 0 0 0.0021263 0 0 0 0 0 0 5.3205e+11 5.3205e+11 5.3205e+11 5.3205e+11 
0.0325 -0.600869 -3.90087 -1.69335 -3.29394 -1.59913 6.55127e+06 1.82681e+14 0.000133011 0.000727034 1.39612e-16 2.12794e-08 99886.1 0 0 1.39623e-11 0 0 0.0021263 0 0 0 0 0 0 5.3215e+11 5.3215e+11 5.3215e+11 5.3215e+11 
0.033 -0.595875 -3.89587 -1.68835 -3.28895 -1.60413 6.55279e+06 1.82672e+14 0.000133014 0.000727037 1.39648e-16 2.12784e-08 99890.9 0 0 1.39666e-11 0 0 0.0021263 0 0 0 0 0 0 5.3225e+11 5.3225e+11 5.3225e+11 5.3225e+11 
0.0335 -0.59088 -3.89088 -1.68335 -3.28395 -1.60912 6.55431e+06 1.82662e+14 0.000133017 0.000727041 1.39684e-16 2.12774e-08 99895.6 0 0 1.39708e-11 0 0 0.0021263 0 0 0 0 0 0 5.3235e+11 5.3235e+11 5.3235e+11 5.3235e+11 
0.034 -0.585885 -3.88589 -1.67835 -3.27895 -1.61411 6.55583e+06 1.82653e+14 0.000133021 0.000727045 1.3972e-16 2.12764e-08 99900.3 0 0 1.39751e-11 0 0 0.0021263 0 0 0 0 0 0 5.3245e+11 5.3245e+11 5.3245e+11 5.3245e+11 
0.0345 -0.58089 -3.88089 -1.67335 -3.27395 -1.61911 6.55735e+06 1.82643e+14 0.000133024 0.000727048 1.39756e-16 2.12754e-08 99905 0 0 1.39793e-11 0 0 0.0021263 0 0 0 0 0 0 5.3255e+11 5.3255e+11 5.3255e+11 5.3255e+11 
0.035 -0.575895 -3.87589 -1.66835 -3.26896 -1.62411 6.55887e+06 1.82634e+14 0.000133028 0.000727052 1.39792e-16 2.12744e-08 99909.7 0 0 1.39836e-11 0 0 0.0021263 0 0 0 0 0 0 5.3265e+11 5.3265e+11 5.3265e+11 5.3265e+11 
0.0355 -0.570899 -3.8709 -1.66335 -3.26396 -1.6291 6.56039e+06 1.82624e+14 0.000133031 0.000727056 1.39828e-16 2.12734e-08 99914.5 0 0 1.39878e-11 0 0 0.0021263 0 0 0 0 0 0 5.3275e+11 5.3275e+11 5.3275e+11 5.3275e+11 
0.036 -0.565903 -3.8659 -1.65834 -3.25896 -1.6341 6.5619e+06 1.82615e+14 0.000133034 0.000727059 1.39864e-16 2.12723e-08 99919.2 0 0 1.39921e-11 0 0 0.0021263 0 0 0 0 0 0 5.32849e+11 5.32849e+11 5.32849e+11 5.32849e+11 
0.0365 -0.560907 -3.86091 -1.65334 -3.25396 -1.63909 6.56342e+06 1.82605e+14 0.000133038 0.000727063 1.399e-16 2.12713e-08 99923.9 0 0 1.39963e-11 0 0 0.0021263 0 0 0 0 0 0 5.32949e+11 5.32949e+11 5.32949e+11 5.32949e+11 
0.037 -0.555911 -3.85591 -1.64834 -3.24897 -1.64409 6.56494e+06 1.82595e+14 0.000133041 0.000727066 1.39936e-16 2.12703e-08 99928.6 0 0 1.40006e-11 0 0 0.0021263 0 0 0 0 0 0 5.33049e+11 5.33049e+11 5.33049e+11 5.33049e+11 
0.0375 -0.550915 -3.85091 -1.64334 -3.24397 -1.64909 6.56646e+06 1.82586e+14 0.000133045 0.00072707 1.39971e-16 2.12693e-08 99933.4 0 0 1.40048e-11 0 0 0.0021263 0 0 0 0 0 0 5.33149e+11 5.33149e+11 5.33149e+11 5.33149e+11 
0.038 -0.545918 -3.84592 -1.63833 -3.23897 -1.65408 6.56798e+06 1.82576e+14 0.000133048 0.000727074 1.40007e-16 2.12683e-08 99938.1 0 0 1.40091e-11 0 0 0.0021263 0 0 0 0 0 0 5.33249e+11 5.33249e+11 5.33249e+11 5.33249e+11 
0.0385 -0.540921 -3.84092 -1.63333 -3.23397 -1.65908 6.5695e+06 1.82567e+14 0.000133052 0.000727077 1.40043e-16 2.12673e-08 99942.8 0 0 1.40134e-11 0 0 0.0021263 0 0 0 0 0 0 5.33349e+11 5.33349e+11 5.33349e+11 5.33349e+11 
0.039 -0.535923 -3.83592 -1.62833 -3.22897 -1.66408 6.57102e+06 1.82557e+14 0.000133055 0.000727081 1.40079e-16 2.12663e-08 99947.5 0 0 1.40176e-11 0 0 0.0021263 0 0 0 0 0 0 5.33449e+11 5.33449e+11 5.33449e+11 5.33449e+11 
0.0395 -0.530926 -3.83093 -1.62332 -3.22397 -1.66907 6.57254e+06 1.82548e+14 0.000133058 0.000727085 1.40115e-16 2.12653e-08 99952.2 0 0 1.40219e-11 0 0 0.0021263 0 0 0 0 0 0 5.33548e+11 5.33548e+11 5.33548e+11 5.33548e+11 
0.04 -0.525928 -3.82593 -1.61832 -3.21897 -1.67407 6.57406e+06 1.82538e+14 0.000133062 0.000727088 1.40151e-16 2.12643e-08 99956.9 0 0 1.40261e-11 0 0 0.0021263 0 0 0 0 0 0 5.33648e+11 5.33648e+11 5.33648e+11 5.33648e+11 
0.0405 -0.52093 -3.82093 -1.61332 -3.21397 -1.67907 6.57557e+06 1.82529e+14 0.000133065 0.000727092 1.40187e-16 2.12633e-08 99961.7 0 0 1.40304e-11 0 0 0.0021263 0 0 0 0 0 0 5.33748e+11 5.33748e+11 5.33748e+11 5.33748e+11 
0.041 -0.515932 -3.81593 -1.60831 -3.20897 -1.68407 6.57709e+06 1.82519e+14 0.000133069 0.000727096 1.40223e-16 2.12623e-08 99966.4 0 0 1.40347e-11 0 0 0.0021263 0 0 0 0 0 0 5.33848e+11 5.33848e+11 5.33848e+11 5.33848e+11 
0.0415 -0.510934 -3.81093 -1.60331 -3.20397 -1.68907 6.57861e+06 1.8251e+14 0.000133072 0.000727099 1.40259e-16 2.12613e-08 99971.1 0 0 1.40389e-11 0 0 0.0021263 0 0 0 0 0 0 5.33948e+11 5.33948e+11 5.33948e+11 5.33948e+11 
0.042 -0.505935 -3.80593 -1.5983 -3.19897 -1.69407 6.58013e+06 1.825e+14 0.000133075 0.000727103 1.40295e-16 2.12603e-08 99975.8 0 0 1.40432e-11 0 0 0.0021263 0 0 0 0 0 0 5.34048e+11 5.34048e+11 5.34048e+11 5.34048e+11 
0.0425 -0.500936 -3.80094 -1.5933 -3.19397 -1.69906 6.58165e+06 1.82491e+14 0.000133079 0.000727106 1.40331e-16 2.12593e-08 99980.5 0 0 1.40474e-11 0 0 0.0021263 0 0 0 0 0 0 5.34148e+11 5.34148e+11 5.34148e+11 5.34148e+11 
0.043 -0.495937 -3.79594 -1.58829 -3.18897 -1.70406 6.58317e+06 1.82481e+14 0.000133082 0.00072711 1.40367e-16 2.12583e-08 99985.3 0 0 1.40517e-11 0 0 0.0021263 0 0 0 0 0 0 5.34248e+11 5.34248e+11 5.34248e+11 5.34248e+11 
0.0435 -0.490938 -3.79094 -1.58329 -3.18397 -1.70906 6.58469e+06 1.82472e+14 0.000133086 0.000727114 1.40403e-16 2.12573e-08 99990 0 0 1.4056e-11 0 0 0.0021263 0 0 0 0 0 0 5.34347e+11 5.34347e+11 5.34347e+11 5.34347e+11 
0.044 -0.485938 -3.78594 -1.57828 -3.17897 -1.71406 6.58621e+06 1.82462e+14 0.000133089 0.000727117 1.40439e-16 2.12563e-08 99994.7 0 0 1.40602e-11 0 0 0.0021263 0 0 0 0 0 0 5.34447e+11 5.34447e+11 5.34447e+11 5.34447e+11 
0.0445 -0.480938 -3.78094 -1.57328 -3.17397 -1.71906 6.58773e+06 1.82453e+14 0.000133093 0.000727121 1.40475e-16 2.12553e-08 99999.4 0 0 1.40645e-11 0 0 0.0021263 0 0 0 0 0 0 5.34547e+11 5.34547e+11 5.34547e+11 5.34547e+11 
0.045 -0.475938 -3.77594 -1.56827 -3.16896 -1.72406 6.58925e+06 1.82443e+14 0.000133096 0.000727125 1.40511e-16 2.12543e-08 100004 0 0 1.40688e-11 0 0 0.0021263 0 0 0 0 0 0 5.34647e+11 5.34647e+11 5.34647e+11 5.34647e+11 
0.0455 -0.470938 -3.77094 -1.56326 -3.16396 -1.72906 6.59077e+06 1.82434e+14 0.000133099 0.000727128 1.40547e-16 2.12533e-08 100009 0 0 1.4073e-11 0 0 0.0021263 0 0 0 0 0 0 5.34747e+11 5.34747e+11 5.34747e+11 5.34747e+11 
0.046 -0.465937 -3.76594 -1.55826 -3.15896 -1.73406 6.59229e+06 1.82424e+14 0.000133103 0.000727132 1.40583e-16 2.12523e-08 100014 0 0 1.40773e-11 0 0 0.0021263 0 0 0 0 0 0 5.34847e+11 5.34847e+11 5.34847e+11 5.34847e+11 
0.0465 -0.460936 -3.76094 -1.55325 -3.15396 -1.73906 6.59382e+06 1.82415e+14 0.000133106 0.000727136 1.4062e-16 2.12513e-08 100018 0 0 1.40816e-11 0 0 0.0021263 0 0 0 0 0 0 5.34947e+11 5.34947e+11 5.34947e+11 5.34947e+11 
0.047 -0.455935 -3.75594 -1.54824 -3.14895 -1.74406 6.59534e+06 1.82405e+14 0.00013311 0.000727139 1.40656e-16 2.12503e-08 100023 0 0 1.40859e-11 0 0 0.0021263 0 0 0 0 0 0 5.35047e+11 5.35047e+11 5.35047e+11 5.35047e+11 
0.0475 -0.450934 -3.75093 -1.54323 -3.14395 -1.74907 6.59686e+06 1.82396e+14 0.000133113 0.000727143 1.40692e-16 2.12493e-08 100028 0 0 1.40901e-11 0 0 0.0021263 0 0 0 0 0 0 5.35147e+11 5.35147e+11 5.35147e+11 5.35147e+11 
0.048 -0.445932 -3.74593 -1.53823 -3.13895 -1.75407 6.59838e+06 1.82386e+14 0.000133116 0.000727146 1.40728e-16 2.12483e-08 100032 0 0 1.40944e-11 0 0 0.0021263 0 0 0 0 0 0 5.35246e+11 5.35246e+11 5.35246e+11 5.35246e+11 
0.0485 -0.440931 -3.74093 -1.53322 -3.13394 -1.75907 6.5999e+06 1.82377e+14 0.00013312 0.00072715 1.40764e-16 2.12473e-08 100037 0 0 1.40987e-11 0 0 0.0021263 0 0 0 0 0 0 5.35346e+11 5.35346e+11 5.35346e+11 5.35346e+11 
0.049 -0.435929 -3.73593 -1.52821 -3.12894 -1.76407 6.60142e+06 1.82367e+14 0.000133123 0.000727154 1.408e-16 2.12463e-08 100042 0 0 1.41029e-11 0 0 0.0021263 0 0 0 0 0 0 5.35446e+11 5.35446e+11 5.35446e+11 5.35446e+11 
0.0495 -0.430927 -3.73093 -1.5232 -3.12394 -1.76907 6.60294e+06 1.82358e+14 0.000133127 0.000727157 1.40836e-16 2.12453e-08 100047 0 0 1.41072e-11 0 0 0.0021263 0 0 0 0 0 0 5.35546e+11 5.35546e+11 5.35546e+11 5.35546e+11 
0.05 -0.425924 -3.72592 -1.51819 -3.11893 -1.77408 6.60447e+06 1.82348e+14 0.00013313 0.000727161 1.40872e-16 2.12443e-08 100051 0 0 1.41115e-11 0 0 0.0021263 0 0 0 0 0 0 5.35646e+11 5.35646e+11 5.35646e+11 5.35646e+11 
0.0505 -0.420921 -3.72092 -1.51319 -3.11393 -1.77908 6.60599e+06 1.82339e+14 0.000133134 0.000727165 1.40908e-16 2.12433e-08 100056 0 0 1.41158e-11 0 0 0.0021263 0 0 0 0 0 0 5.35746e+11 5.35746e+11 5.35746e+11 5.35746e+11 
0.051 -0.415919 -3.71592 -1.50818 -3.10892 -1.78408 6.60751e+06 1.82329e+14 0.000133137 0.000727168 1.40944e-16 2.12423e-08 100061 0 0 1.412e-11 0 0 0.0021263 0 0 0 0 0 0 5.35846e+11 5.35846e+11 5.35846e+11 5.35846e+11 
0.0515 -0.410915 -3.71092 -1.50317 -3.10392 -1.78908 6.60903e+06 1.8232e+14 0.00013314 0.000727172 1.4098e-16 2.12413e-08 100065 0 0 1.41243e-11 0 0 0.0021263 0 0 0 0 0 0 5.35946e+11 5.35946e+11 5.35946e+11 5.35946e+11 
0.052 -0.405912 -3.70591 -1.49816 -3.09891 -1.79409 6.61056e+06 1.8231e+14 0.000133144 0.000727176 1.41016e-16 2.12403e-08 100070 0 0 1.41286e-11 0 0 0.0021263 0 0 0 0 0 0 5.36046e+11 5.36046e+11 5.36046e+11 5.36046e+11 
0.0525 -0.400908 -3.70091 -1.49315 -3.09391 -1.79909 6.61208e+06 1.82301e+14 0.000133147 0.000727179 1.41052e-16 2.12393e-08 100075 0 0 1.41329e-11 0 0 0.0021263 0 0 0 0 0 0 5.36146e+11 5.36146e+11 5.36146e+11 5.36146e+11 
0.053 -0.395905 -3.6959 -1.48814 -3.0889 -1.8041 6.6136e+06 1.82291e+14 0.000133151 0.000727183 1.41089e-16 2.12383e-08 100080 0 0 1.41372e-11 0 0 0.0021263 0 0 0 0 0 0 5.36246e+11 5.36246e+11 5.36246e+11 5.36246e+11 
0.0535 -0.3909 -3.6909 -1.48313 -3.0839 -1.8091 6.61512e+06 1.82282e+14 0.000133154 0.000727187 1.41125e-16 2.12373e-08 100084 0 0 1.41414e-11 0 0 0.0021263 0 0 0 0 0 0 5.36346e+11 5.36346e+11 5.36346e+11 5.36346e+11 
0.054 -0.385896 -3.6859 -1.47812 -3.07889 -1.8141 6.61665e+06 1.82272e+14 0.000133157 0.00072719 1.41161e-16 2.12363e-08 100089 0 0 1.41457e-11 0 0 0.0021263 0 0 0 0 0 0 5.36446e+11 5.36446e+11 5.36446e+11 5.36446e+11 
0.0545 -0.380892 -3.68089 -1.47311 -3.07388 -1.81911 6.61817e+06 1.82263e+14 0.000133161 0.000727194 1.41197e-16 2.12353e-08 100094 0 0 1.415e-11 0 0 0.0021263 0 0 0 0 0 0 5.36546e+11 5.36546e+11 5.36546e+11 5.36546e+11 
0.055 -0.375887 -3.67589 -1.4681 -3.06888 -1.82411 6.61969e+06 1.82253e+14 0.000133164 0.000727198 1.41233e-16 2.12343e-08 100098 0 0 1.41543e-11 0 0 0.0021263 0 0 0 0 0 0 5.36646e+11 5.36646e+11 5.36646e+11 5.36646e+11 
0.0555 -0.370882 -3.67088 -1.46309 -3.06387 -1.82912 6.62122e+06 1.82244e+14 0.000133168 0.000727201 1.41269e-16 2.12333e-08 100103 0 0 1.41586e-11 0 0 0.0021263 0 0 0 0 0 0 5.36746e+11 5.36746e+11 5.36746e+11 5.36746e+11 
0.056 -0.365876 -3.66588 -1.45807 -3.05886 -1.83412 6.62274e+06 1.82234e+14 0.000133171 0.000727205 1.41305e-16 2.12323e-08 100108 0 0 1.41629e-11 0 0 0.0021263 0 0 0 0 0 0 5.36846e+11 5.36846e+11 5.36846e+11 5.36846e+11 
0.0565 -0.360871 -3.66087 -1.45306 -3.05385 -1.83913 6.62426e+06 1.82225e+14 0.000133175 0.000727209 1.41341e-16 2.12313e-08 100113 0 0 1.41671e-11 0 0 0.0021263 0 0 0 0 0 0 5.36946e+11 5.36946e+11 5.36946e+11 5.36946e+11 
0.057 -0.355865 -3.65587 -1.44805 -3.04885 -1.84413 6.62579e+06 1.82215e+14 0.000133178 0.000727212 1.41378e-16 2.12303e-08 100117 0 0 1.41714e-11 0 0 0.0021263 0 0 0 0 0 0 5.37046e+11 5.37046e+11 5.37046e+11 5.37046e+11 
0.0575 -0.350859 -3.65086 -1.44304 -3.04384 -1.84914 6.62731e+06 1.82206e+14 0.000133181 0.000727216 1.41414e-16 2.12293e-08 100122 0 0 1.41757e-11 0 0 0.0021263 0 0 0 0 0 0 5.37146e+11 5.37146e+11 5.37146e+11 5.37146e+11 
0.058 -0.345853 -3.64585 -1.43803 -3.03883 -1.85415 6.62884e+06 1.82196e+14 0.000133185 0.00072722 1.4145e-16 2.12283e-08 100127 0 0 1.418e-11 0 0 0.0021263 0 0 0 0 0 0 5.37246e+11 5.37246e+11 5.37246e+11 5.37246e+11 
0.0585 -0.340846 -3.64085 -1.43301 -3.03382 -1.85915 6.63036e+06 1.82187e+14 0.000133188 0.000727223 1.41486e-16 2.12273e-08 100131 0 0 1.41843e-11 0 0 0.0021263 0 0 0 0 0 0 5.37346e+11 5.37346e+11 5.37346e+11 5.37346e+11 
0.059 -0.33584 -3.63584 -1.428 -3.02881 -1.86416 6.63189e+06 1.82177e+14 0.000133192 0.000727227 1.41522e-16 2.12263e-08 100136 0 0 1.41886e-11 0 0 0.0021263 0 0 0 0 0 0 5.37446e+11 5.37446e+11 5.37446e+11 5.37446e+11 
0.0595 -0.330833 -3.63083 -1.42299 -3.02381 -1.86917 6.63341e+06 1.82168e+14 0.000133195 0.000727231 1.41558e-16 2.12253e-08 100141 0 0 1.41929e-11 0 0 0.0021263 0 0 0 0 0 0 5.37546e+11 5.37546e+11 5.37546e+11 5.37546e+11 
0.06 -0.325826 -3.62583 -1.41798 -3.0188 -1.87417 6.63494e+06 1.82158e+14 0.000133198 0.000727234 1.41595e-16 2.12243e-08 100145 0 0 1.41972e-11 0 0 0.0021263 0 0 0 0 0 0 5.37646e+11 5.37646e+11 5.37646e+11 5.37646e+11 
0.0605 -0.320818 -3.62082 -1.41296 -3.01379 -1.87918 6.63646e+06 1.82149e+14 0.000133202 0.000727238 1.41631e-16 2.12233e-08 100150 0 0 1.42015e-11 0 0 0.0021263 0 0 0 0 0 0 5.37746e+11 5.37746e+11 5.37746e+11 5.37746e+11 
0.061 -0.315811 -3.61581 -1.40795 -3.00878 -1.88419 6.63799e+06 1.82139e+14 0.000133205 0.000727242 1.41667e-16 2.12223e-08 100155 0 0 1.42058e-11 0 0 0.0021263 0 0 0 0 0 0 5.37846e+11 5.37846e+11 5.37846e+11 5.37846e+11 
0.0615 -0.310803 -3.6108 -1.40293 -3.00377 -1.8892 6.63951e+06 1.8213e+14 0.000133209 0.000727245 1.41703e-16 2.12213e-08 100160 0 0 1.421e-11 0 0 0.0021263 0 0 0 0 0 0 5.37946e+11 5.37946e+11 5.37946e+11 5.37946e+11 
0.062 -0.305795 -3.60579 -1.39792 -2.99876 -1.89421 6.64104e+06 1.8212e+14 0.000133212 0.000727249 1.41739e-16 2.12203e-08 100164 0 0 1.42143e-11 0 0 0.0021263 0 0 0 0 0 0 5.38046e+11 5.38046e+11 5.38046e+11 5.38046e+11 
0.0625 -0.300786 -3.60079 -1.39291 -2.99375 -1.89921 6.64256e+06 1.82111e+14 0.000133216 0.000727253 1.41776e-16 2.12193e-08 100169 0 0 1.42186e-11 0 0 0.0021263 0 0 0 0 0 0 5.38146e+11 5.38146e+11 5.38146e+11 5.38146e+11 
0.063 -0.295778 -3.59578 -1.38789 -2.98874 -1.90422 6.64409e+06 1.82102e+14 0.000133219 0.000727256 1.41812e-16 2.12183e-08 100174 0 0 1.42229e-11 0 0 0.0021263 0 0 0 0 0 0 5.38246e+11 5.38246e+11 5.38246e+11 5.38246e+11 
0.0635 -0.290769 -3.59077 -1.38288 -2.98373 -1.90923 6.64562e+06 1.82092e+14 0.000133222 0.00072726 1.41848e-16 2.12173e-08 100178 0 0 1.42272e-11 0 0 0.0021263 0 0 0 0 0 0 5.38346e+11 5.38346e+11 5.38346e+11 5.38346e+11 
0.064 -0.28576 -3.58576 -1.37786 -2.97872 -1.91424 6.64714e+06 1.82083e+14 0.000133226 0.000727264 1.41884e-16 2.12163e-08 100183 0 0 1.42315e-11 0 0 0.0021263 0 0 0 0 0 0 5.38446e+11 5.38446e+11 5.38446e+11 5.38446e+11 
0.0645 -0.280751 -3.58075 -1.37285 -2.97371 -1.91925 6.64867e+06 1.82073e+14 0.000133229 0.000727267 1.4192e-16 2.12154e-08 100188 0 0 1.42358e-11 0 0 0.0021263 0 0 0 0 0 0 5.38546e+11 5.38546e+11 5.38546e+11 5.38546e+11 
0.065 -0.275741 -3.57574 -1.36783 -2.96869 -1.92426 6.65019e+06 1.82064e+14 0.000133233 0.000727271 1.41957e-16 2.12144e-08 100193 0 0 1.42401e-11 0 0 0.0021263 0 0 0 0 0 0 5.38647e+11 5.38647e+11 5.38647e+11 5.38647e+11 
0.0655 -0.270731 -3.57073 -1.36281 -2.96368 -1.92927 6.65172e+06 1.82054e+14 0.000133236 0.000727275 1.41993e-16 2.12134e-08 100197 0 0 1.42444e-11 0 0 0.0021263 0 0 0 0 0 0 5.38747e+11 5.38747e+11 5.38747e+11 5.38747e+11 
0.066 -0.265721 -3.56572 -1.3578 -2.95867 -1.93428 6.65325e+06 1.82045e+14 0.000133239 0.000727278 1.42029e-16 2.12124e-08 100202 0 0 1.42487e-11 0 0 0.0021263 0 0 0 0 0 0 5.38847e+11 5.38847e+11 5.38847e+11 5.38847e+11 
0.0665 -0.260711 -3.56071 -1.35278 -2.95366 -1.93929 6.65477e+06 1.82035e+14 0.000133243 0.000727282 1.42065e-16 2.12114e-08 100207 0 0 1.4253e-11 0 0 0.0021263 0 0 0 0 0 0 5.38947e+11 5.38947e+11 5.38947e+11 5.38947e+11 
0.067 -0.255701 -3.5557 -1.34777 -2.94865 -1.9443 6.6563e+06 1.82026e+14 0.000133246 0.000727286 1.42102e-16 2.12104e-08 100211 0 0 1.42573e-11 0 0 0.0021263 0 0 0 0 0 0 5.39047e+11 5.39047e+11 5.39047e+11 5.39047e+11 
0.0675 -0.25069 -3.55069 -1.34275 -2.94363 -1.94931 6.65783e+06 1.82016e+14 0.00013325 0.000727289 1.42138e-16 2.12094e-08 100216 0 0 1.42616e-11 0 0 0.0021263 0 0 0 0 0 0 5.39147e+11 5.39147e+11 5.39147e+11 5.39147e+11 
0.068 -0.245679 -3.54568 -1.33773 -2.93862 -1.95432 6.65936e+06 1.82007e+14 0.000133253 0.000727293 1.42174e-16 2.12084e-08 100221 0 0 1.42659e-11 0 0 0.0021263 0 0 0 0 0 0 5.39247e+11 5.39247e+11 5.39247e+11 5.39247e+11 
0.0685 -0.240668 -3.54067 -1.33272 -2.93361 -1.95933 6.66088e+06 1.81997e+14 0.000133257 0.000727297 1.4221e-16 2.12074e-08 100226 0 0 1.42702e-11 0 0 0.0021263 0 0 0 0 0 0 5.39347e+11 5.39347e+11 5.39347e+11 5.39347e+11 
0.069 -0.235657 -3.53566 -1.3277 -2.9286 -1.96434 6.66241e+06 1.81988e+14 0.00013326 0.0007273 1.42247e-16 2.12064e-08 100230 0 0 1.42746e-11 0 0 0.0021263 0 0 0 0 0 0 5.39447e+11 5.39447e+11 5.39447e+11 5.39447e+11 
0.0695 -0.230645 -3.53065 -1.32268 -2.92358 -1.96935 6.66394e+06 1.81979e+14 0.000133263 0.000727304 1.42283e-16 2.12054e-08 100235 0 0 1.42789e-11 0 0 0.0021263 0 0 0 0 0 0 5.39547e+11 5.39547e+11 5.39547e+11 5.39547e+11 
0.07 -0.225633 -3.52563 -1.31766 -2.91857 -1.97437 6.66547e+06 1.81969e+14 0.000133267 0.000727308 1.42319e-16 2.12044e-08 100240 0 0 1.42832e-11 0 0 0.0021263 0 0 0 0 0 0 5.39648e+11 5.39648e+11 5.39648e+11 5.39648e+11 
0.0705 -0.220621 -3.52062 -1.31264 -2.91355 -1.97938 6.667e+06 1.8196e+14 0.00013327 0.000727311 1.42355e-16 2.12034e-08 100244 0 0 1.42875e-11 0 0 0.0021263 0 0 0 0 0 0 5.39748e+11 5.39748e+11 5.39748e+11 5.39748e+11 
0.071 -0.215609 -3.51561 -1.30763 -2.90854 -1.98439 6.66852e+06 1.8195e+14 0.000133274 0.000727315 1.42392e-16 2.12024e-08 100249 0 0 1.42918e-11 0 0 0.0021263 0 0 0 0 0 0 5.39848e+11 5.39848e+11 5.39848e+11 5.39848e+11 
0.0715 -0.210596 -3.5106 -1.30261 -2.90353 -1.9894 6.67005e+06 1.81941e+14 0.000133277 0.000727319 1.42428e-16 2.12014e-08 100254 0 0 1.42961e-11 0 0 0.0021263 0 0 0 0 0 0 5.39948e+11 5.39948e+11 5.39948e+11 5.39948e+11 
0.072 -0.205583 -3.50558 -1.29759 -2.89851 -1.99442 6.67158e+06 1.81931e+14 0.00013328 0.000727323 1.42464e-16 2.12004e-08 100258 0 0 1.43004e-11 0 0 0.0021263 0 0 0 0 0 0 5.40048e+11 5.40048e+11 5.40048e+11 5.40048e+11 
0.0725 -0.20057 -3.50057 -1.29257 -2.8935 -1.99943 6.67311e+06 1.81922e+14 0.000133284 0.000727326 1.42501e-16 2.11994e-08 100263 0 0 1.43047e-11 0 0 0.0021263 0 0 0 0 0 0 5.40148e+11 5.40148e+11 5.40148e+11 5.40148e+11 
0.073 -0.195557 -3.49556 -1.28755 -2.88848 -2.00444 6.67464e+06 1.81912e+14 0.000133287 0.00072733 1.42537e-16 2.11984e-08 100268 0 0 1.4309e-11 0 0 0.0021263 0 0 0 0 0 0 5.40248e+11 5.40248e+11 5.40248e+11 5.40248e+11 
0.0735 -0.190544 -3.49054 -1.28253 -2.88347 -2.00946 6.67617e+06 1.81903e+14 0.000133291 0.000727334 1.42573e-16 2.11975e-08 100273 0 0 1.43133e-11 0 0 0.0021263 0 0 0 0 0 0 5.40349e+11 5.40349e+11 5.40349e+11 5.40349e+11 
0.074 -0.18553 -3.48553 -1.27751 -2.87845 -2.01447 6.6777e+06 1.81893e+14 0.000133294 0.000727337 1.42609e-16 2.11965e-08 100277 0 0 1.43177e-11 0 0 0.0021263 0 0 0 0 0 0 5.40449e+11 5.40449e+11 5.40449e+11 5.40449e+11 
0.0745 -0.180516 -3.48052 -1.27249 -2.87343 -2.01948 6.67923e+06 1.81884e+14 0.000133298 0.000727341 1.42646e-16 2.11955e-08 100282 0 0 1.4322e-11 0 0 0.0021263 0 0 0 0 0 0 5.40549e+11 5.40549e+11 5.40549e+11 5.40549e+11 
0.075 -0.175502 -3.4755 -1.26747 -2.86842 -2.0245 6.68075e+06 1.81875e+14 0.000133301 0.000727345 1.42682e-16 2.11945e-08 100287 0 0 1.43263e-11 0 0 0.0021263 0 0 0 0 0 0 5.40649e+11 5.40649e+11 5.40649e+11 5.40649e+11 
0.0755 -0.170487 -3.47049 -1.26245 -2.8634 -2.02951 6.68228e+06 1.81865e+14 0.000133304 0.000727348 1.42718e-16 2.11935e-08 100291 0 0 1.43306e-11 0 0 0.0021263 0 0 0 0 0 0 5.40749e+11 5.40749e+11 5.40749e+11 5.40749e+11 
0.076 -0.165472 -3.46547 -1.25743 -2.85839 -2.03453 6.68381e+06 1.81856e+14 0.000133308 0.000727352 1.42755e-16 2.11925e-08 100296 0 0 1.43349e-11 0 0 0.0021263 0 0 0 0 0 0 5.40849e+11 5.40849e+11 5.40849e+11 5.40849e+11 
0.0765 -0.160458 -3.46046 -1.25241 -2.85337 -2.03954 6.68534e+06 1.81846e+14 0.000133311 0.000727356 1.42791e-16 2.11915e-08 100301 0 0 1.43392e-11 0 0 0.0021263 0 0 0 0 0 0 5.4095e+11 5.4095e+11 5.4095e+11 5.4095e+11 
0.077 -0.155442 -3.45544 -1.24739 -2.84835 -2.04456 6.68687e+06 1.81837e+14 0.000133315 0.000727359 1.42827e-16 2.11905e-08 100305 0 0 1.43436e-11 0 0 0.0021263 0 0 0 0 0 0 5.4105e+11 5.4105e+11 5.4105e+11 5.4105e+11 
0.0775 -0.150427 -3.45043 -1.24237 -2.84333 -2.04957 6.6884e+06 1.81827e+14 0.000133318 0.000727363 1.42864e-16 2.11895e-08 100310 0 0 1.43479e-11 0 0 0.0021263 0 0 0 0 0 0 5.4115e+11 5.4115e+11 5.4115e+11 5.4115e+11 
0.078 -0.145411 -3.44541 -1.23734 -2.83832 -2.05459 6.68993e+06 1.81818e+14 0.000133321 0.000727367 1.429e-16 2.11885e-08 100315 0 0 1.43522e-11 0 0 0.0021263 0 0 0 0 0 0 5.4125e+11 5.4125e+11 5.4125e+11 5.4125e+11 
0.0785 -0.140396 -3.4404 -1.23232 -2.8333 -2.0596 6.69147e+06 1.81809e+14 0.000133325 0.000727371 1.42936e-16 2.11875e-08 100320 0 0 1.43565e-11 0 0 0.0021263 0 0 0 0 0 0 5.4135e+11 5.4135e+11 5.4135e+11 5.4135e+11 
0.079 -0.135379 -3.43538 -1.2273 -2.82828 -2.06462 6.693e+06 1.81799e+14 0.000133328 0.000727374 1.42973e-16 2.11865e-08 100324 0 0 1.43608e-11 0 0 0.0021263 0 0 0 0 0 0 5.41451e+11 5.41451e+11 5.41451e+11 5.41451e+11 
0.0795 -0.130363 -3.43036 -1.22228 -2.82326 -2.06964 6.69453e+06 1.8179e+14 0.000133332 0.000727378 1.43009e-16 2.11855e-08 100329 0 0 1.43652e-11 0 0 0.0021263 0 0 0 0 0 0 5.41551e+11 5.41551e+11 5.41551e+11 5.41551e+11 
0.08 -0.125347 -3.42535 -1.21726 -2.81824 -2.07465 6.69606e+06 1.8178e+14 0.000133335 0.000727382 1.43046e-16 2.11846e-08 100334 0 0 1.43695e-11 0 0 0.0021263 0 0 0 0 0 0 5.41651e+11 5.41651e+11 5.41651e+11 5.41651e+11 
0.0805 -0.12033 -3.42033 -1.21223 -2.81323 -2.07967 6.69759e+06 1.81771e+14 0.000133339 0.000727385 1.43082e-16 2.11836e-08 100338 0 0 1.43738e-11 0 0 0.0021263 0 0 0 0 0 0 5.41751e+11 5.41751e+11 5.41751e+11 5.41751e+11 
0.081 -0.115313 -3.41531 -1.20721 -2.80821 -2.08469 6.69912e+06 1.81761e+14 0.000133342 0.000727389 1.43118e-16 2.11826e-08 100343 0 0 1.43781e-11 0 0 0.0021263 0 0 0 0 0 0 5.41852e+11 5.41852e+11 5.41852e+11 5.41852e+11 
0.0815 -0.110295 -3.4103 -1.20219 -2.80319 -2.0897 6.70065e+06 1.81752e+14 0.000133345 0.000727393 1.43155e-16 2.11816e-08 100348 0 0 1.43825e-11 0 0 0.0021263 0 0 0 0 0 0 5.41952e+11 5.41952e+11 5.41952e+11 5.41952e+11 
0.082 -0.105278 -3.40528 -1.19716 -2.79817 -2.09472 6.70218e+06 1.81743e+14 0.000133349 0.000727396 1.43191e-16 2.11806e-08 100352 0 0 1.43868e-11 0 0 0.0021263 0 0 0 0 0 0 5.42052e+11 5.42052e+11 5.42052e+11 5.42052e+11 
0.0825 -0.10026 -3.40026 -1.19214 -2.79315 -2.09974 6.70371e+06 1.81733e+14 0.000133352 0.0007274 1.43228e-16 2.11796e-08 100357 0 0 1.43911e-11 0 0 0.0021263 0 0 0 0 0 0 5.42152e+11 5.42152e+11 5.42152e+11 5.42152e+11 
0.083 -0.0952422 -3.39524 -1.18711 -2.78813 -2.10476 6.70525e+06 1.81724e+14 0.000133356 0.000727404 1.43264e-16 2.11786e-08 100362 0 0 1.43954e-11 0 0 0.0021263 0 0 0 0 0 0 5.42253e+11 5.42253e+11 5.42253e+11 5.42253e+11 
0.0835 -0.090224 -3.39022 -1.18209 -2.78311 -2.10978 6.70678e+06 1.81714e+14 0.000133359 0.000727408 1.433e-16 2.11776e-08 100367 0 0 1.43998e-11 0 0 0.0021263 0 0 0 0 0 0 5.42353e+11 5.42353e+11 5.42353e+11 5.42353e+11 
0.084 -0.0852055 -3.38521 -1.17707 -2.77809 -2.11479 6.70831e+06 1.81705e+14 0.000133363 0.000727411 1.43337e-16 2.11766e-08 100371 0 0 1.44041e-11 0 0 0.0021263 0 0 0 0 0 0 5.42453e+11 5.42453e+11 5.42453e+11 5.42453e+11 
0.0845 -0.0801869 -3.38019 -1.17204 -2.77307 -2.11981 6.70984e+06 1.81695e+14 0.000133366 0.000727415 1.43373e-16 2.11756e-08 100376 0 0 1.44084e-11 0 0 0.0021263 0 0 0 0 0 0 5.42553e+11 5.42553e+11 5.42553e+11 5.42553e+11 
0.085 -0.0751679 -3.37517 -1.16702 -2.76805 -2.12483 6.71138e+06 1.81686e+14 0.000133369 0.000727419 1.4341e-16 2.11746e-08 100381 0 0 1.44128e-11 0 0 0.0021263 0 0 0 0 0 0 5.42654e+11 5.42654e+11 5.42654e+11 5.42654e+11 
0.0855 -0.0701488 -3.37015 -1.16199 -2.76303 -2.12985 6.71291e+06 1.81677e+14 0.000133373 0.000727422 1.43446e-16 2.11737e-08 100385 0 0 1.44171e-11 0 0 0.0021263 0 0 0 0 0 0 5.42754e+11 5.42754e+11 5.42754e+11 5.42754e+11 
0.086 -0.0651294 -3.36513 -1.15697 -2.75801 -2.13487 6.71444e+06 1.81667e+14 0.000133376 0.000727426 1.43482e-16 2.11727e-08 100390 0 0 1.44214e-11 0 0 0.0021263 0 0 0 0 0 0 5.42854e+11 5.42854e+11 5.42854e+11 5.42854e+11 
0.0865 -0.0601098 -3.36011 -1.15194 -2.75298 -2.13989 6.71597e+06 1.81658e+14 0.00013338 0.00072743 1.43519e-16 2.11717e-08 100395 0 0 1.44258e-11 0 0 0.0021263 0 0 0 0 0 0 5.42954e+11 5.42954e+11 5.42954e+11 5.42954e+11 
0.087 -0.0550899 -3.35509 -1.14691 -2.74796 -2.14491 6.71751e+06 1.81648e+14 0.000133383 0.000727434 1.43555e-16 2.11707e-08 100399 0 0 1.44301e-11 0 0 0.0021263 0 0 0 0 0 0 5.43055e+11 5.43055e+11 5.43055e+11 5.43055e+11 
0.0875 -0.0500698 -3.35007 -1.14189 -2.74294 -2.14993 6.71904e+06 1.81639e+14 0.000133386 0.000727437 1.43592e-16 2.11697e-08 100404 0 0 1.44344e-11 0 0 0.0021263 0 0 0 0 0 0 5.43155e+11 5.43155e+11 5.43155e+11 5.43155e+11 
0.088 -0.0450495 -3.34505 -1.13686 -2.73792 -2.15495 6.72057e+06 1.81629e+14 0.00013339 0.000727441 1.43628e-16 2.11687e-08 100409 0 0 1.44388e-11 0 0 0.0021263 0 0 0 0 0 0 5.43255e+11 5.43255e+11 5.43255e+11 5.43255e+11 
0.0885 -0.040029 -3.34003 -1.13184 -2.7329 -2.15997 6.72211e+06 1.8162e+14 0.000133393 0.000727445 1.43665e-16 2.11677e-08 100414 0 0 1.44431e-11 0 0 0.0021263 0 0 0 0 0 0 5.43356e+11 5.43356e+11 5.43356e+11 5.43356e+11 
0.089 -0.0350082 -3.33501 -1.12681 -2.72787 -2.16499 6.72364e+06 1.81611e+14 0.000133397 0.000727448 1.43701e-16 2.11667e-08 100418 0 0 1.44474e-11 0 0 0.0021263 0 0 0 0 0 0 5.43456e+11 5.43456e+11 5.43456e+11 5.43456e+11 
0.0895 -0.0299871 -3.32999 -1.12178 -2.72285 -2.17001 6.72517e+06 1.81601e+14 0.0001334 0.000727452 1.43738e-16 2.11657e-08 100423 0 0 1.44518e-11 0 0 0.0021263 0 0 0 0 0 0 5.43556e+11 5.43556e+11 5.43556e+11 5.43556e+11 
0.09 -0.0249659 -3.32497 -1.11675 -2.71783 -2.17503 6.72671e+06 1.81592e+14 0.000133404 0.000727456 1.43774e-16 2.11648e-08 100428 0 0 1.44561e-11 0 0 0.0021263 0 0 0 0 0 0 5.43657e+11 5.43657e+11 5.43657e+11 5.43657e+11 
0.0905 -0.0199444 -3.31994 -1.11173 -2.7128 -2.18006 6.72824e+06 1.81582e+14 0.000133407 0.00072746 1.43811e-16 2.11638e-08 100432 0 0 1.44605e-11 0 0 0.0021263 0 0 0 0 0 0 5.43757e+11 5.43757e+11 5.43757e+11 5.43757e+11 
0.091 -0.0149227 -3.31492 -1.1067 -2.70778 -2.18508 6.72978e+06 1.81573e+14 0.00013341 0.000727463 1.43847e-16 2.11628e-08 100437 0 0 1.44648e-11 0 0 0.0021263 0 0 0 0 0 0 5.43857e+11 5.43857e+11 5.43857e+11 5.43857e+11 
0.0915 -0.00990069 -3.3099 -1.10167 -2.70276 -2.1901 6.73131e+06 1.81564e+14 0.000133414 0.000727467 1.43883e-16 2.11618e-08 100442 0 0 1.44691e-11 0 0 0.0021263 0 0 0 0 0 0 5.43958e+11 5.43958e+11 5.43958e+11 5.43958e+11 
0.092 -0.00487849 -3.30488 -1.09664 -2.69773 -2.19512 6.73285e+06 1.81554e+14 0.000133417 0.000727471 1.4392e-16 2.11608e-08 100446 0 0 1.44735e-11 0 0 0.0021263 0 0 0 0 0 0 5.44058e+11 5.44058e+11 5.44058e+11 5.44058e+11 
0.0925 0.000143945 -3.29986 -1.09161 -2.69271 -2.20014 6.73438e+06 1.81545e+14 0.000133421 0.000727475 1.43956e-16 2.11598e-08 100451 0 0 1.44778e-11 0 0 0.0021263 0 0 0 0 0 0 5.44158e+11 5.44158e+11 5.44158e+11 5.44158e+11 
0.093 0.00516661 -3.29483 -1.08659 -2.68768 -2.20517 6.73591e+06 1.81535e+14 0.000133424 0.000727478 1.43993e-16 2.11588e-08 100456 0 0 1.44822e-11 0 0 0.0021263 0 0 0 0 0 0 5.44259e+11 5.44259e+11 5.44259e+11 5.44259e+11 
0.0935 0.0101895 -3.28981 -1.08156 -2.68266 -2.21019 6.73745e+06 1.81526e+14 0.000133427 0.000727482 1.44029e-16 2.11578e-08 100460 0 0 1.44865e-11 0 0 0.0021263 0 0 0 0 0 0 5.44359e+11 5.44359e+11 5.44359e+11 5.44359e+11 
0.094 0.0152127 -3.28479 -1.07653 -2.67763 -2.21521 6.73898e+06 1.81517e+14 0.000133431 0.000727486 1.44066e-16 2.11569e-08 100465 0 0 1.44909e-11 0 0 0.0021263 0 0 0 0 0 0 5.44459e+11 5.44459e+11 5.44459e+11 5.44459e+11 
0.0945 0.020236 -3.27976 -1.0715 -2.67261 -2.22024 6.74052e+06 1.81507e+14 0.000133434 0.000727489 1.44102e-16 2.11559e-08 100470 0 0 1.44952e-11 0 0 0.0021263 0 0 0 0 0 0 5.4456e+11 5.4456e+11 5.4456e+11 5.4456e+11 
0.095 0.0252596 -3.27474 -1.06647 -2.66758 -2.22526 6.74206e+06 1.81498e+14 0.000133438 0.000727493 1.44139e-16 2.11549e-08 100475 0 0 1.44996e-11 0 0 0.0021263 0 0 0 0 0 0 5.4466e+11 5.4466e+11 5.4466e+11 5.4466e+11 
0.0955 0.0302835 -3.26972 -1.06144 -2.66256 -2.23028 6.74359e+06 1.81488e+14 0.000133441 0.000727497 1.44176e-16 2.11539e-08 100479 0 0 1.45039e-11 0 0 0.0021263 0 0 0 0 0 0 5.4476e+11 5.4476e+11 5.4476e+11 5.4476e+11 
0.096 0.0353076 -3.26469 -1.05641 -2.65753 -2.23531 6.74513e+06 1.81479e+14 0.000133445 0.000727501 1.44212e-16 2.11529e-08 100484 0 0 1.45083e-11 0 0 0.0021263 0 0 0 0 0 0 5.44861e+11 5.44861e+11 5.44861e+11 5.44861e+11 
0.0965 0.0403319 -3.25967 -1.05138 -2.65251 -2.24033 6.74666e+06 1.8147e+14 0.000133448 0.000727504 1.44249e-16 2.11519e-08 100489 0 0 1.45126e-11 0 0 0.0021263 0 0 0 0 0 0 5.44961e+11 5.44961e+11 5.44961e+11 5.44961e+11 
0.097 0.0453564 -3.25464 -1.04635 -2.64748 -2.24536 6.7482e+06 1.8146e+14 0.000133451 0.000727508 1.44285e-16 2.11509e-08 100493 0 0 1.4517e-11 0 0 0.0021263 0 0 0 0 0 0 5.45062e+11 5.45062e+11 5.45062e+11 5.45062e+11 
0.0975 0.0503812 -3.24962 -1.04132 -2.64245 -2.25038 6.74973e+06 1.81451e+14 0.000133455 0.000727512 1.44322e-16 2.11499e-08 100498 0 0 1.45213e-11 0 0 0.0021263 0 0 0 0 0 0 5.45162e+11 5.45162e+11 5.45162e+11 5.45162e+11 
0.098 0.0554062 -3.24459 -1.03629 -2.63743 -2.25541 6.75127e+06 1.81441e+14 0.000133458 0.000727516 1.44358e-16 2.1149e-08 100503 0 0 1.45257e-11 0 0 0.0021263 0 0 0 0 0 0 5.45262e+11 5.45262e+11 5.45262e+11 5.45262e+11 
0.0985 0.0604315 -3.23957 -1.03126 -2.6324 -2.26043 6.75281e+06 1.81432e+14 0.000133462 0.000727519 1.44395e-16 2.1148e-08 100507 0 0 1.453e-11 0 0 0.0021263 0 0 0 0 0 0 5.45363e+11 5.45363e+11 5.45363e+11 5.45363e+11 
0.099 0.065457 -3.23454 -1.02622 -2.62737 -2.26546 6.75434e+06 1.81423e+14 0.000133465 0.000727523 1.44431e-16 2.1147e-08 100512 0 0 1.45344e-11 0 0 0.0021263 0 0 0 0 0 0 5.45463e+11 5.45463e+11 5.45463e+11 5.45463e+11 
0.0995 0.0704827 -3.22952 -1.02119 -2.62234 -2.27048 6.75588e+06 1.81413e+14 0.000133468 0.000727527 1.44468e-16 2.1146e-08 100517 0 0 1.45387e-11 0 0 0.0021263 0 0 0 0 0 0 5.45564e+11 5.45564e+11 5.45564e+11 5.45564e+11 
0.1 0.0755086 -3.22449 -1.01616 -2.61732 -2.27551 6.75742e+06 1.81404e+14 0.000133472 0.00072753 1.44504e-16 2.1145e-08 100521 0 0 1.45431e-11 0 0 0.0021263 0 0 0 0 0 0 5.45664e+11 5.45664e+11 5.45664e+11 5.45664e+11 
0.1005 0.0805348 -3.21947 -1.01113 -2.61229 -2.28053 6.75896e+06 1.81394e+14 0.000133475 0.000727534 1.44541e-16 2.1144e-08 100526 0 0 1.45474e-11 0 0 0.0021263 0 0 0 0 0 0 5.45764e+11 5.45764e+11 5.45764e+11 5.45764e+11 
0.101 0.0855612 -3.21444 -1.0061 -2.60726 -2.28556 6.76049e+06 1.81385e+14 0.000133479 0.000727538 1.44578e-16 2.1143e-08 100531 0 0 1.45518e-11 0 0 0.0021263 0 0 0 0 0 0 5.45865e+11 5.45865e+11 5.45865e+11 5.45865e+11 
0.1015 0.0905879 -3.20941 -1.00106 -2.60223 -2.29059 6.76203e+06 1.81376e+14 0.000133482 0.000727542 1.44614e-16 2.11421e-08 100535 0 0 1.45561e-11 0 0 0.0021263 0 0 0 0 0 0 5.45965e+11 5.45965e+11 5.45965e+11 5.45965e+11 
0.102 0.0956148 -3.20439 -0.99603 -2.5972 -2.29561 6.76357e+06 1.81366e+14 0.000133486 0.000727545 1.44651e-16 2.11411e-08 100540 0 0 1.45605e-11 0 0 0.0021263 0 0 0 0 0 0 5.46066e+11 5.46066e+11 5.46066e+11 5.46066e+11 
0.1025 0.100642 -3.19936 -0.990997 -2.59217 -2.30064 6.7651e+06 1.81357e+14 0.000133489 0.000727549 1.44687e-16 2.11401e-08 100545 0 0 1.45649e-11 0 0 0.0021263 0 0 0 0 0 0 5.46166e+11 5.46166e+11 5.46166e+11 5.46166e+11 
0.103 0.105669 -3.19433 -0.985964 -2.58715 -2.30567 6.76664e+06 1.81348e+14 0.000133492 0.000727553 1.44724e-16 2.11391e-08 100550 0 0 1.45692e-11 0 0 0.0021263 0 0 0 0 0 0 5.46267e+11 5.46267e+11 5.46267e+11 5.46267e+11 
0.1035 0.110697 -3.1893 -0.98093 -2.58212 -2.3107 6.76818e+06 1.81338e+14 0.000133496 0.000727557 1.44761e-16 2.11381e-08 100554 0 0 1.45736e-11 0 0 0.0021263 0 0 0 0 0 0 5.46367e+11 5.46367e+11 5.46367e+11 5.46367e+11 
0.104 0.115725 -3.18428 -0.975896 -2.57709 -2.31572 6.76972e+06 1.81329e+14 0.000133499 0.00072756 1.44797e-16 2.11371e-08 100559 0 0 1.4578e-11 0 0 0.0021263 0 0 0 0 0 0 5.46467e+11 5.46467e+11 5.46467e+11 5.46467e+11 
0.1045 0.120753 -3.17925 -0.970862 -2.57206 -2.32075 6.77126e+06 1.81319e+14 0.000133503 0.000727564 1.44834e-16 2.11362e-08 100564 0 0 1.45823e-11 0 0 0.0021263 0 0 0 0 0 0 5.46568e+11 5.46568e+11 5.46568e+11 5.46568e+11 
0.105 0.125781 -3.17422 -0.965828 -2.56703 -2.32578 6.7728e+06 1.8131e+14 0.000133506 0.000727568 1.4487e-16 2.11352e-08 100568 0 0 1.45867e-11 0 0 0.0021263 0 0 0 0 0 0 5.46668e+11 5.46668e+11 5.46668e+11 5.46668e+11 
0.1055 0.13081 -3.16919 -0.960793 -2.562 -2.33081 6.77433e+06 1.81301e+14 0.00013351 0.000727572 1.44907e-16 2.11342e-08 100573 0 0 1.4591e-11 0 0 0.0021263 0 0 0 0 0 0 5.46769e+11 5.46769e+11 5.46769e+11 5.46769e+11 
0.106 0.135838 -3.16416 -0.955759 -2.55697 -2.33584 6.77587e+06 1.81291e+14 0.000133513 0.000727575 1.44944e-16 2.11332e-08 100578 0 0 1.45954e-11 0 0 0.0021263 0 0 0 0 0 0 5.46869e+11 5.46869e+11 5.46869e+11 5.46869e+11 
0.1065 0.140867 -3.15913 -0.950724 -2.55193 -2.34087 6.77741e+06 1.81282e+14 0.000133516 0.000727579 1.4498e-16 2.11322e-08 100582 0 0 1.45998e-11 0 0 0.0021263 0 0 0 0 0 0 5.4697e+11 5.4697e+11 5.4697e+11 5.4697e+11 
0.107 0.145897 -3.1541 -0.945688 -2.5469 -2.3459 6.77895e+06 1.81273e+14 0.00013352 0.000727583 1.45017e-16 2.11312e-08 100587 0 0 1.46041e-11 0 0 0.0021263 0 0 0 0 0 0 5.4707e+11 5.4707e+11 5.4707e+11 5.4707e+11 
0.1075 0.150926 -3.14907 -0.940653 -2.54187 -2.35093 6.78049e+06 1.81263e+14 0.000133523 0.000727587 1.45054e-16 2.11303e-08 100592 0 0 1.46085e-11 0 0 0.0021263 0 0 0 0 0 0 5.47171e+11 5.47171e+11 5.47171e+11 5.47171e+11 
0.108 0.155956 -3.14404 -0.935617 -2.53684 -2.35596 6.78203e+06 1.81254e+14 0.000133527 0.00072759 1.4509e-16 2.11293e-08 100596 0 0 1.46129e-11 0 0 0.0021263 0 0 0 0 0 0 5.47271e+11 5.47271e+11 5.47271e+11 5.47271e+11 
0.1085 0.160986 -3.13901 -0.930581 -2.53181 -2.36099 6.78357e+06 1.81244e+14 0.00013353 0.000727594 1.45127e-16 2.11283e-08 100601 0 0 1.46172e-11 0 0 0.0021263 0 0 0 0 0 0 5.47372e+11 5.47372e+11 5.47372e+11 5.47372e+11 
0.109 0.166016 -3.13398 -0.925545 -2.52678 -2.36602 6.78511e+06 1.81235e+14 0.000133533 0.000727598 1.45164e-16 2.11273e-08 100606 0 0 1.46216e-11 0 0 0.0021263 0 0 0 0 0 0 5.47472e+11 5.47472e+11 5.47472e+11 5.47472e+11 
0.1095 0.171046 -3.12895 -0.920509 -2.52174 -2.37105 6.78665e+06 1.81226e+14 0.000133537 0.000727602 1.452e-16 2.11263e-08 100610 0 0 1.4626e-11 0 0 0.0021263 0 0 0 0 0 0 5.47573e+11 5.47573e+11 5.47573e+11 5.47573e+11 
0.11 0.176077 -3.12392 -0.915472 -2.51671 -2.37608 6.78819e+06 1.81216e+14 0.00013354 0.000727605 1.45237e-16 2.11253e-08 100615 0 0 1.46304e-11 0 0 0.0021263 0 0 0 0 0 0 5.47673e+11 5.47673e+11 5.47673e+11 5.47673e+11 
0.1105 0.181108 -3.11889 -0.910435 -2.51168 -2.38111 6.78973e+06 1.81207e+14 0.000133544 0.000727609 1.45274e-16 2.11244e-08 100620 0 0 1.46347e-11 0 0 0.0021263 0 0 0 0 0 0 5.47774e+11 5.47774e+11 5.47774e+11 5.47774e+11 
0.111 0.186139 -3.11386 -0.905398 -2.50665 -2.38614 6.79127e+06 1.81198e+14 0.000133547 0.000727613 1.4531e-16 2.11234e-08 100625 0 0 1.46391e-11 0 0 0.0021263 0 0 0 0 0 0 5.47874e+11 5.47874e+11 5.47874e+11 5.47874e+11 
0.1115 0.19117 -3.10883 -0.900361 -2.50161 -2.39117 6.79281e+06 1.81188e+14 0.000133551 0.000727617 1.45347e-16 2.11224e-08 100629 0 0 1.46435e-11 0 0 0.0021263 0 0 0 0 0 0 5.47975e+11 5.47975e+11 5.47975e+11 5.47975e+11 
0.112 0.196202 -3.1038 -0.895324 -2.49658 -2.3962 6.79435e+06 1.81179e+14 0.000133554 0.00072762 1.45384e-16 2.11214e-08 100634 0 0 1.46478e-11 0 0 0.0021263 0 0 0 0 0 0 5.48075e+11 5.48075e+11 5.48075e+11 5.48075e+11 
0.1125 0.201234 -3.09877 -0.890286 -2.49155 -2.40123 6.79589e+06 1.8117e+14 0.000133557 0.000727624 1.4542e-16 2.11204e-08 100639 0 0 1.46522e-11 0 0 0.0021263 0 0 0 0 0 0 5.48176e+11 5.48176e+11 5.48176e+11 5.48176e+11 
0.113 0.206266 -3.09373 -0.885248 -2.48651 -2.40627 6.79743e+06 1.8116e+14 0.000133561 0.000727628 1.45457e-16 2.11194e-08 100643 0 0 1.46566e-11 0 0 0.0021263 0 0 0 0 0 0 5.48276e+11 5.48276e+11 5.48276e+11 5.48276e+11 
0.1135 0.211298 -3.0887 -0.88021 -2.48148 -2.4113 6.79897e+06 1.81151e+14 0.000133564 0.000727632 1.45494e-16 2.11185e-08 100648 0 0 1.4661e-11 0 0 0.0021263 0 0 0 0 0 0 5.48377e+11 5.48377e+11 5.48377e+11 5.48377e+11 
0.114 0.21633 -3.08367 -0.875171 -2.47644 -2.41633 6.80051e+06 1.81141e+14 0.000133568 0.000727635 1.4553e-16 2.11175e-08 100653 0 0 1.46654e-11 0 0 0.0021263 0 0 0 0 0 0 5.48477e+11 5.48477e+11 5.48477e+11 5.48477e+11 
0.1145 0.221363 -3.07864 -0.870132 -2.47141 -2.42136 6.80205e+06 1.81132e+14 0.000133571 0.000727639 1.45567e-16 2.11165e-08 100657 0 0 1.46697e-11 0 0 0.0021263 0 0 0 0 0 0 5.48578e+11 5.48578e+11 5.48578e+11 5.48578e+11 
0.115 0.226396 -3.0736 -0.865093 -2.46637 -2.4264 6.8036e+06 1.81123e+14 0.000133574 0.000727643 1.45604e-16 2.11155e-08 100662 0 0 1.46741e-11 0 0 0.0021263 0 0 0 0 0 0 5.48678e+11 5.48678e+11 5.48678e+11 5.48678e+11 
0.1155 0.231429 -3.06857 -0.860054 -2.46134 -2.43143 6.80514e+06 1.81113e+14 0.000133578 0.000727647 1.4564e-16 2.11145e-08 100667 0 0 1.46785e-11 0 0 0.0021263 0 0 0 0 0 0 5.48779e+11 5.48779e+11 5.48779e+11 5.48779e+11 
0.116 0.236463 -3.06354 -0.855015 -2.4563 -2.43646 6.80668e+06 1.81104e+14 0.000133581 0.00072765 1.45677e-16 2.11136e-08 100671 0 0 1.46829e-11 0 0 0.0021263 0 0 0 0 0 0 5.4888e+11 5.4888e+11 5.4888e+11 5.4888e+11 
0.1165 0.241497 -3.0585 -0.849975 -2.45127 -2.4415 6.80822e+06 1.81095e+14 0.000133585 0.000727654 1.45714e-16 2.11126e-08 100676 0 0 1.46873e-11 0 0 0.0021263 0 0 0 0 0 0 5.4898e+11 5.4898e+11 5.4898e+11 5.4898e+11 
0.117 0.24653 -3.05347 -0.844935 -2.44623 -2.44653 6.80976e+06 1.81085e+14 0.000133588 0.000727658 1.45751e-16 2.11116e-08 100681 0 0 1.46916e-11 0 0 0.0021263 0 0 0 0 0 0 5.49081e+11 5.49081e+11 5.49081e+11 5.49081e+11 
0.1175 0.251565 -3.04844 -0.839895 -2.4412 -2.45156 6.8113e+06 1.81076e+14 0.000133592 0.000727662 1.45787e-16 2.11106e-08 100685 0 0 1.4696e-11 0 0 0.0021263 0 0 0 0 0 0 5.49181e+11 5.49181e+11 5.49181e+11 5.49181e+11 
0.118 0.256599 -3.0434 -0.834855 -2.43616 -2.4566 6.81285e+06 1.81067e+14 0.000133595 0.000727665 1.45824e-16 2.11096e-08 100690 0 0 1.47004e-11 0 0 0.0021263 0 0 0 0 0 0 5.49282e+11 5.49282e+11 5.49282e+11 5.49282e+11 
0.1185 0.261634 -3.03837 -0.829814 -2.43112 -2.46163 6.81439e+06 1.81057e+14 0.000133598 0.000727669 1.45861e-16 2.11087e-08 100695 0 0 1.47048e-11 0 0 0.0021263 0 0 0 0 0 0 5.49382e+11 5.49382e+11 5.49382e+11 5.49382e+11 
0.119 0.266669 -3.03333 -0.824773 -2.42609 -2.46667 6.81593e+06 1.81048e+14 0.000133602 0.000727673 1.45898e-16 2.11077e-08 100699 0 0 1.47092e-11 0 0 0.0021263 0 0 0 0 0 0 5.49483e+11 5.49483e+11 5.49483e+11 5.49483e+11 
0.1195 0.271704 -3.0283 -0.819732 -2.42105 -2.4717 6.81747e+06 1.81039e+14 0.000133605 0.000727677 1.45934e-16 2.11067e-08 100704 0 0 1.47136e-11 0 0 0.0021263 0 0 0 0 0 0 5.49584e+11 5.49584e+11 5.49584e+11 5.49584e+11 
0.12 0.276739 -3.02326 -0.814691 -2.41601 -2.47674 6.81902e+06 1.81029e+14 0.000133609 0.000727681 1.45971e-16 2.11057e-08 100709 0 0 1.4718e-11 0 0 0.0021263 0 0 0 0 0 0 5.49684e+11 5.49684e+11 5.49684e+11 5.49684e+11 
0.1205 0.281774 -3.01823 -0.80965 -2.41098 -2.48177 6.82056e+06 1.8102e+14 0.000133612 0.000727684 1.46008e-16 2.11047e-08 100713 0 0 1.47223e-11 0 0 0.0021263 0 0 0 0 0 0 5.49785e+11 5.49785e+11 5.49785e+11 5.49785e+11 
0.121 0.28681 -3.01319 -0.804608 -2.40594 -2.48681 6.8221e+06 1.81011e+14 0.000133616 0.000727688 1.46045e-16 2.11038e-08 100718 0 0 1.47267e-11 0 0 0.0021263 0 0 0 0 0 0 5.49885e+11 5.49885e+11 5.49885e+11 5.49885e+11 
0.1215 0.291846 -3.00815 -0.799566 -2.4009 -2.49185 6.82365e+06 1.81001e+14 0.000133619 0.000727692 1.46081e-16 2.11028e-08 100723 0 0 1.47311e-11 0 0 0.0021263 0 0 0 0 0 0 5.49986e+11 5.49986e+11 5.49986e+11 5.49986e+11 
0.122 0.296883 -3.00312 -0.794524 -2.39586 -2.49688 6.82519e+06 1.80992e+14 0.000133622 0.000727696 1.46118e-16 2.11018e-08 100728 0 0 1.47355e-11 0 0 0.0021263 0 0 0 0 0 0 5.50087e+11 5.50087e+11 5.50087e+11 5.50087e+11 
0.1225 0.301919 -2.99808 -0.789481 -2.39082 -2.50192 6.82673e+06 1.80983e+14 0.000133626 0.000727699 1.46155e-16 2.11008e-08 100732 0 0 1.47399e-11 0 0 0.0021263 0 0 0 0 0 0 5.50187e+11 5.50187e+11 5.50187e+11 5.50187e+11 
0.123 0.306956 -2.99304 -0.784439 -2.38579 -2.50696 6.82828e+06 1.80973e+14 0.000133629 0.000727703 1.46192e-16 2.10998e-08 100737 0 0 1.47443e-11 0 0 0.0021263 0 0 0 0 0 0 5.50288e+11 5.50288e+11 5.50288e+11 5.50288e+11 
0.1235 0.311993 -2.98801 -0.779396 -2.38075 -2.51199 6.82982e+06 1.80964e+14 0.000133633 0.000727707 1.46229e-16 2.10989e-08 100742 0 0 1.47487e-11 0 0 0.0021263 0 0 0 0 0 0 5.50389e+11 5.50389e+11 5.50389e+11 5.50389e+11 
0.124 0.31703 -2.98297 -0.774353 -2.37571 -2.51703 6.83137e+06 1.80955e+14 0.000133636 0.000727711 1.46265e-16 2.10979e-08 100746 0 0 1.47531e-11 0 0 0.0021263 0 0 0 0 0 0 5.50489e+11 5.50489e+11 5.50489e+11 5.50489e+11 
0.1245 0.322067 -2.97793 -0.769309 -2.37067 -2.52207 6.83291e+06 1.80945e+14 0.000133639 0.000727715 1.46302e-16 2.10969e-08 100751 0 0 1.47575e-11 0 0 0.0021263 0 0 0 0 0 0 5.5059e+11 5.5059e+11 5.5059e+11 5.5059e+11 
0.125 0.327105 -2.97289 -0.764266 -2.36563 -2.52711 6.83445e+06 1.80936e+14 0.000133643 0.000727718 1.46339e-16 2.10959e-08 100756 0 0 1.47619e-11 0 0 0.0021263 0 0 0 0 0 0 5.5069e+11 5.5069e+11 5.5069e+11 5.5069e+11 
0.1255 0.332143 -2.96786 -0.759222 -2.36059 -2.53214 6.836e+06 1.80927e+14 0.000133646 0.000727722 1.46376e-16 2.10949e-08 100760 0 0 1.47663e-11 0 0 0.0021263 0 0 0 0 0 0 5.50791e+11 5.50791e+11 5.50791e+11 5.50791e+11 
0.126 0.337181 -2.96282 -0.754178 -2.35555 -2.53718 6.83754e+06 1.80917e+14 0.00013365 0.000727726 1.46413e-16 2.1094e-08 100765 0 0 1.47707e-11 0 0 0.0021263 0 0 0 0 0 0 5.50892e+11 5.50892e+11 5.50892e+11 5.50892e+11 
0.1265 0.342219 -2.95778 -0.749133 -2.35051 -2.54222 6.83909e+06 1.80908e+14 0.000133653 0.00072773 1.4645e-16 2.1093e-08 100770 0 0 1.47751e-11 0 0 0.0021263 0 0 0 0 0 0 5.50992e+11 5.50992e+11 5.50992e+11 5.50992e+11 
0.127 0.347258 -2.95274 -0.744089 -2.34547 -2.54726 6.84063e+06 1.80899e+14 0.000133657 0.000727733 1.46486e-16 2.1092e-08 100774 0 0 1.47795e-11 0 0 0.0021263 0 0 0 0 0 0 5.51093e+11 5.51093e+11 5.51093e+11 5.51093e+11 
0.1275 0.352297 -2.9477 -0.739044 -2.34043 -2.5523 6.84218e+06 1.80889e+14 0.00013366 0.000727737 1.46523e-16 2.1091e-08 100779 0 0 1.47839e-11 0 0 0.0021263 0 0 0 0 0 0 5.51194e+11 5.51194e+11 5.51194e+11 5.51194e+11 
0.128 0.357336 -2.94266 -0.733999 -2.33539 -2.55734 6.84372e+06 1.8088e+14 0.000133663 0.000727741 1.4656e-16 2.10901e-08 100784 0 0 1.47883e-11 0 0 0.0021263 0 0 0 0 0 0 5.51294e+11 5.51294e+11 5.51294e+11 5.51294e+11 
0.1285 0.362375 -2.93762 -0.728954 -2.33035 -2.56238 6.84527e+06 1.80871e+14 0.000133667 0.000727745 1.46597e-16 2.10891e-08 100788 0 0 1.47927e-11 0 0 0.0021263 0 0 0 0 0 0 5.51395e+11 5.51395e+11 5.51395e+11 5.51395e+11 
0.129 0.367415 -2.93259 -0.723908 -2.32531 -2.56741 6.84681e+06 1.80861e+14 0.00013367 0.000727749 1.46634e-16 2.10881e-08 100793 0 0 1.47971e-11 0 0 0.0021263 0 0 0 0 0 0 5.51496e+11 5.51496e+11 5.51496e+11 5.51496e+11 
0.1295 0.372454 -2.92755 -0.718863 -2.32026 -2.57245 6.84836e+06 1.80852e+14 0.000133674 0.000727752 1.46671e-16 2.10871e-08 100798 0 0 1.48015e-11 0 0 0.0021263 0 0 0 0 0 0 5.51596e+11 5.51596e+11 5.51596e+11 5.51596e+11 
0.13 0.377494 -2.92251 -0.713817 -2.31522 -2.57749 6.84991e+06 1.80843e+14 0.000133677 0.000727756 1.46707e-16 2.10861e-08 100802 0 0 1.48059e-11 0 0 0.0021263 0 0 0 0 0 0 5.51697e+11 5.51697e+11 5.51697e+11 5.51697e+11 
0.1305 0.382535 -2.91747 -0.708771 -2.31018 -2.58253 6.85145e+06 1.80833e+14 0.000133681 0.00072776 1.46744e-16 2.10852e-08 100807 0 0 1.48103e-11 0 0 0.0021263 0 0 0 0 0 0 5.51798e+11 5.51798e+11 5.51798e+11 5.51798e+11 
0.131 0.387575 -2.91242 -0.703724 -2.30514 -2.58758 6.853e+06 1.80824e+14 0.000133684 0.000727764 1.46781e-16 2.10842e-08 100812 0 0 1.48147e-11 0 0 0.0021263 0 0 0 0 0 0 5.51899e+11 5.51899e+11 5.51899e+11 5.51899e+11 
0.1315 0.392616 -2.90738 -0.698678 -2.3001 -2.59262 6.85454e+06 1.80815e+14 0.000133687 0.000727767 1.46818e-16 2.10832e-08 100816 0 0 1.48191e-11 0 0 0.0021263 0 0 0 0 0 0 5.51999e+11 5.51999e+11 5.51999e+11 5.51999e+11 
0.132 0.397657 -2.90234 -0.693631 -2.29505 -2.59766 6.85609e+06 1.80805e+14 0.000133691 0.000727771 1.46855e-16 2.10822e-08 100821 0 0 1.48235e-11 0 0 0.0021263 0 0 0 0 0 0 5.521e+11 5.521e+11 5.521e+11 5.521e+11 
0.1325 0.402698 -2.8973 -0.688584 -2.29001 -2.6027 6.85764e+06 1.80796e+14 0.000133694 0.000727775 1.46892e-16 2.10813e-08 100826 0 0 1.48279e-11 0 0 0.0021263 0 0 0 0 0 0 5.52201e+11 5.52201e+11 5.52201e+11 5.52201e+11 
0.133 0.407739 -2.89226 -0.683536 -2.28497 -2.60774 6.85918e+06 1.80787e+14 0.000133698 0.000727779 1.46929e-16 2.10803e-08 100830 0 0 1.48323e-11 0 0 0.0021263 0 0 0 0 0 0 5.52301e+11 5.52301e+11 5.52301e+11 5.52301e+11 
0.1335 0.412781 -2.88722 -0.678489 -2.27992 -2.61278 6.86073e+06 1.80777e+14 0.000133701 0.000727783 1.46966e-16 2.10793e-08 100835 0 0 1.48367e-11 0 0 0.0021263 0 0 0 0 0 0 5.52402e+11 5.52402e+11 5.52402e+11 5.52402e+11 
0.134 0.417823 -2.88218 -0.673441 -2.27488 -2.61782 6.86228e+06 1.80768e+14 0.000133704 0.000727786 1.47003e-16 2.10783e-08 100840 0 0 1.48411e-11 0 0 0.0021263 0 0 0 0 0 0 5.52503e+11 5.52503e+11 5.52503e+11 5.52503e+11 
0.1345 0.422865 -2.87713 -0.668393 -2.26984 -2.62287 6.86383e+06 1.80759e+14 0.000133708 0.00072779 1.47039e-16 2.10774e-08 100844 0 0 1.48455e-11 0 0 0.0021263 0 0 0 0 0 0 5.52604e+11 5.52604e+11 5.52604e+11 5.52604e+11 
0.135 0.427907 -2.87209 -0.663345 -2.26479 -2.62791 6.86537e+06 1.8075e+14 0.000133711 0.000727794 1.47076e-16 2.10764e-08 100849 0 0 1.48499e-11 0 0 0.0021263 0 0 0 0 0 0 5.52704e+11 5.52704e+11 5.52704e+11 5.52704e+11 
0.1355 0.43295 -2.86705 -0.658296 -2.25975 -2.63295 6.86692e+06 1.8074e+14 0.000133715 0.000727798 1.47113e-16 2.10754e-08 100854 0 0 1.48544e-11 0 0 0.0021263 0 0 0 0 0 0 5.52805e+11 5.52805e+11 5.52805e+11 5.52805e+11 
0.136 0.437993 -2.86201 -0.653247 -2.2547 -2.63799 6.86847e+06 1.80731e+14 0.000133718 0.000727802 1.4715e-16 2.10744e-08 100858 0 0 1.48588e-11 0 0 0.0021263 0 0 0 0 0 0 5.52906e+11 5.52906e+11 5.52906e+11 5.52906e+11 
0.1365 0.443036 -2.85696 -0.648198 -2.24966 -2.64304 6.87002e+06 1.80722e+14 0.000133722 0.000727805 1.47187e-16 2.10735e-08 100863 0 0 1.48632e-11 0 0 0.0021263 0 0 0 0 0 0 5.53007e+11 5.53007e+11 5.53007e+11 5.53007e+11 
0.137 0.448079 -2.85192 -0.643149 -2.24461 -2.64808 6.87156e+06 1.80712e+14 0.000133725 0.000727809 1.47224e-16 2.10725e-08 100868 0 0 1.48676e-11 0 0 0.0021263 0 0 0 0 0 0 5.53107e+11 5.53107e+11 5.53107e+11 5.53107e+11 
0.1375 0.453123 -2.84688 -0.6381 -2.23957 -2.65312 6.87311e+06 1.80703e+14 0.000133728 0.000727813 1.47261e-16 2.10715e-08 100872 0 0 1.4872e-11 0 0 0.0021263 0 0 0 0 0 0 5.53208e+11 5.53208e+11 5.53208e+11 5.53208e+11 
0.138 0.458166 -2.84183 -0.63305 -2.23452 -2.65817 6.87466e+06 1.80694e+14 0.000133732 0.000727817 1.47298e-16 2.10705e-08 100877 0 0 1.48764e-11 0 0 0.0021263 0 0 0 0 0 0 5.53309e+11 5.53309e+11 5.53309e+11 5.53309e+11 
0.1385 0.46321 -2.83679 -0.628 -2.22948 -2.66321 6.87621e+06 1.80684e+14 0.000133735 0.000727821 1.47335e-16 2.10696e-08 100882 0 0 1.48809e-11 0 0 0.0021263 0 0 0 0 0 0 5.5341e+11 5.5341e+11 5.5341e+11 5.5341e+11 
0.139 0.468254 -2.83175 -0.62295 -2.22443 -2.66825 6.87776e+06 1.80675e+14 0.000133739 0.000727824 1.47372e-16 2.10686e-08 100886 0 0 1.48853e-11 0 0 0.0021263 0 0 0 0 0 0 5.5351e+11 5.5351e+11 5.5351e+11 5.5351e+11 
0.1395 0.473299 -2.8267 -0.6179 -2.21938 -2.6733 6.87931e+06 1.80666e+14 0.000133742 0.000727828 1.47409e-16 2.10676e-08 100891 0 0 1.48897e-11 0 0 0.0021263 0 0 0 0 0 0 5.53611e+11 5.53611e+11 5.53611e+11 5.53611e+11 
0.14 0.478344 -2.82166 -0.612849 -2.21434 -2.67834 6.88085e+06 1.80656e+14 0.000133746 0.000727832 1.47446e-16 2.10666e-08 100896 0 0 1.48941e-11 0 0 0.0021263 0 0 0 0 0 0 5.53712e+11 5.53712e+11 5.53712e+11 5.53712e+11 
0.1405 0.483388 -2.81661 -0.607798 -2.20929 -2.68339 6.8824e+06 1.80647e+14 0.000133749 0.000727836 1.47483e-16 2.10657e-08 100900 0 0 1.48985e-11 0 0 0.0021263 0 0 0 0 0 0 5.53813e+11 5.53813e+11 5.53813e+11 5.53813e+11 
0.141 0.488434 -2.81157 -0.602747 -2.20424 -2.68843 6.88395e+06 1.80638e+14 0.000133752 0.00072784 1.4752e-16 2.10647e-08 100905 0 0 1.49029e-11 0 0 0.0021263 0 0 0 0 0 0 5.53913e+11 5.53913e+11 5.53913e+11 5.53913e+11 
0.1415 0.493479 -2.80652 -0.597696 -2.1992 -2.69348 6.8855e+06 1.80629e+14 0.000133756 0.000727843 1.47557e-16 2.10637e-08 100910 0 0 1.49074e-11 0 0 0.0021263 0 0 0 0 0 0 5.54014e+11 5.54014e+11 5.54014e+11 5.54014e+11 
0.142 0.498525 -2.80148 -0.592644 -2.19415 -2.69852 6.88705e+06 1.80619e+14 0.000133759 0.000727847 1.47594e-16 2.10627e-08 100914 0 0 1.49118e-11 0 0 0.0021263 0 0 0 0 0 0 5.54115e+11 5.54115e+11 5.54115e+11 5.54115e+11 
0.1425 0.50357 -2.79643 -0.587593 -2.1891 -2.70357 6.8886e+06 1.8061e+14 0.000133763 0.000727851 1.47631e-16 2.10618e-08 100919 0 0 1.49162e-11 0 0 0.0021263 0 0 0 0 0 0 5.54216e+11 5.54216e+11 5.54216e+11 5.54216e+11 
0.143 0.508617 -2.79138 -0.582541 -2.18405 -2.70862 6.89015e+06 1.80601e+14 0.000133766 0.000727855 1.47668e-16 2.10608e-08 100924 0 0 1.49206e-11 0 0 0.0021263 0 0 0 0 0 0 5.54317e+11 5.54317e+11 5.54317e+11 5.54317e+11 
0.1435 0.513663 -2.78634 -0.577488 -2.179 -2.71366 6.8917e+06 1.80591e+14 0.000133769 0.000727859 1.47705e-16 2.10598e-08 100928 0 0 1.49251e-11 0 0 0.0021263 0 0 0 0 0 0 5.54418e+11 5.54418e+11 5.54418e+11 5.54418e+11 
0.144 0.518709 -2.78129 -0.572436 -2.17396 -2.71871 6.89325e+06 1.80582e+14 0.000133773 0.000727862 1.47742e-16 2.10588e-08 100933 0 0 1.49295e-11 0 0 0.0021263 0 0 0 0 0 0 5.54518e+11 5.54518e+11 5.54518e+11 5.54518e+11 
0.1445 0.523756 -2.77624 -0.567383 -2.16891 -2.72376 6.8948e+06 1.80573e+14 0.000133776 0.000727866 1.47779e-16 2.10579e-08 100938 0 0 1.49339e-11 0 0 0.0021263 0 0 0 0 0 0 5.54619e+11 5.54619e+11 5.54619e+11 5.54619e+11 
0.145 0.528803 -2.7712 -0.56233 -2.16386 -2.7288 6.89635e+06 1.80564e+14 0.00013378 0.00072787 1.47816e-16 2.10569e-08 100942 0 0 1.49383e-11 0 0 0.0021263 0 0 0 0 0 0 5.5472e+11 5.5472e+11 5.5472e+11 5.5472e+11 
0.1455 0.53385 -2.76615 -0.557277 -2.15881 -2.73385 6.8979e+06 1.80554e+14 0.000133783 0.000727874 1.47853e-16 2.10559e-08 100947 0 0 1.49428e-11 0 0 0.0021263 0 0 0 0 0 0 5.54821e+11 5.54821e+11 5.54821e+11 5.54821e+11 
0.146 0.538898 -2.7611 -0.552224 -2.15376 -2.7389 6.89945e+06 1.80545e+14 0.000133787 0.000727878 1.4789e-16 2.1055e-08 100952 0 0 1.49472e-11 0 0 0.0021263 0 0 0 0 0 0 5.54922e+11 5.54922e+11 5.54922e+11 5.54922e+11 
0.1465 0.543946 -2.75605 -0.54717 -2.14871 -2.74395 6.901e+06 1.80536e+14 0.00013379 0.000727882 1.47927e-16 2.1054e-08 100956 0 0 1.49516e-11 0 0 0.0021263 0 0 0 0 0 0 5.55022e+11 5.55022e+11 5.55022e+11 5.55022e+11 
0.147 0.548994 -2.75101 -0.542116 -2.14366 -2.74899 6.90255e+06 1.80526e+14 0.000133793 0.000727885 1.47964e-16 2.1053e-08 100961 0 0 1.49561e-11 0 0 0.0021263 0 0 0 0 0 0 5.55123e+11 5.55123e+11 5.55123e+11 5.55123e+11 
0.1475 0.554042 -2.74596 -0.537062 -2.13861 -2.75404 6.9041e+06 1.80517e+14 0.000133797 0.000727889 1.48001e-16 2.1052e-08 100966 0 0 1.49605e-11 0 0 0.0021263 0 0 0 0 0 0 5.55224e+11 5.55224e+11 5.55224e+11 5.55224e+11 
0.148 0.55909 -2.74091 -0.532008 -2.13356 -2.75909 6.90565e+06 1.80508e+14 0.0001338 0.000727893 1.48038e-16 2.10511e-08 100970 0 0 1.49649e-11 0 0 0.0021263 0 0 0 0 0 0 5.55325e+11 5.55325e+11 5.55325e+11 5.55325e+11 
0.1485 0.564139 -2.73586 -0.526953 -2.12851 -2.76414 6.90721e+06 1.80499e+14 0.000133804 0.000727897 1.48075e-16 2.10501e-08 100975 0 0 1.49694e-11 0 0 0.0021263 0 0 0 0 0 0 5.55426e+11 5.55426e+11 5.55426e+11 5.55426e+11 
0.149 0.569188 -2.73081 -0.521899 -2.12346 -2.76919 6.90876e+06 1.80489e+14 0.000133807 0.000727901 1.48112e-16 2.10491e-08 100980 0 0 1.49738e-11 0 0 0.0021263 0 0 0 0 0 0 5.55527e+11 5.55527e+11 5.55527e+11 5.55527e+11 
0.1495 0.574237 -2.72576 -0.516844 -2.11841 -2.77424 6.91031e+06 1.8048e+14 0.000133811 0.000727904 1.48149e-16 2.10481e-08 100984 0 0 1.49782e-11 0 0 0.0021263 0 0 0 0 0 0 5.55628e+11 5.55628e+11 5.55628e+11 5.55628e+11 
0.15 0.579286 -2.72071 -0.511788 -2.11336 -2.77929 6.91186e+06 1.80471e+14 0.000133814 0.000727908 1.48186e-16 2.10472e-08 100989 0 0 1.49827e-11 0 0 0.0021263 0 0 0 0 0 0 5.55728e+11 5.55728e+11 5.55728e+11 5.55728e+11 
0.1505 0.584336 -2.71566 -0.506733 -2.10831 -2.78434 6.91341e+06 1.80461e+14 0.000133817 0.000727912 1.48223e-16 2.10462e-08 100994 0 0 1.49871e-11 0 0 0.0021263 0 0 0 0 0 0 5.55829e+11 5.55829e+11 5.55829e+11 5.55829e+11 
0.151 0.589385 -2.71061 -0.501677 -2.10326 -2.78939 6.91497e+06 1.80452e+14 0.000133821 0.000727916 1.4826e-16 2.10452e-08 100998 0 0 1.49915e-11 0 0 0.0021263 0 0 0 0 0 0 5.5593e+11 5.5593e+11 5.5593e+11 5.5593e+11 
0.1515 0.594435 -2.70556 -0.496621 -2.0982 -2.79444 6.91652e+06 1.80443e+14 0.000133824 0.00072792 1.48297e-16 2.10443e-08 101003 0 0 1.4996e-11 0 0 0.0021263 0 0 0 0 0 0 5.56031e+11 5.56031e+11 5.56031e+11 5.56031e+11 
0.152 0.599486 -2.70051 -0.491565 -2.09315 -2.79949 6.91807e+06 1.80434e+14 0.000133828 0.000727924 1.48334e-16 2.10433e-08 101008 0 0 1.50004e-11 0 0 0.0021263 0 0 0 0 0 0 5.56132e+11 5.56132e+11 5.56132e+11 5.56132e+11 
0.1525 0.604536 -2.69546 -0.486509 -2.0881 -2.80454 6.91962e+06 1.80424e+14 0.000133831 0.000727927 1.48371e-16 2.10423e-08 101012 0 0 1.50049e-11 0 0 0.0021263 0 0 0 0 0 0 5.56233e+11 5.56233e+11 5.56233e+11 5.56233e+11 
0.153 0.609587 -2.69041 -0.481452 -2.08305 -2.80959 6.92117e+06 1.80415e+14 0.000133834 0.000727931 1.48408e-16 2.10413e-08 101017 0 0 1.50093e-11 0 0 0.0021263 0 0 0 0 0 0 5.56334e+11 5.56334e+11 5.56334e+11 5.56334e+11 
0.1535 0.614638 -2.68536 -0.476395 -2.07799 -2.81464 6.92273e+06 1.80406e+14 0.000133838 0.000727935 1.48445e-16 2.10404e-08 101022 0 0 1.50137e-11 0 0 0.0021263 0 0 0 0 0 0 5.56435e+11 5.56435e+11 5.56435e+11 5.56435e+11 
0.154 0.619689 -2.68031 -0.471338 -2.07294 -2.81969 6.92428e+06 1.80397e+14 0.000133841 0.000727939 1.48483e-16 2.10394e-08 101026 0 0 1.50182e-11 0 0 0.0021263 0 0 0 0 0 0 5.56536e+11 5.56536e+11 5.56536e+11 5.56536e+11 
0.1545 0.624741 -2.67526 -0.466281 -2.06789 -2.82474 6.92583e+06 1.80387e+14 0.000133845 0.000727943 1.4852e-16 2.10384e-08 101031 0 0 1.50226e-11 0 0 0.0021263 0 0 0 0 0 0 5.56637e+11 5.56637e+11 5.56637e+11 5.56637e+11 
0.155 0.629792 -2.67021 -0.461223 -2.06283 -2.82979 6.92739e+06 1.80378e+14 0.000133848 0.000727946 1.48557e-16 2.10375e-08 101036 0 0 1.50271e-11 0 0 0.0021263 0 0 0 0 0 0 5.56737e+11 5.56737e+11 5.56737e+11 5.56737e+11 
0.1555 0.634844 -2.66516 -0.456165 -2.05778 -2.83484 6.92894e+06 1.80369e+14 0.000133852 0.00072795 1.48594e-16 2.10365e-08 101040 0 0 1.50315e-11 0 0 0.0021263 0 0 0 0 0 0 5.56838e+11 5.56838e+11 5.56838e+11 5.56838e+11 
0.156 0.639896 -2.6601 -0.451107 -2.05273 -2.8399 6.93049e+06 1.8036e+14 0.000133855 0.000727954 1.48631e-16 2.10355e-08 101045 0 0 1.5036e-11 0 0 0.0021263 0 0 0 0 0 0 5.56939e+11 5.56939e+11 5.56939e+11 5.56939e+11 
0.1565 0.644949 -2.65505 -0.446049 -2.04767 -2.84495 6.93205e+06 1.8035e+14 0.000133858 0.000727958 1.48668e-16 2.10346e-08 101050 0 0 1.50404e-11 0 0 0.0021263 0 0 0 0 0 0 5.5704e+11 5.5704e+11 5.5704e+11 5.5704e+11 
0.157 0.650001 -2.65 -0.440991 -2.04262 -2.85 6.9336e+06 1.80341e+14 0.000133862 0.000727962 1.48705e-16 2.10336e-08 101054 0 0 1.50449e-11 0 0 0.0021263 0 0 0 0 0 0 5.57141e+11 5.57141e+11 5.57141e+11 5.57141e+11 
0.1575 0.655054 -2.64495 -0.435932 -2.03756 -2.85505 6.93516e+06 1.80332e+14 0.000133865 0.000727966 1.48742e-16 2.10326e-08 101059 0 0 1.50493e-11 0 0 0.0021263 0 0 0 0 0 0 5.57242e+11 5.57242e+11 5.57242e+11 5.57242e+11 
0.158 0.660107 -2.63989 -0.430873 -2.03251 -2.86011 6.93671e+06 1.80322e+14 0.000133869 0.000727969 1.4878e-16 2.10316e-08 101064 0 0 1.50537e-11 0 0 0.0021263 0 0 0 0 0 0 5.57343e+11 5.57343e+11 5.57343e+11 5.57343e+11 
0.1585 0.665161 -2.63484 -0.425814 -2.02745 -2.86516 6.93826e+06 1.80313e+14 0.000133872 0.000727973 1.48817e-16 2.10307e-08 101068 0 0 1.50582e-11 0 0 0.0021263 0 0 0 0 0 0 5.57444e+11 5.57444e+11 5.57444e+11 5.57444e+11 
0.159 0.670214 -2.62979 -0.420754 -2.0224 -2.87021 6.93982e+06 1.80304e+14 0.000133876 0.000727977 1.48854e-16 2.10297e-08 101073 0 0 1.50626e-11 0 0 0.0021263 0 0 0 0 0 0 5.57545e+11 5.57545e+11 5.57545e+11 5.57545e+11 
0.1595 0.675268 -2.62473 -0.415695 -2.01734 -2.87527 6.94137e+06 1.80295e+14 0.000133879 0.000727981 1.48891e-16 2.10287e-08 101078 0 0 1.50671e-11 0 0 0.0021263 0 0 0 0 0 0 5.57646e+11 5.57646e+11 5.57646e+11 5.57646e+11 
0.16 0.680322 -2.61968 -0.410635 -2.01229 -2.88032 6.94293e+06 1.80285e+14 0.000133882 0.000727985 1.48928e-16 2.10278e-08 101082 0 0 1.50715e-11 0 0 0.0021263 0 0 0 0 0 0 5.57747e+11 5.57747e+11 5.57747e+11 5.57747e+11 
0.1605 0.685376 -2.61462 -0.405575 -2.00723 -2.88538 6.94448e+06 1.80276e+14 0.000133886 0.000727989 1.48965e-16 2.10268e-08 101087 0 0 1.5076e-11 0 0 0.0021263 0 0 0 0 0 0 5.57848e+11 5.57848e+11 5.57848e+11 5.57848e+11 
0.161 0.690431 -2.60957 -0.400514 -2.00217 -2.89043 6.94604e+06 1.80267e+14 0.000133889 0.000727992 1.49002e-16 2.10258e-08 101092 0 0 1.50805e-11 0 0 0.0021263 0 0 0 0 0 0 5.57949e+11 5.57949e+11 5.57949e+11 5.57949e+11 
0.1615 0.695485 -2.60451 -0.395454 -1.99712 -2.89549 6.94759e+06 1.80258e+14 0.000133893 0.000727996 1.4904e-16 2.10249e-08 101096 0 0 1.50849e-11 0 0 0.0021263 0 0 0 0 0 0 5.5805e+11 5.5805e+11 5.5805e+11 5.5805e+11 
0.162 0.70054 -2.59946 -0.390393 -1.99206 -2.90054 6.94915e+06 1.80248e+14 0.000133896 0.000728 1.49077e-16 2.10239e-08 101101 0 0 1.50894e-11 0 0 0.0021263 0 0 0 0 0 0 5.58151e+11 5.58151e+11 5.58151e+11 5.58151e+11 
0.1625 0.705595 -2.5944 -0.385332 -1.987 -2.9056 6.9507e+06 1.80239e+14 0.0001339 0.000728004 1.49114e-16 2.10229e-08 101106 0 0 1.50938e-11 0 0 0.0021263 0 0 0 0 0 0 5.58252e+11 5.58252e+11 5.58252e+11 5.58252e+11 
0.163 0.710651 -2.58935 -0.380271 -1.98195 -2.91065 6.95226e+06 1.8023e+14 0.000133903 0.000728008 1.49151e-16 2.1022e-08 101110 0 0 1.50983e-11 0 0 0.0021263 0 0 0 0 0 0 5.58353e+11 5.58353e+11 5.58353e+11 5.58353e+11 
0.1635 0.715706 -2.58429 -0.375209 -1.97689 -2.91571 6.95381e+06 1.80221e+14 0.000133906 0.000728012 1.49188e-16 2.1021e-08 101115 0 0 1.51027e-11 0 0 0.0021263 0 0 0 0 0 0 5.58453e+11 5.58453e+11 5.58453e+11 5.58453e+11 
0.164 0.720762 -2.57924 -0.370147 -1.97183 -2.92076 6.95537e+06 1.80211e+14 0.00013391 0.000728015 1.49226e-16 2.102e-08 101120 0 0 1.51072e-11 0 0 0.0021263 0 0 0 0 0 0 5.58554e+11 5.58554e+11 5.58554e+11 5.58554e+11 
0.1645 0.725818 -2.57418 -0.365085 -1.96677 -2.92582 6.95693e+06 1.80202e+14 0.000133913 0.000728019 1.49263e-16 2.1019e-08 101124 0 0 1.51117e-11 0 0 0.0021263 0 0 0 0 0 0 5.58655e+11 5.58655e+11 5.58655e+11 5.58655e+11 
0.165 0.730875 -2.56913 -0.360023 -1.96172 -2.93087 6.95848e+06 1.80193e+14 0.000133917 0.000728023 1.493e-16 2.10181e-08 101129 0 0 1.51161e-11 0 0 0.0021263 0 0 0 0 0 0 5.58756e+11 5.58756e+11 5.58756e+11 5.58756e+11 
0.1655 0.735931 -2.56407 -0.354961 -1.95666 -2.93593 6.96004e+06 1.80184e+14 0.00013392 0.000728027 1.49337e-16 2.10171e-08 101134 0 0 1.51206e-11 0 0 0.0021263 0 0 0 0 0 0 5.58857e+11 5.58857e+11 5.58857e+11 5.58857e+11 
0.166 0.740988 -2.55901 -0.349898 -1.9516 -2.94099 6.9616e+06 1.80174e+14 0.000133923 0.000728031 1.49374e-16 2.10161e-08 101138 0 0 1.5125e-11 0 0 0.0021263 0 0 0 0 0 0 5.58958e+11 5.58958e+11 5.58958e+11 5.58958e+11 
0.1665 0.746045 -2.55395 -0.344835 -1.94654 -2.94605 6.96315e+06 1.80165e+14 0.000133927 0.000728034 1.49412e-16 2.10152e-08 101143 0 0 1.51295e-11 0 0 0.0021263 0 0 0 0 0 0 5.59059e+11 5.59059e+11 5.59059e+11 5.59059e+11 
0.167 0.751102 -2.5489 -0.339772 -1.94148 -2.9511 6.96471e+06 1.80156e+14 0.00013393 0.000728038 1.49449e-16 2.10142e-08 101148 0 0 1.5134e-11 0 0 0.0021263 0 0 0 0 0 0 5.5916e+11 5.5916e+11 5.5916e+11 5.5916e+11 
0.1675 0.75616 -2.54384 -0.334708 -1.93642 -2.95616 6.96627e+06 1.80146e+14 0.000133934 0.000728042 1.49486e-16 2.10132e-08 101152 0 0 1.51384e-11 0 0 0.0021263 0 0 0 0 0 0 5.59261e+11 5.59261e+11 5.59261e+11 5.59261e+11 
0.168 0.761218 -2.53878 -0.329645 -1.93136 -2.96122 6.96782e+06 1.80137e+14 0.000133937 0.000728046 1.49523e-16 2.10122e-08 101157 0 0 1.51429e-11 0 0 0.0021263 0 0 0 0 0 0 5.59361e+11 5.59361e+11 5.59361e+11 5.59361e+11 
0.1685 0.766276 -2.53372 -0.324581 -1.9263 -2.96628 6.96938e+06 1.80128e+14 0.000133941 0.000728049 1.4956e-16 2.10112e-08 101162 0 0 1.51474e-11 0 0 0.0021263 0 0 0 0 0 0 5.59462e+11 5.59462e+11 5.59462e+11 5.59462e+11 
0.169 0.771334 -2.52867 -0.319517 -1.92124 -2.97133 6.97094e+06 1.80118e+14 0.000133944 0.000728053 1.49598e-16 2.10103e-08 101166 0 0 1.51518e-11 0 0 0.0021263 0 0 0 0 0 0 5.59563e+11 5.59563e+11 5.59563e+11 5.59563e+11 
0.1695 0.776392 -2.52361 -0.314453 -1.91618 -2.97639 6.97249e+06 1.80109e+14 0.000133947 0.000728057 1.49635e-16 2.10093e-08 101171 0 0 1.51563e-11 0 0 0.0021263 0 0 0 0 0 0 5.59663e+11 5.59663e+11 5.59663e+11 5.59663e+11 
0.17 0.781451 -2.51855 -0.309388 -1.91112 -2.98145 6.97405e+06 1.801e+14 0.000133951 0.00072806 1.49672e-16 2.10083e-08 101176 0 0 1.51608e-11 0 0 0.0021263 0 0 0 0 0 0 5.59763e+11 5.59763e+11 5.59763e+11 5.59763e+11 
0.1705 0.78651 -2.51349 -0.304323 -1.90606 -2.98651 6.97561e+06 1.8009e+14 0.000133954 0.000728064 1.49709e-16 2.10073e-08 101180 0 0 1.51652e-11 0 0 0.0021263 0 0 0 0 0 0 5.59864e+11 5.59864e+11 5.59864e+11 5.59864e+11 
0.171 0.791569 -2.50843 -0.299258 -1.901 -2.99157 6.97717e+06 1.80081e+14 0.000133958 0.000728068 1.49747e-16 2.10063e-08 101185 0 0 1.51697e-11 0 0 0.0021263 0 0 0 0 0 0 5.59964e+11 5.59964e+11 5.59964e+11 5.59964e+11 
0.1715 0.796628 -2.50337 -0.294193 -1.89594 -2.99663 6.97873e+06 1.80071e+14 0.000133961 0.000728071 1.49784e-16 2.10053e-08 101190 0 0 1.51742e-11 0 0 0.0021263 0 0 0 0 0 0 5.60064e+11 5.60064e+11 5.60064e+11 5.60064e+11 
0.172 0.801688 -2.49831 -0.289128 -1.89088 -3.00169 6.98028e+06 1.80062e+14 0.000133965 0.000728074 1.49821e-16 2.10043e-08 101194 0 0 1.51786e-11 0 0 0.0021263 0 0 0 0 0 0 5.60163e+11 5.60163e+11 5.60163e+11 5.60163e+11 
0.1725 0.806748 -2.49325 -0.284062 -1.88582 -3.00675 6.98184e+06 1.80052e+14 0.000133968 0.000728078 1.49859e-16 2.10032e-08 101199 0 0 1.51831e-11 0 0 0.0021263 0 0 0 0 0 0 5.60263e+11 5.60263e+11 5.60263e+11 5.60263e+11 
0.173 0.811808 -2.48819 -0.278996 -1.88075 -3.01181 6.9834e+06 1.80042e+14 0.000133971 0.000728081 1.49896e-16 2.10022e-08 101203 0 0 1.51876e-11 0 0 0.0021263 0 0 0 0 0 0 5.60362e+11 5.60362e+11 5.60362e+11 5.60362e+11 
0.1735 0.816868 -2.48313 -0.27393 -1.87569 -3.01687 6.98496e+06 1.80032e+14 0.000133975 0.000728084 1.49933e-16 2.10011e-08 101208 0 0 1.51921e-11 0 0 0.0021263 0 0 0 0 0 0 5.6046e+11 5.6046e+11 5.6046e+11 5.6046e+11 
0.174 0.821928 -2.47807 -0.268864 -1.87063 -3.02193 6.98652e+06 1.80022e+14 0.000133978 0.000728087 1.4997e-16 2.1e-08 101213 0 0 1.51965e-11 0 0 0.0021263 0 0 0 0 0 0 5.60558e+11 5.60558e+11 5.60558e+11 5.60558e+11 
0.1745 0.826989 -2.47301 -0.263797 -1.86557 -3.02699 6.98808e+06 1.80012e+14 0.000133982 0.000728089 1.50008e-16 2.09989e-08 101217 0 0 1.5201e-11 0 0 0.0021263 0 0 0 0 0 0 5.60656e+11 5.60656e+11 5.60656e+11 5.60656e+11 
0.175 0.83205 -2.46795 -0.25873 -1.8605 -3.03205 6.98964e+06 1.80002e+14 0.000133985 0.000728091 1.50045e-16 2.09978e-08 101222 0 0 1.52055e-11 0 0 0.0021263 0 0 0 0 0 0 5.60752e+11 5.60752e+11 5.60752e+11 5.60752e+11 
0.1755 0.837111 -2.46289 -0.253663 -1.85544 -3.03711 6.9912e+06 1.79991e+14 0.000133988 0.000728093 1.50082e-16 2.09966e-08 101227 0 0 1.521e-11 0 0 0.0021263 0 0 0 0 0 0 5.60848e+11 5.60848e+11 5.60848e+11 5.60848e+11 
0.176 0.842173 -2.45783 -0.248596 -1.85038 -3.04217 6.99275e+06 1.7998e+14 0.000133992 0.000728095 1.5012e-16 2.09954e-08 101231 0 0 1.52144e-11 0 0 0.0021263 0 0 0 0 0 0 5.60942e+11 5.60942e+11 5.60942e+11 5.60942e+11 
0.1765 0.847235 -2.45277 -0.243528 -1.84531 -3.04723 6.99431e+06 1.79969e+14 0.000133995 0.000728096 1.50157e-16 2.09941e-08 101236 0 0 1.52189e-11 0 0 0.0021263 0 0 0 0 0 0 5.61035e+11 5.61035e+11 5.61035e+11 5.61035e+11 
0.177 0.852297 -2.4477 -0.23846 -1.84025 -3.0523 6.99587e+06 1.79958e+14 0.000133999 0.000728097 1.50194e-16 2.09927e-08 101241 0 0 1.52234e-11 0 0 0.0021263 0 0 0 0 0 0 5.61127e+11 5.61127e+11 5.61127e+11 5.61127e+11 
0.1775 0.857359 -2.44264 -0.233392 -1.83518 -3.05736 6.99743e+06 1.79945e+14 0.000134002 0.000728096 1.50232e-16 2.09913e-08 101245 0 0 1.52279e-11 0 0 0.0021263 0 0 0 0 0 0 5.61216e+11 5.61216e+11 5.61216e+11 5.61216e+11 
0.178 0.862421 -2.43758 -0.228324 -1.83012 -3.06242 6.99899e+06 1.79932e+14 0.000134006 0.000728095 1.50269e-16 2.09898e-08 101250 0 0 1.52323e-11 0 0 0.0021263 0 0 0 0 0 0 5.61302e+11 5.61302e+11 5.61302e+11 5.61302e+11 
0.1785 0.867484 -2.43252 -0.223256 -1.82505 -3.06748 7.00055e+06 1.79919e+14 0.000134009 0.000728093 1.50306e-16 2.09881e-08 101255 0 0 1.52368e-11 0 0 0.0021263 0 0 0 0 0 0 5.61386e+11 5.61386e+11 5.61386e+11 5.61386e+11 
0.179 0.872547 -2.42745 -0.218187 -1.81999 -3.07255 7.00211e+06 1.79904e+14 0.000134012 0.000728089 1.50344e-16 2.09863e-08 101259 0 0 1.52413e-11 0 0 0.0021263 0 0 0 0 0 0 5.61465e+11 5.61465e+11 5.61465e+11 5.61465e+11 
0.1795 0.87761 -2.42239 -0.213118 -1.81492 -3.07761 7.00367e+06 1.79889e+14 0.000134016 0.000728084 1.50381e-16 2.09844e-08 101264 0 0 1.52458e-11 0 0 0.0021263 0 0 0 0 0 0 5.61541e+11 5.61541e+11 5.61541e+11 5.61541e+11 
0.18 0.882673 -2.41733 -0.208049 -1.80985 -3.08267 7.00523e+06 1.79872e+14 0.000134019 0.000728077 1.50418e-16 2.09822e-08 101269 0 0 1.52503e-11 0 0 0.0021263 0 0 0 0 0 0 5.6161e+11 5.6161e+11 5.6161e+11 5.6161e+11 
0.1805 0.887736 -2.41226 -0.202979 -1.80479 -3.08774 7.00679e+06 1.79853e+14 0.000134023 0.000728068 1.50456e-16 2.09797e-08 101273 0 0 1.52548e-11 0 0 0.0021263 0 0 0 0 0 0 5.61673e+11 5.61673e+11 5.61673e+11 5.61673e+11 
0.181 0.8928 -2.4072 -0.19791 -1.79972 -3.0928 7.00836e+06 1.79832e+14 0.000134026 0.000728056 1.50493e-16 2.0977e-08 101278 0 0 1.52592e-11 0 0 0.0021263 0 0 0 0 0 0 5.61727e+11 5.61727e+11 5.61727e+11 5.61727e+11 
0.1815 0.897864 -2.40214 -0.19284 -1.79465 -3.09786 7.00992e+06 1.79809e+14 0.00013403 0.000728041 1.5053e-16 2.09738e-08 101283 0 0 1.52637e-11 0 0 0.0021263 0 0 0 0 0 0 5.61772e+11 5.61772e+11 5.61772e+11 5.61772e+11 
0.182 0.902928 -2.39707 -0.18777 -1.78958 -3.10293 7.01148e+06 1.79783e+14 0.000134033 0.000728021 1.50568e-16 2.09702e-08 101287 0 0 1.52682e-11 0 0 0.0021263 0 0 0 0 0 0 5.61804e+11 5.61804e+11 5.61804e+11 5.61804e+11 
0.1825 0.907993 -2.39201 -0.182699 -1.78451 -3.10799 7.01304e+06 1.79753e+14 0.000134036 0.000727996 1.50605e-16 2.0966e-08 101292 0 0 1.52727e-11 0 0 0.0021263 0 0 0 0 0 0 5.61822e+11 5.61822e+11 5.61822e+11 5.61822e+11 
0.183 0.913058 -2.38694 -0.177629 -1.77944 -3.11306 7.0146e+06 1.79718e+14 0.00013404 0.000727965 1.50642e-16 2.09611e-08 101297 0 0 1.52772e-11 0 0 0.0021263 0 0 0 0 0 0 5.61822e+11 5.61822e+11 5.61822e+11 5.61822e+11 
0.1835 0.918123 -2.38188 -0.172558 -1.77437 -3.11812 7.01616e+06 1.79679e+14 0.000134043 0.000727927 1.5068e-16 2.09553e-08 101301 0 0 1.52817e-11 0 0 0.0021263 0 0 0 0 0 0 5.61799e+11 5.61799e+11 5.61799e+11 5.61799e+11 
0.184 0.923188 -2.37681 -0.167487 -1.76929 -3.12319 7.01772e+06 1.79632e+14 0.000134047 0.000727879 1.50717e-16 2.09486e-08 101306 0 0 1.52861e-11 0 0 0.0021263 0 0 0 0 0 0 5.61751e+11 5.61751e+11 5.61751e+11 5.61751e+11 
0.1845 0.928253 -2.37175 -0.162416 -1.76422 -3.12825 7.01928e+06 1.79578e+14 0.00013405 0.000727821 1.50754e-16 2.09405e-08 101310 0 0 1.52906e-11 0 0 0.0021263 0 0 0 0 0 0 5.6167e+11 5.6167e+11 5.6167e+11 5.6167e+11 
0.185 0.933319 -2.36668 -0.157344 -1.75914 -3.13332 7.02084e+06 1.79514e+14 0.000134054 0.000727749 1.50792e-16 2.0931e-08 101315 0 0 1.52951e-11 0 0 0.0021263 0 0 0 0 0 0 5.61551e+11 5.61551e+11 5.61551e+11 5.61551e+11 
0.1855 0.938385 -2.36162 -0.152273 -1.75406 -3.13838 7.0224e+06 1.79438e+14 0.000134057 0.000727661 1.50829e-16 2.09197e-08 101320 0 0 1.52996e-11 0 0 0.0021263 0 0 0 0 0 0 5.61384e+11 5.61384e+11 5.61384e+11 5.61384e+11 
0.186 0.943451 -2.35655 -0.147201 -1.74897 -3.14345 7.02396e+06 1.79348e+14 0.00013406 0.000727553 1.50867e-16 2.09061e-08 101324 0 0 1.53041e-11 0 0 0.0021263 0 0 0 0 0 0 5.61159e+11 5.61159e+11 5.61159e+11 5.61159e+11 
0.1865 0.948517 -2.35148 -0.142128 -1.74389 -3.14852 7.02552e+06 1.79241e+14 0.000134064 0.000727422 1.50904e-16 2.08898e-08 101329 0 0 1.53086e-11 0 0 0.0021263 0 0 0 0 0 0 5.60864e+11 5.60864e+11 5.60864e+11 5.60864e+11 
0.187 0.953584 -2.34642 -0.137056 -1.7388 -3.15358 7.02708e+06 1.79113e+14 0.000134067 0.000727261 1.50941e-16 2.08702e-08 101334 0 0 1.5313e-11 0 0 0.0021263 0 0 0 0 0 0 5.60485e+11 5.60485e+11 5.60485e+11 5.60485e+11 
0.1875 0.958651 -2.34135 -0.131983 -1.7337 -3.15865 7.02864e+06 1.78959e+14 0.000134071 0.000727064 1.50979e-16 2.08467e-08 101338 0 0 1.53175e-11 0 0 0.0021263 0 0 0 0 0 0 5.60002e+11 5.60002e+11 5.60002e+11 5.60002e+11 
0.188 0.963718 -2.33628 -0.126911 -1.7286 -3.16372 7.03019e+06 1.78774e+14 0.000134074 0.000726824 1.51016e-16 2.08183e-08 101343 0 0 1.5322e-11 0 0 0.0021263 0 0 0 0 0 0 5.59394e+11 5.59394e+11 5.59394e+11 5.59394e+11 
0.1885 0.968785 -2.33122 -0.121837 -1.72348 -3.16878 7.03175e+06 1.78551e+14 0.000134077 0.000726532 1.51053e-16 2.0784e-08 101347 0 0 1.53264e-11 0 0 0.0021263 0 0 0 0 0 0 5.58633e+11 5.58633e+11 5.58633e+11 5.58633e+11 
0.189 0.973852 -2.32615 -0.116764 -1.71836 -3.17385 7.03331e+06 1.78283e+14 0.000134081 0.000726176 1.5109e-16 2.07425e-08 101352 0 0 1.53309e-11 0 0 0.0021263 0 0 0 0 0 0 5.57688e+11 5.57688e+11 5.57688e+11 5.57688e+11 
0.1895 0.97892 -2.32108 -0.111691 -1.71323 -3.17892 7.03486e+06 1.77958e+14 0.000134084 0.000725743 1.51128e-16 2.06924e-08 101357 0 0 1.53353e-11 0 0 0.0021263 0 0 0 0 0 0 5.56517e+11 5.56517e+11 5.56517e+11 5.56517e+11 
0.19 0.983988 -2.31601 -0.106617 -1.70809 -3.18399 7.03641e+06 1.77566e+14 0.000134088 0.000725214 1.51165e-16 2.06318e-08 101361 0 0 1.53398e-11 0 0 0.0021263 0 0 0 0 0 0 5.55073e+11 5.55073e+11 5.55073e+11 5.55073e+11 
0.1905 0.989056 -2.31094 -0.101543 -1.70292 -3.18906 7.03796e+06 1.77091e+14 0.000134091 0.00072457 1.51202e-16 2.05583e-08 101366 0 0 1.53442e-11 0 0 0.0021263 0 0 0 0 0 0 5.53298e+11 5.53298e+11 5.53298e+11 5.53298e+11 
0.191 0.994125 -2.30588 -0.0964688 -1.69774 -3.19412 7.03951e+06 1.76516e+14 0.000134094 0.000723785 1.51239e-16 2.04693e-08 101370 0 0 1.53486e-11 0 0 0.0021263 0 0 0 0 0 0 5.51119e+11 5.51119e+11 5.51119e+11 5.51119e+11 
0.1915 0.999193 -2.30081 -0.0913944 -1.69253 -3.19919 7.04105e+06 1.75818e+14 0.000134098 0.000722828 1.51276e-16 2.03614e-08 101375 0 0 1.5353e-11 0 0 0.0021263 0 0 0 0 0 0 5.4845e+11 5.4845e+11 5.4845e+11 5.4845e+11 
0.192 1.00426 -2.29574 -0.0863197 -1.6873 -3.20426 7.04259e+06 1.74971e+14 0.000134101 0.00072166 1.51313e-16 2.02306e-08 101380 0 0 1.53574e-11 0 0 0.0021263 0 0 0 0 0 0 5.45185e+11 5.45185e+11 5.45185e+11 5.45185e+11 
0.1925 1.00933 -2.29067 -0.0812449 -1.68202 -3.20933 7.04412e+06 1.73942e+14 0.000134104 0.000720234 1.51349e-16 2.00719e-08 101384 0 0 1.53617e-11 0 0 0.0021263 0 0 0 0 0 0 5.41196e+11 5.41196e+11 5.41196e+11 5.41196e+11 
0.193 1.0144 -2.2856 -0.0761699 -1.6767 -3.2144 7.04565e+06 1.72691e+14 0.000134108 0.000718492 1.51386e-16 1.98793e-08 101389 0 0 1.5366e-11 0 0 0.0021263 0 0 0 0 0 0 5.36327e+11 5.36327e+11 5.36327e+11 5.36327e+11 
0.1935 1.01947 -2.28053 -0.0710947 -1.67132 -3.21947 7.04717e+06 1.71169e+14 0.000134111 0.00071636 1.51422e-16 1.96457e-08 101393 0 0 1.53702e-11 0 0 0.0021263 0 0 0 0 0 0 5.30388e+11 5.30388e+11 5.30388e+11 5.30388e+11 
0.194 1.02454 -2.27546 -0.0660193 -1.66587 -3.22454 7.04868e+06 1.69316e+14 0.000134114 0.000713748 1.51458e-16 1.93621e-08 101397 0 0 1.53745e-11 0 0 0.0021263 0 0 0 0 0 0 5.23147e+11 5.23147e+11 5.23147e+11 5.23147e+11 
0.1945 1.02961 -2.27039 -0.0609437 -1.66033 -3.22961 7.05017e+06 1.67056e+14 0.000134117 0.000710542 1.51494e-16 1.90179e-08 101402 0 0 1.53786e-11 0 0 0.0021263 0 0 0 0 0 0 5.14325e+11 5.14325e+11 5.14325e+11 5.14325e+11 
0.195 1.03468 -2.26532 -0.055868 -1.65468 -3.23468 7.05166e+06 1.64298e+14 0.000134121 0.000706597 1.5153e-16 1.86e-08 101406 0 0 1.53827e-11 0 0 0.0021263 0 0 0 0 0 0 5.03577e+11 5.03577e+11 5.03577e+11 5.03577e+11 
0.1955 1.03975 -2.26025 -0.0507922 -1.64888 -3.23975 7.05312e+06 1.60925e+14 0.000134124 0.000701726 1.51565e-16 1.80926e-08 101410 0 0 1.53866e-11 0 0 0.0021263 0 0 0 0 0 0 4.90486e+11 4.90486e+11 4.90486e+11 4.90486e+11 
0.196 1.04482 -2.25518 -0.0457162 -1.6429 -3.24482 7.05457e+06 1.56794e+14 0.000134127 0.00069569 1.51599e-16 1.74765e-08 101414 0 0 1.53905e-11 0 0 0.00212629 0 0 0 0 0 0 4.74542e+11 4.74542e+11 4.74542e+11 4.74542e+11 
0.1965 1.04989 -2.25011 -0.04064 -1.63669 -3.24989 7.05599e+06 1.51721e+14 0.00013413 0.000688171 1.51633e-16 1.67284e-08 101418 0 0 1.53942e-11 0 0 0.00212629 0 0 0 0 0 0 4.55123e+11 4.55123e+11 4.55123e+11 4.55123e+11 
0.197 1.05496 -2.24504 -0.0355639 -1.63015 -3.25496 7.05737e+06 1.45475e+14 0.000134133 0.00067874 1.51666e-16 1.58198e-08 101422 0 0 1.53977e-11 0 0 0.00212629 0 0 0 0 0 0 4.31466e+11 4.31466e+11 4.31466e+11 4.31466e+11 
0.1975 1.06003 -2.23997 -0.0304876 -1.62319 -3.26003 7.05872e+06 1.37751e+14 0.000134135 0.000666803 1.51698e-16 1.47165e-08 101426 0 0 1.54011e-11 0 0 0.00212629 0 0 0 0 0 0 4.02638e+11 4.02638e+11 4.02638e+11 4.02638e+11 
0.198 1.06511 -2.23489 -0.0254114 -1.61562 -3.26511 7.06003e+06 1.28151e+14 0.000134137 0.000651495 1.51728e-16 1.33765e-08 101428 0 0 1.54027e-11 0 0 0.00212629 0 0 0 0 0 0 3.67486e+11 3.67486e+11 3.67486e+11 3.67486e+11 
0.198 1.06511 -2.23489 -0.0254114 -1.61562 -3.26511 7.06003e+06 1.28151e+14 0.000134139 0.000651505 1.5173e-16 1.33767e-08 101431 0 0 1.54053e-11 0 0 0.00212628 0 0 0 0 0 0 3.67492e+11 3.67492e+11 3.67492e+11 3.67492e+11 
0.198409 1.06926 -2.23074 -0.0212553 -1.60878 -3.26926 7.06105e+06 1.18525e+14 0.00013414 0.000635582 1.51753e-16 1.20696e-08 101432 0 0 1.54064e-11 0 0 0.00212628 0 0 0 0 0 0 3.33049e+11 3.33049e+11 3.33049e+11 3.33049e+11 
0.198752 1.07273 -2.22727 -0.0177798 -1.60242 -3.27273 7.06187e+06 1.08942e+14 0.000134141 0.000619089 1.51772e-16 1.08059e-08 101434 0 0 1.54081e-11 0 0 0.00212626 0 0 0 0 0 0 2.99598e+11 2.99598e+11 2.99598e+11 2.99598e+11 
0.199038 1.07563 -2.22437 -0.0148735 -1.59645 -3.27563 7.06254e+06 9.961e+13 0.000134142 0.000602317 1.51788e-16 9.61255e-09 101435 0 0 1.54094e-11 0 0 0.00212624 0 0 0 0 0 0 2.67859e+11 2.67859e+11 2.67859e+11 2.67859e+11 
0.199277 1.07806 -2.22194 -0.0124431 -1.59084 -3.27806 7.06307e+06 9.06887e+13 0.000134143 0.000585528 1.518e-16 8.50768e-09 101437 0 0 1.54104e-11 0 0 0.00212621 0 0 0 0 0 0 2.38327e+11 2.38327e+11 2.38327e+11 2.38327e+11 
0.199478 1.08009 -2.21991 -0.0104107 -1.58552 -3.28009 7.0635e+06 8.22936e+13 0.000134144 0.000568944 1.5181e-16 7.50147e-09 101437 0 0 1.54111e-11 0 0 0.00212617 0 0 0 0 0 0 2.11295e+11 2.11295e+11 2.11295e+11 2.11295e+11 
0.199645 1.08179 -2.21821 -0.00871116 -1.58047 -3.28179 7.06384e+06 7.44992e+13 0.000134145 0.000552751 1.51818e-16 6.59768e-09 101438 0 0 1.54117e-11 0 0 0.00212612 0 0 0 0 0 0 1.86886e+11 1.86886e+11 1.86886e+11 1.86886e+11 
0.199785 1.08321 -2.21679 -0.00728995 -1.57566 -3.28321 7.06412e+06 6.73454e+13 0.000134145 0.000537096 1.51825e-16 5.79522e-09 101439 0 0 1.54121e-11 0 0 0.00212604 0 0 0 0 0 0 1.65097e+11 1.65097e+11 1.65097e+11 1.65097e+11 
0.199902 1.0844 -2.2156 -0.00610147 -1.57109 -3.2844 7.06435e+06 6.08446e+13 0.000134145 0.000522094 1.5183e-16 5.08957e-09 101439 0 0 1.54123e-11 0 0 0.00212593 0 0 0 0 0 0 1.45831e+11 1.45831e+11 1.45831e+11 1.45831e+11 
0.2 1.08539 -2.21461 -0.00510763 -1.56674 -3.28539 7.06453e+06 5.49883e+13 0.000134145 0.000507834 1.51834e-16 4.47406e-09 101439 0 0 1.54125e-11 0 0 0.00212588 0 0 0 0 0 0 1.28934e+11 1.28934e+11 1.28934e+11 1.28934e+11 