# ASCII 1D datafile generated by TiberCAD
# x Ec Ev eQFermi hQFermi ElPotential eDensity hDensity eMobility hMobility eConductivity hConductivity ElField_x ElField_y ElField_z eCurrentDensity_x eCurrentDensity_y eCurrentDensity_z hCurrentDensity_x hCurrentDensity_y hCurrentDensity_z IonizedDonors IonizedAcceptors IonizedElectronTraps IonizedHoleTraps eNetRecombination eLangevinRecombination hNetRecombination hLangevinRecombination 
0 -2.95 -6.25 -4.04828 -5.64085 0.75 5.25423e+06 1.71481e+14 0.000260683 0.00139826 2.19448e-16 3.84162e-08 199569 0 0 1.48044e-10 0 0 0.00766783 0 0 0 0 0 0 7.7277e+11 7.7277e+11 7.7277e+11 7.7277e+11 
9.79066e-05 -2.94805 -6.24805 -4.0422 -5.6389 0.748046 6.1477e+06 1.7148e+14 0.000261172 0.00139826 2.57247e-16 3.84159e-08 199569 0 0 1.48047e-10 0 0 0.00766783 0 0 0 0 0 0 9.04438e+11 9.04438e+11 9.04438e+11 9.04438e+11 
0.000214985 -2.94571 -6.24571 -4.03597 -5.63656 0.74571 7.1299e+06 1.71478e+14 0.00026165 0.00139827 2.98892e-16 3.84157e-08 199570 0 0 1.48052e-10 0 0 0.00766783 0 0 0 0 0 0 1.04923e+12 1.04923e+12 1.04923e+12 1.04923e+12 
0.000354988 -2.94292 -6.24292 -4.02952 -5.63377 0.742916 8.19249e+06 1.71476e+14 0.000262112 0.00139828 3.44044e-16 3.84155e-08 199571 0 0 1.48057e-10 0 0 0.00766783 0 0 0 0 0 0 1.20593e+12 1.20593e+12 1.20593e+12 1.20593e+12 
0.000522406 -2.93957 -6.23957 -4.02278 -5.63043 0.739574 9.32029e+06 1.71473e+14 0.000262554 0.00139829 3.92066e-16 3.84152e-08 199573 0 0 1.48062e-10 0 0 0.00766783 0 0 0 0 0 0 1.3723e+12 1.3723e+12 1.3723e+12 1.3723e+12 
0.000722606 -2.93558 -6.23558 -4.01568 -5.62643 0.735579 1.04903e+07 1.7147e+14 0.000262971 0.0013983 4.41983e-16 3.84149e-08 199575 0 0 1.48068e-10 0 0 0.00766783 0 0 0 0 0 0 1.54494e+12 1.54494e+12 1.54494e+12 1.54494e+12 
0.000962009 -2.9308 -6.2308 -4.00809 -5.62165 0.730801 1.16714e+07 1.71467e+14 0.000263356 0.00139831 4.92467e-16 3.84145e-08 199577 0 0 1.48075e-10 0 0 0.00766783 0 0 0 0 0 0 1.71926e+12 1.71926e+12 1.71926e+12 1.71926e+12 
0.00124829 -2.92509 -6.22509 -3.99989 -5.61594 0.725087 1.28255e+07 1.71462e+14 0.000263706 0.00139833 5.41879e-16 3.8414e-08 199579 0 0 1.48083e-10 0 0 0.00766783 0 0 0 0 0 0 1.88963e+12 1.88963e+12 1.88963e+12 1.88963e+12 
0.00159063 -2.91826 -6.21826 -3.99092 -5.6091 0.718255 1.39099e+07 1.71457e+14 0.000264014 0.00139835 5.88384e-16 3.84134e-08 199582 0 0 1.48094e-10 0 0 0.00766783 0 0 0 0 0 0 2.04974e+12 2.04974e+12 2.04974e+12 2.04974e+12 
0.002 -2.91008 -6.21008 -3.98097 -5.60093 0.710085 1.48824e+07 1.71451e+14 0.000264272 0.00139836 6.30136e-16 3.84121e-08 199584 0 0 1.48101e-10 0 0 0.00766783 0 0 0 0 0 0 2.19331e+12 2.19331e+12 2.19331e+12 2.19331e+12 
0.002 -2.91008 -6.21008 -3.98097 -5.60093 0.710085 1.48824e+07 1.71451e+14 0.000264282 0.0013984 6.30157e-16 3.84134e-08 199588 0 0 1.48117e-10 0 0 0.00766783 0 0 0 0 0 0 2.19338e+12 2.19338e+12 2.19338e+12 2.19338e+12 
0.0025 -2.90011 -6.20011 -3.96955 -5.59095 0.700105 1.57217e+07 1.71443e+14 0.000264496 0.00139841 6.66238e-16 3.84118e-08 199590 0 0 1.48126e-10 0 0 0.00766783 0 0 0 0 0 0 2.31729e+12 2.31729e+12 2.31729e+12 2.31729e+12 
0.003 -2.89013 -6.19013 -3.95863 -5.58097 0.690126 1.62906e+07 1.71435e+14 0.000264643 0.00139844 6.90731e-16 3.8411e-08 199595 0 0 1.48145e-10 0 0 0.00766783 0 0 0 0 0 0 2.4013e+12 2.4013e+12 2.4013e+12 2.4013e+12 
0.0035 -2.88015 -6.18015 -3.94803 -5.57099 0.680146 1.66765e+07 1.71428e+14 0.000264744 0.00139847 7.0736e-16 3.84101e-08 199599 0 0 1.48165e-10 0 0 0.00766783 0 0 0 0 0 0 2.45826e+12 2.45826e+12 2.45826e+12 2.45826e+12 
0.004 -2.87017 -6.17017 -3.93764 -5.56101 0.670166 1.69383e+07 1.7142e+14 0.000264814 0.0013985 7.18658e-16 3.84093e-08 199604 0 0 1.48184e-10 0 0 0.00766783 0 0 0 0 0 0 2.4969e+12 2.4969e+12 2.4969e+12 2.4969e+12 
0.0045 -2.86019 -6.16019 -3.92739 -5.55102 0.660185 1.71162e+07 1.71412e+14 0.000264865 0.00139854 7.26343e-16 3.84084e-08 199608 0 0 1.48204e-10 0 0 0.00766783 0 0 0 0 0 0 2.52313e+12 2.52313e+12 2.52313e+12 2.52313e+12 
0.005 -2.8502 -6.1502 -3.91722 -5.54104 0.650205 1.72371e+07 1.71405e+14 0.000264903 0.00139857 7.31579e-16 3.84075e-08 199612 0 0 1.48225e-10 0 0 0.00766783 0 0 0 0 0 0 2.54095e+12 2.54095e+12 2.54095e+12 2.54095e+12 
0.0055 -2.84022 -6.14022 -3.90711 -5.53106 0.640224 1.73195e+07 1.71397e+14 0.000264931 0.0013986 7.35155e-16 3.84067e-08 199617 0 0 1.48245e-10 0 0 0.00766783 0 0 0 0 0 0 2.55307e+12 2.55307e+12 2.55307e+12 2.55307e+12 
0.006 -2.83024 -6.13024 -3.89705 -5.52108 0.630243 1.73758e+07 1.7139e+14 0.000264954 0.00139863 7.37607e-16 3.84058e-08 199621 0 0 1.48265e-10 0 0 0.00766783 0 0 0 0 0 0 2.56133e+12 2.56133e+12 2.56133e+12 2.56133e+12 
0.0065 -2.82026 -6.12026 -3.88701 -5.51109 0.620262 1.74143e+07 1.71382e+14 0.000264973 0.00139866 7.39296e-16 3.8405e-08 199626 0 0 1.48286e-10 0 0 0.00766783 0 0 0 0 0 0 2.56698e+12 2.56698e+12 2.56698e+12 2.56698e+12 
0.007 -2.81028 -6.11028 -3.87698 -5.50111 0.610281 1.74409e+07 1.71374e+14 0.000264989 0.00139869 7.40469e-16 3.84041e-08 199630 0 0 1.48306e-10 0 0 0.00766783 0 0 0 0 0 0 2.57086e+12 2.57086e+12 2.57086e+12 2.57086e+12 
0.0075 -2.8003 -6.1003 -3.86698 -5.49113 0.600299 1.74594e+07 1.71367e+14 0.000265003 0.00139872 7.41292e-16 3.84033e-08 199635 0 0 1.48327e-10 0 0 0.00766783 0 0 0 0 0 0 2.57353e+12 2.57353e+12 2.57353e+12 2.57353e+12 
0.008 -2.79032 -6.09032 -3.85697 -5.48114 0.590317 1.74723e+07 1.71359e+14 0.000265016 0.00139876 7.41877e-16 3.84024e-08 199639 0 0 1.48348e-10 0 0 0.00766783 0 0 0 0 0 0 2.57539e+12 2.57539e+12 2.57539e+12 2.57539e+12 
0.0085 -2.78034 -6.08034 -3.84698 -5.47116 0.580335 1.74815e+07 1.71351e+14 0.000265028 0.00139879 7.42302e-16 3.84016e-08 199643 0 0 1.48368e-10 0 0 0.00766783 0 0 0 0 0 0 2.5767e+12 2.5767e+12 2.5767e+12 2.5767e+12 
0.009 -2.77035 -6.07035 -3.83699 -5.46118 0.570353 1.74882e+07 1.71344e+14 0.000265039 0.00139882 7.42617e-16 3.84007e-08 199648 0 0 1.48389e-10 0 0 0.00766783 0 0 0 0 0 0 2.57764e+12 2.57764e+12 2.57764e+12 2.57764e+12 
0.0095 -2.76037 -6.06037 -3.827 -5.45119 0.56037 1.74932e+07 1.71336e+14 0.00026505 0.00139885 7.42859e-16 3.83999e-08 199652 0 0 1.48409e-10 0 0 0.00766783 0 0 0 0 0 0 2.57832e+12 2.57832e+12 2.57832e+12 2.57832e+12 
0.01 -2.75039 -6.05039 -3.81701 -5.44121 0.550388 1.7497e+07 1.71328e+14 0.000265061 0.00139888 7.43051e-16 3.8399e-08 199657 0 0 1.4843e-10 0 0 0.00766783 0 0 0 0 0 0 2.57883e+12 2.57883e+12 2.57883e+12 2.57883e+12 
0.0105 -2.7404 -6.0404 -3.80702 -5.43122 0.540405 1.75e+07 1.71321e+14 0.000265072 0.00139891 7.43209e-16 3.83982e-08 199661 0 0 1.48451e-10 0 0 0.00766783 0 0 0 0 0 0 2.57923e+12 2.57923e+12 2.57923e+12 2.57923e+12 
0.011 -2.73042 -6.03042 -3.79703 -5.42124 0.530421 1.75025e+07 1.71313e+14 0.000265082 0.00139894 7.43344e-16 3.83973e-08 199666 0 0 1.48471e-10 0 0 0.00766783 0 0 0 0 0 0 2.57955e+12 2.57955e+12 2.57955e+12 2.57955e+12 
0.0115 -2.72044 -6.02044 -3.78705 -5.41125 0.520438 1.75046e+07 1.71305e+14 0.000265093 0.00139898 7.43464e-16 3.83965e-08 199670 0 0 1.48492e-10 0 0 0.00766783 0 0 0 0 0 0 2.57981e+12 2.57981e+12 2.57981e+12 2.57981e+12 
0.012 -2.71045 -6.01045 -3.77706 -5.40127 0.510454 1.75065e+07 1.71298e+14 0.000265103 0.00139901 7.43573e-16 3.83956e-08 199674 0 0 1.48512e-10 0 0 0.00766783 0 0 0 0 0 0 2.58004e+12 2.58004e+12 2.58004e+12 2.58004e+12 
0.0125 -2.70047 -6.00047 -3.76707 -5.39128 0.500471 1.75082e+07 1.7129e+14 0.000265113 0.00139904 7.43675e-16 3.83948e-08 199679 0 0 1.48533e-10 0 0 0.00766783 0 0 0 0 0 0 2.58024e+12 2.58024e+12 2.58024e+12 2.58024e+12 
0.013 -2.69049 -5.99049 -3.75709 -5.3813 0.490487 1.75098e+07 1.71282e+14 0.000265124 0.00139907 7.43772e-16 3.83939e-08 199683 0 0 1.48554e-10 0 0 0.00766783 0 0 0 0 0 0 2.58042e+12 2.58042e+12 2.58042e+12 2.58042e+12 
0.0135 -2.6805 -5.9805 -3.7471 -5.37131 0.480502 1.75113e+07 1.71275e+14 0.000265134 0.0013991 7.43865e-16 3.83931e-08 199688 0 0 1.48574e-10 0 0 0.00766783 0 0 0 0 0 0 2.5806e+12 2.5806e+12 2.5806e+12 2.5806e+12 
0.014 -2.67052 -5.97052 -3.73711 -5.36133 0.470518 1.75128e+07 1.71267e+14 0.000265144 0.00139913 7.43957e-16 3.83922e-08 199692 0 0 1.48595e-10 0 0 0.00766783 0 0 0 0 0 0 2.58076e+12 2.58076e+12 2.58076e+12 2.58076e+12 
0.0145 -2.66053 -5.96053 -3.72713 -5.35134 0.460533 1.75142e+07 1.71259e+14 0.000265154 0.00139916 7.44047e-16 3.83914e-08 199697 0 0 1.48615e-10 0 0 0.00766783 0 0 0 0 0 0 2.58093e+12 2.58093e+12 2.58093e+12 2.58093e+12 
0.015 -2.65055 -5.95055 -3.71714 -5.34135 0.450548 1.75156e+07 1.71252e+14 0.000265165 0.0013992 7.44135e-16 3.83905e-08 199701 0 0 1.48636e-10 0 0 0.00766783 0 0 0 0 0 0 2.58108e+12 2.58108e+12 2.58108e+12 2.58108e+12 
0.0155 -2.64056 -5.94056 -3.70715 -5.33137 0.440563 1.7517e+07 1.71244e+14 0.000265175 0.00139923 7.44224e-16 3.83897e-08 199705 0 0 1.48657e-10 0 0 0.00766783 0 0 0 0 0 0 2.58124e+12 2.58124e+12 2.58124e+12 2.58124e+12 
0.016 -2.63058 -5.93058 -3.69716 -5.32138 0.430578 1.75184e+07 1.71237e+14 0.000265185 0.00139926 7.44311e-16 3.83888e-08 199710 0 0 1.48677e-10 0 0 0.00766783 0 0 0 0 0 0 2.58139e+12 2.58139e+12 2.58139e+12 2.58139e+12 
0.0165 -2.62059 -5.92059 -3.68718 -5.31139 0.420592 1.75198e+07 1.71229e+14 0.000265196 0.00139929 7.44399e-16 3.8388e-08 199714 0 0 1.48698e-10 0 0 0.00766783 0 0 0 0 0 0 2.58155e+12 2.58155e+12 2.58155e+12 2.58155e+12 
0.017 -2.61061 -5.91061 -3.67719 -5.30141 0.410606 1.75212e+07 1.71221e+14 0.000265206 0.00139932 7.44486e-16 3.83871e-08 199719 0 0 1.48719e-10 0 0 0.00766783 0 0 0 0 0 0 2.5817e+12 2.5817e+12 2.5817e+12 2.5817e+12 
0.0175 -2.60062 -5.90062 -3.6672 -5.29142 0.40062 1.75225e+07 1.71214e+14 0.000265216 0.00139935 7.44573e-16 3.83863e-08 199723 0 0 1.48739e-10 0 0 0.00766783 0 0 0 0 0 0 2.58185e+12 2.58185e+12 2.58185e+12 2.58185e+12 
0.018 -2.59063 -5.89063 -3.65721 -5.28143 0.390634 1.75239e+07 1.71206e+14 0.000265226 0.00139938 7.4466e-16 3.83854e-08 199728 0 0 1.4876e-10 0 0 0.00766783 0 0 0 0 0 0 2.582e+12 2.582e+12 2.582e+12 2.582e+12 
0.0185 -2.58065 -5.88065 -3.64722 -5.27144 0.380647 1.75253e+07 1.71198e+14 0.000265237 0.00139942 7.44747e-16 3.83846e-08 199732 0 0 1.4878e-10 0 0 0.00766783 0 0 0 0 0 0 2.58215e+12 2.58215e+12 2.58215e+12 2.58215e+12 
0.019 -2.57066 -5.87066 -3.63724 -5.26145 0.370661 1.75266e+07 1.71191e+14 0.000265247 0.00139945 7.44834e-16 3.83837e-08 199736 0 0 1.48801e-10 0 0 0.00766783 0 0 0 0 0 0 2.5823e+12 2.5823e+12 2.5823e+12 2.5823e+12 
0.0195 -2.56067 -5.86067 -3.62725 -5.25147 0.360674 1.7528e+07 1.71183e+14 0.000265257 0.00139948 7.44921e-16 3.83829e-08 199741 0 0 1.48822e-10 0 0 0.00766783 0 0 0 0 0 0 2.58245e+12 2.58245e+12 2.58245e+12 2.58245e+12 
0.02 -2.55069 -5.85069 -3.61726 -5.24148 0.350687 1.75294e+07 1.71175e+14 0.000265267 0.00139951 7.45008e-16 3.8382e-08 199745 0 0 1.48842e-10 0 0 0.00766783 0 0 0 0 0 0 2.5826e+12 2.5826e+12 2.5826e+12 2.5826e+12 
0.0205 -2.5407 -5.8407 -3.60727 -5.23149 0.340699 1.75307e+07 1.71168e+14 0.000265278 0.00139954 7.45095e-16 3.83812e-08 199750 0 0 1.48863e-10 0 0 0.00766783 0 0 0 0 0 0 2.58275e+12 2.58275e+12 2.58275e+12 2.58275e+12 
0.021 -2.53071 -5.83071 -3.59728 -5.2215 0.330712 1.75321e+07 1.7116e+14 0.000265288 0.00139957 7.45181e-16 3.83803e-08 199754 0 0 1.48884e-10 0 0 0.00766783 0 0 0 0 0 0 2.5829e+12 2.5829e+12 2.5829e+12 2.5829e+12 
0.0215 -2.52072 -5.82072 -3.58729 -5.21151 0.320724 1.75335e+07 1.71153e+14 0.000265298 0.0013996 7.45268e-16 3.83795e-08 199759 0 0 1.48904e-10 0 0 0.00766783 0 0 0 0 0 0 2.58305e+12 2.58305e+12 2.58305e+12 2.58305e+12 
0.022 -2.51074 -5.81074 -3.5773 -5.20152 0.310736 1.75348e+07 1.71145e+14 0.000265308 0.00139964 7.45355e-16 3.83786e-08 199763 0 0 1.48925e-10 0 0 0.00766783 0 0 0 0 0 0 2.58321e+12 2.58321e+12 2.58321e+12 2.58321e+12 
0.0225 -2.50075 -5.80075 -3.56731 -5.19153 0.300747 1.75362e+07 1.71137e+14 0.000265319 0.00139967 7.45442e-16 3.83778e-08 199767 0 0 1.48946e-10 0 0 0.00766783 0 0 0 0 0 0 2.58336e+12 2.58336e+12 2.58336e+12 2.58336e+12 
0.023 -2.49076 -5.79076 -3.55732 -5.18154 0.290759 1.75376e+07 1.7113e+14 0.000265329 0.0013997 7.45529e-16 3.83769e-08 199772 0 0 1.48966e-10 0 0 0.00766783 0 0 0 0 0 0 2.58351e+12 2.58351e+12 2.58351e+12 2.58351e+12 
0.0235 -2.48077 -5.78077 -3.54733 -5.17155 0.28077 1.75389e+07 1.71122e+14 0.000265339 0.00139973 7.45615e-16 3.83761e-08 199776 0 0 1.48987e-10 0 0 0.00766783 0 0 0 0 0 0 2.58366e+12 2.58366e+12 2.58366e+12 2.58366e+12 
0.024 -2.47078 -5.77078 -3.53734 -5.16156 0.270781 1.75403e+07 1.71114e+14 0.000265349 0.00139976 7.45702e-16 3.83752e-08 199781 0 0 1.49007e-10 0 0 0.00766783 0 0 0 0 0 0 2.58381e+12 2.58381e+12 2.58381e+12 2.58381e+12 
0.0245 -2.46079 -5.76079 -3.52734 -5.15157 0.260792 1.75417e+07 1.71107e+14 0.00026536 0.00139979 7.45789e-16 3.83744e-08 199785 0 0 1.49028e-10 0 0 0.00766783 0 0 0 0 0 0 2.58396e+12 2.58396e+12 2.58396e+12 2.58396e+12 
0.025 -2.4508 -5.7508 -3.51735 -5.14158 0.250803 1.7543e+07 1.71099e+14 0.00026537 0.00139982 7.45876e-16 3.83735e-08 199790 0 0 1.49049e-10 0 0 0.00766783 0 0 0 0 0 0 2.58411e+12 2.58411e+12 2.58411e+12 2.58411e+12 
0.0255 -2.44081 -5.74081 -3.50736 -5.13159 0.240813 1.75444e+07 1.71091e+14 0.00026538 0.00139986 7.45963e-16 3.83727e-08 199794 0 0 1.49069e-10 0 0 0.00766783 0 0 0 0 0 0 2.58426e+12 2.58426e+12 2.58426e+12 2.58426e+12 
0.026 -2.43082 -5.73082 -3.49737 -5.12159 0.230823 1.75457e+07 1.71084e+14 0.000265391 0.00139989 7.4605e-16 3.83718e-08 199798 0 0 1.4909e-10 0 0 0.00766783 0 0 0 0 0 0 2.58441e+12 2.58441e+12 2.58441e+12 2.58441e+12 
0.0265 -2.42083 -5.72083 -3.48738 -5.1116 0.220833 1.75471e+07 1.71076e+14 0.000265401 0.00139992 7.46136e-16 3.8371e-08 199803 0 0 1.49111e-10 0 0 0.00766783 0 0 0 0 0 0 2.58456e+12 2.58456e+12 2.58456e+12 2.58456e+12 
0.027 -2.41084 -5.71084 -3.47739 -5.10161 0.210843 1.75485e+07 1.71069e+14 0.000265411 0.00139995 7.46223e-16 3.83701e-08 199807 0 0 1.49131e-10 0 0 0.00766783 0 0 0 0 0 0 2.58471e+12 2.58471e+12 2.58471e+12 2.58471e+12 
0.0275 -2.40085 -5.70085 -3.46739 -5.09162 0.200853 1.75498e+07 1.71061e+14 0.000265421 0.00139998 7.4631e-16 3.83693e-08 199812 0 0 1.49152e-10 0 0 0.00766783 0 0 0 0 0 0 2.58486e+12 2.58486e+12 2.58486e+12 2.58486e+12 
0.028 -2.39086 -5.69086 -3.4574 -5.08163 0.190862 1.75512e+07 1.71053e+14 0.000265432 0.00140001 7.46397e-16 3.83684e-08 199816 0 0 1.49173e-10 0 0 0.00766783 0 0 0 0 0 0 2.58501e+12 2.58501e+12 2.58501e+12 2.58501e+12 
0.0285 -2.38087 -5.68087 -3.44741 -5.07163 0.180871 1.75526e+07 1.71046e+14 0.000265442 0.00140004 7.46484e-16 3.83676e-08 199820 0 0 1.49193e-10 0 0 0.00766783 0 0 0 0 0 0 2.58516e+12 2.58516e+12 2.58516e+12 2.58516e+12 
0.029 -2.37088 -5.67088 -3.43741 -5.06164 0.17088 1.75539e+07 1.71038e+14 0.000265452 0.00140008 7.46571e-16 3.83667e-08 199825 0 0 1.49214e-10 0 0 0.00766783 0 0 0 0 0 0 2.58531e+12 2.58531e+12 2.58531e+12 2.58531e+12 
0.0295 -2.36089 -5.66089 -3.42742 -5.05165 0.160889 1.75553e+07 1.7103e+14 0.000265462 0.00140011 7.46658e-16 3.83659e-08 199829 0 0 1.49235e-10 0 0 0.00766783 0 0 0 0 0 0 2.58546e+12 2.58546e+12 2.58546e+12 2.58546e+12 
0.03 -2.3509 -5.6509 -3.41743 -5.04166 0.150897 1.75567e+07 1.71023e+14 0.000265473 0.00140014 7.46744e-16 3.8365e-08 199834 0 0 1.49255e-10 0 0 0.00766783 0 0 0 0 0 0 2.58561e+12 2.58561e+12 2.58561e+12 2.58561e+12 
0.0305 -2.34091 -5.64091 -3.40743 -5.03166 0.140905 1.7558e+07 1.71015e+14 0.000265483 0.00140017 7.46831e-16 3.83642e-08 199838 0 0 1.49276e-10 0 0 0.00766783 0 0 0 0 0 0 2.58576e+12 2.58576e+12 2.58576e+12 2.58576e+12 
0.031 -2.33091 -5.63091 -3.39744 -5.02167 0.130913 1.75594e+07 1.71008e+14 0.000265493 0.0014002 7.46918e-16 3.83633e-08 199843 0 0 1.49297e-10 0 0 0.00766783 0 0 0 0 0 0 2.58591e+12 2.58591e+12 2.58591e+12 2.58591e+12 
0.0315 -2.32092 -5.62092 -3.38744 -5.01167 0.120921 1.75607e+07 1.71e+14 0.000265503 0.00140023 7.47005e-16 3.83625e-08 199847 0 0 1.49317e-10 0 0 0.00766783 0 0 0 0 0 0 2.58606e+12 2.58606e+12 2.58606e+12 2.58606e+12 
0.032 -2.31093 -5.61093 -3.37745 -5.00168 0.110928 1.75621e+07 1.70992e+14 0.000265514 0.00140026 7.47092e-16 3.83616e-08 199851 0 0 1.49338e-10 0 0 0.00766783 0 0 0 0 0 0 2.58621e+12 2.58621e+12 2.58621e+12 2.58621e+12 
0.0325 -2.30094 -5.60094 -3.36746 -4.99169 0.100936 1.75635e+07 1.70985e+14 0.000265524 0.0014003 7.47179e-16 3.83608e-08 199856 0 0 1.49359e-10 0 0 0.00766783 0 0 0 0 0 0 2.58636e+12 2.58636e+12 2.58636e+12 2.58636e+12 
0.033 -2.29094 -5.59094 -3.35746 -4.98169 0.0909429 1.75648e+07 1.70977e+14 0.000265534 0.00140033 7.47266e-16 3.83599e-08 199860 0 0 1.49379e-10 0 0 0.00766783 0 0 0 0 0 0 2.58651e+12 2.58651e+12 2.58651e+12 2.58651e+12 
0.0335 -2.28095 -5.58095 -3.34747 -4.9717 0.0809498 1.75662e+07 1.7097e+14 0.000265545 0.00140036 7.47352e-16 3.83591e-08 199865 0 0 1.494e-10 0 0 0.00766783 0 0 0 0 0 0 2.58666e+12 2.58666e+12 2.58666e+12 2.58666e+12 
0.034 -2.27096 -5.57096 -3.33747 -4.9617 0.0709564 1.75676e+07 1.70962e+14 0.000265555 0.00140039 7.47439e-16 3.83582e-08 199869 0 0 1.49421e-10 0 0 0.00766783 0 0 0 0 0 0 2.58681e+12 2.58681e+12 2.58681e+12 2.58681e+12 
0.0345 -2.26096 -5.56096 -3.32747 -4.95171 0.0609629 1.75689e+07 1.70954e+14 0.000265565 0.00140042 7.47526e-16 3.83574e-08 199874 0 0 1.49441e-10 0 0 0.00766783 0 0 0 0 0 0 2.58696e+12 2.58696e+12 2.58696e+12 2.58696e+12 
0.035 -2.25097 -5.55097 -3.31748 -4.94171 0.0509691 1.75703e+07 1.70947e+14 0.000265575 0.00140045 7.47613e-16 3.83566e-08 199878 0 0 1.49462e-10 0 0 0.00766783 0 0 0 0 0 0 2.58711e+12 2.58711e+12 2.58711e+12 2.58711e+12 
0.0355 -2.24098 -5.54098 -3.30748 -4.93172 0.0409751 1.75716e+07 1.70939e+14 0.000265586 0.00140048 7.477e-16 3.83557e-08 199882 0 0 1.49483e-10 0 0 0.00766783 0 0 0 0 0 0 2.58726e+12 2.58726e+12 2.58726e+12 2.58726e+12 
0.036 -2.23098 -5.53098 -3.29749 -4.92172 0.0309808 1.7573e+07 1.70931e+14 0.000265596 0.00140052 7.47787e-16 3.83549e-08 199887 0 0 1.49503e-10 0 0 0.00766783 0 0 0 0 0 0 2.58741e+12 2.58741e+12 2.58741e+12 2.58741e+12 
0.0365 -2.22099 -5.52099 -3.28749 -4.91172 0.0209864 1.75744e+07 1.70924e+14 0.000265606 0.00140055 7.47874e-16 3.8354e-08 199891 0 0 1.49524e-10 0 0 0.00766783 0 0 0 0 0 0 2.58756e+12 2.58756e+12 2.58756e+12 2.58756e+12 
0.037 -2.21099 -5.51099 -3.27749 -4.90173 0.0109917 1.75757e+07 1.70916e+14 0.000265616 0.00140058 7.47961e-16 3.83532e-08 199896 0 0 1.49545e-10 0 0 0.00766783 0 0 0 0 0 0 2.58771e+12 2.58771e+12 2.58771e+12 2.58771e+12 
0.0375 -2.201 -5.501 -3.2675 -4.89173 0.000996839 1.75771e+07 1.70909e+14 0.000265627 0.00140061 7.48048e-16 3.83523e-08 199900 0 0 1.49565e-10 0 0 0.00766783 0 0 0 0 0 0 2.58786e+12 2.58786e+12 2.58786e+12 2.58786e+12 
0.038 -2.191 -5.491 -3.2575 -4.88174 -0.00899827 1.75785e+07 1.70901e+14 0.000265637 0.00140064 7.48134e-16 3.83515e-08 199904 0 0 1.49586e-10 0 0 0.00766783 0 0 0 0 0 0 2.58801e+12 2.58801e+12 2.58801e+12 2.58801e+12 
0.0385 -2.18101 -5.48101 -3.2475 -4.87174 -0.0189936 1.75798e+07 1.70893e+14 0.000265647 0.00140067 7.48221e-16 3.83506e-08 199909 0 0 1.49607e-10 0 0 0.00766783 0 0 0 0 0 0 2.58816e+12 2.58816e+12 2.58816e+12 2.58816e+12 
0.039 -2.17101 -5.47101 -3.2375 -4.86174 -0.0289892 1.75812e+07 1.70886e+14 0.000265657 0.0014007 7.48308e-16 3.83498e-08 199913 0 0 1.49627e-10 0 0 0.00766783 0 0 0 0 0 0 2.58831e+12 2.58831e+12 2.58831e+12 2.58831e+12 
0.0395 -2.16102 -5.46102 -3.22751 -4.85174 -0.0389849 1.75825e+07 1.70878e+14 0.000265668 0.00140074 7.48395e-16 3.83489e-08 199918 0 0 1.49648e-10 0 0 0.00766783 0 0 0 0 0 0 2.58846e+12 2.58846e+12 2.58846e+12 2.58846e+12 
0.04 -2.15102 -5.45102 -3.21751 -4.84175 -0.0489809 1.75839e+07 1.70871e+14 0.000265678 0.00140077 7.48482e-16 3.83481e-08 199922 0 0 1.49669e-10 0 0 0.00766783 0 0 0 0 0 0 2.58861e+12 2.58861e+12 2.58861e+12 2.58861e+12 
0.0405 -2.14102 -5.44102 -3.20751 -4.83175 -0.0589771 1.75853e+07 1.70863e+14 0.000265688 0.0014008 7.48569e-16 3.83472e-08 199927 0 0 1.49689e-10 0 0 0.00766783 0 0 0 0 0 0 2.58876e+12 2.58876e+12 2.58876e+12 2.58876e+12 
0.041 -2.13103 -5.43103 -3.19751 -4.82175 -0.0689736 1.75866e+07 1.70855e+14 0.000265699 0.00140083 7.48656e-16 3.83464e-08 199931 0 0 1.4971e-10 0 0 0.00766783 0 0 0 0 0 0 2.58891e+12 2.58891e+12 2.58891e+12 2.58891e+12 
0.0415 -2.12103 -5.42103 -3.18751 -4.81175 -0.0789702 1.7588e+07 1.70848e+14 0.000265709 0.00140086 7.48743e-16 3.83455e-08 199935 0 0 1.49731e-10 0 0 0.00766783 0 0 0 0 0 0 2.58906e+12 2.58906e+12 2.58906e+12 2.58906e+12 
0.042 -2.11103 -5.41103 -3.17751 -4.80175 -0.0889671 1.75894e+07 1.7084e+14 0.000265719 0.00140089 7.4883e-16 3.83447e-08 199940 0 0 1.49751e-10 0 0 0.00766783 0 0 0 0 0 0 2.58921e+12 2.58921e+12 2.58921e+12 2.58921e+12 
0.0425 -2.10104 -5.40104 -3.16751 -4.79176 -0.0989642 1.75907e+07 1.70832e+14 0.000265729 0.00140092 7.48917e-16 3.83438e-08 199944 0 0 1.49772e-10 0 0 0.00766783 0 0 0 0 0 0 2.58936e+12 2.58936e+12 2.58936e+12 2.58936e+12 
0.043 -2.09104 -5.39104 -3.15752 -4.78176 -0.108962 1.75921e+07 1.70825e+14 0.00026574 0.00140096 7.49004e-16 3.8343e-08 199949 0 0 1.49793e-10 0 0 0.00766783 0 0 0 0 0 0 2.58951e+12 2.58951e+12 2.58951e+12 2.58951e+12 
0.0435 -2.08104 -5.38104 -3.14752 -4.77176 -0.118959 1.75934e+07 1.70817e+14 0.00026575 0.00140099 7.49091e-16 3.83422e-08 199953 0 0 1.49814e-10 0 0 0.00766783 0 0 0 0 0 0 2.58966e+12 2.58966e+12 2.58966e+12 2.58966e+12 
0.044 -2.07104 -5.37104 -3.13752 -4.76176 -0.128957 1.75948e+07 1.7081e+14 0.00026576 0.00140102 7.49178e-16 3.83413e-08 199957 0 0 1.49834e-10 0 0 0.00766783 0 0 0 0 0 0 2.58981e+12 2.58981e+12 2.58981e+12 2.58981e+12 
0.0445 -2.06105 -5.36105 -3.12752 -4.75176 -0.138955 1.75962e+07 1.70802e+14 0.00026577 0.00140105 7.49264e-16 3.83405e-08 199962 0 0 1.49855e-10 0 0 0.00766783 0 0 0 0 0 0 2.58996e+12 2.58996e+12 2.58996e+12 2.58996e+12 
0.045 -2.05105 -5.35105 -3.11752 -4.74176 -0.148953 1.75975e+07 1.70794e+14 0.000265781 0.00140108 7.49351e-16 3.83396e-08 199966 0 0 1.49876e-10 0 0 0.00766783 0 0 0 0 0 0 2.59011e+12 2.59011e+12 2.59011e+12 2.59011e+12 
0.0455 -2.04105 -5.34105 -3.10752 -4.73176 -0.158951 1.75989e+07 1.70787e+14 0.000265791 0.00140111 7.49438e-16 3.83388e-08 199971 0 0 1.49896e-10 0 0 0.00766783 0 0 0 0 0 0 2.59026e+12 2.59026e+12 2.59026e+12 2.59026e+12 
0.046 -2.03105 -5.33105 -3.09751 -4.72176 -0.16895 1.76003e+07 1.70779e+14 0.000265801 0.00140115 7.49525e-16 3.83379e-08 199975 0 0 1.49917e-10 0 0 0.00766783 0 0 0 0 0 0 2.59041e+12 2.59041e+12 2.59041e+12 2.59041e+12 
0.0465 -2.02105 -5.32105 -3.08751 -4.71176 -0.178949 1.76016e+07 1.70772e+14 0.000265811 0.00140118 7.49612e-16 3.83371e-08 199980 0 0 1.49938e-10 0 0 0.00766783 0 0 0 0 0 0 2.59056e+12 2.59056e+12 2.59056e+12 2.59056e+12 
0.047 -2.01105 -5.31105 -3.07751 -4.70176 -0.188948 1.7603e+07 1.70764e+14 0.000265822 0.00140121 7.49699e-16 3.83362e-08 199984 0 0 1.49958e-10 0 0 0.00766783 0 0 0 0 0 0 2.59071e+12 2.59071e+12 2.59071e+12 2.59071e+12 
0.0475 -2.00105 -5.30105 -3.06751 -4.69176 -0.198947 1.76043e+07 1.70756e+14 0.000265832 0.00140124 7.49786e-16 3.83354e-08 199988 0 0 1.49979e-10 0 0 0.00766783 0 0 0 0 0 0 2.59086e+12 2.59086e+12 2.59086e+12 2.59086e+12 
0.048 -1.99105 -5.29105 -3.05751 -4.68176 -0.208947 1.76057e+07 1.70749e+14 0.000265842 0.00140127 7.49873e-16 3.83345e-08 199993 0 0 1.5e-10 0 0 0.00766783 0 0 0 0 0 0 2.59101e+12 2.59101e+12 2.59101e+12 2.59101e+12 
0.0485 -1.98105 -5.28105 -3.04751 -4.67175 -0.218947 1.76071e+07 1.70741e+14 0.000265853 0.0014013 7.4996e-16 3.83337e-08 199997 0 0 1.5002e-10 0 0 0.00766783 0 0 0 0 0 0 2.59116e+12 2.59116e+12 2.59116e+12 2.59116e+12 
0.049 -1.97105 -5.27105 -3.03751 -4.66175 -0.228947 1.76084e+07 1.70734e+14 0.000265863 0.00140133 7.50047e-16 3.83328e-08 200002 0 0 1.50041e-10 0 0 0.00766783 0 0 0 0 0 0 2.59131e+12 2.59131e+12 2.59131e+12 2.59131e+12 
0.0495 -1.96105 -5.26105 -3.0275 -4.65175 -0.238947 1.76098e+07 1.70726e+14 0.000265873 0.00140137 7.50134e-16 3.8332e-08 200006 0 0 1.50062e-10 0 0 0.00766783 0 0 0 0 0 0 2.59146e+12 2.59146e+12 2.59146e+12 2.59146e+12 
0.05 -1.95105 -5.25105 -3.0175 -4.64175 -0.248947 1.76112e+07 1.70718e+14 0.000265883 0.0014014 7.50221e-16 3.83312e-08 200010 0 0 1.50083e-10 0 0 0.00766783 0 0 0 0 0 0 2.59161e+12 2.59161e+12 2.59161e+12 2.59161e+12 
0.0505 -1.94105 -5.24105 -3.0075 -4.63175 -0.258948 1.76125e+07 1.70711e+14 0.000265894 0.00140143 7.50308e-16 3.83303e-08 200015 0 0 1.50103e-10 0 0 0.00766783 0 0 0 0 0 0 2.59176e+12 2.59176e+12 2.59176e+12 2.59176e+12 
0.051 -1.93105 -5.23105 -2.9975 -4.62174 -0.268949 1.76139e+07 1.70703e+14 0.000265904 0.00140146 7.50395e-16 3.83295e-08 200019 0 0 1.50124e-10 0 0 0.00766783 0 0 0 0 0 0 2.59191e+12 2.59191e+12 2.59191e+12 2.59191e+12 
0.0515 -1.92105 -5.22105 -2.98749 -4.61174 -0.27895 1.76152e+07 1.70696e+14 0.000265914 0.00140149 7.50482e-16 3.83286e-08 200024 0 0 1.50145e-10 0 0 0.00766783 0 0 0 0 0 0 2.59206e+12 2.59206e+12 2.59206e+12 2.59206e+12 
0.052 -1.91105 -5.21105 -2.97749 -4.60174 -0.288951 1.76166e+07 1.70688e+14 0.000265924 0.00140152 7.50569e-16 3.83278e-08 200028 0 0 1.50165e-10 0 0 0.00766783 0 0 0 0 0 0 2.59221e+12 2.59221e+12 2.59221e+12 2.59221e+12 
0.0525 -1.90105 -5.20105 -2.96749 -4.59174 -0.298953 1.7618e+07 1.7068e+14 0.000265935 0.00140155 7.50656e-16 3.83269e-08 200032 0 0 1.50186e-10 0 0 0.00766783 0 0 0 0 0 0 2.59236e+12 2.59236e+12 2.59236e+12 2.59236e+12 
0.053 -1.89105 -5.19105 -2.95748 -4.58173 -0.308954 1.76193e+07 1.70673e+14 0.000265945 0.00140159 7.50743e-16 3.83261e-08 200037 0 0 1.50207e-10 0 0 0.00766783 0 0 0 0 0 0 2.59251e+12 2.59251e+12 2.59251e+12 2.59251e+12 
0.0535 -1.88104 -5.18104 -2.94748 -4.57173 -0.318956 1.76207e+07 1.70665e+14 0.000265955 0.00140162 7.5083e-16 3.83252e-08 200041 0 0 1.50228e-10 0 0 0.00766783 0 0 0 0 0 0 2.59266e+12 2.59266e+12 2.59266e+12 2.59266e+12 
0.054 -1.87104 -5.17104 -2.93747 -4.56173 -0.328958 1.7622e+07 1.70658e+14 0.000265965 0.00140165 7.50917e-16 3.83244e-08 200046 0 0 1.50248e-10 0 0 0.00766783 0 0 0 0 0 0 2.59281e+12 2.59281e+12 2.59281e+12 2.59281e+12 
0.0545 -1.86104 -5.16104 -2.92747 -4.55172 -0.338961 1.76234e+07 1.7065e+14 0.000265976 0.00140168 7.51004e-16 3.83236e-08 200050 0 0 1.50269e-10 0 0 0.00766783 0 0 0 0 0 0 2.59296e+12 2.59296e+12 2.59296e+12 2.59296e+12 
0.055 -1.85104 -5.15104 -2.91746 -4.54172 -0.348963 1.76248e+07 1.70643e+14 0.000265986 0.00140171 7.51091e-16 3.83227e-08 200055 0 0 1.5029e-10 0 0 0.00766783 0 0 0 0 0 0 2.59311e+12 2.59311e+12 2.59311e+12 2.59311e+12 
0.0555 -1.84103 -5.14103 -2.90746 -4.53171 -0.358966 1.76261e+07 1.70635e+14 0.000265996 0.00140174 7.51178e-16 3.83219e-08 200059 0 0 1.5031e-10 0 0 0.00766783 0 0 0 0 0 0 2.59326e+12 2.59326e+12 2.59326e+12 2.59326e+12 
0.056 -1.83103 -5.13103 -2.89745 -4.52171 -0.368969 1.76275e+07 1.70627e+14 0.000266007 0.00140177 7.51265e-16 3.8321e-08 200063 0 0 1.50331e-10 0 0 0.00766783 0 0 0 0 0 0 2.59341e+12 2.59341e+12 2.59341e+12 2.59341e+12 
0.0565 -1.82103 -5.12103 -2.88745 -4.5117 -0.378973 1.76288e+07 1.7062e+14 0.000266017 0.00140181 7.51352e-16 3.83202e-08 200068 0 0 1.50352e-10 0 0 0.00766783 0 0 0 0 0 0 2.59356e+12 2.59356e+12 2.59356e+12 2.59356e+12 
0.057 -1.81102 -5.11102 -2.87744 -4.5017 -0.388976 1.76302e+07 1.70612e+14 0.000266027 0.00140184 7.51439e-16 3.83193e-08 200072 0 0 1.50373e-10 0 0 0.00766783 0 0 0 0 0 0 2.59371e+12 2.59371e+12 2.59371e+12 2.59371e+12 
0.0575 -1.80102 -5.10102 -2.86744 -4.49169 -0.39898 1.76316e+07 1.70605e+14 0.000266037 0.00140187 7.51526e-16 3.83185e-08 200077 0 0 1.50393e-10 0 0 0.00766783 0 0 0 0 0 0 2.59386e+12 2.59386e+12 2.59386e+12 2.59386e+12 
0.058 -1.79102 -5.09102 -2.85743 -4.48169 -0.408984 1.76329e+07 1.70597e+14 0.000266048 0.0014019 7.51613e-16 3.83176e-08 200081 0 0 1.50414e-10 0 0 0.00766783 0 0 0 0 0 0 2.59401e+12 2.59401e+12 2.59401e+12 2.59401e+12 
0.0585 -1.78101 -5.08101 -2.84743 -4.47168 -0.418988 1.76343e+07 1.70589e+14 0.000266058 0.00140193 7.517e-16 3.83168e-08 200085 0 0 1.50435e-10 0 0 0.00766783 0 0 0 0 0 0 2.59416e+12 2.59416e+12 2.59416e+12 2.59416e+12 
0.059 -1.77101 -5.07101 -2.83742 -4.46168 -0.428992 1.76357e+07 1.70582e+14 0.000266068 0.00140196 7.51787e-16 3.8316e-08 200090 0 0 1.50456e-10 0 0 0.00766783 0 0 0 0 0 0 2.59431e+12 2.59431e+12 2.59431e+12 2.59431e+12 
0.0595 -1.761 -5.061 -2.82741 -4.45167 -0.438997 1.7637e+07 1.70574e+14 0.000266078 0.00140199 7.51874e-16 3.83151e-08 200094 0 0 1.50476e-10 0 0 0.00766783 0 0 0 0 0 0 2.59446e+12 2.59446e+12 2.59446e+12 2.59446e+12 
0.06 -1.751 -5.051 -2.81741 -4.44166 -0.449002 1.76384e+07 1.70567e+14 0.000266089 0.00140203 7.51961e-16 3.83143e-08 200099 0 0 1.50497e-10 0 0 0.00766783 0 0 0 0 0 0 2.59461e+12 2.59461e+12 2.59461e+12 2.59461e+12 
0.0605 -1.74099 -5.04099 -2.8074 -4.43166 -0.459007 1.76397e+07 1.70559e+14 0.000266099 0.00140206 7.52048e-16 3.83134e-08 200103 0 0 1.50518e-10 0 0 0.00766783 0 0 0 0 0 0 2.59476e+12 2.59476e+12 2.59476e+12 2.59476e+12 
0.061 -1.73099 -5.03099 -2.79739 -4.42165 -0.469012 1.76411e+07 1.70551e+14 0.000266109 0.00140209 7.52135e-16 3.83126e-08 200107 0 0 1.50538e-10 0 0 0.00766783 0 0 0 0 0 0 2.59491e+12 2.59491e+12 2.59491e+12 2.59491e+12 
0.0615 -1.72098 -5.02098 -2.78738 -4.41164 -0.479018 1.76425e+07 1.70544e+14 0.00026612 0.00140212 7.52222e-16 3.83117e-08 200112 0 0 1.50559e-10 0 0 0.00766783 0 0 0 0 0 0 2.59506e+12 2.59506e+12 2.59506e+12 2.59506e+12 
0.062 -1.71098 -5.01098 -2.77738 -4.40164 -0.489023 1.76438e+07 1.70536e+14 0.00026613 0.00140215 7.52309e-16 3.83109e-08 200116 0 0 1.5058e-10 0 0 0.00766783 0 0 0 0 0 0 2.59521e+12 2.59521e+12 2.59521e+12 2.59521e+12 
0.0625 -1.70097 -5.00097 -2.76737 -4.39163 -0.499029 1.76452e+07 1.70529e+14 0.00026614 0.00140218 7.52396e-16 3.831e-08 200121 0 0 1.50601e-10 0 0 0.00766783 0 0 0 0 0 0 2.59536e+12 2.59536e+12 2.59536e+12 2.59536e+12 
0.063 -1.69096 -4.99096 -2.75736 -4.38162 -0.509035 1.76465e+07 1.70521e+14 0.00026615 0.00140221 7.52483e-16 3.83092e-08 200125 0 0 1.50621e-10 0 0 0.00766783 0 0 0 0 0 0 2.59551e+12 2.59551e+12 2.59551e+12 2.59551e+12 
0.0635 -1.68096 -4.98096 -2.74735 -4.37161 -0.519042 1.76479e+07 1.70514e+14 0.000266161 0.00140225 7.5257e-16 3.83084e-08 200130 0 0 1.50642e-10 0 0 0.00766783 0 0 0 0 0 0 2.59566e+12 2.59566e+12 2.59566e+12 2.59566e+12 
0.064 -1.67095 -4.97095 -2.73734 -4.3616 -0.529048 1.76493e+07 1.70506e+14 0.000266171 0.00140228 7.52657e-16 3.83075e-08 200134 0 0 1.50663e-10 0 0 0.00766783 0 0 0 0 0 0 2.59581e+12 2.59581e+12 2.59581e+12 2.59581e+12 
0.0645 -1.66094 -4.96094 -2.72733 -4.3516 -0.539055 1.76506e+07 1.70498e+14 0.000266181 0.00140231 7.52744e-16 3.83067e-08 200138 0 0 1.50684e-10 0 0 0.00766783 0 0 0 0 0 0 2.59596e+12 2.59596e+12 2.59596e+12 2.59596e+12 
0.065 -1.65094 -4.95094 -2.71733 -4.34159 -0.549062 1.7652e+07 1.70491e+14 0.000266191 0.00140234 7.52831e-16 3.83058e-08 200143 0 0 1.50704e-10 0 0 0.00766783 0 0 0 0 0 0 2.59611e+12 2.59611e+12 2.59611e+12 2.59611e+12 
0.0655 -1.64093 -4.94093 -2.70732 -4.33158 -0.559069 1.76533e+07 1.70483e+14 0.000266202 0.00140237 7.52918e-16 3.8305e-08 200147 0 0 1.50725e-10 0 0 0.00766783 0 0 0 0 0 0 2.59626e+12 2.59626e+12 2.59626e+12 2.59626e+12 
0.066 -1.63092 -4.93092 -2.69731 -4.32157 -0.569077 1.76547e+07 1.70476e+14 0.000266212 0.0014024 7.53006e-16 3.83041e-08 200152 0 0 1.50746e-10 0 0 0.00766783 0 0 0 0 0 0 2.59641e+12 2.59641e+12 2.59641e+12 2.59641e+12 
0.0665 -1.62092 -4.92092 -2.6873 -4.31156 -0.579085 1.76561e+07 1.70468e+14 0.000266222 0.00140243 7.53093e-16 3.83033e-08 200156 0 0 1.50767e-10 0 0 0.00766783 0 0 0 0 0 0 2.59656e+12 2.59656e+12 2.59656e+12 2.59656e+12 
0.067 -1.61091 -4.91091 -2.67729 -4.30155 -0.589092 1.76574e+07 1.70461e+14 0.000266232 0.00140247 7.5318e-16 3.83025e-08 200160 0 0 1.50787e-10 0 0 0.00766783 0 0 0 0 0 0 2.5967e+12 2.5967e+12 2.5967e+12 2.5967e+12 
0.0675 -1.6009 -4.9009 -2.66728 -4.29154 -0.599101 1.76588e+07 1.70453e+14 0.000266243 0.0014025 7.53267e-16 3.83016e-08 200165 0 0 1.50808e-10 0 0 0.00766783 0 0 0 0 0 0 2.59685e+12 2.59685e+12 2.59685e+12 2.59685e+12 
0.068 -1.59089 -4.89089 -2.65727 -4.28153 -0.609109 1.76601e+07 1.70445e+14 0.000266253 0.00140253 7.53354e-16 3.83008e-08 200169 0 0 1.50829e-10 0 0 0.00766783 0 0 0 0 0 0 2.597e+12 2.597e+12 2.597e+12 2.597e+12 
0.0685 -1.58088 -4.88088 -2.64726 -4.27152 -0.619117 1.76615e+07 1.70438e+14 0.000266263 0.00140256 7.53441e-16 3.82999e-08 200174 0 0 1.5085e-10 0 0 0.00766783 0 0 0 0 0 0 2.59715e+12 2.59715e+12 2.59715e+12 2.59715e+12 
0.069 -1.57087 -4.87087 -2.63724 -4.26151 -0.629126 1.76629e+07 1.7043e+14 0.000266274 0.00140259 7.53528e-16 3.82991e-08 200178 0 0 1.5087e-10 0 0 0.00766783 0 0 0 0 0 0 2.5973e+12 2.5973e+12 2.5973e+12 2.5973e+12 
0.0695 -1.56086 -4.86086 -2.62723 -4.2515 -0.639135 1.76642e+07 1.70423e+14 0.000266284 0.00140262 7.53615e-16 3.82982e-08 200182 0 0 1.50891e-10 0 0 0.00766783 0 0 0 0 0 0 2.59745e+12 2.59745e+12 2.59745e+12 2.59745e+12 
0.07 -1.55086 -4.85086 -2.61722 -4.24149 -0.649144 1.76656e+07 1.70415e+14 0.000266294 0.00140266 7.53702e-16 3.82974e-08 200187 0 0 1.50912e-10 0 0 0.00766783 0 0 0 0 0 0 2.5976e+12 2.5976e+12 2.5976e+12 2.5976e+12 
0.0705 -1.54085 -4.84085 -2.60721 -4.23148 -0.659154 1.76669e+07 1.70408e+14 0.000266304 0.00140269 7.53789e-16 3.82966e-08 200191 0 0 1.50933e-10 0 0 0.00766783 0 0 0 0 0 0 2.59775e+12 2.59775e+12 2.59775e+12 2.59775e+12 
0.071 -1.53084 -4.83084 -2.5972 -4.22147 -0.669164 1.76683e+07 1.704e+14 0.000266315 0.00140272 7.53876e-16 3.82957e-08 200196 0 0 1.50953e-10 0 0 0.00766783 0 0 0 0 0 0 2.5979e+12 2.5979e+12 2.5979e+12 2.5979e+12 
0.0715 -1.52083 -4.82083 -2.58719 -4.21146 -0.679173 1.76697e+07 1.70392e+14 0.000266325 0.00140275 7.53963e-16 3.82949e-08 200200 0 0 1.50974e-10 0 0 0.00766783 0 0 0 0 0 0 2.59805e+12 2.59805e+12 2.59805e+12 2.59805e+12 
0.072 -1.51082 -4.81082 -2.57718 -4.20144 -0.689184 1.7671e+07 1.70385e+14 0.000266335 0.00140278 7.54051e-16 3.8294e-08 200204 0 0 1.50995e-10 0 0 0.00766783 0 0 0 0 0 0 2.5982e+12 2.5982e+12 2.5982e+12 2.5982e+12 
0.0725 -1.50081 -4.80081 -2.56716 -4.19143 -0.699194 1.76724e+07 1.70377e+14 0.000266345 0.00140281 7.54138e-16 3.82932e-08 200209 0 0 1.51016e-10 0 0 0.00766783 0 0 0 0 0 0 2.59835e+12 2.59835e+12 2.59835e+12 2.59835e+12 
0.073 -1.4908 -4.7908 -2.55715 -4.18142 -0.709204 1.76737e+07 1.7037e+14 0.000266356 0.00140284 7.54225e-16 3.82924e-08 200213 0 0 1.51036e-10 0 0 0.00766783 0 0 0 0 0 0 2.5985e+12 2.5985e+12 2.5985e+12 2.5985e+12 
0.0735 -1.48078 -4.78078 -2.54714 -4.17141 -0.719215 1.76751e+07 1.70362e+14 0.000266366 0.00140288 7.54312e-16 3.82915e-08 200218 0 0 1.51057e-10 0 0 0.00766783 0 0 0 0 0 0 2.59865e+12 2.59865e+12 2.59865e+12 2.59865e+12 
0.074 -1.47077 -4.77077 -2.53712 -4.1614 -0.729226 1.76765e+07 1.70355e+14 0.000266376 0.00140291 7.54399e-16 3.82907e-08 200222 0 0 1.51078e-10 0 0 0.00766783 0 0 0 0 0 0 2.5988e+12 2.5988e+12 2.5988e+12 2.5988e+12 
0.0745 -1.46076 -4.76076 -2.52711 -4.15138 -0.739237 1.76778e+07 1.70347e+14 0.000266387 0.00140294 7.54486e-16 3.82898e-08 200226 0 0 1.51099e-10 0 0 0.00766783 0 0 0 0 0 0 2.59895e+12 2.59895e+12 2.59895e+12 2.59895e+12 
0.075 -1.45075 -4.75075 -2.5171 -4.14137 -0.749249 1.76792e+07 1.70339e+14 0.000266397 0.00140297 7.54573e-16 3.8289e-08 200231 0 0 1.51119e-10 0 0 0.00766783 0 0 0 0 0 0 2.5991e+12 2.5991e+12 2.5991e+12 2.5991e+12 
0.0755 -1.44074 -4.74074 -2.50708 -4.13136 -0.759261 1.76805e+07 1.70332e+14 0.000266407 0.001403 7.5466e-16 3.82881e-08 200235 0 0 1.5114e-10 0 0 0.00766783 0 0 0 0 0 0 2.59925e+12 2.59925e+12 2.59925e+12 2.59925e+12 
0.076 -1.43073 -4.73073 -2.49707 -4.12134 -0.769272 1.76819e+07 1.70324e+14 0.000266417 0.00140303 7.54747e-16 3.82873e-08 200240 0 0 1.51161e-10 0 0 0.00766783 0 0 0 0 0 0 2.5994e+12 2.5994e+12 2.5994e+12 2.5994e+12 
0.0765 -1.42072 -4.72072 -2.48706 -4.11133 -0.779285 1.76832e+07 1.70317e+14 0.000266428 0.00140306 7.54834e-16 3.82865e-08 200244 0 0 1.51182e-10 0 0 0.00766783 0 0 0 0 0 0 2.59954e+12 2.59954e+12 2.59954e+12 2.59954e+12 
0.077 -1.4107 -4.7107 -2.47704 -4.10132 -0.789297 1.76846e+07 1.70309e+14 0.000266438 0.0014031 7.54922e-16 3.82856e-08 200248 0 0 1.51202e-10 0 0 0.00766783 0 0 0 0 0 0 2.59969e+12 2.59969e+12 2.59969e+12 2.59969e+12 
0.0775 -1.40069 -4.70069 -2.46703 -4.0913 -0.799309 1.7686e+07 1.70302e+14 0.000266448 0.00140313 7.55009e-16 3.82848e-08 200253 0 0 1.51223e-10 0 0 0.00766783 0 0 0 0 0 0 2.59984e+12 2.59984e+12 2.59984e+12 2.59984e+12 
0.078 -1.39068 -4.69068 -2.45701 -4.08129 -0.809322 1.76873e+07 1.70294e+14 0.000266458 0.00140316 7.55096e-16 3.82839e-08 200257 0 0 1.51244e-10 0 0 0.00766783 0 0 0 0 0 0 2.59999e+12 2.59999e+12 2.59999e+12 2.59999e+12 
0.0785 -1.38066 -4.68066 -2.447 -4.07127 -0.819335 1.76887e+07 1.70286e+14 0.000266469 0.00140319 7.55183e-16 3.82831e-08 200262 0 0 1.51265e-10 0 0 0.00766783 0 0 0 0 0 0 2.60014e+12 2.60014e+12 2.60014e+12 2.60014e+12 
0.079 -1.37065 -4.67065 -2.43698 -4.06126 -0.829348 1.769e+07 1.70279e+14 0.000266479 0.00140322 7.5527e-16 3.82823e-08 200266 0 0 1.51286e-10 0 0 0.00766783 0 0 0 0 0 0 2.60029e+12 2.60029e+12 2.60029e+12 2.60029e+12 
0.0795 -1.36064 -4.66064 -2.42697 -4.05124 -0.839362 1.76914e+07 1.70271e+14 0.000266489 0.00140325 7.55357e-16 3.82814e-08 200270 0 0 1.51306e-10 0 0 0.00766783 0 0 0 0 0 0 2.60044e+12 2.60044e+12 2.60044e+12 2.60044e+12 
0.08 -1.35062 -4.65062 -2.41695 -4.04123 -0.849375 1.76928e+07 1.70264e+14 0.0002665 0.00140328 7.55444e-16 3.82806e-08 200275 0 0 1.51327e-10 0 0 0.00766783 0 0 0 0 0 0 2.60059e+12 2.60059e+12 2.60059e+12 2.60059e+12 
0.0805 -1.34061 -4.64061 -2.40694 -4.03121 -0.859389 1.76941e+07 1.70256e+14 0.00026651 0.00140332 7.55532e-16 3.82797e-08 200279 0 0 1.51348e-10 0 0 0.00766783 0 0 0 0 0 0 2.60074e+12 2.60074e+12 2.60074e+12 2.60074e+12 
0.081 -1.3306 -4.6306 -2.39692 -4.0212 -0.869403 1.76955e+07 1.70249e+14 0.00026652 0.00140335 7.55619e-16 3.82789e-08 200284 0 0 1.51369e-10 0 0 0.00766783 0 0 0 0 0 0 2.60089e+12 2.60089e+12 2.60089e+12 2.60089e+12 
0.0815 -1.32058 -4.62058 -2.3869 -4.01118 -0.879418 1.76968e+07 1.70241e+14 0.00026653 0.00140338 7.55706e-16 3.8278e-08 200288 0 0 1.51389e-10 0 0 0.00766783 0 0 0 0 0 0 2.60104e+12 2.60104e+12 2.60104e+12 2.60104e+12 
0.082 -1.31057 -4.61057 -2.37689 -4.00116 -0.889432 1.76982e+07 1.70234e+14 0.000266541 0.00140341 7.55793e-16 3.82772e-08 200292 0 0 1.5141e-10 0 0 0.00766783 0 0 0 0 0 0 2.60119e+12 2.60119e+12 2.60119e+12 2.60119e+12 
0.0825 -1.30055 -4.60055 -2.36687 -3.99115 -0.899447 1.76996e+07 1.70226e+14 0.000266551 0.00140344 7.5588e-16 3.82764e-08 200297 0 0 1.51431e-10 0 0 0.00766783 0 0 0 0 0 0 2.60134e+12 2.60134e+12 2.60134e+12 2.60134e+12 
0.083 -1.29054 -4.59054 -2.35685 -3.98113 -0.909462 1.77009e+07 1.70218e+14 0.000266561 0.00140347 7.55967e-16 3.82755e-08 200301 0 0 1.51452e-10 0 0 0.00766783 0 0 0 0 0 0 2.60149e+12 2.60149e+12 2.60149e+12 2.60149e+12 
0.0835 -1.28052 -4.58052 -2.34684 -3.97111 -0.919477 1.77023e+07 1.70211e+14 0.000266571 0.0014035 7.56054e-16 3.82747e-08 200306 0 0 1.51473e-10 0 0 0.00766783 0 0 0 0 0 0 2.60163e+12 2.60163e+12 2.60163e+12 2.60163e+12 
0.084 -1.27051 -4.57051 -2.33682 -3.9611 -0.929492 1.77036e+07 1.70203e+14 0.000266582 0.00140354 7.56142e-16 3.82738e-08 200310 0 0 1.51493e-10 0 0 0.00766783 0 0 0 0 0 0 2.60178e+12 2.60178e+12 2.60178e+12 2.60178e+12 
0.0845 -1.26049 -4.56049 -2.3268 -3.95108 -0.939508 1.7705e+07 1.70196e+14 0.000266592 0.00140357 7.56229e-16 3.8273e-08 200314 0 0 1.51514e-10 0 0 0.00766783 0 0 0 0 0 0 2.60193e+12 2.60193e+12 2.60193e+12 2.60193e+12 
0.085 -1.25048 -4.55048 -2.31678 -3.94106 -0.949524 1.77063e+07 1.70188e+14 0.000266602 0.0014036 7.56316e-16 3.82722e-08 200319 0 0 1.51535e-10 0 0 0.00766783 0 0 0 0 0 0 2.60208e+12 2.60208e+12 2.60208e+12 2.60208e+12 
0.0855 -1.24046 -4.54046 -2.30676 -3.93105 -0.95954 1.77077e+07 1.70181e+14 0.000266613 0.00140363 7.56403e-16 3.82713e-08 200323 0 0 1.51556e-10 0 0 0.00766783 0 0 0 0 0 0 2.60223e+12 2.60223e+12 2.60223e+12 2.60223e+12 
0.086 -1.23044 -4.53044 -2.29675 -3.92103 -0.969556 1.77091e+07 1.70173e+14 0.000266623 0.00140366 7.5649e-16 3.82705e-08 200328 0 0 1.51577e-10 0 0 0.00766783 0 0 0 0 0 0 2.60238e+12 2.60238e+12 2.60238e+12 2.60238e+12 
0.0865 -1.22043 -4.52043 -2.28673 -3.91101 -0.979573 1.77104e+07 1.70166e+14 0.000266633 0.00140369 7.56578e-16 3.82696e-08 200332 0 0 1.51597e-10 0 0 0.00766783 0 0 0 0 0 0 2.60253e+12 2.60253e+12 2.60253e+12 2.60253e+12 
0.087 -1.21041 -4.51041 -2.27671 -3.90099 -0.989589 1.77118e+07 1.70158e+14 0.000266643 0.00140373 7.56665e-16 3.82688e-08 200336 0 0 1.51618e-10 0 0 0.00766783 0 0 0 0 0 0 2.60268e+12 2.60268e+12 2.60268e+12 2.60268e+12 
0.0875 -1.20039 -4.50039 -2.26669 -3.89097 -0.999606 1.77131e+07 1.70151e+14 0.000266654 0.00140376 7.56752e-16 3.8268e-08 200341 0 0 1.51639e-10 0 0 0.00766783 0 0 0 0 0 0 2.60283e+12 2.60283e+12 2.60283e+12 2.60283e+12 
0.088 -1.19038 -4.49038 -2.25667 -3.88095 -1.00962 1.77145e+07 1.70143e+14 0.000266664 0.00140379 7.56839e-16 3.82671e-08 200345 0 0 1.5166e-10 0 0 0.00766783 0 0 0 0 0 0 2.60298e+12 2.60298e+12 2.60298e+12 2.60298e+12 
0.0885 -1.18036 -4.48036 -2.24665 -3.87094 -1.01964 1.77159e+07 1.70135e+14 0.000266674 0.00140382 7.56926e-16 3.82663e-08 200350 0 0 1.51681e-10 0 0 0.00766783 0 0 0 0 0 0 2.60313e+12 2.60313e+12 2.60313e+12 2.60313e+12 
0.089 -1.17034 -4.47034 -2.23663 -3.86092 -1.02966 1.77172e+07 1.70128e+14 0.000266684 0.00140385 7.57013e-16 3.82654e-08 200354 0 0 1.51701e-10 0 0 0.00766783 0 0 0 0 0 0 2.60328e+12 2.60328e+12 2.60328e+12 2.60328e+12 
0.0895 -1.16032 -4.46032 -2.22661 -3.8509 -1.03968 1.77186e+07 1.7012e+14 0.000266695 0.00140388 7.57101e-16 3.82646e-08 200358 0 0 1.51722e-10 0 0 0.00766783 0 0 0 0 0 0 2.60342e+12 2.60342e+12 2.60342e+12 2.60342e+12 
0.09 -1.15031 -4.45031 -2.21659 -3.84088 -1.04969 1.77199e+07 1.70113e+14 0.000266705 0.00140391 7.57188e-16 3.82638e-08 200363 0 0 1.51743e-10 0 0 0.00766783 0 0 0 0 0 0 2.60357e+12 2.60357e+12 2.60357e+12 2.60357e+12 
0.0905 -1.14029 -4.44029 -2.20657 -3.83086 -1.05971 1.77213e+07 1.70105e+14 0.000266715 0.00140395 7.57275e-16 3.82629e-08 200367 0 0 1.51764e-10 0 0 0.00766783 0 0 0 0 0 0 2.60372e+12 2.60372e+12 2.60372e+12 2.60372e+12 
0.091 -1.13027 -4.43027 -2.19655 -3.82084 -1.06973 1.77226e+07 1.70098e+14 0.000266726 0.00140398 7.57362e-16 3.82621e-08 200372 0 0 1.51785e-10 0 0 0.00766783 0 0 0 0 0 0 2.60387e+12 2.60387e+12 2.60387e+12 2.60387e+12 
0.0915 -1.12025 -4.42025 -2.18653 -3.81082 -1.07975 1.7724e+07 1.7009e+14 0.000266736 0.00140401 7.57449e-16 3.82613e-08 200376 0 0 1.51805e-10 0 0 0.00766783 0 0 0 0 0 0 2.60402e+12 2.60402e+12 2.60402e+12 2.60402e+12 
0.092 -1.11023 -4.41023 -2.17651 -3.8008 -1.08977 1.77254e+07 1.70083e+14 0.000266746 0.00140404 7.57537e-16 3.82604e-08 200380 0 0 1.51826e-10 0 0 0.00766783 0 0 0 0 0 0 2.60417e+12 2.60417e+12 2.60417e+12 2.60417e+12 
0.0925 -1.10021 -4.40021 -2.16649 -3.79078 -1.09979 1.77267e+07 1.70075e+14 0.000266756 0.00140407 7.57624e-16 3.82596e-08 200385 0 0 1.51847e-10 0 0 0.00766783 0 0 0 0 0 0 2.60432e+12 2.60432e+12 2.60432e+12 2.60432e+12 
0.093 -1.09019 -4.39019 -2.15647 -3.78076 -1.10981 1.77281e+07 1.70068e+14 0.000266767 0.0014041 7.57711e-16 3.82587e-08 200389 0 0 1.51868e-10 0 0 0.00766783 0 0 0 0 0 0 2.60447e+12 2.60447e+12 2.60447e+12 2.60447e+12 
0.0935 -1.08017 -4.38017 -2.14645 -3.77073 -1.11983 1.77294e+07 1.7006e+14 0.000266777 0.00140413 7.57798e-16 3.82579e-08 200394 0 0 1.51889e-10 0 0 0.00766783 0 0 0 0 0 0 2.60462e+12 2.60462e+12 2.60462e+12 2.60462e+12 
0.094 -1.07015 -4.37015 -2.13642 -3.76071 -1.12985 1.77308e+07 1.70052e+14 0.000266787 0.00140417 7.57886e-16 3.82571e-08 200398 0 0 1.51909e-10 0 0 0.00766783 0 0 0 0 0 0 2.60477e+12 2.60477e+12 2.60477e+12 2.60477e+12 
0.0945 -1.06013 -4.36013 -2.1264 -3.75069 -1.13987 1.77322e+07 1.70045e+14 0.000266797 0.0014042 7.57973e-16 3.82562e-08 200402 0 0 1.5193e-10 0 0 0.00766783 0 0 0 0 0 0 2.60492e+12 2.60492e+12 2.60492e+12 2.60492e+12 
0.095 -1.05011 -4.35011 -2.11638 -3.74067 -1.14989 1.77335e+07 1.70037e+14 0.000266808 0.00140423 7.5806e-16 3.82554e-08 200407 0 0 1.51951e-10 0 0 0.00766783 0 0 0 0 0 0 2.60506e+12 2.60506e+12 2.60506e+12 2.60506e+12 
0.0955 -1.04009 -4.34009 -2.10636 -3.73065 -1.15991 1.77349e+07 1.7003e+14 0.000266818 0.00140426 7.58147e-16 3.82545e-08 200411 0 0 1.51972e-10 0 0 0.00766783 0 0 0 0 0 0 2.60521e+12 2.60521e+12 2.60521e+12 2.60521e+12 
0.096 -1.03007 -4.33007 -2.09633 -3.72063 -1.16993 1.77362e+07 1.70022e+14 0.000266828 0.00140429 7.58234e-16 3.82537e-08 200416 0 0 1.51993e-10 0 0 0.00766783 0 0 0 0 0 0 2.60536e+12 2.60536e+12 2.60536e+12 2.60536e+12 
0.0965 -1.02005 -4.32005 -2.08631 -3.7106 -1.17995 1.77376e+07 1.70015e+14 0.000266839 0.00140432 7.58322e-16 3.82529e-08 200420 0 0 1.52013e-10 0 0 0.00766783 0 0 0 0 0 0 2.60551e+12 2.60551e+12 2.60551e+12 2.60551e+12 
0.097 -1.01003 -4.31003 -2.07629 -3.70058 -1.18997 1.77389e+07 1.70007e+14 0.000266849 0.00140435 7.58409e-16 3.8252e-08 200424 0 0 1.52034e-10 0 0 0.00766783 0 0 0 0 0 0 2.60566e+12 2.60566e+12 2.60566e+12 2.60566e+12 
0.0975 -1.00001 -4.30001 -2.06626 -3.69056 -1.19999 1.77403e+07 1.7e+14 0.000266859 0.00140439 7.58496e-16 3.82512e-08 200429 0 0 1.52055e-10 0 0 0.00766783 0 0 0 0 0 0 2.60581e+12 2.60581e+12 2.60581e+12 2.60581e+12 
0.098 -0.989987 -4.28999 -2.05624 -3.68053 -1.21001 1.77417e+07 1.69992e+14 0.000266869 0.00140442 7.58583e-16 3.82503e-08 200433 0 0 1.52076e-10 0 0 0.00766783 0 0 0 0 0 0 2.60596e+12 2.60596e+12 2.60596e+12 2.60596e+12 
0.0985 -0.979966 -4.27997 -2.04622 -3.67051 -1.22003 1.7743e+07 1.69985e+14 0.00026688 0.00140445 7.58671e-16 3.82495e-08 200438 0 0 1.52097e-10 0 0 0.00766783 0 0 0 0 0 0 2.60611e+12 2.60611e+12 2.60611e+12 2.60611e+12 
0.099 -0.969944 -4.26994 -2.03619 -3.66049 -1.23006 1.77444e+07 1.69977e+14 0.00026689 0.00140448 7.58758e-16 3.82487e-08 200442 0 0 1.52118e-10 0 0 0.00766783 0 0 0 0 0 0 2.60626e+12 2.60626e+12 2.60626e+12 2.60626e+12 
0.0995 -0.959921 -4.25992 -2.02617 -3.65046 -1.24008 1.77457e+07 1.6997e+14 0.0002669 0.00140451 7.58845e-16 3.82478e-08 200446 0 0 1.52138e-10 0 0 0.00766783 0 0 0 0 0 0 2.60641e+12 2.60641e+12 2.60641e+12 2.60641e+12 
0.1 -0.949899 -4.2499 -2.01614 -3.64044 -1.2501 1.77471e+07 1.69962e+14 0.000266911 0.00140454 7.58932e-16 3.8247e-08 200451 0 0 1.52159e-10 0 0 0.00766783 0 0 0 0 0 0 2.60655e+12 2.60655e+12 2.60655e+12 2.60655e+12 
0.1005 -0.939876 -4.23988 -2.00612 -3.63042 -1.26012 1.77484e+07 1.69954e+14 0.000266921 0.00140457 7.5902e-16 3.82462e-08 200455 0 0 1.5218e-10 0 0 0.00766783 0 0 0 0 0 0 2.6067e+12 2.6067e+12 2.6067e+12 2.6067e+12 
0.101 -0.929854 -4.22985 -1.99609 -3.62039 -1.27015 1.77498e+07 1.69947e+14 0.000266931 0.00140461 7.59107e-16 3.82453e-08 200460 0 0 1.52201e-10 0 0 0.00766783 0 0 0 0 0 0 2.60685e+12 2.60685e+12 2.60685e+12 2.60685e+12 
0.1015 -0.91983 -4.21983 -1.98607 -3.61037 -1.28017 1.77512e+07 1.69939e+14 0.000266941 0.00140464 7.59194e-16 3.82445e-08 200464 0 0 1.52222e-10 0 0 0.00766783 0 0 0 0 0 0 2.607e+12 2.607e+12 2.607e+12 2.607e+12 
0.102 -0.909807 -4.20981 -1.97604 -3.60034 -1.29019 1.77525e+07 1.69932e+14 0.000266952 0.00140467 7.59281e-16 3.82436e-08 200468 0 0 1.52242e-10 0 0 0.00766783 0 0 0 0 0 0 2.60715e+12 2.60715e+12 2.60715e+12 2.60715e+12 
0.1025 -0.899784 -4.19978 -1.96602 -3.59032 -1.30022 1.77539e+07 1.69924e+14 0.000266962 0.0014047 7.59369e-16 3.82428e-08 200473 0 0 1.52263e-10 0 0 0.00766783 0 0 0 0 0 0 2.6073e+12 2.6073e+12 2.6073e+12 2.6073e+12 
0.103 -0.88976 -4.18976 -1.95599 -3.58029 -1.31024 1.77552e+07 1.69917e+14 0.000266972 0.00140473 7.59456e-16 3.8242e-08 200477 0 0 1.52284e-10 0 0 0.00766783 0 0 0 0 0 0 2.60745e+12 2.60745e+12 2.60745e+12 2.60745e+12 
0.1035 -0.879736 -4.17974 -1.94597 -3.57027 -1.32026 1.77566e+07 1.69909e+14 0.000266982 0.00140476 7.59543e-16 3.82411e-08 200482 0 0 1.52305e-10 0 0 0.00766783 0 0 0 0 0 0 2.6076e+12 2.6076e+12 2.6076e+12 2.6076e+12 
0.104 -0.869712 -4.16971 -1.93594 -3.56024 -1.33029 1.77579e+07 1.69902e+14 0.000266993 0.0014048 7.59631e-16 3.82403e-08 200486 0 0 1.52326e-10 0 0 0.00766783 0 0 0 0 0 0 2.60775e+12 2.60775e+12 2.60775e+12 2.60775e+12 
0.1045 -0.859687 -4.15969 -1.92591 -3.55021 -1.34031 1.77593e+07 1.69894e+14 0.000267003 0.00140483 7.59718e-16 3.82395e-08 200490 0 0 1.52347e-10 0 0 0.00766783 0 0 0 0 0 0 2.60789e+12 2.60789e+12 2.60789e+12 2.60789e+12 
0.105 -0.849663 -4.14966 -1.91589 -3.54019 -1.35034 1.77607e+07 1.69887e+14 0.000267013 0.00140486 7.59805e-16 3.82386e-08 200495 0 0 1.52367e-10 0 0 0.00766783 0 0 0 0 0 0 2.60804e+12 2.60804e+12 2.60804e+12 2.60804e+12 
0.1055 -0.839638 -4.13964 -1.90586 -3.53016 -1.36036 1.7762e+07 1.69879e+14 0.000267024 0.00140489 7.59892e-16 3.82378e-08 200499 0 0 1.52388e-10 0 0 0.00766783 0 0 0 0 0 0 2.60819e+12 2.60819e+12 2.60819e+12 2.60819e+12 
0.106 -0.829613 -4.12961 -1.89583 -3.52013 -1.37039 1.77634e+07 1.69872e+14 0.000267034 0.00140492 7.5998e-16 3.82369e-08 200503 0 0 1.52409e-10 0 0 0.00766783 0 0 0 0 0 0 2.60834e+12 2.60834e+12 2.60834e+12 2.60834e+12 
0.1065 -0.819587 -4.11959 -1.88581 -3.51011 -1.38041 1.77647e+07 1.69864e+14 0.000267044 0.00140495 7.60067e-16 3.82361e-08 200508 0 0 1.5243e-10 0 0 0.00766783 0 0 0 0 0 0 2.60849e+12 2.60849e+12 2.60849e+12 2.60849e+12 
0.107 -0.809562 -4.10956 -1.87578 -3.50008 -1.39044 1.77661e+07 1.69857e+14 0.000267054 0.00140498 7.60154e-16 3.82353e-08 200512 0 0 1.52451e-10 0 0 0.00766783 0 0 0 0 0 0 2.60864e+12 2.60864e+12 2.60864e+12 2.60864e+12 
0.1075 -0.799536 -4.09954 -1.86575 -3.49005 -1.40046 1.77674e+07 1.69849e+14 0.000267065 0.00140502 7.60242e-16 3.82344e-08 200517 0 0 1.52472e-10 0 0 0.00766783 0 0 0 0 0 0 2.60879e+12 2.60879e+12 2.60879e+12 2.60879e+12 
0.108 -0.78951 -4.08951 -1.85572 -3.48003 -1.41049 1.77688e+07 1.69842e+14 0.000267075 0.00140505 7.60329e-16 3.82336e-08 200521 0 0 1.52493e-10 0 0 0.00766783 0 0 0 0 0 0 2.60894e+12 2.60894e+12 2.60894e+12 2.60894e+12 
0.1085 -0.779484 -4.07948 -1.8457 -3.47 -1.42052 1.77701e+07 1.69834e+14 0.000267085 0.00140508 7.60416e-16 3.82328e-08 200525 0 0 1.52513e-10 0 0 0.00766783 0 0 0 0 0 0 2.60908e+12 2.60908e+12 2.60908e+12 2.60908e+12 
0.109 -0.769458 -4.06946 -1.83567 -3.45997 -1.43054 1.77715e+07 1.69827e+14 0.000267095 0.00140511 7.60503e-16 3.82319e-08 200530 0 0 1.52534e-10 0 0 0.00766783 0 0 0 0 0 0 2.60923e+12 2.60923e+12 2.60923e+12 2.60923e+12 
0.1095 -0.759431 -4.05943 -1.82564 -3.44994 -1.44057 1.77729e+07 1.69819e+14 0.000267106 0.00140514 7.60591e-16 3.82311e-08 200534 0 0 1.52555e-10 0 0 0.00766783 0 0 0 0 0 0 2.60938e+12 2.60938e+12 2.60938e+12 2.60938e+12 
0.11 -0.749404 -4.0494 -1.81561 -3.43991 -1.4506 1.77742e+07 1.69811e+14 0.000267116 0.00140517 7.60678e-16 3.82303e-08 200539 0 0 1.52576e-10 0 0 0.00766783 0 0 0 0 0 0 2.60953e+12 2.60953e+12 2.60953e+12 2.60953e+12 
0.1105 -0.739377 -4.03938 -1.80558 -3.42989 -1.46062 1.77756e+07 1.69804e+14 0.000267126 0.0014052 7.60765e-16 3.82294e-08 200543 0 0 1.52597e-10 0 0 0.00766783 0 0 0 0 0 0 2.60968e+12 2.60968e+12 2.60968e+12 2.60968e+12 
0.111 -0.72935 -4.02935 -1.79555 -3.41986 -1.47065 1.77769e+07 1.69796e+14 0.000267137 0.00140524 7.60853e-16 3.82286e-08 200547 0 0 1.52618e-10 0 0 0.00766783 0 0 0 0 0 0 2.60983e+12 2.60983e+12 2.60983e+12 2.60983e+12 
0.1115 -0.719323 -4.01932 -1.78552 -3.40983 -1.48068 1.77783e+07 1.69789e+14 0.000267147 0.00140527 7.6094e-16 3.82277e-08 200552 0 0 1.52638e-10 0 0 0.00766783 0 0 0 0 0 0 2.60998e+12 2.60998e+12 2.60998e+12 2.60998e+12 
0.112 -0.709295 -4.00929 -1.77549 -3.3998 -1.49071 1.77796e+07 1.69781e+14 0.000267157 0.0014053 7.61027e-16 3.82269e-08 200556 0 0 1.52659e-10 0 0 0.00766783 0 0 0 0 0 0 2.61013e+12 2.61013e+12 2.61013e+12 2.61013e+12 
0.1125 -0.699267 -3.99927 -1.76546 -3.38977 -1.50073 1.7781e+07 1.69774e+14 0.000267167 0.00140533 7.61115e-16 3.82261e-08 200561 0 0 1.5268e-10 0 0 0.00766783 0 0 0 0 0 0 2.61027e+12 2.61027e+12 2.61027e+12 2.61027e+12 
0.113 -0.689239 -3.98924 -1.75543 -3.37974 -1.51076 1.77824e+07 1.69766e+14 0.000267178 0.00140536 7.61202e-16 3.82252e-08 200565 0 0 1.52701e-10 0 0 0.00766783 0 0 0 0 0 0 2.61042e+12 2.61042e+12 2.61042e+12 2.61042e+12 
0.1135 -0.67921 -3.97921 -1.7454 -3.36971 -1.52079 1.77837e+07 1.69759e+14 0.000267188 0.00140539 7.61289e-16 3.82244e-08 200569 0 0 1.52722e-10 0 0 0.00766783 0 0 0 0 0 0 2.61057e+12 2.61057e+12 2.61057e+12 2.61057e+12 
0.114 -0.669182 -3.96918 -1.73537 -3.35968 -1.53082 1.77851e+07 1.69751e+14 0.000267198 0.00140542 7.61377e-16 3.82236e-08 200574 0 0 1.52743e-10 0 0 0.00766783 0 0 0 0 0 0 2.61072e+12 2.61072e+12 2.61072e+12 2.61072e+12 
0.1145 -0.659153 -3.95915 -1.72534 -3.34965 -1.54085 1.77864e+07 1.69744e+14 0.000267209 0.00140546 7.61464e-16 3.82227e-08 200578 0 0 1.52764e-10 0 0 0.00766783 0 0 0 0 0 0 2.61087e+12 2.61087e+12 2.61087e+12 2.61087e+12 
0.115 -0.649124 -3.94912 -1.71531 -3.33962 -1.55088 1.77878e+07 1.69736e+14 0.000267219 0.00140549 7.61551e-16 3.82219e-08 200582 0 0 1.52784e-10 0 0 0.00766783 0 0 0 0 0 0 2.61102e+12 2.61102e+12 2.61102e+12 2.61102e+12 
0.1155 -0.639095 -3.93909 -1.70528 -3.32959 -1.56091 1.77891e+07 1.69729e+14 0.000267229 0.00140552 7.61639e-16 3.82211e-08 200587 0 0 1.52805e-10 0 0 0.00766783 0 0 0 0 0 0 2.61117e+12 2.61117e+12 2.61117e+12 2.61117e+12 
0.116 -0.629065 -3.92907 -1.69525 -3.31956 -1.57093 1.77905e+07 1.69721e+14 0.000267239 0.00140555 7.61726e-16 3.82202e-08 200591 0 0 1.52826e-10 0 0 0.00766783 0 0 0 0 0 0 2.61131e+12 2.61131e+12 2.61131e+12 2.61131e+12 
0.1165 -0.619036 -3.91904 -1.68521 -3.30953 -1.58096 1.77918e+07 1.69714e+14 0.00026725 0.00140558 7.61813e-16 3.82194e-08 200596 0 0 1.52847e-10 0 0 0.00766783 0 0 0 0 0 0 2.61146e+12 2.61146e+12 2.61146e+12 2.61146e+12 
0.117 -0.609006 -3.90901 -1.67518 -3.29949 -1.59099 1.77932e+07 1.69706e+14 0.00026726 0.00140561 7.61901e-16 3.82185e-08 200600 0 0 1.52868e-10 0 0 0.00766783 0 0 0 0 0 0 2.61161e+12 2.61161e+12 2.61161e+12 2.61161e+12 
0.1175 -0.598976 -3.89898 -1.66515 -3.28946 -1.60102 1.77946e+07 1.69699e+14 0.00026727 0.00140565 7.61988e-16 3.82177e-08 200604 0 0 1.52889e-10 0 0 0.00766783 0 0 0 0 0 0 2.61176e+12 2.61176e+12 2.61176e+12 2.61176e+12 
0.118 -0.588945 -3.88895 -1.65512 -3.27943 -1.61105 1.77959e+07 1.69691e+14 0.00026728 0.00140568 7.62075e-16 3.82169e-08 200609 0 0 1.5291e-10 0 0 0.00766783 0 0 0 0 0 0 2.61191e+12 2.61191e+12 2.61191e+12 2.61191e+12 
0.1185 -0.578915 -3.87891 -1.64509 -3.2694 -1.62109 1.77973e+07 1.69684e+14 0.000267291 0.00140571 7.62163e-16 3.8216e-08 200613 0 0 1.52931e-10 0 0 0.00766783 0 0 0 0 0 0 2.61206e+12 2.61206e+12 2.61206e+12 2.61206e+12 
0.119 -0.568884 -3.86888 -1.63505 -3.25937 -1.63112 1.77986e+07 1.69676e+14 0.000267301 0.00140574 7.6225e-16 3.82152e-08 200618 0 0 1.52951e-10 0 0 0.00766783 0 0 0 0 0 0 2.61221e+12 2.61221e+12 2.61221e+12 2.61221e+12 
0.1195 -0.558853 -3.85885 -1.62502 -3.24933 -1.64115 1.78e+07 1.69669e+14 0.000267311 0.00140577 7.62337e-16 3.82144e-08 200622 0 0 1.52972e-10 0 0 0.00766783 0 0 0 0 0 0 2.61235e+12 2.61235e+12 2.61235e+12 2.61235e+12 
0.12 -0.548822 -3.84882 -1.61499 -3.2393 -1.65118 1.78013e+07 1.69661e+14 0.000267322 0.0014058 7.62425e-16 3.82135e-08 200626 0 0 1.52993e-10 0 0 0.00766783 0 0 0 0 0 0 2.6125e+12 2.6125e+12 2.6125e+12 2.6125e+12 
0.1205 -0.53879 -3.83879 -1.60495 -3.22927 -1.66121 1.78027e+07 1.69654e+14 0.000267332 0.00140583 7.62512e-16 3.82127e-08 200631 0 0 1.53014e-10 0 0 0.00766783 0 0 0 0 0 0 2.61265e+12 2.61265e+12 2.61265e+12 2.61265e+12 
0.121 -0.528759 -3.82876 -1.59492 -3.21923 -1.67124 1.7804e+07 1.69646e+14 0.000267342 0.00140587 7.626e-16 3.82119e-08 200635 0 0 1.53035e-10 0 0 0.00766783 0 0 0 0 0 0 2.6128e+12 2.6128e+12 2.6128e+12 2.6128e+12 
0.1215 -0.518727 -3.81873 -1.58489 -3.2092 -1.68127 1.78054e+07 1.69639e+14 0.000267352 0.0014059 7.62687e-16 3.8211e-08 200639 0 0 1.53056e-10 0 0 0.00766783 0 0 0 0 0 0 2.61295e+12 2.61295e+12 2.61295e+12 2.61295e+12 
0.122 -0.508695 -3.80869 -1.57485 -3.19917 -1.69131 1.78068e+07 1.69631e+14 0.000267363 0.00140593 7.62774e-16 3.82102e-08 200644 0 0 1.53077e-10 0 0 0.00766783 0 0 0 0 0 0 2.6131e+12 2.6131e+12 2.6131e+12 2.6131e+12 
0.1225 -0.498663 -3.79866 -1.56482 -3.18913 -1.70134 1.78081e+07 1.69624e+14 0.000267373 0.00140596 7.62862e-16 3.82094e-08 200648 0 0 1.53097e-10 0 0 0.00766783 0 0 0 0 0 0 2.61325e+12 2.61325e+12 2.61325e+12 2.61325e+12 
0.123 -0.48863 -3.78863 -1.55478 -3.1791 -1.71137 1.78095e+07 1.69616e+14 0.000267383 0.00140599 7.62949e-16 3.82085e-08 200653 0 0 1.53118e-10 0 0 0.00766783 0 0 0 0 0 0 2.61339e+12 2.61339e+12 2.61339e+12 2.61339e+12 
0.1235 -0.478597 -3.7786 -1.54475 -3.16907 -1.7214 1.78108e+07 1.69609e+14 0.000267394 0.00140602 7.63036e-16 3.82077e-08 200657 0 0 1.53139e-10 0 0 0.00766783 0 0 0 0 0 0 2.61354e+12 2.61354e+12 2.61354e+12 2.61354e+12 
0.124 -0.468564 -3.76856 -1.53471 -3.15903 -1.73144 1.78122e+07 1.69601e+14 0.000267404 0.00140605 7.63124e-16 3.82069e-08 200661 0 0 1.5316e-10 0 0 0.00766783 0 0 0 0 0 0 2.61369e+12 2.61369e+12 2.61369e+12 2.61369e+12 
0.1245 -0.458531 -3.75853 -1.52468 -3.149 -1.74147 1.78135e+07 1.69594e+14 0.000267414 0.00140609 7.63211e-16 3.8206e-08 200666 0 0 1.53181e-10 0 0 0.00766783 0 0 0 0 0 0 2.61384e+12 2.61384e+12 2.61384e+12 2.61384e+12 
0.125 -0.448498 -3.7485 -1.51464 -3.13896 -1.7515 1.78149e+07 1.69586e+14 0.000267424 0.00140612 7.63299e-16 3.82052e-08 200670 0 0 1.53202e-10 0 0 0.00766783 0 0 0 0 0 0 2.61399e+12 2.61399e+12 2.61399e+12 2.61399e+12 
0.1255 -0.438464 -3.73846 -1.50461 -3.12893 -1.76154 1.78162e+07 1.69579e+14 0.000267435 0.00140615 7.63386e-16 3.82044e-08 200675 0 0 1.53223e-10 0 0 0.00766783 0 0 0 0 0 0 2.61414e+12 2.61414e+12 2.61414e+12 2.61414e+12 
0.126 -0.42843 -3.72843 -1.49457 -3.11889 -1.77157 1.78176e+07 1.69571e+14 0.000267445 0.00140618 7.63473e-16 3.82035e-08 200679 0 0 1.53244e-10 0 0 0.00766783 0 0 0 0 0 0 2.61429e+12 2.61429e+12 2.61429e+12 2.61429e+12 
0.1265 -0.418396 -3.7184 -1.48454 -3.10885 -1.7816 1.7819e+07 1.69564e+14 0.000267455 0.00140621 7.63561e-16 3.82027e-08 200683 0 0 1.53265e-10 0 0 0.00766783 0 0 0 0 0 0 2.61443e+12 2.61443e+12 2.61443e+12 2.61443e+12 
0.127 -0.408362 -3.70836 -1.4745 -3.09882 -1.79164 1.78203e+07 1.69556e+14 0.000267466 0.00140624 7.63648e-16 3.82019e-08 200688 0 0 1.53285e-10 0 0 0.00766783 0 0 0 0 0 0 2.61458e+12 2.61458e+12 2.61458e+12 2.61458e+12 
0.1275 -0.398327 -3.69833 -1.46446 -3.08878 -1.80167 1.78217e+07 1.69549e+14 0.000267476 0.00140627 7.63736e-16 3.8201e-08 200692 0 0 1.53306e-10 0 0 0.00766783 0 0 0 0 0 0 2.61473e+12 2.61473e+12 2.61473e+12 2.61473e+12 
0.128 -0.388293 -3.68829 -1.45443 -3.07875 -1.81171 1.7823e+07 1.69541e+14 0.000267486 0.00140631 7.63823e-16 3.82002e-08 200696 0 0 1.53327e-10 0 0 0.00766783 0 0 0 0 0 0 2.61488e+12 2.61488e+12 2.61488e+12 2.61488e+12 
0.1285 -0.378258 -3.67826 -1.44439 -3.06871 -1.82174 1.78244e+07 1.69534e+14 0.000267496 0.00140634 7.6391e-16 3.81994e-08 200701 0 0 1.53348e-10 0 0 0.00766783 0 0 0 0 0 0 2.61503e+12 2.61503e+12 2.61503e+12 2.61503e+12 
0.129 -0.368223 -3.66822 -1.43435 -3.05867 -1.83178 1.78257e+07 1.69526e+14 0.000267507 0.00140637 7.63998e-16 3.81985e-08 200705 0 0 1.53369e-10 0 0 0.00766783 0 0 0 0 0 0 2.61518e+12 2.61518e+12 2.61518e+12 2.61518e+12 
0.1295 -0.358187 -3.65819 -1.42431 -3.04864 -1.84181 1.78271e+07 1.69519e+14 0.000267517 0.0014064 7.64085e-16 3.81977e-08 200710 0 0 1.5339e-10 0 0 0.00766783 0 0 0 0 0 0 2.61532e+12 2.61532e+12 2.61532e+12 2.61532e+12 
0.13 -0.348152 -3.64815 -1.41428 -3.0386 -1.85185 1.78284e+07 1.69511e+14 0.000267527 0.00140643 7.64173e-16 3.81969e-08 200714 0 0 1.53411e-10 0 0 0.00766783 0 0 0 0 0 0 2.61547e+12 2.61547e+12 2.61547e+12 2.61547e+12 
0.1305 -0.338116 -3.63812 -1.40424 -3.02856 -1.86188 1.78298e+07 1.69504e+14 0.000267537 0.00140646 7.6426e-16 3.8196e-08 200718 0 0 1.53432e-10 0 0 0.00766783 0 0 0 0 0 0 2.61562e+12 2.61562e+12 2.61562e+12 2.61562e+12 
0.131 -0.32808 -3.62808 -1.3942 -3.01852 -1.87192 1.78311e+07 1.69496e+14 0.000267548 0.0014065 7.64348e-16 3.81952e-08 200723 0 0 1.53453e-10 0 0 0.00766783 0 0 0 0 0 0 2.61577e+12 2.61577e+12 2.61577e+12 2.61577e+12 
0.1315 -0.318044 -3.61804 -1.38416 -3.00849 -1.88196 1.78325e+07 1.69489e+14 0.000267558 0.00140653 7.64435e-16 3.81944e-08 200727 0 0 1.53473e-10 0 0 0.00766783 0 0 0 0 0 0 2.61592e+12 2.61592e+12 2.61592e+12 2.61592e+12 
0.132 -0.308007 -3.60801 -1.37412 -2.99845 -1.89199 1.78339e+07 1.69481e+14 0.000267568 0.00140656 7.64522e-16 3.81935e-08 200732 0 0 1.53494e-10 0 0 0.00766783 0 0 0 0 0 0 2.61607e+12 2.61607e+12 2.61607e+12 2.61607e+12 
0.1325 -0.29797 -3.59797 -1.36409 -2.98841 -1.90203 1.78352e+07 1.69474e+14 0.000267579 0.00140659 7.6461e-16 3.81927e-08 200736 0 0 1.53515e-10 0 0 0.00766783 0 0 0 0 0 0 2.61621e+12 2.61621e+12 2.61621e+12 2.61621e+12 
0.133 -0.287934 -3.58793 -1.35405 -2.97837 -1.91207 1.78366e+07 1.69466e+14 0.000267589 0.00140662 7.64697e-16 3.81919e-08 200740 0 0 1.53536e-10 0 0 0.00766783 0 0 0 0 0 0 2.61636e+12 2.61636e+12 2.61636e+12 2.61636e+12 
0.1335 -0.277896 -3.5779 -1.34401 -2.96833 -1.9221 1.78379e+07 1.69459e+14 0.000267599 0.00140665 7.64785e-16 3.8191e-08 200745 0 0 1.53557e-10 0 0 0.00766783 0 0 0 0 0 0 2.61651e+12 2.61651e+12 2.61651e+12 2.61651e+12 
0.134 -0.267859 -3.56786 -1.33397 -2.95829 -1.93214 1.78393e+07 1.69451e+14 0.000267609 0.00140668 7.64872e-16 3.81902e-08 200749 0 0 1.53578e-10 0 0 0.00766783 0 0 0 0 0 0 2.61666e+12 2.61666e+12 2.61666e+12 2.61666e+12 
0.1345 -0.257822 -3.55782 -1.32393 -2.94826 -1.94218 1.78406e+07 1.69444e+14 0.00026762 0.00140672 7.6496e-16 3.81894e-08 200753 0 0 1.53599e-10 0 0 0.00766783 0 0 0 0 0 0 2.61681e+12 2.61681e+12 2.61681e+12 2.61681e+12 
0.135 -0.247784 -3.54778 -1.31389 -2.93822 -1.95222 1.7842e+07 1.69436e+14 0.00026763 0.00140675 7.65047e-16 3.81885e-08 200758 0 0 1.5362e-10 0 0 0.00766783 0 0 0 0 0 0 2.61696e+12 2.61696e+12 2.61696e+12 2.61696e+12 
0.1355 -0.237746 -3.53775 -1.30385 -2.92818 -1.96225 1.78433e+07 1.69429e+14 0.00026764 0.00140678 7.65135e-16 3.81877e-08 200762 0 0 1.53641e-10 0 0 0.00766783 0 0 0 0 0 0 2.6171e+12 2.6171e+12 2.6171e+12 2.6171e+12 
0.136 -0.227708 -3.52771 -1.29381 -2.91814 -1.97229 1.78447e+07 1.69421e+14 0.000267651 0.00140681 7.65222e-16 3.81869e-08 200767 0 0 1.53662e-10 0 0 0.00766783 0 0 0 0 0 0 2.61725e+12 2.61725e+12 2.61725e+12 2.61725e+12 
0.1365 -0.217669 -3.51767 -1.28377 -2.9081 -1.98233 1.7846e+07 1.69414e+14 0.000267661 0.00140684 7.65309e-16 3.8186e-08 200771 0 0 1.53683e-10 0 0 0.00766783 0 0 0 0 0 0 2.6174e+12 2.6174e+12 2.6174e+12 2.6174e+12 
0.137 -0.20763 -3.50763 -1.27373 -2.89806 -1.99237 1.78474e+07 1.69406e+14 0.000267671 0.00140687 7.65397e-16 3.81852e-08 200775 0 0 1.53703e-10 0 0 0.00766783 0 0 0 0 0 0 2.61755e+12 2.61755e+12 2.61755e+12 2.61755e+12 
0.1375 -0.197592 -3.49759 -1.26369 -2.88802 -2.00241 1.78487e+07 1.69399e+14 0.000267681 0.0014069 7.65484e-16 3.81844e-08 200780 0 0 1.53724e-10 0 0 0.00766783 0 0 0 0 0 0 2.6177e+12 2.6177e+12 2.6177e+12 2.6177e+12 
0.138 -0.187552 -3.48755 -1.25365 -2.87798 -2.01245 1.78501e+07 1.69391e+14 0.000267692 0.00140694 7.65572e-16 3.81835e-08 200784 0 0 1.53745e-10 0 0 0.00766783 0 0 0 0 0 0 2.61784e+12 2.61784e+12 2.61784e+12 2.61784e+12 
0.1385 -0.177513 -3.47751 -1.2436 -2.86793 -2.02249 1.78515e+07 1.69384e+14 0.000267702 0.00140697 7.65659e-16 3.81827e-08 200788 0 0 1.53766e-10 0 0 0.00766783 0 0 0 0 0 0 2.61799e+12 2.61799e+12 2.61799e+12 2.61799e+12 
0.139 -0.167474 -3.46747 -1.23356 -2.85789 -2.03253 1.78528e+07 1.69376e+14 0.000267712 0.001407 7.65747e-16 3.81819e-08 200793 0 0 1.53787e-10 0 0 0.00766783 0 0 0 0 0 0 2.61814e+12 2.61814e+12 2.61814e+12 2.61814e+12 
0.1395 -0.157434 -3.45743 -1.22352 -2.84785 -2.04257 1.78542e+07 1.69369e+14 0.000267723 0.00140703 7.65834e-16 3.8181e-08 200797 0 0 1.53808e-10 0 0 0.00766783 0 0 0 0 0 0 2.61829e+12 2.61829e+12 2.61829e+12 2.61829e+12 
0.14 -0.147394 -3.44739 -1.21348 -2.83781 -2.05261 1.78555e+07 1.69361e+14 0.000267733 0.00140706 7.65922e-16 3.81802e-08 200802 0 0 1.53829e-10 0 0 0.00766783 0 0 0 0 0 0 2.61844e+12 2.61844e+12 2.61844e+12 2.61844e+12 
0.1405 -0.137354 -3.43735 -1.20344 -2.82777 -2.06265 1.78569e+07 1.69354e+14 0.000267743 0.00140709 7.66009e-16 3.81794e-08 200806 0 0 1.5385e-10 0 0 0.00766783 0 0 0 0 0 0 2.61859e+12 2.61859e+12 2.61859e+12 2.61859e+12 
0.141 -0.127313 -3.42731 -1.19339 -2.81773 -2.07269 1.78582e+07 1.69346e+14 0.000267753 0.00140713 7.66097e-16 3.81785e-08 200810 0 0 1.53871e-10 0 0 0.00766783 0 0 0 0 0 0 2.61873e+12 2.61873e+12 2.61873e+12 2.61873e+12 
0.1415 -0.117273 -3.41727 -1.18335 -2.80768 -2.08273 1.78596e+07 1.69339e+14 0.000267764 0.00140716 7.66184e-16 3.81777e-08 200815 0 0 1.53892e-10 0 0 0.00766783 0 0 0 0 0 0 2.61888e+12 2.61888e+12 2.61888e+12 2.61888e+12 
0.142 -0.107232 -3.40723 -1.17331 -2.79764 -2.09277 1.78609e+07 1.69332e+14 0.000267774 0.00140719 7.66272e-16 3.81769e-08 200819 0 0 1.53913e-10 0 0 0.00766783 0 0 0 0 0 0 2.61903e+12 2.61903e+12 2.61903e+12 2.61903e+12 
0.1425 -0.0971907 -3.39719 -1.16327 -2.7876 -2.10281 1.78623e+07 1.69324e+14 0.000267784 0.00140722 7.66359e-16 3.8176e-08 200824 0 0 1.53934e-10 0 0 0.00766783 0 0 0 0 0 0 2.61918e+12 2.61918e+12 2.61918e+12 2.61918e+12 
0.143 -0.0871494 -3.38715 -1.15322 -2.77756 -2.11285 1.78636e+07 1.69317e+14 0.000267795 0.00140725 7.66447e-16 3.81752e-08 200828 0 0 1.53954e-10 0 0 0.00766783 0 0 0 0 0 0 2.61933e+12 2.61933e+12 2.61933e+12 2.61933e+12 
0.1435 -0.0771079 -3.37711 -1.14318 -2.76751 -2.12289 1.7865e+07 1.69309e+14 0.000267805 0.00140728 7.66534e-16 3.81744e-08 200832 0 0 1.53975e-10 0 0 0.00766783 0 0 0 0 0 0 2.61947e+12 2.61947e+12 2.61947e+12 2.61947e+12 
0.144 -0.0670662 -3.36707 -1.13314 -2.75747 -2.13293 1.78663e+07 1.69302e+14 0.000267815 0.00140731 7.66622e-16 3.81735e-08 200837 0 0 1.53996e-10 0 0 0.00766783 0 0 0 0 0 0 2.61962e+12 2.61962e+12 2.61962e+12 2.61962e+12 
0.1445 -0.0570243 -3.35702 -1.12309 -2.74743 -2.14298 1.78677e+07 1.69294e+14 0.000267825 0.00140735 7.66709e-16 3.81727e-08 200841 0 0 1.54017e-10 0 0 0.00766783 0 0 0 0 0 0 2.61977e+12 2.61977e+12 2.61977e+12 2.61977e+12 
0.145 -0.0469821 -3.34698 -1.11305 -2.73738 -2.15302 1.7869e+07 1.69287e+14 0.000267836 0.00140738 7.66797e-16 3.81719e-08 200845 0 0 1.54038e-10 0 0 0.00766783 0 0 0 0 0 0 2.61992e+12 2.61992e+12 2.61992e+12 2.61992e+12 
0.1455 -0.0369397 -3.33694 -1.103 -2.72734 -2.16306 1.78704e+07 1.69279e+14 0.000267846 0.00140741 7.66884e-16 3.8171e-08 200850 0 0 1.54059e-10 0 0 0.00766783 0 0 0 0 0 0 2.62007e+12 2.62007e+12 2.62007e+12 2.62007e+12 
0.146 -0.0268971 -3.3269 -1.09296 -2.7173 -2.1731 1.78718e+07 1.69272e+14 0.000267856 0.00140744 7.66972e-16 3.81702e-08 200854 0 0 1.5408e-10 0 0 0.00766783 0 0 0 0 0 0 2.62021e+12 2.62021e+12 2.62021e+12 2.62021e+12 
0.1465 -0.0168543 -3.31685 -1.08291 -2.70725 -2.18315 1.78731e+07 1.69264e+14 0.000267866 0.00140747 7.67059e-16 3.81694e-08 200859 0 0 1.54101e-10 0 0 0.00766783 0 0 0 0 0 0 2.62036e+12 2.62036e+12 2.62036e+12 2.62036e+12 
0.147 -0.00681129 -3.30681 -1.07287 -2.69721 -2.19319 1.78745e+07 1.69257e+14 0.000267877 0.0014075 7.67147e-16 3.81686e-08 200863 0 0 1.54122e-10 0 0 0.00766783 0 0 0 0 0 0 2.62051e+12 2.62051e+12 2.62051e+12 2.62051e+12 
0.1475 0.00323196 -3.29677 -1.06282 -2.68716 -2.20323 1.78758e+07 1.69249e+14 0.000267887 0.00140753 7.67234e-16 3.81677e-08 200867 0 0 1.54143e-10 0 0 0.00766783 0 0 0 0 0 0 2.62066e+12 2.62066e+12 2.62066e+12 2.62066e+12 
0.148 0.0132754 -3.28672 -1.05278 -2.67712 -2.21328 1.78772e+07 1.69242e+14 0.000267897 0.00140757 7.67322e-16 3.81669e-08 200872 0 0 1.54164e-10 0 0 0.00766783 0 0 0 0 0 0 2.62081e+12 2.62081e+12 2.62081e+12 2.62081e+12 
0.1485 0.0233191 -3.27668 -1.04273 -2.66707 -2.22332 1.78785e+07 1.69234e+14 0.000267908 0.0014076 7.67409e-16 3.81661e-08 200876 0 0 1.54185e-10 0 0 0.00766783 0 0 0 0 0 0 2.62095e+12 2.62095e+12 2.62095e+12 2.62095e+12 
0.149 0.033363 -3.26664 -1.03269 -2.65703 -2.23336 1.78799e+07 1.69227e+14 0.000267918 0.00140763 7.67497e-16 3.81652e-08 200880 0 0 1.54206e-10 0 0 0.00766783 0 0 0 0 0 0 2.6211e+12 2.6211e+12 2.6211e+12 2.6211e+12 
0.1495 0.0434072 -3.25659 -1.02264 -2.64698 -2.24341 1.78812e+07 1.69219e+14 0.000267928 0.00140766 7.67584e-16 3.81644e-08 200885 0 0 1.54227e-10 0 0 0.00766783 0 0 0 0 0 0 2.62125e+12 2.62125e+12 2.62125e+12 2.62125e+12 
0.15 0.0534515 -3.24655 -1.01259 -2.63693 -2.25345 1.78826e+07 1.69212e+14 0.000267938 0.00140769 7.67672e-16 3.81636e-08 200889 0 0 1.54248e-10 0 0 0.00766783 0 0 0 0 0 0 2.6214e+12 2.6214e+12 2.6214e+12 2.6214e+12 
0.1505 0.0634961 -3.2365 -1.00255 -2.62689 -2.2635 1.78839e+07 1.69204e+14 0.000267949 0.00140772 7.67759e-16 3.81627e-08 200894 0 0 1.54269e-10 0 0 0.00766783 0 0 0 0 0 0 2.62155e+12 2.62155e+12 2.62155e+12 2.62155e+12 
0.151 0.0735409 -3.22646 -0.9925 -2.61684 -2.27354 1.78853e+07 1.69197e+14 0.000267959 0.00140776 7.67847e-16 3.81619e-08 200898 0 0 1.54289e-10 0 0 0.00766783 0 0 0 0 0 0 2.62169e+12 2.62169e+12 2.62169e+12 2.62169e+12 
0.1515 0.0835859 -3.21641 -0.982453 -2.6068 -2.28359 1.78866e+07 1.6919e+14 0.000267969 0.00140779 7.67934e-16 3.81611e-08 200902 0 0 1.5431e-10 0 0 0.00766783 0 0 0 0 0 0 2.62184e+12 2.62184e+12 2.62184e+12 2.62184e+12 
0.152 0.0936311 -3.20637 -0.972406 -2.59675 -2.29363 1.7888e+07 1.69182e+14 0.00026798 0.00140782 7.68022e-16 3.81602e-08 200907 0 0 1.54331e-10 0 0 0.00766783 0 0 0 0 0 0 2.62199e+12 2.62199e+12 2.62199e+12 2.62199e+12 
0.1525 0.103677 -3.19632 -0.962358 -2.5867 -2.30368 1.78893e+07 1.69175e+14 0.00026799 0.00140785 7.6811e-16 3.81594e-08 200911 0 0 1.54352e-10 0 0 0.00766783 0 0 0 0 0 0 2.62214e+12 2.62214e+12 2.62214e+12 2.62214e+12 
0.153 0.113722 -3.18628 -0.952311 -2.57665 -2.31372 1.78907e+07 1.69167e+14 0.000268 0.00140788 7.68197e-16 3.81586e-08 200915 0 0 1.54373e-10 0 0 0.00766783 0 0 0 0 0 0 2.62229e+12 2.62229e+12 2.62229e+12 2.62229e+12 
0.1535 0.123768 -3.17623 -0.942263 -2.56661 -2.32377 1.7892e+07 1.6916e+14 0.00026801 0.00140791 7.68285e-16 3.81578e-08 200920 0 0 1.54394e-10 0 0 0.00766783 0 0 0 0 0 0 2.62243e+12 2.62243e+12 2.62243e+12 2.62243e+12 
0.154 0.133814 -3.16619 -0.932215 -2.55656 -2.33381 1.78934e+07 1.69152e+14 0.000268021 0.00140794 7.68372e-16 3.81569e-08 200924 0 0 1.54415e-10 0 0 0.00766783 0 0 0 0 0 0 2.62258e+12 2.62258e+12 2.62258e+12 2.62258e+12 
0.1545 0.14386 -3.15614 -0.922166 -2.54651 -2.34386 1.78948e+07 1.69145e+14 0.000268031 0.00140798 7.6846e-16 3.81561e-08 200928 0 0 1.54436e-10 0 0 0.00766783 0 0 0 0 0 0 2.62273e+12 2.62273e+12 2.62273e+12 2.62273e+12 
0.155 0.153907 -3.14609 -0.912118 -2.53646 -2.35391 1.78961e+07 1.69137e+14 0.000268041 0.00140801 7.68547e-16 3.81553e-08 200933 0 0 1.54457e-10 0 0 0.00766783 0 0 0 0 0 0 2.62288e+12 2.62288e+12 2.62288e+12 2.62288e+12 
0.1555 0.163954 -3.13605 -0.902069 -2.52642 -2.36395 1.78975e+07 1.6913e+14 0.000268052 0.00140804 7.68635e-16 3.81544e-08 200937 0 0 1.54478e-10 0 0 0.00766783 0 0 0 0 0 0 2.62303e+12 2.62303e+12 2.62303e+12 2.62303e+12 
0.156 0.174001 -3.126 -0.89202 -2.51637 -2.374 1.78988e+07 1.69122e+14 0.000268062 0.00140807 7.68722e-16 3.81536e-08 200942 0 0 1.54499e-10 0 0 0.00766783 0 0 0 0 0 0 2.62317e+12 2.62317e+12 2.62317e+12 2.62317e+12 
0.1565 0.184048 -3.11595 -0.881971 -2.50632 -2.38405 1.79002e+07 1.69115e+14 0.000268072 0.0014081 7.6881e-16 3.81528e-08 200946 0 0 1.5452e-10 0 0 0.00766783 0 0 0 0 0 0 2.62332e+12 2.62332e+12 2.62332e+12 2.62332e+12 
0.157 0.194095 -3.1059 -0.871922 -2.49627 -2.3941 1.79015e+07 1.69107e+14 0.000268082 0.00140813 7.68898e-16 3.81519e-08 200950 0 0 1.54541e-10 0 0 0.00766783 0 0 0 0 0 0 2.62347e+12 2.62347e+12 2.62347e+12 2.62347e+12 
0.1575 0.204143 -3.09586 -0.861872 -2.48622 -2.40414 1.79029e+07 1.691e+14 0.000268093 0.00140816 7.68985e-16 3.81511e-08 200955 0 0 1.54562e-10 0 0 0.00766783 0 0 0 0 0 0 2.62362e+12 2.62362e+12 2.62362e+12 2.62362e+12 
0.158 0.214191 -3.08581 -0.851822 -2.47617 -2.41419 1.79042e+07 1.69093e+14 0.000268103 0.0014082 7.69073e-16 3.81503e-08 200959 0 0 1.54583e-10 0 0 0.00766783 0 0 0 0 0 0 2.62376e+12 2.62376e+12 2.62376e+12 2.62376e+12 
0.1585 0.224239 -3.07576 -0.841772 -2.46612 -2.42424 1.79056e+07 1.69085e+14 0.000268113 0.00140823 7.6916e-16 3.81495e-08 200963 0 0 1.54604e-10 0 0 0.00766783 0 0 0 0 0 0 2.62391e+12 2.62391e+12 2.62391e+12 2.62391e+12 
0.159 0.234287 -3.06571 -0.831722 -2.45607 -2.43429 1.79069e+07 1.69078e+14 0.000268124 0.00140826 7.69248e-16 3.81486e-08 200968 0 0 1.54625e-10 0 0 0.00766783 0 0 0 0 0 0 2.62406e+12 2.62406e+12 2.62406e+12 2.62406e+12 
0.1595 0.244336 -3.05566 -0.821671 -2.44602 -2.44434 1.79083e+07 1.6907e+14 0.000268134 0.00140829 7.69336e-16 3.81478e-08 200972 0 0 1.54646e-10 0 0 0.00766783 0 0 0 0 0 0 2.62421e+12 2.62421e+12 2.62421e+12 2.62421e+12 
0.16 0.254384 -3.04562 -0.811621 -2.43597 -2.45438 1.79096e+07 1.69063e+14 0.000268144 0.00140832 7.69423e-16 3.8147e-08 200977 0 0 1.54667e-10 0 0 0.00766783 0 0 0 0 0 0 2.62436e+12 2.62436e+12 2.62436e+12 2.62436e+12 
0.1605 0.264433 -3.03557 -0.80157 -2.42592 -2.46443 1.7911e+07 1.69055e+14 0.000268154 0.00140835 7.69511e-16 3.81461e-08 200981 0 0 1.54688e-10 0 0 0.00766783 0 0 0 0 0 0 2.6245e+12 2.6245e+12 2.6245e+12 2.6245e+12 
0.161 0.274482 -3.02552 -0.791519 -2.41587 -2.47448 1.79123e+07 1.69048e+14 0.000268165 0.00140839 7.69598e-16 3.81453e-08 200985 0 0 1.54709e-10 0 0 0.00766783 0 0 0 0 0 0 2.62465e+12 2.62465e+12 2.62465e+12 2.62465e+12 
0.1615 0.284532 -3.01547 -0.781467 -2.40582 -2.48453 1.79137e+07 1.6904e+14 0.000268175 0.00140842 7.69686e-16 3.81445e-08 200990 0 0 1.5473e-10 0 0 0.00766783 0 0 0 0 0 0 2.6248e+12 2.6248e+12 2.6248e+12 2.6248e+12 
0.162 0.294581 -3.00542 -0.771416 -2.39577 -2.49458 1.7915e+07 1.69033e+14 0.000268185 0.00140845 7.69774e-16 3.81437e-08 200994 0 0 1.54751e-10 0 0 0.00766783 0 0 0 0 0 0 2.62495e+12 2.62495e+12 2.62495e+12 2.62495e+12 
0.1625 0.304631 -2.99537 -0.761364 -2.38572 -2.50463 1.79164e+07 1.69025e+14 0.000268196 0.00140848 7.69861e-16 3.81428e-08 200998 0 0 1.54772e-10 0 0 0.00766783 0 0 0 0 0 0 2.62509e+12 2.62509e+12 2.62509e+12 2.62509e+12 
0.163 0.314681 -2.98532 -0.751312 -2.37566 -2.51468 1.79177e+07 1.69018e+14 0.000268206 0.00140851 7.69949e-16 3.8142e-08 201003 0 0 1.54792e-10 0 0 0.00766783 0 0 0 0 0 0 2.62524e+12 2.62524e+12 2.62524e+12 2.62524e+12 
0.1635 0.324732 -2.97527 -0.74126 -2.36561 -2.52473 1.79191e+07 1.69011e+14 0.000268216 0.00140854 7.70036e-16 3.81412e-08 201007 0 0 1.54813e-10 0 0 0.00766783 0 0 0 0 0 0 2.62539e+12 2.62539e+12 2.62539e+12 2.62539e+12 
0.164 0.334782 -2.96522 -0.731207 -2.35556 -2.53478 1.79204e+07 1.69003e+14 0.000268226 0.00140857 7.70124e-16 3.81403e-08 201012 0 0 1.54834e-10 0 0 0.00766783 0 0 0 0 0 0 2.62554e+12 2.62554e+12 2.62554e+12 2.62554e+12 
0.1645 0.344833 -2.95517 -0.721154 -2.34551 -2.54483 1.79218e+07 1.68996e+14 0.000268237 0.00140861 7.70212e-16 3.81395e-08 201016 0 0 1.54855e-10 0 0 0.00766783 0 0 0 0 0 0 2.62568e+12 2.62568e+12 2.62568e+12 2.62568e+12 
0.165 0.354884 -2.94512 -0.711102 -2.33546 -2.55488 1.79231e+07 1.68988e+14 0.000268247 0.00140864 7.70299e-16 3.81387e-08 201020 0 0 1.54876e-10 0 0 0.00766783 0 0 0 0 0 0 2.62583e+12 2.62583e+12 2.62583e+12 2.62583e+12 
0.1655 0.364935 -2.93507 -0.701048 -2.3254 -2.56493 1.79245e+07 1.68981e+14 0.000268257 0.00140867 7.70387e-16 3.81379e-08 201025 0 0 1.54897e-10 0 0 0.00766783 0 0 0 0 0 0 2.62598e+12 2.62598e+12 2.62598e+12 2.62598e+12 
0.166 0.374986 -2.92501 -0.690995 -2.31535 -2.57499 1.79258e+07 1.68973e+14 0.000268268 0.0014087 7.70474e-16 3.8137e-08 201029 0 0 1.54918e-10 0 0 0.00766783 0 0 0 0 0 0 2.62613e+12 2.62613e+12 2.62613e+12 2.62613e+12 
0.1665 0.385038 -2.91496 -0.680942 -2.3053 -2.58504 1.79272e+07 1.68966e+14 0.000268278 0.00140873 7.70562e-16 3.81362e-08 201033 0 0 1.54939e-10 0 0 0.00766783 0 0 0 0 0 0 2.62628e+12 2.62628e+12 2.62628e+12 2.62628e+12 
0.167 0.395089 -2.90491 -0.670888 -2.29524 -2.59509 1.79285e+07 1.68958e+14 0.000268288 0.00140876 7.7065e-16 3.81354e-08 201038 0 0 1.5496e-10 0 0 0.00766783 0 0 0 0 0 0 2.62642e+12 2.62642e+12 2.62642e+12 2.62642e+12 
0.1675 0.405141 -2.89486 -0.660834 -2.28519 -2.60514 1.79299e+07 1.68951e+14 0.000268298 0.00140879 7.70737e-16 3.81345e-08 201042 0 0 1.54981e-10 0 0 0.00766783 0 0 0 0 0 0 2.62657e+12 2.62657e+12 2.62657e+12 2.62657e+12 
0.168 0.415194 -2.88481 -0.65078 -2.27514 -2.61519 1.79312e+07 1.68943e+14 0.000268309 0.00140883 7.70825e-16 3.81337e-08 201046 0 0 1.55002e-10 0 0 0.00766783 0 0 0 0 0 0 2.62672e+12 2.62672e+12 2.62672e+12 2.62672e+12 
0.1685 0.425246 -2.87475 -0.640725 -2.26508 -2.62525 1.79326e+07 1.68936e+14 0.000268319 0.00140886 7.70913e-16 3.81329e-08 201051 0 0 1.55023e-10 0 0 0.00766783 0 0 0 0 0 0 2.62687e+12 2.62687e+12 2.62687e+12 2.62687e+12 
0.169 0.435299 -2.8647 -0.630671 -2.25503 -2.6353 1.7934e+07 1.68929e+14 0.000268329 0.00140889 7.71e-16 3.81321e-08 201055 0 0 1.55044e-10 0 0 0.00766783 0 0 0 0 0 0 2.62701e+12 2.62701e+12 2.62701e+12 2.62701e+12 
0.1695 0.445352 -2.85465 -0.620616 -2.24497 -2.64535 1.79353e+07 1.68921e+14 0.00026834 0.00140892 7.71088e-16 3.81312e-08 201060 0 0 1.55065e-10 0 0 0.00766783 0 0 0 0 0 0 2.62716e+12 2.62716e+12 2.62716e+12 2.62716e+12 
0.17 0.455405 -2.8446 -0.610561 -2.23492 -2.6554 1.79367e+07 1.68914e+14 0.00026835 0.00140895 7.71175e-16 3.81304e-08 201064 0 0 1.55086e-10 0 0 0.00766783 0 0 0 0 0 0 2.62731e+12 2.62731e+12 2.62731e+12 2.62731e+12 
0.1705 0.465458 -2.83454 -0.600505 -2.22486 -2.66546 1.7938e+07 1.68906e+14 0.00026836 0.00140898 7.71263e-16 3.81296e-08 201068 0 0 1.55107e-10 0 0 0.00766783 0 0 0 0 0 0 2.62746e+12 2.62746e+12 2.62746e+12 2.62746e+12 
0.171 0.475511 -2.82449 -0.59045 -2.21481 -2.67551 1.79394e+07 1.68899e+14 0.00026837 0.00140902 7.71351e-16 3.81287e-08 201073 0 0 1.55128e-10 0 0 0.00766783 0 0 0 0 0 0 2.6276e+12 2.6276e+12 2.6276e+12 2.6276e+12 
0.1715 0.485565 -2.81443 -0.580394 -2.20475 -2.68557 1.79407e+07 1.68891e+14 0.000268381 0.00140905 7.71438e-16 3.81279e-08 201077 0 0 1.55149e-10 0 0 0.00766783 0 0 0 0 0 0 2.62775e+12 2.62775e+12 2.62775e+12 2.62775e+12 
0.172 0.495619 -2.80438 -0.570338 -2.1947 -2.69562 1.79421e+07 1.68884e+14 0.000268391 0.00140908 7.71526e-16 3.81271e-08 201081 0 0 1.5517e-10 0 0 0.00766783 0 0 0 0 0 0 2.6279e+12 2.6279e+12 2.6279e+12 2.6279e+12 
0.1725 0.505673 -2.79433 -0.560282 -2.18464 -2.70567 1.79434e+07 1.68876e+14 0.000268401 0.00140911 7.71614e-16 3.81263e-08 201086 0 0 1.55191e-10 0 0 0.00766783 0 0 0 0 0 0 2.62805e+12 2.62805e+12 2.62805e+12 2.62805e+12 
0.173 0.515728 -2.78427 -0.550226 -2.17459 -2.71573 1.79448e+07 1.68869e+14 0.000268412 0.00140914 7.71701e-16 3.81254e-08 201090 0 0 1.55212e-10 0 0 0.00766783 0 0 0 0 0 0 2.62819e+12 2.62819e+12 2.62819e+12 2.62819e+12 
0.1735 0.525782 -2.77422 -0.540169 -2.16453 -2.72578 1.79461e+07 1.68862e+14 0.000268422 0.00140917 7.71789e-16 3.81246e-08 201095 0 0 1.55233e-10 0 0 0.00766783 0 0 0 0 0 0 2.62834e+12 2.62834e+12 2.62834e+12 2.62834e+12 
0.174 0.535837 -2.76416 -0.530112 -2.15447 -2.73584 1.79475e+07 1.68854e+14 0.000268432 0.0014092 7.71877e-16 3.81238e-08 201099 0 0 1.55254e-10 0 0 0.00766783 0 0 0 0 0 0 2.62849e+12 2.62849e+12 2.62849e+12 2.62849e+12 
0.1745 0.545892 -2.75411 -0.520055 -2.14442 -2.74589 1.79488e+07 1.68847e+14 0.000268442 0.00140924 7.71964e-16 3.8123e-08 201103 0 0 1.55275e-10 0 0 0.00766783 0 0 0 0 0 0 2.62864e+12 2.62864e+12 2.62864e+12 2.62864e+12 
0.175 0.555948 -2.74405 -0.509998 -2.13436 -2.75595 1.79502e+07 1.68839e+14 0.000268453 0.00140927 7.72052e-16 3.81221e-08 201108 0 0 1.55296e-10 0 0 0.00766783 0 0 0 0 0 0 2.62878e+12 2.62878e+12 2.62878e+12 2.62878e+12 
0.1755 0.566003 -2.734 -0.49994 -2.1243 -2.766 1.79515e+07 1.68832e+14 0.000268463 0.0014093 7.7214e-16 3.81213e-08 201112 0 0 1.55317e-10 0 0 0.00766783 0 0 0 0 0 0 2.62893e+12 2.62893e+12 2.62893e+12 2.62893e+12 
0.176 0.576059 -2.72394 -0.489883 -2.11425 -2.77606 1.79529e+07 1.68824e+14 0.000268473 0.00140933 7.72227e-16 3.81205e-08 201116 0 0 1.55338e-10 0 0 0.00766783 0 0 0 0 0 0 2.62908e+12 2.62908e+12 2.62908e+12 2.62908e+12 
0.1765 0.586115 -2.71389 -0.479825 -2.10419 -2.78611 1.79542e+07 1.68817e+14 0.000268484 0.00140936 7.72315e-16 3.81197e-08 201121 0 0 1.55359e-10 0 0 0.00766783 0 0 0 0 0 0 2.62923e+12 2.62923e+12 2.62923e+12 2.62923e+12 
0.177 0.596171 -2.70383 -0.469767 -2.09413 -2.79617 1.79556e+07 1.6881e+14 0.000268494 0.00140939 7.72403e-16 3.81188e-08 201125 0 0 1.5538e-10 0 0 0.00766783 0 0 0 0 0 0 2.62937e+12 2.62937e+12 2.62937e+12 2.62937e+12 
0.1775 0.606227 -2.69377 -0.459708 -2.08407 -2.80623 1.79569e+07 1.68802e+14 0.000268504 0.00140942 7.7249e-16 3.8118e-08 201129 0 0 1.55401e-10 0 0 0.00766783 0 0 0 0 0 0 2.62952e+12 2.62952e+12 2.62952e+12 2.62952e+12 
0.178 0.616284 -2.68372 -0.44965 -2.07402 -2.81628 1.79583e+07 1.68795e+14 0.000268514 0.00140946 7.72578e-16 3.81172e-08 201134 0 0 1.55422e-10 0 0 0.00766783 0 0 0 0 0 0 2.62967e+12 2.62967e+12 2.62967e+12 2.62967e+12 
0.1785 0.626341 -2.67366 -0.439591 -2.06396 -2.82634 1.79596e+07 1.68787e+14 0.000268525 0.00140949 7.72666e-16 3.81163e-08 201138 0 0 1.55443e-10 0 0 0.00766783 0 0 0 0 0 0 2.62982e+12 2.62982e+12 2.62982e+12 2.62982e+12 
0.179 0.636398 -2.6636 -0.429532 -2.0539 -2.8364 1.7961e+07 1.6878e+14 0.000268535 0.00140952 7.72754e-16 3.81155e-08 201143 0 0 1.55464e-10 0 0 0.00766783 0 0 0 0 0 0 2.62996e+12 2.62996e+12 2.62996e+12 2.62996e+12 
0.1795 0.646455 -2.65355 -0.419473 -2.04384 -2.84645 1.79623e+07 1.68772e+14 0.000268545 0.00140955 7.72841e-16 3.81147e-08 201147 0 0 1.55485e-10 0 0 0.00766783 0 0 0 0 0 0 2.63011e+12 2.63011e+12 2.63011e+12 2.63011e+12 
0.18 0.656512 -2.64349 -0.409413 -2.03378 -2.85651 1.79637e+07 1.68765e+14 0.000268556 0.00140958 7.72929e-16 3.81139e-08 201151 0 0 1.55506e-10 0 0 0.00766783 0 0 0 0 0 0 2.63026e+12 2.63026e+12 2.63026e+12 2.63026e+12 
0.1805 0.66657 -2.63343 -0.399354 -2.02372 -2.86657 1.7965e+07 1.68757e+14 0.000268566 0.00140961 7.73017e-16 3.8113e-08 201156 0 0 1.55527e-10 0 0 0.00766783 0 0 0 0 0 0 2.63041e+12 2.63041e+12 2.63041e+12 2.63041e+12 
0.181 0.676628 -2.62337 -0.389294 -2.01366 -2.87663 1.79664e+07 1.6875e+14 0.000268576 0.00140965 7.73104e-16 3.81122e-08 201160 0 0 1.55548e-10 0 0 0.00766783 0 0 0 0 0 0 2.63055e+12 2.63055e+12 2.63055e+12 2.63055e+12 
0.1815 0.686686 -2.61331 -0.379234 -2.0036 -2.88669 1.79677e+07 1.68743e+14 0.000268586 0.00140968 7.73192e-16 3.81114e-08 201164 0 0 1.55569e-10 0 0 0.00766783 0 0 0 0 0 0 2.6307e+12 2.6307e+12 2.6307e+12 2.6307e+12 
0.182 0.696744 -2.60326 -0.369173 -1.99354 -2.89674 1.79691e+07 1.68735e+14 0.000268597 0.00140971 7.7328e-16 3.81105e-08 201169 0 0 1.5559e-10 0 0 0.00766783 0 0 0 0 0 0 2.63085e+12 2.63085e+12 2.63085e+12 2.63085e+12 
0.1825 0.706803 -2.5932 -0.359113 -1.98348 -2.9068 1.79704e+07 1.68728e+14 0.000268607 0.00140974 7.73367e-16 3.81097e-08 201173 0 0 1.55611e-10 0 0 0.00766783 0 0 0 0 0 0 2.63099e+12 2.63099e+12 2.63099e+12 2.63099e+12 
0.183 0.716862 -2.58314 -0.349052 -1.97342 -2.91686 1.79718e+07 1.6872e+14 0.000268617 0.00140977 7.73455e-16 3.81089e-08 201177 0 0 1.55632e-10 0 0 0.00766783 0 0 0 0 0 0 2.63114e+12 2.63114e+12 2.63114e+12 2.63114e+12 
0.1835 0.726921 -2.57308 -0.338991 -1.96336 -2.92692 1.79731e+07 1.68713e+14 0.000268628 0.0014098 7.73543e-16 3.8108e-08 201182 0 0 1.55653e-10 0 0 0.00766783 0 0 0 0 0 0 2.63128e+12 2.63128e+12 2.63128e+12 2.63128e+12 
0.184 0.73698 -2.56302 -0.32893 -1.9533 -2.93698 1.79745e+07 1.68705e+14 0.000268638 0.00140983 7.73631e-16 3.81072e-08 201186 0 0 1.55674e-10 0 0 0.00766783 0 0 0 0 0 0 2.63143e+12 2.63143e+12 2.63143e+12 2.63143e+12 
0.1845 0.747039 -2.55296 -0.318869 -1.94324 -2.94704 1.79758e+07 1.68698e+14 0.000268648 0.00140986 7.73718e-16 3.81063e-08 201190 0 0 1.55695e-10 0 0 0.00766783 0 0 0 0 0 0 2.63157e+12 2.63157e+12 2.63157e+12 2.63157e+12 
0.185 0.757099 -2.5429 -0.308807 -1.93318 -2.9571 1.79772e+07 1.6869e+14 0.000268658 0.0014099 7.73806e-16 3.81054e-08 201195 0 0 1.55716e-10 0 0 0.00766783 0 0 0 0 0 0 2.63172e+12 2.63172e+12 2.63172e+12 2.63172e+12 
0.1855 0.767159 -2.53284 -0.298745 -1.92312 -2.96716 1.79785e+07 1.68682e+14 0.000268669 0.00140993 7.73894e-16 3.81044e-08 201199 0 0 1.55737e-10 0 0 0.00766783 0 0 0 0 0 0 2.63186e+12 2.63186e+12 2.63186e+12 2.63186e+12 
0.186 0.777219 -2.52278 -0.288683 -1.91306 -2.97722 1.79799e+07 1.68674e+14 0.000268679 0.00140996 7.73982e-16 3.81035e-08 201204 0 0 1.55758e-10 0 0 0.00766783 0 0 0 0 0 0 2.63199e+12 2.63199e+12 2.63199e+12 2.63199e+12 
0.1865 0.787279 -2.51272 -0.278621 -1.90299 -2.98728 1.79812e+07 1.68666e+14 0.000268689 0.00140998 7.74069e-16 3.81024e-08 201208 0 0 1.5578e-10 0 0 0.00766783 0 0 0 0 0 0 2.63212e+12 2.63212e+12 2.63212e+12 2.63212e+12 
0.187 0.797339 -2.50266 -0.268558 -1.89293 -2.99734 1.79826e+07 1.68657e+14 0.0002687 0.00141001 7.74157e-16 3.81012e-08 201212 0 0 1.55801e-10 0 0 0.00766783 0 0 0 0 0 0 2.63225e+12 2.63225e+12 2.63225e+12 2.63225e+12 
0.1875 0.8074 -2.4926 -0.258496 -1.88287 -3.0074 1.79839e+07 1.68648e+14 0.00026871 0.00141004 7.74245e-16 3.80999e-08 201217 0 0 1.55822e-10 0 0 0.00766783 0 0 0 0 0 0 2.63236e+12 2.63236e+12 2.63236e+12 2.63236e+12 
0.188 0.817461 -2.48254 -0.248433 -1.87281 -3.01746 1.79853e+07 1.68638e+14 0.00026872 0.00141006 7.74332e-16 3.80983e-08 201221 0 0 1.55843e-10 0 0 0.00766783 0 0 0 0 0 0 2.63246e+12 2.63246e+12 2.63246e+12 2.63246e+12 
0.1885 0.827522 -2.47248 -0.23837 -1.86274 -3.02752 1.79866e+07 1.68627e+14 0.000268731 0.00141009 7.7442e-16 3.80963e-08 201225 0 0 1.55864e-10 0 0 0.00766783 0 0 0 0 0 0 2.63253e+12 2.63253e+12 2.63253e+12 2.63253e+12 
0.189 0.837584 -2.46242 -0.228306 -1.85268 -3.03758 1.7988e+07 1.68614e+14 0.000268741 0.0014101 7.74508e-16 3.80938e-08 201230 0 0 1.55885e-10 0 0 0.00766783 0 0 0 0 0 0 2.63257e+12 2.63257e+12 2.63257e+12 2.63257e+12 
0.1895 0.847645 -2.45235 -0.218243 -1.84261 -3.04765 1.79893e+07 1.68599e+14 0.000268751 0.00141011 7.74596e-16 3.80905e-08 201234 0 0 1.55906e-10 0 0 0.00766783 0 0 0 0 0 0 2.63255e+12 2.63255e+12 2.63255e+12 2.63255e+12 
0.19 0.857707 -2.44229 -0.208179 -1.83255 -3.05771 1.79907e+07 1.68579e+14 0.000268761 0.00141011 7.74683e-16 3.80861e-08 201238 0 0 1.55927e-10 0 0 0.00766783 0 0 0 0 0 0 2.63246e+12 2.63246e+12 2.63246e+12 2.63246e+12 
0.1905 0.867769 -2.43223 -0.198115 -1.82248 -3.06777 1.7992e+07 1.68554e+14 0.000268772 0.00141009 7.74771e-16 3.80799e-08 201243 0 0 1.55948e-10 0 0 0.00766783 0 0 0 0 0 0 2.63225e+12 2.63225e+12 2.63225e+12 2.63225e+12 
0.191 0.877831 -2.42217 -0.188051 -1.81241 -3.07783 1.79934e+07 1.6852e+14 0.000268782 0.00141005 7.74859e-16 3.80712e-08 201247 0 0 1.55969e-10 0 0 0.00766783 0 0 0 0 0 0 2.63187e+12 2.63187e+12 2.63187e+12 2.63187e+12 
0.1915 0.887894 -2.41211 -0.177986 -1.80234 -3.08789 1.79947e+07 1.68474e+14 0.000268792 0.00140997 7.74947e-16 3.80587e-08 201252 0 0 1.5599e-10 0 0 0.00766783 0 0 0 0 0 0 2.63124e+12 2.63124e+12 2.63124e+12 2.63124e+12 
0.192 0.897957 -2.40204 -0.167922 -1.79226 -3.09796 1.79961e+07 1.6841e+14 0.000268803 0.00140984 7.75034e-16 3.80406e-08 201256 0 0 1.56011e-10 0 0 0.00766783 0 0 0 0 0 0 2.63024e+12 2.63024e+12 2.63024e+12 2.63024e+12 
0.1925 0.908019 -2.39198 -0.157857 -1.78218 -3.10802 1.79974e+07 1.68318e+14 0.000268813 0.00140963 7.75122e-16 3.80143e-08 201260 0 0 1.56032e-10 0 0 0.00766783 0 0 0 0 0 0 2.6287e+12 2.6287e+12 2.6287e+12 2.6287e+12 
0.193 0.918083 -2.38192 -0.147792 -1.77209 -3.11808 1.79987e+07 1.68186e+14 0.000268823 0.00140931 7.7521e-16 3.79759e-08 201265 0 0 1.56053e-10 0 0 0.00766783 0 0 0 0 0 0 2.62636e+12 2.62636e+12 2.62636e+12 2.62636e+12 
0.1935 0.928146 -2.37185 -0.137726 -1.76199 -3.12815 1.80001e+07 1.67995e+14 0.000268833 0.00140883 7.75297e-16 3.79197e-08 201269 0 0 1.56074e-10 0 0 0.00766783 0 0 0 0 0 0 2.62282e+12 2.62282e+12 2.62282e+12 2.62282e+12 
0.194 0.938209 -2.36179 -0.127661 -1.75187 -3.13821 1.80014e+07 1.67716e+14 0.000268844 0.00140809 7.75385e-16 3.7837e-08 201273 0 0 1.56095e-10 0 0 0.00766783 0 0 0 0 0 0 2.61754e+12 2.61754e+12 2.61754e+12 2.61754e+12 
0.1945 0.948273 -2.35173 -0.117595 -1.74172 -3.14827 1.80028e+07 1.67308e+14 0.000268854 0.00140699 7.75472e-16 3.77154e-08 201278 0 0 1.56116e-10 0 0 0.00766783 0 0 0 0 0 0 2.60966e+12 2.60966e+12 2.60966e+12 2.60966e+12 
0.195 0.958337 -2.34166 -0.107529 -1.73153 -3.15834 1.80041e+07 1.66709e+14 0.000268864 0.00140534 7.75559e-16 3.75362e-08 201282 0 0 1.56136e-10 0 0 0.00766783 0 0 0 0 0 0 2.59796e+12 2.59796e+12 2.59796e+12 2.59796e+12 
0.1955 0.968401 -2.3316 -0.0974629 -1.72128 -3.1684 1.80055e+07 1.65825e+14 0.000268874 0.00140289 7.75646e-16 3.72722e-08 201286 0 0 1.56157e-10 0 0 0.00766783 0 0 0 0 0 0 2.58062e+12 2.58062e+12 2.58062e+12 2.58062e+12 
0.196 0.978466 -2.32153 -0.0873966 -1.71094 -3.17847 1.80068e+07 1.64522e+14 0.000268884 0.00139923 7.75732e-16 3.68828e-08 201290 0 0 1.56178e-10 0 0 0.00766783 0 0 0 0 0 0 2.55494e+12 2.55494e+12 2.55494e+12 2.55494e+12 
0.1965 0.98853 -2.31147 -0.07733 -1.70046 -3.18853 1.80081e+07 1.62594e+14 0.000268894 0.00139377 7.75818e-16 3.63084e-08 201295 0 0 1.56198e-10 0 0 0.00766782 0 0 0 0 0 0 2.51694e+12 2.51694e+12 2.51694e+12 2.51694e+12 
0.197 0.998595 -2.3014 -0.0672632 -1.68978 -3.1986 1.80094e+07 1.59736e+14 0.000268904 0.00138559 7.75903e-16 3.54609e-08 201299 0 0 1.56218e-10 0 0 0.00766782 0 0 0 0 0 0 2.46072e+12 2.46072e+12 2.46072e+12 2.46072e+12 
0.1975 1.00866 -2.29134 -0.0571963 -1.67877 -3.20866 1.80107e+07 1.55485e+14 0.000268914 0.00137327 7.75986e-16 3.42102e-08 201303 0 0 1.56237e-10 0 0 0.00766782 0 0 0 0 0 0 2.37758e+12 2.37758e+12 2.37758e+12 2.37758e+12 
0.198 1.01873 -2.28127 -0.0471292 -1.66725 -3.21873 1.8012e+07 1.49131e+14 0.000268919 0.0013545 7.76054e-16 3.23638e-08 201305 0 0 1.56247e-10 0 0 0.00766782 0 0 0 0 0 0 2.25452e+12 2.25452e+12 2.25452e+12 2.25452e+12 
0.198 1.01873 -2.28127 -0.0471292 -1.66725 -3.21873 1.8012e+07 1.49131e+14 0.000268927 0.00135454 7.76077e-16 3.23648e-08 201308 0 0 1.56263e-10 0 0 0.00766781 0 0 0 0 0 0 2.25459e+12 2.25459e+12 2.25459e+12 2.25459e+12 
0.198409 1.02697 -2.27303 -0.0388867 -1.65722 -3.22697 1.80129e+07 1.41643e+14 0.00026893 0.00133191 7.7613e-16 3.02259e-08 201310 0 0 1.5627e-10 0 0 0.0076678 0 0 0 0 0 0 2.11164e+12 2.11164e+12 2.11164e+12 2.11164e+12 
0.198752 1.03386 -2.26614 -0.0319939 -1.64818 -3.23386 1.80138e+07 1.33118e+14 0.000268936 0.00130545 7.76181e-16 2.78424e-08 201312 0 0 1.56281e-10 0 0 0.00766777 0 0 0 0 0 0 1.95184e+12 1.95184e+12 1.95184e+12 1.95184e+12 
0.199038 1.03962 -2.26038 -0.0262298 -1.63992 -3.23962 1.80144e+07 1.23827e+14 0.00026894 0.00127564 7.76222e-16 2.53077e-08 201314 0 0 1.5629e-10 0 0 0.00766773 0 0 0 0 0 0 1.7813e+12 1.7813e+12 1.7813e+12 1.7813e+12 
0.199277 1.04444 -2.25556 -0.0214095 -1.63228 -3.24444 1.80149e+07 1.14057e+14 0.000268944 0.00124308 7.76254e-16 2.27159e-08 201316 0 0 1.56296e-10 0 0 0.00766765 0 0 0 0 0 0 1.60622e+12 1.60622e+12 1.60622e+12 1.60622e+12 
0.199478 1.04847 -2.25153 -0.0173785 -1.62511 -3.24847 1.80153e+07 1.04084e+14 0.000268947 0.00120839 7.7628e-16 2.01513e-08 201317 0 0 1.56301e-10 0 0 0.00766753 0 0 0 0 0 0 1.43219e+12 1.43219e+12 1.43219e+12 1.43219e+12 
0.199645 1.05184 -2.24816 -0.0140076 -1.61833 -3.25184 1.80156e+07 9.41545e+13 0.000268949 0.00117215 7.763e-16 1.76822e-08 201318 0 0 1.56304e-10 0 0 0.00766733 0 0 0 0 0 0 1.2638e+12 1.2638e+12 1.2638e+12 1.2638e+12 
0.199785 1.05466 -2.24534 -0.0111887 -1.61183 -3.25466 1.80159e+07 8.44687e+13 0.00026895 0.00113489 7.76316e-16 1.53589e-08 201318 0 0 1.56307e-10 0 0 0.00766701 0 0 0 0 0 0 1.10449e+12 1.10449e+12 1.10449e+12 1.10449e+12 
0.199902 1.05702 -2.24298 -0.00883144 -1.60555 -3.25702 1.80161e+07 7.51815e+13 0.000268951 0.00109705 7.76328e-16 1.32144e-08 201319 0 0 1.56309e-10 0 0 0.00766652 0 0 0 0 0 0 9.56567e+11 9.56567e+11 9.56567e+11 9.56567e+11 
0.2 1.05899 -2.24101 -0.00686015 -1.59942 -3.25899 1.80163e+07 6.6403e+13 0.000268952 0.00105897 7.76336e-16 1.12663e-08 201319 0 0 1.5631e-10 0 0 0.00766625 0 0 0 0 0 0 8.21334e+11 8.21334e+11 8.21334e+11 8.21334e+11 