# ASCII 1D datafile generated by TiberCAD
# x Ec Ev eQFermi hQFermi ElPotential eDensity hDensity eMobility hMobility eConductivity hConductivity ElField_x ElField_y ElField_z eCurrentDensity_x eCurrentDensity_y eCurrentDensity_z hCurrentDensity_x hCurrentDensity_y hCurrentDensity_z IonizedDonors IonizedAcceptors IonizedElectronTraps IonizedHoleTraps eNetRecombination eLangevinRecombination hNetRecombination hLangevinRecombination 
0 -4.575 -7.875 -5.65322 -7.26456 2.375 1.12671e+07 1.65269e+14 0.000566295 0.00297118 1.02227e-15 7.86739e-08 280018 0 0 8.31074e-10 0 0 0.0220325 0 0 0 0 0 0 3.40557e+12 3.40557e+12 3.40557e+12 3.40557e+12 
9.79066e-05 -4.57226 -7.87226 -5.64595 -7.26182 2.37226 1.33797e+07 1.65267e+14 0.000567647 0.00297119 1.21685e-15 7.86734e-08 280019 0 0 8.31093e-10 0 0 0.0220325 0 0 0 0 0 0 4.04565e+12 4.04565e+12 4.04565e+12 4.04565e+12 
0.000214985 -4.56898 -7.86898 -5.63858 -7.25854 2.36898 1.56262e+07 1.65266e+14 0.000568913 0.00297121 1.42433e-15 7.86731e-08 280020 0 0 8.31128e-10 0 0 0.0220325 0 0 0 0 0 0 4.7266e+12 4.7266e+12 4.7266e+12 4.7266e+12 
0.000354988 -4.56506 -7.86506 -5.63099 -7.25462 2.36506 1.79621e+07 1.65264e+14 0.000570087 0.00297123 1.64063e-15 7.86728e-08 280021 0 0 8.31155e-10 0 0 0.0220325 0 0 0 0 0 0 5.43494e+12 5.43494e+12 5.43494e+12 5.43494e+12 
0.000522406 -4.56037 -7.86037 -5.62304 -7.24993 2.36037 2.03269e+07 1.65261e+14 0.00057116 0.00297126 1.86011e-15 7.86724e-08 280022 0 0 8.3118e-10 0 0 0.0220325 0 0 0 0 0 0 6.15228e+12 6.15228e+12 6.15228e+12 6.15228e+12 
0.000722606 -4.55477 -7.85477 -5.61458 -7.24432 2.35477 2.26454e+07 1.65258e+14 0.000572123 0.0029713 2.07578e-15 7.86719e-08 280024 0 0 8.31206e-10 0 0 0.0220325 0 0 0 0 0 0 6.85583e+12 6.85583e+12 6.85583e+12 6.85583e+12 
0.000962009 -4.54806 -7.84806 -5.60544 -7.23762 2.34806 2.48332e+07 1.65255e+14 0.000572966 0.00297134 2.27967e-15 7.86714e-08 280026 0 0 8.31236e-10 0 0 0.0220325 0 0 0 0 0 0 7.5199e+12 7.5199e+12 7.5199e+12 7.5199e+12 
0.00124829 -4.54005 -7.84005 -5.59541 -7.2296 2.34005 2.68051e+07 1.6525e+14 0.000573682 0.00297139 2.46376e-15 7.86707e-08 280028 0 0 8.31274e-10 0 0 0.0220325 0 0 0 0 0 0 8.11855e+12 8.11855e+12 8.11855e+12 8.11855e+12 
0.00159063 -4.53046 -7.83046 -5.58422 -7.22001 2.33046 2.84872e+07 1.65245e+14 0.000574265 0.00297145 2.62103e-15 7.86699e-08 280031 0 0 8.3132e-10 0 0 0.0220325 0 0 0 0 0 0 8.62932e+12 8.62932e+12 8.62932e+12 8.62932e+12 
0.002 -4.51899 -7.81899 -5.57154 -7.20855 2.31899 2.98303e+07 1.65239e+14 0.000574708 0.00297147 2.74673e-15 7.86673e-08 280033 0 0 8.31349e-10 0 0 0.0220325 0 0 0 0 0 0 9.03701e+12 9.03701e+12 9.03701e+12 9.03701e+12 
0.002 -4.51899 -7.81899 -5.57154 -7.20855 2.31899 2.98303e+07 1.65239e+14 0.000574732 0.00297159 2.74684e-15 7.86705e-08 280037 0 0 8.31415e-10 0 0 0.0220325 0 0 0 0 0 0 9.03737e+12 9.03737e+12 9.03737e+12 9.03737e+12 
0.0025 -4.50499 -7.80499 -5.55666 -7.19455 2.30499 3.08372e+07 1.65232e+14 0.000575059 0.00297161 2.84118e-15 7.86676e-08 280039 0 0 8.31452e-10 0 0 0.0220325 0 0 0 0 0 0 9.34293e+12 9.34293e+12 9.34293e+12 9.34293e+12 
0.003 -4.49099 -7.79099 -5.54216 -7.18054 2.29099 3.14169e+07 1.65224e+14 0.000575263 0.0029717 2.89561e-15 7.86664e-08 280043 0 0 8.31528e-10 0 0 0.0220325 0 0 0 0 0 0 9.51891e+12 9.51891e+12 9.51891e+12 9.51891e+12 
0.0035 -4.47699 -7.77699 -5.52788 -7.16654 2.27699 3.17508e+07 1.65217e+14 0.000575389 0.00297178 2.92703e-15 7.86652e-08 280048 0 0 8.31604e-10 0 0 0.0220325 0 0 0 0 0 0 9.62025e+12 9.62025e+12 9.62025e+12 9.62025e+12 
0.004 -4.46299 -7.76299 -5.51372 -7.15253 2.26299 3.19434e+07 1.6521e+14 0.000575473 0.00297187 2.94522e-15 7.8664e-08 280052 0 0 8.31681e-10 0 0 0.0220325 0 0 0 0 0 0 9.67864e+12 9.67864e+12 9.67864e+12 9.67864e+12 
0.0045 -4.44898 -7.74898 -5.49963 -7.13853 2.24898 3.20547e+07 1.65202e+14 0.000575532 0.00297196 2.95578e-15 7.86628e-08 280056 0 0 8.31759e-10 0 0 0.0220325 0 0 0 0 0 0 9.71232e+12 9.71232e+12 9.71232e+12 9.71232e+12 
0.005 -4.43498 -7.73498 -5.48557 -7.12453 2.23498 3.21192e+07 1.65195e+14 0.000575577 0.00297205 2.96196e-15 7.86616e-08 280060 0 0 8.31836e-10 0 0 0.0220325 0 0 0 0 0 0 9.73179e+12 9.73179e+12 9.73179e+12 9.73179e+12 
0.0055 -4.42098 -7.72098 -5.47154 -7.11052 2.22098 3.21568e+07 1.65187e+14 0.000575614 0.00297214 2.96561e-15 7.86604e-08 280065 0 0 8.31914e-10 0 0 0.0220325 0 0 0 0 0 0 9.74308e+12 9.74308e+12 9.74308e+12 9.74308e+12 
0.006 -4.40697 -7.70697 -5.45751 -7.09652 2.20697 3.21788e+07 1.6518e+14 0.000575646 0.00297222 2.96781e-15 7.86592e-08 280069 0 0 8.31992e-10 0 0 0.0220325 0 0 0 0 0 0 9.74966e+12 9.74966e+12 9.74966e+12 9.74966e+12 
0.0065 -4.39297 -7.69297 -5.4435 -7.08251 2.19297 3.2192e+07 1.65173e+14 0.000575676 0.00297231 2.96918e-15 7.8658e-08 280073 0 0 8.3207e-10 0 0 0.0220325 0 0 0 0 0 0 9.75353e+12 9.75353e+12 9.75353e+12 9.75353e+12 
0.007 -4.37897 -7.67897 -5.42949 -7.06851 2.17897 3.22e+07 1.65165e+14 0.000575704 0.0029724 2.97006e-15 7.86568e-08 280078 0 0 8.32148e-10 0 0 0.0220325 0 0 0 0 0 0 9.75584e+12 9.75584e+12 9.75584e+12 9.75584e+12 
0.0075 -4.36496 -7.66496 -5.41548 -7.0545 2.16496 3.22051e+07 1.65158e+14 0.000575731 0.00297249 2.97067e-15 7.86556e-08 280082 0 0 8.32226e-10 0 0 0.0220325 0 0 0 0 0 0 9.75726e+12 9.75726e+12 9.75726e+12 9.75726e+12 
0.008 -4.35096 -7.65096 -5.40147 -7.04049 2.15096 3.22085e+07 1.6515e+14 0.000575758 0.00297258 2.97112e-15 7.86544e-08 280086 0 0 8.32304e-10 0 0 0.0220325 0 0 0 0 0 0 9.75816e+12 9.75816e+12 9.75816e+12 9.75816e+12 
0.0085 -4.33695 -7.63695 -5.38747 -7.02649 2.13695 3.22109e+07 1.65143e+14 0.000575784 0.00297266 2.97148e-15 7.86532e-08 280090 0 0 8.32382e-10 0 0 0.0220325 0 0 0 0 0 0 9.75876e+12 9.75876e+12 9.75876e+12 9.75876e+12 
0.009 -4.32295 -7.62295 -5.37346 -7.01248 2.12295 3.22127e+07 1.65136e+14 0.00057581 0.00297275 2.97178e-15 7.8652e-08 280095 0 0 8.3246e-10 0 0 0.0220325 0 0 0 0 0 0 9.7592e+12 9.7592e+12 9.7592e+12 9.7592e+12 
0.0095 -4.30894 -7.60894 -5.35946 -6.99848 2.10894 3.22142e+07 1.65128e+14 0.000575836 0.00297284 2.97206e-15 7.86508e-08 280099 0 0 8.32538e-10 0 0 0.0220325 0 0 0 0 0 0 9.75953e+12 9.75953e+12 9.75953e+12 9.75953e+12 
0.01 -4.29494 -7.59494 -5.34545 -6.98447 2.09494 3.22156e+07 1.65121e+14 0.000575863 0.00297293 2.97231e-15 7.86496e-08 280103 0 0 8.32616e-10 0 0 0.0220325 0 0 0 0 0 0 9.75981e+12 9.75981e+12 9.75981e+12 9.75981e+12 
0.0105 -4.28093 -7.58093 -5.33144 -6.97046 2.08093 3.22168e+07 1.65113e+14 0.000575889 0.00297301 2.97256e-15 7.86484e-08 280107 0 0 8.32694e-10 0 0 0.0220325 0 0 0 0 0 0 9.76005e+12 9.76005e+12 9.76005e+12 9.76005e+12 
0.011 -4.26693 -7.56693 -5.31744 -6.95646 2.06693 3.22179e+07 1.65106e+14 0.000575915 0.0029731 2.9728e-15 7.86472e-08 280112 0 0 8.32772e-10 0 0 0.0220325 0 0 0 0 0 0 9.76028e+12 9.76028e+12 9.76028e+12 9.76028e+12 
0.0115 -4.25292 -7.55292 -5.30343 -6.94245 2.05292 3.2219e+07 1.65099e+14 0.000575941 0.00297319 2.97304e-15 7.8646e-08 280116 0 0 8.3285e-10 0 0 0.0220325 0 0 0 0 0 0 9.7605e+12 9.7605e+12 9.7605e+12 9.7605e+12 
0.012 -4.23892 -7.53892 -5.28942 -6.92844 2.03892 3.22201e+07 1.65091e+14 0.000575967 0.00297328 2.97328e-15 7.86448e-08 280120 0 0 8.32928e-10 0 0 0.0220325 0 0 0 0 0 0 9.76071e+12 9.76071e+12 9.76071e+12 9.76071e+12 
0.0125 -4.22491 -7.52491 -5.27542 -6.91443 2.02491 3.22212e+07 1.65084e+14 0.000575993 0.00297337 2.97351e-15 7.86436e-08 280124 0 0 8.33006e-10 0 0 0.0220325 0 0 0 0 0 0 9.76091e+12 9.76091e+12 9.76091e+12 9.76091e+12 
0.013 -4.2109 -7.5109 -5.26141 -6.90043 2.0109 3.22223e+07 1.65077e+14 0.000576019 0.00297345 2.97374e-15 7.86424e-08 280129 0 0 8.33084e-10 0 0 0.0220325 0 0 0 0 0 0 9.76112e+12 9.76112e+12 9.76112e+12 9.76112e+12 
0.0135 -4.1969 -7.4969 -5.2474 -6.88642 1.9969 3.22234e+07 1.65069e+14 0.000576045 0.00297354 2.97398e-15 7.86412e-08 280133 0 0 8.33162e-10 0 0 0.0220325 0 0 0 0 0 0 9.76132e+12 9.76132e+12 9.76132e+12 9.76132e+12 
0.014 -4.18289 -7.48289 -5.23339 -6.87241 1.98289 3.22245e+07 1.65062e+14 0.000576071 0.00297363 2.97421e-15 7.864e-08 280137 0 0 8.3324e-10 0 0 0.0220325 0 0 0 0 0 0 9.76152e+12 9.76152e+12 9.76152e+12 9.76152e+12 
0.0145 -4.16888 -7.46888 -5.21939 -6.8584 1.96888 3.22255e+07 1.65054e+14 0.000576097 0.00297372 2.97445e-15 7.86388e-08 280142 0 0 8.33318e-10 0 0 0.0220325 0 0 0 0 0 0 9.76172e+12 9.76172e+12 9.76172e+12 9.76172e+12 
0.015 -4.15488 -7.45488 -5.20538 -6.84439 1.95488 3.22266e+07 1.65047e+14 0.000576123 0.00297381 2.97468e-15 7.86376e-08 280146 0 0 8.33396e-10 0 0 0.0220325 0 0 0 0 0 0 9.76192e+12 9.76192e+12 9.76192e+12 9.76192e+12 
0.0155 -4.14087 -7.44087 -5.19137 -6.83038 1.94087 3.22277e+07 1.6504e+14 0.000576149 0.00297389 2.97491e-15 7.86364e-08 280150 0 0 8.33474e-10 0 0 0.0220325 0 0 0 0 0 0 9.76212e+12 9.76212e+12 9.76212e+12 9.76212e+12 
0.016 -4.12686 -7.42686 -5.17736 -6.81637 1.92686 3.22288e+07 1.65032e+14 0.000576175 0.00297398 2.97514e-15 7.86352e-08 280154 0 0 8.33552e-10 0 0 0.0220325 0 0 0 0 0 0 9.76233e+12 9.76233e+12 9.76233e+12 9.76233e+12 
0.0165 -4.11285 -7.41285 -5.16335 -6.80236 1.91285 3.22298e+07 1.65025e+14 0.000576201 0.00297407 2.97538e-15 7.8634e-08 280159 0 0 8.3363e-10 0 0 0.0220325 0 0 0 0 0 0 9.76253e+12 9.76253e+12 9.76253e+12 9.76253e+12 
0.017 -4.09885 -7.39885 -5.14934 -6.78835 1.89885 3.22309e+07 1.65017e+14 0.000576227 0.00297416 2.97561e-15 7.86328e-08 280163 0 0 8.33708e-10 0 0 0.0220325 0 0 0 0 0 0 9.76273e+12 9.76273e+12 9.76273e+12 9.76273e+12 
0.0175 -4.08484 -7.38484 -5.13533 -6.77434 1.88484 3.2232e+07 1.6501e+14 0.000576253 0.00297424 2.97584e-15 7.86316e-08 280167 0 0 8.33786e-10 0 0 0.0220325 0 0 0 0 0 0 9.76293e+12 9.76293e+12 9.76293e+12 9.76293e+12 
0.018 -4.07083 -7.37083 -5.12132 -6.76033 1.87083 3.22331e+07 1.65003e+14 0.000576279 0.00297433 2.97608e-15 7.86304e-08 280171 0 0 8.33864e-10 0 0 0.0220325 0 0 0 0 0 0 9.76313e+12 9.76313e+12 9.76313e+12 9.76313e+12 
0.0185 -4.05682 -7.35682 -5.10732 -6.74632 1.85682 3.22341e+07 1.64995e+14 0.000576304 0.00297442 2.97631e-15 7.86293e-08 280176 0 0 8.33942e-10 0 0 0.0220325 0 0 0 0 0 0 9.76333e+12 9.76333e+12 9.76333e+12 9.76333e+12 
0.019 -4.04281 -7.34281 -5.09331 -6.73231 1.84281 3.22352e+07 1.64988e+14 0.00057633 0.00297451 2.97654e-15 7.86281e-08 280180 0 0 8.3402e-10 0 0 0.0220325 0 0 0 0 0 0 9.76353e+12 9.76353e+12 9.76353e+12 9.76353e+12 
0.0195 -4.0288 -7.3288 -5.0793 -6.7183 1.8288 3.22363e+07 1.6498e+14 0.000576356 0.0029746 2.97678e-15 7.86269e-08 280184 0 0 8.34098e-10 0 0 0.0220325 0 0 0 0 0 0 9.76373e+12 9.76373e+12 9.76373e+12 9.76373e+12 
0.02 -4.01479 -7.31479 -5.06529 -6.70429 1.81479 3.22373e+07 1.64973e+14 0.000576382 0.00297468 2.97701e-15 7.86257e-08 280188 0 0 8.34176e-10 0 0 0.0220325 0 0 0 0 0 0 9.76393e+12 9.76393e+12 9.76393e+12 9.76393e+12 
0.0205 -4.00078 -7.30078 -5.05127 -6.69028 1.80078 3.22384e+07 1.64966e+14 0.000576408 0.00297477 2.97724e-15 7.86245e-08 280193 0 0 8.34254e-10 0 0 0.0220325 0 0 0 0 0 0 9.76413e+12 9.76413e+12 9.76413e+12 9.76413e+12 
0.021 -3.98677 -7.28677 -5.03726 -6.67627 1.78677 3.22395e+07 1.64958e+14 0.000576434 0.00297486 2.97748e-15 7.86233e-08 280197 0 0 8.34332e-10 0 0 0.0220325 0 0 0 0 0 0 9.76433e+12 9.76433e+12 9.76433e+12 9.76433e+12 
0.0215 -3.97276 -7.27276 -5.02325 -6.66226 1.77276 3.22406e+07 1.64951e+14 0.00057646 0.00297495 2.97771e-15 7.86221e-08 280201 0 0 8.3441e-10 0 0 0.0220325 0 0 0 0 0 0 9.76453e+12 9.76453e+12 9.76453e+12 9.76453e+12 
0.022 -3.95875 -7.25875 -5.00924 -6.64825 1.75875 3.22416e+07 1.64944e+14 0.000576486 0.00297504 2.97794e-15 7.86209e-08 280206 0 0 8.34488e-10 0 0 0.0220325 0 0 0 0 0 0 9.76473e+12 9.76473e+12 9.76473e+12 9.76473e+12 
0.0225 -3.94474 -7.24474 -4.99523 -6.63423 1.74474 3.22427e+07 1.64936e+14 0.000576512 0.00297512 2.97818e-15 7.86197e-08 280210 0 0 8.34566e-10 0 0 0.0220325 0 0 0 0 0 0 9.76493e+12 9.76493e+12 9.76493e+12 9.76493e+12 
0.023 -3.93073 -7.23073 -4.98122 -6.62022 1.73073 3.22438e+07 1.64929e+14 0.000576538 0.00297521 2.97841e-15 7.86185e-08 280214 0 0 8.34644e-10 0 0 0.0220325 0 0 0 0 0 0 9.76513e+12 9.76513e+12 9.76513e+12 9.76513e+12 
0.0235 -3.91672 -7.21672 -4.96721 -6.60621 1.71672 3.22448e+07 1.64921e+14 0.000576564 0.0029753 2.97864e-15 7.86173e-08 280218 0 0 8.34722e-10 0 0 0.0220325 0 0 0 0 0 0 9.76534e+12 9.76534e+12 9.76534e+12 9.76534e+12 
0.024 -3.90271 -7.20271 -4.9532 -6.5922 1.70271 3.22459e+07 1.64914e+14 0.00057659 0.00297539 2.97888e-15 7.86161e-08 280223 0 0 8.348e-10 0 0 0.0220325 0 0 0 0 0 0 9.76554e+12 9.76554e+12 9.76554e+12 9.76554e+12 
0.0245 -3.8887 -7.1887 -4.93918 -6.57818 1.6887 3.2247e+07 1.64907e+14 0.000576616 0.00297547 2.97911e-15 7.86149e-08 280227 0 0 8.34879e-10 0 0 0.0220325 0 0 0 0 0 0 9.76574e+12 9.76574e+12 9.76574e+12 9.76574e+12 
0.025 -3.87469 -7.17469 -4.92517 -6.56417 1.67469 3.2248e+07 1.64899e+14 0.000576642 0.00297556 2.97934e-15 7.86137e-08 280231 0 0 8.34957e-10 0 0 0.0220325 0 0 0 0 0 0 9.76594e+12 9.76594e+12 9.76594e+12 9.76594e+12 
0.0255 -3.86068 -7.16068 -4.91116 -6.55016 1.66068 3.22491e+07 1.64892e+14 0.000576668 0.00297565 2.97958e-15 7.86125e-08 280235 0 0 8.35035e-10 0 0 0.0220325 0 0 0 0 0 0 9.76614e+12 9.76614e+12 9.76614e+12 9.76614e+12 
0.026 -3.84667 -7.14667 -4.89715 -6.53615 1.64667 3.22502e+07 1.64885e+14 0.000576694 0.00297574 2.97981e-15 7.86113e-08 280240 0 0 8.35113e-10 0 0 0.0220325 0 0 0 0 0 0 9.76634e+12 9.76634e+12 9.76634e+12 9.76634e+12 
0.0265 -3.83265 -7.13265 -4.88313 -6.52213 1.63265 3.22513e+07 1.64877e+14 0.00057672 0.00297583 2.98004e-15 7.86101e-08 280244 0 0 8.35191e-10 0 0 0.0220325 0 0 0 0 0 0 9.76654e+12 9.76654e+12 9.76654e+12 9.76654e+12 
0.027 -3.81864 -7.11864 -4.86912 -6.50812 1.61864 3.22523e+07 1.6487e+14 0.000576746 0.00297591 2.98028e-15 7.86089e-08 280248 0 0 8.35269e-10 0 0 0.0220325 0 0 0 0 0 0 9.76674e+12 9.76674e+12 9.76674e+12 9.76674e+12 
0.0275 -3.80463 -7.10463 -4.85511 -6.4941 1.60463 3.22534e+07 1.64862e+14 0.000576772 0.002976 2.98051e-15 7.86077e-08 280252 0 0 8.35347e-10 0 0 0.0220325 0 0 0 0 0 0 9.76694e+12 9.76694e+12 9.76694e+12 9.76694e+12 
0.028 -3.79062 -7.09062 -4.84109 -6.48009 1.59062 3.22545e+07 1.64855e+14 0.000576798 0.00297609 2.98074e-15 7.86065e-08 280257 0 0 8.35425e-10 0 0 0.0220325 0 0 0 0 0 0 9.76714e+12 9.76714e+12 9.76714e+12 9.76714e+12 
0.0285 -3.7766 -7.0766 -4.82708 -6.46607 1.5766 3.22555e+07 1.64848e+14 0.000576824 0.00297618 2.98097e-15 7.86053e-08 280261 0 0 8.35503e-10 0 0 0.0220325 0 0 0 0 0 0 9.76734e+12 9.76734e+12 9.76734e+12 9.76734e+12 
0.029 -3.76259 -7.06259 -4.81307 -6.45206 1.56259 3.22566e+07 1.6484e+14 0.00057685 0.00297627 2.98121e-15 7.86041e-08 280265 0 0 8.35581e-10 0 0 0.0220325 0 0 0 0 0 0 9.76754e+12 9.76754e+12 9.76754e+12 9.76754e+12 
0.0295 -3.74858 -7.04858 -4.79905 -6.43804 1.54858 3.22577e+07 1.64833e+14 0.000576876 0.00297635 2.98144e-15 7.8603e-08 280269 0 0 8.35659e-10 0 0 0.0220325 0 0 0 0 0 0 9.76774e+12 9.76774e+12 9.76774e+12 9.76774e+12 
0.03 -3.73456 -7.03456 -4.78504 -6.42403 1.53456 3.22587e+07 1.64826e+14 0.000576902 0.00297644 2.98167e-15 7.86018e-08 280274 0 0 8.35737e-10 0 0 0.0220325 0 0 0 0 0 0 9.76794e+12 9.76794e+12 9.76794e+12 9.76794e+12 
0.0305 -3.72055 -7.02055 -4.77102 -6.41001 1.52055 3.22598e+07 1.64818e+14 0.000576928 0.00297653 2.98191e-15 7.86006e-08 280278 0 0 8.35815e-10 0 0 0.0220325 0 0 0 0 0 0 9.76814e+12 9.76814e+12 9.76814e+12 9.76814e+12 
0.031 -3.70653 -7.00653 -4.75701 -6.396 1.50653 3.22609e+07 1.64811e+14 0.000576954 0.00297662 2.98214e-15 7.85994e-08 280282 0 0 8.35893e-10 0 0 0.0220325 0 0 0 0 0 0 9.76834e+12 9.76834e+12 9.76834e+12 9.76834e+12 
0.0315 -3.69252 -6.99252 -4.74299 -6.38198 1.49252 3.2262e+07 1.64803e+14 0.00057698 0.0029767 2.98237e-15 7.85982e-08 280286 0 0 8.35971e-10 0 0 0.0220325 0 0 0 0 0 0 9.76854e+12 9.76854e+12 9.76854e+12 9.76854e+12 
0.032 -3.67851 -6.97851 -4.72898 -6.36797 1.47851 3.2263e+07 1.64796e+14 0.000577006 0.00297679 2.98261e-15 7.8597e-08 280291 0 0 8.36049e-10 0 0 0.0220325 0 0 0 0 0 0 9.76874e+12 9.76874e+12 9.76874e+12 9.76874e+12 
0.0325 -3.66449 -6.96449 -4.71496 -6.35395 1.46449 3.22641e+07 1.64789e+14 0.000577032 0.00297688 2.98284e-15 7.85958e-08 280295 0 0 8.36127e-10 0 0 0.0220325 0 0 0 0 0 0 9.76894e+12 9.76894e+12 9.76894e+12 9.76894e+12 
0.033 -3.65048 -6.95048 -4.70095 -6.33993 1.45048 3.22652e+07 1.64781e+14 0.000577058 0.00297697 2.98307e-15 7.85946e-08 280299 0 0 8.36206e-10 0 0 0.0220325 0 0 0 0 0 0 9.76914e+12 9.76914e+12 9.76914e+12 9.76914e+12 
0.0335 -3.63646 -6.93646 -4.68693 -6.32592 1.43646 3.22662e+07 1.64774e+14 0.000577084 0.00297706 2.98331e-15 7.85934e-08 280304 0 0 8.36284e-10 0 0 0.0220325 0 0 0 0 0 0 9.76934e+12 9.76934e+12 9.76934e+12 9.76934e+12 
0.034 -3.62245 -6.92245 -4.67291 -6.3119 1.42245 3.22673e+07 1.64767e+14 0.00057711 0.00297714 2.98354e-15 7.85922e-08 280308 0 0 8.36362e-10 0 0 0.0220325 0 0 0 0 0 0 9.76954e+12 9.76954e+12 9.76954e+12 9.76954e+12 
0.0345 -3.60843 -6.90843 -4.6589 -6.29788 1.40843 3.22684e+07 1.64759e+14 0.000577136 0.00297723 2.98377e-15 7.8591e-08 280312 0 0 8.3644e-10 0 0 0.0220325 0 0 0 0 0 0 9.76974e+12 9.76974e+12 9.76974e+12 9.76974e+12 
0.035 -3.59442 -6.89442 -4.64488 -6.28387 1.39442 3.22694e+07 1.64752e+14 0.000577162 0.00297732 2.98401e-15 7.85898e-08 280316 0 0 8.36518e-10 0 0 0.0220325 0 0 0 0 0 0 9.76994e+12 9.76994e+12 9.76994e+12 9.76994e+12 
0.0355 -3.5804 -6.8804 -4.63086 -6.26985 1.3804 3.22705e+07 1.64745e+14 0.000577188 0.00297741 2.98424e-15 7.85886e-08 280321 0 0 8.36596e-10 0 0 0.0220325 0 0 0 0 0 0 9.77014e+12 9.77014e+12 9.77014e+12 9.77014e+12 
0.036 -3.56638 -6.86638 -4.61685 -6.25583 1.36638 3.22716e+07 1.64737e+14 0.000577214 0.0029775 2.98447e-15 7.85874e-08 280325 0 0 8.36674e-10 0 0 0.0220325 0 0 0 0 0 0 9.77034e+12 9.77034e+12 9.77034e+12 9.77034e+12 
0.0365 -3.55237 -6.85237 -4.60283 -6.24181 1.35237 3.22726e+07 1.6473e+14 0.00057724 0.00297758 2.98471e-15 7.85862e-08 280329 0 0 8.36752e-10 0 0 0.0220325 0 0 0 0 0 0 9.77054e+12 9.77054e+12 9.77054e+12 9.77054e+12 
0.037 -3.53835 -6.83835 -4.58881 -6.2278 1.33835 3.22737e+07 1.64722e+14 0.000577266 0.00297767 2.98494e-15 7.8585e-08 280333 0 0 8.3683e-10 0 0 0.0220325 0 0 0 0 0 0 9.77074e+12 9.77074e+12 9.77074e+12 9.77074e+12 
0.0375 -3.52433 -6.82433 -4.57479 -6.21378 1.32433 3.22748e+07 1.64715e+14 0.000577292 0.00297776 2.98517e-15 7.85839e-08 280338 0 0 8.36908e-10 0 0 0.0220325 0 0 0 0 0 0 9.77094e+12 9.77094e+12 9.77094e+12 9.77094e+12 
0.038 -3.51032 -6.81032 -4.56078 -6.19976 1.31032 3.22758e+07 1.64708e+14 0.000577318 0.00297785 2.98541e-15 7.85827e-08 280342 0 0 8.36986e-10 0 0 0.0220325 0 0 0 0 0 0 9.77113e+12 9.77113e+12 9.77113e+12 9.77113e+12 
0.0385 -3.4963 -6.7963 -4.54676 -6.18574 1.2963 3.22769e+07 1.647e+14 0.000577344 0.00297793 2.98564e-15 7.85815e-08 280346 0 0 8.37064e-10 0 0 0.0220325 0 0 0 0 0 0 9.77133e+12 9.77133e+12 9.77133e+12 9.77133e+12 
0.039 -3.48228 -6.78228 -4.53274 -6.17172 1.28228 3.2278e+07 1.64693e+14 0.00057737 0.00297802 2.98587e-15 7.85803e-08 280350 0 0 8.37143e-10 0 0 0.0220325 0 0 0 0 0 0 9.77153e+12 9.77153e+12 9.77153e+12 9.77153e+12 
0.0395 -3.46826 -6.76826 -4.51872 -6.1577 1.26826 3.2279e+07 1.64686e+14 0.000577396 0.00297811 2.98611e-15 7.85791e-08 280355 0 0 8.37221e-10 0 0 0.0220325 0 0 0 0 0 0 9.77173e+12 9.77173e+12 9.77173e+12 9.77173e+12 
0.04 -3.45425 -6.75425 -4.5047 -6.14368 1.25425 3.22801e+07 1.64678e+14 0.000577422 0.0029782 2.98634e-15 7.85779e-08 280359 0 0 8.37299e-10 0 0 0.0220325 0 0 0 0 0 0 9.77193e+12 9.77193e+12 9.77193e+12 9.77193e+12 
0.0405 -3.44023 -6.74023 -4.49068 -6.12966 1.24023 3.22812e+07 1.64671e+14 0.000577448 0.00297829 2.98657e-15 7.85767e-08 280363 0 0 8.37377e-10 0 0 0.0220325 0 0 0 0 0 0 9.77213e+12 9.77213e+12 9.77213e+12 9.77213e+12 
0.041 -3.42621 -6.72621 -4.47666 -6.11564 1.22621 3.22822e+07 1.64664e+14 0.000577474 0.00297837 2.9868e-15 7.85755e-08 280367 0 0 8.37455e-10 0 0 0.0220325 0 0 0 0 0 0 9.77233e+12 9.77233e+12 9.77233e+12 9.77233e+12 
0.0415 -3.41219 -6.71219 -4.46265 -6.10162 1.21219 3.22833e+07 1.64656e+14 0.0005775 0.00297846 2.98704e-15 7.85743e-08 280372 0 0 8.37533e-10 0 0 0.0220325 0 0 0 0 0 0 9.77253e+12 9.77253e+12 9.77253e+12 9.77253e+12 
0.042 -3.39817 -6.69817 -4.44863 -6.0876 1.19817 3.22844e+07 1.64649e+14 0.000577526 0.00297855 2.98727e-15 7.85731e-08 280376 0 0 8.37611e-10 0 0 0.0220325 0 0 0 0 0 0 9.77273e+12 9.77273e+12 9.77273e+12 9.77273e+12 
0.0425 -3.38415 -6.68415 -4.43461 -6.07358 1.18415 3.22855e+07 1.64642e+14 0.000577552 0.00297864 2.9875e-15 7.85719e-08 280380 0 0 8.37689e-10 0 0 0.0220325 0 0 0 0 0 0 9.77293e+12 9.77293e+12 9.77293e+12 9.77293e+12 
0.043 -3.37013 -6.67013 -4.42059 -6.05956 1.17013 3.22865e+07 1.64634e+14 0.000577578 0.00297873 2.98774e-15 7.85707e-08 280384 0 0 8.37767e-10 0 0 0.0220325 0 0 0 0 0 0 9.77313e+12 9.77313e+12 9.77313e+12 9.77313e+12 
0.0435 -3.35612 -6.65612 -4.40657 -6.04554 1.15612 3.22876e+07 1.64627e+14 0.000577604 0.00297881 2.98797e-15 7.85695e-08 280389 0 0 8.37845e-10 0 0 0.0220325 0 0 0 0 0 0 9.77333e+12 9.77333e+12 9.77333e+12 9.77333e+12 
0.044 -3.3421 -6.6421 -4.39255 -6.03152 1.1421 3.22887e+07 1.64619e+14 0.00057763 0.0029789 2.9882e-15 7.85684e-08 280393 0 0 8.37923e-10 0 0 0.0220325 0 0 0 0 0 0 9.77353e+12 9.77353e+12 9.77353e+12 9.77353e+12 
0.0445 -3.32808 -6.62808 -4.37852 -6.0175 1.12808 3.22897e+07 1.64612e+14 0.000577656 0.00297899 2.98844e-15 7.85672e-08 280397 0 0 8.38002e-10 0 0 0.0220325 0 0 0 0 0 0 9.77373e+12 9.77373e+12 9.77373e+12 9.77373e+12 
0.045 -3.31406 -6.61406 -4.3645 -6.00348 1.11406 3.22908e+07 1.64605e+14 0.000577682 0.00297908 2.98867e-15 7.8566e-08 280401 0 0 8.3808e-10 0 0 0.0220325 0 0 0 0 0 0 9.77393e+12 9.77393e+12 9.77393e+12 9.77393e+12 
0.0455 -3.30004 -6.60004 -4.35048 -5.98945 1.10004 3.22918e+07 1.64597e+14 0.000577708 0.00297916 2.9889e-15 7.85648e-08 280406 0 0 8.38158e-10 0 0 0.0220325 0 0 0 0 0 0 9.77412e+12 9.77412e+12 9.77412e+12 9.77412e+12 
0.046 -3.28602 -6.58602 -4.33646 -5.97543 1.08602 3.22929e+07 1.6459e+14 0.000577734 0.00297925 2.98914e-15 7.85636e-08 280410 0 0 8.38236e-10 0 0 0.0220325 0 0 0 0 0 0 9.77432e+12 9.77432e+12 9.77432e+12 9.77432e+12 
0.0465 -3.272 -6.572 -4.32244 -5.96141 1.072 3.2294e+07 1.64583e+14 0.00057776 0.00297934 2.98937e-15 7.85624e-08 280414 0 0 8.38314e-10 0 0 0.0220325 0 0 0 0 0 0 9.77452e+12 9.77452e+12 9.77452e+12 9.77452e+12 
0.047 -3.25797 -6.55797 -4.30842 -5.94739 1.05797 3.2295e+07 1.64575e+14 0.000577786 0.00297943 2.9896e-15 7.85612e-08 280418 0 0 8.38392e-10 0 0 0.0220325 0 0 0 0 0 0 9.77472e+12 9.77472e+12 9.77472e+12 9.77472e+12 
0.0475 -3.24395 -6.54395 -4.2944 -5.93337 1.04395 3.22961e+07 1.64568e+14 0.000577812 0.00297952 2.98984e-15 7.856e-08 280423 0 0 8.3847e-10 0 0 0.0220325 0 0 0 0 0 0 9.77492e+12 9.77492e+12 9.77492e+12 9.77492e+12 
0.048 -3.22993 -6.52993 -4.28037 -5.91934 1.02993 3.22972e+07 1.64561e+14 0.000577838 0.0029796 2.99007e-15 7.85588e-08 280427 0 0 8.38548e-10 0 0 0.0220325 0 0 0 0 0 0 9.77512e+12 9.77512e+12 9.77512e+12 9.77512e+12 
0.0485 -3.21591 -6.51591 -4.26635 -5.90532 1.01591 3.22982e+07 1.64553e+14 0.000577864 0.00297969 2.9903e-15 7.85576e-08 280431 0 0 8.38627e-10 0 0 0.0220325 0 0 0 0 0 0 9.77532e+12 9.77532e+12 9.77532e+12 9.77532e+12 
0.049 -3.20189 -6.50189 -4.25233 -5.8913 1.00189 3.22993e+07 1.64546e+14 0.00057789 0.00297978 2.99054e-15 7.85564e-08 280435 0 0 8.38705e-10 0 0 0.0220325 0 0 0 0 0 0 9.77552e+12 9.77552e+12 9.77552e+12 9.77552e+12 
0.0495 -3.18787 -6.48787 -4.23831 -5.87727 0.987867 3.23004e+07 1.64539e+14 0.000577916 0.00297987 2.99077e-15 7.85552e-08 280440 0 0 8.38783e-10 0 0 0.0220325 0 0 0 0 0 0 9.77572e+12 9.77572e+12 9.77572e+12 9.77572e+12 
0.05 -3.17384 -6.47384 -4.22428 -5.86325 0.973845 3.23014e+07 1.64531e+14 0.000577942 0.00297996 2.991e-15 7.85541e-08 280444 0 0 8.38861e-10 0 0 0.0220325 0 0 0 0 0 0 9.77592e+12 9.77592e+12 9.77592e+12 9.77592e+12 
0.0505 -3.15982 -6.45982 -4.21026 -5.84923 0.959823 3.23025e+07 1.64524e+14 0.000577968 0.00298004 2.99124e-15 7.85529e-08 280448 0 0 8.38939e-10 0 0 0.0220325 0 0 0 0 0 0 9.77611e+12 9.77611e+12 9.77611e+12 9.77611e+12 
0.051 -3.1458 -6.4458 -4.19624 -5.8352 0.9458 3.23036e+07 1.64517e+14 0.000577994 0.00298013 2.99147e-15 7.85517e-08 280452 0 0 8.39017e-10 0 0 0.0220325 0 0 0 0 0 0 9.77631e+12 9.77631e+12 9.77631e+12 9.77631e+12 
0.0515 -3.13178 -6.43178 -4.18221 -5.82118 0.931777 3.23046e+07 1.64509e+14 0.00057802 0.00298022 2.9917e-15 7.85505e-08 280457 0 0 8.39095e-10 0 0 0.0220325 0 0 0 0 0 0 9.77651e+12 9.77651e+12 9.77651e+12 9.77651e+12 
0.052 -3.11775 -6.41775 -4.16819 -5.80715 0.917754 3.23057e+07 1.64502e+14 0.000578046 0.00298031 2.99194e-15 7.85493e-08 280461 0 0 8.39173e-10 0 0 0.0220325 0 0 0 0 0 0 9.77671e+12 9.77671e+12 9.77671e+12 9.77671e+12 
0.0525 -3.10373 -6.40373 -4.15417 -5.79313 0.903731 3.23068e+07 1.64495e+14 0.000578072 0.00298039 2.99217e-15 7.85481e-08 280465 0 0 8.39252e-10 0 0 0.0220325 0 0 0 0 0 0 9.77691e+12 9.77691e+12 9.77691e+12 9.77691e+12 
0.053 -3.08971 -6.38971 -4.14014 -5.7791 0.889708 3.23078e+07 1.64487e+14 0.000578098 0.00298048 2.9924e-15 7.85469e-08 280470 0 0 8.3933e-10 0 0 0.0220325 0 0 0 0 0 0 9.77711e+12 9.77711e+12 9.77711e+12 9.77711e+12 
0.0535 -3.07568 -6.37568 -4.12612 -5.76508 0.875684 3.23089e+07 1.6448e+14 0.000578124 0.00298057 2.99264e-15 7.85457e-08 280474 0 0 8.39408e-10 0 0 0.0220325 0 0 0 0 0 0 9.77731e+12 9.77731e+12 9.77731e+12 9.77731e+12 
0.054 -3.06166 -6.36166 -4.11209 -5.75105 0.861661 3.231e+07 1.64473e+14 0.00057815 0.00298066 2.99287e-15 7.85445e-08 280478 0 0 8.39486e-10 0 0 0.0220325 0 0 0 0 0 0 9.77751e+12 9.77751e+12 9.77751e+12 9.77751e+12 
0.0545 -3.04764 -6.34764 -4.09807 -5.73703 0.847637 3.2311e+07 1.64465e+14 0.000578176 0.00298075 2.9931e-15 7.85433e-08 280482 0 0 8.39564e-10 0 0 0.0220325 0 0 0 0 0 0 9.7777e+12 9.7777e+12 9.7777e+12 9.7777e+12 
0.055 -3.03361 -6.33361 -4.08404 -5.723 0.833612 3.23121e+07 1.64458e+14 0.000578202 0.00298083 2.99334e-15 7.85421e-08 280487 0 0 8.39642e-10 0 0 0.0220325 0 0 0 0 0 0 9.7779e+12 9.7779e+12 9.7779e+12 9.7779e+12 
0.0555 -3.01959 -6.31959 -4.07002 -5.70898 0.819588 3.23132e+07 1.64451e+14 0.000578228 0.00298092 2.99357e-15 7.8541e-08 280491 0 0 8.3972e-10 0 0 0.0220325 0 0 0 0 0 0 9.7781e+12 9.7781e+12 9.7781e+12 9.7781e+12 
0.056 -3.00556 -6.30556 -4.05599 -5.69495 0.805563 3.23142e+07 1.64443e+14 0.000578254 0.00298101 2.9938e-15 7.85398e-08 280495 0 0 8.39798e-10 0 0 0.0220325 0 0 0 0 0 0 9.7783e+12 9.7783e+12 9.7783e+12 9.7783e+12 
0.0565 -2.99154 -6.29154 -4.04197 -5.68092 0.791538 3.23153e+07 1.64436e+14 0.00057828 0.0029811 2.99403e-15 7.85386e-08 280499 0 0 8.39877e-10 0 0 0.0220325 0 0 0 0 0 0 9.7785e+12 9.7785e+12 9.7785e+12 9.7785e+12 
0.057 -2.97751 -6.27751 -4.02794 -5.6669 0.777513 3.23163e+07 1.64429e+14 0.000578306 0.00298118 2.99427e-15 7.85374e-08 280504 0 0 8.39955e-10 0 0 0.0220325 0 0 0 0 0 0 9.7787e+12 9.7787e+12 9.7787e+12 9.7787e+12 
0.0575 -2.96349 -6.26349 -4.01391 -5.65287 0.763488 3.23174e+07 1.64421e+14 0.000578332 0.00298127 2.9945e-15 7.85362e-08 280508 0 0 8.40033e-10 0 0 0.0220325 0 0 0 0 0 0 9.7789e+12 9.7789e+12 9.7789e+12 9.7789e+12 
0.058 -2.94946 -6.24946 -3.99989 -5.63884 0.749463 3.23185e+07 1.64414e+14 0.000578358 0.00298136 2.99473e-15 7.8535e-08 280512 0 0 8.40111e-10 0 0 0.0220325 0 0 0 0 0 0 9.77909e+12 9.77909e+12 9.77909e+12 9.77909e+12 
0.0585 -2.93544 -6.23544 -3.98586 -5.62482 0.735437 3.23195e+07 1.64407e+14 0.000578384 0.00298145 2.99497e-15 7.85338e-08 280516 0 0 8.40189e-10 0 0 0.0220325 0 0 0 0 0 0 9.77929e+12 9.77929e+12 9.77929e+12 9.77929e+12 
0.059 -2.92141 -6.22141 -3.97183 -5.61079 0.721411 3.23206e+07 1.64399e+14 0.00057841 0.00298154 2.9952e-15 7.85326e-08 280521 0 0 8.40267e-10 0 0 0.0220325 0 0 0 0 0 0 9.77949e+12 9.77949e+12 9.77949e+12 9.77949e+12 
0.0595 -2.90738 -6.20738 -3.95781 -5.59676 0.707385 3.23217e+07 1.64392e+14 0.000578437 0.00298162 2.99543e-15 7.85314e-08 280525 0 0 8.40346e-10 0 0 0.0220325 0 0 0 0 0 0 9.77969e+12 9.77969e+12 9.77969e+12 9.77969e+12 
0.06 -2.89336 -6.19336 -3.94378 -5.58273 0.693358 3.23227e+07 1.64385e+14 0.000578463 0.00298171 2.99567e-15 7.85303e-08 280529 0 0 8.40424e-10 0 0 0.0220325 0 0 0 0 0 0 9.77989e+12 9.77989e+12 9.77989e+12 9.77989e+12 
0.0605 -2.87933 -6.17933 -3.92975 -5.5687 0.679332 3.23238e+07 1.64377e+14 0.000578489 0.0029818 2.9959e-15 7.85291e-08 280533 0 0 8.40502e-10 0 0 0.0220325 0 0 0 0 0 0 9.78009e+12 9.78009e+12 9.78009e+12 9.78009e+12 
0.061 -2.86531 -6.16531 -3.91573 -5.55468 0.665305 3.23249e+07 1.6437e+14 0.000578515 0.00298189 2.99613e-15 7.85279e-08 280538 0 0 8.4058e-10 0 0 0.0220325 0 0 0 0 0 0 9.78028e+12 9.78028e+12 9.78028e+12 9.78028e+12 
0.0615 -2.85128 -6.15128 -3.9017 -5.54065 0.651278 3.23259e+07 1.64363e+14 0.000578541 0.00298198 2.99637e-15 7.85267e-08 280542 0 0 8.40658e-10 0 0 0.0220325 0 0 0 0 0 0 9.78048e+12 9.78048e+12 9.78048e+12 9.78048e+12 
0.062 -2.83725 -6.13725 -3.88767 -5.52662 0.637251 3.2327e+07 1.64355e+14 0.000578567 0.00298206 2.9966e-15 7.85255e-08 280546 0 0 8.40736e-10 0 0 0.0220325 0 0 0 0 0 0 9.78068e+12 9.78068e+12 9.78068e+12 9.78068e+12 
0.0625 -2.82322 -6.12322 -3.87364 -5.51259 0.623224 3.2328e+07 1.64348e+14 0.000578593 0.00298215 2.99683e-15 7.85243e-08 280550 0 0 8.40814e-10 0 0 0.0220325 0 0 0 0 0 0 9.78088e+12 9.78088e+12 9.78088e+12 9.78088e+12 
0.063 -2.8092 -6.1092 -3.85961 -5.49856 0.609196 3.23291e+07 1.64341e+14 0.000578619 0.00298224 2.99707e-15 7.85231e-08 280555 0 0 8.40893e-10 0 0 0.0220325 0 0 0 0 0 0 9.78108e+12 9.78108e+12 9.78108e+12 9.78108e+12 
0.0635 -2.79517 -6.09517 -3.84558 -5.48453 0.595168 3.23302e+07 1.64333e+14 0.000578645 0.00298233 2.9973e-15 7.85219e-08 280559 0 0 8.40971e-10 0 0 0.0220325 0 0 0 0 0 0 9.78127e+12 9.78127e+12 9.78127e+12 9.78127e+12 
0.064 -2.78114 -6.08114 -3.83155 -5.4705 0.58114 3.23312e+07 1.64326e+14 0.000578671 0.00298241 2.99753e-15 7.85207e-08 280563 0 0 8.41049e-10 0 0 0.0220325 0 0 0 0 0 0 9.78147e+12 9.78147e+12 9.78147e+12 9.78147e+12 
0.0645 -2.76711 -6.06711 -3.81753 -5.45647 0.567112 3.23323e+07 1.64319e+14 0.000578697 0.0029825 2.99777e-15 7.85196e-08 280567 0 0 8.41127e-10 0 0 0.0220325 0 0 0 0 0 0 9.78167e+12 9.78167e+12 9.78167e+12 9.78167e+12 
0.065 -2.75308 -6.05308 -3.8035 -5.44244 0.553083 3.23334e+07 1.64311e+14 0.000578723 0.00298259 2.998e-15 7.85184e-08 280571 0 0 8.41205e-10 0 0 0.0220325 0 0 0 0 0 0 9.78187e+12 9.78187e+12 9.78187e+12 9.78187e+12 
0.0655 -2.73905 -6.03905 -3.78947 -5.42841 0.539055 3.23344e+07 1.64304e+14 0.000578749 0.00298268 2.99823e-15 7.85172e-08 280576 0 0 8.41283e-10 0 0 0.0220325 0 0 0 0 0 0 9.78207e+12 9.78207e+12 9.78207e+12 9.78207e+12 
0.066 -2.72503 -6.02503 -3.77544 -5.41438 0.525026 3.23355e+07 1.64297e+14 0.000578775 0.00298277 2.99847e-15 7.8516e-08 280580 0 0 8.41362e-10 0 0 0.0220325 0 0 0 0 0 0 9.78226e+12 9.78226e+12 9.78226e+12 9.78226e+12 
0.0665 -2.711 -6.011 -3.76141 -5.40035 0.510997 3.23365e+07 1.64289e+14 0.000578801 0.00298285 2.9987e-15 7.85148e-08 280584 0 0 8.4144e-10 0 0 0.0220325 0 0 0 0 0 0 9.78246e+12 9.78246e+12 9.78246e+12 9.78246e+12 
0.067 -2.69697 -5.99697 -3.74738 -5.38632 0.496967 3.23376e+07 1.64282e+14 0.000578827 0.00298294 2.99893e-15 7.85136e-08 280588 0 0 8.41518e-10 0 0 0.0220325 0 0 0 0 0 0 9.78266e+12 9.78266e+12 9.78266e+12 9.78266e+12 
0.0675 -2.68294 -5.98294 -3.73335 -5.37229 0.482938 3.23387e+07 1.64275e+14 0.000578853 0.00298303 2.99917e-15 7.85124e-08 280593 0 0 8.41596e-10 0 0 0.0220325 0 0 0 0 0 0 9.78286e+12 9.78286e+12 9.78286e+12 9.78286e+12 
0.068 -2.66891 -5.96891 -3.71932 -5.35826 0.468908 3.23397e+07 1.64267e+14 0.000578879 0.00298312 2.9994e-15 7.85112e-08 280597 0 0 8.41674e-10 0 0 0.0220325 0 0 0 0 0 0 9.78306e+12 9.78306e+12 9.78306e+12 9.78306e+12 
0.0685 -2.65488 -5.95488 -3.70529 -5.34423 0.454878 3.23408e+07 1.6426e+14 0.000578905 0.00298321 2.99963e-15 7.85101e-08 280601 0 0 8.41753e-10 0 0 0.0220325 0 0 0 0 0 0 9.78325e+12 9.78325e+12 9.78325e+12 9.78325e+12 
0.069 -2.64085 -5.94085 -3.69125 -5.33019 0.440848 3.23419e+07 1.64253e+14 0.000578931 0.00298329 2.99987e-15 7.85089e-08 280605 0 0 8.41831e-10 0 0 0.0220325 0 0 0 0 0 0 9.78345e+12 9.78345e+12 9.78345e+12 9.78345e+12 
0.0695 -2.62682 -5.92682 -3.67722 -5.31616 0.426818 3.23429e+07 1.64245e+14 0.000578957 0.00298338 3.0001e-15 7.85077e-08 280610 0 0 8.41909e-10 0 0 0.0220325 0 0 0 0 0 0 9.78365e+12 9.78365e+12 9.78365e+12 9.78365e+12 
0.07 -2.61279 -5.91279 -3.66319 -5.30213 0.412787 3.2344e+07 1.64238e+14 0.000578983 0.00298347 3.00033e-15 7.85065e-08 280614 0 0 8.41987e-10 0 0 0.0220325 0 0 0 0 0 0 9.78385e+12 9.78385e+12 9.78385e+12 9.78385e+12 
0.0705 -2.59876 -5.89876 -3.64916 -5.2881 0.398756 3.2345e+07 1.64231e+14 0.000579009 0.00298356 3.00057e-15 7.85053e-08 280618 0 0 8.42065e-10 0 0 0.0220325 0 0 0 0 0 0 9.78404e+12 9.78404e+12 9.78404e+12 9.78404e+12 
0.071 -2.58473 -5.88473 -3.63513 -5.27406 0.384725 3.23461e+07 1.64223e+14 0.000579035 0.00298364 3.0008e-15 7.85041e-08 280622 0 0 8.42143e-10 0 0 0.0220325 0 0 0 0 0 0 9.78424e+12 9.78424e+12 9.78424e+12 9.78424e+12 
0.0715 -2.57069 -5.87069 -3.6211 -5.26003 0.370694 3.23472e+07 1.64216e+14 0.000579061 0.00298373 3.00103e-15 7.85029e-08 280627 0 0 8.42222e-10 0 0 0.0220325 0 0 0 0 0 0 9.78444e+12 9.78444e+12 9.78444e+12 9.78444e+12 
0.072 -2.55666 -5.85666 -3.60706 -5.246 0.356662 3.23482e+07 1.64209e+14 0.000579087 0.00298382 3.00127e-15 7.85017e-08 280631 0 0 8.423e-10 0 0 0.0220325 0 0 0 0 0 0 9.78464e+12 9.78464e+12 9.78464e+12 9.78464e+12 
0.0725 -2.54263 -5.84263 -3.59303 -5.23197 0.342631 3.23493e+07 1.64201e+14 0.000579113 0.00298391 3.0015e-15 7.85006e-08 280635 0 0 8.42378e-10 0 0 0.0220325 0 0 0 0 0 0 9.78483e+12 9.78483e+12 9.78483e+12 9.78483e+12 
0.073 -2.5286 -5.8286 -3.579 -5.21793 0.328599 3.23503e+07 1.64194e+14 0.000579139 0.002984 3.00173e-15 7.84994e-08 280639 0 0 8.42456e-10 0 0 0.0220325 0 0 0 0 0 0 9.78503e+12 9.78503e+12 9.78503e+12 9.78503e+12 
0.0735 -2.51457 -5.81457 -3.56497 -5.2039 0.314567 3.23514e+07 1.64187e+14 0.000579165 0.00298408 3.00196e-15 7.84982e-08 280644 0 0 8.42534e-10 0 0 0.0220325 0 0 0 0 0 0 9.78523e+12 9.78523e+12 9.78523e+12 9.78523e+12 
0.074 -2.50053 -5.80053 -3.55093 -5.18986 0.300535 3.23525e+07 1.64179e+14 0.000579191 0.00298417 3.0022e-15 7.8497e-08 280648 0 0 8.42613e-10 0 0 0.0220325 0 0 0 0 0 0 9.78543e+12 9.78543e+12 9.78543e+12 9.78543e+12 
0.0745 -2.4865 -5.7865 -3.5369 -5.17583 0.286502 3.23535e+07 1.64172e+14 0.000579217 0.00298426 3.00243e-15 7.84958e-08 280652 0 0 8.42691e-10 0 0 0.0220325 0 0 0 0 0 0 9.78562e+12 9.78562e+12 9.78562e+12 9.78562e+12 
0.075 -2.47247 -5.77247 -3.52287 -5.1618 0.272469 3.23546e+07 1.64165e+14 0.000579243 0.00298435 3.00266e-15 7.84946e-08 280656 0 0 8.42769e-10 0 0 0.0220325 0 0 0 0 0 0 9.78582e+12 9.78582e+12 9.78582e+12 9.78582e+12 
0.0755 -2.45844 -5.75844 -3.50883 -5.14776 0.258436 3.23556e+07 1.64158e+14 0.000579269 0.00298444 3.0029e-15 7.84934e-08 280661 0 0 8.42847e-10 0 0 0.0220325 0 0 0 0 0 0 9.78602e+12 9.78602e+12 9.78602e+12 9.78602e+12 
0.076 -2.4444 -5.7444 -3.4948 -5.13373 0.244403 3.23567e+07 1.6415e+14 0.000579295 0.00298452 3.00313e-15 7.84923e-08 280665 0 0 8.42925e-10 0 0 0.0220325 0 0 0 0 0 0 9.78622e+12 9.78622e+12 9.78622e+12 9.78622e+12 
0.0765 -2.43037 -5.73037 -3.48076 -5.11969 0.23037 3.23578e+07 1.64143e+14 0.000579321 0.00298461 3.00336e-15 7.84911e-08 280669 0 0 8.43004e-10 0 0 0.0220325 0 0 0 0 0 0 9.78641e+12 9.78641e+12 9.78641e+12 9.78641e+12 
0.077 -2.41634 -5.71634 -3.46673 -5.10566 0.216336 3.23588e+07 1.64136e+14 0.000579347 0.0029847 3.0036e-15 7.84899e-08 280673 0 0 8.43082e-10 0 0 0.0220325 0 0 0 0 0 0 9.78661e+12 9.78661e+12 9.78661e+12 9.78661e+12 
0.0775 -2.4023 -5.7023 -3.45269 -5.09162 0.202303 3.23599e+07 1.64128e+14 0.000579373 0.00298479 3.00383e-15 7.84887e-08 280678 0 0 8.4316e-10 0 0 0.0220325 0 0 0 0 0 0 9.78681e+12 9.78681e+12 9.78681e+12 9.78681e+12 
0.078 -2.38827 -5.68827 -3.43866 -5.07759 0.188269 3.23609e+07 1.64121e+14 0.000579399 0.00298487 3.00406e-15 7.84875e-08 280682 0 0 8.43238e-10 0 0 0.0220325 0 0 0 0 0 0 9.78701e+12 9.78701e+12 9.78701e+12 9.78701e+12 
0.0785 -2.37423 -5.67423 -3.42462 -5.06355 0.174234 3.2362e+07 1.64114e+14 0.000579425 0.00298496 3.0043e-15 7.84863e-08 280686 0 0 8.43317e-10 0 0 0.0220325 0 0 0 0 0 0 9.7872e+12 9.7872e+12 9.7872e+12 9.7872e+12 
0.079 -2.3602 -5.6602 -3.41059 -5.04951 0.1602 3.23631e+07 1.64106e+14 0.000579451 0.00298505 3.00453e-15 7.84851e-08 280690 0 0 8.43395e-10 0 0 0.0220325 0 0 0 0 0 0 9.7874e+12 9.7874e+12 9.7874e+12 9.7874e+12 
0.0795 -2.34617 -5.64617 -3.39655 -5.03548 0.146165 3.23641e+07 1.64099e+14 0.000579477 0.00298514 3.00476e-15 7.84839e-08 280695 0 0 8.43473e-10 0 0 0.0220325 0 0 0 0 0 0 9.7876e+12 9.7876e+12 9.7876e+12 9.7876e+12 
0.08 -2.33213 -5.63213 -3.38252 -5.02144 0.132131 3.23652e+07 1.64092e+14 0.000579503 0.00298523 3.005e-15 7.84828e-08 280699 0 0 8.43551e-10 0 0 0.0220325 0 0 0 0 0 0 9.78779e+12 9.78779e+12 9.78779e+12 9.78779e+12 
0.0805 -2.3181 -5.6181 -3.36848 -5.00741 0.118095 3.23662e+07 1.64084e+14 0.000579529 0.00298531 3.00523e-15 7.84816e-08 280703 0 0 8.43629e-10 0 0 0.0220325 0 0 0 0 0 0 9.78799e+12 9.78799e+12 9.78799e+12 9.78799e+12 
0.081 -2.30406 -5.60406 -3.35445 -4.99337 0.10406 3.23673e+07 1.64077e+14 0.000579555 0.0029854 3.00546e-15 7.84804e-08 280707 0 0 8.43708e-10 0 0 0.0220325 0 0 0 0 0 0 9.78819e+12 9.78819e+12 9.78819e+12 9.78819e+12 
0.0815 -2.29002 -5.59002 -3.34041 -4.97933 0.0900248 3.23684e+07 1.6407e+14 0.000579581 0.00298549 3.0057e-15 7.84792e-08 280712 0 0 8.43786e-10 0 0 0.0220325 0 0 0 0 0 0 9.78839e+12 9.78839e+12 9.78839e+12 9.78839e+12 
0.082 -2.27599 -5.57599 -3.32637 -4.96529 0.0759891 3.23694e+07 1.64063e+14 0.000579607 0.00298558 3.00593e-15 7.8478e-08 280716 0 0 8.43864e-10 0 0 0.0220325 0 0 0 0 0 0 9.78858e+12 9.78858e+12 9.78858e+12 9.78858e+12 
0.0825 -2.26195 -5.56195 -3.31234 -4.95126 0.0619532 3.23705e+07 1.64055e+14 0.000579633 0.00298566 3.00616e-15 7.84768e-08 280720 0 0 8.43942e-10 0 0 0.0220325 0 0 0 0 0 0 9.78878e+12 9.78878e+12 9.78878e+12 9.78878e+12 
0.083 -2.24792 -5.54792 -3.2983 -4.93722 0.0479171 3.23715e+07 1.64048e+14 0.000579659 0.00298575 3.0064e-15 7.84757e-08 280724 0 0 8.4402e-10 0 0 0.0220325 0 0 0 0 0 0 9.78898e+12 9.78898e+12 9.78898e+12 9.78898e+12 
0.0835 -2.23388 -5.53388 -3.28426 -4.92318 0.0338808 3.23726e+07 1.64041e+14 0.000579685 0.00298584 3.00663e-15 7.84745e-08 280729 0 0 8.44099e-10 0 0 0.0220325 0 0 0 0 0 0 9.78917e+12 9.78917e+12 9.78917e+12 9.78917e+12 
0.084 -2.21984 -5.51984 -3.27022 -4.90914 0.0198442 3.23737e+07 1.64033e+14 0.000579711 0.00298593 3.00686e-15 7.84733e-08 280733 0 0 8.44177e-10 0 0 0.0220325 0 0 0 0 0 0 9.78937e+12 9.78937e+12 9.78937e+12 9.78937e+12 
0.0845 -2.20581 -5.50581 -3.25619 -4.8951 0.00580748 3.23747e+07 1.64026e+14 0.000579737 0.00298602 3.0071e-15 7.84721e-08 280737 0 0 8.44255e-10 0 0 0.0220325 0 0 0 0 0 0 9.78957e+12 9.78957e+12 9.78957e+12 9.78957e+12 
0.085 -2.19177 -5.49177 -3.24215 -4.88107 -0.00822948 3.23758e+07 1.64019e+14 0.000579763 0.0029861 3.00733e-15 7.84709e-08 280741 0 0 8.44333e-10 0 0 0.0220325 0 0 0 0 0 0 9.78976e+12 9.78976e+12 9.78976e+12 9.78976e+12 
0.0855 -2.17773 -5.47773 -3.22811 -4.86703 -0.0222666 3.23768e+07 1.64011e+14 0.000579789 0.00298619 3.00756e-15 7.84697e-08 280745 0 0 8.44412e-10 0 0 0.0220325 0 0 0 0 0 0 9.78996e+12 9.78996e+12 9.78996e+12 9.78996e+12 
0.086 -2.1637 -5.4637 -3.21407 -4.85299 -0.036304 3.23779e+07 1.64004e+14 0.000579815 0.00298628 3.0078e-15 7.84685e-08 280750 0 0 8.4449e-10 0 0 0.0220325 0 0 0 0 0 0 9.79016e+12 9.79016e+12 9.79016e+12 9.79016e+12 
0.0865 -2.14966 -5.44966 -3.20003 -4.83895 -0.0503416 3.23789e+07 1.63997e+14 0.000579841 0.00298637 3.00803e-15 7.84674e-08 280754 0 0 8.44568e-10 0 0 0.0220325 0 0 0 0 0 0 9.79035e+12 9.79035e+12 9.79035e+12 9.79035e+12 
0.087 -2.13562 -5.43562 -3.186 -4.82491 -0.0643794 3.238e+07 1.6399e+14 0.000579867 0.00298646 3.00826e-15 7.84662e-08 280758 0 0 8.44646e-10 0 0 0.0220325 0 0 0 0 0 0 9.79055e+12 9.79055e+12 9.79055e+12 9.79055e+12 
0.0875 -2.12158 -5.42158 -3.17196 -4.81087 -0.0784174 3.23811e+07 1.63982e+14 0.000579893 0.00298654 3.0085e-15 7.8465e-08 280762 0 0 8.44725e-10 0 0 0.0220325 0 0 0 0 0 0 9.79075e+12 9.79075e+12 9.79075e+12 9.79075e+12 
0.088 -2.10754 -5.40754 -3.15792 -4.79683 -0.0924557 3.23821e+07 1.63975e+14 0.000579919 0.00298663 3.00873e-15 7.84638e-08 280767 0 0 8.44803e-10 0 0 0.0220325 0 0 0 0 0 0 9.79094e+12 9.79094e+12 9.79094e+12 9.79094e+12 
0.0885 -2.09351 -5.39351 -3.14388 -4.78279 -0.106494 3.23832e+07 1.63968e+14 0.000579945 0.00298672 3.00896e-15 7.84626e-08 280771 0 0 8.44881e-10 0 0 0.0220325 0 0 0 0 0 0 9.79114e+12 9.79114e+12 9.79114e+12 9.79114e+12 
0.089 -2.07947 -5.37947 -3.12984 -4.76875 -0.120533 3.23842e+07 1.6396e+14 0.000579971 0.00298681 3.0092e-15 7.84614e-08 280775 0 0 8.44959e-10 0 0 0.0220325 0 0 0 0 0 0 9.79134e+12 9.79134e+12 9.79134e+12 9.79134e+12 
0.0895 -2.06543 -5.36543 -3.1158 -4.75471 -0.134572 3.23853e+07 1.63953e+14 0.000579997 0.00298689 3.00943e-15 7.84603e-08 280779 0 0 8.45038e-10 0 0 0.0220325 0 0 0 0 0 0 9.79153e+12 9.79153e+12 9.79153e+12 9.79153e+12 
0.09 -2.05139 -5.35139 -3.10176 -4.74067 -0.148611 3.23863e+07 1.63946e+14 0.000580023 0.00298698 3.00966e-15 7.84591e-08 280784 0 0 8.45116e-10 0 0 0.0220325 0 0 0 0 0 0 9.79173e+12 9.79173e+12 9.79173e+12 9.79173e+12 
0.0905 -2.03735 -5.33735 -3.08772 -4.72663 -0.16265 3.23874e+07 1.63938e+14 0.000580049 0.00298707 3.0099e-15 7.84579e-08 280788 0 0 8.45194e-10 0 0 0.0220325 0 0 0 0 0 0 9.79193e+12 9.79193e+12 9.79193e+12 9.79193e+12 
0.091 -2.02331 -5.32331 -3.07368 -4.71259 -0.176689 3.23885e+07 1.63931e+14 0.000580075 0.00298716 3.01013e-15 7.84567e-08 280792 0 0 8.45272e-10 0 0 0.0220325 0 0 0 0 0 0 9.79212e+12 9.79212e+12 9.79212e+12 9.79212e+12 
0.0915 -2.00927 -5.30927 -3.05964 -4.69855 -0.190729 3.23895e+07 1.63924e+14 0.000580101 0.00298725 3.01036e-15 7.84555e-08 280796 0 0 8.45351e-10 0 0 0.0220325 0 0 0 0 0 0 9.79232e+12 9.79232e+12 9.79232e+12 9.79232e+12 
0.092 -1.99523 -5.29523 -3.0456 -4.6845 -0.204769 3.23906e+07 1.63917e+14 0.000580127 0.00298733 3.0106e-15 7.84543e-08 280801 0 0 8.45429e-10 0 0 0.0220325 0 0 0 0 0 0 9.79252e+12 9.79252e+12 9.79252e+12 9.79252e+12 
0.0925 -1.98119 -5.28119 -3.03156 -4.67046 -0.218809 3.23916e+07 1.63909e+14 0.000580153 0.00298742 3.01083e-15 7.84532e-08 280805 0 0 8.45507e-10 0 0 0.0220325 0 0 0 0 0 0 9.79271e+12 9.79271e+12 9.79271e+12 9.79271e+12 
0.093 -1.96715 -5.26715 -3.01751 -4.65642 -0.23285 3.23927e+07 1.63902e+14 0.000580179 0.00298751 3.01106e-15 7.8452e-08 280809 0 0 8.45585e-10 0 0 0.0220325 0 0 0 0 0 0 9.79291e+12 9.79291e+12 9.79291e+12 9.79291e+12 
0.0935 -1.95311 -5.25311 -3.00347 -4.64238 -0.24689 3.23937e+07 1.63895e+14 0.000580205 0.0029876 3.0113e-15 7.84508e-08 280813 0 0 8.45664e-10 0 0 0.0220325 0 0 0 0 0 0 9.79311e+12 9.79311e+12 9.79311e+12 9.79311e+12 
0.094 -1.93907 -5.23907 -2.98943 -4.62834 -0.260931 3.23948e+07 1.63887e+14 0.000580232 0.00298769 3.01153e-15 7.84496e-08 280818 0 0 8.45742e-10 0 0 0.0220325 0 0 0 0 0 0 9.7933e+12 9.7933e+12 9.7933e+12 9.7933e+12 
0.0945 -1.92503 -5.22503 -2.97539 -4.61429 -0.274972 3.23959e+07 1.6388e+14 0.000580258 0.00298777 3.01176e-15 7.84484e-08 280822 0 0 8.4582e-10 0 0 0.0220325 0 0 0 0 0 0 9.7935e+12 9.7935e+12 9.7935e+12 9.7935e+12 
0.095 -1.91099 -5.21099 -2.96135 -4.60025 -0.289013 3.23969e+07 1.63873e+14 0.000580284 0.00298786 3.01199e-15 7.84472e-08 280826 0 0 8.45898e-10 0 0 0.0220325 0 0 0 0 0 0 9.79369e+12 9.79369e+12 9.79369e+12 9.79369e+12 
0.0955 -1.89695 -5.19695 -2.94731 -4.58621 -0.303055 3.2398e+07 1.63866e+14 0.00058031 0.00298795 3.01223e-15 7.84461e-08 280830 0 0 8.45977e-10 0 0 0.0220325 0 0 0 0 0 0 9.79389e+12 9.79389e+12 9.79389e+12 9.79389e+12 
0.096 -1.8829 -5.1829 -2.93326 -4.57217 -0.317096 3.2399e+07 1.63858e+14 0.000580336 0.00298804 3.01246e-15 7.84449e-08 280834 0 0 8.46055e-10 0 0 0.0220325 0 0 0 0 0 0 9.79409e+12 9.79409e+12 9.79409e+12 9.79409e+12 
0.0965 -1.86886 -5.16886 -2.91922 -4.55812 -0.331138 3.24001e+07 1.63851e+14 0.000580362 0.00298812 3.01269e-15 7.84437e-08 280839 0 0 8.46133e-10 0 0 0.0220325 0 0 0 0 0 0 9.79428e+12 9.79428e+12 9.79428e+12 9.79428e+12 
0.097 -1.85482 -5.15482 -2.90518 -4.54408 -0.34518 3.24011e+07 1.63844e+14 0.000580388 0.00298821 3.01293e-15 7.84425e-08 280843 0 0 8.46211e-10 0 0 0.0220325 0 0 0 0 0 0 9.79448e+12 9.79448e+12 9.79448e+12 9.79448e+12 
0.0975 -1.84078 -5.14078 -2.89113 -4.53003 -0.359222 3.24022e+07 1.63836e+14 0.000580414 0.0029883 3.01316e-15 7.84413e-08 280847 0 0 8.4629e-10 0 0 0.0220325 0 0 0 0 0 0 9.79468e+12 9.79468e+12 9.79468e+12 9.79468e+12 
0.098 -1.82674 -5.12674 -2.87709 -4.51599 -0.373265 3.24032e+07 1.63829e+14 0.00058044 0.00298839 3.01339e-15 7.84401e-08 280851 0 0 8.46368e-10 0 0 0.0220325 0 0 0 0 0 0 9.79487e+12 9.79487e+12 9.79487e+12 9.79487e+12 
0.0985 -1.81269 -5.11269 -2.86305 -4.50195 -0.387307 3.24043e+07 1.63822e+14 0.000580466 0.00298848 3.01363e-15 7.8439e-08 280856 0 0 8.46446e-10 0 0 0.0220325 0 0 0 0 0 0 9.79507e+12 9.79507e+12 9.79507e+12 9.79507e+12 
0.099 -1.79865 -5.09865 -2.849 -4.4879 -0.40135 3.24054e+07 1.63815e+14 0.000580492 0.00298856 3.01386e-15 7.84378e-08 280860 0 0 8.46525e-10 0 0 0.0220325 0 0 0 0 0 0 9.79526e+12 9.79526e+12 9.79526e+12 9.79526e+12 
0.0995 -1.78461 -5.08461 -2.83496 -4.47386 -0.415393 3.24064e+07 1.63807e+14 0.000580518 0.00298865 3.01409e-15 7.84366e-08 280864 0 0 8.46603e-10 0 0 0.0220325 0 0 0 0 0 0 9.79546e+12 9.79546e+12 9.79546e+12 9.79546e+12 
0.1 -1.77056 -5.07056 -2.82092 -4.45981 -0.429437 3.24075e+07 1.638e+14 0.000580544 0.00298874 3.01433e-15 7.84354e-08 280868 0 0 8.46681e-10 0 0 0.0220325 0 0 0 0 0 0 9.79566e+12 9.79566e+12 9.79566e+12 9.79566e+12 
0.1005 -1.75652 -5.05652 -2.80687 -4.44577 -0.44348 3.24085e+07 1.63793e+14 0.00058057 0.00298883 3.01456e-15 7.84342e-08 280873 0 0 8.46759e-10 0 0 0.0220325 0 0 0 0 0 0 9.79585e+12 9.79585e+12 9.79585e+12 9.79585e+12 
0.101 -1.74248 -5.04248 -2.79283 -4.43172 -0.457524 3.24096e+07 1.63785e+14 0.000580596 0.00298892 3.01479e-15 7.84331e-08 280877 0 0 8.46838e-10 0 0 0.0220325 0 0 0 0 0 0 9.79605e+12 9.79605e+12 9.79605e+12 9.79605e+12 
0.1015 -1.72843 -5.02843 -2.77878 -4.41768 -0.471568 3.24106e+07 1.63778e+14 0.000580622 0.002989 3.01503e-15 7.84319e-08 280881 0 0 8.46916e-10 0 0 0.0220325 0 0 0 0 0 0 9.79624e+12 9.79624e+12 9.79624e+12 9.79624e+12 
0.102 -1.71439 -5.01439 -2.76474 -4.40363 -0.485612 3.24117e+07 1.63771e+14 0.000580648 0.00298909 3.01526e-15 7.84307e-08 280885 0 0 8.46994e-10 0 0 0.0220325 0 0 0 0 0 0 9.79644e+12 9.79644e+12 9.79644e+12 9.79644e+12 
0.1025 -1.70034 -5.00034 -2.75069 -4.38958 -0.499656 3.24127e+07 1.63764e+14 0.000580674 0.00298918 3.01549e-15 7.84295e-08 280890 0 0 8.47073e-10 0 0 0.0220325 0 0 0 0 0 0 9.79663e+12 9.79663e+12 9.79663e+12 9.79663e+12 
0.103 -1.6863 -4.9863 -2.73665 -4.37554 -0.513701 3.24138e+07 1.63756e+14 0.0005807 0.00298927 3.01573e-15 7.84283e-08 280894 0 0 8.47151e-10 0 0 0.0220325 0 0 0 0 0 0 9.79683e+12 9.79683e+12 9.79683e+12 9.79683e+12 
0.1035 -1.67225 -4.97225 -2.7226 -4.36149 -0.527746 3.24149e+07 1.63749e+14 0.000580726 0.00298935 3.01596e-15 7.84271e-08 280898 0 0 8.47229e-10 0 0 0.0220325 0 0 0 0 0 0 9.79703e+12 9.79703e+12 9.79703e+12 9.79703e+12 
0.104 -1.65821 -4.95821 -2.70855 -4.34745 -0.541791 3.24159e+07 1.63742e+14 0.000580752 0.00298944 3.01619e-15 7.8426e-08 280902 0 0 8.47307e-10 0 0 0.0220325 0 0 0 0 0 0 9.79722e+12 9.79722e+12 9.79722e+12 9.79722e+12 
0.1045 -1.64416 -4.94416 -2.69451 -4.3334 -0.555836 3.2417e+07 1.63734e+14 0.000580778 0.00298953 3.01643e-15 7.84248e-08 280906 0 0 8.47386e-10 0 0 0.0220325 0 0 0 0 0 0 9.79742e+12 9.79742e+12 9.79742e+12 9.79742e+12 
0.105 -1.63012 -4.93012 -2.68046 -4.31935 -0.569881 3.2418e+07 1.63727e+14 0.000580804 0.00298962 3.01666e-15 7.84236e-08 280911 0 0 8.47464e-10 0 0 0.0220325 0 0 0 0 0 0 9.79761e+12 9.79761e+12 9.79761e+12 9.79761e+12 
0.1055 -1.61607 -4.91607 -2.66642 -4.3053 -0.583927 3.24191e+07 1.6372e+14 0.00058083 0.00298971 3.01689e-15 7.84224e-08 280915 0 0 8.47542e-10 0 0 0.0220325 0 0 0 0 0 0 9.79781e+12 9.79781e+12 9.79781e+12 9.79781e+12 
0.106 -1.60203 -4.90203 -2.65237 -4.29126 -0.597973 3.24201e+07 1.63713e+14 0.000580856 0.00298979 3.01713e-15 7.84212e-08 280919 0 0 8.47621e-10 0 0 0.0220325 0 0 0 0 0 0 9.798e+12 9.798e+12 9.798e+12 9.798e+12 
0.1065 -1.58798 -4.88798 -2.63832 -4.27721 -0.612019 3.24212e+07 1.63705e+14 0.000580882 0.00298988 3.01736e-15 7.84201e-08 280923 0 0 8.47699e-10 0 0 0.0220325 0 0 0 0 0 0 9.7982e+12 9.7982e+12 9.7982e+12 9.7982e+12 
0.107 -1.57393 -4.87393 -2.62428 -4.26316 -0.626065 3.24222e+07 1.63698e+14 0.000580908 0.00298997 3.01759e-15 7.84189e-08 280928 0 0 8.47777e-10 0 0 0.0220325 0 0 0 0 0 0 9.7984e+12 9.7984e+12 9.7984e+12 9.7984e+12 
0.1075 -1.55989 -4.85989 -2.61023 -4.24911 -0.640112 3.24233e+07 1.63691e+14 0.000580934 0.00299006 3.01783e-15 7.84177e-08 280932 0 0 8.47855e-10 0 0 0.0220325 0 0 0 0 0 0 9.79859e+12 9.79859e+12 9.79859e+12 9.79859e+12 
0.108 -1.54584 -4.84584 -2.59618 -4.23507 -0.654158 3.24243e+07 1.63684e+14 0.00058096 0.00299014 3.01806e-15 7.84165e-08 280936 0 0 8.47934e-10 0 0 0.0220325 0 0 0 0 0 0 9.79879e+12 9.79879e+12 9.79879e+12 9.79879e+12 
0.1085 -1.53179 -4.83179 -2.58213 -4.22102 -0.668205 3.24254e+07 1.63676e+14 0.000580986 0.00299023 3.01829e-15 7.84153e-08 280940 0 0 8.48012e-10 0 0 0.0220325 0 0 0 0 0 0 9.79898e+12 9.79898e+12 9.79898e+12 9.79898e+12 
0.109 -1.51775 -4.81775 -2.56808 -4.20697 -0.682253 3.24264e+07 1.63669e+14 0.000581012 0.00299032 3.01853e-15 7.84142e-08 280945 0 0 8.4809e-10 0 0 0.0220325 0 0 0 0 0 0 9.79918e+12 9.79918e+12 9.79918e+12 9.79918e+12 
0.1095 -1.5037 -4.8037 -2.55404 -4.19292 -0.6963 3.24275e+07 1.63662e+14 0.000581038 0.00299041 3.01876e-15 7.8413e-08 280949 0 0 8.48169e-10 0 0 0.0220325 0 0 0 0 0 0 9.79937e+12 9.79937e+12 9.79937e+12 9.79937e+12 
0.11 -1.48965 -4.78965 -2.53999 -4.17887 -0.710347 3.24286e+07 1.63654e+14 0.000581064 0.0029905 3.01899e-15 7.84118e-08 280953 0 0 8.48247e-10 0 0 0.0220325 0 0 0 0 0 0 9.79957e+12 9.79957e+12 9.79957e+12 9.79957e+12 
0.1105 -1.4756 -4.7756 -2.52594 -4.16482 -0.724395 3.24296e+07 1.63647e+14 0.00058109 0.00299058 3.01923e-15 7.84106e-08 280957 0 0 8.48325e-10 0 0 0.0220325 0 0 0 0 0 0 9.79976e+12 9.79976e+12 9.79976e+12 9.79976e+12 
0.111 -1.46156 -4.76156 -2.51189 -4.15077 -0.738443 3.24307e+07 1.6364e+14 0.000581116 0.00299067 3.01946e-15 7.84094e-08 280961 0 0 8.48404e-10 0 0 0.0220325 0 0 0 0 0 0 9.79996e+12 9.79996e+12 9.79996e+12 9.79996e+12 
0.1115 -1.44751 -4.74751 -2.49784 -4.13672 -0.752491 3.24317e+07 1.63633e+14 0.000581142 0.00299076 3.01969e-15 7.84083e-08 280966 0 0 8.48482e-10 0 0 0.0220325 0 0 0 0 0 0 9.80015e+12 9.80015e+12 9.80015e+12 9.80015e+12 
0.112 -1.43346 -4.73346 -2.48379 -4.12267 -0.76654 3.24328e+07 1.63625e+14 0.000581168 0.00299085 3.01993e-15 7.84071e-08 280970 0 0 8.4856e-10 0 0 0.0220325 0 0 0 0 0 0 9.80035e+12 9.80035e+12 9.80035e+12 9.80035e+12 
0.1125 -1.41941 -4.71941 -2.46974 -4.10862 -0.780588 3.24338e+07 1.63618e+14 0.000581194 0.00299094 3.02016e-15 7.84059e-08 280974 0 0 8.48639e-10 0 0 0.0220325 0 0 0 0 0 0 9.80055e+12 9.80055e+12 9.80055e+12 9.80055e+12 
0.113 -1.40536 -4.70536 -2.45569 -4.09457 -0.794637 3.24349e+07 1.63611e+14 0.00058122 0.00299102 3.02039e-15 7.84047e-08 280978 0 0 8.48717e-10 0 0 0.0220325 0 0 0 0 0 0 9.80074e+12 9.80074e+12 9.80074e+12 9.80074e+12 
0.1135 -1.39131 -4.69131 -2.44164 -4.08052 -0.808686 3.24359e+07 1.63604e+14 0.000581246 0.00299111 3.02063e-15 7.84035e-08 280983 0 0 8.48795e-10 0 0 0.0220325 0 0 0 0 0 0 9.80094e+12 9.80094e+12 9.80094e+12 9.80094e+12 
0.114 -1.37726 -4.67726 -2.42759 -4.06647 -0.822735 3.2437e+07 1.63596e+14 0.000581273 0.0029912 3.02086e-15 7.84024e-08 280987 0 0 8.48874e-10 0 0 0.0220325 0 0 0 0 0 0 9.80113e+12 9.80113e+12 9.80113e+12 9.80113e+12 
0.1145 -1.36322 -4.66322 -2.41354 -4.05242 -0.836785 3.2438e+07 1.63589e+14 0.000581299 0.00299129 3.02109e-15 7.84012e-08 280991 0 0 8.48952e-10 0 0 0.0220325 0 0 0 0 0 0 9.80133e+12 9.80133e+12 9.80133e+12 9.80133e+12 
0.115 -1.34917 -4.64917 -2.39949 -4.03837 -0.850834 3.24391e+07 1.63582e+14 0.000581325 0.00299137 3.02133e-15 7.84e-08 280995 0 0 8.4903e-10 0 0 0.0220325 0 0 0 0 0 0 9.80152e+12 9.80152e+12 9.80152e+12 9.80152e+12 
0.1155 -1.33512 -4.63512 -2.38544 -4.02432 -0.864884 3.24401e+07 1.63575e+14 0.000581351 0.00299146 3.02156e-15 7.83988e-08 281000 0 0 8.49109e-10 0 0 0.0220325 0 0 0 0 0 0 9.80172e+12 9.80172e+12 9.80172e+12 9.80172e+12 
0.116 -1.32107 -4.62107 -2.37139 -4.01026 -0.878934 3.24412e+07 1.63567e+14 0.000581377 0.00299155 3.02179e-15 7.83976e-08 281004 0 0 8.49187e-10 0 0 0.0220325 0 0 0 0 0 0 9.80191e+12 9.80191e+12 9.80191e+12 9.80191e+12 
0.1165 -1.30702 -4.60702 -2.35734 -3.99621 -0.892985 3.24422e+07 1.6356e+14 0.000581403 0.00299164 3.02203e-15 7.83965e-08 281008 0 0 8.49265e-10 0 0 0.0220325 0 0 0 0 0 0 9.80211e+12 9.80211e+12 9.80211e+12 9.80211e+12 
0.117 -1.29296 -4.59296 -2.34329 -3.98216 -0.907035 3.24433e+07 1.63553e+14 0.000581429 0.00299173 3.02226e-15 7.83953e-08 281012 0 0 8.49344e-10 0 0 0.0220325 0 0 0 0 0 0 9.8023e+12 9.8023e+12 9.8023e+12 9.8023e+12 
0.1175 -1.27891 -4.57891 -2.32924 -3.96811 -0.921086 3.24443e+07 1.63545e+14 0.000581455 0.00299181 3.02249e-15 7.83941e-08 281016 0 0 8.49422e-10 0 0 0.0220325 0 0 0 0 0 0 9.8025e+12 9.8025e+12 9.8025e+12 9.8025e+12 
0.118 -1.26486 -4.56486 -2.31518 -3.95406 -0.935137 3.24454e+07 1.63538e+14 0.000581481 0.0029919 3.02273e-15 7.83929e-08 281021 0 0 8.495e-10 0 0 0.0220325 0 0 0 0 0 0 9.80269e+12 9.80269e+12 9.80269e+12 9.80269e+12 
0.1185 -1.25081 -4.55081 -2.30113 -3.94 -0.949188 3.24464e+07 1.63531e+14 0.000581507 0.00299199 3.02296e-15 7.83917e-08 281025 0 0 8.49579e-10 0 0 0.0220325 0 0 0 0 0 0 9.80289e+12 9.80289e+12 9.80289e+12 9.80289e+12 
0.119 -1.23676 -4.53676 -2.28708 -3.92595 -0.963239 3.24475e+07 1.63524e+14 0.000581533 0.00299208 3.02319e-15 7.83906e-08 281029 0 0 8.49657e-10 0 0 0.0220325 0 0 0 0 0 0 9.80308e+12 9.80308e+12 9.80308e+12 9.80308e+12 
0.1195 -1.22271 -4.52271 -2.27303 -3.9119 -0.977291 3.24485e+07 1.63516e+14 0.000581559 0.00299217 3.02343e-15 7.83894e-08 281033 0 0 8.49735e-10 0 0 0.0220325 0 0 0 0 0 0 9.80328e+12 9.80328e+12 9.80328e+12 9.80328e+12 
0.12 -1.20866 -4.50866 -2.25898 -3.89784 -0.991343 3.24496e+07 1.63509e+14 0.000581585 0.00299225 3.02366e-15 7.83882e-08 281038 0 0 8.49814e-10 0 0 0.0220325 0 0 0 0 0 0 9.80347e+12 9.80347e+12 9.80347e+12 9.80347e+12 
0.1205 -1.19461 -4.49461 -2.24492 -3.88379 -1.00539 3.24507e+07 1.63502e+14 0.000581611 0.00299234 3.02389e-15 7.8387e-08 281042 0 0 8.49892e-10 0 0 0.0220325 0 0 0 0 0 0 9.80367e+12 9.80367e+12 9.80367e+12 9.80367e+12 
0.121 -1.18055 -4.48055 -2.23087 -3.86974 -1.01945 3.24517e+07 1.63495e+14 0.000581637 0.00299243 3.02413e-15 7.83859e-08 281046 0 0 8.4997e-10 0 0 0.0220325 0 0 0 0 0 0 9.80386e+12 9.80386e+12 9.80386e+12 9.80386e+12 
0.1215 -1.1665 -4.4665 -2.21682 -3.85568 -1.0335 3.24528e+07 1.63487e+14 0.000581663 0.00299252 3.02436e-15 7.83847e-08 281050 0 0 8.50049e-10 0 0 0.0220325 0 0 0 0 0 0 9.80405e+12 9.80405e+12 9.80405e+12 9.80405e+12 
0.122 -1.15245 -4.45245 -2.20276 -3.84163 -1.04755 3.24538e+07 1.6348e+14 0.000581689 0.0029926 3.02459e-15 7.83835e-08 281054 0 0 8.50127e-10 0 0 0.0220325 0 0 0 0 0 0 9.80425e+12 9.80425e+12 9.80425e+12 9.80425e+12 
0.1225 -1.1384 -4.4384 -2.18871 -3.82757 -1.0616 3.24549e+07 1.63473e+14 0.000581715 0.00299269 3.02483e-15 7.83823e-08 281059 0 0 8.50205e-10 0 0 0.0220325 0 0 0 0 0 0 9.80444e+12 9.80444e+12 9.80444e+12 9.80444e+12 
0.123 -1.12434 -4.42434 -2.17466 -3.81352 -1.07566 3.24559e+07 1.63466e+14 0.000581741 0.00299278 3.02506e-15 7.83811e-08 281063 0 0 8.50284e-10 0 0 0.0220325 0 0 0 0 0 0 9.80464e+12 9.80464e+12 9.80464e+12 9.80464e+12 
0.1235 -1.11029 -4.41029 -2.1606 -3.79947 -1.08971 3.2457e+07 1.63458e+14 0.000581767 0.00299287 3.02529e-15 7.838e-08 281067 0 0 8.50362e-10 0 0 0.0220325 0 0 0 0 0 0 9.80483e+12 9.80483e+12 9.80483e+12 9.80483e+12 
0.124 -1.09624 -4.39624 -2.14655 -3.78541 -1.10376 3.2458e+07 1.63451e+14 0.000581793 0.00299296 3.02553e-15 7.83788e-08 281071 0 0 8.5044e-10 0 0 0.0220325 0 0 0 0 0 0 9.80503e+12 9.80503e+12 9.80503e+12 9.80503e+12 
0.1245 -1.08218 -4.38218 -2.13249 -3.77135 -1.11782 3.24591e+07 1.63444e+14 0.000581819 0.00299304 3.02576e-15 7.83776e-08 281076 0 0 8.50519e-10 0 0 0.0220325 0 0 0 0 0 0 9.80522e+12 9.80522e+12 9.80522e+12 9.80522e+12 
0.125 -1.06813 -4.36813 -2.11844 -3.7573 -1.13187 3.24601e+07 1.63437e+14 0.000581845 0.00299313 3.02599e-15 7.83764e-08 281080 0 0 8.50597e-10 0 0 0.0220325 0 0 0 0 0 0 9.80542e+12 9.80542e+12 9.80542e+12 9.80542e+12 
0.1255 -1.05407 -4.35407 -2.10438 -3.74324 -1.14593 3.24612e+07 1.63429e+14 0.000581871 0.00299322 3.02623e-15 7.83753e-08 281084 0 0 8.50675e-10 0 0 0.0220325 0 0 0 0 0 0 9.80561e+12 9.80561e+12 9.80561e+12 9.80561e+12 
0.126 -1.04002 -4.34002 -2.09033 -3.72919 -1.15998 3.24622e+07 1.63422e+14 0.000581897 0.00299331 3.02646e-15 7.83741e-08 281088 0 0 8.50754e-10 0 0 0.0220325 0 0 0 0 0 0 9.80581e+12 9.80581e+12 9.80581e+12 9.80581e+12 
0.1265 -1.02597 -4.32597 -2.07627 -3.71513 -1.17403 3.24633e+07 1.63415e+14 0.000581923 0.00299339 3.02669e-15 7.83729e-08 281093 0 0 8.50832e-10 0 0 0.0220325 0 0 0 0 0 0 9.806e+12 9.806e+12 9.806e+12 9.806e+12 
0.127 -1.01191 -4.31191 -2.06222 -3.70108 -1.18809 3.24643e+07 1.63408e+14 0.000581949 0.00299348 3.02693e-15 7.83717e-08 281097 0 0 8.5091e-10 0 0 0.0220325 0 0 0 0 0 0 9.80619e+12 9.80619e+12 9.80619e+12 9.80619e+12 
0.1275 -0.997855 -4.29786 -2.04816 -3.68702 -1.20214 3.24654e+07 1.634e+14 0.000581975 0.00299357 3.02716e-15 7.83705e-08 281101 0 0 8.50989e-10 0 0 0.0220325 0 0 0 0 0 0 9.80639e+12 9.80639e+12 9.80639e+12 9.80639e+12 
0.128 -0.9838 -4.2838 -2.0341 -3.67296 -1.2162 3.24664e+07 1.63393e+14 0.000582001 0.00299366 3.02739e-15 7.83694e-08 281105 0 0 8.51067e-10 0 0 0.0220325 0 0 0 0 0 0 9.80658e+12 9.80658e+12 9.80658e+12 9.80658e+12 
0.1285 -0.969745 -4.26974 -2.02005 -3.65891 -1.23026 3.24675e+07 1.63386e+14 0.000582027 0.00299375 3.02763e-15 7.83682e-08 281109 0 0 8.51146e-10 0 0 0.0220325 0 0 0 0 0 0 9.80678e+12 9.80678e+12 9.80678e+12 9.80678e+12 
0.129 -0.955689 -4.25569 -2.00599 -3.64485 -1.24431 3.24685e+07 1.63379e+14 0.000582053 0.00299383 3.02786e-15 7.8367e-08 281114 0 0 8.51224e-10 0 0 0.0220325 0 0 0 0 0 0 9.80697e+12 9.80697e+12 9.80697e+12 9.80697e+12 
0.1295 -0.941634 -4.24163 -1.99194 -3.63079 -1.25837 3.24696e+07 1.63371e+14 0.00058208 0.00299392 3.02809e-15 7.83658e-08 281118 0 0 8.51302e-10 0 0 0.0220325 0 0 0 0 0 0 9.80717e+12 9.80717e+12 9.80717e+12 9.80717e+12 
0.13 -0.927578 -4.22758 -1.97788 -3.61673 -1.27242 3.24706e+07 1.63364e+14 0.000582106 0.00299401 3.02832e-15 7.83647e-08 281122 0 0 8.51381e-10 0 0 0.0220325 0 0 0 0 0 0 9.80736e+12 9.80736e+12 9.80736e+12 9.80736e+12 
0.1305 -0.913521 -4.21352 -1.96382 -3.60268 -1.28648 3.24717e+07 1.63357e+14 0.000582132 0.0029941 3.02856e-15 7.83635e-08 281126 0 0 8.51459e-10 0 0 0.0220325 0 0 0 0 0 0 9.80755e+12 9.80755e+12 9.80755e+12 9.80755e+12 
0.131 -0.899465 -4.19946 -1.94976 -3.58862 -1.30054 3.24727e+07 1.6335e+14 0.000582158 0.00299419 3.02879e-15 7.83623e-08 281131 0 0 8.51537e-10 0 0 0.0220325 0 0 0 0 0 0 9.80775e+12 9.80775e+12 9.80775e+12 9.80775e+12 
0.1315 -0.885408 -4.18541 -1.93571 -3.57456 -1.31459 3.24738e+07 1.63342e+14 0.000582184 0.00299427 3.02902e-15 7.83611e-08 281135 0 0 8.51616e-10 0 0 0.0220325 0 0 0 0 0 0 9.80794e+12 9.80794e+12 9.80794e+12 9.80794e+12 
0.132 -0.871351 -4.17135 -1.92165 -3.5605 -1.32865 3.24748e+07 1.63335e+14 0.00058221 0.00299436 3.02926e-15 7.836e-08 281139 0 0 8.51694e-10 0 0 0.0220325 0 0 0 0 0 0 9.80814e+12 9.80814e+12 9.80814e+12 9.80814e+12 
0.1325 -0.857294 -4.15729 -1.90759 -3.54644 -1.34271 3.24758e+07 1.63328e+14 0.000582236 0.00299445 3.02949e-15 7.83588e-08 281143 0 0 8.51773e-10 0 0 0.0220325 0 0 0 0 0 0 9.80833e+12 9.80833e+12 9.80833e+12 9.80833e+12 
0.133 -0.843237 -4.14324 -1.89353 -3.53238 -1.35676 3.24769e+07 1.63321e+14 0.000582262 0.00299454 3.02972e-15 7.83576e-08 281147 0 0 8.51851e-10 0 0 0.0220325 0 0 0 0 0 0 9.80853e+12 9.80853e+12 9.80853e+12 9.80853e+12 
0.1335 -0.82918 -4.12918 -1.87947 -3.51832 -1.37082 3.24779e+07 1.63313e+14 0.000582288 0.00299462 3.02996e-15 7.83564e-08 281152 0 0 8.51929e-10 0 0 0.0220325 0 0 0 0 0 0 9.80872e+12 9.80872e+12 9.80872e+12 9.80872e+12 
0.134 -0.815122 -4.11512 -1.86542 -3.50427 -1.38488 3.2479e+07 1.63306e+14 0.000582314 0.00299471 3.03019e-15 7.83552e-08 281156 0 0 8.52008e-10 0 0 0.0220325 0 0 0 0 0 0 9.80891e+12 9.80891e+12 9.80891e+12 9.80891e+12 
0.1345 -0.801064 -4.10106 -1.85136 -3.49021 -1.39894 3.248e+07 1.63299e+14 0.00058234 0.0029948 3.03042e-15 7.83541e-08 281160 0 0 8.52086e-10 0 0 0.0220325 0 0 0 0 0 0 9.80911e+12 9.80911e+12 9.80911e+12 9.80911e+12 
0.135 -0.787006 -4.08701 -1.8373 -3.47615 -1.41299 3.24811e+07 1.63292e+14 0.000582366 0.00299489 3.03066e-15 7.83529e-08 281164 0 0 8.52164e-10 0 0 0.0220325 0 0 0 0 0 0 9.8093e+12 9.8093e+12 9.8093e+12 9.8093e+12 
0.1355 -0.772948 -4.07295 -1.82324 -3.46209 -1.42705 3.24821e+07 1.63284e+14 0.000582392 0.00299498 3.03089e-15 7.83517e-08 281169 0 0 8.52243e-10 0 0 0.0220325 0 0 0 0 0 0 9.8095e+12 9.8095e+12 9.8095e+12 9.8095e+12 
0.136 -0.758889 -4.05889 -1.80918 -3.44803 -1.44111 3.24832e+07 1.63277e+14 0.000582418 0.00299506 3.03112e-15 7.83505e-08 281173 0 0 8.52321e-10 0 0 0.0220325 0 0 0 0 0 0 9.80969e+12 9.80969e+12 9.80969e+12 9.80969e+12 
0.1365 -0.74483 -4.04483 -1.79512 -3.43397 -1.45517 3.24842e+07 1.6327e+14 0.000582444 0.00299515 3.03136e-15 7.83494e-08 281177 0 0 8.524e-10 0 0 0.0220325 0 0 0 0 0 0 9.80988e+12 9.80988e+12 9.80988e+12 9.80988e+12 
0.137 -0.730771 -4.03077 -1.78106 -3.41991 -1.46923 3.24853e+07 1.63263e+14 0.00058247 0.00299524 3.03159e-15 7.83482e-08 281181 0 0 8.52478e-10 0 0 0.0220325 0 0 0 0 0 0 9.81008e+12 9.81008e+12 9.81008e+12 9.81008e+12 
0.1375 -0.716712 -4.01671 -1.767 -3.40584 -1.48329 3.24863e+07 1.63256e+14 0.000582496 0.00299533 3.03182e-15 7.8347e-08 281185 0 0 8.52556e-10 0 0 0.0220325 0 0 0 0 0 0 9.81027e+12 9.81027e+12 9.81027e+12 9.81027e+12 
0.138 -0.702653 -4.00265 -1.75294 -3.39178 -1.49735 3.24874e+07 1.63248e+14 0.000582522 0.00299542 3.03206e-15 7.83458e-08 281190 0 0 8.52635e-10 0 0 0.0220325 0 0 0 0 0 0 9.81046e+12 9.81046e+12 9.81046e+12 9.81046e+12 
0.1385 -0.688593 -3.98859 -1.73888 -3.37772 -1.51141 3.24884e+07 1.63241e+14 0.000582548 0.0029955 3.03229e-15 7.83447e-08 281194 0 0 8.52713e-10 0 0 0.0220325 0 0 0 0 0 0 9.81066e+12 9.81066e+12 9.81066e+12 9.81066e+12 
0.139 -0.674533 -3.97453 -1.72482 -3.36366 -1.52547 3.24895e+07 1.63234e+14 0.000582574 0.00299559 3.03252e-15 7.83435e-08 281198 0 0 8.52792e-10 0 0 0.0220325 0 0 0 0 0 0 9.81085e+12 9.81085e+12 9.81085e+12 9.81085e+12 
0.1395 -0.660473 -3.96047 -1.71076 -3.3496 -1.53953 3.24905e+07 1.63227e+14 0.0005826 0.00299568 3.03276e-15 7.83423e-08 281202 0 0 8.5287e-10 0 0 0.0220325 0 0 0 0 0 0 9.81105e+12 9.81105e+12 9.81105e+12 9.81105e+12 
0.14 -0.646413 -3.94641 -1.6967 -3.33554 -1.55359 3.24916e+07 1.63219e+14 0.000582626 0.00299577 3.03299e-15 7.83411e-08 281206 0 0 8.52948e-10 0 0 0.0220325 0 0 0 0 0 0 9.81124e+12 9.81124e+12 9.81124e+12 9.81124e+12 
0.1405 -0.632353 -3.93235 -1.68264 -3.32148 -1.56765 3.24926e+07 1.63212e+14 0.000582652 0.00299585 3.03322e-15 7.834e-08 281211 0 0 8.53027e-10 0 0 0.0220325 0 0 0 0 0 0 9.81143e+12 9.81143e+12 9.81143e+12 9.81143e+12 
0.141 -0.618292 -3.91829 -1.66857 -3.30741 -1.58171 3.24937e+07 1.63205e+14 0.000582678 0.00299594 3.03346e-15 7.83388e-08 281215 0 0 8.53105e-10 0 0 0.0220325 0 0 0 0 0 0 9.81163e+12 9.81163e+12 9.81163e+12 9.81163e+12 
0.1415 -0.604231 -3.90423 -1.65451 -3.29335 -1.59577 3.24947e+07 1.63198e+14 0.000582704 0.00299603 3.03369e-15 7.83376e-08 281219 0 0 8.53184e-10 0 0 0.0220325 0 0 0 0 0 0 9.81182e+12 9.81182e+12 9.81182e+12 9.81182e+12 
0.142 -0.59017 -3.89017 -1.64045 -3.27929 -1.60983 3.24958e+07 1.6319e+14 0.00058273 0.00299612 3.03392e-15 7.83364e-08 281223 0 0 8.53262e-10 0 0 0.0220325 0 0 0 0 0 0 9.81201e+12 9.81201e+12 9.81201e+12 9.81201e+12 
0.1425 -0.576109 -3.87611 -1.62639 -3.26523 -1.62389 3.24968e+07 1.63183e+14 0.000582756 0.00299621 3.03416e-15 7.83353e-08 281228 0 0 8.5334e-10 0 0 0.0220325 0 0 0 0 0 0 9.81221e+12 9.81221e+12 9.81221e+12 9.81221e+12 
0.143 -0.562047 -3.86205 -1.61233 -3.25116 -1.63795 3.24979e+07 1.63176e+14 0.000582783 0.00299629 3.03439e-15 7.83341e-08 281232 0 0 8.53419e-10 0 0 0.0220325 0 0 0 0 0 0 9.8124e+12 9.8124e+12 9.8124e+12 9.8124e+12 
0.1435 -0.547986 -3.84799 -1.59826 -3.2371 -1.65201 3.24989e+07 1.63169e+14 0.000582809 0.00299638 3.03462e-15 7.83329e-08 281236 0 0 8.53497e-10 0 0 0.0220325 0 0 0 0 0 0 9.81259e+12 9.81259e+12 9.81259e+12 9.81259e+12 
0.144 -0.533924 -3.83392 -1.5842 -3.22304 -1.66608 3.24999e+07 1.63161e+14 0.000582835 0.00299647 3.03486e-15 7.83317e-08 281240 0 0 8.53576e-10 0 0 0.0220325 0 0 0 0 0 0 9.81279e+12 9.81279e+12 9.81279e+12 9.81279e+12 
0.1445 -0.519862 -3.81986 -1.57014 -3.20897 -1.68014 3.2501e+07 1.63154e+14 0.000582861 0.00299656 3.03509e-15 7.83306e-08 281244 0 0 8.53654e-10 0 0 0.0220325 0 0 0 0 0 0 9.81298e+12 9.81298e+12 9.81298e+12 9.81298e+12 
0.145 -0.505799 -3.8058 -1.55607 -3.19491 -1.6942 3.2502e+07 1.63147e+14 0.000582887 0.00299664 3.03532e-15 7.83294e-08 281249 0 0 8.53733e-10 0 0 0.0220325 0 0 0 0 0 0 9.81317e+12 9.81317e+12 9.81317e+12 9.81317e+12 
0.1455 -0.491737 -3.79174 -1.54201 -3.18084 -1.70826 3.25031e+07 1.6314e+14 0.000582913 0.00299673 3.03556e-15 7.83282e-08 281253 0 0 8.53811e-10 0 0 0.0220325 0 0 0 0 0 0 9.81337e+12 9.81337e+12 9.81337e+12 9.81337e+12 
0.146 -0.477674 -3.77767 -1.52795 -3.16678 -1.72233 3.25041e+07 1.63133e+14 0.000582939 0.00299682 3.03579e-15 7.8327e-08 281257 0 0 8.53889e-10 0 0 0.0220325 0 0 0 0 0 0 9.81356e+12 9.81356e+12 9.81356e+12 9.81356e+12 
0.1465 -0.463611 -3.76361 -1.51388 -3.15272 -1.73639 3.25052e+07 1.63125e+14 0.000582965 0.00299691 3.03602e-15 7.83259e-08 281261 0 0 8.53968e-10 0 0 0.0220325 0 0 0 0 0 0 9.81375e+12 9.81375e+12 9.81375e+12 9.81375e+12 
0.147 -0.449548 -3.74955 -1.49982 -3.13865 -1.75045 3.25062e+07 1.63118e+14 0.000582991 0.002997 3.03626e-15 7.83247e-08 281266 0 0 8.54046e-10 0 0 0.0220325 0 0 0 0 0 0 9.81395e+12 9.81395e+12 9.81395e+12 9.81395e+12 
0.1475 -0.435485 -3.73548 -1.48576 -3.12459 -1.76452 3.25073e+07 1.63111e+14 0.000583017 0.00299708 3.03649e-15 7.83235e-08 281270 0 0 8.54125e-10 0 0 0.0220325 0 0 0 0 0 0 9.81414e+12 9.81414e+12 9.81414e+12 9.81414e+12 
0.148 -0.421421 -3.72142 -1.47169 -3.11052 -1.77858 3.25083e+07 1.63104e+14 0.000583043 0.00299717 3.03672e-15 7.83224e-08 281274 0 0 8.54203e-10 0 0 0.0220325 0 0 0 0 0 0 9.81433e+12 9.81433e+12 9.81433e+12 9.81433e+12 
0.1485 -0.407357 -3.70736 -1.45763 -3.09646 -1.79264 3.25094e+07 1.63096e+14 0.000583069 0.00299726 3.03696e-15 7.83212e-08 281278 0 0 8.54281e-10 0 0 0.0220325 0 0 0 0 0 0 9.81453e+12 9.81453e+12 9.81453e+12 9.81453e+12 
0.149 -0.393293 -3.69329 -1.44356 -3.08239 -1.80671 3.25104e+07 1.63089e+14 0.000583095 0.00299735 3.03719e-15 7.832e-08 281282 0 0 8.5436e-10 0 0 0.0220325 0 0 0 0 0 0 9.81472e+12 9.81472e+12 9.81472e+12 9.81472e+12 
0.1495 -0.379229 -3.67923 -1.4295 -3.06832 -1.82077 3.25114e+07 1.63082e+14 0.000583121 0.00299744 3.03742e-15 7.83188e-08 281287 0 0 8.54438e-10 0 0 0.0220325 0 0 0 0 0 0 9.81491e+12 9.81491e+12 9.81491e+12 9.81491e+12 
0.15 -0.365165 -3.66516 -1.41543 -3.05426 -1.83484 3.25125e+07 1.63075e+14 0.000583147 0.00299752 3.03766e-15 7.83177e-08 281291 0 0 8.54517e-10 0 0 0.0220325 0 0 0 0 0 0 9.81511e+12 9.81511e+12 9.81511e+12 9.81511e+12 
0.1505 -0.3511 -3.6511 -1.40137 -3.04019 -1.8489 3.25135e+07 1.63068e+14 0.000583173 0.00299761 3.03789e-15 7.83165e-08 281295 0 0 8.54595e-10 0 0 0.0220325 0 0 0 0 0 0 9.8153e+12 9.8153e+12 9.8153e+12 9.8153e+12 
0.151 -0.337035 -3.63704 -1.3873 -3.02613 -1.86296 3.25146e+07 1.6306e+14 0.000583199 0.0029977 3.03812e-15 7.83153e-08 281299 0 0 8.54674e-10 0 0 0.0220325 0 0 0 0 0 0 9.81549e+12 9.81549e+12 9.81549e+12 9.81549e+12 
0.1515 -0.32297 -3.62297 -1.37323 -3.01206 -1.87703 3.25156e+07 1.63053e+14 0.000583225 0.00299779 3.03836e-15 7.83141e-08 281303 0 0 8.54752e-10 0 0 0.0220325 0 0 0 0 0 0 9.81569e+12 9.81569e+12 9.81569e+12 9.81569e+12 
0.152 -0.308905 -3.6089 -1.35917 -2.99799 -1.8911 3.25167e+07 1.63046e+14 0.000583251 0.00299787 3.03859e-15 7.8313e-08 281308 0 0 8.54831e-10 0 0 0.0220325 0 0 0 0 0 0 9.81588e+12 9.81588e+12 9.81588e+12 9.81588e+12 
0.1525 -0.294839 -3.59484 -1.3451 -2.98393 -1.90516 3.25177e+07 1.63039e+14 0.000583277 0.00299796 3.03882e-15 7.83118e-08 281312 0 0 8.54909e-10 0 0 0.0220325 0 0 0 0 0 0 9.81607e+12 9.81607e+12 9.81607e+12 9.81607e+12 
0.153 -0.280774 -3.58077 -1.33104 -2.96986 -1.91923 3.25188e+07 1.63031e+14 0.000583303 0.00299805 3.03906e-15 7.83106e-08 281316 0 0 8.54987e-10 0 0 0.0220325 0 0 0 0 0 0 9.81626e+12 9.81626e+12 9.81626e+12 9.81626e+12 
0.1535 -0.266708 -3.56671 -1.31697 -2.95579 -1.93329 3.25198e+07 1.63024e+14 0.000583329 0.00299814 3.03929e-15 7.83094e-08 281320 0 0 8.55066e-10 0 0 0.0220325 0 0 0 0 0 0 9.81646e+12 9.81646e+12 9.81646e+12 9.81646e+12 
0.154 -0.252641 -3.55264 -1.3029 -2.94172 -1.94736 3.25209e+07 1.63017e+14 0.000583355 0.00299823 3.03952e-15 7.83083e-08 281325 0 0 8.55144e-10 0 0 0.0220325 0 0 0 0 0 0 9.81665e+12 9.81665e+12 9.81665e+12 9.81665e+12 
0.1545 -0.238575 -3.53858 -1.28883 -2.92766 -1.96142 3.25219e+07 1.6301e+14 0.000583381 0.00299831 3.03976e-15 7.83071e-08 281329 0 0 8.55223e-10 0 0 0.0220325 0 0 0 0 0 0 9.81684e+12 9.81684e+12 9.81684e+12 9.81684e+12 
0.155 -0.224509 -3.52451 -1.27477 -2.91359 -1.97549 3.25229e+07 1.63003e+14 0.000583408 0.0029984 3.03999e-15 7.83059e-08 281333 0 0 8.55301e-10 0 0 0.0220325 0 0 0 0 0 0 9.81704e+12 9.81704e+12 9.81704e+12 9.81704e+12 
0.1555 -0.210442 -3.51044 -1.2607 -2.89952 -1.98956 3.2524e+07 1.62995e+14 0.000583434 0.00299849 3.04022e-15 7.83048e-08 281337 0 0 8.5538e-10 0 0 0.0220325 0 0 0 0 0 0 9.81723e+12 9.81723e+12 9.81723e+12 9.81723e+12 
0.156 -0.196375 -3.49637 -1.24663 -2.88545 -2.00363 3.2525e+07 1.62988e+14 0.00058346 0.00299858 3.04046e-15 7.83036e-08 281341 0 0 8.55458e-10 0 0 0.0220325 0 0 0 0 0 0 9.81742e+12 9.81742e+12 9.81742e+12 9.81742e+12 
0.1565 -0.182308 -3.48231 -1.23256 -2.87138 -2.01769 3.25261e+07 1.62981e+14 0.000583486 0.00299866 3.04069e-15 7.83024e-08 281346 0 0 8.55537e-10 0 0 0.0220325 0 0 0 0 0 0 9.81761e+12 9.81761e+12 9.81761e+12 9.81761e+12 
0.157 -0.16824 -3.46824 -1.2185 -2.85731 -2.03176 3.25271e+07 1.62974e+14 0.000583512 0.00299875 3.04092e-15 7.83012e-08 281350 0 0 8.55615e-10 0 0 0.0220325 0 0 0 0 0 0 9.81781e+12 9.81781e+12 9.81781e+12 9.81781e+12 
0.1575 -0.154173 -3.45417 -1.20443 -2.84324 -2.04583 3.25282e+07 1.62967e+14 0.000583538 0.00299884 3.04116e-15 7.83001e-08 281354 0 0 8.55693e-10 0 0 0.0220325 0 0 0 0 0 0 9.818e+12 9.818e+12 9.818e+12 9.818e+12 
0.158 -0.140105 -3.4401 -1.19036 -2.82917 -2.0599 3.25292e+07 1.62959e+14 0.000583564 0.00299893 3.04139e-15 7.82989e-08 281358 0 0 8.55772e-10 0 0 0.0220325 0 0 0 0 0 0 9.81819e+12 9.81819e+12 9.81819e+12 9.81819e+12 
0.1585 -0.126037 -3.42604 -1.17629 -2.8151 -2.07396 3.25302e+07 1.62952e+14 0.00058359 0.00299902 3.04162e-15 7.82977e-08 281362 0 0 8.5585e-10 0 0 0.0220325 0 0 0 0 0 0 9.81838e+12 9.81838e+12 9.81838e+12 9.81838e+12 
0.159 -0.111969 -3.41197 -1.16222 -2.80103 -2.08803 3.25313e+07 1.62945e+14 0.000583616 0.0029991 3.04186e-15 7.82966e-08 281367 0 0 8.55929e-10 0 0 0.0220325 0 0 0 0 0 0 9.81858e+12 9.81858e+12 9.81858e+12 9.81858e+12 
0.1595 -0.0979002 -3.3979 -1.14815 -2.78696 -2.1021 3.25323e+07 1.62938e+14 0.000583642 0.00299919 3.04209e-15 7.82954e-08 281371 0 0 8.56007e-10 0 0 0.0220325 0 0 0 0 0 0 9.81877e+12 9.81877e+12 9.81877e+12 9.81877e+12 
0.16 -0.0838316 -3.38383 -1.13408 -2.77289 -2.11617 3.25334e+07 1.6293e+14 0.000583668 0.00299928 3.04232e-15 7.82942e-08 281375 0 0 8.56086e-10 0 0 0.0220325 0 0 0 0 0 0 9.81896e+12 9.81896e+12 9.81896e+12 9.81896e+12 
0.1605 -0.0697627 -3.36976 -1.12001 -2.75882 -2.13024 3.25344e+07 1.62923e+14 0.000583694 0.00299937 3.04256e-15 7.8293e-08 281379 0 0 8.56164e-10 0 0 0.0220325 0 0 0 0 0 0 9.81915e+12 9.81915e+12 9.81915e+12 9.81915e+12 
0.161 -0.0556936 -3.35569 -1.10594 -2.74475 -2.14431 3.25355e+07 1.62916e+14 0.00058372 0.00299946 3.04279e-15 7.82919e-08 281384 0 0 8.56243e-10 0 0 0.0220325 0 0 0 0 0 0 9.81935e+12 9.81935e+12 9.81935e+12 9.81935e+12 
0.1615 -0.0416244 -3.34162 -1.09187 -2.73068 -2.15838 3.25365e+07 1.62909e+14 0.000583746 0.00299954 3.04302e-15 7.82907e-08 281388 0 0 8.56321e-10 0 0 0.0220325 0 0 0 0 0 0 9.81954e+12 9.81954e+12 9.81954e+12 9.81954e+12 
0.162 -0.0275549 -3.32755 -1.0778 -2.71661 -2.17245 3.25376e+07 1.62902e+14 0.000583772 0.00299963 3.04326e-15 7.82895e-08 281392 0 0 8.564e-10 0 0 0.0220325 0 0 0 0 0 0 9.81973e+12 9.81973e+12 9.81973e+12 9.81973e+12 
0.1625 -0.0134852 -3.31349 -1.06373 -2.70254 -2.18651 3.25386e+07 1.62894e+14 0.000583798 0.00299972 3.04349e-15 7.82884e-08 281396 0 0 8.56478e-10 0 0 0.0220325 0 0 0 0 0 0 9.81992e+12 9.81992e+12 9.81992e+12 9.81992e+12 
0.163 0.000584759 -3.29942 -1.04966 -2.68847 -2.20058 3.25396e+07 1.62887e+14 0.000583824 0.00299981 3.04372e-15 7.82872e-08 281400 0 0 8.56557e-10 0 0 0.0220325 0 0 0 0 0 0 9.82012e+12 9.82012e+12 9.82012e+12 9.82012e+12 
0.1635 0.0146549 -3.28535 -1.03559 -2.6744 -2.21465 3.25407e+07 1.6288e+14 0.00058385 0.00299989 3.04396e-15 7.8286e-08 281405 0 0 8.56635e-10 0 0 0.0220325 0 0 0 0 0 0 9.82031e+12 9.82031e+12 9.82031e+12 9.82031e+12 
0.164 0.0287252 -3.27127 -1.02152 -2.66033 -2.22873 3.25417e+07 1.62873e+14 0.000583876 0.00299998 3.04419e-15 7.82848e-08 281409 0 0 8.56713e-10 0 0 0.0220325 0 0 0 0 0 0 9.8205e+12 9.8205e+12 9.8205e+12 9.8205e+12 
0.1645 0.0427958 -3.2572 -1.00745 -2.64625 -2.2428 3.25428e+07 1.62866e+14 0.000583902 0.00300007 3.04442e-15 7.82837e-08 281413 0 0 8.56792e-10 0 0 0.0220325 0 0 0 0 0 0 9.82069e+12 9.82069e+12 9.82069e+12 9.82069e+12 
0.165 0.0568665 -3.24313 -0.993375 -2.63218 -2.25687 3.25438e+07 1.62858e+14 0.000583928 0.00300016 3.04466e-15 7.82825e-08 281417 0 0 8.5687e-10 0 0 0.0220325 0 0 0 0 0 0 9.82089e+12 9.82089e+12 9.82089e+12 9.82089e+12 
0.1655 0.0709375 -3.22906 -0.979303 -2.61811 -2.27094 3.25448e+07 1.62851e+14 0.000583955 0.00300025 3.04489e-15 7.82813e-08 281421 0 0 8.56949e-10 0 0 0.0220325 0 0 0 0 0 0 9.82108e+12 9.82108e+12 9.82108e+12 9.82108e+12 
0.166 0.0850087 -3.21499 -0.965231 -2.60404 -2.28501 3.25459e+07 1.62844e+14 0.000583981 0.00300033 3.04512e-15 7.82802e-08 281426 0 0 8.57027e-10 0 0 0.0220325 0 0 0 0 0 0 9.82127e+12 9.82127e+12 9.82127e+12 9.82127e+12 
0.1665 0.09908 -3.20092 -0.951159 -2.58996 -2.29908 3.25469e+07 1.62837e+14 0.000584007 0.00300042 3.04536e-15 7.8279e-08 281430 0 0 8.57106e-10 0 0 0.0220325 0 0 0 0 0 0 9.82146e+12 9.82146e+12 9.82146e+12 9.82146e+12 
0.167 0.113152 -3.18685 -0.937087 -2.57589 -2.31315 3.2548e+07 1.6283e+14 0.000584033 0.00300051 3.04559e-15 7.82778e-08 281434 0 0 8.57184e-10 0 0 0.0220325 0 0 0 0 0 0 9.82165e+12 9.82165e+12 9.82165e+12 9.82165e+12 
0.1675 0.127223 -3.17278 -0.923014 -2.56182 -2.32722 3.2549e+07 1.62822e+14 0.000584059 0.0030006 3.04582e-15 7.82767e-08 281438 0 0 8.57263e-10 0 0 0.0220325 0 0 0 0 0 0 9.82185e+12 9.82185e+12 9.82185e+12 9.82185e+12 
0.168 0.141295 -3.1587 -0.908941 -2.54774 -2.3413 3.25501e+07 1.62815e+14 0.000584085 0.00300068 3.04606e-15 7.82755e-08 281442 0 0 8.57341e-10 0 0 0.0220325 0 0 0 0 0 0 9.82204e+12 9.82204e+12 9.82204e+12 9.82204e+12 
0.1685 0.155368 -3.14463 -0.894868 -2.53367 -2.35537 3.25511e+07 1.62808e+14 0.000584111 0.00300077 3.04629e-15 7.82743e-08 281447 0 0 8.5742e-10 0 0 0.0220325 0 0 0 0 0 0 9.82223e+12 9.82223e+12 9.82223e+12 9.82223e+12 
0.169 0.16944 -3.13056 -0.880795 -2.5196 -2.36944 3.25521e+07 1.62801e+14 0.000584137 0.00300086 3.04652e-15 7.82731e-08 281451 0 0 8.57498e-10 0 0 0.0220325 0 0 0 0 0 0 9.82242e+12 9.82242e+12 9.82242e+12 9.82242e+12 
0.1695 0.183513 -3.11649 -0.866721 -2.50552 -2.38351 3.25532e+07 1.62794e+14 0.000584163 0.00300095 3.04676e-15 7.8272e-08 281455 0 0 8.57577e-10 0 0 0.0220325 0 0 0 0 0 0 9.82261e+12 9.82261e+12 9.82261e+12 9.82261e+12 
0.17 0.197586 -3.10241 -0.852647 -2.49145 -2.39759 3.25542e+07 1.62786e+14 0.000584189 0.00300104 3.04699e-15 7.82708e-08 281459 0 0 8.57655e-10 0 0 0.0220325 0 0 0 0 0 0 9.82281e+12 9.82281e+12 9.82281e+12 9.82281e+12 
0.1705 0.211659 -3.08834 -0.838574 -2.47737 -2.41166 3.25553e+07 1.62779e+14 0.000584215 0.00300112 3.04722e-15 7.82696e-08 281464 0 0 8.57734e-10 0 0 0.0220325 0 0 0 0 0 0 9.823e+12 9.823e+12 9.823e+12 9.823e+12 
0.171 0.225732 -3.07427 -0.824499 -2.4633 -2.42573 3.25563e+07 1.62772e+14 0.000584241 0.00300121 3.04746e-15 7.82685e-08 281468 0 0 8.57812e-10 0 0 0.0220325 0 0 0 0 0 0 9.82319e+12 9.82319e+12 9.82319e+12 9.82319e+12 
0.1715 0.239805 -3.06019 -0.810425 -2.44922 -2.43981 3.25573e+07 1.62765e+14 0.000584267 0.0030013 3.04769e-15 7.82673e-08 281472 0 0 8.57891e-10 0 0 0.0220325 0 0 0 0 0 0 9.82338e+12 9.82338e+12 9.82338e+12 9.82338e+12 
0.172 0.253879 -3.04612 -0.796351 -2.43515 -2.45388 3.25584e+07 1.62758e+14 0.000584293 0.00300139 3.04792e-15 7.82661e-08 281476 0 0 8.57969e-10 0 0 0.0220325 0 0 0 0 0 0 9.82357e+12 9.82357e+12 9.82357e+12 9.82357e+12 
0.1725 0.267953 -3.03205 -0.782276 -2.42107 -2.46795 3.25594e+07 1.6275e+14 0.000584319 0.00300148 3.04816e-15 7.8265e-08 281480 0 0 8.58048e-10 0 0 0.0220325 0 0 0 0 0 0 9.82377e+12 9.82377e+12 9.82377e+12 9.82377e+12 
0.173 0.282027 -3.01797 -0.768201 -2.407 -2.48203 3.25605e+07 1.62743e+14 0.000584345 0.00300156 3.04839e-15 7.82638e-08 281485 0 0 8.58126e-10 0 0 0.0220325 0 0 0 0 0 0 9.82396e+12 9.82396e+12 9.82396e+12 9.82396e+12 
0.1735 0.296102 -3.0039 -0.754126 -2.39292 -2.4961 3.25615e+07 1.62736e+14 0.000584371 0.00300165 3.04862e-15 7.82626e-08 281489 0 0 8.58205e-10 0 0 0.0220325 0 0 0 0 0 0 9.82415e+12 9.82415e+12 9.82415e+12 9.82415e+12 
0.174 0.310176 -2.98982 -0.74005 -2.37884 -2.51018 3.25626e+07 1.62729e+14 0.000584397 0.00300174 3.04886e-15 7.82614e-08 281493 0 0 8.58283e-10 0 0 0.0220325 0 0 0 0 0 0 9.82434e+12 9.82434e+12 9.82434e+12 9.82434e+12 
0.1745 0.324251 -2.97575 -0.725975 -2.36477 -2.52425 3.25636e+07 1.62722e+14 0.000584423 0.00300183 3.04909e-15 7.82603e-08 281497 0 0 8.58362e-10 0 0 0.0220325 0 0 0 0 0 0 9.82453e+12 9.82453e+12 9.82453e+12 9.82453e+12 
0.175 0.338326 -2.96167 -0.711899 -2.35069 -2.53833 3.25646e+07 1.62714e+14 0.000584449 0.00300191 3.04932e-15 7.82591e-08 281501 0 0 8.5844e-10 0 0 0.0220325 0 0 0 0 0 0 9.82472e+12 9.82472e+12 9.82472e+12 9.82472e+12 
0.1755 0.352401 -2.9476 -0.697823 -2.33661 -2.5524 3.25657e+07 1.62707e+14 0.000584476 0.003002 3.04956e-15 7.82579e-08 281506 0 0 8.58519e-10 0 0 0.0220325 0 0 0 0 0 0 9.82492e+12 9.82492e+12 9.82492e+12 9.82492e+12 
0.176 0.366476 -2.93352 -0.683747 -2.32254 -2.56648 3.25667e+07 1.627e+14 0.000584502 0.00300209 3.04979e-15 7.82568e-08 281510 0 0 8.58597e-10 0 0 0.0220325 0 0 0 0 0 0 9.82511e+12 9.82511e+12 9.82511e+12 9.82511e+12 
0.1765 0.380552 -2.91945 -0.66967 -2.30846 -2.58055 3.25678e+07 1.62693e+14 0.000584528 0.00300218 3.05002e-15 7.82556e-08 281514 0 0 8.58676e-10 0 0 0.0220325 0 0 0 0 0 0 9.8253e+12 9.8253e+12 9.8253e+12 9.8253e+12 
0.177 0.394628 -2.90537 -0.655594 -2.29438 -2.59463 3.25688e+07 1.62686e+14 0.000584554 0.00300227 3.05026e-15 7.82544e-08 281518 0 0 8.58754e-10 0 0 0.0220325 0 0 0 0 0 0 9.82549e+12 9.82549e+12 9.82549e+12 9.82549e+12 
0.1775 0.408704 -2.8913 -0.641517 -2.28031 -2.6087 3.25698e+07 1.62679e+14 0.00058458 0.00300235 3.05049e-15 7.82533e-08 281522 0 0 8.58833e-10 0 0 0.0220325 0 0 0 0 0 0 9.82568e+12 9.82568e+12 9.82568e+12 9.82568e+12 
0.178 0.42278 -2.87722 -0.62744 -2.26623 -2.62278 3.25709e+07 1.62671e+14 0.000584606 0.00300244 3.05072e-15 7.82521e-08 281527 0 0 8.58911e-10 0 0 0.0220325 0 0 0 0 0 0 9.82587e+12 9.82587e+12 9.82587e+12 9.82587e+12 
0.1785 0.436856 -2.86314 -0.613362 -2.25215 -2.63686 3.25719e+07 1.62664e+14 0.000584632 0.00300253 3.05096e-15 7.82509e-08 281531 0 0 8.5899e-10 0 0 0.0220325 0 0 0 0 0 0 9.82606e+12 9.82606e+12 9.82606e+12 9.82606e+12 
0.179 0.450933 -2.84907 -0.599285 -2.23807 -2.65093 3.2573e+07 1.62657e+14 0.000584658 0.00300262 3.05119e-15 7.82498e-08 281535 0 0 8.59068e-10 0 0 0.0220325 0 0 0 0 0 0 9.82626e+12 9.82626e+12 9.82626e+12 9.82626e+12 
0.1795 0.46501 -2.83499 -0.585207 -2.22399 -2.66501 3.2574e+07 1.6265e+14 0.000584684 0.00300271 3.05142e-15 7.82486e-08 281539 0 0 8.59147e-10 0 0 0.0220325 0 0 0 0 0 0 9.82645e+12 9.82645e+12 9.82645e+12 9.82645e+12 
0.18 0.479087 -2.82091 -0.571129 -2.20991 -2.67909 3.2575e+07 1.62643e+14 0.00058471 0.00300279 3.05166e-15 7.82474e-08 281543 0 0 8.59225e-10 0 0 0.0220325 0 0 0 0 0 0 9.82664e+12 9.82664e+12 9.82664e+12 9.82664e+12 
0.1805 0.493164 -2.80684 -0.557051 -2.19584 -2.69316 3.25761e+07 1.62635e+14 0.000584736 0.00300288 3.05189e-15 7.82463e-08 281548 0 0 8.59304e-10 0 0 0.0220325 0 0 0 0 0 0 9.82683e+12 9.82683e+12 9.82683e+12 9.82683e+12 
0.181 0.507242 -2.79276 -0.542973 -2.18176 -2.70724 3.25771e+07 1.62628e+14 0.000584762 0.00300297 3.05212e-15 7.82451e-08 281552 0 0 8.59382e-10 0 0 0.0220325 0 0 0 0 0 0 9.82702e+12 9.82702e+12 9.82702e+12 9.82702e+12 
0.1815 0.521319 -2.77868 -0.528894 -2.16768 -2.72132 3.25781e+07 1.62621e+14 0.000584788 0.00300306 3.05236e-15 7.82439e-08 281556 0 0 8.59461e-10 0 0 0.0220325 0 0 0 0 0 0 9.82721e+12 9.82721e+12 9.82721e+12 9.82721e+12 
0.182 0.535397 -2.7646 -0.514816 -2.1536 -2.7354 3.25792e+07 1.62614e+14 0.000584814 0.00300314 3.05259e-15 7.82428e-08 281560 0 0 8.5954e-10 0 0 0.0220325 0 0 0 0 0 0 9.8274e+12 9.8274e+12 9.8274e+12 9.8274e+12 
0.1825 0.549476 -2.75052 -0.500737 -2.13952 -2.74948 3.25802e+07 1.62607e+14 0.00058484 0.00300323 3.05282e-15 7.82416e-08 281564 0 0 8.59618e-10 0 0 0.0220325 0 0 0 0 0 0 9.8276e+12 9.8276e+12 9.8276e+12 9.8276e+12 
0.183 0.563554 -2.73645 -0.486657 -2.12544 -2.76355 3.25813e+07 1.626e+14 0.000584866 0.00300332 3.05306e-15 7.82404e-08 281569 0 0 8.59697e-10 0 0 0.0220325 0 0 0 0 0 0 9.82779e+12 9.82779e+12 9.82779e+12 9.82779e+12 
0.1835 0.577632 -2.72237 -0.472578 -2.11136 -2.77763 3.25823e+07 1.62592e+14 0.000584892 0.00300341 3.05329e-15 7.82392e-08 281573 0 0 8.59775e-10 0 0 0.0220325 0 0 0 0 0 0 9.82798e+12 9.82798e+12 9.82798e+12 9.82798e+12 
0.184 0.591711 -2.70829 -0.458498 -2.09728 -2.79171 3.25833e+07 1.62585e+14 0.000584918 0.0030035 3.05352e-15 7.82381e-08 281577 0 0 8.59854e-10 0 0 0.0220325 0 0 0 0 0 0 9.82817e+12 9.82817e+12 9.82817e+12 9.82817e+12 
0.1845 0.60579 -2.69421 -0.444419 -2.0832 -2.80579 3.25844e+07 1.62578e+14 0.000584944 0.00300358 3.05376e-15 7.82369e-08 281581 0 0 8.59932e-10 0 0 0.0220325 0 0 0 0 0 0 9.82836e+12 9.82836e+12 9.82836e+12 9.82836e+12 
0.185 0.619869 -2.68013 -0.430339 -2.06912 -2.81987 3.25854e+07 1.62571e+14 0.000584971 0.00300367 3.05399e-15 7.82357e-08 281585 0 0 8.60011e-10 0 0 0.0220325 0 0 0 0 0 0 9.82855e+12 9.82855e+12 9.82855e+12 9.82855e+12 
0.1855 0.633949 -2.66605 -0.416258 -2.05504 -2.83395 3.25865e+07 1.62564e+14 0.000584997 0.00300376 3.05422e-15 7.82346e-08 281590 0 0 8.60089e-10 0 0 0.0220325 0 0 0 0 0 0 9.82874e+12 9.82874e+12 9.82874e+12 9.82874e+12 
0.186 0.648028 -2.65197 -0.402178 -2.04095 -2.84803 3.25875e+07 1.62556e+14 0.000585023 0.00300385 3.05446e-15 7.82334e-08 281594 0 0 8.60168e-10 0 0 0.0220325 0 0 0 0 0 0 9.82893e+12 9.82893e+12 9.82893e+12 9.82893e+12 
0.1865 0.662108 -2.63789 -0.388097 -2.02687 -2.86211 3.25885e+07 1.62549e+14 0.000585049 0.00300393 3.05469e-15 7.82322e-08 281598 0 0 8.60246e-10 0 0 0.0220325 0 0 0 0 0 0 9.82912e+12 9.82912e+12 9.82912e+12 9.82912e+12 
0.187 0.676188 -2.62381 -0.374016 -2.01279 -2.87619 3.25896e+07 1.62542e+14 0.000585075 0.00300402 3.05492e-15 7.8231e-08 281602 0 0 8.60325e-10 0 0 0.0220325 0 0 0 0 0 0 9.82931e+12 9.82931e+12 9.82931e+12 9.82931e+12 
0.1875 0.690268 -2.60973 -0.359935 -1.99871 -2.89027 3.25906e+07 1.62535e+14 0.000585101 0.00300411 3.05516e-15 7.82299e-08 281606 0 0 8.60403e-10 0 0 0.0220325 0 0 0 0 0 0 9.8295e+12 9.8295e+12 9.8295e+12 9.8295e+12 
0.188 0.704349 -2.59565 -0.345854 -1.98463 -2.90435 3.25916e+07 1.62528e+14 0.000585127 0.0030042 3.05539e-15 7.82287e-08 281611 0 0 8.60482e-10 0 0 0.0220325 0 0 0 0 0 0 9.82969e+12 9.82969e+12 9.82969e+12 9.82969e+12 
0.1885 0.718429 -2.58157 -0.331773 -1.97055 -2.91843 3.25927e+07 1.6252e+14 0.000585153 0.00300428 3.05562e-15 7.82274e-08 281615 0 0 8.60561e-10 0 0 0.0220325 0 0 0 0 0 0 9.82987e+12 9.82987e+12 9.82987e+12 9.82987e+12 
0.189 0.73251 -2.56749 -0.317691 -1.95646 -2.93251 3.25937e+07 1.62513e+14 0.000585179 0.00300437 3.05586e-15 7.82261e-08 281619 0 0 8.60639e-10 0 0 0.0220325 0 0 0 0 0 0 9.83004e+12 9.83004e+12 9.83004e+12 9.83004e+12 
0.1895 0.746591 -2.55341 -0.303609 -1.94238 -2.94659 3.25948e+07 1.62505e+14 0.000585205 0.00300446 3.05609e-15 7.82248e-08 281623 0 0 8.60718e-10 0 0 0.0220325 0 0 0 0 0 0 9.83021e+12 9.83021e+12 9.83021e+12 9.83021e+12 
0.19 0.760672 -2.53933 -0.289527 -1.9283 -2.96067 3.25958e+07 1.62498e+14 0.000585231 0.00300454 3.05632e-15 7.82232e-08 281627 0 0 8.60796e-10 0 0 0.0220325 0 0 0 0 0 0 9.83036e+12 9.83036e+12 9.83036e+12 9.83036e+12 
0.1905 0.774754 -2.52525 -0.275445 -1.91421 -2.97475 3.25968e+07 1.6249e+14 0.000585257 0.00300462 3.05656e-15 7.82214e-08 281632 0 0 8.60875e-10 0 0 0.0220325 0 0 0 0 0 0 9.83047e+12 9.83047e+12 9.83047e+12 9.83047e+12 
0.191 0.788836 -2.51116 -0.261362 -1.90013 -2.98884 3.25979e+07 1.62481e+14 0.000585283 0.0030047 3.05679e-15 7.82192e-08 281636 0 0 8.60953e-10 0 0 0.0220325 0 0 0 0 0 0 9.83053e+12 9.83053e+12 9.83053e+12 9.83053e+12 
0.1915 0.802918 -2.49708 -0.247279 -1.88605 -3.00292 3.25989e+07 1.62471e+14 0.000585309 0.00300477 3.05702e-15 7.82161e-08 281640 0 0 8.61032e-10 0 0 0.0220325 0 0 0 0 0 0 9.83049e+12 9.83049e+12 9.83049e+12 9.83049e+12 
0.192 0.817 -2.483 -0.233196 -1.87196 -3.017 3.25999e+07 1.62458e+14 0.000585335 0.00300483 3.05726e-15 7.82116e-08 281644 0 0 8.6111e-10 0 0 0.0220325 0 0 0 0 0 0 9.83028e+12 9.83028e+12 9.83028e+12 9.83028e+12 
0.1925 0.831082 -2.46892 -0.219113 -1.85788 -3.03108 3.2601e+07 1.62442e+14 0.000585361 0.00300486 3.05749e-15 7.82047e-08 281648 0 0 8.61189e-10 0 0 0.0220325 0 0 0 0 0 0 9.82978e+12 9.82978e+12 9.82978e+12 9.82978e+12 
0.193 0.845165 -2.45484 -0.20503 -1.84379 -3.04516 3.2602e+07 1.62419e+14 0.000585387 0.00300485 3.05772e-15 7.81936e-08 281653 0 0 8.61268e-10 0 0 0.0220325 0 0 0 0 0 0 9.82877e+12 9.82877e+12 9.82877e+12 9.82877e+12 
0.1935 0.859247 -2.44075 -0.190946 -1.8297 -3.05925 3.26031e+07 1.62385e+14 0.000585414 0.00300477 3.05796e-15 7.81751e-08 281657 0 0 8.61346e-10 0 0 0.0220325 0 0 0 0 0 0 9.82687e+12 9.82687e+12 9.82687e+12 9.82687e+12 
0.194 0.87333 -2.42667 -0.176863 -1.8156 -3.07333 3.26041e+07 1.62331e+14 0.00058544 0.00300457 3.05819e-15 7.81438e-08 281661 0 0 8.61425e-10 0 0 0.0220325 0 0 0 0 0 0 9.82344e+12 9.82344e+12 9.82344e+12 9.82344e+12 
0.1945 0.887413 -2.41259 -0.162779 -1.8015 -3.08741 3.26051e+07 1.62243e+14 0.000585466 0.00300415 3.05842e-15 7.80905e-08 281665 0 0 8.61503e-10 0 0 0.0220325 0 0 0 0 0 0 9.81733e+12 9.81733e+12 9.81733e+12 9.81733e+12 
0.195 0.901497 -2.3985 -0.148694 -1.78739 -3.1015 3.26062e+07 1.62095e+14 0.000585492 0.00300337 3.05866e-15 7.79987e-08 281669 0 0 8.61581e-10 0 0 0.0220325 0 0 0 0 0 0 9.80659e+12 9.80659e+12 9.80659e+12 9.80659e+12 
0.1955 0.91558 -2.38442 -0.13461 -1.77325 -3.11558 3.26072e+07 1.61842e+14 0.000585518 0.00300194 3.05889e-15 7.78401e-08 281674 0 0 8.6166e-10 0 0 0.0220325 0 0 0 0 0 0 9.7878e+12 9.7878e+12 9.7878e+12 9.7878e+12 
0.196 0.929664 -2.37034 -0.120525 -1.75907 -3.12966 3.26082e+07 1.61409e+14 0.000585544 0.00299938 3.05912e-15 7.75657e-08 281678 0 0 8.61738e-10 0 0 0.0220325 0 0 0 0 0 0 9.75503e+12 9.75503e+12 9.75503e+12 9.75503e+12 
0.1965 0.943748 -2.35625 -0.10644 -1.74483 -3.14375 3.26093e+07 1.60661e+14 0.000585569 0.00299486 3.05935e-15 7.70901e-08 281682 0 0 8.61816e-10 0 0 0.0220325 0 0 0 0 0 0 9.69798e+12 9.69798e+12 9.69798e+12 9.69798e+12 
0.197 0.957832 -2.34217 -0.0923554 -1.73046 -3.15783 3.26103e+07 1.59365e+14 0.000585595 0.00298691 3.05958e-15 7.62651e-08 281686 0 0 8.61893e-10 0 0 0.0220325 0 0 0 0 0 0 9.59874e+12 9.59874e+12 9.59874e+12 9.59874e+12 
0.1975 0.971917 -2.32808 -0.0782702 -1.71588 -3.17192 3.26113e+07 1.5711e+14 0.00058562 0.00297291 3.05981e-15 7.48335e-08 281690 0 0 8.61969e-10 0 0 0.0220325 0 0 0 0 0 0 9.42619e+12 9.42619e+12 9.42619e+12 9.42619e+12 
0.198 0.986001 -2.314 -0.0641847 -1.70091 -3.186 3.26123e+07 1.5317e+14 0.000585633 0.00294806 3.05997e-15 7.2347e-08 281692 0 0 8.62006e-10 0 0 0.0220325 0 0 0 0 0 0 9.12594e+12 9.12594e+12 9.12594e+12 9.12594e+12 
0.198 0.986001 -2.314 -0.0641847 -1.70091 -3.186 3.26123e+07 1.5317e+14 0.000585655 0.00294817 3.06009e-15 7.23497e-08 281696 0 0 8.62073e-10 0 0 0.0220324 0 0 0 0 0 0 9.12628e+12 9.12628e+12 9.12628e+12 9.12628e+12 
0.198409 0.997533 -2.30247 -0.0526523 -1.68815 -3.19753 3.26131e+07 1.47863e+14 0.000585664 0.00291416 3.06021e-15 6.90371e-08 281697 0 0 8.62101e-10 0 0 0.0220324 0 0 0 0 0 0 8.72551e+12 8.72551e+12 8.72551e+12 8.72551e+12 
0.198752 1.00718 -2.29282 -0.0430081 -1.67689 -3.20718 3.26137e+07 1.41124e+14 0.00058568 0.00287014 3.06035e-15 6.48952e-08 281700 0 0 8.62148e-10 0 0 0.0220324 0 0 0 0 0 0 8.22326e+12 8.22326e+12 8.22326e+12 8.22326e+12 
0.199038 1.01524 -2.28476 -0.0349431 -1.66679 -3.21524 3.26142e+07 1.3308e+14 0.000585693 0.00281621 3.06047e-15 6.00464e-08 281702 0 0 8.62184e-10 0 0 0.0220323 0 0 0 0 0 0 7.63369e+12 7.63369e+12 7.63369e+12 7.63369e+12 
0.199277 1.02199 -2.27801 -0.0281988 -1.65759 -3.22199 3.26147e+07 1.23955e+14 0.000585703 0.00275306 3.06056e-15 5.4675e-08 281704 0 0 8.62212e-10 0 0 0.0220321 0 0 0 0 0 0 6.97838e+12 6.97838e+12 6.97838e+12 6.97838e+12 
0.199478 1.02763 -2.27237 -0.0225588 -1.64908 -3.22763 3.2615e+07 1.14027e+14 0.000585711 0.0026817 3.06063e-15 4.89923e-08 281705 0 0 8.62233e-10 0 0 0.0220317 0 0 0 0 0 0 6.28235e+12 6.28235e+12 6.28235e+12 6.28235e+12 
0.199645 1.03234 -2.26766 -0.0178423 -1.64108 -3.23234 3.26152e+07 1.03591e+14 0.000585717 0.00260329 3.06068e-15 4.3207e-08 281706 0 0 8.62249e-10 0 0 0.0220311 0 0 0 0 0 0 5.57045e+12 5.57045e+12 5.57045e+12 5.57045e+12 
0.199785 1.03629 -2.26371 -0.0138982 -1.63344 -3.23629 3.26154e+07 9.29267e+13 0.000585721 0.00251895 3.06073e-15 3.75033e-08 281706 0 0 8.62261e-10 0 0 0.0220301 0 0 0 0 0 0 4.86488e+12 4.86488e+12 4.86488e+12 4.86488e+12 
0.199902 1.03958 -2.26042 -0.0105999 -1.62602 -3.23958 3.26156e+07 8.22789e+13 0.000585725 0.00242968 3.06076e-15 3.20294e-08 281707 0 0 8.62269e-10 0 0 0.0220284 0 0 0 0 0 0 4.18363e+12 4.18363e+12 4.18363e+12 4.18363e+12 
0.2 1.04234 -2.25766 -0.00784169 -1.6187 -3.24234 3.26157e+07 7.18463e+13 0.000585726 0.00233626 3.06078e-15 2.68928e-08 281707 0 0 8.62272e-10 0 0 0.0220274 0 0 0 0 0 0 3.54e+12 3.54e+12 3.54e+12 3.54e+12 