# ASCII 1D datafile generated by TiberCAD
# x Ec Ev eQFermi hQFermi ElPotential eDensity hDensity eMobility hMobility eConductivity hConductivity ElField_x ElField_y ElField_z eCurrentDensity_x eCurrentDensity_y eCurrentDensity_z hCurrentDensity_x hCurrentDensity_y hCurrentDensity_z IonizedDonors IonizedAcceptors IonizedElectronTraps IonizedHoleTraps eNetRecombination eLangevinRecombination hNetRecombination hLangevinRecombination 
0 -3.725 -7.025 -4.81318 -6.41519 1.525 7.71727e+06 1.68289e+14 0.000370009 0.0019629 4.57494e-16 5.29254e-08 237921 0 0 3.39764e-10 0 0 0.0125936 0 0 0 0 0 0 1.56643e+12 1.56643e+12 1.56643e+12 1.56643e+12 
9.79066e-05 -3.72267 -7.02267 -4.80651 -6.41286 1.52267 9.10005e+06 1.68287e+14 0.000370795 0.0019629 5.40615e-16 5.2925e-08 237921 0 0 3.39771e-10 0 0 0.0125936 0 0 0 0 0 0 1.84771e+12 1.84771e+12 1.84771e+12 1.84771e+12 
0.000214985 -3.71989 -7.01989 -4.79972 -6.41008 1.51989 1.05962e+07 1.68286e+14 0.000371547 0.00196292 6.30777e-16 5.29248e-08 237922 0 0 3.39785e-10 0 0 0.0125936 0 0 0 0 0 0 2.15218e+12 2.15218e+12 2.15218e+12 2.15218e+12 
0.000354988 -3.71655 -7.01655 -4.79271 -6.40675 1.51655 1.21845e+07 1.68283e+14 0.00037226 0.00196293 7.26719e-16 5.29245e-08 237923 0 0 3.39796e-10 0 0 0.0125936 0 0 0 0 0 0 2.47552e+12 2.47552e+12 2.47552e+12 2.47552e+12 
0.000522406 -3.71257 -7.01257 -4.78538 -6.40276 1.51257 1.38327e+07 1.68281e+14 0.000372927 0.00196295 8.26498e-16 5.29242e-08 237925 0 0 3.39806e-10 0 0 0.0125936 0 0 0 0 0 0 2.81116e+12 2.81116e+12 2.81116e+12 2.81116e+12 
0.000722606 -3.70781 -7.00781 -4.77763 -6.398 1.50781 1.54972e+07 1.68278e+14 0.000373541 0.00196297 9.27471e-16 5.29238e-08 237927 0 0 3.39818e-10 0 0 0.0125936 0 0 0 0 0 0 3.15022e+12 3.15022e+12 3.15022e+12 3.15022e+12 
0.000962009 -3.70211 -7.00211 -4.7693 -6.3923 1.50211 1.71242e+07 1.68274e+14 0.000374094 0.00196299 1.02636e-15 5.29234e-08 237929 0 0 3.39832e-10 0 0 0.0125936 0 0 0 0 0 0 3.48174e+12 3.48174e+12 3.48174e+12 3.48174e+12 
0.00124829 -3.6953 -6.9953 -4.76023 -6.38549 1.4953 1.86539e+07 1.6827e+14 0.00037458 0.00196302 1.1195e-15 5.29228e-08 237931 0 0 3.3985e-10 0 0 0.0125936 0 0 0 0 0 0 3.79352e+12 3.79352e+12 3.79352e+12 3.79352e+12 
0.00159063 -3.68715 -6.98715 -4.75021 -6.37734 1.48715 2.00267e+07 1.68265e+14 0.000374993 0.00196306 1.20322e-15 5.29222e-08 237934 0 0 3.39871e-10 0 0 0.0125936 0 0 0 0 0 0 4.07335e+12 4.07335e+12 4.07335e+12 4.07335e+12 
0.002 -3.67741 -6.97741 -4.73898 -6.3676 1.47741 2.11917e+07 1.68259e+14 0.000375323 0.00196307 1.27433e-15 5.29204e-08 237936 0 0 3.39885e-10 0 0 0.0125936 0 0 0 0 0 0 4.31076e+12 4.31076e+12 4.31076e+12 4.31076e+12 
0.002 -3.67741 -6.97741 -4.73898 -6.3676 1.47741 2.11917e+07 1.68259e+14 0.000375337 0.00196314 1.27438e-15 5.29224e-08 237940 0 0 3.39916e-10 0 0 0.0125936 0 0 0 0 0 0 4.31092e+12 4.31092e+12 4.31092e+12 4.31092e+12 
0.0025 -3.66552 -6.96552 -4.72594 -6.3557 1.46552 2.21321e+07 1.68251e+14 0.000375597 0.00196315 1.33185e-15 5.29203e-08 237942 0 0 3.39934e-10 0 0 0.0125936 0 0 0 0 0 0 4.50255e+12 4.50255e+12 4.50255e+12 4.50255e+12 
0.003 -3.65362 -6.95362 -4.71335 -6.34381 1.45362 2.27223e+07 1.68244e+14 0.000375766 0.0019632 1.36798e-15 5.29194e-08 237946 0 0 3.39971e-10 0 0 0.0125936 0 0 0 0 0 0 4.62284e+12 4.62284e+12 4.62284e+12 4.62284e+12 
0.0035 -3.64172 -6.94172 -4.70102 -6.33191 1.44172 2.30929e+07 1.68236e+14 0.000375877 0.00196326 1.3907e-15 5.29184e-08 237951 0 0 3.40008e-10 0 0 0.0125936 0 0 0 0 0 0 4.69835e+12 4.69835e+12 4.69835e+12 4.69835e+12 
0.004 -3.62982 -6.92982 -4.68886 -6.32001 1.42982 2.33258e+07 1.68229e+14 0.000375952 0.00196331 1.40501e-15 5.29174e-08 237955 0 0 3.40046e-10 0 0 0.0125936 0 0 0 0 0 0 4.74578e+12 4.74578e+12 4.74578e+12 4.74578e+12 
0.0045 -3.61793 -6.91793 -4.6768 -6.30811 1.41793 2.34723e+07 1.68221e+14 0.000376004 0.00196336 1.41403e-15 5.29165e-08 237959 0 0 3.40084e-10 0 0 0.0125936 0 0 0 0 0 0 4.7756e+12 4.7756e+12 4.7756e+12 4.7756e+12 
0.005 -3.60603 -6.90603 -4.6648 -6.29621 1.40603 2.35647e+07 1.68214e+14 0.000376043 0.00196341 1.41974e-15 5.29155e-08 237964 0 0 3.40122e-10 0 0 0.0125936 0 0 0 0 0 0 4.79437e+12 4.79437e+12 4.79437e+12 4.79437e+12 
0.0055 -3.59413 -6.89413 -4.65283 -6.28431 1.39413 2.36231e+07 1.68206e+14 0.000376073 0.00196346 1.42338e-15 5.29145e-08 237968 0 0 3.40161e-10 0 0 0.0125936 0 0 0 0 0 0 4.80621e+12 4.80621e+12 4.80621e+12 4.80621e+12 
0.006 -3.58223 -6.88223 -4.64089 -6.27241 1.38223 2.36603e+07 1.68199e+14 0.000376098 0.00196351 1.42571e-15 5.29136e-08 237973 0 0 3.40199e-10 0 0 0.0125936 0 0 0 0 0 0 4.81371e+12 4.81371e+12 4.81371e+12 4.81371e+12 
0.0065 -3.57033 -6.87033 -4.62897 -6.26051 1.37033 2.3684e+07 1.68191e+14 0.000376119 0.00196357 1.42722e-15 5.29126e-08 237977 0 0 3.40237e-10 0 0 0.0125936 0 0 0 0 0 0 4.81848e+12 4.81848e+12 4.81848e+12 4.81848e+12 
0.007 -3.55843 -6.85843 -4.61705 -6.24861 1.35843 2.36994e+07 1.68184e+14 0.000376139 0.00196362 1.42822e-15 5.29116e-08 237981 0 0 3.40276e-10 0 0 0.0125936 0 0 0 0 0 0 4.82153e+12 4.82153e+12 4.82153e+12 4.82153e+12 
0.0075 -3.54654 -6.84654 -4.60514 -6.23671 1.34654 2.37095e+07 1.68176e+14 0.000376157 0.00196367 1.4289e-15 5.29107e-08 237986 0 0 3.40315e-10 0 0 0.0125936 0 0 0 0 0 0 4.82352e+12 4.82352e+12 4.82352e+12 4.82352e+12 
0.008 -3.53464 -6.83464 -4.59323 -6.22481 1.33464 2.37163e+07 1.68169e+14 0.000376174 0.00196372 1.42938e-15 5.29097e-08 237990 0 0 3.40353e-10 0 0 0.0125936 0 0 0 0 0 0 4.82483e+12 4.82483e+12 4.82483e+12 4.82483e+12 
0.0085 -3.52274 -6.82274 -4.58133 -6.2129 1.32274 2.3721e+07 1.68161e+14 0.000376191 0.00196377 1.42972e-15 5.29087e-08 237994 0 0 3.40392e-10 0 0 0.0125936 0 0 0 0 0 0 4.82572e+12 4.82572e+12 4.82572e+12 4.82572e+12 
0.009 -3.51084 -6.81084 -4.56942 -6.201 1.31084 2.37245e+07 1.68154e+14 0.000376207 0.00196382 1.42999e-15 5.29078e-08 237999 0 0 3.4043e-10 0 0 0.0125936 0 0 0 0 0 0 4.82635e+12 4.82635e+12 4.82635e+12 4.82635e+12 
0.0095 -3.49894 -6.79894 -4.55752 -6.1891 1.29894 2.37271e+07 1.68146e+14 0.000376223 0.00196388 1.43021e-15 5.29068e-08 238003 0 0 3.40469e-10 0 0 0.0125936 0 0 0 0 0 0 4.82681e+12 4.82681e+12 4.82681e+12 4.82681e+12 
0.01 -3.48704 -6.78704 -4.54562 -6.1772 1.28704 2.37292e+07 1.68139e+14 0.00037624 0.00196393 1.4304e-15 5.29058e-08 238007 0 0 3.40507e-10 0 0 0.0125936 0 0 0 0 0 0 4.82716e+12 4.82716e+12 4.82716e+12 4.82716e+12 
0.0105 -3.47514 -6.77514 -4.53372 -6.1653 1.27514 2.3731e+07 1.68131e+14 0.000376256 0.00196398 1.43057e-15 5.29049e-08 238012 0 0 3.40546e-10 0 0 0.0125936 0 0 0 0 0 0 4.82745e+12 4.82745e+12 4.82745e+12 4.82745e+12 
0.011 -3.46324 -6.76324 -4.52181 -6.1534 1.26324 2.37326e+07 1.68124e+14 0.000376272 0.00196403 1.43073e-15 5.29039e-08 238016 0 0 3.40585e-10 0 0 0.0125936 0 0 0 0 0 0 4.8277e+12 4.8277e+12 4.8277e+12 4.8277e+12 
0.0115 -3.45133 -6.75133 -4.50991 -6.14149 1.25133 2.37341e+07 1.68116e+14 0.000376287 0.00196408 1.43088e-15 5.29029e-08 238020 0 0 3.40623e-10 0 0 0.0125936 0 0 0 0 0 0 4.82792e+12 4.82792e+12 4.82792e+12 4.82792e+12 
0.012 -3.43943 -6.73943 -4.49801 -6.12959 1.23943 2.37355e+07 1.68109e+14 0.000376303 0.00196413 1.43102e-15 5.2902e-08 238025 0 0 3.40662e-10 0 0 0.0125936 0 0 0 0 0 0 4.82813e+12 4.82813e+12 4.82813e+12 4.82813e+12 
0.0125 -3.42753 -6.72753 -4.48611 -6.11769 1.22753 2.37368e+07 1.68101e+14 0.000376319 0.00196419 1.43116e-15 5.2901e-08 238029 0 0 3.407e-10 0 0 0.0125936 0 0 0 0 0 0 4.82832e+12 4.82832e+12 4.82832e+12 4.82832e+12 
0.013 -3.41563 -6.71563 -4.4742 -6.10578 1.21563 2.37381e+07 1.68094e+14 0.000376335 0.00196424 1.4313e-15 5.29e-08 238033 0 0 3.40739e-10 0 0 0.0125936 0 0 0 0 0 0 4.82851e+12 4.82851e+12 4.82851e+12 4.82851e+12 
0.0135 -3.40373 -6.70373 -4.4623 -6.09388 1.20373 2.37394e+07 1.68086e+14 0.000376351 0.00196429 1.43144e-15 5.28991e-08 238038 0 0 3.40777e-10 0 0 0.0125936 0 0 0 0 0 0 4.8287e+12 4.8287e+12 4.8287e+12 4.8287e+12 
0.014 -3.39183 -6.69183 -4.4504 -6.08198 1.19183 2.37407e+07 1.68079e+14 0.000376367 0.00196434 1.43158e-15 5.28981e-08 238042 0 0 3.40816e-10 0 0 0.0125936 0 0 0 0 0 0 4.82888e+12 4.82888e+12 4.82888e+12 4.82888e+12 
0.0145 -3.37992 -6.67992 -4.43849 -6.07007 1.17992 2.37419e+07 1.68071e+14 0.000376383 0.00196439 1.43171e-15 5.28971e-08 238046 0 0 3.40855e-10 0 0 0.0125936 0 0 0 0 0 0 4.82907e+12 4.82907e+12 4.82907e+12 4.82907e+12 
0.015 -3.36802 -6.66802 -4.42659 -6.05817 1.16802 2.37432e+07 1.68064e+14 0.000376399 0.00196444 1.43185e-15 5.28962e-08 238051 0 0 3.40893e-10 0 0 0.0125936 0 0 0 0 0 0 4.82925e+12 4.82925e+12 4.82925e+12 4.82925e+12 
0.0155 -3.35612 -6.65612 -4.41468 -6.04627 1.15612 2.37445e+07 1.68056e+14 0.000376414 0.0019645 1.43199e-15 5.28952e-08 238055 0 0 3.40932e-10 0 0 0.0125936 0 0 0 0 0 0 4.82943e+12 4.82943e+12 4.82943e+12 4.82943e+12 
0.016 -3.34422 -6.64422 -4.40278 -6.03436 1.14422 2.37457e+07 1.68049e+14 0.00037643 0.00196455 1.43212e-15 5.28943e-08 238059 0 0 3.4097e-10 0 0 0.0125936 0 0 0 0 0 0 4.82961e+12 4.82961e+12 4.82961e+12 4.82961e+12 
0.0165 -3.33231 -6.63231 -4.39088 -6.02246 1.13231 2.3747e+07 1.68041e+14 0.000376446 0.0019646 1.43226e-15 5.28933e-08 238064 0 0 3.41009e-10 0 0 0.0125936 0 0 0 0 0 0 4.82979e+12 4.82979e+12 4.82979e+12 4.82979e+12 
0.017 -3.32041 -6.62041 -4.37897 -6.01055 1.12041 2.37482e+07 1.68034e+14 0.000376462 0.00196465 1.4324e-15 5.28923e-08 238068 0 0 3.41048e-10 0 0 0.0125936 0 0 0 0 0 0 4.82997e+12 4.82997e+12 4.82997e+12 4.82997e+12 
0.0175 -3.30851 -6.60851 -4.36707 -5.99865 1.10851 2.37495e+07 1.68026e+14 0.000376478 0.0019647 1.43253e-15 5.28914e-08 238072 0 0 3.41086e-10 0 0 0.0125936 0 0 0 0 0 0 4.83015e+12 4.83015e+12 4.83015e+12 4.83015e+12 
0.018 -3.2966 -6.5966 -4.35516 -5.98674 1.0966 2.37507e+07 1.68019e+14 0.000376494 0.00196476 1.43267e-15 5.28904e-08 238077 0 0 3.41125e-10 0 0 0.0125936 0 0 0 0 0 0 4.83032e+12 4.83032e+12 4.83032e+12 4.83032e+12 
0.0185 -3.2847 -6.5847 -4.34326 -5.97484 1.0847 2.3752e+07 1.68011e+14 0.00037651 0.00196481 1.4328e-15 5.28894e-08 238081 0 0 3.41163e-10 0 0 0.0125936 0 0 0 0 0 0 4.8305e+12 4.8305e+12 4.8305e+12 4.8305e+12 
0.019 -3.27279 -6.57279 -4.33135 -5.96293 1.07279 2.37532e+07 1.68004e+14 0.000376526 0.00196486 1.43294e-15 5.28885e-08 238085 0 0 3.41202e-10 0 0 0.0125936 0 0 0 0 0 0 4.83068e+12 4.83068e+12 4.83068e+12 4.83068e+12 
0.0195 -3.26089 -6.56089 -4.31944 -5.95102 1.06089 2.37545e+07 1.67996e+14 0.000376541 0.00196491 1.43308e-15 5.28875e-08 238090 0 0 3.41241e-10 0 0 0.0125936 0 0 0 0 0 0 4.83086e+12 4.83086e+12 4.83086e+12 4.83086e+12 
0.02 -3.24899 -6.54899 -4.30754 -5.93912 1.04899 2.37558e+07 1.67989e+14 0.000376557 0.00196496 1.43321e-15 5.28865e-08 238094 0 0 3.41279e-10 0 0 0.0125936 0 0 0 0 0 0 4.83104e+12 4.83104e+12 4.83104e+12 4.83104e+12 
0.0205 -3.23708 -6.53708 -4.29563 -5.92721 1.03708 2.3757e+07 1.67981e+14 0.000376573 0.00196501 1.43335e-15 5.28856e-08 238099 0 0 3.41318e-10 0 0 0.0125936 0 0 0 0 0 0 4.83122e+12 4.83122e+12 4.83122e+12 4.83122e+12 
0.021 -3.22518 -6.52518 -4.28373 -5.9153 1.02518 2.37583e+07 1.67974e+14 0.000376589 0.00196507 1.43348e-15 5.28846e-08 238103 0 0 3.41356e-10 0 0 0.0125936 0 0 0 0 0 0 4.8314e+12 4.8314e+12 4.8314e+12 4.8314e+12 
0.0215 -3.21327 -6.51327 -4.27182 -5.9034 1.01327 2.37595e+07 1.67966e+14 0.000376605 0.00196512 1.43362e-15 5.28836e-08 238107 0 0 3.41395e-10 0 0 0.0125936 0 0 0 0 0 0 4.83158e+12 4.83158e+12 4.83158e+12 4.83158e+12 
0.022 -3.20136 -6.50136 -4.25991 -5.89149 1.00136 2.37608e+07 1.67959e+14 0.000376621 0.00196517 1.43376e-15 5.28827e-08 238112 0 0 3.41434e-10 0 0 0.0125936 0 0 0 0 0 0 4.83176e+12 4.83176e+12 4.83176e+12 4.83176e+12 
0.0225 -3.18946 -6.48946 -4.24801 -5.87958 0.989459 2.3762e+07 1.67951e+14 0.000376637 0.00196522 1.43389e-15 5.28817e-08 238116 0 0 3.41472e-10 0 0 0.0125936 0 0 0 0 0 0 4.83194e+12 4.83194e+12 4.83194e+12 4.83194e+12 
0.023 -3.17755 -6.47755 -4.2361 -5.86768 0.977553 2.37633e+07 1.67944e+14 0.000376653 0.00196527 1.43403e-15 5.28808e-08 238120 0 0 3.41511e-10 0 0 0.0125936 0 0 0 0 0 0 4.83212e+12 4.83212e+12 4.83212e+12 4.83212e+12 
0.0235 -3.16565 -6.46565 -4.22419 -5.85577 0.965647 2.37645e+07 1.67937e+14 0.000376668 0.00196532 1.43416e-15 5.28798e-08 238125 0 0 3.41549e-10 0 0 0.0125936 0 0 0 0 0 0 4.83229e+12 4.83229e+12 4.83229e+12 4.83229e+12 
0.024 -3.15374 -6.45374 -4.21228 -5.84386 0.953741 2.37658e+07 1.67929e+14 0.000376684 0.00196538 1.4343e-15 5.28788e-08 238129 0 0 3.41588e-10 0 0 0.0125936 0 0 0 0 0 0 4.83247e+12 4.83247e+12 4.83247e+12 4.83247e+12 
0.0245 -3.14183 -6.44183 -4.20037 -5.83195 0.941834 2.3767e+07 1.67922e+14 0.0003767 0.00196543 1.43444e-15 5.28779e-08 238133 0 0 3.41627e-10 0 0 0.0125936 0 0 0 0 0 0 4.83265e+12 4.83265e+12 4.83265e+12 4.83265e+12 
0.025 -3.12993 -6.42993 -4.18847 -5.82004 0.929928 2.37683e+07 1.67914e+14 0.000376716 0.00196548 1.43457e-15 5.28769e-08 238138 0 0 3.41665e-10 0 0 0.0125936 0 0 0 0 0 0 4.83283e+12 4.83283e+12 4.83283e+12 4.83283e+12 
0.0255 -3.11802 -6.41802 -4.17656 -5.80814 0.918021 2.37695e+07 1.67907e+14 0.000376732 0.00196553 1.43471e-15 5.28759e-08 238142 0 0 3.41704e-10 0 0 0.0125936 0 0 0 0 0 0 4.83301e+12 4.83301e+12 4.83301e+12 4.83301e+12 
0.026 -3.10611 -6.40611 -4.16465 -5.79623 0.906113 2.37708e+07 1.67899e+14 0.000376748 0.00196558 1.43484e-15 5.2875e-08 238146 0 0 3.41743e-10 0 0 0.0125936 0 0 0 0 0 0 4.83319e+12 4.83319e+12 4.83319e+12 4.83319e+12 
0.0265 -3.09421 -6.39421 -4.15274 -5.78432 0.894206 2.3772e+07 1.67892e+14 0.000376764 0.00196563 1.43498e-15 5.2874e-08 238151 0 0 3.41781e-10 0 0 0.0125936 0 0 0 0 0 0 4.83337e+12 4.83337e+12 4.83337e+12 4.83337e+12 
0.027 -3.0823 -6.3823 -4.14083 -5.77241 0.882298 2.37733e+07 1.67884e+14 0.000376779 0.00196569 1.43512e-15 5.2873e-08 238155 0 0 3.4182e-10 0 0 0.0125936 0 0 0 0 0 0 4.83355e+12 4.83355e+12 4.83355e+12 4.83355e+12 
0.0275 -3.07039 -6.37039 -4.12892 -5.7605 0.87039 2.37745e+07 1.67877e+14 0.000376795 0.00196574 1.43525e-15 5.28721e-08 238159 0 0 3.41858e-10 0 0 0.0125936 0 0 0 0 0 0 4.83372e+12 4.83372e+12 4.83372e+12 4.83372e+12 
0.028 -3.05848 -6.35848 -4.11701 -5.74859 0.858482 2.37758e+07 1.67869e+14 0.000376811 0.00196579 1.43539e-15 5.28711e-08 238164 0 0 3.41897e-10 0 0 0.0125936 0 0 0 0 0 0 4.8339e+12 4.8339e+12 4.8339e+12 4.8339e+12 
0.0285 -3.04657 -6.34657 -4.1051 -5.73668 0.846574 2.3777e+07 1.67862e+14 0.000376827 0.00196584 1.43552e-15 5.28702e-08 238168 0 0 3.41936e-10 0 0 0.0125936 0 0 0 0 0 0 4.83408e+12 4.83408e+12 4.83408e+12 4.83408e+12 
0.029 -3.03467 -6.33467 -4.09319 -5.72477 0.834666 2.37783e+07 1.67854e+14 0.000376843 0.00196589 1.43566e-15 5.28692e-08 238172 0 0 3.41974e-10 0 0 0.0125936 0 0 0 0 0 0 4.83426e+12 4.83426e+12 4.83426e+12 4.83426e+12 
0.0295 -3.02276 -6.32276 -4.08128 -5.71286 0.822757 2.37795e+07 1.67847e+14 0.000376859 0.00196594 1.4358e-15 5.28682e-08 238177 0 0 3.42013e-10 0 0 0.0125936 0 0 0 0 0 0 4.83444e+12 4.83444e+12 4.83444e+12 4.83444e+12 
0.03 -3.01085 -6.31085 -4.06937 -5.70095 0.810848 2.37808e+07 1.67839e+14 0.000376875 0.001966 1.43593e-15 5.28673e-08 238181 0 0 3.42052e-10 0 0 0.0125936 0 0 0 0 0 0 4.83462e+12 4.83462e+12 4.83462e+12 4.83462e+12 
0.0305 -2.99894 -6.29894 -4.05746 -5.68904 0.798939 2.3782e+07 1.67832e+14 0.000376891 0.00196605 1.43607e-15 5.28663e-08 238185 0 0 3.4209e-10 0 0 0.0125936 0 0 0 0 0 0 4.8348e+12 4.8348e+12 4.8348e+12 4.8348e+12 
0.031 -2.98703 -6.28703 -4.04555 -5.67713 0.787029 2.37833e+07 1.67824e+14 0.000376906 0.0019661 1.4362e-15 5.28653e-08 238190 0 0 3.42129e-10 0 0 0.0125936 0 0 0 0 0 0 4.83498e+12 4.83498e+12 4.83498e+12 4.83498e+12 
0.0315 -2.97512 -6.27512 -4.03364 -5.66522 0.77512 2.37846e+07 1.67817e+14 0.000376922 0.00196615 1.43634e-15 5.28644e-08 238194 0 0 3.42167e-10 0 0 0.0125936 0 0 0 0 0 0 4.83515e+12 4.83515e+12 4.83515e+12 4.83515e+12 
0.032 -2.96321 -6.26321 -4.02173 -5.6533 0.76321 2.37858e+07 1.67809e+14 0.000376938 0.0019662 1.43648e-15 5.28634e-08 238198 0 0 3.42206e-10 0 0 0.0125936 0 0 0 0 0 0 4.83533e+12 4.83533e+12 4.83533e+12 4.83533e+12 
0.0325 -2.9513 -6.2513 -4.00982 -5.64139 0.7513 2.37871e+07 1.67802e+14 0.000376954 0.00196626 1.43661e-15 5.28625e-08 238203 0 0 3.42245e-10 0 0 0.0125936 0 0 0 0 0 0 4.83551e+12 4.83551e+12 4.83551e+12 4.83551e+12 
0.033 -2.93939 -6.23939 -3.99791 -5.62948 0.73939 2.37883e+07 1.67795e+14 0.00037697 0.00196631 1.43675e-15 5.28615e-08 238207 0 0 3.42283e-10 0 0 0.0125936 0 0 0 0 0 0 4.83569e+12 4.83569e+12 4.83569e+12 4.83569e+12 
0.0335 -2.92748 -6.22748 -3.98599 -5.61757 0.727479 2.37896e+07 1.67787e+14 0.000376986 0.00196636 1.43688e-15 5.28605e-08 238211 0 0 3.42322e-10 0 0 0.0125936 0 0 0 0 0 0 4.83587e+12 4.83587e+12 4.83587e+12 4.83587e+12 
0.034 -2.91557 -6.21557 -3.97408 -5.60566 0.715569 2.37908e+07 1.6778e+14 0.000377002 0.00196641 1.43702e-15 5.28596e-08 238216 0 0 3.42361e-10 0 0 0.0125936 0 0 0 0 0 0 4.83605e+12 4.83605e+12 4.83605e+12 4.83605e+12 
0.0345 -2.90366 -6.20366 -3.96217 -5.59374 0.703658 2.37921e+07 1.67772e+14 0.000377018 0.00196646 1.43716e-15 5.28586e-08 238220 0 0 3.42399e-10 0 0 0.0125936 0 0 0 0 0 0 4.83623e+12 4.83623e+12 4.83623e+12 4.83623e+12 
0.035 -2.89175 -6.19175 -3.95026 -5.58183 0.691747 2.37933e+07 1.67765e+14 0.000377033 0.00196651 1.43729e-15 5.28576e-08 238224 0 0 3.42438e-10 0 0 0.0125936 0 0 0 0 0 0 4.8364e+12 4.8364e+12 4.8364e+12 4.8364e+12 
0.0355 -2.87984 -6.17984 -3.93835 -5.56992 0.679835 2.37946e+07 1.67757e+14 0.000377049 0.00196657 1.43743e-15 5.28567e-08 238229 0 0 3.42477e-10 0 0 0.0125936 0 0 0 0 0 0 4.83658e+12 4.83658e+12 4.83658e+12 4.83658e+12 
0.036 -2.86792 -6.16792 -3.92643 -5.55801 0.667924 2.37958e+07 1.6775e+14 0.000377065 0.00196662 1.43756e-15 5.28557e-08 238233 0 0 3.42515e-10 0 0 0.0125936 0 0 0 0 0 0 4.83676e+12 4.83676e+12 4.83676e+12 4.83676e+12 
0.0365 -2.85601 -6.15601 -3.91452 -5.54609 0.656012 2.37971e+07 1.67742e+14 0.000377081 0.00196667 1.4377e-15 5.28548e-08 238237 0 0 3.42554e-10 0 0 0.0125936 0 0 0 0 0 0 4.83694e+12 4.83694e+12 4.83694e+12 4.83694e+12 
0.037 -2.8441 -6.1441 -3.90261 -5.53418 0.6441 2.37983e+07 1.67735e+14 0.000377097 0.00196672 1.43784e-15 5.28538e-08 238242 0 0 3.42593e-10 0 0 0.0125936 0 0 0 0 0 0 4.83712e+12 4.83712e+12 4.83712e+12 4.83712e+12 
0.0375 -2.83219 -6.13219 -3.89069 -5.52227 0.632188 2.37996e+07 1.67727e+14 0.000377113 0.00196677 1.43797e-15 5.28528e-08 238246 0 0 3.42631e-10 0 0 0.0125936 0 0 0 0 0 0 4.8373e+12 4.8373e+12 4.8373e+12 4.8373e+12 
0.038 -2.82028 -6.12028 -3.87878 -5.51035 0.620275 2.38008e+07 1.6772e+14 0.000377129 0.00196682 1.43811e-15 5.28519e-08 238250 0 0 3.4267e-10 0 0 0.0125936 0 0 0 0 0 0 4.83748e+12 4.83748e+12 4.83748e+12 4.83748e+12 
0.0385 -2.80836 -6.10836 -3.86686 -5.49844 0.608363 2.38021e+07 1.67712e+14 0.000377145 0.00196688 1.43824e-15 5.28509e-08 238255 0 0 3.42709e-10 0 0 0.0125936 0 0 0 0 0 0 4.83765e+12 4.83765e+12 4.83765e+12 4.83765e+12 
0.039 -2.79645 -6.09645 -3.85495 -5.48652 0.59645 2.38033e+07 1.67705e+14 0.00037716 0.00196693 1.43838e-15 5.285e-08 238259 0 0 3.42747e-10 0 0 0.0125936 0 0 0 0 0 0 4.83783e+12 4.83783e+12 4.83783e+12 4.83783e+12 
0.0395 -2.78454 -6.08454 -3.84304 -5.47461 0.584537 2.38046e+07 1.67698e+14 0.000377176 0.00196698 1.43852e-15 5.2849e-08 238263 0 0 3.42786e-10 0 0 0.0125936 0 0 0 0 0 0 4.83801e+12 4.83801e+12 4.83801e+12 4.83801e+12 
0.04 -2.77262 -6.07262 -3.83112 -5.46269 0.572624 2.38058e+07 1.6769e+14 0.000377192 0.00196703 1.43865e-15 5.2848e-08 238268 0 0 3.42824e-10 0 0 0.0125936 0 0 0 0 0 0 4.83819e+12 4.83819e+12 4.83819e+12 4.83819e+12 
0.0405 -2.76071 -6.06071 -3.81921 -5.45078 0.56071 2.38071e+07 1.67683e+14 0.000377208 0.00196708 1.43879e-15 5.28471e-08 238272 0 0 3.42863e-10 0 0 0.0125936 0 0 0 0 0 0 4.83837e+12 4.83837e+12 4.83837e+12 4.83837e+12 
0.041 -2.7488 -6.0488 -3.80729 -5.43886 0.548796 2.38083e+07 1.67675e+14 0.000377224 0.00196713 1.43893e-15 5.28461e-08 238276 0 0 3.42902e-10 0 0 0.0125936 0 0 0 0 0 0 4.83855e+12 4.83855e+12 4.83855e+12 4.83855e+12 
0.0415 -2.73688 -6.03688 -3.79538 -5.42695 0.536882 2.38096e+07 1.67668e+14 0.00037724 0.00196719 1.43906e-15 5.28452e-08 238281 0 0 3.4294e-10 0 0 0.0125936 0 0 0 0 0 0 4.83872e+12 4.83872e+12 4.83872e+12 4.83872e+12 
0.042 -2.72497 -6.02497 -3.78346 -5.41503 0.524968 2.38108e+07 1.6766e+14 0.000377256 0.00196724 1.4392e-15 5.28442e-08 238285 0 0 3.42979e-10 0 0 0.0125936 0 0 0 0 0 0 4.8389e+12 4.8389e+12 4.8389e+12 4.8389e+12 
0.0425 -2.71305 -6.01305 -3.77154 -5.40312 0.513054 2.38121e+07 1.67653e+14 0.000377272 0.00196729 1.43933e-15 5.28432e-08 238289 0 0 3.43018e-10 0 0 0.0125936 0 0 0 0 0 0 4.83908e+12 4.83908e+12 4.83908e+12 4.83908e+12 
0.043 -2.70114 -6.00114 -3.75963 -5.3912 0.501139 2.38133e+07 1.67645e+14 0.000377287 0.00196734 1.43947e-15 5.28423e-08 238294 0 0 3.43056e-10 0 0 0.0125936 0 0 0 0 0 0 4.83926e+12 4.83926e+12 4.83926e+12 4.83926e+12 
0.0435 -2.68922 -5.98922 -3.74771 -5.37928 0.489225 2.38146e+07 1.67638e+14 0.000377303 0.00196739 1.43961e-15 5.28413e-08 238298 0 0 3.43095e-10 0 0 0.0125936 0 0 0 0 0 0 4.83944e+12 4.83944e+12 4.83944e+12 4.83944e+12 
0.044 -2.67731 -5.97731 -3.7358 -5.36737 0.477309 2.38158e+07 1.6763e+14 0.000377319 0.00196744 1.43974e-15 5.28403e-08 238302 0 0 3.43134e-10 0 0 0.0125936 0 0 0 0 0 0 4.83962e+12 4.83962e+12 4.83962e+12 4.83962e+12 
0.0445 -2.66539 -5.96539 -3.72388 -5.35545 0.465394 2.38171e+07 1.67623e+14 0.000377335 0.0019675 1.43988e-15 5.28394e-08 238307 0 0 3.43172e-10 0 0 0.0125936 0 0 0 0 0 0 4.83979e+12 4.83979e+12 4.83979e+12 4.83979e+12 
0.045 -2.65348 -5.95348 -3.71196 -5.34353 0.453479 2.38183e+07 1.67616e+14 0.000377351 0.00196755 1.44001e-15 5.28384e-08 238311 0 0 3.43211e-10 0 0 0.0125936 0 0 0 0 0 0 4.83997e+12 4.83997e+12 4.83997e+12 4.83997e+12 
0.0455 -2.64156 -5.94156 -3.70005 -5.33162 0.441563 2.38196e+07 1.67608e+14 0.000377367 0.0019676 1.44015e-15 5.28375e-08 238315 0 0 3.4325e-10 0 0 0.0125936 0 0 0 0 0 0 4.84015e+12 4.84015e+12 4.84015e+12 4.84015e+12 
0.046 -2.62965 -5.92965 -3.68813 -5.3197 0.429647 2.38208e+07 1.67601e+14 0.000377383 0.00196765 1.44029e-15 5.28365e-08 238320 0 0 3.43289e-10 0 0 0.0125936 0 0 0 0 0 0 4.84033e+12 4.84033e+12 4.84033e+12 4.84033e+12 
0.0465 -2.61773 -5.91773 -3.67621 -5.30778 0.417731 2.38221e+07 1.67593e+14 0.000377399 0.0019677 1.44042e-15 5.28355e-08 238324 0 0 3.43327e-10 0 0 0.0125936 0 0 0 0 0 0 4.84051e+12 4.84051e+12 4.84051e+12 4.84051e+12 
0.047 -2.60581 -5.90581 -3.66429 -5.29586 0.405815 2.38233e+07 1.67586e+14 0.000377414 0.00196775 1.44056e-15 5.28346e-08 238328 0 0 3.43366e-10 0 0 0.0125936 0 0 0 0 0 0 4.84068e+12 4.84068e+12 4.84068e+12 4.84068e+12 
0.0475 -2.5939 -5.8939 -3.65238 -5.28394 0.393898 2.38246e+07 1.67578e+14 0.00037743 0.00196781 1.44069e-15 5.28336e-08 238333 0 0 3.43405e-10 0 0 0.0125936 0 0 0 0 0 0 4.84086e+12 4.84086e+12 4.84086e+12 4.84086e+12 
0.048 -2.58198 -5.88198 -3.64046 -5.27203 0.381982 2.38258e+07 1.67571e+14 0.000377446 0.00196786 1.44083e-15 5.28327e-08 238337 0 0 3.43443e-10 0 0 0.0125936 0 0 0 0 0 0 4.84104e+12 4.84104e+12 4.84104e+12 4.84104e+12 
0.0485 -2.57006 -5.87006 -3.62854 -5.26011 0.370065 2.38271e+07 1.67563e+14 0.000377462 0.00196791 1.44097e-15 5.28317e-08 238341 0 0 3.43482e-10 0 0 0.0125936 0 0 0 0 0 0 4.84122e+12 4.84122e+12 4.84122e+12 4.84122e+12 
0.049 -2.55815 -5.85815 -3.61662 -5.24819 0.358147 2.38283e+07 1.67556e+14 0.000377478 0.00196796 1.4411e-15 5.28307e-08 238346 0 0 3.43521e-10 0 0 0.0125936 0 0 0 0 0 0 4.8414e+12 4.8414e+12 4.8414e+12 4.8414e+12 
0.0495 -2.54623 -5.84623 -3.6047 -5.23627 0.34623 2.38295e+07 1.67548e+14 0.000377494 0.00196801 1.44124e-15 5.28298e-08 238350 0 0 3.43559e-10 0 0 0.0125936 0 0 0 0 0 0 4.84157e+12 4.84157e+12 4.84157e+12 4.84157e+12 
0.05 -2.53431 -5.83431 -3.59278 -5.22435 0.334312 2.38308e+07 1.67541e+14 0.00037751 0.00196807 1.44138e-15 5.28288e-08 238354 0 0 3.43598e-10 0 0 0.0125936 0 0 0 0 0 0 4.84175e+12 4.84175e+12 4.84175e+12 4.84175e+12 
0.0505 -2.52239 -5.82239 -3.58086 -5.21243 0.322395 2.3832e+07 1.67534e+14 0.000377526 0.00196812 1.44151e-15 5.28279e-08 238359 0 0 3.43637e-10 0 0 0.0125936 0 0 0 0 0 0 4.84193e+12 4.84193e+12 4.84193e+12 4.84193e+12 
0.051 -2.51048 -5.81048 -3.56894 -5.20051 0.310477 2.38333e+07 1.67526e+14 0.000377541 0.00196817 1.44165e-15 5.28269e-08 238363 0 0 3.43675e-10 0 0 0.0125936 0 0 0 0 0 0 4.84211e+12 4.84211e+12 4.84211e+12 4.84211e+12 
0.0515 -2.49856 -5.79856 -3.55702 -5.18859 0.298558 2.38345e+07 1.67519e+14 0.000377557 0.00196822 1.44178e-15 5.2826e-08 238367 0 0 3.43714e-10 0 0 0.0125936 0 0 0 0 0 0 4.84229e+12 4.84229e+12 4.84229e+12 4.84229e+12 
0.052 -2.48664 -5.78664 -3.5451 -5.17667 0.28664 2.38358e+07 1.67511e+14 0.000377573 0.00196827 1.44192e-15 5.2825e-08 238372 0 0 3.43753e-10 0 0 0.0125936 0 0 0 0 0 0 4.84246e+12 4.84246e+12 4.84246e+12 4.84246e+12 
0.0525 -2.47472 -5.77472 -3.53318 -5.16475 0.274721 2.3837e+07 1.67504e+14 0.000377589 0.00196832 1.44206e-15 5.2824e-08 238376 0 0 3.43791e-10 0 0 0.0125936 0 0 0 0 0 0 4.84264e+12 4.84264e+12 4.84264e+12 4.84264e+12 
0.053 -2.4628 -5.7628 -3.52126 -5.15283 0.262802 2.38383e+07 1.67496e+14 0.000377605 0.00196838 1.44219e-15 5.28231e-08 238380 0 0 3.4383e-10 0 0 0.0125936 0 0 0 0 0 0 4.84282e+12 4.84282e+12 4.84282e+12 4.84282e+12 
0.0535 -2.45088 -5.75088 -3.50934 -5.14091 0.250883 2.38395e+07 1.67489e+14 0.000377621 0.00196843 1.44233e-15 5.28221e-08 238385 0 0 3.43869e-10 0 0 0.0125936 0 0 0 0 0 0 4.843e+12 4.843e+12 4.843e+12 4.843e+12 
0.054 -2.43896 -5.73896 -3.49742 -5.12899 0.238964 2.38408e+07 1.67481e+14 0.000377637 0.00196848 1.44246e-15 5.28212e-08 238389 0 0 3.43908e-10 0 0 0.0125936 0 0 0 0 0 0 4.84318e+12 4.84318e+12 4.84318e+12 4.84318e+12 
0.0545 -2.42704 -5.72704 -3.4855 -5.11707 0.227044 2.3842e+07 1.67474e+14 0.000377653 0.00196853 1.4426e-15 5.28202e-08 238393 0 0 3.43946e-10 0 0 0.0125936 0 0 0 0 0 0 4.84335e+12 4.84335e+12 4.84335e+12 4.84335e+12 
0.055 -2.41512 -5.71512 -3.47358 -5.10515 0.215124 2.38433e+07 1.67467e+14 0.000377668 0.00196858 1.44274e-15 5.28192e-08 238398 0 0 3.43985e-10 0 0 0.0125936 0 0 0 0 0 0 4.84353e+12 4.84353e+12 4.84353e+12 4.84353e+12 
0.0555 -2.4032 -5.7032 -3.46166 -5.09323 0.203204 2.38445e+07 1.67459e+14 0.000377684 0.00196863 1.44287e-15 5.28183e-08 238402 0 0 3.44024e-10 0 0 0.0125936 0 0 0 0 0 0 4.84371e+12 4.84371e+12 4.84371e+12 4.84371e+12 
0.056 -2.39128 -5.69128 -3.44974 -5.0813 0.191284 2.38458e+07 1.67452e+14 0.0003777 0.00196869 1.44301e-15 5.28173e-08 238406 0 0 3.44062e-10 0 0 0.0125936 0 0 0 0 0 0 4.84389e+12 4.84389e+12 4.84389e+12 4.84389e+12 
0.0565 -2.37936 -5.67936 -3.43782 -5.06938 0.179364 2.3847e+07 1.67444e+14 0.000377716 0.00196874 1.44315e-15 5.28164e-08 238411 0 0 3.44101e-10 0 0 0.0125936 0 0 0 0 0 0 4.84407e+12 4.84407e+12 4.84407e+12 4.84407e+12 
0.057 -2.36744 -5.66744 -3.42589 -5.05746 0.167443 2.38483e+07 1.67437e+14 0.000377732 0.00196879 1.44328e-15 5.28154e-08 238415 0 0 3.4414e-10 0 0 0.0125936 0 0 0 0 0 0 4.84424e+12 4.84424e+12 4.84424e+12 4.84424e+12 
0.0575 -2.35552 -5.65552 -3.41397 -5.04554 0.155522 2.38495e+07 1.67429e+14 0.000377748 0.00196884 1.44342e-15 5.28144e-08 238419 0 0 3.44178e-10 0 0 0.0125936 0 0 0 0 0 0 4.84442e+12 4.84442e+12 4.84442e+12 4.84442e+12 
0.058 -2.3436 -5.6436 -3.40205 -5.03361 0.143601 2.38508e+07 1.67422e+14 0.000377764 0.00196889 1.44355e-15 5.28135e-08 238424 0 0 3.44217e-10 0 0 0.0125936 0 0 0 0 0 0 4.8446e+12 4.8446e+12 4.8446e+12 4.8446e+12 
0.0585 -2.33168 -5.63168 -3.39013 -5.02169 0.13168 2.3852e+07 1.67415e+14 0.00037778 0.00196894 1.44369e-15 5.28125e-08 238428 0 0 3.44256e-10 0 0 0.0125936 0 0 0 0 0 0 4.84478e+12 4.84478e+12 4.84478e+12 4.84478e+12 
0.059 -2.31976 -5.61976 -3.3782 -5.00977 0.119758 2.38533e+07 1.67407e+14 0.000377796 0.001969 1.44383e-15 5.28116e-08 238432 0 0 3.44295e-10 0 0 0.0125936 0 0 0 0 0 0 4.84495e+12 4.84495e+12 4.84495e+12 4.84495e+12 
0.0595 -2.30784 -5.60784 -3.36628 -4.99785 0.107837 2.38545e+07 1.674e+14 0.000377811 0.00196905 1.44396e-15 5.28106e-08 238437 0 0 3.44333e-10 0 0 0.0125936 0 0 0 0 0 0 4.84513e+12 4.84513e+12 4.84513e+12 4.84513e+12 
0.06 -2.29591 -5.59591 -3.35436 -4.98592 0.0959148 2.38558e+07 1.67392e+14 0.000377827 0.0019691 1.4441e-15 5.28097e-08 238441 0 0 3.44372e-10 0 0 0.0125936 0 0 0 0 0 0 4.84531e+12 4.84531e+12 4.84531e+12 4.84531e+12 
0.0605 -2.28399 -5.58399 -3.34243 -4.974 0.0839926 2.3857e+07 1.67385e+14 0.000377843 0.00196915 1.44423e-15 5.28087e-08 238445 0 0 3.44411e-10 0 0 0.0125936 0 0 0 0 0 0 4.84549e+12 4.84549e+12 4.84549e+12 4.84549e+12 
0.061 -2.27207 -5.57207 -3.33051 -4.96207 0.0720703 2.38582e+07 1.67377e+14 0.000377859 0.0019692 1.44437e-15 5.28077e-08 238450 0 0 3.44449e-10 0 0 0.0125936 0 0 0 0 0 0 4.84566e+12 4.84566e+12 4.84566e+12 4.84566e+12 
0.0615 -2.26015 -5.56015 -3.31859 -4.95015 0.0601477 2.38595e+07 1.6737e+14 0.000377875 0.00196925 1.44451e-15 5.28068e-08 238454 0 0 3.44488e-10 0 0 0.0125936 0 0 0 0 0 0 4.84584e+12 4.84584e+12 4.84584e+12 4.84584e+12 
0.062 -2.24822 -5.54822 -3.30666 -4.93823 0.0482249 2.38607e+07 1.67362e+14 0.000377891 0.00196931 1.44464e-15 5.28058e-08 238458 0 0 3.44527e-10 0 0 0.0125936 0 0 0 0 0 0 4.84602e+12 4.84602e+12 4.84602e+12 4.84602e+12 
0.0625 -2.2363 -5.5363 -3.29474 -4.9263 0.0363019 2.3862e+07 1.67355e+14 0.000377907 0.00196936 1.44478e-15 5.28049e-08 238463 0 0 3.44566e-10 0 0 0.0125936 0 0 0 0 0 0 4.8462e+12 4.8462e+12 4.8462e+12 4.8462e+12 
0.063 -2.22438 -5.52438 -3.28281 -4.91438 0.0243786 2.38632e+07 1.67348e+14 0.000377923 0.00196941 1.44492e-15 5.28039e-08 238467 0 0 3.44604e-10 0 0 0.0125936 0 0 0 0 0 0 4.84638e+12 4.84638e+12 4.84638e+12 4.84638e+12 
0.0635 -2.21246 -5.51246 -3.27089 -4.90245 0.0124552 2.38645e+07 1.6734e+14 0.000377938 0.00196946 1.44505e-15 5.2803e-08 238471 0 0 3.44643e-10 0 0 0.0125936 0 0 0 0 0 0 4.84655e+12 4.84655e+12 4.84655e+12 4.84655e+12 
0.064 -2.20053 -5.50053 -3.25896 -4.89053 0.000531493 2.38657e+07 1.67333e+14 0.000377954 0.00196951 1.44519e-15 5.2802e-08 238476 0 0 3.44682e-10 0 0 0.0125936 0 0 0 0 0 0 4.84673e+12 4.84673e+12 4.84673e+12 4.84673e+12 
0.0645 -2.18861 -5.48861 -3.24704 -4.8786 -0.0113924 2.3867e+07 1.67325e+14 0.00037797 0.00196957 1.44532e-15 5.2801e-08 238480 0 0 3.44721e-10 0 0 0.0125936 0 0 0 0 0 0 4.84691e+12 4.84691e+12 4.84691e+12 4.84691e+12 
0.065 -2.17668 -5.47668 -3.23511 -4.86668 -0.0233165 2.38682e+07 1.67318e+14 0.000377986 0.00196962 1.44546e-15 5.28001e-08 238484 0 0 3.44759e-10 0 0 0.0125936 0 0 0 0 0 0 4.84709e+12 4.84709e+12 4.84709e+12 4.84709e+12 
0.0655 -2.16476 -5.46476 -3.22319 -4.85475 -0.0352408 2.38695e+07 1.6731e+14 0.000378002 0.00196967 1.4456e-15 5.27991e-08 238489 0 0 3.44798e-10 0 0 0.0125936 0 0 0 0 0 0 4.84726e+12 4.84726e+12 4.84726e+12 4.84726e+12 
0.066 -2.15283 -5.45283 -3.21126 -4.84282 -0.0471654 2.38707e+07 1.67303e+14 0.000378018 0.00196972 1.44573e-15 5.27982e-08 238493 0 0 3.44837e-10 0 0 0.0125936 0 0 0 0 0 0 4.84744e+12 4.84744e+12 4.84744e+12 4.84744e+12 
0.0665 -2.14091 -5.44091 -3.19933 -4.8309 -0.0590901 2.3872e+07 1.67296e+14 0.000378034 0.00196977 1.44587e-15 5.27972e-08 238497 0 0 3.44876e-10 0 0 0.0125936 0 0 0 0 0 0 4.84762e+12 4.84762e+12 4.84762e+12 4.84762e+12 
0.067 -2.12898 -5.42898 -3.18741 -4.81897 -0.0710151 2.38732e+07 1.67288e+14 0.00037805 0.00196982 1.44601e-15 5.27963e-08 238502 0 0 3.44914e-10 0 0 0.0125936 0 0 0 0 0 0 4.8478e+12 4.8478e+12 4.8478e+12 4.8478e+12 
0.0675 -2.11706 -5.41706 -3.17548 -4.80704 -0.0829403 2.38744e+07 1.67281e+14 0.000378065 0.00196988 1.44614e-15 5.27953e-08 238506 0 0 3.44953e-10 0 0 0.0125936 0 0 0 0 0 0 4.84797e+12 4.84797e+12 4.84797e+12 4.84797e+12 
0.068 -2.10513 -5.40513 -3.16355 -4.79512 -0.0948657 2.38757e+07 1.67273e+14 0.000378081 0.00196993 1.44628e-15 5.27943e-08 238510 0 0 3.44992e-10 0 0 0.0125936 0 0 0 0 0 0 4.84815e+12 4.84815e+12 4.84815e+12 4.84815e+12 
0.0685 -2.09321 -5.39321 -3.15163 -4.78319 -0.106791 2.38769e+07 1.67266e+14 0.000378097 0.00196998 1.44641e-15 5.27934e-08 238514 0 0 3.4503e-10 0 0 0.0125936 0 0 0 0 0 0 4.84833e+12 4.84833e+12 4.84833e+12 4.84833e+12 
0.069 -2.08128 -5.38128 -3.1397 -4.77126 -0.118717 2.38782e+07 1.67259e+14 0.000378113 0.00197003 1.44655e-15 5.27924e-08 238519 0 0 3.45069e-10 0 0 0.0125936 0 0 0 0 0 0 4.8485e+12 4.8485e+12 4.8485e+12 4.8485e+12 
0.0695 -2.06936 -5.36936 -3.12777 -4.75933 -0.130643 2.38794e+07 1.67251e+14 0.000378129 0.00197008 1.44669e-15 5.27915e-08 238523 0 0 3.45108e-10 0 0 0.0125936 0 0 0 0 0 0 4.84868e+12 4.84868e+12 4.84868e+12 4.84868e+12 
0.07 -2.05743 -5.35743 -3.11585 -4.74741 -0.142569 2.38807e+07 1.67244e+14 0.000378145 0.00197013 1.44682e-15 5.27905e-08 238527 0 0 3.45147e-10 0 0 0.0125936 0 0 0 0 0 0 4.84886e+12 4.84886e+12 4.84886e+12 4.84886e+12 
0.0705 -2.0455 -5.3455 -3.10392 -4.73548 -0.154496 2.38819e+07 1.67236e+14 0.000378161 0.00197019 1.44696e-15 5.27896e-08 238532 0 0 3.45185e-10 0 0 0.0125936 0 0 0 0 0 0 4.84904e+12 4.84904e+12 4.84904e+12 4.84904e+12 
0.071 -2.03358 -5.33358 -3.09199 -4.72355 -0.166423 2.38832e+07 1.67229e+14 0.000378177 0.00197024 1.44709e-15 5.27886e-08 238536 0 0 3.45224e-10 0 0 0.0125936 0 0 0 0 0 0 4.84921e+12 4.84921e+12 4.84921e+12 4.84921e+12 
0.0715 -2.02165 -5.32165 -3.08006 -4.71162 -0.17835 2.38844e+07 1.67221e+14 0.000378193 0.00197029 1.44723e-15 5.27876e-08 238540 0 0 3.45263e-10 0 0 0.0125936 0 0 0 0 0 0 4.84939e+12 4.84939e+12 4.84939e+12 4.84939e+12 
0.072 -2.00972 -5.30972 -3.06813 -4.69969 -0.190277 2.38857e+07 1.67214e+14 0.000378208 0.00197034 1.44737e-15 5.27867e-08 238545 0 0 3.45302e-10 0 0 0.0125936 0 0 0 0 0 0 4.84957e+12 4.84957e+12 4.84957e+12 4.84957e+12 
0.0725 -1.9978 -5.2978 -3.0562 -4.68776 -0.202204 2.38869e+07 1.67207e+14 0.000378224 0.00197039 1.4475e-15 5.27857e-08 238549 0 0 3.4534e-10 0 0 0.0125936 0 0 0 0 0 0 4.84975e+12 4.84975e+12 4.84975e+12 4.84975e+12 
0.073 -1.98587 -5.28587 -3.04427 -4.67584 -0.214132 2.38881e+07 1.67199e+14 0.00037824 0.00197044 1.44764e-15 5.27848e-08 238553 0 0 3.45379e-10 0 0 0.0125936 0 0 0 0 0 0 4.84992e+12 4.84992e+12 4.84992e+12 4.84992e+12 
0.0735 -1.97394 -5.27394 -3.03235 -4.66391 -0.226059 2.38894e+07 1.67192e+14 0.000378256 0.0019705 1.44778e-15 5.27838e-08 238558 0 0 3.45418e-10 0 0 0.0125936 0 0 0 0 0 0 4.8501e+12 4.8501e+12 4.8501e+12 4.8501e+12 
0.074 -1.96201 -5.26201 -3.02042 -4.65198 -0.237987 2.38906e+07 1.67184e+14 0.000378272 0.00197055 1.44791e-15 5.27829e-08 238562 0 0 3.45457e-10 0 0 0.0125936 0 0 0 0 0 0 4.85028e+12 4.85028e+12 4.85028e+12 4.85028e+12 
0.0745 -1.95008 -5.25008 -3.00849 -4.64005 -0.249916 2.38919e+07 1.67177e+14 0.000378288 0.0019706 1.44805e-15 5.27819e-08 238566 0 0 3.45495e-10 0 0 0.0125936 0 0 0 0 0 0 4.85045e+12 4.85045e+12 4.85045e+12 4.85045e+12 
0.075 -1.93816 -5.23816 -2.99656 -4.62812 -0.261844 2.38931e+07 1.67169e+14 0.000378304 0.00197065 1.44818e-15 5.2781e-08 238571 0 0 3.45534e-10 0 0 0.0125936 0 0 0 0 0 0 4.85063e+12 4.85063e+12 4.85063e+12 4.85063e+12 
0.0755 -1.92623 -5.22623 -2.98463 -4.61619 -0.273773 2.38944e+07 1.67162e+14 0.00037832 0.0019707 1.44832e-15 5.278e-08 238575 0 0 3.45573e-10 0 0 0.0125936 0 0 0 0 0 0 4.85081e+12 4.85081e+12 4.85081e+12 4.85081e+12 
0.076 -1.9143 -5.2143 -2.9727 -4.60426 -0.285701 2.38956e+07 1.67155e+14 0.000378335 0.00197076 1.44846e-15 5.2779e-08 238579 0 0 3.45612e-10 0 0 0.0125936 0 0 0 0 0 0 4.85099e+12 4.85099e+12 4.85099e+12 4.85099e+12 
0.0765 -1.90237 -5.20237 -2.96077 -4.59233 -0.297631 2.38969e+07 1.67147e+14 0.000378351 0.00197081 1.44859e-15 5.27781e-08 238584 0 0 3.4565e-10 0 0 0.0125936 0 0 0 0 0 0 4.85116e+12 4.85116e+12 4.85116e+12 4.85116e+12 
0.077 -1.89044 -5.19044 -2.94884 -4.58039 -0.30956 2.38981e+07 1.6714e+14 0.000378367 0.00197086 1.44873e-15 5.27771e-08 238588 0 0 3.45689e-10 0 0 0.0125936 0 0 0 0 0 0 4.85134e+12 4.85134e+12 4.85134e+12 4.85134e+12 
0.0775 -1.87851 -5.17851 -2.9369 -4.56846 -0.321489 2.38993e+07 1.67132e+14 0.000378383 0.00197091 1.44887e-15 5.27762e-08 238592 0 0 3.45728e-10 0 0 0.0125936 0 0 0 0 0 0 4.85152e+12 4.85152e+12 4.85152e+12 4.85152e+12 
0.078 -1.86658 -5.16658 -2.92497 -4.55653 -0.333419 2.39006e+07 1.67125e+14 0.000378399 0.00197096 1.449e-15 5.27752e-08 238597 0 0 3.45767e-10 0 0 0.0125936 0 0 0 0 0 0 4.85169e+12 4.85169e+12 4.85169e+12 4.85169e+12 
0.0785 -1.85465 -5.15465 -2.91304 -4.5446 -0.345349 2.39018e+07 1.67118e+14 0.000378415 0.00197101 1.44914e-15 5.27743e-08 238601 0 0 3.45806e-10 0 0 0.0125936 0 0 0 0 0 0 4.85187e+12 4.85187e+12 4.85187e+12 4.85187e+12 
0.079 -1.84272 -5.14272 -2.90111 -4.53267 -0.357279 2.39031e+07 1.6711e+14 0.000378431 0.00197107 1.44927e-15 5.27733e-08 238605 0 0 3.45844e-10 0 0 0.0125936 0 0 0 0 0 0 4.85205e+12 4.85205e+12 4.85205e+12 4.85205e+12 
0.0795 -1.83079 -5.13079 -2.88918 -4.52074 -0.36921 2.39043e+07 1.67103e+14 0.000378447 0.00197112 1.44941e-15 5.27724e-08 238610 0 0 3.45883e-10 0 0 0.0125936 0 0 0 0 0 0 4.85223e+12 4.85223e+12 4.85223e+12 4.85223e+12 
0.08 -1.81886 -5.11886 -2.87725 -4.50881 -0.38114 2.39056e+07 1.67095e+14 0.000378463 0.00197117 1.44955e-15 5.27714e-08 238614 0 0 3.45922e-10 0 0 0.0125936 0 0 0 0 0 0 4.8524e+12 4.8524e+12 4.8524e+12 4.8524e+12 
0.0805 -1.80693 -5.10693 -2.86531 -4.49687 -0.393071 2.39068e+07 1.67088e+14 0.000378478 0.00197122 1.44968e-15 5.27704e-08 238618 0 0 3.45961e-10 0 0 0.0125936 0 0 0 0 0 0 4.85258e+12 4.85258e+12 4.85258e+12 4.85258e+12 
0.081 -1.795 -5.095 -2.85338 -4.48494 -0.405002 2.39081e+07 1.67081e+14 0.000378494 0.00197127 1.44982e-15 5.27695e-08 238623 0 0 3.45999e-10 0 0 0.0125936 0 0 0 0 0 0 4.85276e+12 4.85276e+12 4.85276e+12 4.85276e+12 
0.0815 -1.78307 -5.08307 -2.84145 -4.47301 -0.416933 2.39093e+07 1.67073e+14 0.00037851 0.00197132 1.44996e-15 5.27685e-08 238627 0 0 3.46038e-10 0 0 0.0125936 0 0 0 0 0 0 4.85293e+12 4.85293e+12 4.85293e+12 4.85293e+12 
0.082 -1.77114 -5.07114 -2.82952 -4.46107 -0.428865 2.39105e+07 1.67066e+14 0.000378526 0.00197138 1.45009e-15 5.27676e-08 238631 0 0 3.46077e-10 0 0 0.0125936 0 0 0 0 0 0 4.85311e+12 4.85311e+12 4.85311e+12 4.85311e+12 
0.0825 -1.7592 -5.0592 -2.81758 -4.44914 -0.440796 2.39118e+07 1.67058e+14 0.000378542 0.00197143 1.45023e-15 5.27666e-08 238635 0 0 3.46116e-10 0 0 0.0125936 0 0 0 0 0 0 4.85329e+12 4.85329e+12 4.85329e+12 4.85329e+12 
0.083 -1.74727 -5.04727 -2.80565 -4.43721 -0.452728 2.3913e+07 1.67051e+14 0.000378558 0.00197148 1.45036e-15 5.27657e-08 238640 0 0 3.46155e-10 0 0 0.0125936 0 0 0 0 0 0 4.85346e+12 4.85346e+12 4.85346e+12 4.85346e+12 
0.0835 -1.73534 -5.03534 -2.79372 -4.42527 -0.46466 2.39143e+07 1.67044e+14 0.000378574 0.00197153 1.4505e-15 5.27647e-08 238644 0 0 3.46193e-10 0 0 0.0125936 0 0 0 0 0 0 4.85364e+12 4.85364e+12 4.85364e+12 4.85364e+12 
0.084 -1.72341 -5.02341 -2.78178 -4.41334 -0.476593 2.39155e+07 1.67036e+14 0.00037859 0.00197158 1.45064e-15 5.27638e-08 238648 0 0 3.46232e-10 0 0 0.0125936 0 0 0 0 0 0 4.85382e+12 4.85382e+12 4.85382e+12 4.85382e+12 
0.0845 -1.71147 -5.01147 -2.76985 -4.40141 -0.488525 2.39168e+07 1.67029e+14 0.000378606 0.00197163 1.45077e-15 5.27628e-08 238653 0 0 3.46271e-10 0 0 0.0125936 0 0 0 0 0 0 4.85399e+12 4.85399e+12 4.85399e+12 4.85399e+12 
0.085 -1.69954 -4.99954 -2.75792 -4.38947 -0.500458 2.3918e+07 1.67021e+14 0.000378621 0.00197169 1.45091e-15 5.27619e-08 238657 0 0 3.4631e-10 0 0 0.0125936 0 0 0 0 0 0 4.85417e+12 4.85417e+12 4.85417e+12 4.85417e+12 
0.0855 -1.68761 -4.98761 -2.74598 -4.37754 -0.512391 2.39192e+07 1.67014e+14 0.000378637 0.00197174 1.45105e-15 5.27609e-08 238661 0 0 3.46348e-10 0 0 0.0125936 0 0 0 0 0 0 4.85435e+12 4.85435e+12 4.85435e+12 4.85435e+12 
0.086 -1.67568 -4.97568 -2.73405 -4.3656 -0.524324 2.39205e+07 1.67007e+14 0.000378653 0.00197179 1.45118e-15 5.27599e-08 238666 0 0 3.46387e-10 0 0 0.0125936 0 0 0 0 0 0 4.85452e+12 4.85452e+12 4.85452e+12 4.85452e+12 
0.0865 -1.66374 -4.96374 -2.72211 -4.35367 -0.536257 2.39217e+07 1.66999e+14 0.000378669 0.00197184 1.45132e-15 5.2759e-08 238670 0 0 3.46426e-10 0 0 0.0125936 0 0 0 0 0 0 4.8547e+12 4.8547e+12 4.8547e+12 4.8547e+12 
0.087 -1.65181 -4.95181 -2.71018 -4.34173 -0.548191 2.3923e+07 1.66992e+14 0.000378685 0.00197189 1.45145e-15 5.2758e-08 238674 0 0 3.46465e-10 0 0 0.0125936 0 0 0 0 0 0 4.85488e+12 4.85488e+12 4.85488e+12 4.85488e+12 
0.0875 -1.63988 -4.93988 -2.69824 -4.3298 -0.560125 2.39242e+07 1.66984e+14 0.000378701 0.00197194 1.45159e-15 5.27571e-08 238679 0 0 3.46504e-10 0 0 0.0125936 0 0 0 0 0 0 4.85505e+12 4.85505e+12 4.85505e+12 4.85505e+12 
0.088 -1.62794 -4.92794 -2.68631 -4.31786 -0.572059 2.39255e+07 1.66977e+14 0.000378717 0.001972 1.45173e-15 5.27561e-08 238683 0 0 3.46542e-10 0 0 0.0125936 0 0 0 0 0 0 4.85523e+12 4.85523e+12 4.85523e+12 4.85523e+12 
0.0885 -1.61601 -4.91601 -2.67437 -4.30593 -0.583993 2.39267e+07 1.6697e+14 0.000378733 0.00197205 1.45186e-15 5.27552e-08 238687 0 0 3.46581e-10 0 0 0.0125936 0 0 0 0 0 0 4.85541e+12 4.85541e+12 4.85541e+12 4.85541e+12 
0.089 -1.60407 -4.90407 -2.66243 -4.29399 -0.595928 2.39279e+07 1.66962e+14 0.000378748 0.0019721 1.452e-15 5.27542e-08 238692 0 0 3.4662e-10 0 0 0.0125936 0 0 0 0 0 0 4.85558e+12 4.85558e+12 4.85558e+12 4.85558e+12 
0.0895 -1.59214 -4.89214 -2.6505 -4.28205 -0.607862 2.39292e+07 1.66955e+14 0.000378764 0.00197215 1.45214e-15 5.27533e-08 238696 0 0 3.46659e-10 0 0 0.0125936 0 0 0 0 0 0 4.85576e+12 4.85576e+12 4.85576e+12 4.85576e+12 
0.09 -1.5802 -4.8802 -2.63856 -4.27012 -0.619797 2.39304e+07 1.66947e+14 0.00037878 0.0019722 1.45227e-15 5.27523e-08 238700 0 0 3.46698e-10 0 0 0.0125936 0 0 0 0 0 0 4.85594e+12 4.85594e+12 4.85594e+12 4.85594e+12 
0.0905 -1.56827 -4.86827 -2.62663 -4.25818 -0.631732 2.39317e+07 1.6694e+14 0.000378796 0.00197226 1.45241e-15 5.27514e-08 238705 0 0 3.46736e-10 0 0 0.0125936 0 0 0 0 0 0 4.85611e+12 4.85611e+12 4.85611e+12 4.85611e+12 
0.091 -1.55633 -4.85633 -2.61469 -4.24624 -0.643668 2.39329e+07 1.66933e+14 0.000378812 0.00197231 1.45255e-15 5.27504e-08 238709 0 0 3.46775e-10 0 0 0.0125936 0 0 0 0 0 0 4.85629e+12 4.85629e+12 4.85629e+12 4.85629e+12 
0.0915 -1.5444 -4.8444 -2.60275 -4.23431 -0.655603 2.39342e+07 1.66925e+14 0.000378828 0.00197236 1.45268e-15 5.27495e-08 238713 0 0 3.46814e-10 0 0 0.0125936 0 0 0 0 0 0 4.85647e+12 4.85647e+12 4.85647e+12 4.85647e+12 
0.092 -1.53246 -4.83246 -2.59082 -4.22237 -0.667539 2.39354e+07 1.66918e+14 0.000378844 0.00197241 1.45282e-15 5.27485e-08 238717 0 0 3.46853e-10 0 0 0.0125936 0 0 0 0 0 0 4.85664e+12 4.85664e+12 4.85664e+12 4.85664e+12 
0.0925 -1.52053 -4.82053 -2.57888 -4.21043 -0.679475 2.39366e+07 1.6691e+14 0.00037886 0.00197246 1.45295e-15 5.27476e-08 238722 0 0 3.46892e-10 0 0 0.0125936 0 0 0 0 0 0 4.85682e+12 4.85682e+12 4.85682e+12 4.85682e+12 
0.093 -1.50859 -4.80859 -2.56694 -4.19849 -0.691411 2.39379e+07 1.66903e+14 0.000378876 0.00197251 1.45309e-15 5.27466e-08 238726 0 0 3.4693e-10 0 0 0.0125936 0 0 0 0 0 0 4.857e+12 4.857e+12 4.857e+12 4.857e+12 
0.0935 -1.49665 -4.79665 -2.555 -4.18656 -0.703348 2.39391e+07 1.66896e+14 0.000378891 0.00197257 1.45323e-15 5.27456e-08 238730 0 0 3.46969e-10 0 0 0.0125936 0 0 0 0 0 0 4.85717e+12 4.85717e+12 4.85717e+12 4.85717e+12 
0.094 -1.48472 -4.78472 -2.54306 -4.17462 -0.715284 2.39404e+07 1.66888e+14 0.000378907 0.00197262 1.45336e-15 5.27447e-08 238735 0 0 3.47008e-10 0 0 0.0125936 0 0 0 0 0 0 4.85735e+12 4.85735e+12 4.85735e+12 4.85735e+12 
0.0945 -1.47278 -4.77278 -2.53113 -4.16268 -0.727221 2.39416e+07 1.66881e+14 0.000378923 0.00197267 1.4535e-15 5.27437e-08 238739 0 0 3.47047e-10 0 0 0.0125936 0 0 0 0 0 0 4.85753e+12 4.85753e+12 4.85753e+12 4.85753e+12 
0.095 -1.46084 -4.76084 -2.51919 -4.15074 -0.739158 2.39428e+07 1.66873e+14 0.000378939 0.00197272 1.45364e-15 5.27428e-08 238743 0 0 3.47086e-10 0 0 0.0125936 0 0 0 0 0 0 4.8577e+12 4.8577e+12 4.8577e+12 4.8577e+12 
0.0955 -1.4489 -4.7489 -2.50725 -4.1388 -0.751095 2.39441e+07 1.66866e+14 0.000378955 0.00197277 1.45377e-15 5.27418e-08 238748 0 0 3.47125e-10 0 0 0.0125936 0 0 0 0 0 0 4.85788e+12 4.85788e+12 4.85788e+12 4.85788e+12 
0.096 -1.43697 -4.73697 -2.49531 -4.12686 -0.763033 2.39453e+07 1.66859e+14 0.000378971 0.00197282 1.45391e-15 5.27409e-08 238752 0 0 3.47163e-10 0 0 0.0125936 0 0 0 0 0 0 4.85806e+12 4.85806e+12 4.85806e+12 4.85806e+12 
0.0965 -1.42503 -4.72503 -2.48337 -4.11492 -0.774971 2.39466e+07 1.66851e+14 0.000378987 0.00197288 1.45404e-15 5.27399e-08 238756 0 0 3.47202e-10 0 0 0.0125936 0 0 0 0 0 0 4.85823e+12 4.85823e+12 4.85823e+12 4.85823e+12 
0.097 -1.41309 -4.71309 -2.47143 -4.10298 -0.786908 2.39478e+07 1.66844e+14 0.000379003 0.00197293 1.45418e-15 5.2739e-08 238761 0 0 3.47241e-10 0 0 0.0125936 0 0 0 0 0 0 4.85841e+12 4.85841e+12 4.85841e+12 4.85841e+12 
0.0975 -1.40115 -4.70115 -2.45949 -4.09104 -0.798847 2.39491e+07 1.66836e+14 0.000379019 0.00197298 1.45432e-15 5.2738e-08 238765 0 0 3.4728e-10 0 0 0.0125936 0 0 0 0 0 0 4.85859e+12 4.85859e+12 4.85859e+12 4.85859e+12 
0.098 -1.38922 -4.68922 -2.44755 -4.0791 -0.810785 2.39503e+07 1.66829e+14 0.000379034 0.00197303 1.45445e-15 5.27371e-08 238769 0 0 3.47319e-10 0 0 0.0125936 0 0 0 0 0 0 4.85876e+12 4.85876e+12 4.85876e+12 4.85876e+12 
0.0985 -1.37728 -4.67728 -2.43561 -4.06716 -0.822724 2.39515e+07 1.66822e+14 0.00037905 0.00197308 1.45459e-15 5.27361e-08 238774 0 0 3.47357e-10 0 0 0.0125936 0 0 0 0 0 0 4.85894e+12 4.85894e+12 4.85894e+12 4.85894e+12 
0.099 -1.36534 -4.66534 -2.42367 -4.05522 -0.834662 2.39528e+07 1.66814e+14 0.000379066 0.00197313 1.45473e-15 5.27352e-08 238778 0 0 3.47396e-10 0 0 0.0125936 0 0 0 0 0 0 4.85911e+12 4.85911e+12 4.85911e+12 4.85911e+12 
0.0995 -1.3534 -4.6534 -2.41173 -4.04328 -0.846601 2.3954e+07 1.66807e+14 0.000379082 0.00197319 1.45486e-15 5.27342e-08 238782 0 0 3.47435e-10 0 0 0.0125936 0 0 0 0 0 0 4.85929e+12 4.85929e+12 4.85929e+12 4.85929e+12 
0.1 -1.34146 -4.64146 -2.39979 -4.03134 -0.858541 2.39553e+07 1.668e+14 0.000379098 0.00197324 1.455e-15 5.27333e-08 238787 0 0 3.47474e-10 0 0 0.0125936 0 0 0 0 0 0 4.85947e+12 4.85947e+12 4.85947e+12 4.85947e+12 
0.1005 -1.32952 -4.62952 -2.38785 -4.0194 -0.87048 2.39565e+07 1.66792e+14 0.000379114 0.00197329 1.45514e-15 5.27323e-08 238791 0 0 3.47513e-10 0 0 0.0125936 0 0 0 0 0 0 4.85964e+12 4.85964e+12 4.85964e+12 4.85964e+12 
0.101 -1.31758 -4.61758 -2.37591 -4.00746 -0.88242 2.39577e+07 1.66785e+14 0.00037913 0.00197334 1.45527e-15 5.27314e-08 238795 0 0 3.47552e-10 0 0 0.0125936 0 0 0 0 0 0 4.85982e+12 4.85982e+12 4.85982e+12 4.85982e+12 
0.1015 -1.30564 -4.60564 -2.36397 -3.99552 -0.894359 2.3959e+07 1.66777e+14 0.000379146 0.00197339 1.45541e-15 5.27304e-08 238799 0 0 3.4759e-10 0 0 0.0125936 0 0 0 0 0 0 4.86e+12 4.86e+12 4.86e+12 4.86e+12 
0.102 -1.2937 -4.5937 -2.35203 -3.98358 -0.9063 2.39602e+07 1.6677e+14 0.000379162 0.00197344 1.45554e-15 5.27295e-08 238804 0 0 3.47629e-10 0 0 0.0125936 0 0 0 0 0 0 4.86017e+12 4.86017e+12 4.86017e+12 4.86017e+12 
0.1025 -1.28176 -4.58176 -2.34009 -3.97164 -0.91824 2.39615e+07 1.66763e+14 0.000379177 0.0019735 1.45568e-15 5.27285e-08 238808 0 0 3.47668e-10 0 0 0.0125936 0 0 0 0 0 0 4.86035e+12 4.86035e+12 4.86035e+12 4.86035e+12 
0.103 -1.26982 -4.56982 -2.32814 -3.95969 -0.93018 2.39627e+07 1.66755e+14 0.000379193 0.00197355 1.45582e-15 5.27276e-08 238812 0 0 3.47707e-10 0 0 0.0125936 0 0 0 0 0 0 4.86052e+12 4.86052e+12 4.86052e+12 4.86052e+12 
0.1035 -1.25788 -4.55788 -2.3162 -3.94775 -0.942121 2.39639e+07 1.66748e+14 0.000379209 0.0019736 1.45595e-15 5.27266e-08 238817 0 0 3.47746e-10 0 0 0.0125936 0 0 0 0 0 0 4.8607e+12 4.8607e+12 4.8607e+12 4.8607e+12 
0.104 -1.24594 -4.54594 -2.30426 -3.93581 -0.954062 2.39652e+07 1.6674e+14 0.000379225 0.00197365 1.45609e-15 5.27257e-08 238821 0 0 3.47785e-10 0 0 0.0125936 0 0 0 0 0 0 4.86088e+12 4.86088e+12 4.86088e+12 4.86088e+12 
0.1045 -1.234 -4.534 -2.29232 -3.92387 -0.966003 2.39664e+07 1.66733e+14 0.000379241 0.0019737 1.45623e-15 5.27247e-08 238825 0 0 3.47823e-10 0 0 0.0125936 0 0 0 0 0 0 4.86105e+12 4.86105e+12 4.86105e+12 4.86105e+12 
0.105 -1.22206 -4.52206 -2.28037 -3.91192 -0.977945 2.39677e+07 1.66726e+14 0.000379257 0.00197376 1.45636e-15 5.27238e-08 238830 0 0 3.47862e-10 0 0 0.0125936 0 0 0 0 0 0 4.86123e+12 4.86123e+12 4.86123e+12 4.86123e+12 
0.1055 -1.21011 -4.51011 -2.26843 -3.89998 -0.989886 2.39689e+07 1.66718e+14 0.000379273 0.00197381 1.4565e-15 5.27228e-08 238834 0 0 3.47901e-10 0 0 0.0125936 0 0 0 0 0 0 4.86141e+12 4.86141e+12 4.86141e+12 4.86141e+12 
0.106 -1.19817 -4.49817 -2.25649 -3.88804 -1.00183 2.39701e+07 1.66711e+14 0.000379289 0.00197386 1.45664e-15 5.27219e-08 238838 0 0 3.4794e-10 0 0 0.0125936 0 0 0 0 0 0 4.86158e+12 4.86158e+12 4.86158e+12 4.86158e+12 
0.1065 -1.18623 -4.48623 -2.24454 -3.87609 -1.01377 2.39714e+07 1.66704e+14 0.000379305 0.00197391 1.45677e-15 5.27209e-08 238843 0 0 3.47979e-10 0 0 0.0125936 0 0 0 0 0 0 4.86176e+12 4.86176e+12 4.86176e+12 4.86176e+12 
0.107 -1.17429 -4.47429 -2.2326 -3.86415 -1.02571 2.39726e+07 1.66696e+14 0.00037932 0.00197396 1.45691e-15 5.27199e-08 238847 0 0 3.48018e-10 0 0 0.0125936 0 0 0 0 0 0 4.86193e+12 4.86193e+12 4.86193e+12 4.86193e+12 
0.1075 -1.16235 -4.46235 -2.22066 -3.85221 -1.03765 2.39739e+07 1.66689e+14 0.000379336 0.00197401 1.45704e-15 5.2719e-08 238851 0 0 3.48057e-10 0 0 0.0125936 0 0 0 0 0 0 4.86211e+12 4.86211e+12 4.86211e+12 4.86211e+12 
0.108 -1.1504 -4.4504 -2.20871 -3.84026 -1.0496 2.39751e+07 1.66681e+14 0.000379352 0.00197407 1.45718e-15 5.2718e-08 238855 0 0 3.48095e-10 0 0 0.0125936 0 0 0 0 0 0 4.86229e+12 4.86229e+12 4.86229e+12 4.86229e+12 
0.1085 -1.13846 -4.43846 -2.19677 -3.82832 -1.06154 2.39763e+07 1.66674e+14 0.000379368 0.00197412 1.45732e-15 5.27171e-08 238860 0 0 3.48134e-10 0 0 0.0125936 0 0 0 0 0 0 4.86246e+12 4.86246e+12 4.86246e+12 4.86246e+12 
0.109 -1.12652 -4.42652 -2.18482 -3.81637 -1.07348 2.39776e+07 1.66667e+14 0.000379384 0.00197417 1.45745e-15 5.27161e-08 238864 0 0 3.48173e-10 0 0 0.0125936 0 0 0 0 0 0 4.86264e+12 4.86264e+12 4.86264e+12 4.86264e+12 
0.1095 -1.11457 -4.41457 -2.17288 -3.80443 -1.08543 2.39788e+07 1.66659e+14 0.0003794 0.00197422 1.45759e-15 5.27152e-08 238868 0 0 3.48212e-10 0 0 0.0125936 0 0 0 0 0 0 4.86281e+12 4.86281e+12 4.86281e+12 4.86281e+12 
0.11 -1.10263 -4.40263 -2.16093 -3.79248 -1.09737 2.39801e+07 1.66652e+14 0.000379416 0.00197427 1.45773e-15 5.27142e-08 238873 0 0 3.48251e-10 0 0 0.0125936 0 0 0 0 0 0 4.86299e+12 4.86299e+12 4.86299e+12 4.86299e+12 
0.1105 -1.09069 -4.39069 -2.14899 -3.78054 -1.10931 2.39813e+07 1.66645e+14 0.000379432 0.00197432 1.45786e-15 5.27133e-08 238877 0 0 3.4829e-10 0 0 0.0125936 0 0 0 0 0 0 4.86317e+12 4.86317e+12 4.86317e+12 4.86317e+12 
0.111 -1.07874 -4.37874 -2.13704 -3.76859 -1.12126 2.39825e+07 1.66637e+14 0.000379448 0.00197438 1.458e-15 5.27123e-08 238881 0 0 3.48329e-10 0 0 0.0125936 0 0 0 0 0 0 4.86334e+12 4.86334e+12 4.86334e+12 4.86334e+12 
0.1115 -1.0668 -4.3668 -2.1251 -3.75665 -1.1332 2.39838e+07 1.6663e+14 0.000379463 0.00197443 1.45814e-15 5.27114e-08 238886 0 0 3.48367e-10 0 0 0.0125936 0 0 0 0 0 0 4.86352e+12 4.86352e+12 4.86352e+12 4.86352e+12 
0.112 -1.05485 -4.35485 -2.11315 -3.7447 -1.14515 2.3985e+07 1.66623e+14 0.000379479 0.00197448 1.45827e-15 5.27104e-08 238890 0 0 3.48406e-10 0 0 0.0125936 0 0 0 0 0 0 4.86369e+12 4.86369e+12 4.86369e+12 4.86369e+12 
0.1125 -1.04291 -4.34291 -2.10121 -3.73275 -1.15709 2.39863e+07 1.66615e+14 0.000379495 0.00197453 1.45841e-15 5.27095e-08 238894 0 0 3.48445e-10 0 0 0.0125936 0 0 0 0 0 0 4.86387e+12 4.86387e+12 4.86387e+12 4.86387e+12 
0.113 -1.03096 -4.33096 -2.08926 -3.72081 -1.16904 2.39875e+07 1.66608e+14 0.000379511 0.00197458 1.45854e-15 5.27085e-08 238899 0 0 3.48484e-10 0 0 0.0125936 0 0 0 0 0 0 4.86404e+12 4.86404e+12 4.86404e+12 4.86404e+12 
0.1135 -1.01902 -4.31902 -2.07731 -3.70886 -1.18098 2.39887e+07 1.666e+14 0.000379527 0.00197463 1.45868e-15 5.27076e-08 238903 0 0 3.48523e-10 0 0 0.0125936 0 0 0 0 0 0 4.86422e+12 4.86422e+12 4.86422e+12 4.86422e+12 
0.114 -1.00707 -4.30707 -2.06537 -3.69691 -1.19293 2.399e+07 1.66593e+14 0.000379543 0.00197469 1.45882e-15 5.27066e-08 238907 0 0 3.48562e-10 0 0 0.0125936 0 0 0 0 0 0 4.8644e+12 4.8644e+12 4.8644e+12 4.8644e+12 
0.1145 -0.995128 -4.29513 -2.05342 -3.68497 -1.20487 2.39912e+07 1.66586e+14 0.000379559 0.00197474 1.45895e-15 5.27057e-08 238911 0 0 3.48601e-10 0 0 0.0125936 0 0 0 0 0 0 4.86457e+12 4.86457e+12 4.86457e+12 4.86457e+12 
0.115 -0.983183 -4.28318 -2.04147 -3.67302 -1.21682 2.39924e+07 1.66578e+14 0.000379575 0.00197479 1.45909e-15 5.27047e-08 238916 0 0 3.48639e-10 0 0 0.0125936 0 0 0 0 0 0 4.86475e+12 4.86475e+12 4.86475e+12 4.86475e+12 
0.1155 -0.971237 -4.27124 -2.02953 -3.66107 -1.22876 2.39937e+07 1.66571e+14 0.000379591 0.00197484 1.45923e-15 5.27038e-08 238920 0 0 3.48678e-10 0 0 0.0125936 0 0 0 0 0 0 4.86492e+12 4.86492e+12 4.86492e+12 4.86492e+12 
0.116 -0.959291 -4.25929 -2.01758 -3.64912 -1.24071 2.39949e+07 1.66564e+14 0.000379606 0.00197489 1.45936e-15 5.27028e-08 238924 0 0 3.48717e-10 0 0 0.0125936 0 0 0 0 0 0 4.8651e+12 4.8651e+12 4.8651e+12 4.8651e+12 
0.1165 -0.947344 -4.24734 -2.00563 -3.63718 -1.25266 2.39962e+07 1.66556e+14 0.000379622 0.00197495 1.4595e-15 5.27019e-08 238929 0 0 3.48756e-10 0 0 0.0125936 0 0 0 0 0 0 4.86527e+12 4.86527e+12 4.86527e+12 4.86527e+12 
0.117 -0.935398 -4.2354 -1.99368 -3.62523 -1.2646 2.39974e+07 1.66549e+14 0.000379638 0.001975 1.45964e-15 5.27009e-08 238933 0 0 3.48795e-10 0 0 0.0125936 0 0 0 0 0 0 4.86545e+12 4.86545e+12 4.86545e+12 4.86545e+12 
0.1175 -0.923451 -4.22345 -1.98174 -3.61328 -1.27655 2.39986e+07 1.66541e+14 0.000379654 0.00197505 1.45977e-15 5.27e-08 238937 0 0 3.48834e-10 0 0 0.0125936 0 0 0 0 0 0 4.86563e+12 4.86563e+12 4.86563e+12 4.86563e+12 
0.118 -0.911504 -4.2115 -1.96979 -3.60133 -1.2885 2.39999e+07 1.66534e+14 0.00037967 0.0019751 1.45991e-15 5.26991e-08 238942 0 0 3.48873e-10 0 0 0.0125936 0 0 0 0 0 0 4.8658e+12 4.8658e+12 4.8658e+12 4.8658e+12 
0.1185 -0.899557 -4.19956 -1.95784 -3.58938 -1.30044 2.40011e+07 1.66527e+14 0.000379686 0.00197515 1.46005e-15 5.26981e-08 238946 0 0 3.48912e-10 0 0 0.0125936 0 0 0 0 0 0 4.86598e+12 4.86598e+12 4.86598e+12 4.86598e+12 
0.119 -0.88761 -4.18761 -1.94589 -3.57743 -1.31239 2.40024e+07 1.66519e+14 0.000379702 0.0019752 1.46018e-15 5.26972e-08 238950 0 0 3.4895e-10 0 0 0.0125936 0 0 0 0 0 0 4.86615e+12 4.86615e+12 4.86615e+12 4.86615e+12 
0.1195 -0.875662 -4.17566 -1.93394 -3.56548 -1.32434 2.40036e+07 1.66512e+14 0.000379718 0.00197526 1.46032e-15 5.26962e-08 238955 0 0 3.48989e-10 0 0 0.0125936 0 0 0 0 0 0 4.86633e+12 4.86633e+12 4.86633e+12 4.86633e+12 
0.12 -0.863714 -4.16371 -1.92199 -3.55354 -1.33629 2.40048e+07 1.66505e+14 0.000379734 0.00197531 1.46045e-15 5.26953e-08 238959 0 0 3.49028e-10 0 0 0.0125936 0 0 0 0 0 0 4.8665e+12 4.8665e+12 4.8665e+12 4.8665e+12 
0.1205 -0.851766 -4.15177 -1.91004 -3.54159 -1.34823 2.40061e+07 1.66497e+14 0.00037975 0.00197536 1.46059e-15 5.26943e-08 238963 0 0 3.49067e-10 0 0 0.0125936 0 0 0 0 0 0 4.86668e+12 4.86668e+12 4.86668e+12 4.86668e+12 
0.121 -0.839818 -4.13982 -1.89809 -3.52964 -1.36018 2.40073e+07 1.6649e+14 0.000379765 0.00197541 1.46073e-15 5.26934e-08 238967 0 0 3.49106e-10 0 0 0.0125936 0 0 0 0 0 0 4.86686e+12 4.86686e+12 4.86686e+12 4.86686e+12 
0.1215 -0.827869 -4.12787 -1.88614 -3.51769 -1.37213 2.40085e+07 1.66483e+14 0.000379781 0.00197546 1.46086e-15 5.26924e-08 238972 0 0 3.49145e-10 0 0 0.0125936 0 0 0 0 0 0 4.86703e+12 4.86703e+12 4.86703e+12 4.86703e+12 
0.122 -0.815921 -4.11592 -1.87419 -3.50574 -1.38408 2.40098e+07 1.66475e+14 0.000379797 0.00197551 1.461e-15 5.26915e-08 238976 0 0 3.49184e-10 0 0 0.0125936 0 0 0 0 0 0 4.86721e+12 4.86721e+12 4.86721e+12 4.86721e+12 
0.1225 -0.803972 -4.10397 -1.86224 -3.49379 -1.39603 2.4011e+07 1.66468e+14 0.000379813 0.00197557 1.46114e-15 5.26905e-08 238980 0 0 3.49223e-10 0 0 0.0125936 0 0 0 0 0 0 4.86738e+12 4.86738e+12 4.86738e+12 4.86738e+12 
0.123 -0.792023 -4.09202 -1.85029 -3.48183 -1.40798 2.40123e+07 1.66461e+14 0.000379829 0.00197562 1.46127e-15 5.26896e-08 238985 0 0 3.49262e-10 0 0 0.0125936 0 0 0 0 0 0 4.86756e+12 4.86756e+12 4.86756e+12 4.86756e+12 
0.1235 -0.780073 -4.08007 -1.83834 -3.46988 -1.41993 2.40135e+07 1.66453e+14 0.000379845 0.00197567 1.46141e-15 5.26886e-08 238989 0 0 3.493e-10 0 0 0.0125936 0 0 0 0 0 0 4.86773e+12 4.86773e+12 4.86773e+12 4.86773e+12 
0.124 -0.768124 -4.06812 -1.82639 -3.45793 -1.43188 2.40147e+07 1.66446e+14 0.000379861 0.00197572 1.46155e-15 5.26877e-08 238993 0 0 3.49339e-10 0 0 0.0125936 0 0 0 0 0 0 4.86791e+12 4.86791e+12 4.86791e+12 4.86791e+12 
0.1245 -0.756174 -4.05617 -1.81444 -3.44598 -1.44383 2.4016e+07 1.66438e+14 0.000379877 0.00197577 1.46168e-15 5.26867e-08 238998 0 0 3.49378e-10 0 0 0.0125936 0 0 0 0 0 0 4.86808e+12 4.86808e+12 4.86808e+12 4.86808e+12 
0.125 -0.744224 -4.04422 -1.80249 -3.43403 -1.45578 2.40172e+07 1.66431e+14 0.000379893 0.00197582 1.46182e-15 5.26858e-08 239002 0 0 3.49417e-10 0 0 0.0125936 0 0 0 0 0 0 4.86826e+12 4.86826e+12 4.86826e+12 4.86826e+12 
0.1255 -0.732274 -4.03227 -1.79054 -3.42208 -1.46773 2.40184e+07 1.66424e+14 0.000379908 0.00197588 1.46196e-15 5.26848e-08 239006 0 0 3.49456e-10 0 0 0.0125936 0 0 0 0 0 0 4.86843e+12 4.86843e+12 4.86843e+12 4.86843e+12 
0.126 -0.720323 -4.02032 -1.77858 -3.41013 -1.47968 2.40197e+07 1.66416e+14 0.000379924 0.00197593 1.46209e-15 5.26839e-08 239010 0 0 3.49495e-10 0 0 0.0125936 0 0 0 0 0 0 4.86861e+12 4.86861e+12 4.86861e+12 4.86861e+12 
0.1265 -0.708373 -4.00837 -1.76663 -3.39817 -1.49163 2.40209e+07 1.66409e+14 0.00037994 0.00197598 1.46223e-15 5.26829e-08 239015 0 0 3.49534e-10 0 0 0.0125936 0 0 0 0 0 0 4.86879e+12 4.86879e+12 4.86879e+12 4.86879e+12 
0.127 -0.696422 -3.99642 -1.75468 -3.38622 -1.50358 2.40221e+07 1.66402e+14 0.000379956 0.00197603 1.46236e-15 5.2682e-08 239019 0 0 3.49573e-10 0 0 0.0125936 0 0 0 0 0 0 4.86896e+12 4.86896e+12 4.86896e+12 4.86896e+12 
0.1275 -0.684471 -3.98447 -1.74273 -3.37427 -1.51553 2.40234e+07 1.66394e+14 0.000379972 0.00197608 1.4625e-15 5.2681e-08 239023 0 0 3.49612e-10 0 0 0.0125936 0 0 0 0 0 0 4.86914e+12 4.86914e+12 4.86914e+12 4.86914e+12 
0.128 -0.672519 -3.97252 -1.73078 -3.36232 -1.52748 2.40246e+07 1.66387e+14 0.000379988 0.00197614 1.46264e-15 5.26801e-08 239028 0 0 3.49651e-10 0 0 0.0125936 0 0 0 0 0 0 4.86931e+12 4.86931e+12 4.86931e+12 4.86931e+12 
0.1285 -0.660568 -3.96057 -1.71882 -3.35036 -1.53943 2.40259e+07 1.6638e+14 0.000380004 0.00197619 1.46277e-15 5.26791e-08 239032 0 0 3.49689e-10 0 0 0.0125936 0 0 0 0 0 0 4.86949e+12 4.86949e+12 4.86949e+12 4.86949e+12 
0.129 -0.648616 -3.94862 -1.70687 -3.33841 -1.55138 2.40271e+07 1.66372e+14 0.00038002 0.00197624 1.46291e-15 5.26782e-08 239036 0 0 3.49728e-10 0 0 0.0125936 0 0 0 0 0 0 4.86966e+12 4.86966e+12 4.86966e+12 4.86966e+12 
0.1295 -0.636664 -3.93666 -1.69492 -3.32646 -1.56334 2.40283e+07 1.66365e+14 0.000380036 0.00197629 1.46305e-15 5.26772e-08 239041 0 0 3.49767e-10 0 0 0.0125936 0 0 0 0 0 0 4.86984e+12 4.86984e+12 4.86984e+12 4.86984e+12 
0.13 -0.624712 -3.92471 -1.68296 -3.3145 -1.57529 2.40296e+07 1.66358e+14 0.000380052 0.00197634 1.46318e-15 5.26763e-08 239045 0 0 3.49806e-10 0 0 0.0125936 0 0 0 0 0 0 4.87001e+12 4.87001e+12 4.87001e+12 4.87001e+12 
0.1305 -0.61276 -3.91276 -1.67101 -3.30255 -1.58724 2.40308e+07 1.6635e+14 0.000380067 0.00197639 1.46332e-15 5.26753e-08 239049 0 0 3.49845e-10 0 0 0.0125936 0 0 0 0 0 0 4.87019e+12 4.87019e+12 4.87019e+12 4.87019e+12 
0.131 -0.600807 -3.90081 -1.65906 -3.29059 -1.59919 2.4032e+07 1.66343e+14 0.000380083 0.00197645 1.46346e-15 5.26744e-08 239053 0 0 3.49884e-10 0 0 0.0125936 0 0 0 0 0 0 4.87036e+12 4.87036e+12 4.87036e+12 4.87036e+12 
0.1315 -0.588855 -3.88885 -1.6471 -3.27864 -1.61115 2.40333e+07 1.66336e+14 0.000380099 0.0019765 1.46359e-15 5.26735e-08 239058 0 0 3.49923e-10 0 0 0.0125936 0 0 0 0 0 0 4.87054e+12 4.87054e+12 4.87054e+12 4.87054e+12 
0.132 -0.576902 -3.8769 -1.63515 -3.26669 -1.6231 2.40345e+07 1.66328e+14 0.000380115 0.00197655 1.46373e-15 5.26725e-08 239062 0 0 3.49962e-10 0 0 0.0125936 0 0 0 0 0 0 4.87071e+12 4.87071e+12 4.87071e+12 4.87071e+12 
0.1325 -0.564948 -3.86495 -1.62319 -3.25473 -1.63505 2.40357e+07 1.66321e+14 0.000380131 0.0019766 1.46387e-15 5.26716e-08 239066 0 0 3.50001e-10 0 0 0.0125936 0 0 0 0 0 0 4.87089e+12 4.87089e+12 4.87089e+12 4.87089e+12 
0.133 -0.552995 -3.85299 -1.61124 -3.24278 -1.64701 2.4037e+07 1.66314e+14 0.000380147 0.00197665 1.464e-15 5.26706e-08 239071 0 0 3.5004e-10 0 0 0.0125936 0 0 0 0 0 0 4.87106e+12 4.87106e+12 4.87106e+12 4.87106e+12 
0.1335 -0.541041 -3.84104 -1.59928 -3.23082 -1.65896 2.40382e+07 1.66306e+14 0.000380163 0.0019767 1.46414e-15 5.26697e-08 239075 0 0 3.50079e-10 0 0 0.0125936 0 0 0 0 0 0 4.87124e+12 4.87124e+12 4.87124e+12 4.87124e+12 
0.134 -0.529087 -3.82909 -1.58733 -3.21887 -1.67091 2.40395e+07 1.66299e+14 0.000380179 0.00197676 1.46428e-15 5.26687e-08 239079 0 0 3.50118e-10 0 0 0.0125936 0 0 0 0 0 0 4.87141e+12 4.87141e+12 4.87141e+12 4.87141e+12 
0.1345 -0.517133 -3.81713 -1.57537 -3.20691 -1.68287 2.40407e+07 1.66292e+14 0.000380195 0.00197681 1.46441e-15 5.26678e-08 239084 0 0 3.50157e-10 0 0 0.0125936 0 0 0 0 0 0 4.87159e+12 4.87159e+12 4.87159e+12 4.87159e+12 
0.135 -0.505179 -3.80518 -1.56342 -3.19495 -1.69482 2.40419e+07 1.66284e+14 0.00038021 0.00197686 1.46455e-15 5.26668e-08 239088 0 0 3.50195e-10 0 0 0.0125936 0 0 0 0 0 0 4.87176e+12 4.87176e+12 4.87176e+12 4.87176e+12 
0.1355 -0.493225 -3.79322 -1.55146 -3.183 -1.70678 2.40432e+07 1.66277e+14 0.000380226 0.00197691 1.46468e-15 5.26659e-08 239092 0 0 3.50234e-10 0 0 0.0125936 0 0 0 0 0 0 4.87194e+12 4.87194e+12 4.87194e+12 4.87194e+12 
0.136 -0.48127 -3.78127 -1.5395 -3.17104 -1.71873 2.40444e+07 1.6627e+14 0.000380242 0.00197696 1.46482e-15 5.26649e-08 239096 0 0 3.50273e-10 0 0 0.0125936 0 0 0 0 0 0 4.87211e+12 4.87211e+12 4.87211e+12 4.87211e+12 
0.1365 -0.469315 -3.76931 -1.52755 -3.15909 -1.73069 2.40456e+07 1.66262e+14 0.000380258 0.00197701 1.46496e-15 5.2664e-08 239101 0 0 3.50312e-10 0 0 0.0125936 0 0 0 0 0 0 4.87229e+12 4.87229e+12 4.87229e+12 4.87229e+12 
0.137 -0.45736 -3.75736 -1.51559 -3.14713 -1.74264 2.40469e+07 1.66255e+14 0.000380274 0.00197707 1.46509e-15 5.2663e-08 239105 0 0 3.50351e-10 0 0 0.0125936 0 0 0 0 0 0 4.87246e+12 4.87246e+12 4.87246e+12 4.87246e+12 
0.1375 -0.445404 -3.7454 -1.50363 -3.13517 -1.7546 2.40481e+07 1.66248e+14 0.00038029 0.00197712 1.46523e-15 5.26621e-08 239109 0 0 3.5039e-10 0 0 0.0125936 0 0 0 0 0 0 4.87264e+12 4.87264e+12 4.87264e+12 4.87264e+12 
0.138 -0.433449 -3.73345 -1.49168 -3.12321 -1.76655 2.40493e+07 1.6624e+14 0.000380306 0.00197717 1.46537e-15 5.26612e-08 239114 0 0 3.50429e-10 0 0 0.0125936 0 0 0 0 0 0 4.87281e+12 4.87281e+12 4.87281e+12 4.87281e+12 
0.1385 -0.421493 -3.72149 -1.47972 -3.11126 -1.77851 2.40506e+07 1.66233e+14 0.000380322 0.00197722 1.4655e-15 5.26602e-08 239118 0 0 3.50468e-10 0 0 0.0125936 0 0 0 0 0 0 4.87299e+12 4.87299e+12 4.87299e+12 4.87299e+12 
0.139 -0.409537 -3.70954 -1.46776 -3.0993 -1.79046 2.40518e+07 1.66226e+14 0.000380338 0.00197727 1.46564e-15 5.26593e-08 239122 0 0 3.50507e-10 0 0 0.0125936 0 0 0 0 0 0 4.87316e+12 4.87316e+12 4.87316e+12 4.87316e+12 
0.1395 -0.397581 -3.69758 -1.45581 -3.08734 -1.80242 2.4053e+07 1.66218e+14 0.000380354 0.00197733 1.46578e-15 5.26583e-08 239127 0 0 3.50546e-10 0 0 0.0125936 0 0 0 0 0 0 4.87334e+12 4.87334e+12 4.87334e+12 4.87334e+12 
0.14 -0.385624 -3.68562 -1.44385 -3.07538 -1.81438 2.40543e+07 1.66211e+14 0.000380369 0.00197738 1.46591e-15 5.26574e-08 239131 0 0 3.50585e-10 0 0 0.0125936 0 0 0 0 0 0 4.87351e+12 4.87351e+12 4.87351e+12 4.87351e+12 
0.1405 -0.373668 -3.67367 -1.43189 -3.06343 -1.82633 2.40555e+07 1.66204e+14 0.000380385 0.00197743 1.46605e-15 5.26564e-08 239135 0 0 3.50624e-10 0 0 0.0125936 0 0 0 0 0 0 4.87369e+12 4.87369e+12 4.87369e+12 4.87369e+12 
0.141 -0.361711 -3.66171 -1.41993 -3.05147 -1.83829 2.40567e+07 1.66196e+14 0.000380401 0.00197748 1.46619e-15 5.26555e-08 239139 0 0 3.50663e-10 0 0 0.0125936 0 0 0 0 0 0 4.87386e+12 4.87386e+12 4.87386e+12 4.87386e+12 
0.1415 -0.349754 -3.64975 -1.40797 -3.03951 -1.85025 2.4058e+07 1.66189e+14 0.000380417 0.00197753 1.46632e-15 5.26545e-08 239144 0 0 3.50702e-10 0 0 0.0125936 0 0 0 0 0 0 4.87404e+12 4.87404e+12 4.87404e+12 4.87404e+12 
0.142 -0.337796 -3.6378 -1.39601 -3.02755 -1.8622 2.40592e+07 1.66182e+14 0.000380433 0.00197758 1.46646e-15 5.26536e-08 239148 0 0 3.50741e-10 0 0 0.0125936 0 0 0 0 0 0 4.87421e+12 4.87421e+12 4.87421e+12 4.87421e+12 
0.1425 -0.325839 -3.62584 -1.38406 -3.01559 -1.87416 2.40604e+07 1.66174e+14 0.000380449 0.00197764 1.4666e-15 5.26526e-08 239152 0 0 3.50779e-10 0 0 0.0125936 0 0 0 0 0 0 4.87439e+12 4.87439e+12 4.87439e+12 4.87439e+12 
0.143 -0.313881 -3.61388 -1.3721 -3.00363 -1.88612 2.40617e+07 1.66167e+14 0.000380465 0.00197769 1.46673e-15 5.26517e-08 239157 0 0 3.50818e-10 0 0 0.0125936 0 0 0 0 0 0 4.87456e+12 4.87456e+12 4.87456e+12 4.87456e+12 
0.1435 -0.301923 -3.60192 -1.36014 -2.99167 -1.89808 2.40629e+07 1.6616e+14 0.000380481 0.00197774 1.46687e-15 5.26507e-08 239161 0 0 3.50857e-10 0 0 0.0125936 0 0 0 0 0 0 4.87474e+12 4.87474e+12 4.87474e+12 4.87474e+12 
0.144 -0.289965 -3.58997 -1.34818 -2.97971 -1.91003 2.40641e+07 1.66152e+14 0.000380497 0.00197779 1.46701e-15 5.26498e-08 239165 0 0 3.50896e-10 0 0 0.0125936 0 0 0 0 0 0 4.87491e+12 4.87491e+12 4.87491e+12 4.87491e+12 
0.1445 -0.278007 -3.57801 -1.33622 -2.96775 -1.92199 2.40654e+07 1.66145e+14 0.000380513 0.00197784 1.46714e-15 5.26489e-08 239170 0 0 3.50935e-10 0 0 0.0125936 0 0 0 0 0 0 4.87509e+12 4.87509e+12 4.87509e+12 4.87509e+12 
0.145 -0.266048 -3.56605 -1.32426 -2.95579 -1.93395 2.40666e+07 1.66138e+14 0.000380528 0.00197789 1.46728e-15 5.26479e-08 239174 0 0 3.50974e-10 0 0 0.0125936 0 0 0 0 0 0 4.87526e+12 4.87526e+12 4.87526e+12 4.87526e+12 
0.1455 -0.254089 -3.55409 -1.3123 -2.94383 -1.94591 2.40678e+07 1.6613e+14 0.000380544 0.00197795 1.46741e-15 5.2647e-08 239178 0 0 3.51013e-10 0 0 0.0125936 0 0 0 0 0 0 4.87544e+12 4.87544e+12 4.87544e+12 4.87544e+12 
0.146 -0.24213 -3.54213 -1.30034 -2.93187 -1.95787 2.40691e+07 1.66123e+14 0.00038056 0.001978 1.46755e-15 5.2646e-08 239182 0 0 3.51052e-10 0 0 0.0125936 0 0 0 0 0 0 4.87561e+12 4.87561e+12 4.87561e+12 4.87561e+12 
0.1465 -0.230171 -3.53017 -1.28838 -2.91991 -1.96983 2.40703e+07 1.66116e+14 0.000380576 0.00197805 1.46769e-15 5.26451e-08 239187 0 0 3.51091e-10 0 0 0.0125936 0 0 0 0 0 0 4.87579e+12 4.87579e+12 4.87579e+12 4.87579e+12 
0.147 -0.218212 -3.51821 -1.27642 -2.90795 -1.98179 2.40715e+07 1.66108e+14 0.000380592 0.0019781 1.46782e-15 5.26441e-08 239191 0 0 3.5113e-10 0 0 0.0125936 0 0 0 0 0 0 4.87596e+12 4.87596e+12 4.87596e+12 4.87596e+12 
0.1475 -0.206252 -3.50625 -1.26446 -2.89599 -1.99375 2.40728e+07 1.66101e+14 0.000380608 0.00197815 1.46796e-15 5.26432e-08 239195 0 0 3.51169e-10 0 0 0.0125936 0 0 0 0 0 0 4.87614e+12 4.87614e+12 4.87614e+12 4.87614e+12 
0.148 -0.194292 -3.49429 -1.25249 -2.88403 -2.00571 2.4074e+07 1.66094e+14 0.000380624 0.0019782 1.4681e-15 5.26422e-08 239200 0 0 3.51208e-10 0 0 0.0125936 0 0 0 0 0 0 4.87631e+12 4.87631e+12 4.87631e+12 4.87631e+12 
0.1485 -0.182332 -3.48233 -1.24053 -2.87207 -2.01767 2.40752e+07 1.66086e+14 0.00038064 0.00197826 1.46823e-15 5.26413e-08 239204 0 0 3.51247e-10 0 0 0.0125936 0 0 0 0 0 0 4.87648e+12 4.87648e+12 4.87648e+12 4.87648e+12 
0.149 -0.170372 -3.47037 -1.22857 -2.8601 -2.02963 2.40765e+07 1.66079e+14 0.000380656 0.00197831 1.46837e-15 5.26404e-08 239208 0 0 3.51286e-10 0 0 0.0125936 0 0 0 0 0 0 4.87666e+12 4.87666e+12 4.87666e+12 4.87666e+12 
0.1495 -0.158411 -3.45841 -1.21661 -2.84814 -2.04159 2.40777e+07 1.66072e+14 0.000380672 0.00197836 1.46851e-15 5.26394e-08 239212 0 0 3.51325e-10 0 0 0.0125936 0 0 0 0 0 0 4.87683e+12 4.87683e+12 4.87683e+12 4.87683e+12 
0.15 -0.146451 -3.44645 -1.20465 -2.83618 -2.05355 2.40789e+07 1.66064e+14 0.000380687 0.00197841 1.46864e-15 5.26385e-08 239217 0 0 3.51364e-10 0 0 0.0125936 0 0 0 0 0 0 4.87701e+12 4.87701e+12 4.87701e+12 4.87701e+12 
0.1505 -0.13449 -3.43449 -1.19268 -2.82422 -2.06551 2.40802e+07 1.66057e+14 0.000380703 0.00197846 1.46878e-15 5.26375e-08 239221 0 0 3.51403e-10 0 0 0.0125936 0 0 0 0 0 0 4.87718e+12 4.87718e+12 4.87718e+12 4.87718e+12 
0.151 -0.122528 -3.42253 -1.18072 -2.81225 -2.07747 2.40814e+07 1.6605e+14 0.000380719 0.00197852 1.46892e-15 5.26366e-08 239225 0 0 3.51442e-10 0 0 0.0125936 0 0 0 0 0 0 4.87736e+12 4.87736e+12 4.87736e+12 4.87736e+12 
0.1515 -0.110567 -3.41057 -1.16876 -2.80029 -2.08943 2.40826e+07 1.66042e+14 0.000380735 0.00197857 1.46905e-15 5.26356e-08 239230 0 0 3.51481e-10 0 0 0.0125936 0 0 0 0 0 0 4.87753e+12 4.87753e+12 4.87753e+12 4.87753e+12 
0.152 -0.0986055 -3.39861 -1.1568 -2.78833 -2.10139 2.40839e+07 1.66035e+14 0.000380751 0.00197862 1.46919e-15 5.26347e-08 239234 0 0 3.5152e-10 0 0 0.0125936 0 0 0 0 0 0 4.87771e+12 4.87771e+12 4.87771e+12 4.87771e+12 
0.1525 -0.0866437 -3.38664 -1.14483 -2.77636 -2.11336 2.40851e+07 1.66028e+14 0.000380767 0.00197867 1.46933e-15 5.26337e-08 239238 0 0 3.51559e-10 0 0 0.0125936 0 0 0 0 0 0 4.87788e+12 4.87788e+12 4.87788e+12 4.87788e+12 
0.153 -0.0746817 -3.37468 -1.13287 -2.7644 -2.12532 2.40863e+07 1.6602e+14 0.000380783 0.00197872 1.46946e-15 5.26328e-08 239242 0 0 3.51598e-10 0 0 0.0125936 0 0 0 0 0 0 4.87806e+12 4.87806e+12 4.87806e+12 4.87806e+12 
0.1535 -0.0627194 -3.36272 -1.12091 -2.75244 -2.13728 2.40876e+07 1.66013e+14 0.000380799 0.00197877 1.4696e-15 5.26319e-08 239247 0 0 3.51637e-10 0 0 0.0125936 0 0 0 0 0 0 4.87823e+12 4.87823e+12 4.87823e+12 4.87823e+12 
0.154 -0.050757 -3.35076 -1.10894 -2.74047 -2.14924 2.40888e+07 1.66006e+14 0.000380815 0.00197883 1.46974e-15 5.26309e-08 239251 0 0 3.51676e-10 0 0 0.0125936 0 0 0 0 0 0 4.8784e+12 4.8784e+12 4.8784e+12 4.8784e+12 
0.1545 -0.0387943 -3.33879 -1.09698 -2.72851 -2.16121 2.409e+07 1.65998e+14 0.000380831 0.00197888 1.46987e-15 5.263e-08 239255 0 0 3.51715e-10 0 0 0.0125936 0 0 0 0 0 0 4.87858e+12 4.87858e+12 4.87858e+12 4.87858e+12 
0.155 -0.0268315 -3.32683 -1.08501 -2.71654 -2.17317 2.40913e+07 1.65991e+14 0.000380846 0.00197893 1.47001e-15 5.2629e-08 239260 0 0 3.51754e-10 0 0 0.0125936 0 0 0 0 0 0 4.87875e+12 4.87875e+12 4.87875e+12 4.87875e+12 
0.1555 -0.0148684 -3.31487 -1.07305 -2.70458 -2.18513 2.40925e+07 1.65984e+14 0.000380862 0.00197898 1.47015e-15 5.26281e-08 239264 0 0 3.51793e-10 0 0 0.0125936 0 0 0 0 0 0 4.87893e+12 4.87893e+12 4.87893e+12 4.87893e+12 
0.156 -0.00290506 -3.30291 -1.06109 -2.69262 -2.19709 2.40937e+07 1.65976e+14 0.000380878 0.00197903 1.47028e-15 5.26271e-08 239268 0 0 3.51832e-10 0 0 0.0125936 0 0 0 0 0 0 4.8791e+12 4.8791e+12 4.8791e+12 4.8791e+12 
0.1565 0.00905846 -3.29094 -1.04912 -2.68065 -2.20906 2.4095e+07 1.65969e+14 0.000380894 0.00197908 1.47042e-15 5.26262e-08 239273 0 0 3.51871e-10 0 0 0.0125936 0 0 0 0 0 0 4.87928e+12 4.87928e+12 4.87928e+12 4.87928e+12 
0.157 0.0210222 -3.27898 -1.03716 -2.66869 -2.22102 2.40962e+07 1.65962e+14 0.00038091 0.00197914 1.47056e-15 5.26253e-08 239277 0 0 3.5191e-10 0 0 0.0125936 0 0 0 0 0 0 4.87945e+12 4.87945e+12 4.87945e+12 4.87945e+12 
0.1575 0.0329861 -3.26701 -1.02519 -2.65672 -2.23299 2.40974e+07 1.65955e+14 0.000380926 0.00197919 1.47069e-15 5.26243e-08 239281 0 0 3.51949e-10 0 0 0.0125936 0 0 0 0 0 0 4.87962e+12 4.87962e+12 4.87962e+12 4.87962e+12 
0.158 0.0449503 -3.25505 -1.01322 -2.64475 -2.24495 2.40987e+07 1.65947e+14 0.000380942 0.00197924 1.47083e-15 5.26234e-08 239285 0 0 3.51988e-10 0 0 0.0125936 0 0 0 0 0 0 4.8798e+12 4.8798e+12 4.8798e+12 4.8798e+12 
0.1585 0.0569147 -3.24309 -1.00126 -2.63279 -2.25691 2.40999e+07 1.6594e+14 0.000380958 0.00197929 1.47097e-15 5.26224e-08 239290 0 0 3.52027e-10 0 0 0.0125936 0 0 0 0 0 0 4.87997e+12 4.87997e+12 4.87997e+12 4.87997e+12 
0.159 0.0688793 -3.23112 -0.989293 -2.62082 -2.26888 2.41011e+07 1.65933e+14 0.000380974 0.00197934 1.4711e-15 5.26215e-08 239294 0 0 3.52066e-10 0 0 0.0125936 0 0 0 0 0 0 4.88015e+12 4.88015e+12 4.88015e+12 4.88015e+12 
0.1595 0.0808441 -3.21916 -0.977327 -2.60886 -2.28084 2.41024e+07 1.65925e+14 0.00038099 0.00197939 1.47124e-15 5.26205e-08 239298 0 0 3.52105e-10 0 0 0.0125936 0 0 0 0 0 0 4.88032e+12 4.88032e+12 4.88032e+12 4.88032e+12 
0.16 0.0928091 -3.20719 -0.96536 -2.59689 -2.29281 2.41036e+07 1.65918e+14 0.000381005 0.00197945 1.47138e-15 5.26196e-08 239303 0 0 3.52144e-10 0 0 0.0125936 0 0 0 0 0 0 4.8805e+12 4.8805e+12 4.8805e+12 4.8805e+12 
0.1605 0.104774 -3.19523 -0.953394 -2.58492 -2.30477 2.41048e+07 1.65911e+14 0.000381021 0.0019795 1.47151e-15 5.26187e-08 239307 0 0 3.52182e-10 0 0 0.0125936 0 0 0 0 0 0 4.88067e+12 4.88067e+12 4.88067e+12 4.88067e+12 
0.161 0.11674 -3.18326 -0.941427 -2.57296 -2.31674 2.41061e+07 1.65903e+14 0.000381037 0.00197955 1.47165e-15 5.26177e-08 239311 0 0 3.52221e-10 0 0 0.0125936 0 0 0 0 0 0 4.88084e+12 4.88084e+12 4.88084e+12 4.88084e+12 
0.1615 0.128705 -3.17129 -0.92946 -2.56099 -2.32871 2.41073e+07 1.65896e+14 0.000381053 0.0019796 1.47178e-15 5.26168e-08 239315 0 0 3.5226e-10 0 0 0.0125936 0 0 0 0 0 0 4.88102e+12 4.88102e+12 4.88102e+12 4.88102e+12 
0.162 0.140671 -3.15933 -0.917493 -2.54902 -2.34067 2.41085e+07 1.65889e+14 0.000381069 0.00197965 1.47192e-15 5.26158e-08 239320 0 0 3.52299e-10 0 0 0.0125936 0 0 0 0 0 0 4.88119e+12 4.88119e+12 4.88119e+12 4.88119e+12 
0.1625 0.152637 -3.14736 -0.905525 -2.53705 -2.35264 2.41098e+07 1.65881e+14 0.000381085 0.00197971 1.47206e-15 5.26149e-08 239324 0 0 3.52339e-10 0 0 0.0125936 0 0 0 0 0 0 4.88137e+12 4.88137e+12 4.88137e+12 4.88137e+12 
0.163 0.164604 -3.1354 -0.893558 -2.52509 -2.3646 2.4111e+07 1.65874e+14 0.000381101 0.00197976 1.47219e-15 5.26139e-08 239328 0 0 3.52378e-10 0 0 0.0125936 0 0 0 0 0 0 4.88154e+12 4.88154e+12 4.88154e+12 4.88154e+12 
0.1635 0.17657 -3.12343 -0.88159 -2.51312 -2.37657 2.41122e+07 1.65867e+14 0.000381117 0.00197981 1.47233e-15 5.2613e-08 239333 0 0 3.52417e-10 0 0 0.0125936 0 0 0 0 0 0 4.88172e+12 4.88172e+12 4.88172e+12 4.88172e+12 
0.164 0.188537 -3.11146 -0.869622 -2.50115 -2.38854 2.41134e+07 1.6586e+14 0.000381133 0.00197986 1.47247e-15 5.26121e-08 239337 0 0 3.52456e-10 0 0 0.0125936 0 0 0 0 0 0 4.88189e+12 4.88189e+12 4.88189e+12 4.88189e+12 
0.1645 0.200504 -3.0995 -0.857653 -2.48918 -2.4005 2.41147e+07 1.65852e+14 0.000381149 0.00197991 1.4726e-15 5.26111e-08 239341 0 0 3.52495e-10 0 0 0.0125936 0 0 0 0 0 0 4.88206e+12 4.88206e+12 4.88206e+12 4.88206e+12 
0.165 0.212471 -3.08753 -0.845685 -2.47721 -2.41247 2.41159e+07 1.65845e+14 0.000381164 0.00197996 1.47274e-15 5.26102e-08 239345 0 0 3.52534e-10 0 0 0.0125936 0 0 0 0 0 0 4.88224e+12 4.88224e+12 4.88224e+12 4.88224e+12 
0.1655 0.224438 -3.07556 -0.833716 -2.46524 -2.42444 2.41171e+07 1.65838e+14 0.00038118 0.00198002 1.47288e-15 5.26092e-08 239350 0 0 3.52573e-10 0 0 0.0125936 0 0 0 0 0 0 4.88241e+12 4.88241e+12 4.88241e+12 4.88241e+12 
0.166 0.236406 -3.06359 -0.821747 -2.45327 -2.43641 2.41184e+07 1.6583e+14 0.000381196 0.00198007 1.47301e-15 5.26083e-08 239354 0 0 3.52612e-10 0 0 0.0125936 0 0 0 0 0 0 4.88259e+12 4.88259e+12 4.88259e+12 4.88259e+12 
0.1665 0.248374 -3.05163 -0.809778 -2.4413 -2.44837 2.41196e+07 1.65823e+14 0.000381212 0.00198012 1.47315e-15 5.26074e-08 239358 0 0 3.52651e-10 0 0 0.0125936 0 0 0 0 0 0 4.88276e+12 4.88276e+12 4.88276e+12 4.88276e+12 
0.167 0.260342 -3.03966 -0.797809 -2.42933 -2.46034 2.41208e+07 1.65816e+14 0.000381228 0.00198017 1.47329e-15 5.26064e-08 239363 0 0 3.5269e-10 0 0 0.0125936 0 0 0 0 0 0 4.88293e+12 4.88293e+12 4.88293e+12 4.88293e+12 
0.1675 0.27231 -3.02769 -0.785839 -2.41736 -2.47231 2.41221e+07 1.65808e+14 0.000381244 0.00198022 1.47342e-15 5.26055e-08 239367 0 0 3.52729e-10 0 0 0.0125936 0 0 0 0 0 0 4.88311e+12 4.88311e+12 4.88311e+12 4.88311e+12 
0.168 0.284279 -3.01572 -0.773869 -2.40539 -2.48428 2.41233e+07 1.65801e+14 0.00038126 0.00198027 1.47356e-15 5.26045e-08 239371 0 0 3.52768e-10 0 0 0.0125936 0 0 0 0 0 0 4.88328e+12 4.88328e+12 4.88328e+12 4.88328e+12 
0.1685 0.296247 -3.00375 -0.761899 -2.39342 -2.49625 2.41245e+07 1.65794e+14 0.000381276 0.00198033 1.4737e-15 5.26036e-08 239375 0 0 3.52807e-10 0 0 0.0125936 0 0 0 0 0 0 4.88346e+12 4.88346e+12 4.88346e+12 4.88346e+12 
0.169 0.308216 -2.99178 -0.749929 -2.38145 -2.50822 2.41257e+07 1.65787e+14 0.000381292 0.00198038 1.47383e-15 5.26026e-08 239380 0 0 3.52846e-10 0 0 0.0125936 0 0 0 0 0 0 4.88363e+12 4.88363e+12 4.88363e+12 4.88363e+12 
0.1695 0.320185 -2.97981 -0.737959 -2.36948 -2.52019 2.4127e+07 1.65779e+14 0.000381308 0.00198043 1.47397e-15 5.26017e-08 239384 0 0 3.52885e-10 0 0 0.0125936 0 0 0 0 0 0 4.8838e+12 4.8838e+12 4.8838e+12 4.8838e+12 
0.17 0.332155 -2.96785 -0.725988 -2.35751 -2.53215 2.41282e+07 1.65772e+14 0.000381324 0.00198048 1.47411e-15 5.26008e-08 239388 0 0 3.52924e-10 0 0 0.0125936 0 0 0 0 0 0 4.88398e+12 4.88398e+12 4.88398e+12 4.88398e+12 
0.1705 0.344124 -2.95588 -0.714017 -2.34554 -2.54412 2.41294e+07 1.65765e+14 0.000381339 0.00198053 1.47424e-15 5.25998e-08 239393 0 0 3.52963e-10 0 0 0.0125936 0 0 0 0 0 0 4.88415e+12 4.88415e+12 4.88415e+12 4.88415e+12 
0.171 0.356094 -2.94391 -0.702046 -2.33357 -2.55609 2.41307e+07 1.65757e+14 0.000381355 0.00198058 1.47438e-15 5.25989e-08 239397 0 0 3.53002e-10 0 0 0.0125936 0 0 0 0 0 0 4.88432e+12 4.88432e+12 4.88432e+12 4.88432e+12 
0.1715 0.368064 -2.93194 -0.690075 -2.3216 -2.56806 2.41319e+07 1.6575e+14 0.000381371 0.00198064 1.47452e-15 5.25979e-08 239401 0 0 3.53041e-10 0 0 0.0125936 0 0 0 0 0 0 4.8845e+12 4.8845e+12 4.8845e+12 4.8845e+12 
0.172 0.380034 -2.91997 -0.678103 -2.30963 -2.58003 2.41331e+07 1.65743e+14 0.000381387 0.00198069 1.47465e-15 5.2597e-08 239405 0 0 3.5308e-10 0 0 0.0125936 0 0 0 0 0 0 4.88467e+12 4.88467e+12 4.88467e+12 4.88467e+12 
0.1725 0.392004 -2.908 -0.666131 -2.29766 -2.592 2.41344e+07 1.65735e+14 0.000381403 0.00198074 1.47479e-15 5.25961e-08 239410 0 0 3.53119e-10 0 0 0.0125936 0 0 0 0 0 0 4.88485e+12 4.88485e+12 4.88485e+12 4.88485e+12 
0.173 0.403975 -2.89603 -0.65416 -2.28568 -2.60397 2.41356e+07 1.65728e+14 0.000381419 0.00198079 1.47493e-15 5.25951e-08 239414 0 0 3.53158e-10 0 0 0.0125936 0 0 0 0 0 0 4.88502e+12 4.88502e+12 4.88502e+12 4.88502e+12 
0.1735 0.415946 -2.88405 -0.642187 -2.27371 -2.61595 2.41368e+07 1.65721e+14 0.000381435 0.00198084 1.47506e-15 5.25942e-08 239418 0 0 3.53197e-10 0 0 0.0125936 0 0 0 0 0 0 4.88519e+12 4.88519e+12 4.88519e+12 4.88519e+12 
0.174 0.427917 -2.87208 -0.630215 -2.26174 -2.62792 2.4138e+07 1.65714e+14 0.000381451 0.0019809 1.4752e-15 5.25932e-08 239423 0 0 3.53236e-10 0 0 0.0125936 0 0 0 0 0 0 4.88537e+12 4.88537e+12 4.88537e+12 4.88537e+12 
0.1745 0.439888 -2.86011 -0.618242 -2.24977 -2.63989 2.41393e+07 1.65706e+14 0.000381467 0.00198095 1.47534e-15 5.25923e-08 239427 0 0 3.53275e-10 0 0 0.0125936 0 0 0 0 0 0 4.88554e+12 4.88554e+12 4.88554e+12 4.88554e+12 
0.175 0.451859 -2.84814 -0.60627 -2.23779 -2.65186 2.41405e+07 1.65699e+14 0.000381483 0.001981 1.47547e-15 5.25914e-08 239431 0 0 3.53314e-10 0 0 0.0125936 0 0 0 0 0 0 4.88571e+12 4.88571e+12 4.88571e+12 4.88571e+12 
0.1755 0.463831 -2.83617 -0.594297 -2.22582 -2.66383 2.41417e+07 1.65692e+14 0.000381499 0.00198105 1.47561e-15 5.25904e-08 239435 0 0 3.53353e-10 0 0 0.0125936 0 0 0 0 0 0 4.88589e+12 4.88589e+12 4.88589e+12 4.88589e+12 
0.176 0.475803 -2.8242 -0.582323 -2.21385 -2.6758 2.4143e+07 1.65684e+14 0.000381514 0.0019811 1.47575e-15 5.25895e-08 239440 0 0 3.53392e-10 0 0 0.0125936 0 0 0 0 0 0 4.88606e+12 4.88606e+12 4.88606e+12 4.88606e+12 
0.1765 0.487775 -2.81222 -0.57035 -2.20187 -2.68778 2.41442e+07 1.65677e+14 0.00038153 0.00198115 1.47588e-15 5.25885e-08 239444 0 0 3.53431e-10 0 0 0.0125936 0 0 0 0 0 0 4.88624e+12 4.88624e+12 4.88624e+12 4.88624e+12 
0.177 0.499747 -2.80025 -0.558376 -2.1899 -2.69975 2.41454e+07 1.6567e+14 0.000381546 0.00198121 1.47602e-15 5.25876e-08 239448 0 0 3.5347e-10 0 0 0.0125936 0 0 0 0 0 0 4.88641e+12 4.88641e+12 4.88641e+12 4.88641e+12 
0.1775 0.51172 -2.78828 -0.546402 -2.17792 -2.71172 2.41467e+07 1.65663e+14 0.000381562 0.00198126 1.47616e-15 5.25867e-08 239453 0 0 3.53509e-10 0 0 0.0125936 0 0 0 0 0 0 4.88658e+12 4.88658e+12 4.88658e+12 4.88658e+12 
0.178 0.523693 -2.77631 -0.534428 -2.16595 -2.72369 2.41479e+07 1.65655e+14 0.000381578 0.00198131 1.47629e-15 5.25857e-08 239457 0 0 3.53548e-10 0 0 0.0125936 0 0 0 0 0 0 4.88676e+12 4.88676e+12 4.88676e+12 4.88676e+12 
0.1785 0.535666 -2.76433 -0.522454 -2.15398 -2.73567 2.41491e+07 1.65648e+14 0.000381594 0.00198136 1.47643e-15 5.25848e-08 239461 0 0 3.53587e-10 0 0 0.0125936 0 0 0 0 0 0 4.88693e+12 4.88693e+12 4.88693e+12 4.88693e+12 
0.179 0.547639 -2.75236 -0.51048 -2.142 -2.74764 2.41503e+07 1.65641e+14 0.00038161 0.00198141 1.47657e-15 5.25838e-08 239465 0 0 3.53626e-10 0 0 0.0125936 0 0 0 0 0 0 4.8871e+12 4.8871e+12 4.8871e+12 4.8871e+12 
0.1795 0.559612 -2.74039 -0.498505 -2.13003 -2.75961 2.41516e+07 1.65633e+14 0.000381626 0.00198146 1.4767e-15 5.25829e-08 239470 0 0 3.53665e-10 0 0 0.0125936 0 0 0 0 0 0 4.88728e+12 4.88728e+12 4.88728e+12 4.88728e+12 
0.18 0.571586 -2.72841 -0.48653 -2.11805 -2.77159 2.41528e+07 1.65626e+14 0.000381642 0.00198152 1.47684e-15 5.2582e-08 239474 0 0 3.53704e-10 0 0 0.0125936 0 0 0 0 0 0 4.88745e+12 4.88745e+12 4.88745e+12 4.88745e+12 
0.1805 0.583559 -2.71644 -0.474555 -2.10608 -2.78356 2.4154e+07 1.65619e+14 0.000381658 0.00198157 1.47698e-15 5.2581e-08 239478 0 0 3.53743e-10 0 0 0.0125936 0 0 0 0 0 0 4.88762e+12 4.88762e+12 4.88762e+12 4.88762e+12 
0.181 0.595533 -2.70447 -0.462579 -2.0941 -2.79553 2.41553e+07 1.65612e+14 0.000381673 0.00198162 1.47711e-15 5.25801e-08 239483 0 0 3.53783e-10 0 0 0.0125936 0 0 0 0 0 0 4.8878e+12 4.8878e+12 4.8878e+12 4.8878e+12 
0.1815 0.607508 -2.69249 -0.450604 -2.08212 -2.80751 2.41565e+07 1.65604e+14 0.000381689 0.00198167 1.47725e-15 5.25791e-08 239487 0 0 3.53822e-10 0 0 0.0125936 0 0 0 0 0 0 4.88797e+12 4.88797e+12 4.88797e+12 4.88797e+12 
0.182 0.619482 -2.68052 -0.438628 -2.07015 -2.81948 2.41577e+07 1.65597e+14 0.000381705 0.00198172 1.47739e-15 5.25782e-08 239491 0 0 3.53861e-10 0 0 0.0125936 0 0 0 0 0 0 4.88814e+12 4.88814e+12 4.88814e+12 4.88814e+12 
0.1825 0.631457 -2.66854 -0.426652 -2.05817 -2.83146 2.41589e+07 1.6559e+14 0.000381721 0.00198177 1.47752e-15 5.25773e-08 239495 0 0 3.539e-10 0 0 0.0125936 0 0 0 0 0 0 4.88832e+12 4.88832e+12 4.88832e+12 4.88832e+12 
0.183 0.643432 -2.65657 -0.414676 -2.0462 -2.84343 2.41602e+07 1.65582e+14 0.000381737 0.00198183 1.47766e-15 5.25763e-08 239500 0 0 3.53939e-10 0 0 0.0125936 0 0 0 0 0 0 4.88849e+12 4.88849e+12 4.88849e+12 4.88849e+12 
0.1835 0.655407 -2.64459 -0.402699 -2.03422 -2.85541 2.41614e+07 1.65575e+14 0.000381753 0.00198188 1.4778e-15 5.25754e-08 239504 0 0 3.53978e-10 0 0 0.0125936 0 0 0 0 0 0 4.88866e+12 4.88866e+12 4.88866e+12 4.88866e+12 
0.184 0.667382 -2.63262 -0.390723 -2.02224 -2.86738 2.41626e+07 1.65568e+14 0.000381769 0.00198193 1.47793e-15 5.25744e-08 239508 0 0 3.54017e-10 0 0 0.0125936 0 0 0 0 0 0 4.88884e+12 4.88884e+12 4.88884e+12 4.88884e+12 
0.1845 0.679358 -2.62064 -0.378746 -2.01027 -2.87936 2.41638e+07 1.65561e+14 0.000381785 0.00198198 1.47807e-15 5.25735e-08 239512 0 0 3.54056e-10 0 0 0.0125936 0 0 0 0 0 0 4.88901e+12 4.88901e+12 4.88901e+12 4.88901e+12 
0.185 0.691333 -2.60867 -0.366769 -1.99829 -2.89133 2.41651e+07 1.65553e+14 0.000381801 0.00198203 1.47821e-15 5.25725e-08 239517 0 0 3.54095e-10 0 0 0.0125936 0 0 0 0 0 0 4.88918e+12 4.88918e+12 4.88918e+12 4.88918e+12 
0.1855 0.703309 -2.59669 -0.354792 -1.98631 -2.90331 2.41663e+07 1.65546e+14 0.000381817 0.00198208 1.47834e-15 5.25716e-08 239521 0 0 3.54134e-10 0 0 0.0125936 0 0 0 0 0 0 4.88935e+12 4.88935e+12 4.88935e+12 4.88935e+12 
0.186 0.715285 -2.58471 -0.342814 -1.97433 -2.91529 2.41675e+07 1.65539e+14 0.000381833 0.00198214 1.47848e-15 5.25706e-08 239525 0 0 3.54173e-10 0 0 0.0125936 0 0 0 0 0 0 4.88952e+12 4.88952e+12 4.88952e+12 4.88952e+12 
0.1865 0.727262 -2.57274 -0.330836 -1.96235 -2.92726 2.41688e+07 1.65531e+14 0.000381848 0.00198219 1.47862e-15 5.25696e-08 239530 0 0 3.54212e-10 0 0 0.0125936 0 0 0 0 0 0 4.88969e+12 4.88969e+12 4.88969e+12 4.88969e+12 
0.187 0.739238 -2.56076 -0.318858 -1.95038 -2.93924 2.417e+07 1.65524e+14 0.000381864 0.00198224 1.47875e-15 5.25686e-08 239534 0 0 3.54251e-10 0 0 0.0125936 0 0 0 0 0 0 4.88986e+12 4.88986e+12 4.88986e+12 4.88986e+12 
0.1875 0.751215 -2.54878 -0.30688 -1.9384 -2.95122 2.41712e+07 1.65516e+14 0.00038188 0.00198229 1.47889e-15 5.25675e-08 239538 0 0 3.5429e-10 0 0 0.0125936 0 0 0 0 0 0 4.89002e+12 4.89002e+12 4.89002e+12 4.89002e+12 
0.188 0.763192 -2.53681 -0.294902 -1.92642 -2.96319 2.41724e+07 1.65508e+14 0.000381896 0.00198234 1.47903e-15 5.25664e-08 239542 0 0 3.54329e-10 0 0 0.0125936 0 0 0 0 0 0 4.89018e+12 4.89018e+12 4.89018e+12 4.89018e+12 
0.1885 0.775169 -2.52483 -0.282923 -1.91444 -2.97517 2.41737e+07 1.655e+14 0.000381912 0.00198239 1.47916e-15 5.25652e-08 239547 0 0 3.54369e-10 0 0 0.0125936 0 0 0 0 0 0 4.89033e+12 4.89033e+12 4.89033e+12 4.89033e+12 
0.189 0.787147 -2.51285 -0.270945 -1.90246 -2.98715 2.41749e+07 1.65492e+14 0.000381928 0.00198244 1.4793e-15 5.25638e-08 239551 0 0 3.54408e-10 0 0 0.0125936 0 0 0 0 0 0 4.89046e+12 4.89046e+12 4.89046e+12 4.89046e+12 
0.1895 0.799125 -2.50088 -0.258966 -1.89048 -2.99912 2.41761e+07 1.65483e+14 0.000381944 0.00198248 1.47944e-15 5.25621e-08 239555 0 0 3.54447e-10 0 0 0.0125936 0 0 0 0 0 0 4.89056e+12 4.89056e+12 4.89056e+12 4.89056e+12 
0.19 0.811102 -2.4889 -0.246986 -1.8785 -3.0111 2.41773e+07 1.65473e+14 0.00038196 0.00198252 1.47957e-15 5.25599e-08 239560 0 0 3.54486e-10 0 0 0.0125936 0 0 0 0 0 0 4.89063e+12 4.89063e+12 4.89063e+12 4.89063e+12 
0.1905 0.823081 -2.47692 -0.235007 -1.86652 -3.02308 2.41786e+07 1.65461e+14 0.000381976 0.00198255 1.47971e-15 5.2557e-08 239564 0 0 3.54525e-10 0 0 0.0125936 0 0 0 0 0 0 4.89063e+12 4.89063e+12 4.89063e+12 4.89063e+12 
0.191 0.835059 -2.46494 -0.223027 -1.85454 -3.03506 2.41798e+07 1.65446e+14 0.000381992 0.00198258 1.47985e-15 5.2553e-08 239568 0 0 3.54564e-10 0 0 0.0125936 0 0 0 0 0 0 4.89052e+12 4.89052e+12 4.89052e+12 4.89052e+12 
0.1915 0.847037 -2.45296 -0.211047 -1.84256 -3.04704 2.4181e+07 1.65427e+14 0.000382008 0.00198258 1.47998e-15 5.25471e-08 239572 0 0 3.54603e-10 0 0 0.0125936 0 0 0 0 0 0 4.89026e+12 4.89026e+12 4.89026e+12 4.89026e+12 
0.192 0.859016 -2.44098 -0.199067 -1.83057 -3.05902 2.41823e+07 1.65402e+14 0.000382023 0.00198256 1.48012e-15 5.25383e-08 239577 0 0 3.54642e-10 0 0 0.0125936 0 0 0 0 0 0 4.88973e+12 4.88973e+12 4.88973e+12 4.88973e+12 
0.1925 0.870995 -2.42901 -0.187087 -1.81859 -3.07099 2.41835e+07 1.65365e+14 0.000382039 0.00198249 1.48026e-15 5.25249e-08 239581 0 0 3.54681e-10 0 0 0.0125936 0 0 0 0 0 0 4.88878e+12 4.88878e+12 4.88878e+12 4.88878e+12 
0.193 0.882974 -2.41703 -0.175107 -1.8066 -3.08297 2.41847e+07 1.65311e+14 0.000382055 0.00198235 1.48039e-15 5.2504e-08 239585 0 0 3.5472e-10 0 0 0.0125936 0 0 0 0 0 0 4.88717e+12 4.88717e+12 4.88717e+12 4.88717e+12 
0.1935 0.894954 -2.40505 -0.163126 -1.7946 -3.09495 2.41859e+07 1.65228e+14 0.000382071 0.0019821 1.48053e-15 5.24712e-08 239589 0 0 3.54759e-10 0 0 0.0125936 0 0 0 0 0 0 4.8845e+12 4.8845e+12 4.8845e+12 4.8845e+12 
0.194 0.906933 -2.39307 -0.151145 -1.78259 -3.10693 2.41872e+07 1.65102e+14 0.000382087 0.00198167 1.48067e-15 5.24196e-08 239594 0 0 3.54798e-10 0 0 0.0125936 0 0 0 0 0 0 4.88015e+12 4.88015e+12 4.88015e+12 4.88015e+12 
0.1945 0.918913 -2.38109 -0.139164 -1.77057 -3.11891 2.41884e+07 1.64904e+14 0.000382103 0.00198096 1.4808e-15 5.23379e-08 239598 0 0 3.54837e-10 0 0 0.0125936 0 0 0 0 0 0 4.87311e+12 4.87311e+12 4.87311e+12 4.87311e+12 
0.195 0.930893 -2.36911 -0.127183 -1.75852 -3.13089 2.41896e+07 1.64593e+14 0.000382119 0.00197978 1.48094e-15 5.22082e-08 239602 0 0 3.54876e-10 0 0 0.0125936 0 0 0 0 0 0 4.86178e+12 4.86178e+12 4.86178e+12 4.86178e+12 
0.1955 0.942873 -2.35713 -0.115201 -1.74644 -3.14287 2.41908e+07 1.64101e+14 0.000382135 0.00197788 1.48108e-15 5.20021e-08 239607 0 0 3.54915e-10 0 0 0.0125936 0 0 0 0 0 0 4.84362e+12 4.84362e+12 4.84362e+12 4.84362e+12 
0.196 0.954854 -2.34515 -0.103219 -1.73429 -3.15485 2.4192e+07 1.6332e+14 0.00038215 0.0019748 1.48121e-15 5.16743e-08 239611 0 0 3.54953e-10 0 0 0.0125936 0 0 0 0 0 0 4.81457e+12 4.81457e+12 4.81457e+12 4.81457e+12 
0.1965 0.966834 -2.33317 -0.0912372 -1.72205 -3.16683 2.41933e+07 1.62078e+14 0.000382166 0.00196984 1.48135e-15 5.11523e-08 239615 0 0 3.54992e-10 0 0 0.0125936 0 0 0 0 0 0 4.76815e+12 4.76815e+12 4.76815e+12 4.76815e+12 
0.197 0.978815 -2.32118 -0.0792551 -1.70963 -3.17882 2.41945e+07 1.60094e+14 0.000382181 0.00196184 1.48148e-15 5.03209e-08 239619 0 0 3.5503e-10 0 0 0.0125936 0 0 0 0 0 0 4.69403e+12 4.69403e+12 4.69403e+12 4.69403e+12 
0.1975 0.990796 -2.3092 -0.0672727 -1.69695 -3.1908 2.41956e+07 1.56917e+14 0.000382197 0.00194887 1.48161e-15 4.89964e-08 239623 0 0 3.55067e-10 0 0 0.0125936 0 0 0 0 0 0 4.57569e+12 4.57569e+12 4.57569e+12 4.57569e+12 
0.198 1.00278 -2.29722 -0.0552902 -1.68382 -3.20278 2.41968e+07 1.51808e+14 0.000382204 0.00192767 1.48171e-15 4.68853e-08 239625 0 0 3.55085e-10 0 0 0.0125936 0 0 0 0 0 0 4.38666e+12 4.38666e+12 4.38666e+12 4.38666e+12 
0.198 1.00278 -2.29722 -0.0552902 -1.68382 -3.20278 2.41968e+07 1.51808e+14 0.000382217 0.00192773 1.48176e-15 4.68869e-08 239629 0 0 3.55117e-10 0 0 0.0125936 0 0 0 0 0 0 4.38681e+12 4.38681e+12 4.38681e+12 4.38681e+12 
0.198409 1.01259 -2.28741 -0.0454794 -1.67251 -3.21259 2.41977e+07 1.45393e+14 0.000382223 0.0019006 1.48184e-15 4.42735e-08 239630 0 0 3.5513e-10 0 0 0.0125936 0 0 0 0 0 0 4.15225e+12 4.15225e+12 4.15225e+12 4.15225e+12 
0.198752 1.02079 -2.27921 -0.0372751 -1.66242 -3.22079 2.41985e+07 1.37702e+14 0.000382232 0.00186731 1.48192e-15 4.11973e-08 239633 0 0 3.55152e-10 0 0 0.0125936 0 0 0 0 0 0 3.87541e+12 3.87541e+12 3.87541e+12 3.87541e+12 
0.199038 1.02765 -2.27235 -0.0304142 -1.65329 -3.22765 2.41991e+07 1.2895e+14 0.00038224 0.0018283 1.48199e-15 3.77729e-08 239635 0 0 3.55169e-10 0 0 0.0125935 0 0 0 0 0 0 3.56626e+12 3.56626e+12 3.56626e+12 3.56626e+12 
0.199277 1.03339 -2.26661 -0.0246768 -1.6449 -3.23339 2.41996e+07 1.19408e+14 0.000382245 0.00178426 1.48204e-15 3.41352e-08 239636 0 0 3.55182e-10 0 0 0.0125934 0 0 0 0 0 0 3.23664e+12 3.23664e+12 3.23664e+12 3.23664e+12 
0.199478 1.03819 -2.26181 -0.0198788 -1.63709 -3.23819 2.41999e+07 1.09367e+14 0.00038225 0.001736 1.48208e-15 3.04191e-08 239638 0 0 3.55192e-10 0 0 0.0125932 0 0 0 0 0 0 2.89849e+12 2.89849e+12 2.89849e+12 2.89849e+12 
0.199645 1.0422 -2.2578 -0.0158665 -1.62972 -3.2422 2.42002e+07 9.91065e+13 0.000382253 0.00168434 1.48211e-15 2.67449e-08 239638 0 0 3.55199e-10 0 0 0.0125928 0 0 0 0 0 0 2.56253e+12 2.56253e+12 2.56253e+12 2.56253e+12 
0.199785 1.04555 -2.25445 -0.0125112 -1.62266 -3.24555 2.42005e+07 8.88716e+13 0.000382256 0.00163005 1.48214e-15 2.32099e-08 239639 0 0 3.55205e-10 0 0 0.0125923 0 0 0 0 0 0 2.23756e+12 2.23756e+12 2.23756e+12 2.23756e+12 
0.199902 1.04836 -2.25164 -0.00970537 -1.61582 -3.24836 2.42007e+07 7.88648e+13 0.000382258 0.0015738 1.48216e-15 1.98858e-08 239640 0 0 3.55209e-10 0 0 0.0125914 0 0 0 0 0 0 1.93013e+12 1.93013e+12 1.93013e+12 1.93013e+12 
0.2 1.0507 -2.2493 -0.00735897 -1.6091 -3.2507 2.42008e+07 6.92409e+13 0.000382259 0.00151611 1.48217e-15 1.68191e-08 239640 0 0 3.5521e-10 0 0 0.0125909 0 0 0 0 0 0 1.64462e+12 1.64462e+12 1.64462e+12 1.64462e+12 