# ASCII 1D datafile generated by TiberCAD
# x Ec Ev eQFermi hQFermi ElPotential eDensity hDensity eMobility hMobility eConductivity hConductivity ElField_x ElField_y ElField_z eCurrentDensity_x eCurrentDensity_y eCurrentDensity_z hCurrentDensity_x hCurrentDensity_y hCurrentDensity_z IonizedDonors IonizedAcceptors IonizedElectronTraps IonizedHoleTraps eNetRecombination eLangevinRecombination hNetRecombination hLangevinRecombination 
0 -4.475 -7.775 -5.61 -7.11533 2.275 9.25837e+06 2.74214e+14 0.000139099 0.000488011 2.06334e-16 2.14402e-08 276976 0 0 2.10597e-10 0 0 0.00593895 0 0 0 0 0 0 8.23116e+11 8.23116e+11 8.23116e+11 8.23116e+11 
9.79066e-05 -4.47229 -7.77229 -5.60117 -7.11262 2.27229 1.16906e+07 2.74212e+14 0.000139397 0.000488011 2.61097e-16 2.144e-08 276977 0 0 2.10599e-10 0 0 0.00593895 0 0 0 0 0 0 1.03984e+12 1.03984e+12 1.03984e+12 1.03984e+12 
0.000214985 -4.46905 -7.76905 -5.59268 -7.10937 2.26905 1.42831e+07 2.74209e+14 0.000139665 0.000488013 3.19608e-16 2.14399e-08 276978 0 0 2.10602e-10 0 0 0.00593895 0 0 0 0 0 0 1.27096e+12 1.27096e+12 1.27096e+12 1.27096e+12 
0.000354988 -4.46517 -7.76517 -5.58426 -7.1055 2.26517 1.69849e+07 2.74206e+14 0.000139905 0.000488015 3.80722e-16 2.14398e-08 276980 0 0 2.10605e-10 0 0 0.00593895 0 0 0 0 0 0 1.51195e+12 1.51195e+12 1.51195e+12 1.51195e+12 
0.000522406 -4.46053 -7.76053 -5.5757 -7.10086 2.26053 1.97268e+07 2.74202e+14 0.00014012 0.000488017 4.42862e-16 2.14396e-08 276983 0 0 2.1061e-10 0 0 0.00593895 0 0 0 0 0 0 1.75661e+12 1.75661e+12 1.75661e+12 1.75661e+12 
0.000722606 -4.45499 -7.75499 -5.56679 -7.09531 2.25499 2.24223e+07 2.74198e+14 0.00014031 0.00048802 5.04057e-16 2.14394e-08 276986 0 0 2.10616e-10 0 0 0.00593895 0 0 0 0 0 0 1.99722e+12 1.99722e+12 1.99722e+12 1.99722e+12 
0.000962009 -4.44835 -7.74835 -5.55733 -7.08868 2.24835 2.49734e+07 2.74193e+14 0.000140474 0.000488023 5.62061e-16 2.14391e-08 276989 0 0 2.10624e-10 0 0 0.00593895 0 0 0 0 0 0 2.225e+12 2.225e+12 2.225e+12 2.225e+12 
0.00124829 -4.44042 -7.74042 -5.54708 -7.08075 2.24042 2.72804e+07 2.74186e+14 0.000140612 0.000488027 6.14588e-16 2.14388e-08 276993 0 0 2.10635e-10 0 0 0.00593895 0 0 0 0 0 0 2.43104e+12 2.43104e+12 2.43104e+12 2.43104e+12 
0.00159063 -4.43094 -7.73094 -5.53577 -7.07127 2.23094 2.92562e+07 2.74179e+14 0.000140724 0.000488032 6.59621e-16 2.14384e-08 276998 0 0 2.10649e-10 0 0 0.00593895 0 0 0 0 0 0 2.60752e+12 2.60752e+12 2.60752e+12 2.60752e+12 
0.002 -4.4196 -7.7196 -5.52304 -7.05993 2.2196 3.0841e+07 2.7417e+14 0.000140808 0.000488033 6.95772e-16 2.14377e-08 277001 0 0 2.10657e-10 0 0 0.00593895 0 0 0 0 0 0 2.74905e+12 2.74905e+12 2.74905e+12 2.74905e+12 
0.002 -4.4196 -7.7196 -5.52304 -7.05993 2.2196 3.0841e+07 2.7417e+14 0.000140811 0.000488043 6.95787e-16 2.14382e-08 277007 0 0 2.10677e-10 0 0 0.00593895 0 0 0 0 0 0 2.74911e+12 2.74911e+12 2.74911e+12 2.74911e+12 
0.0025 -4.40575 -7.70575 -5.50819 -7.04607 2.20575 3.20357e+07 2.74159e+14 0.000140874 0.000488044 7.23061e-16 2.14374e-08 277011 0 0 2.10689e-10 0 0 0.00593895 0 0 0 0 0 0 2.85578e+12 2.85578e+12 2.85578e+12 2.85578e+12 
0.003 -4.3919 -7.6919 -5.49378 -7.03222 2.1919 3.2728e+07 2.74148e+14 0.000140912 0.000488051 7.38885e-16 2.14369e-08 277018 0 0 2.10712e-10 0 0 0.00593895 0 0 0 0 0 0 2.91758e+12 2.91758e+12 2.91758e+12 2.91758e+12 
0.0035 -4.37805 -7.67805 -5.47961 -7.01837 2.17805 3.31296e+07 2.74137e+14 0.000140935 0.000488058 7.48074e-16 2.14363e-08 277025 0 0 2.10735e-10 0 0 0.00593895 0 0 0 0 0 0 2.95341e+12 2.95341e+12 2.95341e+12 2.95341e+12 
0.004 -4.3642 -7.6642 -5.46557 -7.00452 2.1642 3.3363e+07 2.74126e+14 0.00014095 0.000488065 7.53423e-16 2.14358e-08 277032 0 0 2.10759e-10 0 0 0.00593895 0 0 0 0 0 0 2.9742e+12 2.9742e+12 2.9742e+12 2.9742e+12 
0.0045 -4.35035 -7.65035 -5.45161 -6.99066 2.15035 3.34989e+07 2.74115e+14 0.00014096 0.000488072 7.56547e-16 2.14352e-08 277039 0 0 2.10783e-10 0 0 0.00593895 0 0 0 0 0 0 2.98628e+12 2.98628e+12 2.98628e+12 2.98628e+12 
0.005 -4.33649 -7.63649 -5.4377 -6.97681 2.13649 3.35785e+07 2.74104e+14 0.000140967 0.000488079 7.58384e-16 2.14347e-08 277046 0 0 2.10807e-10 0 0 0.00593895 0 0 0 0 0 0 2.99332e+12 2.99332e+12 2.99332e+12 2.99332e+12 
0.0055 -4.32264 -7.62264 -5.42381 -6.96296 2.12264 3.36255e+07 2.74093e+14 0.000140973 0.000488086 7.59475e-16 2.14341e-08 277053 0 0 2.10831e-10 0 0 0.00593895 0 0 0 0 0 0 2.99745e+12 2.99745e+12 2.99745e+12 2.99745e+12 
0.006 -4.30879 -7.60879 -5.40994 -6.9491 2.10879 3.36536e+07 2.74083e+14 0.000140977 0.000488093 7.60135e-16 2.14336e-08 277060 0 0 2.10855e-10 0 0 0.00593895 0 0 0 0 0 0 2.99989e+12 2.99989e+12 2.99989e+12 2.99989e+12 
0.0065 -4.29494 -7.59494 -5.39607 -6.93525 2.09494 3.36707e+07 2.74072e+14 0.000140982 0.0004881 7.60546e-16 2.1433e-08 277067 0 0 2.10879e-10 0 0 0.00593895 0 0 0 0 0 0 3.00135e+12 3.00135e+12 3.00135e+12 3.00135e+12 
0.007 -4.28108 -7.58108 -5.38221 -6.92139 2.08108 3.36816e+07 2.74061e+14 0.000140986 0.000488107 7.60812e-16 2.14325e-08 277075 0 0 2.10903e-10 0 0 0.00593895 0 0 0 0 0 0 3.00225e+12 3.00225e+12 3.00225e+12 3.00225e+12 
0.0075 -4.26723 -7.56723 -5.36835 -6.90754 2.06723 3.36887e+07 2.7405e+14 0.000140989 0.000488114 7.60994e-16 2.14319e-08 277082 0 0 2.10927e-10 0 0 0.00593895 0 0 0 0 0 0 3.00282e+12 3.00282e+12 3.00282e+12 3.00282e+12 
0.008 -4.25337 -7.55337 -5.35449 -6.89368 2.05337 3.36938e+07 2.74039e+14 0.000140993 0.000488121 7.61128e-16 2.14314e-08 277089 0 0 2.10951e-10 0 0 0.00593895 0 0 0 0 0 0 3.0032e+12 3.0032e+12 3.0032e+12 3.0032e+12 
0.0085 -4.23952 -7.53952 -5.34063 -6.87983 2.03952 3.36976e+07 2.74028e+14 0.000140997 0.000488128 7.61234e-16 2.14308e-08 277096 0 0 2.10975e-10 0 0 0.00593895 0 0 0 0 0 0 3.00347e+12 3.00347e+12 3.00347e+12 3.00347e+12 
0.009 -4.22566 -7.52566 -5.32677 -6.86597 2.02566 3.37007e+07 2.74017e+14 0.000141 0.000488135 7.61323e-16 2.14303e-08 277103 0 0 2.10999e-10 0 0 0.00593895 0 0 0 0 0 0 3.00368e+12 3.00368e+12 3.00368e+12 3.00368e+12 
0.0095 -4.21181 -7.51181 -5.31292 -6.85211 2.01181 3.37034e+07 2.74006e+14 0.000141004 0.000488142 7.61403e-16 2.14297e-08 277110 0 0 2.11023e-10 0 0 0.00593895 0 0 0 0 0 0 3.00385e+12 3.00385e+12 3.00385e+12 3.00385e+12 
0.01 -4.19795 -7.49795 -5.29906 -6.83826 1.99795 3.37059e+07 2.73995e+14 0.000141007 0.000488149 7.61478e-16 2.14292e-08 277117 0 0 2.11047e-10 0 0 0.00593895 0 0 0 0 0 0 3.004e+12 3.004e+12 3.004e+12 3.004e+12 
0.0105 -4.1841 -7.4841 -5.2852 -6.8244 1.9841 3.37082e+07 2.73984e+14 0.000141011 0.000488156 7.6155e-16 2.14286e-08 277124 0 0 2.11071e-10 0 0 0.00593895 0 0 0 0 0 0 3.00414e+12 3.00414e+12 3.00414e+12 3.00414e+12 
0.011 -4.17024 -7.47024 -5.27134 -6.81054 1.97024 3.37104e+07 2.73973e+14 0.000141014 0.000488163 7.61619e-16 2.14281e-08 277131 0 0 2.11095e-10 0 0 0.00593895 0 0 0 0 0 0 3.00427e+12 3.00427e+12 3.00427e+12 3.00427e+12 
0.0115 -4.15638 -7.45638 -5.25749 -6.79668 1.95638 3.37126e+07 2.73962e+14 0.000141018 0.00048817 7.61688e-16 2.14275e-08 277138 0 0 2.11119e-10 0 0 0.00593895 0 0 0 0 0 0 3.0044e+12 3.0044e+12 3.0044e+12 3.0044e+12 
0.012 -4.14253 -7.44253 -5.24363 -6.78283 1.94253 3.37148e+07 2.73952e+14 0.000141021 0.000488177 7.61756e-16 2.1427e-08 277145 0 0 2.11143e-10 0 0 0.00593895 0 0 0 0 0 0 3.00452e+12 3.00452e+12 3.00452e+12 3.00452e+12 
0.0125 -4.12867 -7.42867 -5.22977 -6.76897 1.92867 3.37169e+07 2.73941e+14 0.000141025 0.000488184 7.61824e-16 2.14264e-08 277152 0 0 2.11167e-10 0 0 0.00593895 0 0 0 0 0 0 3.00464e+12 3.00464e+12 3.00464e+12 3.00464e+12 
0.013 -4.11481 -7.41481 -5.21591 -6.75511 1.91481 3.37191e+07 2.7393e+14 0.000141029 0.000488191 7.61891e-16 2.14259e-08 277160 0 0 2.11191e-10 0 0 0.00593895 0 0 0 0 0 0 3.00476e+12 3.00476e+12 3.00476e+12 3.00476e+12 
0.0135 -4.10095 -7.40095 -5.20205 -6.74125 1.90095 3.37212e+07 2.73919e+14 0.000141032 0.000488198 7.61959e-16 2.14254e-08 277167 0 0 2.11215e-10 0 0 0.00593895 0 0 0 0 0 0 3.00488e+12 3.00488e+12 3.00488e+12 3.00488e+12 
0.014 -4.0871 -7.3871 -5.18819 -6.72739 1.8871 3.37233e+07 2.73908e+14 0.000141036 0.000488205 7.62026e-16 2.14248e-08 277174 0 0 2.11239e-10 0 0 0.00593895 0 0 0 0 0 0 3.00501e+12 3.00501e+12 3.00501e+12 3.00501e+12 
0.0145 -4.07324 -7.37324 -5.17433 -6.71353 1.87324 3.37255e+07 2.73897e+14 0.000141039 0.000488212 7.62093e-16 2.14243e-08 277181 0 0 2.11263e-10 0 0 0.00593895 0 0 0 0 0 0 3.00513e+12 3.00513e+12 3.00513e+12 3.00513e+12 
0.015 -4.05938 -7.35938 -5.16047 -6.69967 1.85938 3.37276e+07 2.73886e+14 0.000141043 0.000488219 7.62161e-16 2.14237e-08 277188 0 0 2.11287e-10 0 0 0.00593895 0 0 0 0 0 0 3.00525e+12 3.00525e+12 3.00525e+12 3.00525e+12 
0.0155 -4.04552 -7.34552 -5.14661 -6.68581 1.84552 3.37297e+07 2.73875e+14 0.000141046 0.000488226 7.62228e-16 2.14232e-08 277195 0 0 2.11311e-10 0 0 0.00593895 0 0 0 0 0 0 3.00537e+12 3.00537e+12 3.00537e+12 3.00537e+12 
0.016 -4.03166 -7.33166 -5.13274 -6.67195 1.83166 3.37319e+07 2.73864e+14 0.00014105 0.000488233 7.62295e-16 2.14226e-08 277202 0 0 2.11335e-10 0 0 0.00593895 0 0 0 0 0 0 3.00549e+12 3.00549e+12 3.00549e+12 3.00549e+12 
0.0165 -4.0178 -7.3178 -5.11888 -6.65808 1.8178 3.3734e+07 2.73853e+14 0.000141053 0.00048824 7.62362e-16 2.14221e-08 277209 0 0 2.11359e-10 0 0 0.00593895 0 0 0 0 0 0 3.00561e+12 3.00561e+12 3.00561e+12 3.00561e+12 
0.017 -4.00394 -7.30394 -5.10502 -6.64422 1.80394 3.37361e+07 2.73842e+14 0.000141057 0.000488247 7.6243e-16 2.14215e-08 277216 0 0 2.11383e-10 0 0 0.00593895 0 0 0 0 0 0 3.00573e+12 3.00573e+12 3.00573e+12 3.00573e+12 
0.0175 -3.99008 -7.29008 -5.09116 -6.63036 1.79008 3.37383e+07 2.73832e+14 0.00014106 0.000488254 7.62497e-16 2.1421e-08 277223 0 0 2.11407e-10 0 0 0.00593895 0 0 0 0 0 0 3.00585e+12 3.00585e+12 3.00585e+12 3.00585e+12 
0.018 -3.97621 -7.27621 -5.07729 -6.6165 1.77621 3.37404e+07 2.73821e+14 0.000141064 0.000488261 7.62564e-16 2.14204e-08 277230 0 0 2.11431e-10 0 0 0.00593895 0 0 0 0 0 0 3.00597e+12 3.00597e+12 3.00597e+12 3.00597e+12 
0.0185 -3.96235 -7.26235 -5.06343 -6.60263 1.76235 3.37425e+07 2.7381e+14 0.000141067 0.000488268 7.62631e-16 2.14199e-08 277237 0 0 2.11455e-10 0 0 0.00593895 0 0 0 0 0 0 3.00609e+12 3.00609e+12 3.00609e+12 3.00609e+12 
0.019 -3.94849 -7.24849 -5.04957 -6.58877 1.74849 3.37446e+07 2.73799e+14 0.000141071 0.000488274 7.62699e-16 2.14193e-08 277244 0 0 2.11479e-10 0 0 0.00593895 0 0 0 0 0 0 3.00621e+12 3.00621e+12 3.00621e+12 3.00621e+12 
0.0195 -3.93463 -7.23463 -5.0357 -6.57491 1.73463 3.37468e+07 2.73788e+14 0.000141075 0.000488281 7.62766e-16 2.14188e-08 277252 0 0 2.11503e-10 0 0 0.00593895 0 0 0 0 0 0 3.00633e+12 3.00633e+12 3.00633e+12 3.00633e+12 
0.02 -3.92077 -7.22077 -5.02184 -6.56104 1.72077 3.37489e+07 2.73777e+14 0.000141078 0.000488288 7.62833e-16 2.14182e-08 277259 0 0 2.11527e-10 0 0 0.00593895 0 0 0 0 0 0 3.00645e+12 3.00645e+12 3.00645e+12 3.00645e+12 
0.0205 -3.9069 -7.2069 -5.00797 -6.54718 1.7069 3.3751e+07 2.73766e+14 0.000141082 0.000488295 7.62901e-16 2.14177e-08 277266 0 0 2.11551e-10 0 0 0.00593895 0 0 0 0 0 0 3.00657e+12 3.00657e+12 3.00657e+12 3.00657e+12 
0.021 -3.89304 -7.19304 -4.99411 -6.53331 1.69304 3.37532e+07 2.73755e+14 0.000141085 0.000488302 7.62968e-16 2.14171e-08 277273 0 0 2.11575e-10 0 0 0.00593895 0 0 0 0 0 0 3.00669e+12 3.00669e+12 3.00669e+12 3.00669e+12 
0.0215 -3.87918 -7.17918 -4.98024 -6.51945 1.67918 3.37553e+07 2.73744e+14 0.000141089 0.000488309 7.63035e-16 2.14166e-08 277280 0 0 2.116e-10 0 0 0.00593895 0 0 0 0 0 0 3.00681e+12 3.00681e+12 3.00681e+12 3.00681e+12 
0.022 -3.86531 -7.16531 -4.96638 -6.50558 1.66531 3.37574e+07 2.73733e+14 0.000141092 0.000488316 7.63102e-16 2.14161e-08 277287 0 0 2.11624e-10 0 0 0.00593895 0 0 0 0 0 0 3.00693e+12 3.00693e+12 3.00693e+12 3.00693e+12 
0.0225 -3.85145 -7.15145 -4.95251 -6.49172 1.65145 3.37596e+07 2.73723e+14 0.000141096 0.000488323 7.6317e-16 2.14155e-08 277294 0 0 2.11648e-10 0 0 0.00593895 0 0 0 0 0 0 3.00705e+12 3.00705e+12 3.00705e+12 3.00705e+12 
0.023 -3.83758 -7.13758 -4.93864 -6.47785 1.63758 3.37617e+07 2.73712e+14 0.000141099 0.00048833 7.63237e-16 2.1415e-08 277301 0 0 2.11672e-10 0 0 0.00593895 0 0 0 0 0 0 3.00717e+12 3.00717e+12 3.00717e+12 3.00717e+12 
0.0235 -3.82372 -7.12372 -4.92478 -6.46398 1.62372 3.37638e+07 2.73701e+14 0.000141103 0.000488337 7.63304e-16 2.14144e-08 277308 0 0 2.11696e-10 0 0 0.00593895 0 0 0 0 0 0 3.00729e+12 3.00729e+12 3.00729e+12 3.00729e+12 
0.024 -3.80985 -7.10985 -4.91091 -6.45012 1.60985 3.37659e+07 2.7369e+14 0.000141106 0.000488344 7.63371e-16 2.14139e-08 277315 0 0 2.1172e-10 0 0 0.00593895 0 0 0 0 0 0 3.00741e+12 3.00741e+12 3.00741e+12 3.00741e+12 
0.0245 -3.79599 -7.09599 -4.89704 -6.43625 1.59599 3.37681e+07 2.73679e+14 0.00014111 0.000488351 7.63439e-16 2.14133e-08 277322 0 0 2.11744e-10 0 0 0.00593895 0 0 0 0 0 0 3.00753e+12 3.00753e+12 3.00753e+12 3.00753e+12 
0.025 -3.78212 -7.08212 -4.88317 -6.42238 1.58212 3.37702e+07 2.73668e+14 0.000141113 0.000488358 7.63506e-16 2.14128e-08 277329 0 0 2.11768e-10 0 0 0.00593895 0 0 0 0 0 0 3.00765e+12 3.00765e+12 3.00765e+12 3.00765e+12 
0.0255 -3.76825 -7.06825 -4.86931 -6.40852 1.56825 3.37723e+07 2.73657e+14 0.000141117 0.000488365 7.63573e-16 2.14122e-08 277336 0 0 2.11792e-10 0 0 0.00593895 0 0 0 0 0 0 3.00777e+12 3.00777e+12 3.00777e+12 3.00777e+12 
0.026 -3.75439 -7.05439 -4.85544 -6.39465 1.55439 3.37745e+07 2.73646e+14 0.000141121 0.000488372 7.6364e-16 2.14117e-08 277344 0 0 2.11816e-10 0 0 0.00593895 0 0 0 0 0 0 3.00789e+12 3.00789e+12 3.00789e+12 3.00789e+12 
0.0265 -3.74052 -7.04052 -4.84157 -6.38078 1.54052 3.37766e+07 2.73635e+14 0.000141124 0.000488379 7.63708e-16 2.14111e-08 277351 0 0 2.1184e-10 0 0 0.00593895 0 0 0 0 0 0 3.00801e+12 3.00801e+12 3.00801e+12 3.00801e+12 
0.027 -3.72665 -7.02665 -4.8277 -6.36691 1.52665 3.37787e+07 2.73625e+14 0.000141128 0.000488386 7.63775e-16 2.14106e-08 277358 0 0 2.11864e-10 0 0 0.00593895 0 0 0 0 0 0 3.00813e+12 3.00813e+12 3.00813e+12 3.00813e+12 
0.0275 -3.71278 -7.01278 -4.81383 -6.35304 1.51278 3.37808e+07 2.73614e+14 0.000141131 0.000488393 7.63842e-16 2.141e-08 277365 0 0 2.11888e-10 0 0 0.00593895 0 0 0 0 0 0 3.00825e+12 3.00825e+12 3.00825e+12 3.00825e+12 
0.028 -3.69891 -6.99891 -4.79996 -6.33917 1.49891 3.3783e+07 2.73603e+14 0.000141135 0.0004884 7.63909e-16 2.14095e-08 277372 0 0 2.11912e-10 0 0 0.00593895 0 0 0 0 0 0 3.00837e+12 3.00837e+12 3.00837e+12 3.00837e+12 
0.0285 -3.68505 -6.98505 -4.78609 -6.3253 1.48505 3.37851e+07 2.73592e+14 0.000141138 0.000488407 7.63977e-16 2.1409e-08 277379 0 0 2.11936e-10 0 0 0.00593895 0 0 0 0 0 0 3.00849e+12 3.00849e+12 3.00849e+12 3.00849e+12 
0.029 -3.67118 -6.97118 -4.77222 -6.31143 1.47118 3.37872e+07 2.73581e+14 0.000141142 0.000488414 7.64044e-16 2.14084e-08 277386 0 0 2.1196e-10 0 0 0.00593895 0 0 0 0 0 0 3.00861e+12 3.00861e+12 3.00861e+12 3.00861e+12 
0.0295 -3.65731 -6.95731 -4.75835 -6.29756 1.45731 3.37894e+07 2.7357e+14 0.000141145 0.000488421 7.64111e-16 2.14079e-08 277393 0 0 2.11984e-10 0 0 0.00593895 0 0 0 0 0 0 3.00873e+12 3.00873e+12 3.00873e+12 3.00873e+12 
0.03 -3.64344 -6.94344 -4.74448 -6.28369 1.44344 3.37915e+07 2.73559e+14 0.000141149 0.000488428 7.64179e-16 2.14073e-08 277400 0 0 2.12008e-10 0 0 0.00593895 0 0 0 0 0 0 3.00885e+12 3.00885e+12 3.00885e+12 3.00885e+12 
0.0305 -3.62957 -6.92957 -4.7306 -6.26982 1.42957 3.37936e+07 2.73548e+14 0.000141152 0.000488435 7.64246e-16 2.14068e-08 277407 0 0 2.12033e-10 0 0 0.00593895 0 0 0 0 0 0 3.00897e+12 3.00897e+12 3.00897e+12 3.00897e+12 
0.031 -3.6157 -6.9157 -4.71673 -6.25594 1.4157 3.37957e+07 2.73538e+14 0.000141156 0.000488442 7.64313e-16 2.14062e-08 277414 0 0 2.12057e-10 0 0 0.00593895 0 0 0 0 0 0 3.00909e+12 3.00909e+12 3.00909e+12 3.00909e+12 
0.0315 -3.60182 -6.90182 -4.70286 -6.24207 1.40182 3.37979e+07 2.73527e+14 0.000141159 0.000488449 7.6438e-16 2.14057e-08 277421 0 0 2.12081e-10 0 0 0.00593895 0 0 0 0 0 0 3.00921e+12 3.00921e+12 3.00921e+12 3.00921e+12 
0.032 -3.58795 -6.88795 -4.68899 -6.2282 1.38795 3.38e+07 2.73516e+14 0.000141163 0.000488456 7.64448e-16 2.14051e-08 277428 0 0 2.12105e-10 0 0 0.00593895 0 0 0 0 0 0 3.00933e+12 3.00933e+12 3.00933e+12 3.00933e+12 
0.0325 -3.57408 -6.87408 -4.67511 -6.21433 1.37408 3.38021e+07 2.73505e+14 0.000141166 0.000488463 7.64515e-16 2.14046e-08 277435 0 0 2.12129e-10 0 0 0.00593895 0 0 0 0 0 0 3.00945e+12 3.00945e+12 3.00945e+12 3.00945e+12 
0.033 -3.56021 -6.86021 -4.66124 -6.20045 1.36021 3.38042e+07 2.73494e+14 0.00014117 0.00048847 7.64582e-16 2.1404e-08 277443 0 0 2.12153e-10 0 0 0.00593895 0 0 0 0 0 0 3.00957e+12 3.00957e+12 3.00957e+12 3.00957e+12 
0.0335 -3.54634 -6.84634 -4.64737 -6.18658 1.34634 3.38064e+07 2.73483e+14 0.000141174 0.000488477 7.64649e-16 2.14035e-08 277450 0 0 2.12177e-10 0 0 0.00593895 0 0 0 0 0 0 3.00969e+12 3.00969e+12 3.00969e+12 3.00969e+12 
0.034 -3.53247 -6.83247 -4.63349 -6.17271 1.33247 3.38085e+07 2.73472e+14 0.000141177 0.000488484 7.64717e-16 2.1403e-08 277457 0 0 2.12201e-10 0 0 0.00593895 0 0 0 0 0 0 3.00981e+12 3.00981e+12 3.00981e+12 3.00981e+12 
0.0345 -3.51859 -6.81859 -4.61962 -6.15883 1.31859 3.38106e+07 2.73461e+14 0.000141181 0.000488491 7.64784e-16 2.14024e-08 277464 0 0 2.12225e-10 0 0 0.00593895 0 0 0 0 0 0 3.00993e+12 3.00993e+12 3.00993e+12 3.00993e+12 
0.035 -3.50472 -6.80472 -4.60574 -6.14496 1.30472 3.38128e+07 2.73451e+14 0.000141184 0.000488498 7.64851e-16 2.14019e-08 277471 0 0 2.12249e-10 0 0 0.00593895 0 0 0 0 0 0 3.01005e+12 3.01005e+12 3.01005e+12 3.01005e+12 
0.0355 -3.49085 -6.79085 -4.59187 -6.13108 1.29085 3.38149e+07 2.7344e+14 0.000141188 0.000488505 7.64919e-16 2.14013e-08 277478 0 0 2.12273e-10 0 0 0.00593895 0 0 0 0 0 0 3.01017e+12 3.01017e+12 3.01017e+12 3.01017e+12 
0.036 -3.47697 -6.77697 -4.57799 -6.11721 1.27697 3.3817e+07 2.73429e+14 0.000141191 0.000488512 7.64986e-16 2.14008e-08 277485 0 0 2.12297e-10 0 0 0.00593895 0 0 0 0 0 0 3.01029e+12 3.01029e+12 3.01029e+12 3.01029e+12 
0.0365 -3.4631 -6.7631 -4.56411 -6.10333 1.2631 3.38191e+07 2.73418e+14 0.000141195 0.000488519 7.65053e-16 2.14002e-08 277492 0 0 2.12321e-10 0 0 0.00593895 0 0 0 0 0 0 3.01041e+12 3.01041e+12 3.01041e+12 3.01041e+12 
0.037 -3.44922 -6.74922 -4.55024 -6.08945 1.24922 3.38213e+07 2.73407e+14 0.000141198 0.000488526 7.6512e-16 2.13997e-08 277499 0 0 2.12345e-10 0 0 0.00593895 0 0 0 0 0 0 3.01053e+12 3.01053e+12 3.01053e+12 3.01053e+12 
0.0375 -3.43535 -6.73535 -4.53636 -6.07558 1.23535 3.38234e+07 2.73396e+14 0.000141202 0.000488533 7.65188e-16 2.13991e-08 277506 0 0 2.1237e-10 0 0 0.00593895 0 0 0 0 0 0 3.01065e+12 3.01065e+12 3.01065e+12 3.01065e+12 
0.038 -3.42147 -6.72147 -4.52248 -6.0617 1.22147 3.38255e+07 2.73385e+14 0.000141205 0.00048854 7.65255e-16 2.13986e-08 277513 0 0 2.12394e-10 0 0 0.00593895 0 0 0 0 0 0 3.01077e+12 3.01077e+12 3.01077e+12 3.01077e+12 
0.0385 -3.4076 -6.7076 -4.50861 -6.04782 1.2076 3.38276e+07 2.73374e+14 0.000141209 0.000488547 7.65322e-16 2.13981e-08 277520 0 0 2.12418e-10 0 0 0.00593895 0 0 0 0 0 0 3.01089e+12 3.01089e+12 3.01089e+12 3.01089e+12 
0.039 -3.39372 -6.69372 -4.49473 -6.03395 1.19372 3.38298e+07 2.73364e+14 0.000141212 0.000488554 7.6539e-16 2.13975e-08 277527 0 0 2.12442e-10 0 0 0.00593895 0 0 0 0 0 0 3.01101e+12 3.01101e+12 3.01101e+12 3.01101e+12 
0.0395 -3.37984 -6.67984 -4.48085 -6.02007 1.17984 3.38319e+07 2.73353e+14 0.000141216 0.000488561 7.65457e-16 2.1397e-08 277534 0 0 2.12466e-10 0 0 0.00593895 0 0 0 0 0 0 3.01113e+12 3.01113e+12 3.01113e+12 3.01113e+12 
0.04 -3.36597 -6.66597 -4.46697 -6.00619 1.16597 3.3834e+07 2.73342e+14 0.00014122 0.000488568 7.65524e-16 2.13964e-08 277541 0 0 2.1249e-10 0 0 0.00593895 0 0 0 0 0 0 3.01125e+12 3.01125e+12 3.01125e+12 3.01125e+12 
0.0405 -3.35209 -6.65209 -4.45309 -5.99231 1.15209 3.38362e+07 2.73331e+14 0.000141223 0.000488575 7.65591e-16 2.13959e-08 277549 0 0 2.12514e-10 0 0 0.00593895 0 0 0 0 0 0 3.01137e+12 3.01137e+12 3.01137e+12 3.01137e+12 
0.041 -3.33821 -6.63821 -4.43921 -5.97843 1.13821 3.38383e+07 2.7332e+14 0.000141227 0.000488582 7.65659e-16 2.13953e-08 277556 0 0 2.12538e-10 0 0 0.00593895 0 0 0 0 0 0 3.01149e+12 3.01149e+12 3.01149e+12 3.01149e+12 
0.0415 -3.32433 -6.62433 -4.42533 -5.96455 1.12433 3.38404e+07 2.73309e+14 0.00014123 0.000488589 7.65726e-16 2.13948e-08 277563 0 0 2.12562e-10 0 0 0.00593895 0 0 0 0 0 0 3.01161e+12 3.01161e+12 3.01161e+12 3.01161e+12 
0.042 -3.31045 -6.61045 -4.41145 -5.95067 1.11045 3.38425e+07 2.73298e+14 0.000141234 0.000488595 7.65793e-16 2.13942e-08 277570 0 0 2.12586e-10 0 0 0.00593895 0 0 0 0 0 0 3.01173e+12 3.01173e+12 3.01173e+12 3.01173e+12 
0.0425 -3.29658 -6.59658 -4.39757 -5.93679 1.09658 3.38447e+07 2.73288e+14 0.000141237 0.000488602 7.65861e-16 2.13937e-08 277577 0 0 2.1261e-10 0 0 0.00593895 0 0 0 0 0 0 3.01185e+12 3.01185e+12 3.01185e+12 3.01185e+12 
0.043 -3.2827 -6.5827 -4.38369 -5.92291 1.0827 3.38468e+07 2.73277e+14 0.000141241 0.000488609 7.65928e-16 2.13932e-08 277584 0 0 2.12635e-10 0 0 0.00593895 0 0 0 0 0 0 3.01197e+12 3.01197e+12 3.01197e+12 3.01197e+12 
0.0435 -3.26882 -6.56882 -4.36981 -5.90903 1.06882 3.38489e+07 2.73266e+14 0.000141244 0.000488616 7.65995e-16 2.13926e-08 277591 0 0 2.12659e-10 0 0 0.00593895 0 0 0 0 0 0 3.01209e+12 3.01209e+12 3.01209e+12 3.01209e+12 
0.044 -3.25494 -6.55494 -4.35593 -5.89515 1.05494 3.3851e+07 2.73255e+14 0.000141248 0.000488623 7.66062e-16 2.13921e-08 277598 0 0 2.12683e-10 0 0 0.00593895 0 0 0 0 0 0 3.01221e+12 3.01221e+12 3.01221e+12 3.01221e+12 
0.0445 -3.24106 -6.54106 -4.34205 -5.88127 1.04106 3.38532e+07 2.73244e+14 0.000141251 0.00048863 7.6613e-16 2.13915e-08 277605 0 0 2.12707e-10 0 0 0.00593895 0 0 0 0 0 0 3.01233e+12 3.01233e+12 3.01233e+12 3.01233e+12 
0.045 -3.22718 -6.52718 -4.32817 -5.86739 1.02718 3.38553e+07 2.73233e+14 0.000141255 0.000488637 7.66197e-16 2.1391e-08 277612 0 0 2.12731e-10 0 0 0.00593895 0 0 0 0 0 0 3.01245e+12 3.01245e+12 3.01245e+12 3.01245e+12 
0.0455 -3.2133 -6.5133 -4.31428 -5.85351 1.0133 3.38574e+07 2.73222e+14 0.000141258 0.000488644 7.66264e-16 2.13904e-08 277619 0 0 2.12755e-10 0 0 0.00593895 0 0 0 0 0 0 3.01257e+12 3.01257e+12 3.01257e+12 3.01257e+12 
0.046 -3.19942 -6.49942 -4.3004 -5.83963 0.999415 3.38595e+07 2.73212e+14 0.000141262 0.000488651 7.66332e-16 2.13899e-08 277626 0 0 2.12779e-10 0 0 0.00593895 0 0 0 0 0 0 3.01269e+12 3.01269e+12 3.01269e+12 3.01269e+12 
0.0465 -3.18553 -6.48553 -4.28652 -5.82574 0.985534 3.38617e+07 2.73201e+14 0.000141266 0.000488658 7.66399e-16 2.13893e-08 277633 0 0 2.12803e-10 0 0 0.00593895 0 0 0 0 0 0 3.01281e+12 3.01281e+12 3.01281e+12 3.01281e+12 
0.047 -3.17165 -6.47165 -4.27263 -5.81186 0.971652 3.38638e+07 2.7319e+14 0.000141269 0.000488665 7.66466e-16 2.13888e-08 277640 0 0 2.12827e-10 0 0 0.00593895 0 0 0 0 0 0 3.01293e+12 3.01293e+12 3.01293e+12 3.01293e+12 
0.0475 -3.15777 -6.45777 -4.25875 -5.79798 0.95777 3.38659e+07 2.73179e+14 0.000141273 0.000488672 7.66533e-16 2.13883e-08 277647 0 0 2.12851e-10 0 0 0.00593895 0 0 0 0 0 0 3.01305e+12 3.01305e+12 3.01305e+12 3.01305e+12 
0.048 -3.14389 -6.44389 -4.24487 -5.78409 0.943887 3.3868e+07 2.73168e+14 0.000141276 0.000488679 7.66601e-16 2.13877e-08 277655 0 0 2.12875e-10 0 0 0.00593895 0 0 0 0 0 0 3.01317e+12 3.01317e+12 3.01317e+12 3.01317e+12 
0.0485 -3.13 -6.43 -4.23098 -5.77021 0.930004 3.38702e+07 2.73157e+14 0.00014128 0.000488686 7.66668e-16 2.13872e-08 277662 0 0 2.129e-10 0 0 0.00593895 0 0 0 0 0 0 3.01329e+12 3.01329e+12 3.01329e+12 3.01329e+12 
0.049 -3.11612 -6.41612 -4.2171 -5.75632 0.916121 3.38723e+07 2.73146e+14 0.000141283 0.000488693 7.66735e-16 2.13866e-08 277669 0 0 2.12924e-10 0 0 0.00593895 0 0 0 0 0 0 3.01341e+12 3.01341e+12 3.01341e+12 3.01341e+12 
0.0495 -3.10224 -6.40224 -4.20321 -5.74244 0.902238 3.38744e+07 2.73136e+14 0.000141287 0.0004887 7.66803e-16 2.13861e-08 277676 0 0 2.12948e-10 0 0 0.00593895 0 0 0 0 0 0 3.01353e+12 3.01353e+12 3.01353e+12 3.01353e+12 
0.05 -3.08835 -6.38835 -4.18933 -5.72855 0.888354 3.38765e+07 2.73125e+14 0.00014129 0.000488707 7.6687e-16 2.13855e-08 277683 0 0 2.12972e-10 0 0 0.00593895 0 0 0 0 0 0 3.01365e+12 3.01365e+12 3.01365e+12 3.01365e+12 
0.0505 -3.07447 -6.37447 -4.17544 -5.71467 0.874469 3.38787e+07 2.73114e+14 0.000141294 0.000488714 7.66937e-16 2.1385e-08 277690 0 0 2.12996e-10 0 0 0.00593895 0 0 0 0 0 0 3.01377e+12 3.01377e+12 3.01377e+12 3.01377e+12 
0.051 -3.06058 -6.36058 -4.16155 -5.70078 0.860585 3.38808e+07 2.73103e+14 0.000141297 0.000488721 7.67005e-16 2.13844e-08 277697 0 0 2.1302e-10 0 0 0.00593895 0 0 0 0 0 0 3.01389e+12 3.01389e+12 3.01389e+12 3.01389e+12 
0.0515 -3.0467 -6.3467 -4.14767 -5.6869 0.8467 3.38829e+07 2.73092e+14 0.000141301 0.000488728 7.67072e-16 2.13839e-08 277704 0 0 2.13044e-10 0 0 0.00593895 0 0 0 0 0 0 3.01401e+12 3.01401e+12 3.01401e+12 3.01401e+12 
0.052 -3.03281 -6.33281 -4.13378 -5.67301 0.832814 3.3885e+07 2.73081e+14 0.000141304 0.000488735 7.67139e-16 2.13834e-08 277711 0 0 2.13068e-10 0 0 0.00593895 0 0 0 0 0 0 3.01413e+12 3.01413e+12 3.01413e+12 3.01413e+12 
0.0525 -3.01893 -6.31893 -4.11989 -5.65912 0.818929 3.38872e+07 2.73071e+14 0.000141308 0.000488742 7.67207e-16 2.13828e-08 277718 0 0 2.13092e-10 0 0 0.00593895 0 0 0 0 0 0 3.01425e+12 3.01425e+12 3.01425e+12 3.01425e+12 
0.053 -3.00504 -6.30504 -4.10601 -5.64523 0.805042 3.38893e+07 2.7306e+14 0.000141312 0.000488749 7.67274e-16 2.13823e-08 277725 0 0 2.13116e-10 0 0 0.00593895 0 0 0 0 0 0 3.01437e+12 3.01437e+12 3.01437e+12 3.01437e+12 
0.0535 -2.99116 -6.29116 -4.09212 -5.63135 0.791156 3.38914e+07 2.73049e+14 0.000141315 0.000488756 7.67341e-16 2.13817e-08 277732 0 0 2.13141e-10 0 0 0.00593895 0 0 0 0 0 0 3.01449e+12 3.01449e+12 3.01449e+12 3.01449e+12 
0.054 -2.97727 -6.27727 -4.07823 -5.61746 0.777269 3.38935e+07 2.73038e+14 0.000141319 0.000488763 7.67408e-16 2.13812e-08 277739 0 0 2.13165e-10 0 0 0.00593895 0 0 0 0 0 0 3.01461e+12 3.01461e+12 3.01461e+12 3.01461e+12 
0.0545 -2.96338 -6.26338 -4.06434 -5.60357 0.763382 3.38957e+07 2.73027e+14 0.000141322 0.00048877 7.67476e-16 2.13806e-08 277746 0 0 2.13189e-10 0 0 0.00593895 0 0 0 0 0 0 3.01472e+12 3.01472e+12 3.01472e+12 3.01472e+12 
0.055 -2.94949 -6.24949 -4.05045 -5.58968 0.749495 3.38978e+07 2.73016e+14 0.000141326 0.000488777 7.67543e-16 2.13801e-08 277753 0 0 2.13213e-10 0 0 0.00593895 0 0 0 0 0 0 3.01484e+12 3.01484e+12 3.01484e+12 3.01484e+12 
0.0555 -2.93561 -6.23561 -4.03656 -5.57579 0.735607 3.38999e+07 2.73006e+14 0.000141329 0.000488784 7.6761e-16 2.13796e-08 277760 0 0 2.13237e-10 0 0 0.00593895 0 0 0 0 0 0 3.01496e+12 3.01496e+12 3.01496e+12 3.01496e+12 
0.056 -2.92172 -6.22172 -4.02267 -5.5619 0.721719 3.3902e+07 2.72995e+14 0.000141333 0.000488791 7.67678e-16 2.1379e-08 277767 0 0 2.13261e-10 0 0 0.00593895 0 0 0 0 0 0 3.01508e+12 3.01508e+12 3.01508e+12 3.01508e+12 
0.0565 -2.90783 -6.20783 -4.00878 -5.54801 0.70783 3.39042e+07 2.72984e+14 0.000141336 0.000488798 7.67745e-16 2.13785e-08 277775 0 0 2.13285e-10 0 0 0.00593895 0 0 0 0 0 0 3.0152e+12 3.0152e+12 3.0152e+12 3.0152e+12 
0.057 -2.89394 -6.19394 -3.99489 -5.53412 0.693941 3.39063e+07 2.72973e+14 0.00014134 0.000488805 7.67812e-16 2.13779e-08 277782 0 0 2.13309e-10 0 0 0.00593895 0 0 0 0 0 0 3.01532e+12 3.01532e+12 3.01532e+12 3.01532e+12 
0.0575 -2.88005 -6.18005 -3.981 -5.52023 0.680052 3.39084e+07 2.72962e+14 0.000141343 0.000488812 7.6788e-16 2.13774e-08 277789 0 0 2.13334e-10 0 0 0.00593895 0 0 0 0 0 0 3.01544e+12 3.01544e+12 3.01544e+12 3.01544e+12 
0.058 -2.86616 -6.16616 -3.96711 -5.50634 0.666162 3.39105e+07 2.72951e+14 0.000141347 0.000488819 7.67947e-16 2.13768e-08 277796 0 0 2.13358e-10 0 0 0.00593895 0 0 0 0 0 0 3.01556e+12 3.01556e+12 3.01556e+12 3.01556e+12 
0.0585 -2.85227 -6.15227 -3.95322 -5.49245 0.652272 3.39127e+07 2.72941e+14 0.00014135 0.000488826 7.68014e-16 2.13763e-08 277803 0 0 2.13382e-10 0 0 0.00593895 0 0 0 0 0 0 3.01568e+12 3.01568e+12 3.01568e+12 3.01568e+12 
0.059 -2.83838 -6.13838 -3.93933 -5.47856 0.638382 3.39148e+07 2.7293e+14 0.000141354 0.000488833 7.68082e-16 2.13758e-08 277810 0 0 2.13406e-10 0 0 0.00593895 0 0 0 0 0 0 3.0158e+12 3.0158e+12 3.0158e+12 3.0158e+12 
0.0595 -2.82449 -6.12449 -3.92543 -5.46467 0.624491 3.39169e+07 2.72919e+14 0.000141357 0.00048884 7.68149e-16 2.13752e-08 277817 0 0 2.1343e-10 0 0 0.00593895 0 0 0 0 0 0 3.01592e+12 3.01592e+12 3.01592e+12 3.01592e+12 
0.06 -2.8106 -6.1106 -3.91154 -5.45077 0.6106 3.3919e+07 2.72908e+14 0.000141361 0.000488847 7.68216e-16 2.13747e-08 277824 0 0 2.13454e-10 0 0 0.00593895 0 0 0 0 0 0 3.01604e+12 3.01604e+12 3.01604e+12 3.01604e+12 
0.0605 -2.79671 -6.09671 -3.89765 -5.43688 0.596709 3.39211e+07 2.72897e+14 0.000141365 0.000488854 7.68284e-16 2.13741e-08 277831 0 0 2.13478e-10 0 0 0.00593895 0 0 0 0 0 0 3.01616e+12 3.01616e+12 3.01616e+12 3.01616e+12 
0.061 -2.78282 -6.08282 -3.88375 -5.42299 0.582817 3.39233e+07 2.72886e+14 0.000141368 0.000488861 7.68351e-16 2.13736e-08 277838 0 0 2.13502e-10 0 0 0.00593895 0 0 0 0 0 0 3.01628e+12 3.01628e+12 3.01628e+12 3.01628e+12 
0.0615 -2.76893 -6.06893 -3.86986 -5.40909 0.568925 3.39254e+07 2.72876e+14 0.000141372 0.000488868 7.68418e-16 2.1373e-08 277845 0 0 2.13526e-10 0 0 0.00593895 0 0 0 0 0 0 3.0164e+12 3.0164e+12 3.0164e+12 3.0164e+12 
0.062 -2.75503 -6.05503 -3.85597 -5.3952 0.555033 3.39275e+07 2.72865e+14 0.000141375 0.000488875 7.68485e-16 2.13725e-08 277852 0 0 2.13551e-10 0 0 0.00593895 0 0 0 0 0 0 3.01652e+12 3.01652e+12 3.01652e+12 3.01652e+12 
0.0625 -2.74114 -6.04114 -3.84207 -5.38131 0.54114 3.39296e+07 2.72854e+14 0.000141379 0.000488882 7.68553e-16 2.1372e-08 277859 0 0 2.13575e-10 0 0 0.00593895 0 0 0 0 0 0 3.01664e+12 3.01664e+12 3.01664e+12 3.01664e+12 
0.063 -2.72725 -6.02725 -3.82818 -5.36741 0.527247 3.39318e+07 2.72843e+14 0.000141382 0.000488889 7.6862e-16 2.13714e-08 277866 0 0 2.13599e-10 0 0 0.00593895 0 0 0 0 0 0 3.01676e+12 3.01676e+12 3.01676e+12 3.01676e+12 
0.0635 -2.71335 -6.01335 -3.81428 -5.35352 0.513353 3.39339e+07 2.72832e+14 0.000141386 0.000488896 7.68687e-16 2.13709e-08 277873 0 0 2.13623e-10 0 0 0.00593895 0 0 0 0 0 0 3.01688e+12 3.01688e+12 3.01688e+12 3.01688e+12 
0.064 -2.69946 -5.99946 -3.80039 -5.33962 0.499459 3.3936e+07 2.72821e+14 0.000141389 0.000488903 7.68755e-16 2.13703e-08 277880 0 0 2.13647e-10 0 0 0.00593895 0 0 0 0 0 0 3.017e+12 3.017e+12 3.017e+12 3.017e+12 
0.0645 -2.68557 -5.98557 -3.78649 -5.32573 0.485565 3.39381e+07 2.72811e+14 0.000141393 0.00048891 7.68822e-16 2.13698e-08 277887 0 0 2.13671e-10 0 0 0.00593895 0 0 0 0 0 0 3.01712e+12 3.01712e+12 3.01712e+12 3.01712e+12 
0.065 -2.67167 -5.97167 -3.77259 -5.31183 0.471671 3.39403e+07 2.728e+14 0.000141396 0.000488917 7.68889e-16 2.13693e-08 277894 0 0 2.13695e-10 0 0 0.00593895 0 0 0 0 0 0 3.01723e+12 3.01723e+12 3.01723e+12 3.01723e+12 
0.0655 -2.65778 -5.95778 -3.7587 -5.29794 0.457776 3.39424e+07 2.72789e+14 0.0001414 0.000488924 7.68957e-16 2.13687e-08 277901 0 0 2.1372e-10 0 0 0.00593895 0 0 0 0 0 0 3.01735e+12 3.01735e+12 3.01735e+12 3.01735e+12 
0.066 -2.64388 -5.94388 -3.7448 -5.28404 0.443881 3.39445e+07 2.72778e+14 0.000141403 0.000488931 7.69024e-16 2.13682e-08 277909 0 0 2.13744e-10 0 0 0.00593895 0 0 0 0 0 0 3.01747e+12 3.01747e+12 3.01747e+12 3.01747e+12 
0.0665 -2.62998 -5.92998 -3.7309 -5.27014 0.429985 3.39466e+07 2.72767e+14 0.000141407 0.000488938 7.69091e-16 2.13676e-08 277916 0 0 2.13768e-10 0 0 0.00593895 0 0 0 0 0 0 3.01759e+12 3.01759e+12 3.01759e+12 3.01759e+12 
0.067 -2.61609 -5.91609 -3.71701 -5.25624 0.416089 3.39487e+07 2.72757e+14 0.000141411 0.000488945 7.69159e-16 2.13671e-08 277923 0 0 2.13792e-10 0 0 0.00593895 0 0 0 0 0 0 3.01771e+12 3.01771e+12 3.01771e+12 3.01771e+12 
0.0675 -2.60219 -5.90219 -3.70311 -5.24235 0.402193 3.39509e+07 2.72746e+14 0.000141414 0.000488952 7.69226e-16 2.13665e-08 277930 0 0 2.13816e-10 0 0 0.00593895 0 0 0 0 0 0 3.01783e+12 3.01783e+12 3.01783e+12 3.01783e+12 
0.068 -2.5883 -5.8883 -3.68921 -5.22845 0.388296 3.3953e+07 2.72735e+14 0.000141418 0.000488959 7.69293e-16 2.1366e-08 277937 0 0 2.1384e-10 0 0 0.00593895 0 0 0 0 0 0 3.01795e+12 3.01795e+12 3.01795e+12 3.01795e+12 
0.0685 -2.5744 -5.8744 -3.67531 -5.21455 0.374399 3.39551e+07 2.72724e+14 0.000141421 0.000488966 7.69361e-16 2.13655e-08 277944 0 0 2.13864e-10 0 0 0.00593895 0 0 0 0 0 0 3.01807e+12 3.01807e+12 3.01807e+12 3.01807e+12 
0.069 -2.5605 -5.8605 -3.66141 -5.20065 0.360502 3.39572e+07 2.72713e+14 0.000141425 0.000488973 7.69428e-16 2.13649e-08 277951 0 0 2.13888e-10 0 0 0.00593895 0 0 0 0 0 0 3.01819e+12 3.01819e+12 3.01819e+12 3.01819e+12 
0.0695 -2.5466 -5.8466 -3.64751 -5.18675 0.346604 3.39594e+07 2.72702e+14 0.000141428 0.00048898 7.69495e-16 2.13644e-08 277958 0 0 2.13913e-10 0 0 0.00593895 0 0 0 0 0 0 3.01831e+12 3.01831e+12 3.01831e+12 3.01831e+12 
0.07 -2.53271 -5.83271 -3.63361 -5.17285 0.332706 3.39615e+07 2.72692e+14 0.000141432 0.000488987 7.69563e-16 2.13638e-08 277965 0 0 2.13937e-10 0 0 0.00593895 0 0 0 0 0 0 3.01843e+12 3.01843e+12 3.01843e+12 3.01843e+12 
0.0705 -2.51881 -5.81881 -3.61971 -5.15895 0.318807 3.39636e+07 2.72681e+14 0.000141435 0.000488994 7.6963e-16 2.13633e-08 277972 0 0 2.13961e-10 0 0 0.00593895 0 0 0 0 0 0 3.01855e+12 3.01855e+12 3.01855e+12 3.01855e+12 
0.071 -2.50491 -5.80491 -3.60581 -5.14505 0.304909 3.39657e+07 2.7267e+14 0.000141439 0.000489001 7.69697e-16 2.13627e-08 277979 0 0 2.13985e-10 0 0 0.00593895 0 0 0 0 0 0 3.01867e+12 3.01867e+12 3.01867e+12 3.01867e+12 
0.0715 -2.49101 -5.79101 -3.59191 -5.13115 0.29101 3.39678e+07 2.72659e+14 0.000141442 0.000489008 7.69765e-16 2.13622e-08 277986 0 0 2.14009e-10 0 0 0.00593895 0 0 0 0 0 0 3.01879e+12 3.01879e+12 3.01879e+12 3.01879e+12 
0.072 -2.47711 -5.77711 -3.57801 -5.11725 0.27711 3.397e+07 2.72648e+14 0.000141446 0.000489015 7.69832e-16 2.13617e-08 277993 0 0 2.14033e-10 0 0 0.00593895 0 0 0 0 0 0 3.01891e+12 3.01891e+12 3.01891e+12 3.01891e+12 
0.0725 -2.46321 -5.76321 -3.56411 -5.10335 0.26321 3.39721e+07 2.72638e+14 0.000141449 0.000489022 7.69899e-16 2.13611e-08 278000 0 0 2.14057e-10 0 0 0.00593895 0 0 0 0 0 0 3.01903e+12 3.01903e+12 3.01903e+12 3.01903e+12 
0.073 -2.44931 -5.74931 -3.55021 -5.08945 0.24931 3.39742e+07 2.72627e+14 0.000141453 0.000489029 7.69967e-16 2.13606e-08 278007 0 0 2.14082e-10 0 0 0.00593895 0 0 0 0 0 0 3.01914e+12 3.01914e+12 3.01914e+12 3.01914e+12 
0.0735 -2.43541 -5.73541 -3.53631 -5.07555 0.235409 3.39763e+07 2.72616e+14 0.000141457 0.000489035 7.70034e-16 2.136e-08 278014 0 0 2.14106e-10 0 0 0.00593895 0 0 0 0 0 0 3.01926e+12 3.01926e+12 3.01926e+12 3.01926e+12 
0.074 -2.42151 -5.72151 -3.5224 -5.06165 0.221509 3.39785e+07 2.72605e+14 0.00014146 0.000489042 7.70101e-16 2.13595e-08 278021 0 0 2.1413e-10 0 0 0.00593895 0 0 0 0 0 0 3.01938e+12 3.01938e+12 3.01938e+12 3.01938e+12 
0.0745 -2.40761 -5.70761 -3.5085 -5.04774 0.207607 3.39806e+07 2.72594e+14 0.000141464 0.000489049 7.70169e-16 2.1359e-08 278028 0 0 2.14154e-10 0 0 0.00593895 0 0 0 0 0 0 3.0195e+12 3.0195e+12 3.0195e+12 3.0195e+12 
0.075 -2.39371 -5.69371 -3.4946 -5.03384 0.193706 3.39827e+07 2.72584e+14 0.000141467 0.000489056 7.70236e-16 2.13584e-08 278035 0 0 2.14178e-10 0 0 0.00593895 0 0 0 0 0 0 3.01962e+12 3.01962e+12 3.01962e+12 3.01962e+12 
0.0755 -2.3798 -5.6798 -3.48069 -5.01994 0.179804 3.39848e+07 2.72573e+14 0.000141471 0.000489063 7.70303e-16 2.13579e-08 278042 0 0 2.14202e-10 0 0 0.00593895 0 0 0 0 0 0 3.01974e+12 3.01974e+12 3.01974e+12 3.01974e+12 
0.076 -2.3659 -5.6659 -3.46679 -5.00603 0.165901 3.39869e+07 2.72562e+14 0.000141474 0.00048907 7.70371e-16 2.13573e-08 278050 0 0 2.14226e-10 0 0 0.00593895 0 0 0 0 0 0 3.01986e+12 3.01986e+12 3.01986e+12 3.01986e+12 
0.0765 -2.352 -5.652 -3.45288 -4.99213 0.151999 3.39891e+07 2.72551e+14 0.000141478 0.000489077 7.70438e-16 2.13568e-08 278057 0 0 2.14251e-10 0 0 0.00593895 0 0 0 0 0 0 3.01998e+12 3.01998e+12 3.01998e+12 3.01998e+12 
0.077 -2.3381 -5.6381 -3.43898 -4.97823 0.138096 3.39912e+07 2.7254e+14 0.000141481 0.000489084 7.70506e-16 2.13563e-08 278064 0 0 2.14275e-10 0 0 0.00593895 0 0 0 0 0 0 3.0201e+12 3.0201e+12 3.0201e+12 3.0201e+12 
0.0775 -2.32419 -5.62419 -3.42508 -4.96432 0.124192 3.39933e+07 2.7253e+14 0.000141485 0.000489091 7.70573e-16 2.13557e-08 278071 0 0 2.14299e-10 0 0 0.00593895 0 0 0 0 0 0 3.02022e+12 3.02022e+12 3.02022e+12 3.02022e+12 
0.078 -2.31029 -5.61029 -3.41117 -4.95042 0.110289 3.39954e+07 2.72519e+14 0.000141488 0.000489098 7.7064e-16 2.13552e-08 278078 0 0 2.14323e-10 0 0 0.00593895 0 0 0 0 0 0 3.02034e+12 3.02034e+12 3.02034e+12 3.02034e+12 
0.0785 -2.29638 -5.59638 -3.39726 -4.93651 0.0963847 3.39975e+07 2.72508e+14 0.000141492 0.000489105 7.70708e-16 2.13546e-08 278085 0 0 2.14347e-10 0 0 0.00593895 0 0 0 0 0 0 3.02046e+12 3.02046e+12 3.02046e+12 3.02046e+12 
0.079 -2.28248 -5.58248 -3.38336 -4.9226 0.0824803 3.39997e+07 2.72497e+14 0.000141495 0.000489112 7.70775e-16 2.13541e-08 278092 0 0 2.14371e-10 0 0 0.00593895 0 0 0 0 0 0 3.02058e+12 3.02058e+12 3.02058e+12 3.02058e+12 
0.0795 -2.26858 -5.56858 -3.36945 -4.9087 0.0685755 3.40018e+07 2.72486e+14 0.000141499 0.000489119 7.70842e-16 2.13535e-08 278099 0 0 2.14396e-10 0 0 0.00593895 0 0 0 0 0 0 3.02069e+12 3.02069e+12 3.02069e+12 3.02069e+12 
0.08 -2.25467 -5.55467 -3.35554 -4.89479 0.0546704 3.40039e+07 2.72476e+14 0.000141503 0.000489126 7.7091e-16 2.1353e-08 278106 0 0 2.1442e-10 0 0 0.00593895 0 0 0 0 0 0 3.02081e+12 3.02081e+12 3.02081e+12 3.02081e+12 
0.0805 -2.24076 -5.54076 -3.34164 -4.88089 0.0407649 3.4006e+07 2.72465e+14 0.000141506 0.000489133 7.70977e-16 2.13525e-08 278113 0 0 2.14444e-10 0 0 0.00593895 0 0 0 0 0 0 3.02093e+12 3.02093e+12 3.02093e+12 3.02093e+12 
0.081 -2.22686 -5.52686 -3.32773 -4.86698 0.0268591 3.40081e+07 2.72454e+14 0.00014151 0.00048914 7.71044e-16 2.13519e-08 278120 0 0 2.14468e-10 0 0 0.00593895 0 0 0 0 0 0 3.02105e+12 3.02105e+12 3.02105e+12 3.02105e+12 
0.0815 -2.21295 -5.51295 -3.31382 -4.85307 0.0129529 3.40103e+07 2.72443e+14 0.000141513 0.000489147 7.71112e-16 2.13514e-08 278127 0 0 2.14492e-10 0 0 0.00593895 0 0 0 0 0 0 3.02117e+12 3.02117e+12 3.02117e+12 3.02117e+12 
0.082 -2.19905 -5.49905 -3.29991 -4.83916 -0.000953577 3.40124e+07 2.72432e+14 0.000141517 0.000489154 7.71179e-16 2.13508e-08 278134 0 0 2.14516e-10 0 0 0.00593895 0 0 0 0 0 0 3.02129e+12 3.02129e+12 3.02129e+12 3.02129e+12 
0.0825 -2.18514 -5.48514 -3.28601 -4.82526 -0.0148605 3.40145e+07 2.72422e+14 0.00014152 0.000489161 7.71246e-16 2.13503e-08 278141 0 0 2.14541e-10 0 0 0.00593895 0 0 0 0 0 0 3.02141e+12 3.02141e+12 3.02141e+12 3.02141e+12 
0.083 -2.17123 -5.47123 -3.2721 -4.81135 -0.0287677 3.40166e+07 2.72411e+14 0.000141524 0.000489168 7.71314e-16 2.13498e-08 278148 0 0 2.14565e-10 0 0 0.00593895 0 0 0 0 0 0 3.02153e+12 3.02153e+12 3.02153e+12 3.02153e+12 
0.0835 -2.15732 -5.45732 -3.25819 -4.79744 -0.0426753 3.40187e+07 2.724e+14 0.000141527 0.000489175 7.71381e-16 2.13492e-08 278155 0 0 2.14589e-10 0 0 0.00593895 0 0 0 0 0 0 3.02165e+12 3.02165e+12 3.02165e+12 3.02165e+12 
0.084 -2.14342 -5.44342 -3.24428 -4.78353 -0.0565832 3.40209e+07 2.72389e+14 0.000141531 0.000489182 7.71448e-16 2.13487e-08 278162 0 0 2.14613e-10 0 0 0.00593895 0 0 0 0 0 0 3.02177e+12 3.02177e+12 3.02177e+12 3.02177e+12 
0.0845 -2.12951 -5.42951 -3.23037 -4.76962 -0.0704915 3.4023e+07 2.72379e+14 0.000141534 0.000489189 7.71516e-16 2.13481e-08 278169 0 0 2.14637e-10 0 0 0.00593895 0 0 0 0 0 0 3.02189e+12 3.02189e+12 3.02189e+12 3.02189e+12 
0.085 -2.1156 -5.4156 -3.21646 -4.75571 -0.0844001 3.40251e+07 2.72368e+14 0.000141538 0.000489196 7.71583e-16 2.13476e-08 278176 0 0 2.14661e-10 0 0 0.00593895 0 0 0 0 0 0 3.022e+12 3.022e+12 3.022e+12 3.022e+12 
0.0855 -2.10169 -5.40169 -3.20255 -4.7418 -0.0983091 3.40272e+07 2.72357e+14 0.000141541 0.000489203 7.7165e-16 2.13471e-08 278183 0 0 2.14686e-10 0 0 0.00593895 0 0 0 0 0 0 3.02212e+12 3.02212e+12 3.02212e+12 3.02212e+12 
0.086 -2.08778 -5.38778 -3.18864 -4.72789 -0.112218 3.40293e+07 2.72346e+14 0.000141545 0.00048921 7.71718e-16 2.13465e-08 278190 0 0 2.1471e-10 0 0 0.00593895 0 0 0 0 0 0 3.02224e+12 3.02224e+12 3.02224e+12 3.02224e+12 
0.0865 -2.07387 -5.37387 -3.17472 -4.71398 -0.126128 3.40315e+07 2.72335e+14 0.000141549 0.000489217 7.71785e-16 2.1346e-08 278197 0 0 2.14734e-10 0 0 0.00593895 0 0 0 0 0 0 3.02236e+12 3.02236e+12 3.02236e+12 3.02236e+12 
0.087 -2.05996 -5.35996 -3.16081 -4.70007 -0.140038 3.40336e+07 2.72325e+14 0.000141552 0.000489224 7.71853e-16 2.13454e-08 278204 0 0 2.14758e-10 0 0 0.00593895 0 0 0 0 0 0 3.02248e+12 3.02248e+12 3.02248e+12 3.02248e+12 
0.0875 -2.04605 -5.34605 -3.1469 -4.68615 -0.153949 3.40357e+07 2.72314e+14 0.000141556 0.000489231 7.7192e-16 2.13449e-08 278211 0 0 2.14782e-10 0 0 0.00593895 0 0 0 0 0 0 3.0226e+12 3.0226e+12 3.0226e+12 3.0226e+12 
0.088 -2.03214 -5.33214 -3.13299 -4.67224 -0.167859 3.40378e+07 2.72303e+14 0.000141559 0.000489238 7.71987e-16 2.13444e-08 278219 0 0 2.14806e-10 0 0 0.00593895 0 0 0 0 0 0 3.02272e+12 3.02272e+12 3.02272e+12 3.02272e+12 
0.0885 -2.01823 -5.31823 -3.11908 -4.65833 -0.18177 3.40399e+07 2.72292e+14 0.000141563 0.000489245 7.72055e-16 2.13438e-08 278226 0 0 2.14831e-10 0 0 0.00593895 0 0 0 0 0 0 3.02284e+12 3.02284e+12 3.02284e+12 3.02284e+12 
0.089 -2.00432 -5.30432 -3.10516 -4.64442 -0.195682 3.40421e+07 2.72282e+14 0.000141566 0.000489252 7.72122e-16 2.13433e-08 278233 0 0 2.14855e-10 0 0 0.00593895 0 0 0 0 0 0 3.02296e+12 3.02296e+12 3.02296e+12 3.02296e+12 
0.0895 -1.99041 -5.29041 -3.09125 -4.6305 -0.209594 3.40442e+07 2.72271e+14 0.00014157 0.000489259 7.72189e-16 2.13427e-08 278240 0 0 2.14879e-10 0 0 0.00593895 0 0 0 0 0 0 3.02308e+12 3.02308e+12 3.02308e+12 3.02308e+12 
0.09 -1.97649 -5.27649 -3.07734 -4.61659 -0.223506 3.40463e+07 2.7226e+14 0.000141573 0.000489266 7.72257e-16 2.13422e-08 278247 0 0 2.14903e-10 0 0 0.00593895 0 0 0 0 0 0 3.02319e+12 3.02319e+12 3.02319e+12 3.02319e+12 
0.0905 -1.96258 -5.26258 -3.06342 -4.60268 -0.237418 3.40484e+07 2.72249e+14 0.000141577 0.000489273 7.72324e-16 2.13417e-08 278254 0 0 2.14927e-10 0 0 0.00593895 0 0 0 0 0 0 3.02331e+12 3.02331e+12 3.02331e+12 3.02331e+12 
0.091 -1.94867 -5.24867 -3.04951 -4.58876 -0.251331 3.40505e+07 2.72238e+14 0.00014158 0.00048928 7.72391e-16 2.13411e-08 278261 0 0 2.14951e-10 0 0 0.00593895 0 0 0 0 0 0 3.02343e+12 3.02343e+12 3.02343e+12 3.02343e+12 
0.0915 -1.93476 -5.23476 -3.03559 -4.57485 -0.265244 3.40527e+07 2.72228e+14 0.000141584 0.000489287 7.72459e-16 2.13406e-08 278268 0 0 2.14976e-10 0 0 0.00593895 0 0 0 0 0 0 3.02355e+12 3.02355e+12 3.02355e+12 3.02355e+12 
0.092 -1.92084 -5.22084 -3.02168 -4.56093 -0.279158 3.40548e+07 2.72217e+14 0.000141587 0.000489294 7.72526e-16 2.134e-08 278275 0 0 2.15e-10 0 0 0.00593895 0 0 0 0 0 0 3.02367e+12 3.02367e+12 3.02367e+12 3.02367e+12 
0.0925 -1.90693 -5.20693 -3.00776 -4.54702 -0.293072 3.40569e+07 2.72206e+14 0.000141591 0.000489301 7.72594e-16 2.13395e-08 278282 0 0 2.15024e-10 0 0 0.00593895 0 0 0 0 0 0 3.02379e+12 3.02379e+12 3.02379e+12 3.02379e+12 
0.093 -1.89301 -5.19301 -2.99385 -4.5331 -0.306986 3.4059e+07 2.72195e+14 0.000141595 0.000489308 7.72661e-16 2.1339e-08 278289 0 0 2.15048e-10 0 0 0.00593895 0 0 0 0 0 0 3.02391e+12 3.02391e+12 3.02391e+12 3.02391e+12 
0.0935 -1.8791 -5.1791 -2.97993 -4.51919 -0.320901 3.40611e+07 2.72185e+14 0.000141598 0.000489315 7.72728e-16 2.13384e-08 278296 0 0 2.15072e-10 0 0 0.00593895 0 0 0 0 0 0 3.02403e+12 3.02403e+12 3.02403e+12 3.02403e+12 
0.094 -1.86518 -5.16518 -2.96601 -4.50527 -0.334816 3.40632e+07 2.72174e+14 0.000141602 0.000489322 7.72796e-16 2.13379e-08 278303 0 0 2.15097e-10 0 0 0.00593895 0 0 0 0 0 0 3.02415e+12 3.02415e+12 3.02415e+12 3.02415e+12 
0.0945 -1.85127 -5.15127 -2.9521 -4.49135 -0.348731 3.40654e+07 2.72163e+14 0.000141605 0.000489329 7.72863e-16 2.13373e-08 278310 0 0 2.15121e-10 0 0 0.00593895 0 0 0 0 0 0 3.02427e+12 3.02427e+12 3.02427e+12 3.02427e+12 
0.095 -1.83735 -5.13735 -2.93818 -4.47744 -0.362647 3.40675e+07 2.72152e+14 0.000141609 0.000489336 7.7293e-16 2.13368e-08 278317 0 0 2.15145e-10 0 0 0.00593895 0 0 0 0 0 0 3.02438e+12 3.02438e+12 3.02438e+12 3.02438e+12 
0.0955 -1.82344 -5.12344 -2.92426 -4.46352 -0.376563 3.40696e+07 2.72141e+14 0.000141612 0.000489343 7.72998e-16 2.13363e-08 278324 0 0 2.15169e-10 0 0 0.00593895 0 0 0 0 0 0 3.0245e+12 3.0245e+12 3.0245e+12 3.0245e+12 
0.096 -1.80952 -5.10952 -2.91034 -4.4496 -0.390479 3.40717e+07 2.72131e+14 0.000141616 0.00048935 7.73065e-16 2.13357e-08 278331 0 0 2.15193e-10 0 0 0.00593895 0 0 0 0 0 0 3.02462e+12 3.02462e+12 3.02462e+12 3.02462e+12 
0.0965 -1.7956 -5.0956 -2.89642 -4.43568 -0.404396 3.40738e+07 2.7212e+14 0.000141619 0.000489357 7.73133e-16 2.13352e-08 278338 0 0 2.15218e-10 0 0 0.00593895 0 0 0 0 0 0 3.02474e+12 3.02474e+12 3.02474e+12 3.02474e+12 
0.097 -1.78169 -5.08169 -2.88251 -4.42177 -0.418313 3.4076e+07 2.72109e+14 0.000141623 0.000489364 7.732e-16 2.13347e-08 278345 0 0 2.15242e-10 0 0 0.00593895 0 0 0 0 0 0 3.02486e+12 3.02486e+12 3.02486e+12 3.02486e+12 
0.0975 -1.76777 -5.06777 -2.86859 -4.40785 -0.43223 3.40781e+07 2.72098e+14 0.000141626 0.000489371 7.73267e-16 2.13341e-08 278352 0 0 2.15266e-10 0 0 0.00593895 0 0 0 0 0 0 3.02498e+12 3.02498e+12 3.02498e+12 3.02498e+12 
0.098 -1.75385 -5.05385 -2.85467 -4.39393 -0.446148 3.40802e+07 2.72088e+14 0.00014163 0.000489378 7.73335e-16 2.13336e-08 278359 0 0 2.1529e-10 0 0 0.00593895 0 0 0 0 0 0 3.0251e+12 3.0251e+12 3.0251e+12 3.0251e+12 
0.0985 -1.73993 -5.03993 -2.84075 -4.38001 -0.460066 3.40823e+07 2.72077e+14 0.000141633 0.000489385 7.73402e-16 2.1333e-08 278366 0 0 2.15314e-10 0 0 0.00593895 0 0 0 0 0 0 3.02522e+12 3.02522e+12 3.02522e+12 3.02522e+12 
0.099 -1.72602 -5.02602 -2.82683 -4.36609 -0.473985 3.40844e+07 2.72066e+14 0.000141637 0.000489392 7.73469e-16 2.13325e-08 278373 0 0 2.15339e-10 0 0 0.00593895 0 0 0 0 0 0 3.02533e+12 3.02533e+12 3.02533e+12 3.02533e+12 
0.0995 -1.7121 -5.0121 -2.81291 -4.35217 -0.487904 3.40865e+07 2.72055e+14 0.000141641 0.000489399 7.73537e-16 2.1332e-08 278380 0 0 2.15363e-10 0 0 0.00593895 0 0 0 0 0 0 3.02545e+12 3.02545e+12 3.02545e+12 3.02545e+12 
0.1 -1.69818 -4.99818 -2.79899 -4.33825 -0.501823 3.40887e+07 2.72045e+14 0.000141644 0.000489406 7.73604e-16 2.13314e-08 278387 0 0 2.15387e-10 0 0 0.00593895 0 0 0 0 0 0 3.02557e+12 3.02557e+12 3.02557e+12 3.02557e+12 
0.1005 -1.68426 -4.98426 -2.78506 -4.32433 -0.515742 3.40908e+07 2.72034e+14 0.000141648 0.000489413 7.73672e-16 2.13309e-08 278394 0 0 2.15411e-10 0 0 0.00593895 0 0 0 0 0 0 3.02569e+12 3.02569e+12 3.02569e+12 3.02569e+12 
0.101 -1.67034 -4.97034 -2.77114 -4.31041 -0.529662 3.40929e+07 2.72023e+14 0.000141651 0.00048942 7.73739e-16 2.13303e-08 278401 0 0 2.15435e-10 0 0 0.00593895 0 0 0 0 0 0 3.02581e+12 3.02581e+12 3.02581e+12 3.02581e+12 
0.1015 -1.65642 -4.95642 -2.75722 -4.29648 -0.543583 3.4095e+07 2.72012e+14 0.000141655 0.000489427 7.73806e-16 2.13298e-08 278408 0 0 2.1546e-10 0 0 0.00593895 0 0 0 0 0 0 3.02593e+12 3.02593e+12 3.02593e+12 3.02593e+12 
0.102 -1.6425 -4.9425 -2.7433 -4.28256 -0.557503 3.40971e+07 2.72002e+14 0.000141658 0.000489434 7.73874e-16 2.13293e-08 278416 0 0 2.15484e-10 0 0 0.00593895 0 0 0 0 0 0 3.02605e+12 3.02605e+12 3.02605e+12 3.02605e+12 
0.1025 -1.62858 -4.92858 -2.72938 -4.26864 -0.571424 3.40993e+07 2.71991e+14 0.000141662 0.000489441 7.73941e-16 2.13287e-08 278423 0 0 2.15508e-10 0 0 0.00593895 0 0 0 0 0 0 3.02617e+12 3.02617e+12 3.02617e+12 3.02617e+12 
0.103 -1.61465 -4.91465 -2.71545 -4.25472 -0.585345 3.41014e+07 2.7198e+14 0.000141665 0.000489448 7.74009e-16 2.13282e-08 278430 0 0 2.15532e-10 0 0 0.00593895 0 0 0 0 0 0 3.02628e+12 3.02628e+12 3.02628e+12 3.02628e+12 
0.1035 -1.60073 -4.90073 -2.70153 -4.24079 -0.599267 3.41035e+07 2.71969e+14 0.000141669 0.000489455 7.74076e-16 2.13277e-08 278437 0 0 2.15556e-10 0 0 0.00593895 0 0 0 0 0 0 3.0264e+12 3.0264e+12 3.0264e+12 3.0264e+12 
0.104 -1.58681 -4.88681 -2.68761 -4.22687 -0.613189 3.41056e+07 2.71959e+14 0.000141672 0.000489462 7.74143e-16 2.13271e-08 278444 0 0 2.15581e-10 0 0 0.00593895 0 0 0 0 0 0 3.02652e+12 3.02652e+12 3.02652e+12 3.02652e+12 
0.1045 -1.57289 -4.87289 -2.67368 -4.21295 -0.627111 3.41077e+07 2.71948e+14 0.000141676 0.000489469 7.74211e-16 2.13266e-08 278451 0 0 2.15605e-10 0 0 0.00593895 0 0 0 0 0 0 3.02664e+12 3.02664e+12 3.02664e+12 3.02664e+12 
0.105 -1.55897 -4.85897 -2.65976 -4.19902 -0.641034 3.41098e+07 2.71937e+14 0.000141679 0.000489476 7.74278e-16 2.1326e-08 278458 0 0 2.15629e-10 0 0 0.00593895 0 0 0 0 0 0 3.02676e+12 3.02676e+12 3.02676e+12 3.02676e+12 
0.1055 -1.54504 -4.84504 -2.64583 -4.1851 -0.654957 3.4112e+07 2.71926e+14 0.000141683 0.000489483 7.74345e-16 2.13255e-08 278465 0 0 2.15653e-10 0 0 0.00593895 0 0 0 0 0 0 3.02688e+12 3.02688e+12 3.02688e+12 3.02688e+12 
0.106 -1.53112 -4.83112 -2.63191 -4.17117 -0.668881 3.41141e+07 2.71916e+14 0.000141687 0.00048949 7.74413e-16 2.1325e-08 278472 0 0 2.15677e-10 0 0 0.00593895 0 0 0 0 0 0 3.027e+12 3.027e+12 3.027e+12 3.027e+12 
0.1065 -1.5172 -4.8172 -2.61798 -4.15725 -0.682804 3.41162e+07 2.71905e+14 0.00014169 0.000489497 7.7448e-16 2.13244e-08 278479 0 0 2.15702e-10 0 0 0.00593895 0 0 0 0 0 0 3.02712e+12 3.02712e+12 3.02712e+12 3.02712e+12 
0.107 -1.50327 -4.80327 -2.60406 -4.14332 -0.696729 3.41183e+07 2.71894e+14 0.000141694 0.000489504 7.74548e-16 2.13239e-08 278486 0 0 2.15726e-10 0 0 0.00593895 0 0 0 0 0 0 3.02723e+12 3.02723e+12 3.02723e+12 3.02723e+12 
0.1075 -1.48935 -4.78935 -2.59013 -4.1294 -0.710653 3.41204e+07 2.71883e+14 0.000141697 0.000489511 7.74615e-16 2.13233e-08 278493 0 0 2.1575e-10 0 0 0.00593895 0 0 0 0 0 0 3.02735e+12 3.02735e+12 3.02735e+12 3.02735e+12 
0.108 -1.47542 -4.77542 -2.57621 -4.11547 -0.724578 3.41225e+07 2.71873e+14 0.000141701 0.000489518 7.74682e-16 2.13228e-08 278500 0 0 2.15774e-10 0 0 0.00593895 0 0 0 0 0 0 3.02747e+12 3.02747e+12 3.02747e+12 3.02747e+12 
0.1085 -1.4615 -4.7615 -2.56228 -4.10155 -0.738503 3.41247e+07 2.71862e+14 0.000141704 0.000489525 7.7475e-16 2.13223e-08 278507 0 0 2.15798e-10 0 0 0.00593895 0 0 0 0 0 0 3.02759e+12 3.02759e+12 3.02759e+12 3.02759e+12 
0.109 -1.44757 -4.74757 -2.54835 -4.08762 -0.752429 3.41268e+07 2.71851e+14 0.000141708 0.000489532 7.74817e-16 2.13217e-08 278514 0 0 2.15823e-10 0 0 0.00593895 0 0 0 0 0 0 3.02771e+12 3.02771e+12 3.02771e+12 3.02771e+12 
0.1095 -1.43365 -4.73365 -2.53442 -4.07369 -0.766354 3.41289e+07 2.7184e+14 0.000141711 0.000489539 7.74885e-16 2.13212e-08 278521 0 0 2.15847e-10 0 0 0.00593895 0 0 0 0 0 0 3.02783e+12 3.02783e+12 3.02783e+12 3.02783e+12 
0.11 -1.41972 -4.71972 -2.5205 -4.05976 -0.780281 3.4131e+07 2.7183e+14 0.000141715 0.000489546 7.74952e-16 2.13207e-08 278528 0 0 2.15871e-10 0 0 0.00593895 0 0 0 0 0 0 3.02795e+12 3.02795e+12 3.02795e+12 3.02795e+12 
0.1105 -1.40579 -4.70579 -2.50657 -4.04584 -0.794207 3.41331e+07 2.71819e+14 0.000141718 0.000489553 7.75019e-16 2.13201e-08 278535 0 0 2.15895e-10 0 0 0.00593895 0 0 0 0 0 0 3.02806e+12 3.02806e+12 3.02806e+12 3.02806e+12 
0.111 -1.39187 -4.69187 -2.49264 -4.03191 -0.808134 3.41352e+07 2.71808e+14 0.000141722 0.00048956 7.75087e-16 2.13196e-08 278542 0 0 2.15919e-10 0 0 0.00593895 0 0 0 0 0 0 3.02818e+12 3.02818e+12 3.02818e+12 3.02818e+12 
0.1115 -1.37794 -4.67794 -2.47871 -4.01798 -0.822061 3.41373e+07 2.71797e+14 0.000141725 0.000489567 7.75154e-16 2.1319e-08 278549 0 0 2.15944e-10 0 0 0.00593895 0 0 0 0 0 0 3.0283e+12 3.0283e+12 3.0283e+12 3.0283e+12 
0.112 -1.36401 -4.66401 -2.46478 -4.00405 -0.835989 3.41395e+07 2.71787e+14 0.000141729 0.000489574 7.75222e-16 2.13185e-08 278556 0 0 2.15968e-10 0 0 0.00593895 0 0 0 0 0 0 3.02842e+12 3.02842e+12 3.02842e+12 3.02842e+12 
0.1125 -1.35008 -4.65008 -2.45085 -3.99012 -0.849917 3.41416e+07 2.71776e+14 0.000141733 0.000489581 7.75289e-16 2.1318e-08 278563 0 0 2.15992e-10 0 0 0.00593895 0 0 0 0 0 0 3.02854e+12 3.02854e+12 3.02854e+12 3.02854e+12 
0.113 -1.33615 -4.63615 -2.43692 -3.97619 -0.863845 3.41437e+07 2.71765e+14 0.000141736 0.000489588 7.75356e-16 2.13174e-08 278570 0 0 2.16016e-10 0 0 0.00593895 0 0 0 0 0 0 3.02866e+12 3.02866e+12 3.02866e+12 3.02866e+12 
0.1135 -1.32223 -4.62223 -2.42299 -3.96226 -0.877774 3.41458e+07 2.71754e+14 0.00014174 0.000489595 7.75424e-16 2.13169e-08 278577 0 0 2.16041e-10 0 0 0.00593895 0 0 0 0 0 0 3.02878e+12 3.02878e+12 3.02878e+12 3.02878e+12 
0.114 -1.3083 -4.6083 -2.40906 -3.94833 -0.891703 3.41479e+07 2.71744e+14 0.000141743 0.000489602 7.75491e-16 2.13164e-08 278584 0 0 2.16065e-10 0 0 0.00593895 0 0 0 0 0 0 3.02889e+12 3.02889e+12 3.02889e+12 3.02889e+12 
0.1145 -1.29437 -4.59437 -2.39513 -3.9344 -0.905632 3.415e+07 2.71733e+14 0.000141747 0.000489609 7.75559e-16 2.13158e-08 278591 0 0 2.16089e-10 0 0 0.00593895 0 0 0 0 0 0 3.02901e+12 3.02901e+12 3.02901e+12 3.02901e+12 
0.115 -1.28044 -4.58044 -2.3812 -3.92047 -0.919562 3.41522e+07 2.71722e+14 0.00014175 0.000489616 7.75626e-16 2.13153e-08 278598 0 0 2.16113e-10 0 0 0.00593895 0 0 0 0 0 0 3.02913e+12 3.02913e+12 3.02913e+12 3.02913e+12 
0.1155 -1.26651 -4.56651 -2.36727 -3.90654 -0.933492 3.41543e+07 2.71712e+14 0.000141754 0.000489623 7.75693e-16 2.13147e-08 278605 0 0 2.16138e-10 0 0 0.00593895 0 0 0 0 0 0 3.02925e+12 3.02925e+12 3.02925e+12 3.02925e+12 
0.116 -1.25258 -4.55258 -2.35333 -3.89261 -0.947423 3.41564e+07 2.71701e+14 0.000141757 0.00048963 7.75761e-16 2.13142e-08 278612 0 0 2.16162e-10 0 0 0.00593895 0 0 0 0 0 0 3.02937e+12 3.02937e+12 3.02937e+12 3.02937e+12 
0.1165 -1.23865 -4.53865 -2.3394 -3.87867 -0.961354 3.41585e+07 2.7169e+14 0.000141761 0.000489637 7.75828e-16 2.13137e-08 278619 0 0 2.16186e-10 0 0 0.00593895 0 0 0 0 0 0 3.02949e+12 3.02949e+12 3.02949e+12 3.02949e+12 
0.117 -1.22472 -4.52472 -2.32547 -3.86474 -0.975285 3.41606e+07 2.71679e+14 0.000141764 0.000489644 7.75896e-16 2.13131e-08 278626 0 0 2.1621e-10 0 0 0.00593895 0 0 0 0 0 0 3.02961e+12 3.02961e+12 3.02961e+12 3.02961e+12 
0.1175 -1.21078 -4.51078 -2.31154 -3.85081 -0.989216 3.41627e+07 2.71669e+14 0.000141768 0.000489651 7.75963e-16 2.13126e-08 278633 0 0 2.16234e-10 0 0 0.00593895 0 0 0 0 0 0 3.02972e+12 3.02972e+12 3.02972e+12 3.02972e+12 
0.118 -1.19685 -4.49685 -2.2976 -3.83688 -1.00315 3.41648e+07 2.71658e+14 0.000141771 0.000489658 7.7603e-16 2.13121e-08 278640 0 0 2.16259e-10 0 0 0.00593895 0 0 0 0 0 0 3.02984e+12 3.02984e+12 3.02984e+12 3.02984e+12 
0.1185 -1.18292 -4.48292 -2.28367 -3.82294 -1.01708 3.4167e+07 2.71647e+14 0.000141775 0.000489665 7.76098e-16 2.13115e-08 278647 0 0 2.16283e-10 0 0 0.00593895 0 0 0 0 0 0 3.02996e+12 3.02996e+12 3.02996e+12 3.02996e+12 
0.119 -1.16899 -4.46899 -2.26973 -3.80901 -1.03101 3.41691e+07 2.71636e+14 0.000141779 0.000489672 7.76165e-16 2.1311e-08 278654 0 0 2.16307e-10 0 0 0.00593895 0 0 0 0 0 0 3.03008e+12 3.03008e+12 3.03008e+12 3.03008e+12 
0.1195 -1.15505 -4.45505 -2.2558 -3.79507 -1.04495 3.41712e+07 2.71626e+14 0.000141782 0.000489679 7.76233e-16 2.13104e-08 278661 0 0 2.16331e-10 0 0 0.00593895 0 0 0 0 0 0 3.0302e+12 3.0302e+12 3.0302e+12 3.0302e+12 
0.12 -1.14112 -4.44112 -2.24187 -3.78114 -1.05888 3.41733e+07 2.71615e+14 0.000141786 0.000489686 7.763e-16 2.13099e-08 278668 0 0 2.16356e-10 0 0 0.00593895 0 0 0 0 0 0 3.03032e+12 3.03032e+12 3.03032e+12 3.03032e+12 
0.1205 -1.12719 -4.42719 -2.22793 -3.76721 -1.07281 3.41754e+07 2.71604e+14 0.000141789 0.000489693 7.76367e-16 2.13094e-08 278675 0 0 2.1638e-10 0 0 0.00593895 0 0 0 0 0 0 3.03044e+12 3.03044e+12 3.03044e+12 3.03044e+12 
0.121 -1.11325 -4.41325 -2.21399 -3.75327 -1.08675 3.41775e+07 2.71594e+14 0.000141793 0.0004897 7.76435e-16 2.13088e-08 278683 0 0 2.16404e-10 0 0 0.00593895 0 0 0 0 0 0 3.03055e+12 3.03055e+12 3.03055e+12 3.03055e+12 
0.1215 -1.09932 -4.39932 -2.20006 -3.73933 -1.10068 3.41796e+07 2.71583e+14 0.000141796 0.000489707 7.76502e-16 2.13083e-08 278690 0 0 2.16428e-10 0 0 0.00593895 0 0 0 0 0 0 3.03067e+12 3.03067e+12 3.03067e+12 3.03067e+12 
0.122 -1.08538 -4.38538 -2.18612 -3.7254 -1.11462 3.41818e+07 2.71572e+14 0.0001418 0.000489714 7.7657e-16 2.13078e-08 278697 0 0 2.16453e-10 0 0 0.00593895 0 0 0 0 0 0 3.03079e+12 3.03079e+12 3.03079e+12 3.03079e+12 
0.1225 -1.07145 -4.37145 -2.17219 -3.71146 -1.12855 3.41839e+07 2.71561e+14 0.000141803 0.000489721 7.76637e-16 2.13072e-08 278704 0 0 2.16477e-10 0 0 0.00593895 0 0 0 0 0 0 3.03091e+12 3.03091e+12 3.03091e+12 3.03091e+12 
0.123 -1.05751 -4.35751 -2.15825 -3.69753 -1.14249 3.4186e+07 2.71551e+14 0.000141807 0.000489728 7.76705e-16 2.13067e-08 278711 0 0 2.16501e-10 0 0 0.00593895 0 0 0 0 0 0 3.03103e+12 3.03103e+12 3.03103e+12 3.03103e+12 
0.1235 -1.04358 -4.34358 -2.14431 -3.68359 -1.15642 3.41881e+07 2.7154e+14 0.00014181 0.000489735 7.76772e-16 2.13062e-08 278718 0 0 2.16525e-10 0 0 0.00593895 0 0 0 0 0 0 3.03115e+12 3.03115e+12 3.03115e+12 3.03115e+12 
0.124 -1.02964 -4.32964 -2.13037 -3.66965 -1.17036 3.41902e+07 2.71529e+14 0.000141814 0.000489742 7.76839e-16 2.13056e-08 278725 0 0 2.1655e-10 0 0 0.00593895 0 0 0 0 0 0 3.03126e+12 3.03126e+12 3.03126e+12 3.03126e+12 
0.1245 -1.01571 -4.31571 -2.11644 -3.65571 -1.18429 3.41923e+07 2.71519e+14 0.000141818 0.000489749 7.76907e-16 2.13051e-08 278732 0 0 2.16574e-10 0 0 0.00593895 0 0 0 0 0 0 3.03138e+12 3.03138e+12 3.03138e+12 3.03138e+12 
0.125 -1.00177 -4.30177 -2.1025 -3.64178 -1.19823 3.41944e+07 2.71508e+14 0.000141821 0.000489756 7.76974e-16 2.13045e-08 278739 0 0 2.16598e-10 0 0 0.00593895 0 0 0 0 0 0 3.0315e+12 3.0315e+12 3.0315e+12 3.0315e+12 
0.1255 -0.987832 -4.28783 -2.08856 -3.62784 -1.21217 3.41966e+07 2.71497e+14 0.000141825 0.000489763 7.77042e-16 2.1304e-08 278746 0 0 2.16622e-10 0 0 0.00593895 0 0 0 0 0 0 3.03162e+12 3.03162e+12 3.03162e+12 3.03162e+12 
0.126 -0.973895 -4.27389 -2.07462 -3.6139 -1.22611 3.41987e+07 2.71486e+14 0.000141828 0.00048977 7.77109e-16 2.13035e-08 278753 0 0 2.16646e-10 0 0 0.00593895 0 0 0 0 0 0 3.03174e+12 3.03174e+12 3.03174e+12 3.03174e+12 
0.1265 -0.959957 -4.25996 -2.06068 -3.59996 -1.24004 3.42008e+07 2.71476e+14 0.000141832 0.000489777 7.77177e-16 2.13029e-08 278760 0 0 2.16671e-10 0 0 0.00593895 0 0 0 0 0 0 3.03186e+12 3.03186e+12 3.03186e+12 3.03186e+12 
0.127 -0.946019 -4.24602 -2.04674 -3.58602 -1.25398 3.42029e+07 2.71465e+14 0.000141835 0.000489784 7.77244e-16 2.13024e-08 278767 0 0 2.16695e-10 0 0 0.00593895 0 0 0 0 0 0 3.03197e+12 3.03197e+12 3.03197e+12 3.03197e+12 
0.1275 -0.93208 -4.23208 -2.0328 -3.57208 -1.26792 3.4205e+07 2.71454e+14 0.000141839 0.000489791 7.77311e-16 2.13019e-08 278774 0 0 2.16719e-10 0 0 0.00593895 0 0 0 0 0 0 3.03209e+12 3.03209e+12 3.03209e+12 3.03209e+12 
0.128 -0.918141 -4.21814 -2.01886 -3.55814 -1.28186 3.42071e+07 2.71444e+14 0.000141842 0.000489798 7.77379e-16 2.13013e-08 278781 0 0 2.16743e-10 0 0 0.00593895 0 0 0 0 0 0 3.03221e+12 3.03221e+12 3.03221e+12 3.03221e+12 
0.1285 -0.904202 -4.2042 -2.00492 -3.5442 -1.2958 3.42092e+07 2.71433e+14 0.000141846 0.000489805 7.77446e-16 2.13008e-08 278788 0 0 2.16768e-10 0 0 0.00593895 0 0 0 0 0 0 3.03233e+12 3.03233e+12 3.03233e+12 3.03233e+12 
0.129 -0.890263 -4.19026 -1.99098 -3.53026 -1.30974 3.42114e+07 2.71422e+14 0.000141849 0.000489812 7.77514e-16 2.13003e-08 278795 0 0 2.16792e-10 0 0 0.00593895 0 0 0 0 0 0 3.03245e+12 3.03245e+12 3.03245e+12 3.03245e+12 
0.1295 -0.876323 -4.17632 -1.97704 -3.51632 -1.32368 3.42135e+07 2.71411e+14 0.000141853 0.000489819 7.77581e-16 2.12997e-08 278802 0 0 2.16816e-10 0 0 0.00593895 0 0 0 0 0 0 3.03257e+12 3.03257e+12 3.03257e+12 3.03257e+12 
0.13 -0.862382 -4.16238 -1.96309 -3.50238 -1.33762 3.42156e+07 2.71401e+14 0.000141856 0.000489826 7.77648e-16 2.12992e-08 278809 0 0 2.16841e-10 0 0 0.00593895 0 0 0 0 0 0 3.03268e+12 3.03268e+12 3.03268e+12 3.03268e+12 
0.1305 -0.848442 -4.14844 -1.94915 -3.48843 -1.35156 3.42177e+07 2.7139e+14 0.00014186 0.000489833 7.77716e-16 2.12986e-08 278816 0 0 2.16865e-10 0 0 0.00593895 0 0 0 0 0 0 3.0328e+12 3.0328e+12 3.0328e+12 3.0328e+12 
0.131 -0.834501 -4.1345 -1.93521 -3.47449 -1.3655 3.42198e+07 2.71379e+14 0.000141864 0.00048984 7.77783e-16 2.12981e-08 278823 0 0 2.16889e-10 0 0 0.00593895 0 0 0 0 0 0 3.03292e+12 3.03292e+12 3.03292e+12 3.03292e+12 
0.1315 -0.82056 -4.12056 -1.92127 -3.46055 -1.37944 3.42219e+07 2.71369e+14 0.000141867 0.000489847 7.77851e-16 2.12976e-08 278830 0 0 2.16913e-10 0 0 0.00593895 0 0 0 0 0 0 3.03304e+12 3.03304e+12 3.03304e+12 3.03304e+12 
0.132 -0.806618 -4.10662 -1.90732 -3.44661 -1.39338 3.4224e+07 2.71358e+14 0.000141871 0.000489854 7.77918e-16 2.1297e-08 278837 0 0 2.16938e-10 0 0 0.00593895 0 0 0 0 0 0 3.03316e+12 3.03316e+12 3.03316e+12 3.03316e+12 
0.1325 -0.792676 -4.09268 -1.89338 -3.43266 -1.40732 3.42261e+07 2.71347e+14 0.000141874 0.000489861 7.77986e-16 2.12965e-08 278844 0 0 2.16962e-10 0 0 0.00593895 0 0 0 0 0 0 3.03327e+12 3.03327e+12 3.03327e+12 3.03327e+12 
0.133 -0.778734 -4.07873 -1.87944 -3.41872 -1.42127 3.42283e+07 2.71336e+14 0.000141878 0.000489868 7.78053e-16 2.1296e-08 278851 0 0 2.16986e-10 0 0 0.00593895 0 0 0 0 0 0 3.03339e+12 3.03339e+12 3.03339e+12 3.03339e+12 
0.1335 -0.764791 -4.06479 -1.86549 -3.40478 -1.43521 3.42304e+07 2.71326e+14 0.000141881 0.000489875 7.7812e-16 2.12954e-08 278858 0 0 2.1701e-10 0 0 0.00593895 0 0 0 0 0 0 3.03351e+12 3.03351e+12 3.03351e+12 3.03351e+12 
0.134 -0.750848 -4.05085 -1.85155 -3.39083 -1.44915 3.42325e+07 2.71315e+14 0.000141885 0.000489882 7.78188e-16 2.12949e-08 278865 0 0 2.17035e-10 0 0 0.00593895 0 0 0 0 0 0 3.03363e+12 3.03363e+12 3.03363e+12 3.03363e+12 
0.1345 -0.736904 -4.0369 -1.8376 -3.37689 -1.4631 3.42346e+07 2.71304e+14 0.000141888 0.000489889 7.78255e-16 2.12944e-08 278872 0 0 2.17059e-10 0 0 0.00593895 0 0 0 0 0 0 3.03375e+12 3.03375e+12 3.03375e+12 3.03375e+12 
0.135 -0.722961 -4.02296 -1.82366 -3.36294 -1.47704 3.42367e+07 2.71294e+14 0.000141892 0.000489896 7.78323e-16 2.12938e-08 278879 0 0 2.17083e-10 0 0 0.00593895 0 0 0 0 0 0 3.03387e+12 3.03387e+12 3.03387e+12 3.03387e+12 
0.1355 -0.709016 -4.00902 -1.80971 -3.349 -1.49098 3.42388e+07 2.71283e+14 0.000141895 0.000489903 7.7839e-16 2.12933e-08 278886 0 0 2.17107e-10 0 0 0.00593895 0 0 0 0 0 0 3.03398e+12 3.03398e+12 3.03398e+12 3.03398e+12 
0.136 -0.695072 -3.99507 -1.79576 -3.33505 -1.50493 3.42409e+07 2.71272e+14 0.000141899 0.00048991 7.78458e-16 2.12928e-08 278893 0 0 2.17132e-10 0 0 0.00593895 0 0 0 0 0 0 3.0341e+12 3.0341e+12 3.0341e+12 3.0341e+12 
0.1365 -0.681127 -3.98113 -1.78182 -3.3211 -1.51887 3.4243e+07 2.71262e+14 0.000141902 0.000489917 7.78525e-16 2.12922e-08 278900 0 0 2.17156e-10 0 0 0.00593895 0 0 0 0 0 0 3.03422e+12 3.03422e+12 3.03422e+12 3.03422e+12 
0.137 -0.667182 -3.96718 -1.76787 -3.30716 -1.53282 3.42452e+07 2.71251e+14 0.000141906 0.000489924 7.78593e-16 2.12917e-08 278907 0 0 2.1718e-10 0 0 0.00593895 0 0 0 0 0 0 3.03434e+12 3.03434e+12 3.03434e+12 3.03434e+12 
0.1375 -0.653236 -3.95324 -1.75392 -3.29321 -1.54676 3.42473e+07 2.7124e+14 0.00014191 0.000489931 7.7866e-16 2.12912e-08 278914 0 0 2.17204e-10 0 0 0.00593895 0 0 0 0 0 0 3.03446e+12 3.03446e+12 3.03446e+12 3.03446e+12 
0.138 -0.639291 -3.93929 -1.73998 -3.27926 -1.56071 3.42494e+07 2.7123e+14 0.000141913 0.000489938 7.78727e-16 2.12906e-08 278921 0 0 2.17229e-10 0 0 0.00593895 0 0 0 0 0 0 3.03457e+12 3.03457e+12 3.03457e+12 3.03457e+12 
0.1385 -0.625344 -3.92534 -1.72603 -3.26532 -1.57466 3.42515e+07 2.71219e+14 0.000141917 0.000489945 7.78795e-16 2.12901e-08 278928 0 0 2.17253e-10 0 0 0.00593895 0 0 0 0 0 0 3.03469e+12 3.03469e+12 3.03469e+12 3.03469e+12 
0.139 -0.611398 -3.9114 -1.71208 -3.25137 -1.5886 3.42536e+07 2.71208e+14 0.00014192 0.000489952 7.78862e-16 2.12895e-08 278935 0 0 2.17277e-10 0 0 0.00593895 0 0 0 0 0 0 3.03481e+12 3.03481e+12 3.03481e+12 3.03481e+12 
0.1395 -0.597451 -3.89745 -1.69813 -3.23742 -1.60255 3.42557e+07 2.71197e+14 0.000141924 0.000489959 7.7893e-16 2.1289e-08 278942 0 0 2.17302e-10 0 0 0.00593895 0 0 0 0 0 0 3.03493e+12 3.03493e+12 3.03493e+12 3.03493e+12 
0.14 -0.583504 -3.8835 -1.68418 -3.22347 -1.6165 3.42578e+07 2.71187e+14 0.000141927 0.000489966 7.78997e-16 2.12885e-08 278949 0 0 2.17326e-10 0 0 0.00593895 0 0 0 0 0 0 3.03505e+12 3.03505e+12 3.03505e+12 3.03505e+12 
0.1405 -0.569556 -3.86956 -1.67023 -3.20952 -1.63044 3.42599e+07 2.71176e+14 0.000141931 0.000489973 7.79065e-16 2.12879e-08 278956 0 0 2.1735e-10 0 0 0.00593895 0 0 0 0 0 0 3.03516e+12 3.03516e+12 3.03516e+12 3.03516e+12 
0.141 -0.555608 -3.85561 -1.65628 -3.19557 -1.64439 3.4262e+07 2.71165e+14 0.000141934 0.00048998 7.79132e-16 2.12874e-08 278963 0 0 2.17374e-10 0 0 0.00593895 0 0 0 0 0 0 3.03528e+12 3.03528e+12 3.03528e+12 3.03528e+12 
0.1415 -0.54166 -3.84166 -1.64233 -3.18162 -1.65834 3.42642e+07 2.71155e+14 0.000141938 0.000489987 7.792e-16 2.12869e-08 278970 0 0 2.17399e-10 0 0 0.00593895 0 0 0 0 0 0 3.0354e+12 3.0354e+12 3.0354e+12 3.0354e+12 
0.142 -0.527711 -3.82771 -1.62838 -3.16767 -1.67229 3.42663e+07 2.71144e+14 0.000141941 0.000489994 7.79267e-16 2.12863e-08 278977 0 0 2.17423e-10 0 0 0.00593895 0 0 0 0 0 0 3.03552e+12 3.03552e+12 3.03552e+12 3.03552e+12 
0.1425 -0.513762 -3.81376 -1.61443 -3.15372 -1.68624 3.42684e+07 2.71133e+14 0.000141945 0.000490001 7.79334e-16 2.12858e-08 278984 0 0 2.17447e-10 0 0 0.00593895 0 0 0 0 0 0 3.03564e+12 3.03564e+12 3.03564e+12 3.03564e+12 
0.143 -0.499812 -3.79981 -1.60048 -3.13977 -1.70019 3.42705e+07 2.71123e+14 0.000141948 0.000490008 7.79402e-16 2.12853e-08 278991 0 0 2.17471e-10 0 0 0.00593895 0 0 0 0 0 0 3.03575e+12 3.03575e+12 3.03575e+12 3.03575e+12 
0.1435 -0.485863 -3.78586 -1.58653 -3.12582 -1.71414 3.42726e+07 2.71112e+14 0.000141952 0.000490015 7.79469e-16 2.12847e-08 278998 0 0 2.17496e-10 0 0 0.00593895 0 0 0 0 0 0 3.03587e+12 3.03587e+12 3.03587e+12 3.03587e+12 
0.144 -0.471913 -3.77191 -1.57258 -3.11187 -1.72809 3.42747e+07 2.71101e+14 0.000141956 0.000490022 7.79537e-16 2.12842e-08 279005 0 0 2.1752e-10 0 0 0.00593895 0 0 0 0 0 0 3.03599e+12 3.03599e+12 3.03599e+12 3.03599e+12 
0.1445 -0.457962 -3.75796 -1.55863 -3.09792 -1.74204 3.42768e+07 2.71091e+14 0.000141959 0.000490029 7.79604e-16 2.12837e-08 279012 0 0 2.17544e-10 0 0 0.00593895 0 0 0 0 0 0 3.03611e+12 3.03611e+12 3.03611e+12 3.03611e+12 
0.145 -0.444011 -3.74401 -1.54467 -3.08397 -1.75599 3.42789e+07 2.7108e+14 0.000141963 0.000490036 7.79672e-16 2.12831e-08 279019 0 0 2.17569e-10 0 0 0.00593895 0 0 0 0 0 0 3.03623e+12 3.03623e+12 3.03623e+12 3.03623e+12 
0.1455 -0.43006 -3.73006 -1.53072 -3.07001 -1.76994 3.4281e+07 2.71069e+14 0.000141966 0.000490043 7.79739e-16 2.12826e-08 279026 0 0 2.17593e-10 0 0 0.00593895 0 0 0 0 0 0 3.03634e+12 3.03634e+12 3.03634e+12 3.03634e+12 
0.146 -0.416109 -3.71611 -1.51677 -3.05606 -1.78389 3.42832e+07 2.71059e+14 0.00014197 0.00049005 7.79807e-16 2.12821e-08 279033 0 0 2.17617e-10 0 0 0.00593895 0 0 0 0 0 0 3.03646e+12 3.03646e+12 3.03646e+12 3.03646e+12 
0.1465 -0.402157 -3.70216 -1.50281 -3.04211 -1.79784 3.42853e+07 2.71048e+14 0.000141973 0.000490057 7.79874e-16 2.12815e-08 279040 0 0 2.17641e-10 0 0 0.00593895 0 0 0 0 0 0 3.03658e+12 3.03658e+12 3.03658e+12 3.03658e+12 
0.147 -0.388205 -3.6882 -1.48886 -3.02815 -1.8118 3.42874e+07 2.71037e+14 0.000141977 0.000490064 7.79941e-16 2.1281e-08 279047 0 0 2.17666e-10 0 0 0.00593895 0 0 0 0 0 0 3.0367e+12 3.0367e+12 3.0367e+12 3.0367e+12 
0.1475 -0.374252 -3.67425 -1.47491 -3.0142 -1.82575 3.42895e+07 2.71026e+14 0.00014198 0.000490071 7.80009e-16 2.12805e-08 279054 0 0 2.1769e-10 0 0 0.00593895 0 0 0 0 0 0 3.03682e+12 3.03682e+12 3.03682e+12 3.03682e+12 
0.148 -0.360299 -3.6603 -1.46095 -3.00025 -1.8397 3.42916e+07 2.71016e+14 0.000141984 0.000490078 7.80076e-16 2.12799e-08 279061 0 0 2.17714e-10 0 0 0.00593895 0 0 0 0 0 0 3.03693e+12 3.03693e+12 3.03693e+12 3.03693e+12 
0.1485 -0.346346 -3.64635 -1.447 -2.98629 -1.85365 3.42937e+07 2.71005e+14 0.000141987 0.000490085 7.80144e-16 2.12794e-08 279068 0 0 2.17739e-10 0 0 0.00593895 0 0 0 0 0 0 3.03705e+12 3.03705e+12 3.03705e+12 3.03705e+12 
0.149 -0.332393 -3.63239 -1.43304 -2.97234 -1.86761 3.42958e+07 2.70994e+14 0.000141991 0.000490092 7.80211e-16 2.12789e-08 279075 0 0 2.17763e-10 0 0 0.00593895 0 0 0 0 0 0 3.03717e+12 3.03717e+12 3.03717e+12 3.03717e+12 
0.1495 -0.318439 -3.61844 -1.41909 -2.95838 -1.88156 3.42979e+07 2.70984e+14 0.000141994 0.000490099 7.80279e-16 2.12783e-08 279082 0 0 2.17787e-10 0 0 0.00593895 0 0 0 0 0 0 3.03729e+12 3.03729e+12 3.03729e+12 3.03729e+12 
0.15 -0.304484 -3.60448 -1.40513 -2.94443 -1.89552 3.43e+07 2.70973e+14 0.000141998 0.000490106 7.80346e-16 2.12778e-08 279089 0 0 2.17811e-10 0 0 0.00593895 0 0 0 0 0 0 3.03741e+12 3.03741e+12 3.03741e+12 3.03741e+12 
0.1505 -0.29053 -3.59053 -1.39117 -2.93047 -1.90947 3.43021e+07 2.70962e+14 0.000142002 0.000490113 7.80414e-16 2.12773e-08 279096 0 0 2.17836e-10 0 0 0.00593895 0 0 0 0 0 0 3.03752e+12 3.03752e+12 3.03752e+12 3.03752e+12 
0.151 -0.276575 -3.57657 -1.37722 -2.91651 -1.92343 3.43043e+07 2.70952e+14 0.000142005 0.00049012 7.80481e-16 2.12767e-08 279103 0 0 2.1786e-10 0 0 0.00593895 0 0 0 0 0 0 3.03764e+12 3.03764e+12 3.03764e+12 3.03764e+12 
0.1515 -0.262619 -3.56262 -1.36326 -2.90256 -1.93738 3.43064e+07 2.70941e+14 0.000142009 0.000490127 7.80549e-16 2.12762e-08 279110 0 0 2.17884e-10 0 0 0.00593895 0 0 0 0 0 0 3.03776e+12 3.03776e+12 3.03776e+12 3.03776e+12 
0.152 -0.248664 -3.54866 -1.3493 -2.8886 -1.95134 3.43085e+07 2.7093e+14 0.000142012 0.000490134 7.80616e-16 2.12757e-08 279117 0 0 2.17909e-10 0 0 0.00593895 0 0 0 0 0 0 3.03788e+12 3.03788e+12 3.03788e+12 3.03788e+12 
0.1525 -0.234708 -3.53471 -1.33535 -2.87464 -1.96529 3.43106e+07 2.7092e+14 0.000142016 0.000490141 7.80683e-16 2.12751e-08 279124 0 0 2.17933e-10 0 0 0.00593895 0 0 0 0 0 0 3.038e+12 3.038e+12 3.038e+12 3.038e+12 
0.153 -0.220751 -3.52075 -1.32139 -2.86069 -1.97925 3.43127e+07 2.70909e+14 0.000142019 0.000490148 7.80751e-16 2.12746e-08 279131 0 0 2.17957e-10 0 0 0.00593895 0 0 0 0 0 0 3.03811e+12 3.03811e+12 3.03811e+12 3.03811e+12 
0.1535 -0.206795 -3.50679 -1.30743 -2.84673 -1.99321 3.43148e+07 2.70898e+14 0.000142023 0.000490155 7.80818e-16 2.12741e-08 279138 0 0 2.17982e-10 0 0 0.00593895 0 0 0 0 0 0 3.03823e+12 3.03823e+12 3.03823e+12 3.03823e+12 
0.154 -0.192837 -3.49284 -1.29347 -2.83277 -2.00716 3.43169e+07 2.70888e+14 0.000142026 0.000490162 7.80886e-16 2.12735e-08 279145 0 0 2.18006e-10 0 0 0.00593895 0 0 0 0 0 0 3.03835e+12 3.03835e+12 3.03835e+12 3.03835e+12 
0.1545 -0.17888 -3.47888 -1.27951 -2.81881 -2.02112 3.4319e+07 2.70877e+14 0.00014203 0.000490169 7.80953e-16 2.1273e-08 279152 0 0 2.1803e-10 0 0 0.00593895 0 0 0 0 0 0 3.03847e+12 3.03847e+12 3.03847e+12 3.03847e+12 
0.155 -0.164922 -3.46492 -1.26555 -2.80485 -2.03508 3.43211e+07 2.70866e+14 0.000142033 0.000490176 7.81021e-16 2.12725e-08 279159 0 0 2.18054e-10 0 0 0.00593895 0 0 0 0 0 0 3.03858e+12 3.03858e+12 3.03858e+12 3.03858e+12 
0.1555 -0.150964 -3.45096 -1.25159 -2.79089 -2.04904 3.43232e+07 2.70856e+14 0.000142037 0.000490183 7.81088e-16 2.12719e-08 279166 0 0 2.18079e-10 0 0 0.00593895 0 0 0 0 0 0 3.0387e+12 3.0387e+12 3.0387e+12 3.0387e+12 
0.156 -0.137006 -3.43701 -1.23763 -2.77693 -2.06299 3.43254e+07 2.70845e+14 0.000142041 0.00049019 7.81156e-16 2.12714e-08 279173 0 0 2.18103e-10 0 0 0.00593895 0 0 0 0 0 0 3.03882e+12 3.03882e+12 3.03882e+12 3.03882e+12 
0.1565 -0.123047 -3.42305 -1.22367 -2.76297 -2.07695 3.43275e+07 2.70834e+14 0.000142044 0.000490197 7.81223e-16 2.12709e-08 279180 0 0 2.18127e-10 0 0 0.00593895 0 0 0 0 0 0 3.03894e+12 3.03894e+12 3.03894e+12 3.03894e+12 
0.157 -0.109088 -3.40909 -1.20971 -2.74901 -2.09091 3.43296e+07 2.70824e+14 0.000142048 0.000490204 7.81291e-16 2.12703e-08 279187 0 0 2.18152e-10 0 0 0.00593895 0 0 0 0 0 0 3.03906e+12 3.03906e+12 3.03906e+12 3.03906e+12 
0.1575 -0.095128 -3.39513 -1.19575 -2.73505 -2.10487 3.43317e+07 2.70813e+14 0.000142051 0.000490211 7.81358e-16 2.12698e-08 279194 0 0 2.18176e-10 0 0 0.00593895 0 0 0 0 0 0 3.03917e+12 3.03917e+12 3.03917e+12 3.03917e+12 
0.158 -0.0811681 -3.38117 -1.18179 -2.72109 -2.11883 3.43338e+07 2.70802e+14 0.000142055 0.000490218 7.81426e-16 2.12693e-08 279201 0 0 2.182e-10 0 0 0.00593895 0 0 0 0 0 0 3.03929e+12 3.03929e+12 3.03929e+12 3.03929e+12 
0.1585 -0.0672079 -3.36721 -1.16783 -2.70713 -2.13279 3.43359e+07 2.70792e+14 0.000142058 0.000490225 7.81493e-16 2.12687e-08 279208 0 0 2.18225e-10 0 0 0.00593895 0 0 0 0 0 0 3.03941e+12 3.03941e+12 3.03941e+12 3.03941e+12 
0.159 -0.0532473 -3.35325 -1.15386 -2.69317 -2.14675 3.4338e+07 2.70781e+14 0.000142062 0.000490232 7.81561e-16 2.12682e-08 279215 0 0 2.18249e-10 0 0 0.00593895 0 0 0 0 0 0 3.03953e+12 3.03953e+12 3.03953e+12 3.03953e+12 
0.1595 -0.0392863 -3.33929 -1.1399 -2.6792 -2.16071 3.43401e+07 2.70771e+14 0.000142065 0.000490239 7.81628e-16 2.12677e-08 279222 0 0 2.18273e-10 0 0 0.00593895 0 0 0 0 0 0 3.03964e+12 3.03964e+12 3.03964e+12 3.03964e+12 
0.16 -0.025325 -3.32533 -1.12594 -2.66524 -2.17467 3.43422e+07 2.7076e+14 0.000142069 0.000490246 7.81695e-16 2.12671e-08 279229 0 0 2.18297e-10 0 0 0.00593895 0 0 0 0 0 0 3.03976e+12 3.03976e+12 3.03976e+12 3.03976e+12 
0.1605 -0.0113634 -3.31136 -1.11198 -2.65128 -2.18864 3.43443e+07 2.70749e+14 0.000142072 0.000490253 7.81763e-16 2.12666e-08 279236 0 0 2.18322e-10 0 0 0.00593895 0 0 0 0 0 0 3.03988e+12 3.03988e+12 3.03988e+12 3.03988e+12 
0.161 0.00259858 -3.2974 -1.09801 -2.63732 -2.2026 3.43464e+07 2.70739e+14 0.000142076 0.00049026 7.8183e-16 2.12661e-08 279243 0 0 2.18346e-10 0 0 0.00593895 0 0 0 0 0 0 3.04e+12 3.04e+12 3.04e+12 3.04e+12 
0.1615 0.0165609 -3.28344 -1.08405 -2.62335 -2.21656 3.43485e+07 2.70728e+14 0.000142079 0.000490267 7.81898e-16 2.12655e-08 279250 0 0 2.1837e-10 0 0 0.00593895 0 0 0 0 0 0 3.04012e+12 3.04012e+12 3.04012e+12 3.04012e+12 
0.162 0.0305236 -3.26948 -1.07008 -2.60939 -2.23052 3.43507e+07 2.70717e+14 0.000142083 0.000490274 7.81965e-16 2.1265e-08 279257 0 0 2.18395e-10 0 0 0.00593895 0 0 0 0 0 0 3.04023e+12 3.04023e+12 3.04023e+12 3.04023e+12 
0.1625 0.0444867 -3.25551 -1.05612 -2.59542 -2.24449 3.43528e+07 2.70707e+14 0.000142087 0.000490281 7.82033e-16 2.12645e-08 279264 0 0 2.18419e-10 0 0 0.00593895 0 0 0 0 0 0 3.04035e+12 3.04035e+12 3.04035e+12 3.04035e+12 
0.163 0.05845 -3.24155 -1.04215 -2.58146 -2.25845 3.43549e+07 2.70696e+14 0.00014209 0.000490288 7.821e-16 2.12639e-08 279271 0 0 2.18443e-10 0 0 0.00593895 0 0 0 0 0 0 3.04047e+12 3.04047e+12 3.04047e+12 3.04047e+12 
0.1635 0.0724138 -3.22759 -1.02819 -2.56749 -2.27241 3.4357e+07 2.70685e+14 0.000142094 0.000490295 7.82168e-16 2.12634e-08 279278 0 0 2.18468e-10 0 0 0.00593895 0 0 0 0 0 0 3.04059e+12 3.04059e+12 3.04059e+12 3.04059e+12 
0.164 0.0863779 -3.21362 -1.01422 -2.55353 -2.28638 3.43591e+07 2.70675e+14 0.000142097 0.000490302 7.82235e-16 2.12629e-08 279285 0 0 2.18492e-10 0 0 0.00593895 0 0 0 0 0 0 3.0407e+12 3.0407e+12 3.0407e+12 3.0407e+12 
0.1645 0.100342 -3.19966 -1.00026 -2.53956 -2.30034 3.43612e+07 2.70664e+14 0.000142101 0.000490309 7.82303e-16 2.12623e-08 279292 0 0 2.18516e-10 0 0 0.00593895 0 0 0 0 0 0 3.04082e+12 3.04082e+12 3.04082e+12 3.04082e+12 
0.165 0.114307 -3.18569 -0.986291 -2.5256 -2.31431 3.43633e+07 2.70653e+14 0.000142104 0.000490316 7.8237e-16 2.12618e-08 279299 0 0 2.18541e-10 0 0 0.00593895 0 0 0 0 0 0 3.04094e+12 3.04094e+12 3.04094e+12 3.04094e+12 
0.1655 0.128272 -3.17173 -0.972324 -2.51163 -2.32827 3.43654e+07 2.70643e+14 0.000142108 0.000490323 7.82438e-16 2.12613e-08 279306 0 0 2.18565e-10 0 0 0.00593895 0 0 0 0 0 0 3.04106e+12 3.04106e+12 3.04106e+12 3.04106e+12 
0.166 0.142238 -3.15776 -0.958357 -2.49766 -2.34224 3.43675e+07 2.70632e+14 0.000142111 0.00049033 7.82505e-16 2.12607e-08 279313 0 0 2.18589e-10 0 0 0.00593895 0 0 0 0 0 0 3.04117e+12 3.04117e+12 3.04117e+12 3.04117e+12 
0.1665 0.156204 -3.1438 -0.94439 -2.4837 -2.3562 3.43696e+07 2.70621e+14 0.000142115 0.000490337 7.82573e-16 2.12602e-08 279320 0 0 2.18614e-10 0 0 0.00593895 0 0 0 0 0 0 3.04129e+12 3.04129e+12 3.04129e+12 3.04129e+12 
0.167 0.17017 -3.12983 -0.930422 -2.46973 -2.37017 3.43717e+07 2.70611e+14 0.000142118 0.000490344 7.8264e-16 2.12597e-08 279327 0 0 2.18638e-10 0 0 0.00593895 0 0 0 0 0 0 3.04141e+12 3.04141e+12 3.04141e+12 3.04141e+12 
0.1675 0.184136 -3.11586 -0.916454 -2.45576 -2.38414 3.43738e+07 2.706e+14 0.000142122 0.000490351 7.82708e-16 2.12591e-08 279334 0 0 2.18662e-10 0 0 0.00593895 0 0 0 0 0 0 3.04153e+12 3.04153e+12 3.04153e+12 3.04153e+12 
0.168 0.198103 -3.1019 -0.902485 -2.44179 -2.3981 3.43759e+07 2.70589e+14 0.000142125 0.000490358 7.82775e-16 2.12586e-08 279341 0 0 2.18687e-10 0 0 0.00593895 0 0 0 0 0 0 3.04164e+12 3.04164e+12 3.04164e+12 3.04164e+12 
0.1685 0.21207 -3.08793 -0.888517 -2.42782 -2.41207 3.43781e+07 2.70579e+14 0.000142129 0.000490365 7.82843e-16 2.12581e-08 279348 0 0 2.18711e-10 0 0 0.00593895 0 0 0 0 0 0 3.04176e+12 3.04176e+12 3.04176e+12 3.04176e+12 
0.169 0.226038 -3.07396 -0.874547 -2.41386 -2.42604 3.43802e+07 2.70568e+14 0.000142133 0.000490372 7.8291e-16 2.12575e-08 279355 0 0 2.18735e-10 0 0 0.00593895 0 0 0 0 0 0 3.04188e+12 3.04188e+12 3.04188e+12 3.04188e+12 
0.1695 0.240006 -3.05999 -0.860578 -2.39989 -2.44001 3.43823e+07 2.70558e+14 0.000142136 0.000490379 7.82978e-16 2.1257e-08 279362 0 0 2.1876e-10 0 0 0.00593895 0 0 0 0 0 0 3.042e+12 3.042e+12 3.042e+12 3.042e+12 
0.17 0.253974 -3.04603 -0.846608 -2.38592 -2.45397 3.43844e+07 2.70547e+14 0.00014214 0.000490386 7.83045e-16 2.12565e-08 279369 0 0 2.18784e-10 0 0 0.00593895 0 0 0 0 0 0 3.04211e+12 3.04211e+12 3.04211e+12 3.04211e+12 
0.1705 0.267943 -3.03206 -0.832638 -2.37195 -2.46794 3.43865e+07 2.70536e+14 0.000142143 0.000490393 7.83113e-16 2.12559e-08 279376 0 0 2.18808e-10 0 0 0.00593895 0 0 0 0 0 0 3.04223e+12 3.04223e+12 3.04223e+12 3.04223e+12 
0.171 0.281912 -3.01809 -0.818667 -2.35798 -2.48191 3.43886e+07 2.70526e+14 0.000142147 0.0004904 7.8318e-16 2.12554e-08 279383 0 0 2.18833e-10 0 0 0.00593895 0 0 0 0 0 0 3.04235e+12 3.04235e+12 3.04235e+12 3.04235e+12 
0.1715 0.295881 -3.00412 -0.804696 -2.34401 -2.49588 3.43907e+07 2.70515e+14 0.00014215 0.000490407 7.83248e-16 2.12549e-08 279390 0 0 2.18857e-10 0 0 0.00593895 0 0 0 0 0 0 3.04247e+12 3.04247e+12 3.04247e+12 3.04247e+12 
0.172 0.309851 -2.99015 -0.790725 -2.33003 -2.50985 3.43928e+07 2.70504e+14 0.000142154 0.000490414 7.83315e-16 2.12543e-08 279397 0 0 2.18881e-10 0 0 0.00593895 0 0 0 0 0 0 3.04258e+12 3.04258e+12 3.04258e+12 3.04258e+12 
0.1725 0.323821 -2.97618 -0.776753 -2.31606 -2.52382 3.43949e+07 2.70494e+14 0.000142157 0.000490421 7.83383e-16 2.12538e-08 279404 0 0 2.18906e-10 0 0 0.00593895 0 0 0 0 0 0 3.0427e+12 3.0427e+12 3.0427e+12 3.0427e+12 
0.173 0.337791 -2.96221 -0.762781 -2.30209 -2.53779 3.4397e+07 2.70483e+14 0.000142161 0.000490428 7.8345e-16 2.12533e-08 279411 0 0 2.1893e-10 0 0 0.00593895 0 0 0 0 0 0 3.04282e+12 3.04282e+12 3.04282e+12 3.04282e+12 
0.1735 0.351762 -2.94824 -0.748809 -2.28812 -2.55176 3.43991e+07 2.70472e+14 0.000142164 0.000490435 7.83518e-16 2.12527e-08 279418 0 0 2.18954e-10 0 0 0.00593895 0 0 0 0 0 0 3.04294e+12 3.04294e+12 3.04294e+12 3.04294e+12 
0.174 0.365733 -2.93427 -0.734836 -2.27415 -2.56573 3.44012e+07 2.70462e+14 0.000142168 0.000490442 7.83585e-16 2.12522e-08 279425 0 0 2.18979e-10 0 0 0.00593895 0 0 0 0 0 0 3.04305e+12 3.04305e+12 3.04305e+12 3.04305e+12 
0.1745 0.379705 -2.9203 -0.720863 -2.26017 -2.5797 3.44033e+07 2.70451e+14 0.000142172 0.000490449 7.83653e-16 2.12517e-08 279432 0 0 2.19003e-10 0 0 0.00593895 0 0 0 0 0 0 3.04317e+12 3.04317e+12 3.04317e+12 3.04317e+12 
0.175 0.393676 -2.90632 -0.70689 -2.2462 -2.59368 3.44054e+07 2.70441e+14 0.000142175 0.000490456 7.8372e-16 2.12512e-08 279439 0 0 2.19027e-10 0 0 0.00593895 0 0 0 0 0 0 3.04329e+12 3.04329e+12 3.04329e+12 3.04329e+12 
0.1755 0.407648 -2.89235 -0.692916 -2.23223 -2.60765 3.44075e+07 2.7043e+14 0.000142179 0.000490463 7.83788e-16 2.12506e-08 279446 0 0 2.19052e-10 0 0 0.00593895 0 0 0 0 0 0 3.04341e+12 3.04341e+12 3.04341e+12 3.04341e+12 
0.176 0.421621 -2.87838 -0.678942 -2.21825 -2.62162 3.44097e+07 2.70419e+14 0.000142182 0.00049047 7.83855e-16 2.12501e-08 279453 0 0 2.19076e-10 0 0 0.00593895 0 0 0 0 0 0 3.04352e+12 3.04352e+12 3.04352e+12 3.04352e+12 
0.1765 0.435594 -2.86441 -0.664967 -2.20428 -2.63559 3.44118e+07 2.70409e+14 0.000142186 0.000490477 7.83923e-16 2.12496e-08 279460 0 0 2.191e-10 0 0 0.00593895 0 0 0 0 0 0 3.04364e+12 3.04364e+12 3.04364e+12 3.04364e+12 
0.177 0.449567 -2.85043 -0.650993 -2.19031 -2.64957 3.44139e+07 2.70398e+14 0.000142189 0.000490484 7.8399e-16 2.1249e-08 279467 0 0 2.19125e-10 0 0 0.00593895 0 0 0 0 0 0 3.04376e+12 3.04376e+12 3.04376e+12 3.04376e+12 
0.1775 0.46354 -2.83646 -0.637018 -2.17633 -2.66354 3.4416e+07 2.70387e+14 0.000142193 0.000490491 7.84058e-16 2.12485e-08 279474 0 0 2.19149e-10 0 0 0.00593895 0 0 0 0 0 0 3.04388e+12 3.04388e+12 3.04388e+12 3.04388e+12 
0.178 0.477514 -2.82249 -0.623042 -2.16236 -2.67751 3.44181e+07 2.70377e+14 0.000142196 0.000490498 7.84125e-16 2.1248e-08 279481 0 0 2.19173e-10 0 0 0.00593895 0 0 0 0 0 0 3.04399e+12 3.04399e+12 3.04399e+12 3.04399e+12 
0.1785 0.491489 -2.80851 -0.609066 -2.14838 -2.69149 3.44202e+07 2.70366e+14 0.0001422 0.000490505 7.84193e-16 2.12474e-08 279488 0 0 2.19198e-10 0 0 0.00593895 0 0 0 0 0 0 3.04411e+12 3.04411e+12 3.04411e+12 3.04411e+12 
0.179 0.505463 -2.79454 -0.59509 -2.1344 -2.70546 3.44223e+07 2.70356e+14 0.000142203 0.000490512 7.8426e-16 2.12469e-08 279495 0 0 2.19222e-10 0 0 0.00593895 0 0 0 0 0 0 3.04423e+12 3.04423e+12 3.04423e+12 3.04423e+12 
0.1795 0.519438 -2.78056 -0.581113 -2.12043 -2.71944 3.44244e+07 2.70345e+14 0.000142207 0.000490519 7.84328e-16 2.12464e-08 279502 0 0 2.19246e-10 0 0 0.00593895 0 0 0 0 0 0 3.04435e+12 3.04435e+12 3.04435e+12 3.04435e+12 
0.18 0.533413 -2.76659 -0.567137 -2.10645 -2.73341 3.44265e+07 2.70334e+14 0.00014221 0.000490526 7.84395e-16 2.12458e-08 279509 0 0 2.19271e-10 0 0 0.00593895 0 0 0 0 0 0 3.04446e+12 3.04446e+12 3.04446e+12 3.04446e+12 
0.1805 0.547389 -2.75261 -0.553159 -2.09247 -2.74739 3.44286e+07 2.70324e+14 0.000142214 0.000490533 7.84463e-16 2.12453e-08 279516 0 0 2.19295e-10 0 0 0.00593895 0 0 0 0 0 0 3.04458e+12 3.04458e+12 3.04458e+12 3.04458e+12 
0.181 0.561365 -2.73864 -0.539182 -2.0785 -2.76136 3.44307e+07 2.70313e+14 0.000142218 0.00049054 7.8453e-16 2.12448e-08 279523 0 0 2.19319e-10 0 0 0.00593895 0 0 0 0 0 0 3.0447e+12 3.0447e+12 3.0447e+12 3.0447e+12 
0.1815 0.575341 -2.72466 -0.525204 -2.06452 -2.77534 3.44328e+07 2.70302e+14 0.000142221 0.000490547 7.84598e-16 2.12442e-08 279530 0 0 2.19344e-10 0 0 0.00593895 0 0 0 0 0 0 3.04482e+12 3.04482e+12 3.04482e+12 3.04482e+12 
0.182 0.589318 -2.71068 -0.511226 -2.05054 -2.78932 3.44349e+07 2.70292e+14 0.000142225 0.000490554 7.84665e-16 2.12437e-08 279537 0 0 2.19368e-10 0 0 0.00593895 0 0 0 0 0 0 3.04493e+12 3.04493e+12 3.04493e+12 3.04493e+12 
0.1825 0.603295 -2.69671 -0.497247 -2.03656 -2.80329 3.4437e+07 2.70281e+14 0.000142228 0.000490561 7.84733e-16 2.12432e-08 279544 0 0 2.19392e-10 0 0 0.00593895 0 0 0 0 0 0 3.04505e+12 3.04505e+12 3.04505e+12 3.04505e+12 
0.183 0.617272 -2.68273 -0.483268 -2.02259 -2.81727 3.44391e+07 2.70271e+14 0.000142232 0.000490568 7.848e-16 2.12427e-08 279551 0 0 2.19417e-10 0 0 0.00593895 0 0 0 0 0 0 3.04517e+12 3.04517e+12 3.04517e+12 3.04517e+12 
0.1835 0.63125 -2.66875 -0.469289 -2.00861 -2.83125 3.44412e+07 2.7026e+14 0.000142235 0.000490575 7.84868e-16 2.12421e-08 279558 0 0 2.19441e-10 0 0 0.00593895 0 0 0 0 0 0 3.04528e+12 3.04528e+12 3.04528e+12 3.04528e+12 
0.184 0.645228 -2.65477 -0.455309 -1.99463 -2.84523 3.44433e+07 2.70249e+14 0.000142239 0.000490582 7.84935e-16 2.12416e-08 279565 0 0 2.19466e-10 0 0 0.00593895 0 0 0 0 0 0 3.0454e+12 3.0454e+12 3.0454e+12 3.0454e+12 
0.1845 0.659207 -2.64079 -0.441329 -1.98065 -2.85921 3.44454e+07 2.70239e+14 0.000142242 0.000490589 7.85003e-16 2.12411e-08 279572 0 0 2.1949e-10 0 0 0.00593895 0 0 0 0 0 0 3.04552e+12 3.04552e+12 3.04552e+12 3.04552e+12 
0.185 0.673185 -2.62681 -0.427349 -1.96667 -2.87319 3.44475e+07 2.70228e+14 0.000142246 0.000490596 7.8507e-16 2.12405e-08 279579 0 0 2.19514e-10 0 0 0.00593895 0 0 0 0 0 0 3.04564e+12 3.04564e+12 3.04564e+12 3.04564e+12 
0.1855 0.687164 -2.61284 -0.413368 -1.95269 -2.88716 3.44497e+07 2.70218e+14 0.000142249 0.000490604 7.85138e-16 2.124e-08 279586 0 0 2.19539e-10 0 0 0.00593895 0 0 0 0 0 0 3.04575e+12 3.04575e+12 3.04575e+12 3.04575e+12 
0.186 0.701144 -2.59886 -0.399387 -1.93871 -2.90114 3.44518e+07 2.70207e+14 0.000142253 0.000490611 7.85205e-16 2.12395e-08 279593 0 0 2.19563e-10 0 0 0.00593895 0 0 0 0 0 0 3.04587e+12 3.04587e+12 3.04587e+12 3.04587e+12 
0.1865 0.715124 -2.58488 -0.385405 -1.92472 -2.91512 3.44539e+07 2.70196e+14 0.000142257 0.000490618 7.85273e-16 2.12389e-08 279600 0 0 2.19587e-10 0 0 0.00593895 0 0 0 0 0 0 3.04599e+12 3.04599e+12 3.04599e+12 3.04599e+12 
0.187 0.729104 -2.5709 -0.371424 -1.91074 -2.9291 3.4456e+07 2.70186e+14 0.00014226 0.000490625 7.8534e-16 2.12384e-08 279607 0 0 2.19612e-10 0 0 0.00593895 0 0 0 0 0 0 3.0461e+12 3.0461e+12 3.0461e+12 3.0461e+12 
0.1875 0.743084 -2.55692 -0.357441 -1.89676 -2.94308 3.44581e+07 2.70175e+14 0.000142264 0.000490631 7.85408e-16 2.12379e-08 279614 0 0 2.19636e-10 0 0 0.00593895 0 0 0 0 0 0 3.04622e+12 3.04622e+12 3.04622e+12 3.04622e+12 
0.188 0.757065 -2.54293 -0.343459 -1.88278 -2.95707 3.44602e+07 2.70164e+14 0.000142267 0.000490638 7.85475e-16 2.12373e-08 279621 0 0 2.1966e-10 0 0 0.00593895 0 0 0 0 0 0 3.04634e+12 3.04634e+12 3.04634e+12 3.04634e+12 
0.1885 0.771047 -2.52895 -0.329476 -1.8688 -2.97105 3.44623e+07 2.70153e+14 0.000142271 0.000490645 7.85543e-16 2.12368e-08 279628 0 0 2.19685e-10 0 0 0.00593895 0 0 0 0 0 0 3.04645e+12 3.04645e+12 3.04645e+12 3.04645e+12 
0.189 0.785028 -2.51497 -0.315493 -1.85481 -2.98503 3.44644e+07 2.70143e+14 0.000142274 0.000490652 7.8561e-16 2.12362e-08 279635 0 0 2.19709e-10 0 0 0.00593895 0 0 0 0 0 0 3.04656e+12 3.04656e+12 3.04656e+12 3.04656e+12 
0.1895 0.79901 -2.50099 -0.301509 -1.84083 -2.99901 3.44665e+07 2.70131e+14 0.000142278 0.000490659 7.85678e-16 2.12356e-08 279642 0 0 2.19733e-10 0 0 0.00593895 0 0 0 0 0 0 3.04667e+12 3.04667e+12 3.04667e+12 3.04667e+12 
0.19 0.812992 -2.48701 -0.287526 -1.82685 -3.01299 3.44686e+07 2.7012e+14 0.000142281 0.000490666 7.85745e-16 2.1235e-08 279649 0 0 2.19758e-10 0 0 0.00593895 0 0 0 0 0 0 3.04678e+12 3.04678e+12 3.04678e+12 3.04678e+12 
0.1905 0.826975 -2.47303 -0.273541 -1.81286 -3.02697 3.44707e+07 2.70107e+14 0.000142285 0.000490672 7.85813e-16 2.12343e-08 279656 0 0 2.19782e-10 0 0 0.00593895 0 0 0 0 0 0 3.04687e+12 3.04687e+12 3.04687e+12 3.04687e+12 
0.191 0.840958 -2.45904 -0.259557 -1.79888 -3.04096 3.44728e+07 2.70094e+14 0.000142288 0.000490677 7.8588e-16 2.12335e-08 279663 0 0 2.19807e-10 0 0 0.00593895 0 0 0 0 0 0 3.04695e+12 3.04695e+12 3.04695e+12 3.04695e+12 
0.1915 0.854941 -2.44506 -0.245572 -1.78489 -3.05494 3.44749e+07 2.70078e+14 0.000142292 0.000490682 7.85948e-16 2.12324e-08 279670 0 0 2.19831e-10 0 0 0.00593895 0 0 0 0 0 0 3.04699e+12 3.04699e+12 3.04699e+12 3.04699e+12 
0.192 0.868925 -2.43108 -0.231587 -1.77091 -3.06892 3.4477e+07 2.70058e+14 0.000142295 0.000490685 7.86015e-16 2.1231e-08 279677 0 0 2.19855e-10 0 0 0.00593895 0 0 0 0 0 0 3.04699e+12 3.04699e+12 3.04699e+12 3.04699e+12 
0.1925 0.882909 -2.41709 -0.217601 -1.75692 -3.08291 3.44791e+07 2.70032e+14 0.000142299 0.000490685 7.86083e-16 2.12289e-08 279684 0 0 2.1988e-10 0 0 0.00593895 0 0 0 0 0 0 3.04689e+12 3.04689e+12 3.04689e+12 3.04689e+12 
0.193 0.896893 -2.40311 -0.203615 -1.74293 -3.09689 3.44812e+07 2.69994e+14 0.000142303 0.000490679 7.8615e-16 2.12257e-08 279691 0 0 2.19904e-10 0 0 0.00593895 0 0 0 0 0 0 3.04664e+12 3.04664e+12 3.04664e+12 3.04664e+12 
0.1935 0.910878 -2.38912 -0.189629 -1.72894 -3.11088 3.44833e+07 2.69935e+14 0.000142306 0.000490664 7.86218e-16 2.12204e-08 279698 0 0 2.19928e-10 0 0 0.00593895 0 0 0 0 0 0 3.04611e+12 3.04611e+12 3.04611e+12 3.04611e+12 
0.194 0.924863 -2.37514 -0.175642 -1.71494 -3.12486 3.44854e+07 2.69842e+14 0.00014231 0.000490633 7.86285e-16 2.12118e-08 279705 0 0 2.19953e-10 0 0 0.00593895 0 0 0 0 0 0 3.04511e+12 3.04511e+12 3.04511e+12 3.04511e+12 
0.1945 0.938848 -2.36115 -0.161655 -1.70094 -3.13885 3.44875e+07 2.69687e+14 0.000142313 0.000490574 7.86353e-16 2.11971e-08 279712 0 0 2.19977e-10 0 0 0.00593895 0 0 0 0 0 0 3.04329e+12 3.04329e+12 3.04329e+12 3.04329e+12 
0.195 0.952834 -2.34717 -0.147668 -1.68692 -3.15283 3.44896e+07 2.69427e+14 0.000142317 0.000490467 7.8642e-16 2.1172e-08 279719 0 0 2.20001e-10 0 0 0.00593895 0 0 0 0 0 0 3.04003e+12 3.04003e+12 3.04003e+12 3.04003e+12 
0.1955 0.96682 -2.33318 -0.13368 -1.67288 -3.16682 3.44917e+07 2.68983e+14 0.00014232 0.000490275 7.86488e-16 2.11288e-08 279725 0 0 2.20026e-10 0 0 0.00593895 0 0 0 0 0 0 3.0343e+12 3.0343e+12 3.0343e+12 3.0343e+12 
0.196 0.980807 -2.31919 -0.119692 -1.6588 -3.18081 3.44938e+07 2.68219e+14 0.000142324 0.000489936 7.86555e-16 2.10542e-08 279732 0 0 2.2005e-10 0 0 0.00593895 0 0 0 0 0 0 3.02426e+12 3.02426e+12 3.02426e+12 3.02426e+12 
0.1965 0.994793 -2.30521 -0.105704 -1.64466 -3.19479 3.44959e+07 2.66898e+14 0.000142327 0.00048934 7.86622e-16 2.09251e-08 279739 0 0 2.20074e-10 0 0 0.00593895 0 0 0 0 0 0 3.00674e+12 3.00674e+12 3.00674e+12 3.00674e+12 
0.197 1.00878 -2.29122 -0.0917149 -1.63039 -3.20878 3.4498e+07 2.6461e+14 0.000142331 0.000488294 7.86689e-16 2.07013e-08 279746 0 0 2.20098e-10 0 0 0.00593895 0 0 0 0 0 0 2.97622e+12 2.97622e+12 2.97622e+12 2.97622e+12 
0.1975 1.02277 -2.27723 -0.0777258 -1.61591 -3.22277 3.45001e+07 2.6063e+14 0.000142334 0.000486455 7.86755e-16 2.03132e-08 279753 0 0 2.20122e-10 0 0 0.00593895 0 0 0 0 0 0 2.9231e+12 2.9231e+12 2.9231e+12 2.9231e+12 
0.198 1.03676 -2.26324 -0.0637365 -1.60104 -3.23676 3.45021e+07 2.53687e+14 0.000142336 0.000483193 7.86811e-16 1.96394e-08 279756 0 0 2.20133e-10 0 0 0.00593895 0 0 0 0 0 0 2.83064e+12 2.83064e+12 2.83064e+12 2.83064e+12 
0.198 1.03676 -2.26324 -0.0637365 -1.60104 -3.23676 3.45021e+07 2.53687e+14 0.000142339 0.000483203 7.86827e-16 1.96398e-08 279762 0 0 2.20154e-10 0 0 0.00593895 0 0 0 0 0 0 2.8307e+12 2.8307e+12 2.8307e+12 2.8307e+12 
0.198409 1.04821 -2.25179 -0.0522825 -1.58837 -3.24821 3.45037e+07 2.44351e+14 0.00014234 0.000478735 7.86872e-16 1.87422e-08 279765 0 0 2.20163e-10 0 0 0.00593895 0 0 0 0 0 0 2.70719e+12 2.70719e+12 2.70719e+12 2.70719e+12 
0.198752 1.05779 -2.24221 -0.042704 -1.57719 -3.25779 3.45051e+07 2.32529e+14 0.000142342 0.000472939 7.86914e-16 1.76195e-08 279769 0 0 2.20177e-10 0 0 0.00593894 0 0 0 0 0 0 2.55227e+12 2.55227e+12 2.55227e+12 2.55227e+12 
0.199038 1.0658 -2.2342 -0.0346939 -1.56717 -3.2658 3.45061e+07 2.18467e+14 0.000142344 0.000465822 7.86948e-16 1.63048e-08 279772 0 0 2.20188e-10 0 0 0.00593894 0 0 0 0 0 0 2.37027e+12 2.37027e+12 2.37027e+12 2.37027e+12 
0.199277 1.07249 -2.22751 -0.0279954 -1.55804 -3.27249 3.4507e+07 2.02582e+14 0.000142345 0.000457462 7.86975e-16 1.48479e-08 279775 0 0 2.20197e-10 0 0 0.00593893 0 0 0 0 0 0 2.16777e+12 2.16777e+12 2.16777e+12 2.16777e+12 
0.199478 1.07809 -2.22191 -0.0223937 -1.54959 -3.27809 3.45077e+07 1.85386e+14 0.000142346 0.000447979 7.86997e-16 1.33059e-08 279777 0 0 2.20204e-10 0 0 0.00593892 0 0 0 0 0 0 1.95244e+12 1.95244e+12 1.95244e+12 1.95244e+12 
0.199645 1.08278 -2.21722 -0.0177093 -1.54165 -3.28278 3.45082e+07 1.67413e+14 0.000142347 0.000437511 7.87013e-16 1.17352e-08 279779 0 0 2.20209e-10 0 0 0.00593889 0 0 0 0 0 0 1.73192e+12 1.73192e+12 1.73192e+12 1.73192e+12 
0.199785 1.0867 -2.2133 -0.013792 -1.53407 -3.2867 3.45087e+07 1.49165e+14 0.000142348 0.000426197 7.87027e-16 1.01856e-08 279780 0 0 2.20212e-10 0 0 0.00593885 0 0 0 0 0 0 1.51305e+12 1.51305e+12 1.51305e+12 1.51305e+12 
0.199902 1.08997 -2.21003 -0.0105161 -1.5267 -3.28997 3.4509e+07 1.31074e+14 0.000142348 0.000414154 7.87037e-16 8.69737e-09 279781 0 0 2.20215e-10 0 0 0.00593878 0 0 0 0 0 0 1.30139e+12 1.30139e+12 1.30139e+12 1.30139e+12 
0.2 1.09271 -2.20729 -0.00777667 -1.51943 -3.29271 3.45093e+07 1.13486e+14 0.000142348 0.000401468 7.87044e-16 7.29967e-09 279781 0 0 2.20216e-10 0 0 0.00593873 0 0 0 0 0 0 1.10109e+12 1.10109e+12 1.10109e+12 1.10109e+12 