# ASCII 1D datafile generated by TiberCAD
# x Ec Ev eQFermi hQFermi ElPotential eDensity hDensity eMobility hMobility eConductivity hConductivity ElField_x ElField_y ElField_z eCurrentDensity_x eCurrentDensity_y eCurrentDensity_z hCurrentDensity_x hCurrentDensity_y hCurrentDensity_z IonizedDonors IonizedAcceptors IonizedElectronTraps IonizedHoleTraps eNetRecombination eLangevinRecombination hNetRecombination hLangevinRecombination 
0 -2.725 -6.025 -3.88107 -5.36665 0.525 4.13755e+06 2.8556e+14 0.00010678 0.000381029 7.07854e-17 1.74328e-08 190325 0 0 5.68e-11 0 0 0.00331839 0 0 0 0 0 0 2.97978e+11 2.97978e+11 2.97978e+11 2.97978e+11 
9.79066e-05 -2.72314 -6.02314 -3.874 -5.36479 0.523137 5.04913e+06 2.85558e+14 0.000106946 0.000381029 8.65152e-17 1.74326e-08 190326 0 0 5.68004e-11 0 0 0.00331839 0 0 0 0 0 0 3.63749e+11 3.63749e+11 3.63749e+11 3.63749e+11 
0.000214985 -2.72091 -6.02091 -3.86702 -5.36256 0.520908 6.05574e+06 2.85555e+14 0.000107104 0.000381029 1.03916e-16 1.74324e-08 190327 0 0 5.68014e-11 0 0 0.00331839 0 0 0 0 0 0 4.36404e+11 4.36404e+11 4.36404e+11 4.36404e+11 
0.000354988 -2.71824 -6.01824 -3.86 -5.35989 0.518244 7.15036e+06 2.85551e+14 0.000107254 0.00038103 1.22871e-16 1.74322e-08 190329 0 0 5.68026e-11 0 0 0.00331839 0 0 0 0 0 0 5.15439e+11 5.15439e+11 5.15439e+11 5.15439e+11 
0.000522406 -2.71506 -6.01506 -3.85285 -5.35671 0.515057 8.31913e+06 2.85547e+14 0.000107395 0.000381031 1.43143e-16 1.7432e-08 190332 0 0 5.68042e-11 0 0 0.00331839 0 0 0 0 0 0 5.99856e+11 5.99856e+11 5.99856e+11 5.99856e+11 
0.000722606 -2.71125 -6.01125 -3.84546 -5.3529 0.511247 9.54012e+06 2.85542e+14 0.000107526 0.000381032 1.64353e-16 1.74318e-08 190335 0 0 5.68063e-11 0 0 0.00331839 0 0 0 0 0 0 6.88071e+11 6.88071e+11 6.88071e+11 6.88071e+11 
0.000962009 -2.70669 -6.00669 -3.83769 -5.34834 0.50669 1.07828e+07 2.85535e+14 0.000107647 0.000381033 1.85971e-16 1.74314e-08 190338 0 0 5.68091e-11 0 0 0.00331839 0 0 0 0 0 0 7.77877e+11 7.77877e+11 7.77877e+11 7.77877e+11 
0.00124829 -2.70124 -6.00124 -3.82942 -5.34289 0.501241 1.20088e+07 2.85528e+14 0.000107756 0.000381035 2.07325e-16 1.7431e-08 190343 0 0 5.68129e-11 0 0 0.00331839 0 0 0 0 0 0 8.66493e+11 8.66493e+11 8.66493e+11 8.66493e+11 
0.00159063 -2.69472 -5.99472 -3.82048 -5.33637 0.494725 1.3174e+07 2.85519e+14 0.000107852 0.000381036 2.27645e-16 1.74306e-08 190348 0 0 5.68179e-11 0 0 0.00331839 0 0 0 0 0 0 9.5073e+11 9.5073e+11 9.5073e+11 9.5073e+11 
0.002 -2.68693 -5.98693 -3.81066 -5.32858 0.486932 1.42332e+07 2.85508e+14 0.000107934 0.000381036 2.46132e-16 1.74299e-08 190351 0 0 5.6821e-11 0 0 0.00331839 0 0 0 0 0 0 1.0273e+12 1.0273e+12 1.0273e+12 1.0273e+12 
0.002 -2.68693 -5.98693 -3.81066 -5.32858 0.486932 1.42332e+07 2.85508e+14 0.000107935 0.000381042 2.46136e-16 1.74302e-08 190357 0 0 5.68285e-11 0 0 0.00331839 0 0 0 0 0 0 1.02731e+12 1.02731e+12 1.02731e+12 1.02731e+12 
0.0025 -2.67741 -5.97741 -3.79948 -5.31906 0.477414 1.51623e+07 2.85495e+14 0.000108003 0.000381041 2.62368e-16 1.74293e-08 190361 0 0 5.68329e-11 0 0 0.00331839 0 0 0 0 0 0 1.09447e+12 1.09447e+12 1.09447e+12 1.09447e+12 
0.003 -2.6679 -5.9679 -3.78888 -5.30954 0.467896 1.58039e+07 2.85482e+14 0.000108049 0.000381044 2.73587e-16 1.74287e-08 190369 0 0 5.68418e-11 0 0 0.00331839 0 0 0 0 0 0 1.14085e+12 1.14085e+12 1.14085e+12 1.14085e+12 
0.0035 -2.65838 -5.95838 -3.77864 -5.30002 0.458377 1.62471e+07 2.85469e+14 0.000108081 0.000381046 2.81343e-16 1.7428e-08 190376 0 0 5.68511e-11 0 0 0.00331839 0 0 0 0 0 0 1.17287e+12 1.17287e+12 1.17287e+12 1.17287e+12 
0.004 -2.64886 -5.94886 -3.76863 -5.2905 0.448858 1.65535e+07 2.85456e+14 0.000108103 0.000381049 2.86708e-16 1.74273e-08 190383 0 0 5.68605e-11 0 0 0.00331839 0 0 0 0 0 0 1.195e+12 1.195e+12 1.195e+12 1.195e+12 
0.0045 -2.63934 -5.93934 -3.75877 -5.28098 0.439339 1.67655e+07 2.85443e+14 0.000108119 0.000381051 2.90423e-16 1.74266e-08 190391 0 0 5.68702e-11 0 0 0.00331839 0 0 0 0 0 0 1.2103e+12 1.2103e+12 1.2103e+12 1.2103e+12 
0.005 -2.62982 -5.92982 -3.74902 -5.27146 0.429819 1.69125e+07 2.8543e+14 0.000108131 0.000381054 2.92999e-16 1.7426e-08 190398 0 0 5.68799e-11 0 0 0.00331839 0 0 0 0 0 0 1.22088e+12 1.22088e+12 1.22088e+12 1.22088e+12 
0.0055 -2.6203 -5.9203 -3.73935 -5.26193 0.420299 1.70145e+07 2.85417e+14 0.000108139 0.000381056 2.94789e-16 1.74253e-08 190405 0 0 5.68897e-11 0 0 0.00331839 0 0 0 0 0 0 1.22822e+12 1.22822e+12 1.22822e+12 1.22822e+12 
0.006 -2.61078 -5.91078 -3.72972 -5.25241 0.410779 1.70855e+07 2.85404e+14 0.000108146 0.000381059 2.96037e-16 1.74246e-08 190413 0 0 5.68995e-11 0 0 0.00331839 0 0 0 0 0 0 1.23331e+12 1.23331e+12 1.23331e+12 1.23331e+12 
0.0065 -2.60126 -5.90126 -3.72012 -5.24289 0.401258 1.71351e+07 2.85391e+14 0.000108151 0.000381062 2.96911e-16 1.74239e-08 190420 0 0 5.69094e-11 0 0 0.00331839 0 0 0 0 0 0 1.23685e+12 1.23685e+12 1.23685e+12 1.23685e+12 
0.007 -2.59174 -5.89174 -3.71055 -5.23337 0.391737 1.71699e+07 2.85378e+14 0.000108155 0.000381064 2.97526e-16 1.74233e-08 190428 0 0 5.69193e-11 0 0 0.00331839 0 0 0 0 0 0 1.23933e+12 1.23933e+12 1.23933e+12 1.23933e+12 
0.0075 -2.58222 -5.88222 -3.70099 -5.22384 0.382215 1.71946e+07 2.85365e+14 0.000108159 0.000381067 2.97964e-16 1.74226e-08 190435 0 0 5.69292e-11 0 0 0.00331839 0 0 0 0 0 0 1.24107e+12 1.24107e+12 1.24107e+12 1.24107e+12 
0.008 -2.57269 -5.87269 -3.69144 -5.21432 0.372693 1.72123e+07 2.85352e+14 0.000108162 0.000381069 2.98278e-16 1.74219e-08 190442 0 0 5.69391e-11 0 0 0.00331839 0 0 0 0 0 0 1.2423e+12 1.2423e+12 1.2423e+12 1.2423e+12 
0.0085 -2.56317 -5.86317 -3.6819 -5.2048 0.363171 1.72251e+07 2.8534e+14 0.000108164 0.000381072 2.98508e-16 1.74212e-08 190450 0 0 5.69491e-11 0 0 0.00331839 0 0 0 0 0 0 1.24318e+12 1.24318e+12 1.24318e+12 1.24318e+12 
0.009 -2.55365 -5.85365 -3.67236 -5.19527 0.353648 1.72345e+07 2.85327e+14 0.000108167 0.000381075 2.98679e-16 1.74206e-08 190457 0 0 5.6959e-11 0 0 0.00331839 0 0 0 0 0 0 1.24382e+12 1.24382e+12 1.24382e+12 1.24382e+12 
0.0095 -2.54413 -5.84413 -3.66283 -5.18575 0.344125 1.72417e+07 2.85314e+14 0.000108169 0.000381077 2.98809e-16 1.74199e-08 190464 0 0 5.6969e-11 0 0 0.00331839 0 0 0 0 0 0 1.24429e+12 1.24429e+12 1.24429e+12 1.24429e+12 
0.01 -2.5346 -5.8346 -3.65329 -5.17622 0.334602 1.72472e+07 2.85301e+14 0.000108172 0.00038108 2.98912e-16 1.74192e-08 190472 0 0 5.69789e-11 0 0 0.00331839 0 0 0 0 0 0 1.24465e+12 1.24465e+12 1.24465e+12 1.24465e+12 
0.0105 -2.52508 -5.82508 -3.64376 -5.1667 0.325078 1.72517e+07 2.85288e+14 0.000108174 0.000381082 2.98996e-16 1.74185e-08 190479 0 0 5.69889e-11 0 0 0.00331839 0 0 0 0 0 0 1.24493e+12 1.24493e+12 1.24493e+12 1.24493e+12 
0.011 -2.51555 -5.81555 -3.63423 -5.15717 0.315554 1.72554e+07 2.85275e+14 0.000108176 0.000381085 2.99066e-16 1.74179e-08 190487 0 0 5.69988e-11 0 0 0.00331839 0 0 0 0 0 0 1.24515e+12 1.24515e+12 1.24515e+12 1.24515e+12 
0.0115 -2.50603 -5.80603 -3.6247 -5.14765 0.30603 1.72585e+07 2.85262e+14 0.000108178 0.000381087 2.99127e-16 1.74172e-08 190494 0 0 5.70088e-11 0 0 0.00331839 0 0 0 0 0 0 1.24533e+12 1.24533e+12 1.24533e+12 1.24533e+12 
0.012 -2.4965 -5.7965 -3.61517 -5.13812 0.296505 1.72614e+07 2.85249e+14 0.000108181 0.00038109 2.99182e-16 1.74165e-08 190501 0 0 5.70187e-11 0 0 0.00331839 0 0 0 0 0 0 1.24549e+12 1.24549e+12 1.24549e+12 1.24549e+12 
0.0125 -2.48698 -5.78698 -3.60565 -5.12859 0.286979 1.72639e+07 2.85236e+14 0.000108183 0.000381093 2.99232e-16 1.74159e-08 190509 0 0 5.70287e-11 0 0 0.00331839 0 0 0 0 0 0 1.24563e+12 1.24563e+12 1.24563e+12 1.24563e+12 
0.013 -2.47745 -5.77745 -3.59612 -5.11907 0.277454 1.72663e+07 2.85223e+14 0.000108185 0.000381095 2.99279e-16 1.74152e-08 190516 0 0 5.70387e-11 0 0 0.00331839 0 0 0 0 0 0 1.24576e+12 1.24576e+12 1.24576e+12 1.24576e+12 
0.0135 -2.46793 -5.76793 -3.58659 -5.10954 0.267928 1.72686e+07 2.8521e+14 0.000108187 0.000381098 2.99325e-16 1.74145e-08 190523 0 0 5.70486e-11 0 0 0.00331839 0 0 0 0 0 0 1.24588e+12 1.24588e+12 1.24588e+12 1.24588e+12 
0.014 -2.4584 -5.7584 -3.57706 -5.10001 0.258401 1.72708e+07 2.85197e+14 0.000108189 0.0003811 2.99369e-16 1.74138e-08 190531 0 0 5.70586e-11 0 0 0.00331839 0 0 0 0 0 0 1.24599e+12 1.24599e+12 1.24599e+12 1.24599e+12 
0.0145 -2.44887 -5.74887 -3.56753 -5.09048 0.248875 1.72729e+07 2.85184e+14 0.000108191 0.000381103 2.99412e-16 1.74132e-08 190538 0 0 5.70685e-11 0 0 0.00331839 0 0 0 0 0 0 1.2461e+12 1.2461e+12 1.2461e+12 1.2461e+12 
0.015 -2.43935 -5.73935 -3.558 -5.08095 0.239348 1.7275e+07 2.85171e+14 0.000108193 0.000381106 2.99454e-16 1.74125e-08 190546 0 0 5.70785e-11 0 0 0.00331839 0 0 0 0 0 0 1.24621e+12 1.24621e+12 1.24621e+12 1.24621e+12 
0.0155 -2.42982 -5.72982 -3.54847 -5.07143 0.22982 1.72771e+07 2.85158e+14 0.000108196 0.000381108 2.99495e-16 1.74118e-08 190553 0 0 5.70885e-11 0 0 0.00331839 0 0 0 0 0 0 1.24632e+12 1.24632e+12 1.24632e+12 1.24632e+12 
0.016 -2.42029 -5.72029 -3.53894 -5.0619 0.220292 1.72791e+07 2.85145e+14 0.000108198 0.000381111 2.99537e-16 1.74111e-08 190560 0 0 5.70984e-11 0 0 0.00331839 0 0 0 0 0 0 1.24642e+12 1.24642e+12 1.24642e+12 1.24642e+12 
0.0165 -2.41076 -5.71076 -3.5294 -5.05237 0.210764 1.72812e+07 2.85132e+14 0.0001082 0.000381113 2.99578e-16 1.74105e-08 190568 0 0 5.71084e-11 0 0 0.00331839 0 0 0 0 0 0 1.24652e+12 1.24652e+12 1.24652e+12 1.24652e+12 
0.017 -2.40124 -5.70124 -3.51987 -5.04284 0.201236 1.72832e+07 2.85119e+14 0.000108202 0.000381116 2.99619e-16 1.74098e-08 190575 0 0 5.71184e-11 0 0 0.00331839 0 0 0 0 0 0 1.24662e+12 1.24662e+12 1.24662e+12 1.24662e+12 
0.0175 -2.39171 -5.69171 -3.51034 -5.03331 0.191707 1.72852e+07 2.85106e+14 0.000108204 0.000381118 2.9966e-16 1.74091e-08 190582 0 0 5.71283e-11 0 0 0.00331839 0 0 0 0 0 0 1.24672e+12 1.24672e+12 1.24672e+12 1.24672e+12 
0.018 -2.38218 -5.68218 -3.50081 -5.02377 0.182177 1.72873e+07 2.85093e+14 0.000108206 0.000381121 2.99701e-16 1.74084e-08 190590 0 0 5.71383e-11 0 0 0.00331839 0 0 0 0 0 0 1.24683e+12 1.24683e+12 1.24683e+12 1.24683e+12 
0.0185 -2.37265 -5.67265 -3.49128 -5.01424 0.172648 1.72893e+07 2.8508e+14 0.000108208 0.000381124 2.99742e-16 1.74078e-08 190597 0 0 5.71483e-11 0 0 0.00331839 0 0 0 0 0 0 1.24693e+12 1.24693e+12 1.24693e+12 1.24693e+12 
0.019 -2.36312 -5.66312 -3.48174 -5.00471 0.163118 1.72913e+07 2.85067e+14 0.00010821 0.000381126 2.99783e-16 1.74071e-08 190605 0 0 5.71582e-11 0 0 0.00331839 0 0 0 0 0 0 1.24703e+12 1.24703e+12 1.24703e+12 1.24703e+12 
0.0195 -2.35359 -5.65359 -3.47221 -4.99518 0.153587 1.72933e+07 2.85054e+14 0.000108212 0.000381129 2.99823e-16 1.74064e-08 190612 0 0 5.71682e-11 0 0 0.00331839 0 0 0 0 0 0 1.24713e+12 1.24713e+12 1.24713e+12 1.24713e+12 
0.02 -2.34406 -5.64406 -3.46267 -4.98565 0.144056 1.72953e+07 2.85041e+14 0.000108215 0.000381131 2.99864e-16 1.74058e-08 190619 0 0 5.71782e-11 0 0 0.00331839 0 0 0 0 0 0 1.24723e+12 1.24723e+12 1.24723e+12 1.24723e+12 
0.0205 -2.33453 -5.63453 -3.45314 -4.97612 0.134525 1.72973e+07 2.85028e+14 0.000108217 0.000381134 2.99905e-16 1.74051e-08 190627 0 0 5.71882e-11 0 0 0.00331839 0 0 0 0 0 0 1.24733e+12 1.24733e+12 1.24733e+12 1.24733e+12 
0.021 -2.32499 -5.62499 -3.44361 -4.96658 0.124994 1.72993e+07 2.85015e+14 0.000108219 0.000381137 2.99946e-16 1.74044e-08 190634 0 0 5.71981e-11 0 0 0.00331839 0 0 0 0 0 0 1.24743e+12 1.24743e+12 1.24743e+12 1.24743e+12 
0.0215 -2.31546 -5.61546 -3.43407 -4.95705 0.115462 1.73013e+07 2.85002e+14 0.000108221 0.000381139 2.99986e-16 1.74037e-08 190641 0 0 5.72081e-11 0 0 0.00331839 0 0 0 0 0 0 1.24753e+12 1.24753e+12 1.24753e+12 1.24753e+12 
0.022 -2.30593 -5.60593 -3.42454 -4.94752 0.10593 1.73034e+07 2.8499e+14 0.000108223 0.000381142 3.00027e-16 1.74031e-08 190649 0 0 5.72181e-11 0 0 0.00331839 0 0 0 0 0 0 1.24763e+12 1.24763e+12 1.24763e+12 1.24763e+12 
0.0225 -2.2964 -5.5964 -3.415 -4.93798 0.096397 1.73054e+07 2.84977e+14 0.000108225 0.000381144 3.00068e-16 1.74024e-08 190656 0 0 5.72281e-11 0 0 0.00331839 0 0 0 0 0 0 1.24773e+12 1.24773e+12 1.24773e+12 1.24773e+12 
0.023 -2.28686 -5.58686 -3.40546 -4.92845 0.086864 1.73074e+07 2.84964e+14 0.000108227 0.000381147 3.00109e-16 1.74017e-08 190663 0 0 5.7238e-11 0 0 0.00331839 0 0 0 0 0 0 1.24783e+12 1.24783e+12 1.24783e+12 1.24783e+12 
0.0235 -2.27733 -5.57733 -3.39593 -4.91891 0.0773306 1.73094e+07 2.84951e+14 0.000108229 0.000381149 3.00149e-16 1.7401e-08 190671 0 0 5.7248e-11 0 0 0.00331839 0 0 0 0 0 0 1.24793e+12 1.24793e+12 1.24793e+12 1.24793e+12 
0.024 -2.2678 -5.5678 -3.38639 -4.90938 0.0677969 1.73114e+07 2.84938e+14 0.000108231 0.000381152 3.0019e-16 1.74004e-08 190678 0 0 5.7258e-11 0 0 0.00331839 0 0 0 0 0 0 1.24803e+12 1.24803e+12 1.24803e+12 1.24803e+12 
0.0245 -2.25826 -5.55826 -3.37685 -4.89984 0.0582628 1.73134e+07 2.84925e+14 0.000108234 0.000381155 3.00231e-16 1.73997e-08 190686 0 0 5.7268e-11 0 0 0.00331839 0 0 0 0 0 0 1.24813e+12 1.24813e+12 1.24813e+12 1.24813e+12 
0.025 -2.24873 -5.54873 -3.36732 -4.89031 0.0487284 1.73154e+07 2.84912e+14 0.000108236 0.000381157 3.00272e-16 1.7399e-08 190693 0 0 5.72779e-11 0 0 0.00331839 0 0 0 0 0 0 1.24823e+12 1.24823e+12 1.24823e+12 1.24823e+12 
0.0255 -2.23919 -5.53919 -3.35778 -4.88077 0.0391935 1.73174e+07 2.84899e+14 0.000108238 0.00038116 3.00312e-16 1.73984e-08 190700 0 0 5.72879e-11 0 0 0.00331839 0 0 0 0 0 0 1.24833e+12 1.24833e+12 1.24833e+12 1.24833e+12 
0.026 -2.22966 -5.52966 -3.34824 -4.87123 0.0296583 1.73194e+07 2.84886e+14 0.00010824 0.000381162 3.00353e-16 1.73977e-08 190708 0 0 5.72979e-11 0 0 0.00331839 0 0 0 0 0 0 1.24843e+12 1.24843e+12 1.24843e+12 1.24843e+12 
0.0265 -2.22012 -5.52012 -3.3387 -4.8617 0.0201228 1.73215e+07 2.84873e+14 0.000108242 0.000381165 3.00394e-16 1.7397e-08 190715 0 0 5.73079e-11 0 0 0.00331839 0 0 0 0 0 0 1.24853e+12 1.24853e+12 1.24853e+12 1.24853e+12 
0.027 -2.21059 -5.51059 -3.32916 -4.85216 0.0105868 1.73235e+07 2.8486e+14 0.000108244 0.000381168 3.00435e-16 1.73963e-08 190722 0 0 5.73179e-11 0 0 0.00331839 0 0 0 0 0 0 1.24863e+12 1.24863e+12 1.24863e+12 1.24863e+12 
0.0275 -2.20105 -5.50105 -3.31962 -4.84262 0.00105052 1.73255e+07 2.84847e+14 0.000108246 0.00038117 3.00475e-16 1.73957e-08 190730 0 0 5.73279e-11 0 0 0.00331839 0 0 0 0 0 0 1.24873e+12 1.24873e+12 1.24873e+12 1.24873e+12 
0.028 -2.19151 -5.49151 -3.31008 -4.83308 -0.00848615 1.73275e+07 2.84834e+14 0.000108248 0.000381173 3.00516e-16 1.7395e-08 190737 0 0 5.73378e-11 0 0 0.00331839 0 0 0 0 0 0 1.24883e+12 1.24883e+12 1.24883e+12 1.24883e+12 
0.0285 -2.18198 -5.48198 -3.30054 -4.82354 -0.0180232 1.73295e+07 2.84821e+14 0.00010825 0.000381175 3.00557e-16 1.73943e-08 190744 0 0 5.73478e-11 0 0 0.00331839 0 0 0 0 0 0 1.24893e+12 1.24893e+12 1.24893e+12 1.24893e+12 
0.029 -2.17244 -5.47244 -3.291 -4.814 -0.0275606 1.73315e+07 2.84808e+14 0.000108253 0.000381178 3.00597e-16 1.73937e-08 190752 0 0 5.73578e-11 0 0 0.00331839 0 0 0 0 0 0 1.24903e+12 1.24903e+12 1.24903e+12 1.24903e+12 
0.0295 -2.1629 -5.4629 -3.28146 -4.80447 -0.0370984 1.73335e+07 2.84796e+14 0.000108255 0.000381181 3.00638e-16 1.7393e-08 190759 0 0 5.73678e-11 0 0 0.00331839 0 0 0 0 0 0 1.24913e+12 1.24913e+12 1.24913e+12 1.24913e+12 
0.03 -2.15336 -5.45336 -3.27192 -4.79493 -0.0466365 1.73355e+07 2.84783e+14 0.000108257 0.000381183 3.00679e-16 1.73923e-08 190767 0 0 5.73778e-11 0 0 0.00331839 0 0 0 0 0 0 1.24923e+12 1.24923e+12 1.24923e+12 1.24923e+12 
0.0305 -2.14382 -5.44382 -3.26238 -4.78539 -0.056175 1.73375e+07 2.8477e+14 0.000108259 0.000381186 3.0072e-16 1.73917e-08 190774 0 0 5.73878e-11 0 0 0.00331839 0 0 0 0 0 0 1.24933e+12 1.24933e+12 1.24933e+12 1.24933e+12 
0.031 -2.13429 -5.43429 -3.25284 -4.77585 -0.0657139 1.73396e+07 2.84757e+14 0.000108261 0.000381188 3.00761e-16 1.7391e-08 190781 0 0 5.73978e-11 0 0 0.00331839 0 0 0 0 0 0 1.24943e+12 1.24943e+12 1.24943e+12 1.24943e+12 
0.0315 -2.12475 -5.42475 -3.2433 -4.7663 -0.0752532 1.73416e+07 2.84744e+14 0.000108263 0.000381191 3.00801e-16 1.73903e-08 190789 0 0 5.74078e-11 0 0 0.00331839 0 0 0 0 0 0 1.24953e+12 1.24953e+12 1.24953e+12 1.24953e+12 
0.032 -2.11521 -5.41521 -3.23375 -4.75676 -0.0847928 1.73436e+07 2.84731e+14 0.000108265 0.000381194 3.00842e-16 1.73896e-08 190796 0 0 5.74178e-11 0 0 0.00331839 0 0 0 0 0 0 1.24964e+12 1.24964e+12 1.24964e+12 1.24964e+12 
0.0325 -2.10567 -5.40567 -3.22421 -4.74722 -0.0943328 1.73456e+07 2.84718e+14 0.000108267 0.000381196 3.00883e-16 1.7389e-08 190803 0 0 5.74277e-11 0 0 0.00331839 0 0 0 0 0 0 1.24974e+12 1.24974e+12 1.24974e+12 1.24974e+12 
0.033 -2.09613 -5.39613 -3.21467 -4.73768 -0.103873 1.73476e+07 2.84705e+14 0.00010827 0.000381199 3.00924e-16 1.73883e-08 190811 0 0 5.74377e-11 0 0 0.00331839 0 0 0 0 0 0 1.24984e+12 1.24984e+12 1.24984e+12 1.24984e+12 
0.0335 -2.08659 -5.38659 -3.20512 -4.72814 -0.113414 1.73496e+07 2.84692e+14 0.000108272 0.000381201 3.00964e-16 1.73876e-08 190818 0 0 5.74477e-11 0 0 0.00331839 0 0 0 0 0 0 1.24994e+12 1.24994e+12 1.24994e+12 1.24994e+12 
0.034 -2.07705 -5.37705 -3.19558 -4.7186 -0.122955 1.73516e+07 2.84679e+14 0.000108274 0.000381204 3.01005e-16 1.7387e-08 190825 0 0 5.74577e-11 0 0 0.00331839 0 0 0 0 0 0 1.25004e+12 1.25004e+12 1.25004e+12 1.25004e+12 
0.0345 -2.0675 -5.3675 -3.18603 -4.70905 -0.132496 1.73536e+07 2.84666e+14 0.000108276 0.000381207 3.01046e-16 1.73863e-08 190833 0 0 5.74677e-11 0 0 0.00331839 0 0 0 0 0 0 1.25014e+12 1.25014e+12 1.25014e+12 1.25014e+12 
0.035 -2.05796 -5.35796 -3.17649 -4.69951 -0.142038 1.73556e+07 2.84653e+14 0.000108278 0.000381209 3.01087e-16 1.73856e-08 190840 0 0 5.74777e-11 0 0 0.00331839 0 0 0 0 0 0 1.25024e+12 1.25024e+12 1.25024e+12 1.25024e+12 
0.0355 -2.04842 -5.34842 -3.16694 -4.68997 -0.15158 1.73577e+07 2.84641e+14 0.00010828 0.000381212 3.01127e-16 1.73849e-08 190848 0 0 5.74877e-11 0 0 0.00331839 0 0 0 0 0 0 1.25034e+12 1.25034e+12 1.25034e+12 1.25034e+12 
0.036 -2.03888 -5.33888 -3.1574 -4.68042 -0.161123 1.73597e+07 2.84628e+14 0.000108282 0.000381214 3.01168e-16 1.73843e-08 190855 0 0 5.74977e-11 0 0 0.00331839 0 0 0 0 0 0 1.25044e+12 1.25044e+12 1.25044e+12 1.25044e+12 
0.0365 -2.02933 -5.32933 -3.14785 -4.67088 -0.170666 1.73617e+07 2.84615e+14 0.000108284 0.000381217 3.01209e-16 1.73836e-08 190862 0 0 5.75077e-11 0 0 0.00331839 0 0 0 0 0 0 1.25054e+12 1.25054e+12 1.25054e+12 1.25054e+12 
0.037 -2.01979 -5.31979 -3.13831 -4.66133 -0.180209 1.73637e+07 2.84602e+14 0.000108286 0.00038122 3.0125e-16 1.73829e-08 190870 0 0 5.75177e-11 0 0 0.00331839 0 0 0 0 0 0 1.25064e+12 1.25064e+12 1.25064e+12 1.25064e+12 
0.0375 -2.01025 -5.31025 -3.12876 -4.65179 -0.189753 1.73657e+07 2.84589e+14 0.000108289 0.000381222 3.0129e-16 1.73823e-08 190877 0 0 5.75277e-11 0 0 0.00331839 0 0 0 0 0 0 1.25074e+12 1.25074e+12 1.25074e+12 1.25074e+12 
0.038 -2.0007 -5.3007 -3.11921 -4.64224 -0.199297 1.73677e+07 2.84576e+14 0.000108291 0.000381225 3.01331e-16 1.73816e-08 190884 0 0 5.75377e-11 0 0 0.00331839 0 0 0 0 0 0 1.25084e+12 1.25084e+12 1.25084e+12 1.25084e+12 
0.0385 -1.99116 -5.29116 -3.10966 -4.6327 -0.208841 1.73697e+07 2.84563e+14 0.000108293 0.000381227 3.01372e-16 1.73809e-08 190892 0 0 5.75477e-11 0 0 0.00331839 0 0 0 0 0 0 1.25094e+12 1.25094e+12 1.25094e+12 1.25094e+12 
0.039 -1.98161 -5.28161 -3.10012 -4.62315 -0.218386 1.73717e+07 2.8455e+14 0.000108295 0.00038123 3.01413e-16 1.73803e-08 190899 0 0 5.75577e-11 0 0 0.00331839 0 0 0 0 0 0 1.25104e+12 1.25104e+12 1.25104e+12 1.25104e+12 
0.0395 -1.97207 -5.27207 -3.09057 -4.6136 -0.227931 1.73738e+07 2.84537e+14 0.000108297 0.000381232 3.01454e-16 1.73796e-08 190906 0 0 5.75677e-11 0 0 0.00331839 0 0 0 0 0 0 1.25114e+12 1.25114e+12 1.25114e+12 1.25114e+12 
0.04 -1.96252 -5.26252 -3.08102 -4.60406 -0.237477 1.73758e+07 2.84524e+14 0.000108299 0.000381235 3.01494e-16 1.73789e-08 190914 0 0 5.75777e-11 0 0 0.00331839 0 0 0 0 0 0 1.25124e+12 1.25124e+12 1.25124e+12 1.25124e+12 
0.0405 -1.95298 -5.25298 -3.07147 -4.59451 -0.247023 1.73778e+07 2.84512e+14 0.000108301 0.000381238 3.01535e-16 1.73783e-08 190921 0 0 5.75877e-11 0 0 0.00331839 0 0 0 0 0 0 1.25134e+12 1.25134e+12 1.25134e+12 1.25134e+12 
0.041 -1.94343 -5.24343 -3.06192 -4.58496 -0.256569 1.73798e+07 2.84499e+14 0.000108303 0.00038124 3.01576e-16 1.73776e-08 190928 0 0 5.75977e-11 0 0 0.00331839 0 0 0 0 0 0 1.25144e+12 1.25144e+12 1.25144e+12 1.25144e+12 
0.0415 -1.93388 -5.23388 -3.05237 -4.57541 -0.266115 1.73818e+07 2.84486e+14 0.000108305 0.000381243 3.01617e-16 1.73769e-08 190936 0 0 5.76077e-11 0 0 0.00331839 0 0 0 0 0 0 1.25154e+12 1.25154e+12 1.25154e+12 1.25154e+12 
0.042 -1.92434 -5.22434 -3.04282 -4.56586 -0.275662 1.73838e+07 2.84473e+14 0.000108308 0.000381245 3.01658e-16 1.73762e-08 190943 0 0 5.76177e-11 0 0 0.00331839 0 0 0 0 0 0 1.25164e+12 1.25164e+12 1.25164e+12 1.25164e+12 
0.0425 -1.91479 -5.21479 -3.03327 -4.55632 -0.28521 1.73858e+07 2.8446e+14 0.00010831 0.000381248 3.01698e-16 1.73756e-08 190950 0 0 5.76278e-11 0 0 0.00331839 0 0 0 0 0 0 1.25174e+12 1.25174e+12 1.25174e+12 1.25174e+12 
0.043 -1.90524 -5.20524 -3.02372 -4.54677 -0.294757 1.73878e+07 2.84447e+14 0.000108312 0.000381251 3.01739e-16 1.73749e-08 190958 0 0 5.76378e-11 0 0 0.00331839 0 0 0 0 0 0 1.25184e+12 1.25184e+12 1.25184e+12 1.25184e+12 
0.0435 -1.89569 -5.19569 -3.01417 -4.53722 -0.304305 1.73898e+07 2.84434e+14 0.000108314 0.000381253 3.0178e-16 1.73742e-08 190965 0 0 5.76478e-11 0 0 0.00331839 0 0 0 0 0 0 1.25194e+12 1.25194e+12 1.25194e+12 1.25194e+12 
0.044 -1.88615 -5.18615 -3.00462 -4.52767 -0.313854 1.73919e+07 2.84421e+14 0.000108316 0.000381256 3.01821e-16 1.73736e-08 190973 0 0 5.76578e-11 0 0 0.00331839 0 0 0 0 0 0 1.25204e+12 1.25204e+12 1.25204e+12 1.25204e+12 
0.0445 -1.8766 -5.1766 -2.99507 -4.51812 -0.323403 1.73939e+07 2.84408e+14 0.000108318 0.000381258 3.01862e-16 1.73729e-08 190980 0 0 5.76678e-11 0 0 0.00331839 0 0 0 0 0 0 1.25214e+12 1.25214e+12 1.25214e+12 1.25214e+12 
0.045 -1.86705 -5.16705 -2.98551 -4.50857 -0.332952 1.73959e+07 2.84396e+14 0.00010832 0.000381261 3.01902e-16 1.73722e-08 190987 0 0 5.76778e-11 0 0 0.00331839 0 0 0 0 0 0 1.25224e+12 1.25224e+12 1.25224e+12 1.25224e+12 
0.0455 -1.8575 -5.1575 -2.97596 -4.49901 -0.342501 1.73979e+07 2.84383e+14 0.000108322 0.000381264 3.01943e-16 1.73716e-08 190995 0 0 5.76878e-11 0 0 0.00331839 0 0 0 0 0 0 1.25234e+12 1.25234e+12 1.25234e+12 1.25234e+12 
0.046 -1.84795 -5.14795 -2.96641 -4.48946 -0.352051 1.73999e+07 2.8437e+14 0.000108324 0.000381266 3.01984e-16 1.73709e-08 191002 0 0 5.76978e-11 0 0 0.00331839 0 0 0 0 0 0 1.25244e+12 1.25244e+12 1.25244e+12 1.25244e+12 
0.0465 -1.8384 -5.1384 -2.95686 -4.47991 -0.361602 1.74019e+07 2.84357e+14 0.000108327 0.000381269 3.02025e-16 1.73702e-08 191009 0 0 5.77078e-11 0 0 0.00331839 0 0 0 0 0 0 1.25254e+12 1.25254e+12 1.25254e+12 1.25254e+12 
0.047 -1.82885 -5.12885 -2.9473 -4.47036 -0.371152 1.74039e+07 2.84344e+14 0.000108329 0.000381271 3.02066e-16 1.73696e-08 191017 0 0 5.77179e-11 0 0 0.00331839 0 0 0 0 0 0 1.25264e+12 1.25264e+12 1.25264e+12 1.25264e+12 
0.0475 -1.8193 -5.1193 -2.93775 -4.46081 -0.380703 1.74059e+07 2.84331e+14 0.000108331 0.000381274 3.02106e-16 1.73689e-08 191024 0 0 5.77279e-11 0 0 0.00331839 0 0 0 0 0 0 1.25274e+12 1.25274e+12 1.25274e+12 1.25274e+12 
0.048 -1.80975 -5.10975 -2.92819 -4.45125 -0.390255 1.74079e+07 2.84318e+14 0.000108333 0.000381277 3.02147e-16 1.73682e-08 191031 0 0 5.77379e-11 0 0 0.00331839 0 0 0 0 0 0 1.25284e+12 1.25284e+12 1.25284e+12 1.25284e+12 
0.0485 -1.80019 -5.10019 -2.91864 -4.4417 -0.399806 1.741e+07 2.84305e+14 0.000108335 0.000381279 3.02188e-16 1.73676e-08 191039 0 0 5.77479e-11 0 0 0.00331839 0 0 0 0 0 0 1.25294e+12 1.25294e+12 1.25294e+12 1.25294e+12 
0.049 -1.79064 -5.09064 -2.90908 -4.43215 -0.409359 1.7412e+07 2.84293e+14 0.000108337 0.000381282 3.02229e-16 1.73669e-08 191046 0 0 5.77579e-11 0 0 0.00331839 0 0 0 0 0 0 1.25304e+12 1.25304e+12 1.25304e+12 1.25304e+12 
0.0495 -1.78109 -5.08109 -2.89953 -4.42259 -0.418911 1.7414e+07 2.8428e+14 0.000108339 0.000381284 3.0227e-16 1.73662e-08 191053 0 0 5.77679e-11 0 0 0.00331839 0 0 0 0 0 0 1.25314e+12 1.25314e+12 1.25314e+12 1.25314e+12 
0.05 -1.77154 -5.07154 -2.88997 -4.41304 -0.428464 1.7416e+07 2.84267e+14 0.000108341 0.000381287 3.0231e-16 1.73656e-08 191061 0 0 5.7778e-11 0 0 0.00331839 0 0 0 0 0 0 1.25324e+12 1.25324e+12 1.25324e+12 1.25324e+12 
0.0505 -1.76198 -5.06198 -2.88042 -4.40348 -0.438017 1.7418e+07 2.84254e+14 0.000108344 0.00038129 3.02351e-16 1.73649e-08 191068 0 0 5.7788e-11 0 0 0.00331839 0 0 0 0 0 0 1.25334e+12 1.25334e+12 1.25334e+12 1.25334e+12 
0.051 -1.75243 -5.05243 -2.87086 -4.39393 -0.447571 1.742e+07 2.84241e+14 0.000108346 0.000381292 3.02392e-16 1.73642e-08 191075 0 0 5.7798e-11 0 0 0.00331839 0 0 0 0 0 0 1.25344e+12 1.25344e+12 1.25344e+12 1.25344e+12 
0.0515 -1.74288 -5.04288 -2.8613 -4.38437 -0.457125 1.7422e+07 2.84228e+14 0.000108348 0.000381295 3.02433e-16 1.73635e-08 191083 0 0 5.7808e-11 0 0 0.00331839 0 0 0 0 0 0 1.25354e+12 1.25354e+12 1.25354e+12 1.25354e+12 
0.052 -1.73332 -5.03332 -2.85174 -4.37482 -0.466679 1.7424e+07 2.84215e+14 0.00010835 0.000381297 3.02474e-16 1.73629e-08 191090 0 0 5.78181e-11 0 0 0.00331839 0 0 0 0 0 0 1.25364e+12 1.25364e+12 1.25364e+12 1.25364e+12 
0.0525 -1.72377 -5.02377 -2.84219 -4.36526 -0.476234 1.74261e+07 2.84202e+14 0.000108352 0.0003813 3.02515e-16 1.73622e-08 191097 0 0 5.78281e-11 0 0 0.00331839 0 0 0 0 0 0 1.25374e+12 1.25374e+12 1.25374e+12 1.25374e+12 
0.053 -1.71421 -5.01421 -2.83263 -4.35571 -0.485789 1.74281e+07 2.8419e+14 0.000108354 0.000381303 3.02555e-16 1.73615e-08 191105 0 0 5.78381e-11 0 0 0.00331839 0 0 0 0 0 0 1.25384e+12 1.25384e+12 1.25384e+12 1.25384e+12 
0.0535 -1.70466 -5.00466 -2.82307 -4.34615 -0.495344 1.74301e+07 2.84177e+14 0.000108356 0.000381305 3.02596e-16 1.73609e-08 191112 0 0 5.78481e-11 0 0 0.00331839 0 0 0 0 0 0 1.25394e+12 1.25394e+12 1.25394e+12 1.25394e+12 
0.054 -1.6951 -4.9951 -2.81351 -4.33659 -0.5049 1.74321e+07 2.84164e+14 0.000108358 0.000381308 3.02637e-16 1.73602e-08 191120 0 0 5.78582e-11 0 0 0.00331839 0 0 0 0 0 0 1.25404e+12 1.25404e+12 1.25404e+12 1.25404e+12 
0.0545 -1.68554 -4.98554 -2.80395 -4.32703 -0.514456 1.74341e+07 2.84151e+14 0.00010836 0.000381311 3.02678e-16 1.73595e-08 191127 0 0 5.78682e-11 0 0 0.00331839 0 0 0 0 0 0 1.25414e+12 1.25414e+12 1.25414e+12 1.25414e+12 
0.055 -1.67599 -4.97599 -2.79439 -4.31748 -0.524013 1.74361e+07 2.84138e+14 0.000108363 0.000381313 3.02719e-16 1.73589e-08 191134 0 0 5.78782e-11 0 0 0.00331839 0 0 0 0 0 0 1.25424e+12 1.25424e+12 1.25424e+12 1.25424e+12 
0.0555 -1.66643 -4.96643 -2.78483 -4.30792 -0.53357 1.74381e+07 2.84125e+14 0.000108365 0.000381316 3.02759e-16 1.73582e-08 191142 0 0 5.78882e-11 0 0 0.00331839 0 0 0 0 0 0 1.25434e+12 1.25434e+12 1.25434e+12 1.25434e+12 
0.056 -1.65687 -4.95687 -2.77527 -4.29836 -0.543127 1.74401e+07 2.84112e+14 0.000108367 0.000381318 3.028e-16 1.73575e-08 191149 0 0 5.78983e-11 0 0 0.00331839 0 0 0 0 0 0 1.25444e+12 1.25444e+12 1.25444e+12 1.25444e+12 
0.0565 -1.64732 -4.94732 -2.76571 -4.2888 -0.552684 1.74421e+07 2.841e+14 0.000108369 0.000381321 3.02841e-16 1.73569e-08 191156 0 0 5.79083e-11 0 0 0.00331839 0 0 0 0 0 0 1.25454e+12 1.25454e+12 1.25454e+12 1.25454e+12 
0.057 -1.63776 -4.93776 -2.75615 -4.27924 -0.562242 1.74442e+07 2.84087e+14 0.000108371 0.000381324 3.02882e-16 1.73562e-08 191164 0 0 5.79183e-11 0 0 0.00331839 0 0 0 0 0 0 1.25464e+12 1.25464e+12 1.25464e+12 1.25464e+12 
0.0575 -1.6282 -4.9282 -2.74659 -4.26968 -0.571801 1.74462e+07 2.84074e+14 0.000108373 0.000381326 3.02923e-16 1.73555e-08 191171 0 0 5.79284e-11 0 0 0.00331839 0 0 0 0 0 0 1.25474e+12 1.25474e+12 1.25474e+12 1.25474e+12 
0.058 -1.61864 -4.91864 -2.73703 -4.26012 -0.58136 1.74482e+07 2.84061e+14 0.000108375 0.000381329 3.02964e-16 1.73549e-08 191178 0 0 5.79384e-11 0 0 0.00331839 0 0 0 0 0 0 1.25484e+12 1.25484e+12 1.25484e+12 1.25484e+12 
0.0585 -1.60908 -4.90908 -2.72747 -4.25056 -0.590919 1.74502e+07 2.84048e+14 0.000108377 0.000381331 3.03005e-16 1.73542e-08 191186 0 0 5.79484e-11 0 0 0.00331839 0 0 0 0 0 0 1.25494e+12 1.25494e+12 1.25494e+12 1.25494e+12 
0.059 -1.59952 -4.89952 -2.7179 -4.241 -0.600478 1.74522e+07 2.84035e+14 0.000108379 0.000381334 3.03045e-16 1.73535e-08 191193 0 0 5.79585e-11 0 0 0.00331839 0 0 0 0 0 0 1.25504e+12 1.25504e+12 1.25504e+12 1.25504e+12 
0.0595 -1.58996 -4.88996 -2.70834 -4.23144 -0.610038 1.74542e+07 2.84023e+14 0.000108382 0.000381337 3.03086e-16 1.73529e-08 191200 0 0 5.79685e-11 0 0 0.00331839 0 0 0 0 0 0 1.25514e+12 1.25514e+12 1.25514e+12 1.25514e+12 
0.06 -1.5804 -4.8804 -2.69878 -4.22188 -0.619598 1.74562e+07 2.8401e+14 0.000108384 0.000381339 3.03127e-16 1.73522e-08 191208 0 0 5.79785e-11 0 0 0.00331839 0 0 0 0 0 0 1.25524e+12 1.25524e+12 1.25524e+12 1.25524e+12 
0.0605 -1.57084 -4.87084 -2.68921 -4.21231 -0.629159 1.74582e+07 2.83997e+14 0.000108386 0.000381342 3.03168e-16 1.73515e-08 191215 0 0 5.79886e-11 0 0 0.00331839 0 0 0 0 0 0 1.25534e+12 1.25534e+12 1.25534e+12 1.25534e+12 
0.061 -1.56128 -4.86128 -2.67965 -4.20275 -0.63872 1.74602e+07 2.83984e+14 0.000108388 0.000381344 3.03209e-16 1.73509e-08 191222 0 0 5.79986e-11 0 0 0.00331839 0 0 0 0 0 0 1.25544e+12 1.25544e+12 1.25544e+12 1.25544e+12 
0.0615 -1.55172 -4.85172 -2.67009 -4.19319 -0.648281 1.74623e+07 2.83971e+14 0.00010839 0.000381347 3.0325e-16 1.73502e-08 191230 0 0 5.80086e-11 0 0 0.00331839 0 0 0 0 0 0 1.25554e+12 1.25554e+12 1.25554e+12 1.25554e+12 
0.062 -1.54216 -4.84216 -2.66052 -4.18362 -0.657843 1.74643e+07 2.83958e+14 0.000108392 0.00038135 3.0329e-16 1.73496e-08 191237 0 0 5.80187e-11 0 0 0.00331839 0 0 0 0 0 0 1.25564e+12 1.25564e+12 1.25564e+12 1.25564e+12 
0.0625 -1.5326 -4.8326 -2.65096 -4.17406 -0.667405 1.74663e+07 2.83945e+14 0.000108394 0.000381352 3.03331e-16 1.73489e-08 191244 0 0 5.80287e-11 0 0 0.00331839 0 0 0 0 0 0 1.25574e+12 1.25574e+12 1.25574e+12 1.25574e+12 
0.063 -1.52303 -4.82303 -2.64139 -4.1645 -0.676967 1.74683e+07 2.83933e+14 0.000108396 0.000381355 3.03372e-16 1.73482e-08 191252 0 0 5.80388e-11 0 0 0.00331839 0 0 0 0 0 0 1.25584e+12 1.25584e+12 1.25584e+12 1.25584e+12 
0.0635 -1.51347 -4.81347 -2.63182 -4.15493 -0.68653 1.74703e+07 2.8392e+14 0.000108398 0.000381357 3.03413e-16 1.73476e-08 191259 0 0 5.80488e-11 0 0 0.00331839 0 0 0 0 0 0 1.25594e+12 1.25594e+12 1.25594e+12 1.25594e+12 
0.064 -1.50391 -4.80391 -2.62226 -4.14537 -0.696093 1.74723e+07 2.83907e+14 0.000108401 0.00038136 3.03454e-16 1.73469e-08 191266 0 0 5.80589e-11 0 0 0.00331839 0 0 0 0 0 0 1.25604e+12 1.25604e+12 1.25604e+12 1.25604e+12 
0.0645 -1.49434 -4.79434 -2.61269 -4.1358 -0.705656 1.74743e+07 2.83894e+14 0.000108403 0.000381363 3.03495e-16 1.73462e-08 191274 0 0 5.80689e-11 0 0 0.00331839 0 0 0 0 0 0 1.25614e+12 1.25614e+12 1.25614e+12 1.25614e+12 
0.065 -1.48478 -4.78478 -2.60313 -4.12624 -0.71522 1.74763e+07 2.83881e+14 0.000108405 0.000381365 3.03536e-16 1.73456e-08 191281 0 0 5.80789e-11 0 0 0.00331839 0 0 0 0 0 0 1.25624e+12 1.25624e+12 1.25624e+12 1.25624e+12 
0.0655 -1.47522 -4.77522 -2.59356 -4.11667 -0.724785 1.74784e+07 2.83868e+14 0.000108407 0.000381368 3.03576e-16 1.73449e-08 191288 0 0 5.8089e-11 0 0 0.00331839 0 0 0 0 0 0 1.25634e+12 1.25634e+12 1.25634e+12 1.25634e+12 
0.066 -1.46565 -4.76565 -2.58399 -4.10711 -0.734349 1.74804e+07 2.83856e+14 0.000108409 0.00038137 3.03617e-16 1.73442e-08 191296 0 0 5.8099e-11 0 0 0.00331839 0 0 0 0 0 0 1.25644e+12 1.25644e+12 1.25644e+12 1.25644e+12 
0.0665 -1.45609 -4.75609 -2.57442 -4.09754 -0.743914 1.74824e+07 2.83843e+14 0.000108411 0.000381373 3.03658e-16 1.73436e-08 191303 0 0 5.81091e-11 0 0 0.00331839 0 0 0 0 0 0 1.25654e+12 1.25654e+12 1.25654e+12 1.25654e+12 
0.067 -1.44652 -4.74652 -2.56485 -4.08797 -0.753479 1.74844e+07 2.8383e+14 0.000108413 0.000381376 3.03699e-16 1.73429e-08 191310 0 0 5.81191e-11 0 0 0.00331839 0 0 0 0 0 0 1.25664e+12 1.25664e+12 1.25664e+12 1.25664e+12 
0.0675 -1.43695 -4.73695 -2.55529 -4.07841 -0.763045 1.74864e+07 2.83817e+14 0.000108415 0.000381378 3.0374e-16 1.73422e-08 191318 0 0 5.81292e-11 0 0 0.00331839 0 0 0 0 0 0 1.25674e+12 1.25674e+12 1.25674e+12 1.25674e+12 
0.068 -1.42739 -4.72739 -2.54572 -4.06884 -0.772611 1.74884e+07 2.83804e+14 0.000108418 0.000381381 3.03781e-16 1.73416e-08 191325 0 0 5.81392e-11 0 0 0.00331839 0 0 0 0 0 0 1.25684e+12 1.25684e+12 1.25684e+12 1.25684e+12 
0.0685 -1.41782 -4.71782 -2.53615 -4.05927 -0.782178 1.74904e+07 2.83792e+14 0.00010842 0.000381384 3.03822e-16 1.73409e-08 191332 0 0 5.81493e-11 0 0 0.00331839 0 0 0 0 0 0 1.25694e+12 1.25694e+12 1.25694e+12 1.25694e+12 
0.069 -1.40826 -4.70826 -2.52658 -4.0497 -0.791744 1.74924e+07 2.83779e+14 0.000108422 0.000381386 3.03863e-16 1.73402e-08 191340 0 0 5.81593e-11 0 0 0.00331839 0 0 0 0 0 0 1.25704e+12 1.25704e+12 1.25704e+12 1.25704e+12 
0.0695 -1.39869 -4.69869 -2.51701 -4.04013 -0.801312 1.74945e+07 2.83766e+14 0.000108424 0.000381389 3.03903e-16 1.73396e-08 191347 0 0 5.81694e-11 0 0 0.00331839 0 0 0 0 0 0 1.25714e+12 1.25714e+12 1.25714e+12 1.25714e+12 
0.07 -1.38912 -4.68912 -2.50744 -4.03056 -0.810879 1.74965e+07 2.83753e+14 0.000108426 0.000381391 3.03944e-16 1.73389e-08 191354 0 0 5.81794e-11 0 0 0.00331839 0 0 0 0 0 0 1.25724e+12 1.25724e+12 1.25724e+12 1.25724e+12 
0.0705 -1.37955 -4.67955 -2.49787 -4.021 -0.820447 1.74985e+07 2.8374e+14 0.000108428 0.000381394 3.03985e-16 1.73382e-08 191362 0 0 5.81895e-11 0 0 0.00331839 0 0 0 0 0 0 1.25734e+12 1.25734e+12 1.25734e+12 1.25734e+12 
0.071 -1.36998 -4.66998 -2.48829 -4.01143 -0.830015 1.75005e+07 2.83727e+14 0.00010843 0.000381397 3.04026e-16 1.73376e-08 191369 0 0 5.81995e-11 0 0 0.00331839 0 0 0 0 0 0 1.25744e+12 1.25744e+12 1.25744e+12 1.25744e+12 
0.0715 -1.36042 -4.66042 -2.47872 -4.00186 -0.839584 1.75025e+07 2.83715e+14 0.000108432 0.000381399 3.04067e-16 1.73369e-08 191376 0 0 5.82096e-11 0 0 0.00331839 0 0 0 0 0 0 1.25754e+12 1.25754e+12 1.25754e+12 1.25754e+12 
0.072 -1.35085 -4.65085 -2.46915 -3.99228 -0.849153 1.75045e+07 2.83702e+14 0.000108434 0.000381402 3.04108e-16 1.73363e-08 191384 0 0 5.82196e-11 0 0 0.00331839 0 0 0 0 0 0 1.25764e+12 1.25764e+12 1.25764e+12 1.25764e+12 
0.0725 -1.34128 -4.64128 -2.45958 -3.98271 -0.858722 1.75065e+07 2.83689e+14 0.000108437 0.000381404 3.04149e-16 1.73356e-08 191391 0 0 5.82297e-11 0 0 0.00331839 0 0 0 0 0 0 1.25774e+12 1.25774e+12 1.25774e+12 1.25774e+12 
0.073 -1.33171 -4.63171 -2.45 -3.97314 -0.868292 1.75085e+07 2.83676e+14 0.000108439 0.000381407 3.0419e-16 1.73349e-08 191398 0 0 5.82398e-11 0 0 0.00331839 0 0 0 0 0 0 1.25784e+12 1.25784e+12 1.25784e+12 1.25784e+12 
0.0735 -1.32214 -4.62214 -2.44043 -3.96357 -0.877862 1.75105e+07 2.83663e+14 0.000108441 0.00038141 3.04231e-16 1.73343e-08 191406 0 0 5.82498e-11 0 0 0.00331839 0 0 0 0 0 0 1.25794e+12 1.25794e+12 1.25794e+12 1.25794e+12 
0.074 -1.31257 -4.61257 -2.43086 -3.954 -0.887433 1.75126e+07 2.83651e+14 0.000108443 0.000381412 3.04271e-16 1.73336e-08 191413 0 0 5.82599e-11 0 0 0.00331839 0 0 0 0 0 0 1.25804e+12 1.25804e+12 1.25804e+12 1.25804e+12 
0.0745 -1.303 -4.603 -2.42128 -3.94443 -0.897004 1.75146e+07 2.83638e+14 0.000108445 0.000381415 3.04312e-16 1.73329e-08 191420 0 0 5.82699e-11 0 0 0.00331839 0 0 0 0 0 0 1.25814e+12 1.25814e+12 1.25814e+12 1.25814e+12 
0.075 -1.29343 -4.59343 -2.41171 -3.93485 -0.906575 1.75166e+07 2.83625e+14 0.000108447 0.000381417 3.04353e-16 1.73323e-08 191428 0 0 5.828e-11 0 0 0.00331839 0 0 0 0 0 0 1.25824e+12 1.25824e+12 1.25824e+12 1.25824e+12 
0.0755 -1.28385 -4.58385 -2.40214 -3.92528 -0.916146 1.75186e+07 2.83612e+14 0.000108449 0.00038142 3.04394e-16 1.73316e-08 191435 0 0 5.829e-11 0 0 0.00331839 0 0 0 0 0 0 1.25834e+12 1.25834e+12 1.25834e+12 1.25834e+12 
0.076 -1.27428 -4.57428 -2.39256 -3.91571 -0.925718 1.75206e+07 2.83599e+14 0.000108451 0.000381423 3.04435e-16 1.73309e-08 191442 0 0 5.83001e-11 0 0 0.00331839 0 0 0 0 0 0 1.25844e+12 1.25844e+12 1.25844e+12 1.25844e+12 
0.0765 -1.26471 -4.56471 -2.38299 -3.90613 -0.935291 1.75226e+07 2.83587e+14 0.000108453 0.000381425 3.04476e-16 1.73303e-08 191450 0 0 5.83102e-11 0 0 0.00331839 0 0 0 0 0 0 1.25854e+12 1.25854e+12 1.25854e+12 1.25854e+12 
0.077 -1.25514 -4.55514 -2.37341 -3.89656 -0.944863 1.75246e+07 2.83574e+14 0.000108456 0.000381428 3.04517e-16 1.73296e-08 191457 0 0 5.83202e-11 0 0 0.00331839 0 0 0 0 0 0 1.25864e+12 1.25864e+12 1.25864e+12 1.25864e+12 
0.0775 -1.24556 -4.54556 -2.36383 -3.88699 -0.954436 1.75266e+07 2.83561e+14 0.000108458 0.000381431 3.04558e-16 1.7329e-08 191464 0 0 5.83303e-11 0 0 0.00331839 0 0 0 0 0 0 1.25874e+12 1.25874e+12 1.25874e+12 1.25874e+12 
0.078 -1.23599 -4.53599 -2.35426 -3.87741 -0.96401 1.75287e+07 2.83548e+14 0.00010846 0.000381433 3.04599e-16 1.73283e-08 191472 0 0 5.83404e-11 0 0 0.00331839 0 0 0 0 0 0 1.25884e+12 1.25884e+12 1.25884e+12 1.25884e+12 
0.0785 -1.22642 -4.52642 -2.34468 -3.86784 -0.973583 1.75307e+07 2.83535e+14 0.000108462 0.000381436 3.04639e-16 1.73276e-08 191479 0 0 5.83504e-11 0 0 0.00331839 0 0 0 0 0 0 1.25894e+12 1.25894e+12 1.25894e+12 1.25894e+12 
0.079 -1.21684 -4.51684 -2.3351 -3.85826 -0.983158 1.75327e+07 2.83523e+14 0.000108464 0.000381438 3.0468e-16 1.7327e-08 191486 0 0 5.83605e-11 0 0 0.00331839 0 0 0 0 0 0 1.25904e+12 1.25904e+12 1.25904e+12 1.25904e+12 
0.0795 -1.20727 -4.50727 -2.32553 -3.84868 -0.992732 1.75347e+07 2.8351e+14 0.000108466 0.000381441 3.04721e-16 1.73263e-08 191494 0 0 5.83706e-11 0 0 0.00331839 0 0 0 0 0 0 1.25914e+12 1.25914e+12 1.25914e+12 1.25914e+12 
0.08 -1.19769 -4.49769 -2.31595 -3.83911 -1.00231 1.75367e+07 2.83497e+14 0.000108468 0.000381444 3.04762e-16 1.73256e-08 191501 0 0 5.83806e-11 0 0 0.00331839 0 0 0 0 0 0 1.25924e+12 1.25924e+12 1.25924e+12 1.25924e+12 
0.0805 -1.18812 -4.48812 -2.30637 -3.82953 -1.01188 1.75387e+07 2.83484e+14 0.00010847 0.000381446 3.04803e-16 1.7325e-08 191508 0 0 5.83907e-11 0 0 0.00331839 0 0 0 0 0 0 1.25934e+12 1.25934e+12 1.25934e+12 1.25934e+12 
0.081 -1.17854 -4.47854 -2.29679 -3.81995 -1.02146 1.75407e+07 2.83471e+14 0.000108472 0.000381449 3.04844e-16 1.73243e-08 191516 0 0 5.84008e-11 0 0 0.00331839 0 0 0 0 0 0 1.25944e+12 1.25944e+12 1.25944e+12 1.25944e+12 
0.0815 -1.16897 -4.46897 -2.28721 -3.81038 -1.03103 1.75427e+07 2.83459e+14 0.000108475 0.000381451 3.04885e-16 1.73237e-08 191523 0 0 5.84108e-11 0 0 0.00331839 0 0 0 0 0 0 1.25954e+12 1.25954e+12 1.25954e+12 1.25954e+12 
0.082 -1.15939 -4.45939 -2.27763 -3.8008 -1.04061 1.75448e+07 2.83446e+14 0.000108477 0.000381454 3.04926e-16 1.7323e-08 191530 0 0 5.84209e-11 0 0 0.00331839 0 0 0 0 0 0 1.25964e+12 1.25964e+12 1.25964e+12 1.25964e+12 
0.0825 -1.14981 -4.44981 -2.26805 -3.79122 -1.05019 1.75468e+07 2.83433e+14 0.000108479 0.000381457 3.04967e-16 1.73223e-08 191538 0 0 5.8431e-11 0 0 0.00331839 0 0 0 0 0 0 1.25974e+12 1.25974e+12 1.25974e+12 1.25974e+12 
0.083 -1.14024 -4.44024 -2.25847 -3.78164 -1.05976 1.75488e+07 2.8342e+14 0.000108481 0.000381459 3.05008e-16 1.73217e-08 191545 0 0 5.84411e-11 0 0 0.00331839 0 0 0 0 0 0 1.25984e+12 1.25984e+12 1.25984e+12 1.25984e+12 
0.0835 -1.13066 -4.43066 -2.24889 -3.77206 -1.06934 1.75508e+07 2.83408e+14 0.000108483 0.000381462 3.05049e-16 1.7321e-08 191552 0 0 5.84511e-11 0 0 0.00331839 0 0 0 0 0 0 1.25994e+12 1.25994e+12 1.25994e+12 1.25994e+12 
0.084 -1.12108 -4.42108 -2.23931 -3.76248 -1.07892 1.75528e+07 2.83395e+14 0.000108485 0.000381465 3.0509e-16 1.73203e-08 191560 0 0 5.84612e-11 0 0 0.00331839 0 0 0 0 0 0 1.26004e+12 1.26004e+12 1.26004e+12 1.26004e+12 
0.0845 -1.1115 -4.4115 -2.22973 -3.7529 -1.0885 1.75548e+07 2.83382e+14 0.000108487 0.000381467 3.0513e-16 1.73197e-08 191567 0 0 5.84713e-11 0 0 0.00331839 0 0 0 0 0 0 1.26014e+12 1.26014e+12 1.26014e+12 1.26014e+12 
0.085 -1.10192 -4.40192 -2.22015 -3.74332 -1.09808 1.75568e+07 2.83369e+14 0.000108489 0.00038147 3.05171e-16 1.7319e-08 191574 0 0 5.84814e-11 0 0 0.00331839 0 0 0 0 0 0 1.26024e+12 1.26024e+12 1.26024e+12 1.26024e+12 
0.0855 -1.09235 -4.39235 -2.21057 -3.73374 -1.10765 1.75588e+07 2.83356e+14 0.000108492 0.000381472 3.05212e-16 1.73184e-08 191582 0 0 5.84914e-11 0 0 0.00331839 0 0 0 0 0 0 1.26034e+12 1.26034e+12 1.26034e+12 1.26034e+12 
0.086 -1.08277 -4.38277 -2.20098 -3.72416 -1.11723 1.75609e+07 2.83344e+14 0.000108494 0.000381475 3.05253e-16 1.73177e-08 191589 0 0 5.85015e-11 0 0 0.00331839 0 0 0 0 0 0 1.26044e+12 1.26044e+12 1.26044e+12 1.26044e+12 
0.0865 -1.07319 -4.37319 -2.1914 -3.71458 -1.12681 1.75629e+07 2.83331e+14 0.000108496 0.000381478 3.05294e-16 1.7317e-08 191596 0 0 5.85116e-11 0 0 0.00331839 0 0 0 0 0 0 1.26054e+12 1.26054e+12 1.26054e+12 1.26054e+12 
0.087 -1.06361 -4.36361 -2.18182 -3.705 -1.13639 1.75649e+07 2.83318e+14 0.000108498 0.00038148 3.05335e-16 1.73164e-08 191604 0 0 5.85217e-11 0 0 0.00331839 0 0 0 0 0 0 1.26064e+12 1.26064e+12 1.26064e+12 1.26064e+12 
0.0875 -1.05403 -4.35403 -2.17224 -3.69542 -1.14597 1.75669e+07 2.83305e+14 0.0001085 0.000381483 3.05376e-16 1.73157e-08 191611 0 0 5.85317e-11 0 0 0.00331839 0 0 0 0 0 0 1.26074e+12 1.26074e+12 1.26074e+12 1.26074e+12 
0.088 -1.04445 -4.34445 -2.16265 -3.68584 -1.15555 1.75689e+07 2.83293e+14 0.000108502 0.000381486 3.05417e-16 1.7315e-08 191618 0 0 5.85418e-11 0 0 0.00331839 0 0 0 0 0 0 1.26084e+12 1.26084e+12 1.26084e+12 1.26084e+12 
0.0885 -1.03486 -4.33486 -2.15307 -3.67625 -1.16514 1.75709e+07 2.8328e+14 0.000108504 0.000381488 3.05458e-16 1.73144e-08 191626 0 0 5.85519e-11 0 0 0.00331839 0 0 0 0 0 0 1.26094e+12 1.26094e+12 1.26094e+12 1.26094e+12 
0.089 -1.02528 -4.32528 -2.14348 -3.66667 -1.17472 1.75729e+07 2.83267e+14 0.000108506 0.000381491 3.05499e-16 1.73137e-08 191633 0 0 5.8562e-11 0 0 0.00331839 0 0 0 0 0 0 1.26104e+12 1.26104e+12 1.26104e+12 1.26104e+12 
0.0895 -1.0157 -4.3157 -2.1339 -3.65709 -1.1843 1.75749e+07 2.83254e+14 0.000108508 0.000381493 3.0554e-16 1.73131e-08 191640 0 0 5.85721e-11 0 0 0.00331839 0 0 0 0 0 0 1.26114e+12 1.26114e+12 1.26114e+12 1.26114e+12 
0.09 -1.00612 -4.30612 -2.12431 -3.6475 -1.19388 1.7577e+07 2.83242e+14 0.000108511 0.000381496 3.05581e-16 1.73124e-08 191648 0 0 5.85822e-11 0 0 0.00331839 0 0 0 0 0 0 1.26123e+12 1.26123e+12 1.26123e+12 1.26123e+12 
0.0905 -0.996536 -4.29654 -2.11473 -3.63792 -1.20346 1.7579e+07 2.83229e+14 0.000108513 0.000381499 3.05622e-16 1.73117e-08 191655 0 0 5.85922e-11 0 0 0.00331839 0 0 0 0 0 0 1.26133e+12 1.26133e+12 1.26133e+12 1.26133e+12 
0.091 -0.986953 -4.28695 -2.10514 -3.62834 -1.21305 1.7581e+07 2.83216e+14 0.000108515 0.000381501 3.05663e-16 1.73111e-08 191662 0 0 5.86023e-11 0 0 0.00331839 0 0 0 0 0 0 1.26143e+12 1.26143e+12 1.26143e+12 1.26143e+12 
0.0915 -0.97737 -4.27737 -2.09556 -3.61875 -1.22263 1.7583e+07 2.83203e+14 0.000108517 0.000381504 3.05704e-16 1.73104e-08 191670 0 0 5.86124e-11 0 0 0.00331839 0 0 0 0 0 0 1.26153e+12 1.26153e+12 1.26153e+12 1.26153e+12 
0.092 -0.967786 -4.26779 -2.08597 -3.60917 -1.23221 1.7585e+07 2.8319e+14 0.000108519 0.000381506 3.05745e-16 1.73098e-08 191677 0 0 5.86225e-11 0 0 0.00331839 0 0 0 0 0 0 1.26163e+12 1.26163e+12 1.26163e+12 1.26163e+12 
0.0925 -0.958202 -4.2582 -2.07638 -3.59958 -1.2418 1.7587e+07 2.83178e+14 0.000108521 0.000381509 3.05785e-16 1.73091e-08 191684 0 0 5.86326e-11 0 0 0.00331839 0 0 0 0 0 0 1.26173e+12 1.26173e+12 1.26173e+12 1.26173e+12 
0.093 -0.948618 -4.24862 -2.06679 -3.58999 -1.25138 1.7589e+07 2.83165e+14 0.000108523 0.000381512 3.05826e-16 1.73084e-08 191691 0 0 5.86427e-11 0 0 0.00331839 0 0 0 0 0 0 1.26183e+12 1.26183e+12 1.26183e+12 1.26183e+12 
0.0935 -0.939033 -4.23903 -2.05721 -3.58041 -1.26097 1.7591e+07 2.83152e+14 0.000108525 0.000381514 3.05867e-16 1.73078e-08 191699 0 0 5.86528e-11 0 0 0.00331839 0 0 0 0 0 0 1.26193e+12 1.26193e+12 1.26193e+12 1.26193e+12 
0.094 -0.929448 -4.22945 -2.04762 -3.57082 -1.27055 1.75931e+07 2.83139e+14 0.000108527 0.000381517 3.05908e-16 1.73071e-08 191706 0 0 5.86629e-11 0 0 0.00331839 0 0 0 0 0 0 1.26203e+12 1.26203e+12 1.26203e+12 1.26203e+12 
0.0945 -0.919863 -4.21986 -2.03803 -3.56123 -1.28014 1.75951e+07 2.83127e+14 0.00010853 0.00038152 3.05949e-16 1.73065e-08 191713 0 0 5.86729e-11 0 0 0.00331839 0 0 0 0 0 0 1.26213e+12 1.26213e+12 1.26213e+12 1.26213e+12 
0.095 -0.910277 -4.21028 -2.02844 -3.55165 -1.28972 1.75971e+07 2.83114e+14 0.000108532 0.000381522 3.0599e-16 1.73058e-08 191721 0 0 5.8683e-11 0 0 0.00331839 0 0 0 0 0 0 1.26223e+12 1.26223e+12 1.26223e+12 1.26223e+12 
0.0955 -0.90069 -4.20069 -2.01885 -3.54206 -1.29931 1.75991e+07 2.83101e+14 0.000108534 0.000381525 3.06031e-16 1.73051e-08 191728 0 0 5.86931e-11 0 0 0.00331839 0 0 0 0 0 0 1.26233e+12 1.26233e+12 1.26233e+12 1.26233e+12 
0.096 -0.891104 -4.1911 -2.00926 -3.53247 -1.3089 1.76011e+07 2.83088e+14 0.000108536 0.000381527 3.06072e-16 1.73045e-08 191735 0 0 5.87032e-11 0 0 0.00331839 0 0 0 0 0 0 1.26243e+12 1.26243e+12 1.26243e+12 1.26243e+12 
0.0965 -0.881517 -4.18152 -1.99967 -3.52288 -1.31848 1.76031e+07 2.83076e+14 0.000108538 0.00038153 3.06113e-16 1.73038e-08 191743 0 0 5.87133e-11 0 0 0.00331839 0 0 0 0 0 0 1.26253e+12 1.26253e+12 1.26253e+12 1.26253e+12 
0.097 -0.87193 -4.17193 -1.99008 -3.51329 -1.32807 1.76051e+07 2.83063e+14 0.00010854 0.000381533 3.06154e-16 1.73032e-08 191750 0 0 5.87234e-11 0 0 0.00331839 0 0 0 0 0 0 1.26263e+12 1.26263e+12 1.26263e+12 1.26263e+12 
0.0975 -0.862342 -4.16234 -1.98049 -3.5037 -1.33766 1.76071e+07 2.8305e+14 0.000108542 0.000381535 3.06195e-16 1.73025e-08 191757 0 0 5.87335e-11 0 0 0.00331839 0 0 0 0 0 0 1.26273e+12 1.26273e+12 1.26273e+12 1.26273e+12 
0.098 -0.852754 -4.15275 -1.9709 -3.49412 -1.34725 1.76092e+07 2.83037e+14 0.000108544 0.000381538 3.06236e-16 1.73018e-08 191765 0 0 5.87436e-11 0 0 0.00331839 0 0 0 0 0 0 1.26283e+12 1.26283e+12 1.26283e+12 1.26283e+12 
0.0985 -0.843165 -4.14317 -1.96131 -3.48453 -1.35683 1.76112e+07 2.83025e+14 0.000108546 0.000381541 3.06277e-16 1.73012e-08 191772 0 0 5.87537e-11 0 0 0.00331839 0 0 0 0 0 0 1.26293e+12 1.26293e+12 1.26293e+12 1.26293e+12 
0.099 -0.833577 -4.13358 -1.95172 -3.47494 -1.36642 1.76132e+07 2.83012e+14 0.000108549 0.000381543 3.06318e-16 1.73005e-08 191779 0 0 5.87638e-11 0 0 0.00331839 0 0 0 0 0 0 1.26303e+12 1.26303e+12 1.26303e+12 1.26303e+12 
0.0995 -0.823987 -4.12399 -1.94213 -3.46534 -1.37601 1.76152e+07 2.82999e+14 0.000108551 0.000381546 3.06359e-16 1.72999e-08 191787 0 0 5.87739e-11 0 0 0.00331839 0 0 0 0 0 0 1.26313e+12 1.26313e+12 1.26313e+12 1.26313e+12 
0.1 -0.814398 -4.1144 -1.93253 -3.45575 -1.3856 1.76172e+07 2.82987e+14 0.000108553 0.000381548 3.064e-16 1.72992e-08 191794 0 0 5.8784e-11 0 0 0.00331839 0 0 0 0 0 0 1.26323e+12 1.26323e+12 1.26323e+12 1.26323e+12 
0.1005 -0.804808 -4.10481 -1.92294 -3.44616 -1.39519 1.76192e+07 2.82974e+14 0.000108555 0.000381551 3.06441e-16 1.72985e-08 191801 0 0 5.87941e-11 0 0 0.00331839 0 0 0 0 0 0 1.26333e+12 1.26333e+12 1.26333e+12 1.26333e+12 
0.101 -0.795218 -4.09522 -1.91335 -3.43657 -1.40478 1.76212e+07 2.82961e+14 0.000108557 0.000381554 3.06482e-16 1.72979e-08 191809 0 0 5.88042e-11 0 0 0.00331839 0 0 0 0 0 0 1.26343e+12 1.26343e+12 1.26343e+12 1.26343e+12 
0.1015 -0.785627 -4.08563 -1.90375 -3.42698 -1.41437 1.76232e+07 2.82948e+14 0.000108559 0.000381556 3.06523e-16 1.72972e-08 191816 0 0 5.88143e-11 0 0 0.00331839 0 0 0 0 0 0 1.26353e+12 1.26353e+12 1.26353e+12 1.26353e+12 
0.102 -0.776036 -4.07604 -1.89416 -3.41739 -1.42396 1.76253e+07 2.82936e+14 0.000108561 0.000381559 3.06564e-16 1.72966e-08 191823 0 0 5.88244e-11 0 0 0.00331839 0 0 0 0 0 0 1.26363e+12 1.26363e+12 1.26363e+12 1.26363e+12 
0.1025 -0.766445 -4.06644 -1.88456 -3.40779 -1.43356 1.76273e+07 2.82923e+14 0.000108563 0.000381562 3.06605e-16 1.72959e-08 191831 0 0 5.88345e-11 0 0 0.00331839 0 0 0 0 0 0 1.26373e+12 1.26373e+12 1.26373e+12 1.26373e+12 
0.103 -0.756853 -4.05685 -1.87497 -3.3982 -1.44315 1.76293e+07 2.8291e+14 0.000108566 0.000381564 3.06646e-16 1.72952e-08 191838 0 0 5.88446e-11 0 0 0.00331839 0 0 0 0 0 0 1.26383e+12 1.26383e+12 1.26383e+12 1.26383e+12 
0.1035 -0.747261 -4.04726 -1.86537 -3.38861 -1.45274 1.76313e+07 2.82897e+14 0.000108568 0.000381567 3.06687e-16 1.72946e-08 191845 0 0 5.88547e-11 0 0 0.00331839 0 0 0 0 0 0 1.26393e+12 1.26393e+12 1.26393e+12 1.26393e+12 
0.104 -0.737669 -4.03767 -1.85578 -3.37901 -1.46233 1.76333e+07 2.82885e+14 0.00010857 0.000381569 3.06728e-16 1.72939e-08 191852 0 0 5.88648e-11 0 0 0.00331839 0 0 0 0 0 0 1.26403e+12 1.26403e+12 1.26403e+12 1.26403e+12 
0.1045 -0.728076 -4.02808 -1.84618 -3.36942 -1.47192 1.76353e+07 2.82872e+14 0.000108572 0.000381572 3.06769e-16 1.72933e-08 191860 0 0 5.88749e-11 0 0 0.00331839 0 0 0 0 0 0 1.26413e+12 1.26413e+12 1.26413e+12 1.26413e+12 
0.105 -0.718483 -4.01848 -1.83659 -3.35982 -1.48152 1.76373e+07 2.82859e+14 0.000108574 0.000381575 3.0681e-16 1.72926e-08 191867 0 0 5.8885e-11 0 0 0.00331839 0 0 0 0 0 0 1.26423e+12 1.26423e+12 1.26423e+12 1.26423e+12 
0.1055 -0.708889 -4.00889 -1.82699 -3.35023 -1.49111 1.76393e+07 2.82847e+14 0.000108576 0.000381577 3.06851e-16 1.72919e-08 191874 0 0 5.88952e-11 0 0 0.00331839 0 0 0 0 0 0 1.26433e+12 1.26433e+12 1.26433e+12 1.26433e+12 
0.106 -0.699295 -3.9993 -1.81739 -3.34063 -1.5007 1.76414e+07 2.82834e+14 0.000108578 0.00038158 3.06892e-16 1.72913e-08 191882 0 0 5.89053e-11 0 0 0.00331839 0 0 0 0 0 0 1.26443e+12 1.26443e+12 1.26443e+12 1.26443e+12 
0.1065 -0.689701 -3.9897 -1.8078 -3.33104 -1.5103 1.76434e+07 2.82821e+14 0.00010858 0.000381583 3.06933e-16 1.72906e-08 191889 0 0 5.89154e-11 0 0 0.00331839 0 0 0 0 0 0 1.26452e+12 1.26452e+12 1.26452e+12 1.26452e+12 
0.107 -0.680106 -3.98011 -1.7982 -3.32144 -1.51989 1.76454e+07 2.82808e+14 0.000108582 0.000381585 3.06974e-16 1.729e-08 191896 0 0 5.89255e-11 0 0 0.00331839 0 0 0 0 0 0 1.26462e+12 1.26462e+12 1.26462e+12 1.26462e+12 
0.1075 -0.670511 -3.97051 -1.7886 -3.31185 -1.52949 1.76474e+07 2.82796e+14 0.000108585 0.000381588 3.07015e-16 1.72893e-08 191904 0 0 5.89356e-11 0 0 0.00331839 0 0 0 0 0 0 1.26472e+12 1.26472e+12 1.26472e+12 1.26472e+12 
0.108 -0.660916 -3.96092 -1.779 -3.30225 -1.53908 1.76494e+07 2.82783e+14 0.000108587 0.000381591 3.07056e-16 1.72887e-08 191911 0 0 5.89457e-11 0 0 0.00331839 0 0 0 0 0 0 1.26482e+12 1.26482e+12 1.26482e+12 1.26482e+12 
0.1085 -0.65132 -3.95132 -1.7694 -3.29265 -1.54868 1.76514e+07 2.8277e+14 0.000108589 0.000381593 3.07097e-16 1.7288e-08 191918 0 0 5.89558e-11 0 0 0.00331839 0 0 0 0 0 0 1.26492e+12 1.26492e+12 1.26492e+12 1.26492e+12 
0.109 -0.641724 -3.94172 -1.75981 -3.28305 -1.55828 1.76534e+07 2.82757e+14 0.000108591 0.000381596 3.07138e-16 1.72873e-08 191926 0 0 5.89659e-11 0 0 0.00331839 0 0 0 0 0 0 1.26502e+12 1.26502e+12 1.26502e+12 1.26502e+12 
0.1095 -0.632128 -3.93213 -1.75021 -3.27346 -1.56787 1.76554e+07 2.82745e+14 0.000108593 0.000381598 3.07179e-16 1.72867e-08 191933 0 0 5.8976e-11 0 0 0.00331839 0 0 0 0 0 0 1.26512e+12 1.26512e+12 1.26512e+12 1.26512e+12 
0.11 -0.622531 -3.92253 -1.74061 -3.26386 -1.57747 1.76575e+07 2.82732e+14 0.000108595 0.000381601 3.0722e-16 1.7286e-08 191940 0 0 5.89862e-11 0 0 0.00331839 0 0 0 0 0 0 1.26522e+12 1.26522e+12 1.26522e+12 1.26522e+12 
0.1105 -0.612934 -3.91293 -1.73101 -3.25426 -1.58707 1.76595e+07 2.82719e+14 0.000108597 0.000381604 3.07261e-16 1.72854e-08 191947 0 0 5.89963e-11 0 0 0.00331839 0 0 0 0 0 0 1.26532e+12 1.26532e+12 1.26532e+12 1.26532e+12 
0.111 -0.603336 -3.90334 -1.72141 -3.24466 -1.59666 1.76615e+07 2.82707e+14 0.000108599 0.000381606 3.07302e-16 1.72847e-08 191955 0 0 5.90064e-11 0 0 0.00331839 0 0 0 0 0 0 1.26542e+12 1.26542e+12 1.26542e+12 1.26542e+12 
0.1115 -0.593738 -3.89374 -1.7118 -3.23506 -1.60626 1.76635e+07 2.82694e+14 0.000108601 0.000381609 3.07343e-16 1.7284e-08 191962 0 0 5.90165e-11 0 0 0.00331839 0 0 0 0 0 0 1.26552e+12 1.26552e+12 1.26552e+12 1.26552e+12 
0.112 -0.58414 -3.88414 -1.7022 -3.22546 -1.61586 1.76655e+07 2.82681e+14 0.000108604 0.000381612 3.07384e-16 1.72834e-08 191969 0 0 5.90266e-11 0 0 0.00331839 0 0 0 0 0 0 1.26562e+12 1.26562e+12 1.26562e+12 1.26562e+12 
0.1125 -0.574541 -3.87454 -1.6926 -3.21586 -1.62546 1.76675e+07 2.82669e+14 0.000108606 0.000381614 3.07425e-16 1.72827e-08 191977 0 0 5.90368e-11 0 0 0.00331839 0 0 0 0 0 0 1.26572e+12 1.26572e+12 1.26572e+12 1.26572e+12 
0.113 -0.564942 -3.86494 -1.683 -3.20626 -1.63506 1.76695e+07 2.82656e+14 0.000108608 0.000381617 3.07466e-16 1.72821e-08 191984 0 0 5.90469e-11 0 0 0.00331839 0 0 0 0 0 0 1.26582e+12 1.26582e+12 1.26582e+12 1.26582e+12 
0.1135 -0.555343 -3.85534 -1.6734 -3.19666 -1.64466 1.76715e+07 2.82643e+14 0.00010861 0.000381619 3.07507e-16 1.72814e-08 191991 0 0 5.9057e-11 0 0 0.00331839 0 0 0 0 0 0 1.26592e+12 1.26592e+12 1.26592e+12 1.26592e+12 
0.114 -0.545743 -3.84574 -1.66379 -3.18706 -1.65426 1.76736e+07 2.8263e+14 0.000108612 0.000381622 3.07548e-16 1.72808e-08 191999 0 0 5.90671e-11 0 0 0.00331839 0 0 0 0 0 0 1.26602e+12 1.26602e+12 1.26602e+12 1.26602e+12 
0.1145 -0.536143 -3.83614 -1.65419 -3.17746 -1.66386 1.76756e+07 2.82618e+14 0.000108614 0.000381625 3.07589e-16 1.72801e-08 192006 0 0 5.90772e-11 0 0 0.00331839 0 0 0 0 0 0 1.26612e+12 1.26612e+12 1.26612e+12 1.26612e+12 
0.115 -0.526543 -3.82654 -1.64459 -3.16785 -1.67346 1.76776e+07 2.82605e+14 0.000108616 0.000381627 3.0763e-16 1.72794e-08 192013 0 0 5.90874e-11 0 0 0.00331839 0 0 0 0 0 0 1.26622e+12 1.26622e+12 1.26622e+12 1.26622e+12 
0.1155 -0.516942 -3.81694 -1.63498 -3.15825 -1.68306 1.76796e+07 2.82592e+14 0.000108618 0.00038163 3.07671e-16 1.72788e-08 192021 0 0 5.90975e-11 0 0 0.00331839 0 0 0 0 0 0 1.26632e+12 1.26632e+12 1.26632e+12 1.26632e+12 
0.116 -0.507341 -3.80734 -1.62538 -3.14865 -1.69266 1.76816e+07 2.8258e+14 0.000108621 0.000381633 3.07712e-16 1.72781e-08 192028 0 0 5.91076e-11 0 0 0.00331839 0 0 0 0 0 0 1.26642e+12 1.26642e+12 1.26642e+12 1.26642e+12 
0.1165 -0.497739 -3.79774 -1.61578 -3.13905 -1.70226 1.76836e+07 2.82567e+14 0.000108623 0.000381635 3.07753e-16 1.72775e-08 192035 0 0 5.91177e-11 0 0 0.00331839 0 0 0 0 0 0 1.26652e+12 1.26652e+12 1.26652e+12 1.26652e+12 
0.117 -0.488137 -3.78814 -1.60617 -3.12944 -1.71186 1.76856e+07 2.82554e+14 0.000108625 0.000381638 3.07794e-16 1.72768e-08 192042 0 0 5.91279e-11 0 0 0.00331839 0 0 0 0 0 0 1.26662e+12 1.26662e+12 1.26662e+12 1.26662e+12 
0.1175 -0.478535 -3.77853 -1.59656 -3.11984 -1.72147 1.76876e+07 2.82542e+14 0.000108627 0.000381641 3.07835e-16 1.72762e-08 192050 0 0 5.9138e-11 0 0 0.00331839 0 0 0 0 0 0 1.26672e+12 1.26672e+12 1.26672e+12 1.26672e+12 
0.118 -0.468932 -3.76893 -1.58696 -3.11023 -1.73107 1.76897e+07 2.82529e+14 0.000108629 0.000381643 3.07876e-16 1.72755e-08 192057 0 0 5.91481e-11 0 0 0.00331839 0 0 0 0 0 0 1.26681e+12 1.26681e+12 1.26681e+12 1.26681e+12 
0.1185 -0.459329 -3.75933 -1.57735 -3.10063 -1.74067 1.76917e+07 2.82516e+14 0.000108631 0.000381646 3.07917e-16 1.72748e-08 192064 0 0 5.91583e-11 0 0 0.00331839 0 0 0 0 0 0 1.26691e+12 1.26691e+12 1.26691e+12 1.26691e+12 
0.119 -0.449726 -3.74973 -1.56775 -3.09103 -1.75027 1.76937e+07 2.82503e+14 0.000108633 0.000381648 3.07958e-16 1.72742e-08 192072 0 0 5.91684e-11 0 0 0.00331839 0 0 0 0 0 0 1.26701e+12 1.26701e+12 1.26701e+12 1.26701e+12 
0.1195 -0.440122 -3.74012 -1.55814 -3.08142 -1.75988 1.76957e+07 2.82491e+14 0.000108635 0.000381651 3.07999e-16 1.72735e-08 192079 0 0 5.91785e-11 0 0 0.00331839 0 0 0 0 0 0 1.26711e+12 1.26711e+12 1.26711e+12 1.26711e+12 
0.12 -0.430518 -3.73052 -1.54853 -3.07181 -1.76948 1.76977e+07 2.82478e+14 0.000108637 0.000381654 3.0804e-16 1.72729e-08 192086 0 0 5.91886e-11 0 0 0.00331839 0 0 0 0 0 0 1.26721e+12 1.26721e+12 1.26721e+12 1.26721e+12 
0.1205 -0.420913 -3.72091 -1.53893 -3.06221 -1.77909 1.76997e+07 2.82465e+14 0.00010864 0.000381656 3.08081e-16 1.72722e-08 192094 0 0 5.91988e-11 0 0 0.00331839 0 0 0 0 0 0 1.26731e+12 1.26731e+12 1.26731e+12 1.26731e+12 
0.121 -0.411308 -3.71131 -1.52932 -3.0526 -1.78869 1.77017e+07 2.82453e+14 0.000108642 0.000381659 3.08122e-16 1.72716e-08 192101 0 0 5.92089e-11 0 0 0.00331839 0 0 0 0 0 0 1.26741e+12 1.26741e+12 1.26741e+12 1.26741e+12 
0.1215 -0.401703 -3.7017 -1.51971 -3.043 -1.7983 1.77038e+07 2.8244e+14 0.000108644 0.000381662 3.08163e-16 1.72709e-08 192108 0 0 5.9219e-11 0 0 0.00331839 0 0 0 0 0 0 1.26751e+12 1.26751e+12 1.26751e+12 1.26751e+12 
0.122 -0.392098 -3.6921 -1.5101 -3.03339 -1.8079 1.77058e+07 2.82427e+14 0.000108646 0.000381664 3.08204e-16 1.72702e-08 192115 0 0 5.92292e-11 0 0 0.00331839 0 0 0 0 0 0 1.26761e+12 1.26761e+12 1.26761e+12 1.26761e+12 
0.1225 -0.382492 -3.68249 -1.50049 -3.02378 -1.81751 1.77078e+07 2.82415e+14 0.000108648 0.000381667 3.08245e-16 1.72696e-08 192123 0 0 5.92393e-11 0 0 0.00331839 0 0 0 0 0 0 1.26771e+12 1.26771e+12 1.26771e+12 1.26771e+12 
0.123 -0.372885 -3.67289 -1.49088 -3.01417 -1.82711 1.77098e+07 2.82402e+14 0.00010865 0.00038167 3.08286e-16 1.72689e-08 192130 0 0 5.92495e-11 0 0 0.00331839 0 0 0 0 0 0 1.26781e+12 1.26781e+12 1.26781e+12 1.26781e+12 
0.1235 -0.363279 -3.66328 -1.48127 -3.00457 -1.83672 1.77118e+07 2.82389e+14 0.000108652 0.000381672 3.08327e-16 1.72683e-08 192137 0 0 5.92596e-11 0 0 0.00331839 0 0 0 0 0 0 1.26791e+12 1.26791e+12 1.26791e+12 1.26791e+12 
0.124 -0.353671 -3.65367 -1.47166 -2.99496 -1.84633 1.77138e+07 2.82377e+14 0.000108654 0.000381675 3.08368e-16 1.72676e-08 192145 0 0 5.92697e-11 0 0 0.00331839 0 0 0 0 0 0 1.26801e+12 1.26801e+12 1.26801e+12 1.26801e+12 
0.1245 -0.344064 -3.64406 -1.46205 -2.98535 -1.85594 1.77158e+07 2.82364e+14 0.000108656 0.000381677 3.08409e-16 1.7267e-08 192152 0 0 5.92799e-11 0 0 0.00331839 0 0 0 0 0 0 1.26811e+12 1.26811e+12 1.26811e+12 1.26811e+12 
0.125 -0.334456 -3.63446 -1.45244 -2.97574 -1.86554 1.77178e+07 2.82351e+14 0.000108659 0.00038168 3.0845e-16 1.72663e-08 192159 0 0 5.929e-11 0 0 0.00331839 0 0 0 0 0 0 1.26821e+12 1.26821e+12 1.26821e+12 1.26821e+12 
0.1255 -0.324848 -3.62485 -1.44283 -2.96613 -1.87515 1.77199e+07 2.82339e+14 0.000108661 0.000381683 3.08492e-16 1.72657e-08 192167 0 0 5.93001e-11 0 0 0.00331839 0 0 0 0 0 0 1.26831e+12 1.26831e+12 1.26831e+12 1.26831e+12 
0.126 -0.31524 -3.61524 -1.43322 -2.95652 -1.88476 1.77219e+07 2.82326e+14 0.000108663 0.000381685 3.08533e-16 1.7265e-08 192174 0 0 5.93103e-11 0 0 0.00331839 0 0 0 0 0 0 1.26841e+12 1.26841e+12 1.26841e+12 1.26841e+12 
0.1265 -0.305631 -3.60563 -1.42361 -2.94691 -1.89437 1.77239e+07 2.82313e+14 0.000108665 0.000381688 3.08574e-16 1.72643e-08 192181 0 0 5.93204e-11 0 0 0.00331839 0 0 0 0 0 0 1.26851e+12 1.26851e+12 1.26851e+12 1.26851e+12 
0.127 -0.296022 -3.59602 -1.414 -2.9373 -1.90398 1.77259e+07 2.82301e+14 0.000108667 0.000381691 3.08615e-16 1.72637e-08 192188 0 0 5.93306e-11 0 0 0.00331839 0 0 0 0 0 0 1.26861e+12 1.26861e+12 1.26861e+12 1.26861e+12 
0.1275 -0.286412 -3.58641 -1.40438 -2.92769 -1.91359 1.77279e+07 2.82288e+14 0.000108669 0.000381693 3.08656e-16 1.7263e-08 192196 0 0 5.93407e-11 0 0 0.00331839 0 0 0 0 0 0 1.26871e+12 1.26871e+12 1.26871e+12 1.26871e+12 
0.128 -0.276802 -3.5768 -1.39477 -2.91808 -1.9232 1.77299e+07 2.82275e+14 0.000108671 0.000381696 3.08697e-16 1.72624e-08 192203 0 0 5.93509e-11 0 0 0.00331839 0 0 0 0 0 0 1.2688e+12 1.2688e+12 1.2688e+12 1.2688e+12 
0.1285 -0.267192 -3.56719 -1.38516 -2.90846 -1.93281 1.77319e+07 2.82263e+14 0.000108673 0.000381699 3.08738e-16 1.72617e-08 192210 0 0 5.9361e-11 0 0 0.00331839 0 0 0 0 0 0 1.2689e+12 1.2689e+12 1.2689e+12 1.2689e+12 
0.129 -0.257581 -3.55758 -1.37554 -2.89885 -1.94242 1.77339e+07 2.8225e+14 0.000108676 0.000381701 3.08779e-16 1.72611e-08 192218 0 0 5.93712e-11 0 0 0.00331839 0 0 0 0 0 0 1.269e+12 1.269e+12 1.269e+12 1.269e+12 
0.1295 -0.24797 -3.54797 -1.36593 -2.88924 -1.95203 1.7736e+07 2.82237e+14 0.000108678 0.000381704 3.0882e-16 1.72604e-08 192225 0 0 5.93813e-11 0 0 0.00331839 0 0 0 0 0 0 1.2691e+12 1.2691e+12 1.2691e+12 1.2691e+12 
0.13 -0.238358 -3.53836 -1.35631 -2.87963 -1.96164 1.7738e+07 2.82225e+14 0.00010868 0.000381706 3.08861e-16 1.72598e-08 192232 0 0 5.93914e-11 0 0 0.00331839 0 0 0 0 0 0 1.2692e+12 1.2692e+12 1.2692e+12 1.2692e+12 
0.1305 -0.228747 -3.52875 -1.3467 -2.87001 -1.97125 1.774e+07 2.82212e+14 0.000108682 0.000381709 3.08902e-16 1.72591e-08 192240 0 0 5.94016e-11 0 0 0.00331839 0 0 0 0 0 0 1.2693e+12 1.2693e+12 1.2693e+12 1.2693e+12 
0.131 -0.219134 -3.51913 -1.33708 -2.8604 -1.98087 1.7742e+07 2.82199e+14 0.000108684 0.000381712 3.08943e-16 1.72585e-08 192247 0 0 5.94117e-11 0 0 0.00331839 0 0 0 0 0 0 1.2694e+12 1.2694e+12 1.2694e+12 1.2694e+12 
0.1315 -0.209522 -3.50952 -1.32747 -2.85079 -1.99048 1.7744e+07 2.82187e+14 0.000108686 0.000381714 3.08984e-16 1.72578e-08 192254 0 0 5.94219e-11 0 0 0.00331839 0 0 0 0 0 0 1.2695e+12 1.2695e+12 1.2695e+12 1.2695e+12 
0.132 -0.199909 -3.49991 -1.31785 -2.84117 -2.00009 1.7746e+07 2.82174e+14 0.000108688 0.000381717 3.09025e-16 1.72571e-08 192261 0 0 5.9432e-11 0 0 0.00331839 0 0 0 0 0 0 1.2696e+12 1.2696e+12 1.2696e+12 1.2696e+12 
0.1325 -0.190296 -3.4903 -1.30824 -2.83156 -2.0097 1.7748e+07 2.82161e+14 0.00010869 0.00038172 3.09066e-16 1.72565e-08 192269 0 0 5.94422e-11 0 0 0.00331839 0 0 0 0 0 0 1.2697e+12 1.2697e+12 1.2697e+12 1.2697e+12 
0.133 -0.180682 -3.48068 -1.29862 -2.82194 -2.01932 1.77501e+07 2.82149e+14 0.000108692 0.000381722 3.09107e-16 1.72558e-08 192276 0 0 5.94523e-11 0 0 0.00331839 0 0 0 0 0 0 1.2698e+12 1.2698e+12 1.2698e+12 1.2698e+12 
0.1335 -0.171068 -3.47107 -1.289 -2.81233 -2.02893 1.77521e+07 2.82136e+14 0.000108695 0.000381725 3.09149e-16 1.72552e-08 192283 0 0 5.94625e-11 0 0 0.00331839 0 0 0 0 0 0 1.2699e+12 1.2699e+12 1.2699e+12 1.2699e+12 
0.134 -0.161454 -3.46145 -1.27939 -2.80271 -2.03855 1.77541e+07 2.82123e+14 0.000108697 0.000381728 3.0919e-16 1.72545e-08 192291 0 0 5.94727e-11 0 0 0.00331839 0 0 0 0 0 0 1.27e+12 1.27e+12 1.27e+12 1.27e+12 
0.1345 -0.151839 -3.45184 -1.26977 -2.79309 -2.04816 1.77561e+07 2.82111e+14 0.000108699 0.00038173 3.09231e-16 1.72539e-08 192298 0 0 5.94828e-11 0 0 0.00331839 0 0 0 0 0 0 1.2701e+12 1.2701e+12 1.2701e+12 1.2701e+12 
0.135 -0.142224 -3.44222 -1.26015 -2.78348 -2.05778 1.77581e+07 2.82098e+14 0.000108701 0.000381733 3.09272e-16 1.72532e-08 192305 0 0 5.9493e-11 0 0 0.00331839 0 0 0 0 0 0 1.2702e+12 1.2702e+12 1.2702e+12 1.2702e+12 
0.1355 -0.132609 -3.43261 -1.25053 -2.77386 -2.06739 1.77601e+07 2.82086e+14 0.000108703 0.000381735 3.09313e-16 1.72526e-08 192312 0 0 5.95031e-11 0 0 0.00331839 0 0 0 0 0 0 1.2703e+12 1.2703e+12 1.2703e+12 1.2703e+12 
0.136 -0.122993 -3.42299 -1.24091 -2.76424 -2.07701 1.77621e+07 2.82073e+14 0.000108705 0.000381738 3.09354e-16 1.72519e-08 192320 0 0 5.95133e-11 0 0 0.00331839 0 0 0 0 0 0 1.2704e+12 1.2704e+12 1.2704e+12 1.2704e+12 
0.1365 -0.113377 -3.41338 -1.23129 -2.75463 -2.08662 1.77641e+07 2.8206e+14 0.000108707 0.000381741 3.09395e-16 1.72513e-08 192327 0 0 5.95234e-11 0 0 0.00331839 0 0 0 0 0 0 1.27049e+12 1.27049e+12 1.27049e+12 1.27049e+12 
0.137 -0.10376 -3.40376 -1.22167 -2.74501 -2.09624 1.77662e+07 2.82048e+14 0.000108709 0.000381743 3.09436e-16 1.72506e-08 192334 0 0 5.95336e-11 0 0 0.00331839 0 0 0 0 0 0 1.27059e+12 1.27059e+12 1.27059e+12 1.27059e+12 
0.1375 -0.0941432 -3.39414 -1.21205 -2.73539 -2.10586 1.77682e+07 2.82035e+14 0.000108711 0.000381746 3.09477e-16 1.725e-08 192342 0 0 5.95438e-11 0 0 0.00331839 0 0 0 0 0 0 1.27069e+12 1.27069e+12 1.27069e+12 1.27069e+12 
0.138 -0.0845259 -3.38453 -1.20243 -2.72577 -2.11547 1.77702e+07 2.82022e+14 0.000108714 0.000381749 3.09518e-16 1.72493e-08 192349 0 0 5.95539e-11 0 0 0.00331839 0 0 0 0 0 0 1.27079e+12 1.27079e+12 1.27079e+12 1.27079e+12 
0.1385 -0.0749083 -3.37491 -1.19281 -2.71615 -2.12509 1.77722e+07 2.8201e+14 0.000108716 0.000381751 3.09559e-16 1.72486e-08 192356 0 0 5.95641e-11 0 0 0.00331839 0 0 0 0 0 0 1.27089e+12 1.27089e+12 1.27089e+12 1.27089e+12 
0.139 -0.0652903 -3.36529 -1.18319 -2.70653 -2.13471 1.77742e+07 2.81997e+14 0.000108718 0.000381754 3.096e-16 1.7248e-08 192364 0 0 5.95742e-11 0 0 0.00331839 0 0 0 0 0 0 1.27099e+12 1.27099e+12 1.27099e+12 1.27099e+12 
0.1395 -0.0556719 -3.35567 -1.17357 -2.69691 -2.14433 1.77762e+07 2.81984e+14 0.00010872 0.000381757 3.09642e-16 1.72473e-08 192371 0 0 5.95844e-11 0 0 0.00331839 0 0 0 0 0 0 1.27109e+12 1.27109e+12 1.27109e+12 1.27109e+12 
0.14 -0.0460532 -3.34605 -1.16395 -2.68729 -2.15395 1.77782e+07 2.81972e+14 0.000108722 0.000381759 3.09683e-16 1.72467e-08 192378 0 0 5.95946e-11 0 0 0.00331839 0 0 0 0 0 0 1.27119e+12 1.27119e+12 1.27119e+12 1.27119e+12 
0.1405 -0.0364341 -3.33643 -1.15433 -2.67767 -2.16357 1.77803e+07 2.81959e+14 0.000108724 0.000381762 3.09724e-16 1.7246e-08 192385 0 0 5.96047e-11 0 0 0.00331839 0 0 0 0 0 0 1.27129e+12 1.27129e+12 1.27129e+12 1.27129e+12 
0.141 -0.0268147 -3.32681 -1.1447 -2.66805 -2.17319 1.77823e+07 2.81947e+14 0.000108726 0.000381765 3.09765e-16 1.72454e-08 192393 0 0 5.96149e-11 0 0 0.00331839 0 0 0 0 0 0 1.27139e+12 1.27139e+12 1.27139e+12 1.27139e+12 
0.1415 -0.0171949 -3.31719 -1.13508 -2.65843 -2.18281 1.77843e+07 2.81934e+14 0.000108728 0.000381767 3.09806e-16 1.72447e-08 192400 0 0 5.96251e-11 0 0 0.00331839 0 0 0 0 0 0 1.27149e+12 1.27149e+12 1.27149e+12 1.27149e+12 
0.142 -0.00757468 -3.30757 -1.12546 -2.64881 -2.19243 1.77863e+07 2.81921e+14 0.000108731 0.00038177 3.09847e-16 1.72441e-08 192407 0 0 5.96352e-11 0 0 0.00331839 0 0 0 0 0 0 1.27159e+12 1.27159e+12 1.27159e+12 1.27159e+12 
0.1425 0.00204587 -3.29795 -1.11584 -2.63919 -2.20205 1.77883e+07 2.81909e+14 0.000108733 0.000381773 3.09888e-16 1.72434e-08 192415 0 0 5.96454e-11 0 0 0.00331839 0 0 0 0 0 0 1.27169e+12 1.27169e+12 1.27169e+12 1.27169e+12 
0.143 0.0116668 -3.28833 -1.10621 -2.62956 -2.21167 1.77903e+07 2.81896e+14 0.000108735 0.000381775 3.09929e-16 1.72428e-08 192422 0 0 5.96556e-11 0 0 0.00331839 0 0 0 0 0 0 1.27179e+12 1.27179e+12 1.27179e+12 1.27179e+12 
0.1435 0.021288 -3.27871 -1.09659 -2.61994 -2.22129 1.77923e+07 2.81883e+14 0.000108737 0.000381778 3.0997e-16 1.72421e-08 192429 0 0 5.96657e-11 0 0 0.00331839 0 0 0 0 0 0 1.27189e+12 1.27189e+12 1.27189e+12 1.27189e+12 
0.144 0.0309097 -3.26909 -1.08696 -2.61032 -2.23091 1.77943e+07 2.81871e+14 0.000108739 0.00038178 3.10012e-16 1.72415e-08 192436 0 0 5.96759e-11 0 0 0.00331839 0 0 0 0 0 0 1.27198e+12 1.27198e+12 1.27198e+12 1.27198e+12 
0.1445 0.0405317 -3.25947 -1.07734 -2.60069 -2.24053 1.77964e+07 2.81858e+14 0.000108741 0.000381783 3.10053e-16 1.72408e-08 192444 0 0 5.96861e-11 0 0 0.00331839 0 0 0 0 0 0 1.27208e+12 1.27208e+12 1.27208e+12 1.27208e+12 
0.145 0.0501541 -3.24985 -1.06771 -2.59107 -2.25015 1.77984e+07 2.81846e+14 0.000108743 0.000381786 3.10094e-16 1.72402e-08 192451 0 0 5.96962e-11 0 0 0.00331839 0 0 0 0 0 0 1.27218e+12 1.27218e+12 1.27218e+12 1.27218e+12 
0.1455 0.0597768 -3.24022 -1.05809 -2.58145 -2.25978 1.78004e+07 2.81833e+14 0.000108745 0.000381788 3.10135e-16 1.72395e-08 192458 0 0 5.97064e-11 0 0 0.00331839 0 0 0 0 0 0 1.27228e+12 1.27228e+12 1.27228e+12 1.27228e+12 
0.146 0.0693999 -3.2306 -1.04846 -2.57182 -2.2694 1.78024e+07 2.8182e+14 0.000108747 0.000381791 3.10176e-16 1.72389e-08 192466 0 0 5.97166e-11 0 0 0.00331839 0 0 0 0 0 0 1.27238e+12 1.27238e+12 1.27238e+12 1.27238e+12 
0.1465 0.0790233 -3.22098 -1.03883 -2.5622 -2.27902 1.78044e+07 2.81808e+14 0.00010875 0.000381794 3.10217e-16 1.72382e-08 192473 0 0 5.97268e-11 0 0 0.00331839 0 0 0 0 0 0 1.27248e+12 1.27248e+12 1.27248e+12 1.27248e+12 
0.147 0.0886472 -3.21135 -1.02921 -2.55257 -2.28865 1.78064e+07 2.81795e+14 0.000108752 0.000381796 3.10258e-16 1.72375e-08 192480 0 0 5.97369e-11 0 0 0.00331839 0 0 0 0 0 0 1.27258e+12 1.27258e+12 1.27258e+12 1.27258e+12 
0.1475 0.0982714 -3.20173 -1.01958 -2.54295 -2.29827 1.78084e+07 2.81782e+14 0.000108754 0.000381799 3.10299e-16 1.72369e-08 192487 0 0 5.97471e-11 0 0 0.00331839 0 0 0 0 0 0 1.27268e+12 1.27268e+12 1.27268e+12 1.27268e+12 
0.148 0.107896 -3.1921 -1.00995 -2.53332 -2.3079 1.78105e+07 2.8177e+14 0.000108756 0.000381802 3.1034e-16 1.72362e-08 192495 0 0 5.97573e-11 0 0 0.00331839 0 0 0 0 0 0 1.27278e+12 1.27278e+12 1.27278e+12 1.27278e+12 
0.1485 0.117521 -3.18248 -1.00032 -2.52369 -2.31752 1.78125e+07 2.81757e+14 0.000108758 0.000381804 3.10382e-16 1.72356e-08 192502 0 0 5.97675e-11 0 0 0.00331839 0 0 0 0 0 0 1.27288e+12 1.27288e+12 1.27288e+12 1.27288e+12 
0.149 0.127146 -3.17285 -0.990697 -2.51407 -2.32715 1.78145e+07 2.81745e+14 0.00010876 0.000381807 3.10423e-16 1.72349e-08 192509 0 0 5.97776e-11 0 0 0.00331839 0 0 0 0 0 0 1.27298e+12 1.27298e+12 1.27298e+12 1.27298e+12 
0.1495 0.136772 -3.16323 -0.981068 -2.50444 -2.33677 1.78165e+07 2.81732e+14 0.000108762 0.00038181 3.10464e-16 1.72343e-08 192517 0 0 5.97878e-11 0 0 0.00331839 0 0 0 0 0 0 1.27308e+12 1.27308e+12 1.27308e+12 1.27308e+12 
0.15 0.146398 -3.1536 -0.971439 -2.49481 -2.3464 1.78185e+07 2.81719e+14 0.000108764 0.000381812 3.10505e-16 1.72336e-08 192524 0 0 5.9798e-11 0 0 0.00331839 0 0 0 0 0 0 1.27318e+12 1.27318e+12 1.27318e+12 1.27318e+12 
0.1505 0.156024 -3.14398 -0.96181 -2.48518 -2.35602 1.78205e+07 2.81707e+14 0.000108766 0.000381815 3.10546e-16 1.7233e-08 192531 0 0 5.98082e-11 0 0 0.00331839 0 0 0 0 0 0 1.27328e+12 1.27328e+12 1.27328e+12 1.27328e+12 
0.151 0.165651 -3.13435 -0.95218 -2.47556 -2.36565 1.78225e+07 2.81694e+14 0.000108769 0.000381818 3.10587e-16 1.72323e-08 192538 0 0 5.98184e-11 0 0 0.00331839 0 0 0 0 0 0 1.27337e+12 1.27337e+12 1.27337e+12 1.27337e+12 
0.1515 0.175278 -3.12472 -0.94255 -2.46593 -2.37528 1.78245e+07 2.81682e+14 0.000108771 0.00038182 3.10628e-16 1.72317e-08 192546 0 0 5.98285e-11 0 0 0.00331839 0 0 0 0 0 0 1.27347e+12 1.27347e+12 1.27347e+12 1.27347e+12 
0.152 0.184905 -3.11509 -0.93292 -2.4563 -2.38491 1.78266e+07 2.81669e+14 0.000108773 0.000381823 3.10669e-16 1.7231e-08 192553 0 0 5.98387e-11 0 0 0.00331839 0 0 0 0 0 0 1.27357e+12 1.27357e+12 1.27357e+12 1.27357e+12 
0.1525 0.194533 -3.10547 -0.923289 -2.44667 -2.39453 1.78286e+07 2.81656e+14 0.000108775 0.000381825 3.10711e-16 1.72304e-08 192560 0 0 5.98489e-11 0 0 0.00331839 0 0 0 0 0 0 1.27367e+12 1.27367e+12 1.27367e+12 1.27367e+12 
0.153 0.204161 -3.09584 -0.913658 -2.43704 -2.40416 1.78306e+07 2.81644e+14 0.000108777 0.000381828 3.10752e-16 1.72297e-08 192568 0 0 5.98591e-11 0 0 0.00331839 0 0 0 0 0 0 1.27377e+12 1.27377e+12 1.27377e+12 1.27377e+12 
0.1535 0.21379 -3.08621 -0.904026 -2.42741 -2.41379 1.78326e+07 2.81631e+14 0.000108779 0.000381831 3.10793e-16 1.72291e-08 192575 0 0 5.98693e-11 0 0 0.00331839 0 0 0 0 0 0 1.27387e+12 1.27387e+12 1.27387e+12 1.27387e+12 
0.154 0.223419 -3.07658 -0.894394 -2.41778 -2.42342 1.78346e+07 2.81619e+14 0.000108781 0.000381833 3.10834e-16 1.72284e-08 192582 0 0 5.98795e-11 0 0 0.00331839 0 0 0 0 0 0 1.27397e+12 1.27397e+12 1.27397e+12 1.27397e+12 
0.1545 0.233048 -3.06695 -0.884762 -2.40815 -2.43305 1.78366e+07 2.81606e+14 0.000108783 0.000381836 3.10875e-16 1.72278e-08 192589 0 0 5.98896e-11 0 0 0.00331839 0 0 0 0 0 0 1.27407e+12 1.27407e+12 1.27407e+12 1.27407e+12 
0.155 0.242678 -3.05732 -0.875129 -2.39852 -2.44268 1.78386e+07 2.81593e+14 0.000108786 0.000381839 3.10916e-16 1.72271e-08 192597 0 0 5.98998e-11 0 0 0.00331839 0 0 0 0 0 0 1.27417e+12 1.27417e+12 1.27417e+12 1.27417e+12 
0.1555 0.252308 -3.04769 -0.865496 -2.38889 -2.45231 1.78407e+07 2.81581e+14 0.000108788 0.000381841 3.10957e-16 1.72265e-08 192604 0 0 5.991e-11 0 0 0.00331839 0 0 0 0 0 0 1.27427e+12 1.27427e+12 1.27427e+12 1.27427e+12 
0.156 0.261938 -3.03806 -0.855863 -2.37925 -2.46194 1.78427e+07 2.81568e+14 0.00010879 0.000381844 3.10999e-16 1.72258e-08 192611 0 0 5.99202e-11 0 0 0.00331839 0 0 0 0 0 0 1.27437e+12 1.27437e+12 1.27437e+12 1.27437e+12 
0.1565 0.271569 -3.02843 -0.846229 -2.36962 -2.47157 1.78447e+07 2.81556e+14 0.000108792 0.000381847 3.1104e-16 1.72252e-08 192618 0 0 5.99304e-11 0 0 0.00331839 0 0 0 0 0 0 1.27447e+12 1.27447e+12 1.27447e+12 1.27447e+12 
0.157 0.2812 -3.0188 -0.836595 -2.35999 -2.4812 1.78467e+07 2.81543e+14 0.000108794 0.000381849 3.11081e-16 1.72245e-08 192626 0 0 5.99406e-11 0 0 0.00331839 0 0 0 0 0 0 1.27457e+12 1.27457e+12 1.27457e+12 1.27457e+12 
0.1575 0.290832 -3.00917 -0.826961 -2.35036 -2.49083 1.78487e+07 2.8153e+14 0.000108796 0.000381852 3.11122e-16 1.72239e-08 192633 0 0 5.99508e-11 0 0 0.00331839 0 0 0 0 0 0 1.27466e+12 1.27466e+12 1.27466e+12 1.27466e+12 
0.158 0.300463 -2.99954 -0.817326 -2.34072 -2.50046 1.78507e+07 2.81518e+14 0.000108798 0.000381855 3.11163e-16 1.72232e-08 192640 0 0 5.9961e-11 0 0 0.00331839 0 0 0 0 0 0 1.27476e+12 1.27476e+12 1.27476e+12 1.27476e+12 
0.1585 0.310096 -2.9899 -0.807691 -2.33109 -2.5101 1.78527e+07 2.81505e+14 0.0001088 0.000381857 3.11204e-16 1.72226e-08 192648 0 0 5.99712e-11 0 0 0.00331839 0 0 0 0 0 0 1.27486e+12 1.27486e+12 1.27486e+12 1.27486e+12 
0.159 0.319728 -2.98027 -0.798055 -2.32145 -2.51973 1.78548e+07 2.81493e+14 0.000108802 0.00038186 3.11245e-16 1.72219e-08 192655 0 0 5.99814e-11 0 0 0.00331839 0 0 0 0 0 0 1.27496e+12 1.27496e+12 1.27496e+12 1.27496e+12 
0.1595 0.329361 -2.97064 -0.788419 -2.31182 -2.52936 1.78568e+07 2.8148e+14 0.000108805 0.000381863 3.11287e-16 1.72213e-08 192662 0 0 5.99916e-11 0 0 0.00331839 0 0 0 0 0 0 1.27506e+12 1.27506e+12 1.27506e+12 1.27506e+12 
0.16 0.338994 -2.96101 -0.778783 -2.30219 -2.53899 1.78588e+07 2.81467e+14 0.000108807 0.000381865 3.11328e-16 1.72206e-08 192669 0 0 6.00017e-11 0 0 0.00331839 0 0 0 0 0 0 1.27516e+12 1.27516e+12 1.27516e+12 1.27516e+12 
0.1605 0.348628 -2.95137 -0.769147 -2.29255 -2.54863 1.78608e+07 2.81455e+14 0.000108809 0.000381868 3.11369e-16 1.722e-08 192677 0 0 6.00119e-11 0 0 0.00331839 0 0 0 0 0 0 1.27526e+12 1.27526e+12 1.27526e+12 1.27526e+12 
0.161 0.358262 -2.94174 -0.75951 -2.28292 -2.55826 1.78628e+07 2.81442e+14 0.000108811 0.000381871 3.1141e-16 1.72193e-08 192684 0 0 6.00221e-11 0 0 0.00331839 0 0 0 0 0 0 1.27536e+12 1.27536e+12 1.27536e+12 1.27536e+12 
0.1615 0.367896 -2.9321 -0.749872 -2.27328 -2.5679 1.78648e+07 2.8143e+14 0.000108813 0.000381873 3.11451e-16 1.72187e-08 192691 0 0 6.00323e-11 0 0 0.00331839 0 0 0 0 0 0 1.27546e+12 1.27546e+12 1.27546e+12 1.27546e+12 
0.162 0.377531 -2.92247 -0.740235 -2.26364 -2.57753 1.78668e+07 2.81417e+14 0.000108815 0.000381876 3.11492e-16 1.7218e-08 192699 0 0 6.00425e-11 0 0 0.00331839 0 0 0 0 0 0 1.27556e+12 1.27556e+12 1.27556e+12 1.27556e+12 
0.1625 0.387166 -2.91283 -0.730597 -2.25401 -2.58717 1.78688e+07 2.81405e+14 0.000108817 0.000381879 3.11534e-16 1.72174e-08 192706 0 0 6.00527e-11 0 0 0.00331839 0 0 0 0 0 0 1.27566e+12 1.27566e+12 1.27566e+12 1.27566e+12 
0.163 0.396802 -2.9032 -0.720958 -2.24437 -2.5968 1.78709e+07 2.81392e+14 0.000108819 0.000381881 3.11575e-16 1.72167e-08 192713 0 0 6.00629e-11 0 0 0.00331839 0 0 0 0 0 0 1.27576e+12 1.27576e+12 1.27576e+12 1.27576e+12 
0.1635 0.406438 -2.89356 -0.711319 -2.23473 -2.60644 1.78729e+07 2.81379e+14 0.000108822 0.000381884 3.11616e-16 1.72161e-08 192720 0 0 6.00731e-11 0 0 0.00331839 0 0 0 0 0 0 1.27585e+12 1.27585e+12 1.27585e+12 1.27585e+12 
0.164 0.416074 -2.88393 -0.70168 -2.22509 -2.61607 1.78749e+07 2.81367e+14 0.000108824 0.000381886 3.11657e-16 1.72154e-08 192728 0 0 6.00833e-11 0 0 0.00331839 0 0 0 0 0 0 1.27595e+12 1.27595e+12 1.27595e+12 1.27595e+12 
0.1645 0.42571 -2.87429 -0.692041 -2.21546 -2.62571 1.78769e+07 2.81354e+14 0.000108826 0.000381889 3.11698e-16 1.72148e-08 192735 0 0 6.00935e-11 0 0 0.00331839 0 0 0 0 0 0 1.27605e+12 1.27605e+12 1.27605e+12 1.27605e+12 
0.165 0.435347 -2.86465 -0.682401 -2.20582 -2.63535 1.78789e+07 2.81342e+14 0.000108828 0.000381892 3.11739e-16 1.72141e-08 192742 0 0 6.01037e-11 0 0 0.00331839 0 0 0 0 0 0 1.27615e+12 1.27615e+12 1.27615e+12 1.27615e+12 
0.1655 0.444985 -2.85502 -0.672761 -2.19618 -2.64498 1.78809e+07 2.81329e+14 0.00010883 0.000381894 3.11781e-16 1.72135e-08 192749 0 0 6.01139e-11 0 0 0.00331839 0 0 0 0 0 0 1.27625e+12 1.27625e+12 1.27625e+12 1.27625e+12 
0.166 0.454622 -2.84538 -0.66312 -2.18654 -2.65462 1.78829e+07 2.81317e+14 0.000108832 0.000381897 3.11822e-16 1.72128e-08 192757 0 0 6.01242e-11 0 0 0.00331839 0 0 0 0 0 0 1.27635e+12 1.27635e+12 1.27635e+12 1.27635e+12 
0.1665 0.46426 -2.83574 -0.653479 -2.1769 -2.66426 1.7885e+07 2.81304e+14 0.000108834 0.0003819 3.11863e-16 1.72122e-08 192764 0 0 6.01344e-11 0 0 0.00331839 0 0 0 0 0 0 1.27645e+12 1.27645e+12 1.27645e+12 1.27645e+12 
0.167 0.473899 -2.8261 -0.643838 -2.16726 -2.6739 1.7887e+07 2.81291e+14 0.000108836 0.000381902 3.11904e-16 1.72115e-08 192771 0 0 6.01446e-11 0 0 0.00331839 0 0 0 0 0 0 1.27655e+12 1.27655e+12 1.27655e+12 1.27655e+12 
0.1675 0.483537 -2.81646 -0.634196 -2.15762 -2.68354 1.7889e+07 2.81279e+14 0.000108838 0.000381905 3.11945e-16 1.72109e-08 192779 0 0 6.01548e-11 0 0 0.00331839 0 0 0 0 0 0 1.27665e+12 1.27665e+12 1.27665e+12 1.27665e+12 
0.168 0.493176 -2.80682 -0.624554 -2.14798 -2.69318 1.7891e+07 2.81266e+14 0.000108841 0.000381908 3.11986e-16 1.72102e-08 192786 0 0 6.0165e-11 0 0 0.00331839 0 0 0 0 0 0 1.27675e+12 1.27675e+12 1.27675e+12 1.27675e+12 
0.1685 0.502816 -2.79718 -0.614911 -2.13834 -2.70282 1.7893e+07 2.81254e+14 0.000108843 0.00038191 3.12028e-16 1.72096e-08 192793 0 0 6.01752e-11 0 0 0.00331839 0 0 0 0 0 0 1.27685e+12 1.27685e+12 1.27685e+12 1.27685e+12 
0.169 0.512456 -2.78754 -0.605269 -2.1287 -2.71246 1.7895e+07 2.81241e+14 0.000108845 0.000381913 3.12069e-16 1.72089e-08 192800 0 0 6.01854e-11 0 0 0.00331839 0 0 0 0 0 0 1.27694e+12 1.27694e+12 1.27694e+12 1.27694e+12 
0.1695 0.522096 -2.7779 -0.595626 -2.11906 -2.7221 1.7897e+07 2.81229e+14 0.000108847 0.000381916 3.1211e-16 1.72083e-08 192808 0 0 6.01956e-11 0 0 0.00331839 0 0 0 0 0 0 1.27704e+12 1.27704e+12 1.27704e+12 1.27704e+12 
0.17 0.531737 -2.76826 -0.585982 -2.10941 -2.73174 1.78991e+07 2.81216e+14 0.000108849 0.000381918 3.12151e-16 1.72076e-08 192815 0 0 6.02058e-11 0 0 0.00331839 0 0 0 0 0 0 1.27714e+12 1.27714e+12 1.27714e+12 1.27714e+12 
0.1705 0.541377 -2.75862 -0.576338 -2.09977 -2.74138 1.79011e+07 2.81204e+14 0.000108851 0.000381921 3.12192e-16 1.7207e-08 192822 0 0 6.0216e-11 0 0 0.00331839 0 0 0 0 0 0 1.27724e+12 1.27724e+12 1.27724e+12 1.27724e+12 
0.171 0.551019 -2.74898 -0.566694 -2.09013 -2.75102 1.79031e+07 2.81191e+14 0.000108853 0.000381924 3.12234e-16 1.72063e-08 192829 0 0 6.02262e-11 0 0 0.00331839 0 0 0 0 0 0 1.27734e+12 1.27734e+12 1.27734e+12 1.27734e+12 
0.1715 0.56066 -2.73934 -0.557049 -2.08049 -2.76066 1.79051e+07 2.81178e+14 0.000108855 0.000381926 3.12275e-16 1.72057e-08 192837 0 0 6.02365e-11 0 0 0.00331839 0 0 0 0 0 0 1.27744e+12 1.27744e+12 1.27744e+12 1.27744e+12 
0.172 0.570302 -2.7297 -0.547404 -2.07084 -2.7703 1.79071e+07 2.81166e+14 0.000108857 0.000381929 3.12316e-16 1.7205e-08 192844 0 0 6.02467e-11 0 0 0.00331839 0 0 0 0 0 0 1.27754e+12 1.27754e+12 1.27754e+12 1.27754e+12 
0.1725 0.579945 -2.72006 -0.537759 -2.0612 -2.77994 1.79091e+07 2.81153e+14 0.00010886 0.000381932 3.12357e-16 1.72044e-08 192851 0 0 6.02569e-11 0 0 0.00331839 0 0 0 0 0 0 1.27764e+12 1.27764e+12 1.27764e+12 1.27764e+12 
0.173 0.589588 -2.71041 -0.528113 -2.05155 -2.78959 1.79111e+07 2.81141e+14 0.000108862 0.000381934 3.12398e-16 1.72037e-08 192858 0 0 6.02671e-11 0 0 0.00331839 0 0 0 0 0 0 1.27774e+12 1.27774e+12 1.27774e+12 1.27774e+12 
0.1735 0.599231 -2.70077 -0.518467 -2.04191 -2.79923 1.79132e+07 2.81128e+14 0.000108864 0.000381937 3.1244e-16 1.72031e-08 192866 0 0 6.02773e-11 0 0 0.00331839 0 0 0 0 0 0 1.27784e+12 1.27784e+12 1.27784e+12 1.27784e+12 
0.174 0.608874 -2.69113 -0.508821 -2.03227 -2.80887 1.79152e+07 2.81116e+14 0.000108866 0.00038194 3.12481e-16 1.72024e-08 192873 0 0 6.02875e-11 0 0 0.00331839 0 0 0 0 0 0 1.27794e+12 1.27794e+12 1.27794e+12 1.27794e+12 
0.1745 0.618518 -2.68148 -0.499174 -2.02262 -2.81852 1.79172e+07 2.81103e+14 0.000108868 0.000381942 3.12522e-16 1.72018e-08 192880 0 0 6.02978e-11 0 0 0.00331839 0 0 0 0 0 0 1.27803e+12 1.27803e+12 1.27803e+12 1.27803e+12 
0.175 0.628162 -2.67184 -0.489527 -2.01297 -2.82816 1.79192e+07 2.81091e+14 0.00010887 0.000381945 3.12563e-16 1.72012e-08 192888 0 0 6.0308e-11 0 0 0.00331839 0 0 0 0 0 0 1.27813e+12 1.27813e+12 1.27813e+12 1.27813e+12 
0.1755 0.637807 -2.66219 -0.479879 -2.00333 -2.83781 1.79212e+07 2.81078e+14 0.000108872 0.000381948 3.12604e-16 1.72005e-08 192895 0 0 6.03182e-11 0 0 0.00331839 0 0 0 0 0 0 1.27823e+12 1.27823e+12 1.27823e+12 1.27823e+12 
0.176 0.647452 -2.65255 -0.470232 -1.99368 -2.84745 1.79232e+07 2.81066e+14 0.000108874 0.00038195 3.12646e-16 1.71999e-08 192902 0 0 6.03284e-11 0 0 0.00331839 0 0 0 0 0 0 1.27833e+12 1.27833e+12 1.27833e+12 1.27833e+12 
0.1765 0.657097 -2.6429 -0.460583 -1.98404 -2.8571 1.79252e+07 2.81053e+14 0.000108877 0.000381953 3.12687e-16 1.71992e-08 192909 0 0 6.03386e-11 0 0 0.00331839 0 0 0 0 0 0 1.27843e+12 1.27843e+12 1.27843e+12 1.27843e+12 
0.177 0.666743 -2.63326 -0.450935 -1.97439 -2.86674 1.79272e+07 2.8104e+14 0.000108879 0.000381956 3.12728e-16 1.71986e-08 192917 0 0 6.03489e-11 0 0 0.00331839 0 0 0 0 0 0 1.27853e+12 1.27853e+12 1.27853e+12 1.27853e+12 
0.1775 0.676389 -2.62361 -0.441286 -1.96474 -2.87639 1.79293e+07 2.81028e+14 0.000108881 0.000381958 3.12769e-16 1.71979e-08 192924 0 0 6.03591e-11 0 0 0.00331839 0 0 0 0 0 0 1.27863e+12 1.27863e+12 1.27863e+12 1.27863e+12 
0.178 0.686035 -2.61397 -0.431636 -1.95509 -2.88603 1.79313e+07 2.81015e+14 0.000108883 0.000381961 3.1281e-16 1.71973e-08 192931 0 0 6.03693e-11 0 0 0.00331839 0 0 0 0 0 0 1.27873e+12 1.27873e+12 1.27873e+12 1.27873e+12 
0.1785 0.695682 -2.60432 -0.421987 -1.94544 -2.89568 1.79333e+07 2.81003e+14 0.000108885 0.000381964 3.12852e-16 1.71966e-08 192938 0 0 6.03795e-11 0 0 0.00331839 0 0 0 0 0 0 1.27883e+12 1.27883e+12 1.27883e+12 1.27883e+12 
0.179 0.705329 -2.59467 -0.412337 -1.9358 -2.90533 1.79353e+07 2.8099e+14 0.000108887 0.000381966 3.12893e-16 1.7196e-08 192946 0 0 6.03898e-11 0 0 0.00331839 0 0 0 0 0 0 1.27893e+12 1.27893e+12 1.27893e+12 1.27893e+12 
0.1795 0.714976 -2.58502 -0.402686 -1.92615 -2.91498 1.79373e+07 2.80978e+14 0.000108889 0.000381969 3.12934e-16 1.71953e-08 192953 0 0 6.04e-11 0 0 0.00331839 0 0 0 0 0 0 1.27902e+12 1.27902e+12 1.27902e+12 1.27902e+12 
0.18 0.724624 -2.57538 -0.393036 -1.9165 -2.92462 1.79393e+07 2.80965e+14 0.000108891 0.000381972 3.12975e-16 1.71947e-08 192960 0 0 6.04102e-11 0 0 0.00331839 0 0 0 0 0 0 1.27912e+12 1.27912e+12 1.27912e+12 1.27912e+12 
0.1805 0.734272 -2.56573 -0.383384 -1.90685 -2.93427 1.79413e+07 2.80953e+14 0.000108893 0.000381974 3.13017e-16 1.7194e-08 192967 0 0 6.04204e-11 0 0 0.00331839 0 0 0 0 0 0 1.27922e+12 1.27922e+12 1.27922e+12 1.27922e+12 
0.181 0.743921 -2.55608 -0.373733 -1.8972 -2.94392 1.79434e+07 2.8094e+14 0.000108896 0.000381977 3.13058e-16 1.71934e-08 192975 0 0 6.04307e-11 0 0 0.00331839 0 0 0 0 0 0 1.27932e+12 1.27932e+12 1.27932e+12 1.27932e+12 
0.1815 0.75357 -2.54643 -0.364081 -1.88755 -2.95357 1.79454e+07 2.80928e+14 0.000108898 0.00038198 3.13099e-16 1.71927e-08 192982 0 0 6.04409e-11 0 0 0.00331839 0 0 0 0 0 0 1.27942e+12 1.27942e+12 1.27942e+12 1.27942e+12 
0.182 0.763219 -2.53678 -0.354429 -1.8779 -2.96322 1.79474e+07 2.80915e+14 0.0001089 0.000381982 3.1314e-16 1.71921e-08 192989 0 0 6.04511e-11 0 0 0.00331839 0 0 0 0 0 0 1.27952e+12 1.27952e+12 1.27952e+12 1.27952e+12 
0.1825 0.772869 -2.52713 -0.344776 -1.86825 -2.97287 1.79494e+07 2.80902e+14 0.000108902 0.000381985 3.13181e-16 1.71914e-08 192996 0 0 6.04613e-11 0 0 0.00331839 0 0 0 0 0 0 1.27962e+12 1.27962e+12 1.27962e+12 1.27962e+12 
0.183 0.782519 -2.51748 -0.335123 -1.85859 -2.98252 1.79514e+07 2.8089e+14 0.000108904 0.000381987 3.13223e-16 1.71908e-08 193004 0 0 6.04716e-11 0 0 0.00331839 0 0 0 0 0 0 1.27972e+12 1.27972e+12 1.27972e+12 1.27972e+12 
0.1835 0.792169 -2.50783 -0.32547 -1.84894 -2.99217 1.79534e+07 2.80877e+14 0.000108906 0.00038199 3.13264e-16 1.71901e-08 193011 0 0 6.04818e-11 0 0 0.00331839 0 0 0 0 0 0 1.27981e+12 1.27981e+12 1.27981e+12 1.27981e+12 
0.184 0.80182 -2.49818 -0.315816 -1.83929 -3.00182 1.79554e+07 2.80864e+14 0.000108908 0.000381993 3.13305e-16 1.71894e-08 193018 0 0 6.0492e-11 0 0 0.00331839 0 0 0 0 0 0 1.27991e+12 1.27991e+12 1.27991e+12 1.27991e+12 
0.1845 0.811471 -2.48853 -0.306162 -1.82964 -3.01147 1.79575e+07 2.80851e+14 0.00010891 0.000381995 3.13346e-16 1.71888e-08 193026 0 0 6.05023e-11 0 0 0.00331839 0 0 0 0 0 0 1.28001e+12 1.28001e+12 1.28001e+12 1.28001e+12 
0.185 0.821122 -2.47888 -0.296508 -1.81998 -3.02112 1.79595e+07 2.80838e+14 0.000108913 0.000381998 3.13388e-16 1.71881e-08 193033 0 0 6.05125e-11 0 0 0.00331839 0 0 0 0 0 0 1.2801e+12 1.2801e+12 1.2801e+12 1.2801e+12 
0.1855 0.830774 -2.46923 -0.286853 -1.81033 -3.03077 1.79615e+07 2.80825e+14 0.000108915 0.000382 3.13429e-16 1.71873e-08 193040 0 0 6.05228e-11 0 0 0.00331839 0 0 0 0 0 0 1.2802e+12 1.2802e+12 1.2802e+12 1.2802e+12 
0.186 0.840426 -2.45957 -0.277198 -1.80068 -3.04043 1.79635e+07 2.80811e+14 0.000108917 0.000382002 3.1347e-16 1.71866e-08 193047 0 0 6.0533e-11 0 0 0.00331839 0 0 0 0 0 0 1.28029e+12 1.28029e+12 1.28029e+12 1.28029e+12 
0.1865 0.850079 -2.44992 -0.267542 -1.79102 -3.05008 1.79655e+07 2.80796e+14 0.000108919 0.000382004 3.13511e-16 1.71858e-08 193055 0 0 6.05432e-11 0 0 0.00331839 0 0 0 0 0 0 1.28038e+12 1.28038e+12 1.28038e+12 1.28038e+12 
0.187 0.859732 -2.44027 -0.257887 -1.78137 -3.05973 1.79675e+07 2.80781e+14 0.000108921 0.000382006 3.13553e-16 1.71849e-08 193062 0 0 6.05535e-11 0 0 0.00331839 0 0 0 0 0 0 1.28046e+12 1.28046e+12 1.28046e+12 1.28046e+12 
0.1875 0.869385 -2.43061 -0.24823 -1.77171 -3.06939 1.79695e+07 2.80764e+14 0.000108923 0.000382007 3.13594e-16 1.7184e-08 193069 0 0 6.05637e-11 0 0 0.00331839 0 0 0 0 0 0 1.28054e+12 1.28054e+12 1.28054e+12 1.28054e+12 
0.188 0.879039 -2.42096 -0.238574 -1.76206 -3.07904 1.79716e+07 2.80746e+14 0.000108925 0.000382008 3.13635e-16 1.71828e-08 193076 0 0 6.05739e-11 0 0 0.00331839 0 0 0 0 0 0 1.2806e+12 1.2806e+12 1.2806e+12 1.2806e+12 
0.1885 0.888693 -2.41131 -0.228917 -1.7524 -3.08869 1.79736e+07 2.80724e+14 0.000108927 0.000382007 3.13676e-16 1.71815e-08 193084 0 0 6.05842e-11 0 0 0.00331839 0 0 0 0 0 0 1.28065e+12 1.28065e+12 1.28065e+12 1.28065e+12 
0.189 0.898347 -2.40165 -0.21926 -1.74274 -3.09835 1.79756e+07 2.80699e+14 0.000108929 0.000382005 3.13717e-16 1.71799e-08 193091 0 0 6.05944e-11 0 0 0.00331839 0 0 0 0 0 0 1.28068e+12 1.28068e+12 1.28068e+12 1.28068e+12 
0.1895 0.908002 -2.392 -0.209602 -1.73309 -3.108 1.79776e+07 2.80668e+14 0.000108932 0.000382002 3.13759e-16 1.71778e-08 193098 0 0 6.06047e-11 0 0 0.00331839 0 0 0 0 0 0 1.28068e+12 1.28068e+12 1.28068e+12 1.28068e+12 
0.19 0.917657 -2.38234 -0.199944 -1.72343 -3.11766 1.79796e+07 2.80628e+14 0.000108934 0.000381995 3.138e-16 1.71751e-08 193105 0 0 6.06149e-11 0 0 0.00331839 0 0 0 0 0 0 1.28063e+12 1.28063e+12 1.28063e+12 1.28063e+12 
0.1905 0.927312 -2.37269 -0.190286 -1.71376 -3.12731 1.79816e+07 2.80576e+14 0.000108936 0.000381984 3.13841e-16 1.71714e-08 193113 0 0 6.06251e-11 0 0 0.00331839 0 0 0 0 0 0 1.28051e+12 1.28051e+12 1.28051e+12 1.28051e+12 
0.191 0.936968 -2.36303 -0.180627 -1.7041 -3.13697 1.79836e+07 2.80505e+14 0.000108938 0.000381966 3.13882e-16 1.71663e-08 193120 0 0 6.06354e-11 0 0 0.00331839 0 0 0 0 0 0 1.28029e+12 1.28029e+12 1.28029e+12 1.28029e+12 
0.1915 0.946624 -2.35338 -0.170968 -1.69443 -3.14662 1.79857e+07 2.80409e+14 0.00010894 0.00038194 3.13924e-16 1.71592e-08 193127 0 0 6.06456e-11 0 0 0.00331839 0 0 0 0 0 0 1.27993e+12 1.27993e+12 1.27993e+12 1.27993e+12 
0.192 0.956281 -2.34372 -0.161308 -1.68476 -3.15628 1.79877e+07 2.80274e+14 0.000108942 0.0003819 3.13965e-16 1.71492e-08 193134 0 0 6.06558e-11 0 0 0.00331839 0 0 0 0 0 0 1.27936e+12 1.27936e+12 1.27936e+12 1.27936e+12 
0.1925 0.965938 -2.33406 -0.151648 -1.67508 -3.16594 1.79897e+07 2.80083e+14 0.000108944 0.000381841 3.14006e-16 1.71348e-08 193142 0 0 6.06661e-11 0 0 0.00331839 0 0 0 0 0 0 1.27848e+12 1.27848e+12 1.27848e+12 1.27848e+12 
0.193 0.975595 -2.32441 -0.141988 -1.66539 -3.17559 1.79917e+07 2.7981e+14 0.000108946 0.000381754 3.14047e-16 1.71142e-08 193149 0 0 6.06763e-11 0 0 0.00331839 0 0 0 0 0 0 1.27716e+12 1.27716e+12 1.27716e+12 1.27716e+12 
0.1935 0.985253 -2.31475 -0.132328 -1.65569 -3.18525 1.79937e+07 2.79419e+14 0.000108948 0.000381625 3.14088e-16 1.70846e-08 193156 0 0 6.06865e-11 0 0 0.00331839 0 0 0 0 0 0 1.27519e+12 1.27519e+12 1.27519e+12 1.27519e+12 
0.194 0.994911 -2.30509 -0.122667 -1.64597 -3.19491 1.79957e+07 2.78855e+14 0.000108951 0.000381437 3.1413e-16 1.70416e-08 193163 0 0 6.06967e-11 0 0 0.00331839 0 0 0 0 0 0 1.27227e+12 1.27227e+12 1.27227e+12 1.27227e+12 
0.1945 1.00457 -2.29543 -0.113005 -1.63621 -3.20457 1.79977e+07 2.78038e+14 0.000108953 0.00038116 3.14171e-16 1.69794e-08 193170 0 0 6.07068e-11 0 0 0.00331839 0 0 0 0 0 0 1.26798e+12 1.26798e+12 1.26798e+12 1.26798e+12 
0.195 1.01423 -2.28577 -0.103344 -1.62641 -3.21423 1.79997e+07 2.76854e+14 0.000108955 0.000380755 3.14212e-16 1.68891e-08 193178 0 0 6.07169e-11 0 0 0.00331839 0 0 0 0 0 0 1.26168e+12 1.26168e+12 1.26168e+12 1.26168e+12 
0.1955 1.02389 -2.27611 -0.0936819 -1.61655 -3.22389 1.80017e+07 2.75132e+14 0.000108957 0.000380162 3.14252e-16 1.67579e-08 193185 0 0 6.0727e-11 0 0 0.00331839 0 0 0 0 0 0 1.25246e+12 1.25246e+12 1.25246e+12 1.25246e+12 
0.196 1.03355 -2.26645 -0.0840195 -1.60659 -3.23355 1.80037e+07 2.72624e+14 0.000108959 0.00037929 3.14293e-16 1.65671e-08 193192 0 0 6.07369e-11 0 0 0.00331839 0 0 0 0 0 0 1.23897e+12 1.23897e+12 1.23897e+12 1.23897e+12 
0.1965 1.04321 -2.25679 -0.0743569 -1.59649 -3.24321 1.80057e+07 2.68966e+14 0.000108961 0.000378007 3.14333e-16 1.62895e-08 193199 0 0 6.07468e-11 0 0 0.00331839 0 0 0 0 0 0 1.21927e+12 1.21927e+12 1.21927e+12 1.21927e+12 
0.197 1.05287 -2.24713 -0.0646939 -1.58618 -3.25287 1.80076e+07 2.63617e+14 0.000108963 0.00037611 3.14373e-16 1.58854e-08 193206 0 0 6.07564e-11 0 0 0.00331839 0 0 0 0 0 0 1.1905e+12 1.1905e+12 1.1905e+12 1.1905e+12 
0.1975 1.06253 -2.23747 -0.0550307 -1.57554 -3.26253 1.80095e+07 2.55775e+14 0.000108965 0.000373287 3.14412e-16 1.52972e-08 193212 0 0 6.07658e-11 0 0 0.00331839 0 0 0 0 0 0 1.14849e+12 1.14849e+12 1.14849e+12 1.14849e+12 
0.198 1.07219 -2.22781 -0.0453672 -1.56438 -3.27219 1.80114e+07 2.44232e+14 0.000108966 0.000369036 3.14448e-16 1.44405e-08 193216 0 0 6.07704e-11 0 0 0.00331839 0 0 0 0 0 0 1.08711e+12 1.08711e+12 1.08711e+12 1.08711e+12 
0.198 1.07219 -2.22781 -0.0453672 -1.56438 -3.27219 1.80114e+07 2.44232e+14 0.000108968 0.000369042 3.14453e-16 1.44407e-08 193222 0 0 6.07783e-11 0 0 0.00331839 0 0 0 0 0 0 1.08712e+12 1.08712e+12 1.08712e+12 1.08712e+12 
0.198409 1.0801 -2.2199 -0.037455 -1.55464 -3.2801 1.80129e+07 2.30819e+14 0.000108968 0.000363957 3.14481e-16 1.34596e-08 193224 0 0 6.07816e-11 0 0 0.00331839 0 0 0 0 0 0 1.01658e+12 1.01658e+12 1.01658e+12 1.01658e+12 
0.198752 1.08671 -2.21329 -0.0308384 -1.54585 -3.28671 1.80141e+07 2.15749e+14 0.000108969 0.000358043 3.14505e-16 1.23764e-08 193228 0 0 6.07869e-11 0 0 0.00331838 0 0 0 0 0 0 9.38391e+11 9.38391e+11 9.38391e+11 9.38391e+11 
0.199038 1.09224 -2.20776 -0.0253052 -1.5378 -3.29224 1.80151e+07 1.99521e+14 0.00010897 0.000351406 3.14525e-16 1.12333e-08 193231 0 0 6.0791e-11 0 0 0.00331838 0 0 0 0 0 0 8.55522e+11 8.55522e+11 8.55522e+11 8.55522e+11 
0.199277 1.09687 -2.20313 -0.0206781 -1.53034 -3.29687 1.80158e+07 1.82652e+14 0.000108971 0.000344172 3.1454e-16 1.00718e-08 193233 0 0 6.07942e-11 0 0 0.00331837 0 0 0 0 0 0 7.70915e+11 7.70915e+11 7.70915e+11 7.70915e+11 
0.199478 1.10074 -2.19926 -0.0168086 -1.52335 -3.30074 1.80165e+07 1.65622e+14 0.000108972 0.000336469 3.14553e-16 8.92838e-09 193235 0 0 6.07965e-11 0 0 0.00331836 0 0 0 0 0 0 6.8718e+11 6.8718e+11 6.8718e+11 6.8718e+11 
0.199645 1.10397 -2.19603 -0.0135728 -1.51672 -3.30397 1.8017e+07 1.48846e+14 0.000108972 0.000328419 3.14563e-16 7.83203e-09 193237 0 0 6.07982e-11 0 0 0.00331835 0 0 0 0 0 0 6.0643e+11 6.0643e+11 6.0643e+11 6.0643e+11 
0.199785 1.10668 -2.19332 -0.0108668 -1.51037 -3.30668 1.80174e+07 1.32653e+14 0.000108972 0.000320131 3.1457e-16 6.80384e-09 193238 0 0 6.07995e-11 0 0 0.00331832 0 0 0 0 0 0 5.30228e+11 5.30228e+11 5.30228e+11 5.30228e+11 
0.199902 1.10894 -2.19106 -0.00860395 -1.50424 -3.30894 1.80177e+07 1.17286e+14 0.000108973 0.000311698 3.14577e-16 5.85722e-09 193238 0 0 6.08004e-11 0 0 0.00331828 0 0 0 0 0 0 4.59602e+11 4.59602e+11 4.59602e+11 4.59602e+11 
0.2 1.11083 -2.18917 -0.00671164 -1.49825 -3.31083 1.80179e+07 1.0291e+14 0.000108973 0.000303193 3.14581e-16 4.99906e-09 193239 0 0 6.08008e-11 0 0 0.00331826 0 0 0 0 0 0 3.9512e+11 3.9512e+11 3.9512e+11 3.9512e+11 