# ASCII 1D datafile generated by TiberCAD
# x Ec Ev eQFermi hQFermi ElPotential eDensity hDensity eMobility hMobility eConductivity hConductivity ElField_x ElField_y ElField_z eCurrentDensity_x eCurrentDensity_y eCurrentDensity_z hCurrentDensity_x hCurrentDensity_y hCurrentDensity_z IonizedDonors IonizedAcceptors IonizedElectronTraps IonizedHoleTraps eNetRecombination eLangevinRecombination hNetRecombination hLangevinRecombination 
0 -3.85 -7.15 -4.99197 -6.49076 1.65 7.09397e+06 2.77855e+14 0.000125385 0.000442393 1.4251e-16 1.96941e-08 246013 0 0 1.34628e-10 0 0 0.0048455 0 0 0 0 0 0 5.78601e+11 5.78601e+11 5.78601e+11 5.78601e+11 
9.79066e-05 -3.84759 -7.14759 -4.98375 -6.48835 1.64759 8.85649e+06 2.77852e+14 0.000125627 0.000442393 1.78261e-16 1.9694e-08 246013 0 0 1.34629e-10 0 0 0.0048455 0 0 0 0 0 0 7.22659e+11 7.22659e+11 7.22659e+11 7.22659e+11 
0.000214985 -3.84471 -7.14471 -4.97577 -6.48547 1.64471 1.07589e+07 2.7785e+14 0.000125849 0.000442395 2.16935e-16 1.96938e-08 246015 0 0 1.34631e-10 0 0 0.0048455 0 0 0 0 0 0 8.78227e+11 8.78227e+11 8.78227e+11 8.78227e+11 
0.000354988 -3.84127 -7.14127 -4.96783 -6.48202 1.64127 1.2772e+07 2.77846e+14 0.000126052 0.000442396 2.5794e-16 1.96937e-08 246017 0 0 1.34633e-10 0 0 0.0048455 0 0 0 0 0 0 1.04291e+12 1.04291e+12 1.04291e+12 1.04291e+12 
0.000522406 -3.83715 -7.13715 -4.95976 -6.47791 1.63715 1.48522e+07 2.77843e+14 0.000126237 0.000442398 3.00393e-16 1.96935e-08 246020 0 0 1.34637e-10 0 0 0.0048455 0 0 0 0 0 0 1.21316e+12 1.21316e+12 1.21316e+12 1.21316e+12 
0.000722606 -3.83222 -7.13222 -4.95138 -6.47298 1.63222 1.69422e+07 2.77838e+14 0.000126403 0.0004424 3.43114e-16 1.96932e-08 246022 0 0 1.34641e-10 0 0 0.0048455 0 0 0 0 0 0 1.38426e+12 1.38426e+12 1.38426e+12 1.38426e+12 
0.000962009 -3.82633 -7.12633 -4.94252 -6.46709 1.62633 1.89722e+07 2.77833e+14 0.00012655 0.000442403 3.84674e-16 1.9693e-08 246026 0 0 1.34646e-10 0 0 0.0048455 0 0 0 0 0 0 1.5505e+12 1.5505e+12 1.5505e+12 1.5505e+12 
0.00124829 -3.81929 -7.11929 -4.93298 -6.46004 1.61929 2.08661e+07 2.77826e+14 0.000126677 0.000442406 4.23497e-16 1.96926e-08 246030 0 0 1.34654e-10 0 0 0.0048455 0 0 0 0 0 0 1.70563e+12 1.70563e+12 1.70563e+12 1.70563e+12 
0.00159063 -3.81087 -7.11087 -4.92253 -6.45162 1.61087 2.25497e+07 2.77818e+14 0.000126783 0.000442409 4.58048e-16 1.96922e-08 246035 0 0 1.34664e-10 0 0 0.0048455 0 0 0 0 0 0 1.84354e+12 1.84354e+12 1.84354e+12 1.84354e+12 
0.002 -3.80079 -7.10079 -4.91086 -6.44155 1.60079 2.3962e+07 2.77809e+14 0.000126866 0.000442409 4.87057e-16 1.96916e-08 246038 0 0 1.3467e-10 0 0 0.0048455 0 0 0 0 0 0 1.95923e+12 1.95923e+12 1.95923e+12 1.95923e+12 
0.002 -3.80079 -7.10079 -4.91086 -6.44155 1.60079 2.3962e+07 2.77809e+14 0.000126869 0.000442418 4.87067e-16 1.9692e-08 246044 0 0 1.34684e-10 0 0 0.0048455 0 0 0 0 0 0 1.95927e+12 1.95927e+12 1.95927e+12 1.95927e+12 
0.0025 -3.78849 -7.08849 -4.89735 -6.42924 1.58849 2.50862e+07 2.77797e+14 0.000126933 0.000442419 5.10178e-16 1.96912e-08 246048 0 0 1.34692e-10 0 0 0.0048455 0 0 0 0 0 0 2.05134e+12 2.05134e+12 2.05134e+12 2.05134e+12 
0.003 -3.77619 -7.07619 -4.88433 -6.41694 1.57619 2.57804e+07 2.77786e+14 0.000126974 0.000442424 5.24462e-16 1.96906e-08 246055 0 0 1.34709e-10 0 0 0.0048455 0 0 0 0 0 0 2.10819e+12 2.10819e+12 2.10819e+12 2.10819e+12 
0.0035 -3.76389 -7.06389 -4.8716 -6.40464 1.56389 2.62093e+07 2.77775e+14 0.000126999 0.000442429 5.33296e-16 1.969e-08 246062 0 0 1.34726e-10 0 0 0.0048455 0 0 0 0 0 0 2.14329e+12 2.14329e+12 2.14329e+12 2.14329e+12 
0.004 -3.75158 -7.05158 -4.85903 -6.39233 1.55158 2.64747e+07 2.77763e+14 0.000127016 0.000442434 5.38768e-16 1.96895e-08 246069 0 0 1.34743e-10 0 0 0.0048455 0 0 0 0 0 0 2.16499e+12 2.16499e+12 2.16499e+12 2.16499e+12 
0.0045 -3.73928 -7.03928 -4.84656 -6.38003 1.53928 2.66392e+07 2.77752e+14 0.000127028 0.00044244 5.42164e-16 1.96889e-08 246077 0 0 1.3476e-10 0 0 0.0048455 0 0 0 0 0 0 2.17842e+12 2.17842e+12 2.17842e+12 2.17842e+12 
0.005 -3.72698 -7.02698 -4.83416 -6.36772 1.52698 2.67415e+07 2.7774e+14 0.000127036 0.000442445 5.4428e-16 1.96883e-08 246084 0 0 1.34778e-10 0 0 0.0048455 0 0 0 0 0 0 2.18674e+12 2.18674e+12 2.18674e+12 2.18674e+12 
0.0055 -3.71467 -7.01467 -4.82179 -6.35542 1.51467 2.68054e+07 2.77729e+14 0.000127042 0.00044245 5.45607e-16 1.96877e-08 246091 0 0 1.34795e-10 0 0 0.0048455 0 0 0 0 0 0 2.19192e+12 2.19192e+12 2.19192e+12 2.19192e+12 
0.006 -3.70237 -7.00237 -4.80945 -6.34311 1.50237 2.68456e+07 2.77717e+14 0.000127047 0.000442456 5.46447e-16 1.96872e-08 246098 0 0 1.34813e-10 0 0 0.0048455 0 0 0 0 0 0 2.19516e+12 2.19516e+12 2.19516e+12 2.19516e+12 
0.0065 -3.69006 -6.99006 -4.79712 -6.3308 1.49006 2.68712e+07 2.77706e+14 0.000127051 0.000442461 5.46987e-16 1.96866e-08 246105 0 0 1.34831e-10 0 0 0.0048455 0 0 0 0 0 0 2.1972e+12 2.1972e+12 2.1972e+12 2.1972e+12 
0.007 -3.67776 -6.97776 -4.7848 -6.3185 1.47776 2.68878e+07 2.77695e+14 0.000127055 0.000442466 5.4734e-16 1.9686e-08 246113 0 0 1.34848e-10 0 0 0.0048455 0 0 0 0 0 0 2.1985e+12 2.1985e+12 2.1985e+12 2.1985e+12 
0.0075 -3.66545 -6.96545 -4.77248 -6.30619 1.46545 2.68989e+07 2.77683e+14 0.000127058 0.000442471 5.4758e-16 1.96854e-08 246120 0 0 1.34866e-10 0 0 0.0048455 0 0 0 0 0 0 2.19935e+12 2.19935e+12 2.19935e+12 2.19935e+12 
0.008 -3.65314 -6.95314 -4.76017 -6.29388 1.45314 2.69065e+07 2.77672e+14 0.000127062 0.000442477 5.47749e-16 1.96849e-08 246127 0 0 1.34883e-10 0 0 0.0048455 0 0 0 0 0 0 2.19991e+12 2.19991e+12 2.19991e+12 2.19991e+12 
0.0085 -3.64084 -6.94084 -4.74785 -6.28157 1.44084 2.6912e+07 2.7766e+14 0.000127065 0.000442482 5.47875e-16 1.96843e-08 246134 0 0 1.34901e-10 0 0 0.0048455 0 0 0 0 0 0 2.2003e+12 2.2003e+12 2.2003e+12 2.2003e+12 
0.009 -3.62853 -6.92853 -4.73554 -6.26927 1.42853 2.69162e+07 2.77649e+14 0.000127068 0.000442487 5.47973e-16 1.96837e-08 246141 0 0 1.34918e-10 0 0 0.0048455 0 0 0 0 0 0 2.20059e+12 2.20059e+12 2.20059e+12 2.20059e+12 
0.0095 -3.61622 -6.91622 -4.72323 -6.25696 1.41622 2.69196e+07 2.77638e+14 0.000127071 0.000442493 5.48056e-16 1.96831e-08 246148 0 0 1.34936e-10 0 0 0.0048455 0 0 0 0 0 0 2.20081e+12 2.20081e+12 2.20081e+12 2.20081e+12 
0.01 -3.60392 -6.90392 -4.71092 -6.24465 1.40392 2.69225e+07 2.77626e+14 0.000127074 0.000442498 5.48128e-16 1.96826e-08 246156 0 0 1.34954e-10 0 0 0.0048455 0 0 0 0 0 0 2.20099e+12 2.20099e+12 2.20099e+12 2.20099e+12 
0.0105 -3.59161 -6.89161 -4.69861 -6.23234 1.39161 2.69251e+07 2.77615e+14 0.000127077 0.000442503 5.48193e-16 1.9682e-08 246163 0 0 1.34971e-10 0 0 0.0048455 0 0 0 0 0 0 2.20114e+12 2.20114e+12 2.20114e+12 2.20114e+12 
0.011 -3.5793 -6.8793 -4.6863 -6.22003 1.3793 2.69275e+07 2.77603e+14 0.00012708 0.000442508 5.48255e-16 1.96814e-08 246170 0 0 1.34989e-10 0 0 0.0048455 0 0 0 0 0 0 2.20128e+12 2.20128e+12 2.20128e+12 2.20128e+12 
0.0115 -3.56699 -6.86699 -4.67399 -6.20772 1.36699 2.69298e+07 2.77592e+14 0.000127083 0.000442514 5.48314e-16 1.96809e-08 246177 0 0 1.35006e-10 0 0 0.0048455 0 0 0 0 0 0 2.20141e+12 2.20141e+12 2.20141e+12 2.20141e+12 
0.012 -3.55468 -6.85468 -4.66168 -6.19541 1.35468 2.6932e+07 2.7758e+14 0.000127086 0.000442519 5.48372e-16 1.96803e-08 246184 0 0 1.35024e-10 0 0 0.0048455 0 0 0 0 0 0 2.20153e+12 2.20153e+12 2.20153e+12 2.20153e+12 
0.0125 -3.54237 -6.84237 -4.64937 -6.1831 1.34237 2.69342e+07 2.77569e+14 0.000127089 0.000442524 5.48429e-16 1.96797e-08 246191 0 0 1.35042e-10 0 0 0.0048455 0 0 0 0 0 0 2.20165e+12 2.20165e+12 2.20165e+12 2.20165e+12 
0.013 -3.53006 -6.83006 -4.63706 -6.17079 1.33006 2.69363e+07 2.77558e+14 0.000127092 0.00044253 5.48486e-16 1.96791e-08 246199 0 0 1.35059e-10 0 0 0.0048455 0 0 0 0 0 0 2.20177e+12 2.20177e+12 2.20177e+12 2.20177e+12 
0.0135 -3.51775 -6.81775 -4.62474 -6.15848 1.31775 2.69384e+07 2.77546e+14 0.000127095 0.000442535 5.48542e-16 1.96786e-08 246206 0 0 1.35077e-10 0 0 0.0048455 0 0 0 0 0 0 2.20188e+12 2.20188e+12 2.20188e+12 2.20188e+12 
0.014 -3.50544 -6.80544 -4.61243 -6.14616 1.30544 2.69406e+07 2.77535e+14 0.000127098 0.00044254 5.48598e-16 1.9678e-08 246213 0 0 1.35095e-10 0 0 0.0048455 0 0 0 0 0 0 2.202e+12 2.202e+12 2.202e+12 2.202e+12 
0.0145 -3.49313 -6.79313 -4.60012 -6.13385 1.29313 2.69427e+07 2.77523e+14 0.0001271 0.000442546 5.48654e-16 1.96774e-08 246220 0 0 1.35112e-10 0 0 0.0048455 0 0 0 0 0 0 2.20211e+12 2.20211e+12 2.20211e+12 2.20211e+12 
0.015 -3.48082 -6.78082 -4.58781 -6.12154 1.28082 2.69448e+07 2.77512e+14 0.000127103 0.000442551 5.48709e-16 1.96768e-08 246227 0 0 1.3513e-10 0 0 0.0048455 0 0 0 0 0 0 2.20222e+12 2.20222e+12 2.20222e+12 2.20222e+12 
0.0155 -3.46851 -6.76851 -4.57549 -6.10923 1.26851 2.69469e+07 2.77501e+14 0.000127106 0.000442556 5.48765e-16 1.96763e-08 246235 0 0 1.35147e-10 0 0 0.0048455 0 0 0 0 0 0 2.20234e+12 2.20234e+12 2.20234e+12 2.20234e+12 
0.016 -3.4562 -6.7562 -4.56318 -6.09691 1.2562 2.6949e+07 2.77489e+14 0.000127109 0.000442561 5.4882e-16 1.96757e-08 246242 0 0 1.35165e-10 0 0 0.0048455 0 0 0 0 0 0 2.20245e+12 2.20245e+12 2.20245e+12 2.20245e+12 
0.0165 -3.44388 -6.74388 -4.55086 -6.0846 1.24388 2.69511e+07 2.77478e+14 0.000127112 0.000442567 5.48876e-16 1.96751e-08 246249 0 0 1.35183e-10 0 0 0.0048455 0 0 0 0 0 0 2.20256e+12 2.20256e+12 2.20256e+12 2.20256e+12 
0.017 -3.43157 -6.73157 -4.53855 -6.07229 1.23157 2.69532e+07 2.77466e+14 0.000127115 0.000442572 5.48932e-16 1.96745e-08 246256 0 0 1.352e-10 0 0 0.0048455 0 0 0 0 0 0 2.20268e+12 2.20268e+12 2.20268e+12 2.20268e+12 
0.0175 -3.41926 -6.71926 -4.52623 -6.05997 1.21926 2.69553e+07 2.77455e+14 0.000127118 0.000442577 5.48987e-16 1.9674e-08 246263 0 0 1.35218e-10 0 0 0.0048455 0 0 0 0 0 0 2.20279e+12 2.20279e+12 2.20279e+12 2.20279e+12 
0.018 -3.40695 -6.70695 -4.51392 -6.04766 1.20695 2.69574e+07 2.77444e+14 0.000127121 0.000442583 5.49043e-16 1.96734e-08 246270 0 0 1.35235e-10 0 0 0.0048455 0 0 0 0 0 0 2.2029e+12 2.2029e+12 2.2029e+12 2.2029e+12 
0.0185 -3.39463 -6.69463 -4.5016 -6.03534 1.19463 2.69595e+07 2.77432e+14 0.000127124 0.000442588 5.49098e-16 1.96728e-08 246278 0 0 1.35253e-10 0 0 0.0048455 0 0 0 0 0 0 2.20302e+12 2.20302e+12 2.20302e+12 2.20302e+12 
0.019 -3.38232 -6.68232 -4.48929 -6.02303 1.18232 2.69616e+07 2.77421e+14 0.000127127 0.000442593 5.49154e-16 1.96723e-08 246285 0 0 1.35271e-10 0 0 0.0048455 0 0 0 0 0 0 2.20313e+12 2.20313e+12 2.20313e+12 2.20313e+12 
0.0195 -3.37 -6.67 -4.47697 -6.01071 1.17 2.69637e+07 2.7741e+14 0.00012713 0.000442598 5.49209e-16 1.96717e-08 246292 0 0 1.35288e-10 0 0 0.0048455 0 0 0 0 0 0 2.20324e+12 2.20324e+12 2.20324e+12 2.20324e+12 
0.02 -3.35769 -6.65769 -4.46465 -5.99839 1.15769 2.69658e+07 2.77398e+14 0.000127133 0.000442604 5.49265e-16 1.96711e-08 246299 0 0 1.35306e-10 0 0 0.0048455 0 0 0 0 0 0 2.20336e+12 2.20336e+12 2.20336e+12 2.20336e+12 
0.0205 -3.34537 -6.64537 -4.45234 -5.98608 1.14537 2.69679e+07 2.77387e+14 0.000127136 0.000442609 5.4932e-16 1.96705e-08 246306 0 0 1.35324e-10 0 0 0.0048455 0 0 0 0 0 0 2.20347e+12 2.20347e+12 2.20347e+12 2.20347e+12 
0.021 -3.33306 -6.63306 -4.44002 -5.97376 1.13306 2.697e+07 2.77375e+14 0.000127139 0.000442614 5.49376e-16 1.967e-08 246313 0 0 1.35341e-10 0 0 0.0048455 0 0 0 0 0 0 2.20358e+12 2.20358e+12 2.20358e+12 2.20358e+12 
0.0215 -3.32074 -6.62074 -4.4277 -5.96144 1.12074 2.69721e+07 2.77364e+14 0.000127142 0.00044262 5.49432e-16 1.96694e-08 246321 0 0 1.35359e-10 0 0 0.0048455 0 0 0 0 0 0 2.20369e+12 2.20369e+12 2.20369e+12 2.20369e+12 
0.022 -3.30843 -6.60843 -4.41538 -5.94913 1.10843 2.69742e+07 2.77353e+14 0.000127145 0.000442625 5.49487e-16 1.96688e-08 246328 0 0 1.35376e-10 0 0 0.0048455 0 0 0 0 0 0 2.20381e+12 2.20381e+12 2.20381e+12 2.20381e+12 
0.0225 -3.29611 -6.59611 -4.40306 -5.93681 1.09611 2.69763e+07 2.77341e+14 0.000127148 0.00044263 5.49543e-16 1.96683e-08 246335 0 0 1.35394e-10 0 0 0.0048455 0 0 0 0 0 0 2.20392e+12 2.20392e+12 2.20392e+12 2.20392e+12 
0.023 -3.28379 -6.58379 -4.39074 -5.92449 1.08379 2.69784e+07 2.7733e+14 0.000127151 0.000442635 5.49598e-16 1.96677e-08 246342 0 0 1.35412e-10 0 0 0.0048455 0 0 0 0 0 0 2.20403e+12 2.20403e+12 2.20403e+12 2.20403e+12 
0.0235 -3.27148 -6.57148 -4.37843 -5.91217 1.07148 2.69805e+07 2.77318e+14 0.000127154 0.000442641 5.49654e-16 1.96671e-08 246349 0 0 1.35429e-10 0 0 0.0048455 0 0 0 0 0 0 2.20415e+12 2.20415e+12 2.20415e+12 2.20415e+12 
0.024 -3.25916 -6.55916 -4.36611 -5.89985 1.05916 2.69826e+07 2.77307e+14 0.000127157 0.000442646 5.49709e-16 1.96665e-08 246356 0 0 1.35447e-10 0 0 0.0048455 0 0 0 0 0 0 2.20426e+12 2.20426e+12 2.20426e+12 2.20426e+12 
0.0245 -3.24684 -6.54684 -4.35379 -5.88753 1.04684 2.69847e+07 2.77296e+14 0.00012716 0.000442651 5.49765e-16 1.9666e-08 246364 0 0 1.35465e-10 0 0 0.0048455 0 0 0 0 0 0 2.20437e+12 2.20437e+12 2.20437e+12 2.20437e+12 
0.025 -3.23452 -6.53452 -4.34147 -5.87521 1.03452 2.69868e+07 2.77284e+14 0.000127162 0.000442657 5.4982e-16 1.96654e-08 246371 0 0 1.35482e-10 0 0 0.0048455 0 0 0 0 0 0 2.20449e+12 2.20449e+12 2.20449e+12 2.20449e+12 
0.0255 -3.2222 -6.5222 -4.32914 -5.86289 1.0222 2.69889e+07 2.77273e+14 0.000127165 0.000442662 5.49876e-16 1.96648e-08 246378 0 0 1.355e-10 0 0 0.0048455 0 0 0 0 0 0 2.2046e+12 2.2046e+12 2.2046e+12 2.2046e+12 
0.026 -3.20988 -6.50988 -4.31682 -5.85057 1.00988 2.6991e+07 2.77261e+14 0.000127168 0.000442667 5.49932e-16 1.96642e-08 246385 0 0 1.35517e-10 0 0 0.0048455 0 0 0 0 0 0 2.20471e+12 2.20471e+12 2.20471e+12 2.20471e+12 
0.0265 -3.19756 -6.49756 -4.3045 -5.83825 0.997564 2.69931e+07 2.7725e+14 0.000127171 0.000442673 5.49987e-16 1.96637e-08 246392 0 0 1.35535e-10 0 0 0.0048455 0 0 0 0 0 0 2.20482e+12 2.20482e+12 2.20482e+12 2.20482e+12 
0.027 -3.18524 -6.48524 -4.29218 -5.82593 0.985244 2.69952e+07 2.77239e+14 0.000127174 0.000442678 5.50043e-16 1.96631e-08 246399 0 0 1.35553e-10 0 0 0.0048455 0 0 0 0 0 0 2.20494e+12 2.20494e+12 2.20494e+12 2.20494e+12 
0.0275 -3.17292 -6.47292 -4.27986 -5.81361 0.972924 2.69973e+07 2.77227e+14 0.000127177 0.000442683 5.50098e-16 1.96625e-08 246407 0 0 1.3557e-10 0 0 0.0048455 0 0 0 0 0 0 2.20505e+12 2.20505e+12 2.20505e+12 2.20505e+12 
0.028 -3.1606 -6.4606 -4.26754 -5.80129 0.960604 2.69994e+07 2.77216e+14 0.00012718 0.000442688 5.50154e-16 1.9662e-08 246414 0 0 1.35588e-10 0 0 0.0048455 0 0 0 0 0 0 2.20516e+12 2.20516e+12 2.20516e+12 2.20516e+12 
0.0285 -3.14828 -6.44828 -4.25521 -5.78897 0.948283 2.70015e+07 2.77205e+14 0.000127183 0.000442694 5.50209e-16 1.96614e-08 246421 0 0 1.35606e-10 0 0 0.0048455 0 0 0 0 0 0 2.20528e+12 2.20528e+12 2.20528e+12 2.20528e+12 
0.029 -3.13596 -6.43596 -4.24289 -5.77664 0.935962 2.70036e+07 2.77193e+14 0.000127186 0.000442699 5.50265e-16 1.96608e-08 246428 0 0 1.35623e-10 0 0 0.0048455 0 0 0 0 0 0 2.20539e+12 2.20539e+12 2.20539e+12 2.20539e+12 
0.0295 -3.12364 -6.42364 -4.23057 -5.76432 0.92364 2.70057e+07 2.77182e+14 0.000127189 0.000442704 5.50321e-16 1.96602e-08 246435 0 0 1.35641e-10 0 0 0.0048455 0 0 0 0 0 0 2.2055e+12 2.2055e+12 2.2055e+12 2.2055e+12 
0.03 -3.11132 -6.41132 -4.21824 -5.752 0.911318 2.70078e+07 2.7717e+14 0.000127192 0.00044271 5.50376e-16 1.96597e-08 246442 0 0 1.35659e-10 0 0 0.0048455 0 0 0 0 0 0 2.20562e+12 2.20562e+12 2.20562e+12 2.20562e+12 
0.0305 -3.099 -6.399 -4.20592 -5.73967 0.898996 2.70099e+07 2.77159e+14 0.000127195 0.000442715 5.50432e-16 1.96591e-08 246450 0 0 1.35676e-10 0 0 0.0048455 0 0 0 0 0 0 2.20573e+12 2.20573e+12 2.20573e+12 2.20573e+12 
0.031 -3.08667 -6.38667 -4.19359 -5.72735 0.886673 2.7012e+07 2.77148e+14 0.000127198 0.00044272 5.50487e-16 1.96585e-08 246457 0 0 1.35694e-10 0 0 0.0048455 0 0 0 0 0 0 2.20584e+12 2.20584e+12 2.20584e+12 2.20584e+12 
0.0315 -3.07435 -6.37435 -4.18127 -5.71502 0.87435 2.70141e+07 2.77136e+14 0.000127201 0.000442725 5.50543e-16 1.9658e-08 246464 0 0 1.35711e-10 0 0 0.0048455 0 0 0 0 0 0 2.20595e+12 2.20595e+12 2.20595e+12 2.20595e+12 
0.032 -3.06203 -6.36203 -4.16894 -5.7027 0.862027 2.70162e+07 2.77125e+14 0.000127204 0.000442731 5.50598e-16 1.96574e-08 246471 0 0 1.35729e-10 0 0 0.0048455 0 0 0 0 0 0 2.20607e+12 2.20607e+12 2.20607e+12 2.20607e+12 
0.0325 -3.0497 -6.3497 -4.15662 -5.69037 0.849703 2.70183e+07 2.77114e+14 0.000127207 0.000442736 5.50654e-16 1.96568e-08 246478 0 0 1.35747e-10 0 0 0.0048455 0 0 0 0 0 0 2.20618e+12 2.20618e+12 2.20618e+12 2.20618e+12 
0.033 -3.03738 -6.33738 -4.14429 -5.67805 0.837379 2.70204e+07 2.77102e+14 0.00012721 0.000442741 5.5071e-16 1.96562e-08 246485 0 0 1.35764e-10 0 0 0.0048455 0 0 0 0 0 0 2.20629e+12 2.20629e+12 2.20629e+12 2.20629e+12 
0.0335 -3.02505 -6.32505 -4.13196 -5.66572 0.825054 2.70225e+07 2.77091e+14 0.000127213 0.000442747 5.50765e-16 1.96557e-08 246493 0 0 1.35782e-10 0 0 0.0048455 0 0 0 0 0 0 2.20641e+12 2.20641e+12 2.20641e+12 2.20641e+12 
0.034 -3.01273 -6.31273 -4.11964 -5.6534 0.81273 2.70246e+07 2.7708e+14 0.000127216 0.000442752 5.50821e-16 1.96551e-08 246500 0 0 1.358e-10 0 0 0.0048455 0 0 0 0 0 0 2.20652e+12 2.20652e+12 2.20652e+12 2.20652e+12 
0.0345 -3.0004 -6.3004 -4.10731 -5.64107 0.800404 2.70267e+07 2.77068e+14 0.000127219 0.000442757 5.50876e-16 1.96545e-08 246507 0 0 1.35817e-10 0 0 0.0048455 0 0 0 0 0 0 2.20663e+12 2.20663e+12 2.20663e+12 2.20663e+12 
0.035 -2.98808 -6.28808 -4.09498 -5.62874 0.788079 2.70288e+07 2.77057e+14 0.000127222 0.000442763 5.50932e-16 1.9654e-08 246514 0 0 1.35835e-10 0 0 0.0048455 0 0 0 0 0 0 2.20674e+12 2.20674e+12 2.20674e+12 2.20674e+12 
0.0355 -2.97575 -6.27575 -4.08265 -5.61642 0.775753 2.70309e+07 2.77045e+14 0.000127224 0.000442768 5.50987e-16 1.96534e-08 246521 0 0 1.35853e-10 0 0 0.0048455 0 0 0 0 0 0 2.20686e+12 2.20686e+12 2.20686e+12 2.20686e+12 
0.036 -2.96343 -6.26343 -4.07033 -5.60409 0.763427 2.7033e+07 2.77034e+14 0.000127227 0.000442773 5.51043e-16 1.96528e-08 246528 0 0 1.3587e-10 0 0 0.0048455 0 0 0 0 0 0 2.20697e+12 2.20697e+12 2.20697e+12 2.20697e+12 
0.0365 -2.9511 -6.2511 -4.058 -5.59176 0.7511 2.70351e+07 2.77023e+14 0.00012723 0.000442778 5.51099e-16 1.96522e-08 246536 0 0 1.35888e-10 0 0 0.0048455 0 0 0 0 0 0 2.20708e+12 2.20708e+12 2.20708e+12 2.20708e+12 
0.037 -2.93877 -6.23877 -4.04567 -5.57943 0.738773 2.70372e+07 2.77011e+14 0.000127233 0.000442784 5.51154e-16 1.96517e-08 246543 0 0 1.35906e-10 0 0 0.0048455 0 0 0 0 0 0 2.2072e+12 2.2072e+12 2.2072e+12 2.2072e+12 
0.0375 -2.92645 -6.22645 -4.03334 -5.5671 0.726446 2.70393e+07 2.77e+14 0.000127236 0.000442789 5.5121e-16 1.96511e-08 246550 0 0 1.35923e-10 0 0 0.0048455 0 0 0 0 0 0 2.20731e+12 2.20731e+12 2.20731e+12 2.20731e+12 
0.038 -2.91412 -6.21412 -4.02101 -5.55478 0.714118 2.70414e+07 2.76989e+14 0.000127239 0.000442794 5.51265e-16 1.96505e-08 246557 0 0 1.35941e-10 0 0 0.0048455 0 0 0 0 0 0 2.20742e+12 2.20742e+12 2.20742e+12 2.20742e+12 
0.0385 -2.90179 -6.20179 -4.00868 -5.54245 0.70179 2.70435e+07 2.76977e+14 0.000127242 0.0004428 5.51321e-16 1.965e-08 246564 0 0 1.35958e-10 0 0 0.0048455 0 0 0 0 0 0 2.20753e+12 2.20753e+12 2.20753e+12 2.20753e+12 
0.039 -2.88946 -6.18946 -3.99635 -5.53012 0.689462 2.70456e+07 2.76966e+14 0.000127245 0.000442805 5.51377e-16 1.96494e-08 246571 0 0 1.35976e-10 0 0 0.0048455 0 0 0 0 0 0 2.20765e+12 2.20765e+12 2.20765e+12 2.20765e+12 
0.0395 -2.87713 -6.17713 -3.98402 -5.51779 0.677133 2.70477e+07 2.76955e+14 0.000127248 0.00044281 5.51432e-16 1.96488e-08 246579 0 0 1.35994e-10 0 0 0.0048455 0 0 0 0 0 0 2.20776e+12 2.20776e+12 2.20776e+12 2.20776e+12 
0.04 -2.8648 -6.1648 -3.97169 -5.50546 0.664804 2.70498e+07 2.76943e+14 0.000127251 0.000442816 5.51488e-16 1.96483e-08 246586 0 0 1.36011e-10 0 0 0.0048455 0 0 0 0 0 0 2.20787e+12 2.20787e+12 2.20787e+12 2.20787e+12 
0.0405 -2.85247 -6.15247 -3.95936 -5.49313 0.652475 2.70519e+07 2.76932e+14 0.000127254 0.000442821 5.51543e-16 1.96477e-08 246593 0 0 1.36029e-10 0 0 0.0048455 0 0 0 0 0 0 2.20799e+12 2.20799e+12 2.20799e+12 2.20799e+12 
0.041 -2.84014 -6.14014 -3.94702 -5.48079 0.640145 2.7054e+07 2.76921e+14 0.000127257 0.000442826 5.51599e-16 1.96471e-08 246600 0 0 1.36047e-10 0 0 0.0048455 0 0 0 0 0 0 2.2081e+12 2.2081e+12 2.2081e+12 2.2081e+12 
0.0415 -2.82781 -6.12781 -3.93469 -5.46846 0.627815 2.70561e+07 2.76909e+14 0.00012726 0.000442831 5.51655e-16 1.96465e-08 246607 0 0 1.36064e-10 0 0 0.0048455 0 0 0 0 0 0 2.20821e+12 2.20821e+12 2.20821e+12 2.20821e+12 
0.042 -2.81548 -6.11548 -3.92236 -5.45613 0.615484 2.70582e+07 2.76898e+14 0.000127263 0.000442837 5.5171e-16 1.9646e-08 246614 0 0 1.36082e-10 0 0 0.0048455 0 0 0 0 0 0 2.20832e+12 2.20832e+12 2.20832e+12 2.20832e+12 
0.0425 -2.80315 -6.10315 -3.91003 -5.4438 0.603153 2.70603e+07 2.76887e+14 0.000127266 0.000442842 5.51766e-16 1.96454e-08 246621 0 0 1.361e-10 0 0 0.0048455 0 0 0 0 0 0 2.20844e+12 2.20844e+12 2.20844e+12 2.20844e+12 
0.043 -2.79082 -6.09082 -3.89769 -5.43147 0.590822 2.70624e+07 2.76875e+14 0.000127269 0.000442847 5.51821e-16 1.96448e-08 246629 0 0 1.36117e-10 0 0 0.0048455 0 0 0 0 0 0 2.20855e+12 2.20855e+12 2.20855e+12 2.20855e+12 
0.0435 -2.77849 -6.07849 -3.88536 -5.41913 0.57849 2.70645e+07 2.76864e+14 0.000127272 0.000442853 5.51877e-16 1.96443e-08 246636 0 0 1.36135e-10 0 0 0.0048455 0 0 0 0 0 0 2.20866e+12 2.20866e+12 2.20866e+12 2.20866e+12 
0.044 -2.76616 -6.06616 -3.87302 -5.4068 0.566158 2.70666e+07 2.76852e+14 0.000127275 0.000442858 5.51933e-16 1.96437e-08 246643 0 0 1.36153e-10 0 0 0.0048455 0 0 0 0 0 0 2.20878e+12 2.20878e+12 2.20878e+12 2.20878e+12 
0.0445 -2.75383 -6.05383 -3.86069 -5.39447 0.553826 2.70687e+07 2.76841e+14 0.000127278 0.000442863 5.51988e-16 1.96431e-08 246650 0 0 1.3617e-10 0 0 0.0048455 0 0 0 0 0 0 2.20889e+12 2.20889e+12 2.20889e+12 2.20889e+12 
0.045 -2.74149 -6.04149 -3.84836 -5.38213 0.541493 2.70708e+07 2.7683e+14 0.000127281 0.000442869 5.52044e-16 1.96426e-08 246657 0 0 1.36188e-10 0 0 0.0048455 0 0 0 0 0 0 2.209e+12 2.209e+12 2.209e+12 2.209e+12 
0.0455 -2.72916 -6.02916 -3.83602 -5.3698 0.52916 2.70729e+07 2.76818e+14 0.000127283 0.000442874 5.52099e-16 1.9642e-08 246664 0 0 1.36206e-10 0 0 0.0048455 0 0 0 0 0 0 2.20911e+12 2.20911e+12 2.20911e+12 2.20911e+12 
0.046 -2.71683 -6.01683 -3.82369 -5.35746 0.516827 2.7075e+07 2.76807e+14 0.000127286 0.000442879 5.52155e-16 1.96414e-08 246672 0 0 1.36223e-10 0 0 0.0048455 0 0 0 0 0 0 2.20923e+12 2.20923e+12 2.20923e+12 2.20923e+12 
0.0465 -2.70449 -6.00449 -3.81135 -5.34513 0.504493 2.70771e+07 2.76796e+14 0.000127289 0.000442884 5.52211e-16 1.96408e-08 246679 0 0 1.36241e-10 0 0 0.0048455 0 0 0 0 0 0 2.20934e+12 2.20934e+12 2.20934e+12 2.20934e+12 
0.047 -2.69216 -5.99216 -3.79901 -5.33279 0.492159 2.70792e+07 2.76784e+14 0.000127292 0.00044289 5.52266e-16 1.96403e-08 246686 0 0 1.36259e-10 0 0 0.0048455 0 0 0 0 0 0 2.20945e+12 2.20945e+12 2.20945e+12 2.20945e+12 
0.0475 -2.67982 -5.97982 -3.78668 -5.32046 0.479824 2.70813e+07 2.76773e+14 0.000127295 0.000442895 5.52322e-16 1.96397e-08 246693 0 0 1.36276e-10 0 0 0.0048455 0 0 0 0 0 0 2.20956e+12 2.20956e+12 2.20956e+12 2.20956e+12 
0.048 -2.66749 -5.96749 -3.77434 -5.30812 0.46749 2.70834e+07 2.76762e+14 0.000127298 0.0004429 5.52377e-16 1.96391e-08 246700 0 0 1.36294e-10 0 0 0.0048455 0 0 0 0 0 0 2.20968e+12 2.20968e+12 2.20968e+12 2.20968e+12 
0.0485 -2.65515 -5.95515 -3.762 -5.29578 0.455154 2.70855e+07 2.7675e+14 0.000127301 0.000442906 5.52433e-16 1.96386e-08 246707 0 0 1.36312e-10 0 0 0.0048455 0 0 0 0 0 0 2.20979e+12 2.20979e+12 2.20979e+12 2.20979e+12 
0.049 -2.64282 -5.94282 -3.74967 -5.28345 0.442819 2.70876e+07 2.76739e+14 0.000127304 0.000442911 5.52489e-16 1.9638e-08 246714 0 0 1.36329e-10 0 0 0.0048455 0 0 0 0 0 0 2.2099e+12 2.2099e+12 2.2099e+12 2.2099e+12 
0.0495 -2.63048 -5.93048 -3.73733 -5.27111 0.430483 2.70897e+07 2.76728e+14 0.000127307 0.000442916 5.52544e-16 1.96374e-08 246722 0 0 1.36347e-10 0 0 0.0048455 0 0 0 0 0 0 2.21002e+12 2.21002e+12 2.21002e+12 2.21002e+12 
0.05 -2.61815 -5.91815 -3.72499 -5.25877 0.418147 2.70918e+07 2.76716e+14 0.00012731 0.000442922 5.526e-16 1.96369e-08 246729 0 0 1.36365e-10 0 0 0.0048455 0 0 0 0 0 0 2.21013e+12 2.21013e+12 2.21013e+12 2.21013e+12 
0.0505 -2.60581 -5.90581 -3.71265 -5.24643 0.40581 2.70939e+07 2.76705e+14 0.000127313 0.000442927 5.52656e-16 1.96363e-08 246736 0 0 1.36382e-10 0 0 0.0048455 0 0 0 0 0 0 2.21024e+12 2.21024e+12 2.21024e+12 2.21024e+12 
0.051 -2.59347 -5.89347 -3.70031 -5.2341 0.393473 2.7096e+07 2.76694e+14 0.000127316 0.000442932 5.52711e-16 1.96357e-08 246743 0 0 1.364e-10 0 0 0.0048455 0 0 0 0 0 0 2.21035e+12 2.21035e+12 2.21035e+12 2.21035e+12 
0.0515 -2.58114 -5.88114 -3.68797 -5.22176 0.381136 2.70981e+07 2.76682e+14 0.000127319 0.000442937 5.52767e-16 1.96352e-08 246750 0 0 1.36418e-10 0 0 0.0048455 0 0 0 0 0 0 2.21047e+12 2.21047e+12 2.21047e+12 2.21047e+12 
0.052 -2.5688 -5.8688 -3.67563 -5.20942 0.368798 2.71002e+07 2.76671e+14 0.000127322 0.000442943 5.52822e-16 1.96346e-08 246757 0 0 1.36435e-10 0 0 0.0048455 0 0 0 0 0 0 2.21058e+12 2.21058e+12 2.21058e+12 2.21058e+12 
0.0525 -2.55646 -5.85646 -3.66329 -5.19708 0.35646 2.71023e+07 2.7666e+14 0.000127325 0.000442948 5.52878e-16 1.9634e-08 246765 0 0 1.36453e-10 0 0 0.0048455 0 0 0 0 0 0 2.21069e+12 2.21069e+12 2.21069e+12 2.21069e+12 
0.053 -2.54412 -5.84412 -3.65095 -5.18474 0.344122 2.71044e+07 2.76648e+14 0.000127328 0.000442953 5.52934e-16 1.96334e-08 246772 0 0 1.36471e-10 0 0 0.0048455 0 0 0 0 0 0 2.2108e+12 2.2108e+12 2.2108e+12 2.2108e+12 
0.0535 -2.53178 -5.83178 -3.63861 -5.1724 0.331783 2.71065e+07 2.76637e+14 0.000127331 0.000442959 5.52989e-16 1.96329e-08 246779 0 0 1.36489e-10 0 0 0.0048455 0 0 0 0 0 0 2.21092e+12 2.21092e+12 2.21092e+12 2.21092e+12 
0.054 -2.51944 -5.81944 -3.62627 -5.16006 0.319444 2.71086e+07 2.76626e+14 0.000127334 0.000442964 5.53045e-16 1.96323e-08 246786 0 0 1.36506e-10 0 0 0.0048455 0 0 0 0 0 0 2.21103e+12 2.21103e+12 2.21103e+12 2.21103e+12 
0.0545 -2.5071 -5.8071 -3.61393 -5.14772 0.307104 2.71107e+07 2.76614e+14 0.000127337 0.000442969 5.531e-16 1.96317e-08 246793 0 0 1.36524e-10 0 0 0.0048455 0 0 0 0 0 0 2.21114e+12 2.21114e+12 2.21114e+12 2.21114e+12 
0.055 -2.49476 -5.79476 -3.60159 -5.13538 0.294764 2.71128e+07 2.76603e+14 0.00012734 0.000442975 5.53156e-16 1.96312e-08 246800 0 0 1.36542e-10 0 0 0.0048455 0 0 0 0 0 0 2.21125e+12 2.21125e+12 2.21125e+12 2.21125e+12 
0.0555 -2.48242 -5.78242 -3.58924 -5.12303 0.282424 2.71149e+07 2.76592e+14 0.000127343 0.00044298 5.53212e-16 1.96306e-08 246807 0 0 1.36559e-10 0 0 0.0048455 0 0 0 0 0 0 2.21137e+12 2.21137e+12 2.21137e+12 2.21137e+12 
0.056 -2.47008 -5.77008 -3.5769 -5.11069 0.270084 2.7117e+07 2.76581e+14 0.000127345 0.000442985 5.53267e-16 1.963e-08 246815 0 0 1.36577e-10 0 0 0.0048455 0 0 0 0 0 0 2.21148e+12 2.21148e+12 2.21148e+12 2.21148e+12 
0.0565 -2.45774 -5.75774 -3.56456 -5.09835 0.257743 2.71191e+07 2.76569e+14 0.000127348 0.00044299 5.53323e-16 1.96295e-08 246822 0 0 1.36595e-10 0 0 0.0048455 0 0 0 0 0 0 2.21159e+12 2.21159e+12 2.21159e+12 2.21159e+12 
0.057 -2.4454 -5.7454 -3.55222 -5.08601 0.245402 2.71212e+07 2.76558e+14 0.000127351 0.000442996 5.53379e-16 1.96289e-08 246829 0 0 1.36612e-10 0 0 0.0048455 0 0 0 0 0 0 2.2117e+12 2.2117e+12 2.2117e+12 2.2117e+12 
0.0575 -2.43306 -5.73306 -3.53987 -5.07367 0.23306 2.71233e+07 2.76547e+14 0.000127354 0.000443001 5.53434e-16 1.96283e-08 246836 0 0 1.3663e-10 0 0 0.0048455 0 0 0 0 0 0 2.21182e+12 2.21182e+12 2.21182e+12 2.21182e+12 
0.058 -2.42072 -5.72072 -3.52753 -5.06132 0.220718 2.71254e+07 2.76535e+14 0.000127357 0.000443006 5.5349e-16 1.96278e-08 246843 0 0 1.36648e-10 0 0 0.0048455 0 0 0 0 0 0 2.21193e+12 2.21193e+12 2.21193e+12 2.21193e+12 
0.0585 -2.40838 -5.70838 -3.51518 -5.04898 0.208376 2.71275e+07 2.76524e+14 0.00012736 0.000443012 5.53546e-16 1.96272e-08 246850 0 0 1.36665e-10 0 0 0.0048455 0 0 0 0 0 0 2.21204e+12 2.21204e+12 2.21204e+12 2.21204e+12 
0.059 -2.39603 -5.69603 -3.50284 -5.03663 0.196033 2.71296e+07 2.76513e+14 0.000127363 0.000443017 5.53601e-16 1.96266e-08 246858 0 0 1.36683e-10 0 0 0.0048455 0 0 0 0 0 0 2.21215e+12 2.21215e+12 2.21215e+12 2.21215e+12 
0.0595 -2.38369 -5.68369 -3.49049 -5.02429 0.18369 2.71316e+07 2.76501e+14 0.000127366 0.000443022 5.53657e-16 1.96261e-08 246865 0 0 1.36701e-10 0 0 0.0048455 0 0 0 0 0 0 2.21227e+12 2.21227e+12 2.21227e+12 2.21227e+12 
0.06 -2.37135 -5.67135 -3.47815 -5.01194 0.171346 2.71337e+07 2.7649e+14 0.000127369 0.000443028 5.53712e-16 1.96255e-08 246872 0 0 1.36718e-10 0 0 0.0048455 0 0 0 0 0 0 2.21238e+12 2.21238e+12 2.21238e+12 2.21238e+12 
0.0605 -2.359 -5.659 -3.4658 -4.9996 0.159003 2.71358e+07 2.76479e+14 0.000127372 0.000443033 5.53768e-16 1.96249e-08 246879 0 0 1.36736e-10 0 0 0.0048455 0 0 0 0 0 0 2.21249e+12 2.21249e+12 2.21249e+12 2.21249e+12 
0.061 -2.34666 -5.64666 -3.45346 -4.98725 0.146659 2.71379e+07 2.76467e+14 0.000127375 0.000443038 5.53824e-16 1.96244e-08 246886 0 0 1.36754e-10 0 0 0.0048455 0 0 0 0 0 0 2.21261e+12 2.21261e+12 2.21261e+12 2.21261e+12 
0.0615 -2.33431 -5.63431 -3.44111 -4.97491 0.134314 2.714e+07 2.76456e+14 0.000127378 0.000443043 5.53879e-16 1.96238e-08 246893 0 0 1.36772e-10 0 0 0.0048455 0 0 0 0 0 0 2.21272e+12 2.21272e+12 2.21272e+12 2.21272e+12 
0.062 -2.32197 -5.62197 -3.42876 -4.96256 0.121969 2.71421e+07 2.76445e+14 0.000127381 0.000443049 5.53935e-16 1.96232e-08 246900 0 0 1.36789e-10 0 0 0.0048455 0 0 0 0 0 0 2.21283e+12 2.21283e+12 2.21283e+12 2.21283e+12 
0.0625 -2.30962 -5.60962 -3.41642 -4.95022 0.109624 2.71442e+07 2.76433e+14 0.000127384 0.000443054 5.53991e-16 1.96227e-08 246908 0 0 1.36807e-10 0 0 0.0048455 0 0 0 0 0 0 2.21294e+12 2.21294e+12 2.21294e+12 2.21294e+12 
0.063 -2.29728 -5.59728 -3.40407 -4.93787 0.0972785 2.71463e+07 2.76422e+14 0.000127387 0.000443059 5.54046e-16 1.96221e-08 246915 0 0 1.36825e-10 0 0 0.0048455 0 0 0 0 0 0 2.21306e+12 2.21306e+12 2.21306e+12 2.21306e+12 
0.0635 -2.28493 -5.58493 -3.39172 -4.92552 0.0849326 2.71484e+07 2.76411e+14 0.00012739 0.000443065 5.54102e-16 1.96215e-08 246922 0 0 1.36842e-10 0 0 0.0048455 0 0 0 0 0 0 2.21317e+12 2.21317e+12 2.21317e+12 2.21317e+12 
0.064 -2.27259 -5.57259 -3.37937 -4.91317 0.0725863 2.71505e+07 2.764e+14 0.000127393 0.00044307 5.54158e-16 1.96209e-08 246929 0 0 1.3686e-10 0 0 0.0048455 0 0 0 0 0 0 2.21328e+12 2.21328e+12 2.21328e+12 2.21328e+12 
0.0645 -2.26024 -5.56024 -3.36702 -4.90083 0.0602397 2.71526e+07 2.76388e+14 0.000127396 0.000443075 5.54213e-16 1.96204e-08 246936 0 0 1.36878e-10 0 0 0.0048455 0 0 0 0 0 0 2.21339e+12 2.21339e+12 2.21339e+12 2.21339e+12 
0.065 -2.24789 -5.54789 -3.35467 -4.88848 0.0478927 2.71547e+07 2.76377e+14 0.000127399 0.000443081 5.54269e-16 1.96198e-08 246943 0 0 1.36895e-10 0 0 0.0048455 0 0 0 0 0 0 2.2135e+12 2.2135e+12 2.2135e+12 2.2135e+12 
0.0655 -2.23555 -5.53555 -3.34232 -4.87613 0.0355453 2.71568e+07 2.76366e+14 0.000127402 0.000443086 5.54325e-16 1.96192e-08 246950 0 0 1.36913e-10 0 0 0.0048455 0 0 0 0 0 0 2.21362e+12 2.21362e+12 2.21362e+12 2.21362e+12 
0.066 -2.2232 -5.5232 -3.32997 -4.86378 0.0231976 2.71589e+07 2.76354e+14 0.000127405 0.000443091 5.5438e-16 1.96187e-08 246958 0 0 1.36931e-10 0 0 0.0048455 0 0 0 0 0 0 2.21373e+12 2.21373e+12 2.21373e+12 2.21373e+12 
0.0665 -2.21085 -5.51085 -3.31762 -4.85143 0.0108496 2.7161e+07 2.76343e+14 0.000127407 0.000443097 5.54436e-16 1.96181e-08 246965 0 0 1.36949e-10 0 0 0.0048455 0 0 0 0 0 0 2.21384e+12 2.21384e+12 2.21384e+12 2.21384e+12 
0.067 -2.1985 -5.4985 -3.30527 -4.83908 -0.00149882 2.71631e+07 2.76332e+14 0.00012741 0.000443102 5.54491e-16 1.96175e-08 246972 0 0 1.36966e-10 0 0 0.0048455 0 0 0 0 0 0 2.21395e+12 2.21395e+12 2.21395e+12 2.21395e+12 
0.0675 -2.18615 -5.48615 -3.29292 -4.82673 -0.0138476 2.71652e+07 2.7632e+14 0.000127413 0.000443107 5.54547e-16 1.9617e-08 246979 0 0 1.36984e-10 0 0 0.0048455 0 0 0 0 0 0 2.21407e+12 2.21407e+12 2.21407e+12 2.21407e+12 
0.068 -2.1738 -5.4738 -3.28057 -4.81438 -0.0261967 2.71673e+07 2.76309e+14 0.000127416 0.000443112 5.54603e-16 1.96164e-08 246986 0 0 1.37002e-10 0 0 0.0048455 0 0 0 0 0 0 2.21418e+12 2.21418e+12 2.21418e+12 2.21418e+12 
0.0685 -2.16145 -5.46145 -3.26822 -4.80203 -0.0385462 2.71694e+07 2.76298e+14 0.000127419 0.000443118 5.54658e-16 1.96158e-08 246993 0 0 1.37019e-10 0 0 0.0048455 0 0 0 0 0 0 2.21429e+12 2.21429e+12 2.21429e+12 2.21429e+12 
0.069 -2.1491 -5.4491 -3.25587 -4.78968 -0.050896 2.71715e+07 2.76287e+14 0.000127422 0.000443123 5.54714e-16 1.96153e-08 247000 0 0 1.37037e-10 0 0 0.0048455 0 0 0 0 0 0 2.2144e+12 2.2144e+12 2.2144e+12 2.2144e+12 
0.0695 -2.13675 -5.43675 -3.24352 -4.77733 -0.0632462 2.71736e+07 2.76275e+14 0.000127425 0.000443128 5.5477e-16 1.96147e-08 247008 0 0 1.37055e-10 0 0 0.0048455 0 0 0 0 0 0 2.21452e+12 2.21452e+12 2.21452e+12 2.21452e+12 
0.07 -2.1244 -5.4244 -3.23116 -4.76497 -0.0755968 2.71757e+07 2.76264e+14 0.000127428 0.000443134 5.54825e-16 1.96141e-08 247015 0 0 1.37073e-10 0 0 0.0048455 0 0 0 0 0 0 2.21463e+12 2.21463e+12 2.21463e+12 2.21463e+12 
0.0705 -2.11205 -5.41205 -3.21881 -4.75262 -0.0879477 2.71778e+07 2.76253e+14 0.000127431 0.000443139 5.54881e-16 1.96136e-08 247022 0 0 1.3709e-10 0 0 0.0048455 0 0 0 0 0 0 2.21474e+12 2.21474e+12 2.21474e+12 2.21474e+12 
0.071 -2.0997 -5.3997 -3.20646 -4.74027 -0.100299 2.71799e+07 2.76241e+14 0.000127434 0.000443144 5.54937e-16 1.9613e-08 247029 0 0 1.37108e-10 0 0 0.0048455 0 0 0 0 0 0 2.21485e+12 2.21485e+12 2.21485e+12 2.21485e+12 
0.0715 -2.08735 -5.38735 -3.1941 -4.72792 -0.112651 2.7182e+07 2.7623e+14 0.000127437 0.00044315 5.54992e-16 1.96124e-08 247036 0 0 1.37126e-10 0 0 0.0048455 0 0 0 0 0 0 2.21497e+12 2.21497e+12 2.21497e+12 2.21497e+12 
0.072 -2.075 -5.375 -3.18175 -4.71556 -0.125003 2.71841e+07 2.76219e+14 0.00012744 0.000443155 5.55048e-16 1.96119e-08 247043 0 0 1.37143e-10 0 0 0.0048455 0 0 0 0 0 0 2.21508e+12 2.21508e+12 2.21508e+12 2.21508e+12 
0.0725 -2.06265 -5.36265 -3.1694 -4.70321 -0.137355 2.71862e+07 2.76207e+14 0.000127443 0.00044316 5.55104e-16 1.96113e-08 247050 0 0 1.37161e-10 0 0 0.0048455 0 0 0 0 0 0 2.21519e+12 2.21519e+12 2.21519e+12 2.21519e+12 
0.073 -2.05029 -5.35029 -3.15704 -4.69086 -0.149708 2.71883e+07 2.76196e+14 0.000127446 0.000443166 5.55159e-16 1.96107e-08 247058 0 0 1.37179e-10 0 0 0.0048455 0 0 0 0 0 0 2.2153e+12 2.2153e+12 2.2153e+12 2.2153e+12 
0.0735 -2.03794 -5.33794 -3.14469 -4.6785 -0.162061 2.71904e+07 2.76185e+14 0.000127449 0.000443171 5.55215e-16 1.96102e-08 247065 0 0 1.37196e-10 0 0 0.0048455 0 0 0 0 0 0 2.21542e+12 2.21542e+12 2.21542e+12 2.21542e+12 
0.074 -2.02559 -5.32559 -3.13233 -4.66615 -0.174414 2.71925e+07 2.76174e+14 0.000127452 0.000443176 5.55271e-16 1.96096e-08 247072 0 0 1.37214e-10 0 0 0.0048455 0 0 0 0 0 0 2.21553e+12 2.21553e+12 2.21553e+12 2.21553e+12 
0.0745 -2.01323 -5.31323 -3.11997 -4.65379 -0.186768 2.71946e+07 2.76162e+14 0.000127455 0.000443181 5.55326e-16 1.9609e-08 247079 0 0 1.37232e-10 0 0 0.0048455 0 0 0 0 0 0 2.21564e+12 2.21564e+12 2.21564e+12 2.21564e+12 
0.075 -2.00088 -5.30088 -3.10762 -4.64144 -0.199122 2.71966e+07 2.76151e+14 0.000127458 0.000443187 5.55382e-16 1.96085e-08 247086 0 0 1.3725e-10 0 0 0.0048455 0 0 0 0 0 0 2.21575e+12 2.21575e+12 2.21575e+12 2.21575e+12 
0.0755 -1.98852 -5.28852 -3.09526 -4.62908 -0.211476 2.71987e+07 2.7614e+14 0.000127461 0.000443192 5.55438e-16 1.96079e-08 247093 0 0 1.37267e-10 0 0 0.0048455 0 0 0 0 0 0 2.21586e+12 2.21586e+12 2.21586e+12 2.21586e+12 
0.076 -1.97617 -5.27617 -3.08291 -4.61672 -0.223831 2.72008e+07 2.76128e+14 0.000127464 0.000443197 5.55493e-16 1.96073e-08 247100 0 0 1.37285e-10 0 0 0.0048455 0 0 0 0 0 0 2.21598e+12 2.21598e+12 2.21598e+12 2.21598e+12 
0.0765 -1.96381 -5.26381 -3.07055 -4.60437 -0.236187 2.72029e+07 2.76117e+14 0.000127467 0.000443203 5.55549e-16 1.96068e-08 247108 0 0 1.37303e-10 0 0 0.0048455 0 0 0 0 0 0 2.21609e+12 2.21609e+12 2.21609e+12 2.21609e+12 
0.077 -1.95146 -5.25146 -3.05819 -4.59201 -0.248542 2.7205e+07 2.76106e+14 0.000127469 0.000443208 5.55605e-16 1.96062e-08 247115 0 0 1.37321e-10 0 0 0.0048455 0 0 0 0 0 0 2.2162e+12 2.2162e+12 2.2162e+12 2.2162e+12 
0.0775 -1.9391 -5.2391 -3.04583 -4.57965 -0.260898 2.72071e+07 2.76095e+14 0.000127472 0.000443213 5.5566e-16 1.96056e-08 247122 0 0 1.37338e-10 0 0 0.0048455 0 0 0 0 0 0 2.21631e+12 2.21631e+12 2.21631e+12 2.21631e+12 
0.078 -1.92675 -5.22675 -3.03347 -4.5673 -0.273254 2.72092e+07 2.76083e+14 0.000127475 0.000443219 5.55716e-16 1.96051e-08 247129 0 0 1.37356e-10 0 0 0.0048455 0 0 0 0 0 0 2.21643e+12 2.21643e+12 2.21643e+12 2.21643e+12 
0.0785 -1.91439 -5.21439 -3.02112 -4.55494 -0.285611 2.72113e+07 2.76072e+14 0.000127478 0.000443224 5.55772e-16 1.96045e-08 247136 0 0 1.37374e-10 0 0 0.0048455 0 0 0 0 0 0 2.21654e+12 2.21654e+12 2.21654e+12 2.21654e+12 
0.079 -1.90203 -5.20203 -3.00876 -4.54258 -0.297968 2.72134e+07 2.76061e+14 0.000127481 0.000443229 5.55827e-16 1.96039e-08 247143 0 0 1.37391e-10 0 0 0.0048455 0 0 0 0 0 0 2.21665e+12 2.21665e+12 2.21665e+12 2.21665e+12 
0.0795 -1.88967 -5.18967 -2.9964 -4.53022 -0.310325 2.72155e+07 2.7605e+14 0.000127484 0.000443235 5.55883e-16 1.96034e-08 247150 0 0 1.37409e-10 0 0 0.0048455 0 0 0 0 0 0 2.21676e+12 2.21676e+12 2.21676e+12 2.21676e+12 
0.08 -1.87732 -5.17732 -2.98404 -4.51786 -0.322683 2.72176e+07 2.76038e+14 0.000127487 0.00044324 5.55939e-16 1.96028e-08 247157 0 0 1.37427e-10 0 0 0.0048455 0 0 0 0 0 0 2.21688e+12 2.21688e+12 2.21688e+12 2.21688e+12 
0.0805 -1.86496 -5.16496 -2.97168 -4.5055 -0.335041 2.72197e+07 2.76027e+14 0.00012749 0.000443245 5.55994e-16 1.96022e-08 247165 0 0 1.37445e-10 0 0 0.0048455 0 0 0 0 0 0 2.21699e+12 2.21699e+12 2.21699e+12 2.21699e+12 
0.081 -1.8526 -5.1526 -2.95932 -4.49314 -0.347399 2.72218e+07 2.76016e+14 0.000127493 0.00044325 5.5605e-16 1.96017e-08 247172 0 0 1.37462e-10 0 0 0.0048455 0 0 0 0 0 0 2.2171e+12 2.2171e+12 2.2171e+12 2.2171e+12 
0.0815 -1.84024 -5.14024 -2.94696 -4.48078 -0.359758 2.72239e+07 2.76004e+14 0.000127496 0.000443256 5.56106e-16 1.96011e-08 247179 0 0 1.3748e-10 0 0 0.0048455 0 0 0 0 0 0 2.21721e+12 2.21721e+12 2.21721e+12 2.21721e+12 
0.082 -1.82788 -5.12788 -2.9346 -4.46842 -0.372117 2.7226e+07 2.75993e+14 0.000127499 0.000443261 5.56162e-16 1.96006e-08 247186 0 0 1.37498e-10 0 0 0.0048455 0 0 0 0 0 0 2.21732e+12 2.21732e+12 2.21732e+12 2.21732e+12 
0.0825 -1.81552 -5.11552 -2.92223 -4.45606 -0.384477 2.72281e+07 2.75982e+14 0.000127502 0.000443266 5.56217e-16 1.96e-08 247193 0 0 1.37516e-10 0 0 0.0048455 0 0 0 0 0 0 2.21744e+12 2.21744e+12 2.21744e+12 2.21744e+12 
0.083 -1.80316 -5.10316 -2.90987 -4.4437 -0.396837 2.72302e+07 2.75971e+14 0.000127505 0.000443272 5.56273e-16 1.95994e-08 247200 0 0 1.37533e-10 0 0 0.0048455 0 0 0 0 0 0 2.21755e+12 2.21755e+12 2.21755e+12 2.21755e+12 
0.0835 -1.7908 -5.0908 -2.89751 -4.43134 -0.409197 2.72323e+07 2.75959e+14 0.000127508 0.000443277 5.56329e-16 1.95989e-08 247207 0 0 1.37551e-10 0 0 0.0048455 0 0 0 0 0 0 2.21766e+12 2.21766e+12 2.21766e+12 2.21766e+12 
0.084 -1.77844 -5.07844 -2.88515 -4.41898 -0.421557 2.72344e+07 2.75948e+14 0.000127511 0.000443282 5.56384e-16 1.95983e-08 247215 0 0 1.37569e-10 0 0 0.0048455 0 0 0 0 0 0 2.21777e+12 2.21777e+12 2.21777e+12 2.21777e+12 
0.0845 -1.76608 -5.06608 -2.87278 -4.40661 -0.433918 2.72365e+07 2.75937e+14 0.000127514 0.000443288 5.5644e-16 1.95977e-08 247222 0 0 1.37586e-10 0 0 0.0048455 0 0 0 0 0 0 2.21789e+12 2.21789e+12 2.21789e+12 2.21789e+12 
0.085 -1.75372 -5.05372 -2.86042 -4.39425 -0.446279 2.72386e+07 2.75926e+14 0.000127517 0.000443293 5.56496e-16 1.95972e-08 247229 0 0 1.37604e-10 0 0 0.0048455 0 0 0 0 0 0 2.218e+12 2.218e+12 2.218e+12 2.218e+12 
0.0855 -1.74136 -5.04136 -2.84806 -4.38189 -0.458641 2.72407e+07 2.75914e+14 0.00012752 0.000443298 5.56551e-16 1.95966e-08 247236 0 0 1.37622e-10 0 0 0.0048455 0 0 0 0 0 0 2.21811e+12 2.21811e+12 2.21811e+12 2.21811e+12 
0.086 -1.729 -5.029 -2.83569 -4.36953 -0.471003 2.72428e+07 2.75903e+14 0.000127523 0.000443304 5.56607e-16 1.9596e-08 247243 0 0 1.3764e-10 0 0 0.0048455 0 0 0 0 0 0 2.21822e+12 2.21822e+12 2.21822e+12 2.21822e+12 
0.0865 -1.71663 -5.01663 -2.82333 -4.35716 -0.483365 2.72448e+07 2.75892e+14 0.000127526 0.000443309 5.56663e-16 1.95955e-08 247250 0 0 1.37657e-10 0 0 0.0048455 0 0 0 0 0 0 2.21833e+12 2.21833e+12 2.21833e+12 2.21833e+12 
0.087 -1.70427 -5.00427 -2.81096 -4.3448 -0.495728 2.72469e+07 2.75881e+14 0.000127529 0.000443314 5.56718e-16 1.95949e-08 247257 0 0 1.37675e-10 0 0 0.0048455 0 0 0 0 0 0 2.21845e+12 2.21845e+12 2.21845e+12 2.21845e+12 
0.0875 -1.69191 -4.99191 -2.7986 -4.33243 -0.508091 2.7249e+07 2.75869e+14 0.000127532 0.000443319 5.56774e-16 1.95943e-08 247264 0 0 1.37693e-10 0 0 0.0048455 0 0 0 0 0 0 2.21856e+12 2.21856e+12 2.21856e+12 2.21856e+12 
0.088 -1.67955 -4.97955 -2.78623 -4.32007 -0.520455 2.72511e+07 2.75858e+14 0.000127534 0.000443325 5.5683e-16 1.95938e-08 247272 0 0 1.37711e-10 0 0 0.0048455 0 0 0 0 0 0 2.21867e+12 2.21867e+12 2.21867e+12 2.21867e+12 
0.0885 -1.66718 -4.96718 -2.77387 -4.3077 -0.532818 2.72532e+07 2.75847e+14 0.000127537 0.00044333 5.56886e-16 1.95932e-08 247279 0 0 1.37728e-10 0 0 0.0048455 0 0 0 0 0 0 2.21878e+12 2.21878e+12 2.21878e+12 2.21878e+12 
0.089 -1.65482 -4.95482 -2.7615 -4.29534 -0.545182 2.72553e+07 2.75835e+14 0.00012754 0.000443335 5.56941e-16 1.95926e-08 247286 0 0 1.37746e-10 0 0 0.0048455 0 0 0 0 0 0 2.21889e+12 2.21889e+12 2.21889e+12 2.21889e+12 
0.0895 -1.64245 -4.94245 -2.74914 -4.28297 -0.557547 2.72574e+07 2.75824e+14 0.000127543 0.000443341 5.56997e-16 1.95921e-08 247293 0 0 1.37764e-10 0 0 0.0048455 0 0 0 0 0 0 2.21901e+12 2.21901e+12 2.21901e+12 2.21901e+12 
0.09 -1.63009 -4.93009 -2.73677 -4.27061 -0.569912 2.72595e+07 2.75813e+14 0.000127546 0.000443346 5.57053e-16 1.95915e-08 247300 0 0 1.37782e-10 0 0 0.0048455 0 0 0 0 0 0 2.21912e+12 2.21912e+12 2.21912e+12 2.21912e+12 
0.0905 -1.61772 -4.91772 -2.7244 -4.25824 -0.582277 2.72616e+07 2.75802e+14 0.000127549 0.000443351 5.57108e-16 1.95909e-08 247307 0 0 1.37799e-10 0 0 0.0048455 0 0 0 0 0 0 2.21923e+12 2.21923e+12 2.21923e+12 2.21923e+12 
0.091 -1.60536 -4.90536 -2.71203 -4.24587 -0.594642 2.72637e+07 2.7579e+14 0.000127552 0.000443357 5.57164e-16 1.95904e-08 247314 0 0 1.37817e-10 0 0 0.0048455 0 0 0 0 0 0 2.21934e+12 2.21934e+12 2.21934e+12 2.21934e+12 
0.0915 -1.59299 -4.89299 -2.69967 -4.23351 -0.607008 2.72658e+07 2.75779e+14 0.000127555 0.000443362 5.5722e-16 1.95898e-08 247322 0 0 1.37835e-10 0 0 0.0048455 0 0 0 0 0 0 2.21945e+12 2.21945e+12 2.21945e+12 2.21945e+12 
0.092 -1.58063 -4.88063 -2.6873 -4.22114 -0.619375 2.72679e+07 2.75768e+14 0.000127558 0.000443367 5.57275e-16 1.95893e-08 247329 0 0 1.37853e-10 0 0 0.0048455 0 0 0 0 0 0 2.21957e+12 2.21957e+12 2.21957e+12 2.21957e+12 
0.0925 -1.56826 -4.86826 -2.67493 -4.20877 -0.631741 2.727e+07 2.75757e+14 0.000127561 0.000443373 5.57331e-16 1.95887e-08 247336 0 0 1.3787e-10 0 0 0.0048455 0 0 0 0 0 0 2.21968e+12 2.21968e+12 2.21968e+12 2.21968e+12 
0.093 -1.55589 -4.85589 -2.66256 -4.1964 -0.644108 2.72721e+07 2.75745e+14 0.000127564 0.000443378 5.57387e-16 1.95881e-08 247343 0 0 1.37888e-10 0 0 0.0048455 0 0 0 0 0 0 2.21979e+12 2.21979e+12 2.21979e+12 2.21979e+12 
0.0935 -1.54352 -4.84352 -2.65019 -4.18403 -0.656475 2.72742e+07 2.75734e+14 0.000127567 0.000443383 5.57443e-16 1.95876e-08 247350 0 0 1.37906e-10 0 0 0.0048455 0 0 0 0 0 0 2.2199e+12 2.2199e+12 2.2199e+12 2.2199e+12 
0.094 -1.53116 -4.83116 -2.63782 -4.17166 -0.668843 2.72763e+07 2.75723e+14 0.00012757 0.000443389 5.57498e-16 1.9587e-08 247357 0 0 1.37924e-10 0 0 0.0048455 0 0 0 0 0 0 2.22002e+12 2.22002e+12 2.22002e+12 2.22002e+12 
0.0945 -1.51879 -4.81879 -2.62545 -4.1593 -0.681211 2.72784e+07 2.75712e+14 0.000127573 0.000443394 5.57554e-16 1.95864e-08 247364 0 0 1.37941e-10 0 0 0.0048455 0 0 0 0 0 0 2.22013e+12 2.22013e+12 2.22013e+12 2.22013e+12 
0.095 -1.50642 -4.80642 -2.61308 -4.14693 -0.69358 2.72805e+07 2.757e+14 0.000127576 0.000443399 5.5761e-16 1.95859e-08 247371 0 0 1.37959e-10 0 0 0.0048455 0 0 0 0 0 0 2.22024e+12 2.22024e+12 2.22024e+12 2.22024e+12 
0.0955 -1.49405 -4.79405 -2.60071 -4.13456 -0.705948 2.72825e+07 2.75689e+14 0.000127579 0.000443404 5.57665e-16 1.95853e-08 247379 0 0 1.37977e-10 0 0 0.0048455 0 0 0 0 0 0 2.22035e+12 2.22035e+12 2.22035e+12 2.22035e+12 
0.096 -1.48168 -4.78168 -2.58834 -4.12219 -0.718317 2.72846e+07 2.75678e+14 0.000127582 0.00044341 5.57721e-16 1.95847e-08 247386 0 0 1.37995e-10 0 0 0.0048455 0 0 0 0 0 0 2.22046e+12 2.22046e+12 2.22046e+12 2.22046e+12 
0.0965 -1.46931 -4.76931 -2.57597 -4.10981 -0.730687 2.72867e+07 2.75667e+14 0.000127585 0.000443415 5.57777e-16 1.95842e-08 247393 0 0 1.38012e-10 0 0 0.0048455 0 0 0 0 0 0 2.22058e+12 2.22058e+12 2.22058e+12 2.22058e+12 
0.097 -1.45694 -4.75694 -2.5636 -4.09744 -0.743057 2.72888e+07 2.75656e+14 0.000127588 0.00044342 5.57833e-16 1.95836e-08 247400 0 0 1.3803e-10 0 0 0.0048455 0 0 0 0 0 0 2.22069e+12 2.22069e+12 2.22069e+12 2.22069e+12 
0.0975 -1.44457 -4.74457 -2.55122 -4.08507 -0.755427 2.72909e+07 2.75644e+14 0.000127591 0.000443426 5.57888e-16 1.9583e-08 247407 0 0 1.38048e-10 0 0 0.0048455 0 0 0 0 0 0 2.2208e+12 2.2208e+12 2.2208e+12 2.2208e+12 
0.098 -1.4322 -4.7322 -2.53885 -4.0727 -0.767797 2.7293e+07 2.75633e+14 0.000127594 0.000443431 5.57944e-16 1.95825e-08 247414 0 0 1.38066e-10 0 0 0.0048455 0 0 0 0 0 0 2.22091e+12 2.22091e+12 2.22091e+12 2.22091e+12 
0.0985 -1.41983 -4.71983 -2.52648 -4.06033 -0.780168 2.72951e+07 2.75622e+14 0.000127596 0.000443436 5.58e-16 1.95819e-08 247421 0 0 1.38083e-10 0 0 0.0048455 0 0 0 0 0 0 2.22102e+12 2.22102e+12 2.22102e+12 2.22102e+12 
0.099 -1.40746 -4.70746 -2.5141 -4.04796 -0.79254 2.72972e+07 2.75611e+14 0.000127599 0.000443442 5.58055e-16 1.95814e-08 247428 0 0 1.38101e-10 0 0 0.0048455 0 0 0 0 0 0 2.22114e+12 2.22114e+12 2.22114e+12 2.22114e+12 
0.0995 -1.39509 -4.69509 -2.50173 -4.03558 -0.804911 2.72993e+07 2.75599e+14 0.000127602 0.000443447 5.58111e-16 1.95808e-08 247436 0 0 1.38119e-10 0 0 0.0048455 0 0 0 0 0 0 2.22125e+12 2.22125e+12 2.22125e+12 2.22125e+12 
0.1 -1.38272 -4.68272 -2.48936 -4.02321 -0.817283 2.73014e+07 2.75588e+14 0.000127605 0.000443452 5.58167e-16 1.95802e-08 247443 0 0 1.38137e-10 0 0 0.0048455 0 0 0 0 0 0 2.22136e+12 2.22136e+12 2.22136e+12 2.22136e+12 
0.1005 -1.37034 -4.67034 -2.47698 -4.01084 -0.829655 2.73035e+07 2.75577e+14 0.000127608 0.000443458 5.58223e-16 1.95797e-08 247450 0 0 1.38155e-10 0 0 0.0048455 0 0 0 0 0 0 2.22147e+12 2.22147e+12 2.22147e+12 2.22147e+12 
0.101 -1.35797 -4.65797 -2.46461 -3.99846 -0.842028 2.73056e+07 2.75566e+14 0.000127611 0.000443463 5.58278e-16 1.95791e-08 247457 0 0 1.38172e-10 0 0 0.0048455 0 0 0 0 0 0 2.22158e+12 2.22158e+12 2.22158e+12 2.22158e+12 
0.1015 -1.3456 -4.6456 -2.45223 -3.98609 -0.854401 2.73077e+07 2.75554e+14 0.000127614 0.000443468 5.58334e-16 1.95785e-08 247464 0 0 1.3819e-10 0 0 0.0048455 0 0 0 0 0 0 2.22169e+12 2.22169e+12 2.22169e+12 2.22169e+12 
0.102 -1.33323 -4.63323 -2.43986 -3.97371 -0.866774 2.73098e+07 2.75543e+14 0.000127617 0.000443474 5.5839e-16 1.9578e-08 247471 0 0 1.38208e-10 0 0 0.0048455 0 0 0 0 0 0 2.22181e+12 2.22181e+12 2.22181e+12 2.22181e+12 
0.1025 -1.32085 -4.62085 -2.42748 -3.96134 -0.879148 2.73119e+07 2.75532e+14 0.00012762 0.000443479 5.58446e-16 1.95774e-08 247478 0 0 1.38226e-10 0 0 0.0048455 0 0 0 0 0 0 2.22192e+12 2.22192e+12 2.22192e+12 2.22192e+12 
0.103 -1.30848 -4.60848 -2.41511 -3.94896 -0.891522 2.7314e+07 2.75521e+14 0.000127623 0.000443484 5.58501e-16 1.95768e-08 247485 0 0 1.38243e-10 0 0 0.0048455 0 0 0 0 0 0 2.22203e+12 2.22203e+12 2.22203e+12 2.22203e+12 
0.1035 -1.2961 -4.5961 -2.40273 -3.93659 -0.903897 2.7316e+07 2.75509e+14 0.000127626 0.00044349 5.58557e-16 1.95763e-08 247493 0 0 1.38261e-10 0 0 0.0048455 0 0 0 0 0 0 2.22214e+12 2.22214e+12 2.22214e+12 2.22214e+12 
0.104 -1.28373 -4.58373 -2.39035 -3.92421 -0.916272 2.73181e+07 2.75498e+14 0.000127629 0.000443495 5.58613e-16 1.95757e-08 247500 0 0 1.38279e-10 0 0 0.0048455 0 0 0 0 0 0 2.22225e+12 2.22225e+12 2.22225e+12 2.22225e+12 
0.1045 -1.27135 -4.57135 -2.37798 -3.91183 -0.928647 2.73202e+07 2.75487e+14 0.000127632 0.0004435 5.58668e-16 1.95752e-08 247507 0 0 1.38297e-10 0 0 0.0048455 0 0 0 0 0 0 2.22237e+12 2.22237e+12 2.22237e+12 2.22237e+12 
0.105 -1.25898 -4.55898 -2.3656 -3.89946 -0.941022 2.73223e+07 2.75476e+14 0.000127635 0.000443505 5.58724e-16 1.95746e-08 247514 0 0 1.38314e-10 0 0 0.0048455 0 0 0 0 0 0 2.22248e+12 2.22248e+12 2.22248e+12 2.22248e+12 
0.1055 -1.2466 -4.5466 -2.35322 -3.88708 -0.953398 2.73244e+07 2.75465e+14 0.000127638 0.000443511 5.5878e-16 1.9574e-08 247521 0 0 1.38332e-10 0 0 0.0048455 0 0 0 0 0 0 2.22259e+12 2.22259e+12 2.22259e+12 2.22259e+12 
0.106 -1.23423 -4.53423 -2.34084 -3.8747 -0.965774 2.73265e+07 2.75453e+14 0.000127641 0.000443516 5.58836e-16 1.95735e-08 247528 0 0 1.3835e-10 0 0 0.0048455 0 0 0 0 0 0 2.2227e+12 2.2227e+12 2.2227e+12 2.2227e+12 
0.1065 -1.22185 -4.52185 -2.32846 -3.86232 -0.978151 2.73286e+07 2.75442e+14 0.000127644 0.000443521 5.58891e-16 1.95729e-08 247535 0 0 1.38368e-10 0 0 0.0048455 0 0 0 0 0 0 2.22281e+12 2.22281e+12 2.22281e+12 2.22281e+12 
0.107 -1.20947 -4.50947 -2.31608 -3.84995 -0.990528 2.73307e+07 2.75431e+14 0.000127647 0.000443527 5.58947e-16 1.95723e-08 247542 0 0 1.38386e-10 0 0 0.0048455 0 0 0 0 0 0 2.22293e+12 2.22293e+12 2.22293e+12 2.22293e+12 
0.1075 -1.19709 -4.49709 -2.3037 -3.83757 -1.00291 2.73328e+07 2.7542e+14 0.00012765 0.000443532 5.59003e-16 1.95718e-08 247549 0 0 1.38403e-10 0 0 0.0048455 0 0 0 0 0 0 2.22304e+12 2.22304e+12 2.22304e+12 2.22304e+12 
0.108 -1.18472 -4.48472 -2.29132 -3.82519 -1.01528 2.73349e+07 2.75408e+14 0.000127653 0.000443537 5.59059e-16 1.95712e-08 247557 0 0 1.38421e-10 0 0 0.0048455 0 0 0 0 0 0 2.22315e+12 2.22315e+12 2.22315e+12 2.22315e+12 
0.1085 -1.17234 -4.47234 -2.27894 -3.81281 -1.02766 2.7337e+07 2.75397e+14 0.000127656 0.000443543 5.59114e-16 1.95707e-08 247564 0 0 1.38439e-10 0 0 0.0048455 0 0 0 0 0 0 2.22326e+12 2.22326e+12 2.22326e+12 2.22326e+12 
0.109 -1.15996 -4.45996 -2.26656 -3.80043 -1.04004 2.73391e+07 2.75386e+14 0.000127659 0.000443548 5.5917e-16 1.95701e-08 247571 0 0 1.38457e-10 0 0 0.0048455 0 0 0 0 0 0 2.22337e+12 2.22337e+12 2.22337e+12 2.22337e+12 
0.1095 -1.14758 -4.44758 -2.25418 -3.78805 -1.05242 2.73412e+07 2.75375e+14 0.000127661 0.000443553 5.59226e-16 1.95695e-08 247578 0 0 1.38474e-10 0 0 0.0048455 0 0 0 0 0 0 2.22348e+12 2.22348e+12 2.22348e+12 2.22348e+12 
0.11 -1.1352 -4.4352 -2.2418 -3.77567 -1.0648 2.73433e+07 2.75364e+14 0.000127664 0.000443559 5.59282e-16 1.9569e-08 247585 0 0 1.38492e-10 0 0 0.0048455 0 0 0 0 0 0 2.2236e+12 2.2236e+12 2.2236e+12 2.2236e+12 
0.1105 -1.12282 -4.42282 -2.22942 -3.76329 -1.07718 2.73453e+07 2.75352e+14 0.000127667 0.000443564 5.59337e-16 1.95684e-08 247592 0 0 1.3851e-10 0 0 0.0048455 0 0 0 0 0 0 2.22371e+12 2.22371e+12 2.22371e+12 2.22371e+12 
0.111 -1.11044 -4.41044 -2.21704 -3.75091 -1.08956 2.73474e+07 2.75341e+14 0.00012767 0.000443569 5.59393e-16 1.95678e-08 247599 0 0 1.38528e-10 0 0 0.0048455 0 0 0 0 0 0 2.22382e+12 2.22382e+12 2.22382e+12 2.22382e+12 
0.1115 -1.09806 -4.39806 -2.20466 -3.73853 -1.10194 2.73495e+07 2.7533e+14 0.000127673 0.000443575 5.59449e-16 1.95673e-08 247606 0 0 1.38546e-10 0 0 0.0048455 0 0 0 0 0 0 2.22393e+12 2.22393e+12 2.22393e+12 2.22393e+12 
0.112 -1.08568 -4.38568 -2.19227 -3.72614 -1.11432 2.73516e+07 2.75319e+14 0.000127676 0.00044358 5.59505e-16 1.95667e-08 247614 0 0 1.38563e-10 0 0 0.0048455 0 0 0 0 0 0 2.22404e+12 2.22404e+12 2.22404e+12 2.22404e+12 
0.1125 -1.0733 -4.3733 -2.17989 -3.71376 -1.1267 2.73537e+07 2.75307e+14 0.000127679 0.000443585 5.5956e-16 1.95662e-08 247621 0 0 1.38581e-10 0 0 0.0048455 0 0 0 0 0 0 2.22416e+12 2.22416e+12 2.22416e+12 2.22416e+12 
0.113 -1.06092 -4.36092 -2.16751 -3.70138 -1.13908 2.73558e+07 2.75296e+14 0.000127682 0.000443591 5.59616e-16 1.95656e-08 247628 0 0 1.38599e-10 0 0 0.0048455 0 0 0 0 0 0 2.22427e+12 2.22427e+12 2.22427e+12 2.22427e+12 
0.1135 -1.04854 -4.34854 -2.15513 -3.689 -1.15146 2.73579e+07 2.75285e+14 0.000127685 0.000443596 5.59672e-16 1.9565e-08 247635 0 0 1.38617e-10 0 0 0.0048455 0 0 0 0 0 0 2.22438e+12 2.22438e+12 2.22438e+12 2.22438e+12 
0.114 -1.03616 -4.33616 -2.14274 -3.67661 -1.16384 2.736e+07 2.75274e+14 0.000127688 0.000443601 5.59728e-16 1.95645e-08 247642 0 0 1.38635e-10 0 0 0.0048455 0 0 0 0 0 0 2.22449e+12 2.22449e+12 2.22449e+12 2.22449e+12 
0.1145 -1.02378 -4.32378 -2.13036 -3.66423 -1.17622 2.73621e+07 2.75263e+14 0.000127691 0.000443607 5.59783e-16 1.95639e-08 247649 0 0 1.38652e-10 0 0 0.0048455 0 0 0 0 0 0 2.2246e+12 2.2246e+12 2.2246e+12 2.2246e+12 
0.115 -1.01139 -4.31139 -2.11797 -3.65184 -1.18861 2.73642e+07 2.75251e+14 0.000127694 0.000443612 5.59839e-16 1.95633e-08 247656 0 0 1.3867e-10 0 0 0.0048455 0 0 0 0 0 0 2.22471e+12 2.22471e+12 2.22471e+12 2.22471e+12 
0.1155 -0.99901 -4.29901 -2.10559 -3.63946 -1.20099 2.73663e+07 2.7524e+14 0.000127697 0.000443617 5.59895e-16 1.95628e-08 247663 0 0 1.38688e-10 0 0 0.0048455 0 0 0 0 0 0 2.22483e+12 2.22483e+12 2.22483e+12 2.22483e+12 
0.116 -0.986626 -4.28663 -2.0932 -3.62708 -1.21337 2.73684e+07 2.75229e+14 0.0001277 0.000443622 5.59951e-16 1.95622e-08 247670 0 0 1.38706e-10 0 0 0.0048455 0 0 0 0 0 0 2.22494e+12 2.22494e+12 2.22494e+12 2.22494e+12 
0.1165 -0.974243 -4.27424 -2.08082 -3.61469 -1.22576 2.73705e+07 2.75218e+14 0.000127703 0.000443628 5.60006e-16 1.95617e-08 247678 0 0 1.38723e-10 0 0 0.0048455 0 0 0 0 0 0 2.22505e+12 2.22505e+12 2.22505e+12 2.22505e+12 
0.117 -0.961859 -4.26186 -2.06843 -3.60231 -1.23814 2.73726e+07 2.75207e+14 0.000127706 0.000443633 5.60062e-16 1.95611e-08 247685 0 0 1.38741e-10 0 0 0.0048455 0 0 0 0 0 0 2.22516e+12 2.22516e+12 2.22516e+12 2.22516e+12 
0.1175 -0.949474 -4.24947 -2.05604 -3.58992 -1.25053 2.73746e+07 2.75195e+14 0.000127709 0.000443638 5.60118e-16 1.95605e-08 247692 0 0 1.38759e-10 0 0 0.0048455 0 0 0 0 0 0 2.22527e+12 2.22527e+12 2.22527e+12 2.22527e+12 
0.118 -0.937089 -4.23709 -2.04366 -3.57753 -1.26291 2.73767e+07 2.75184e+14 0.000127712 0.000443644 5.60174e-16 1.956e-08 247699 0 0 1.38777e-10 0 0 0.0048455 0 0 0 0 0 0 2.22538e+12 2.22538e+12 2.22538e+12 2.22538e+12 
0.1185 -0.924704 -4.2247 -2.03127 -3.56515 -1.2753 2.73788e+07 2.75173e+14 0.000127715 0.000443649 5.60229e-16 1.95594e-08 247706 0 0 1.38795e-10 0 0 0.0048455 0 0 0 0 0 0 2.2255e+12 2.2255e+12 2.2255e+12 2.2255e+12 
0.119 -0.912319 -4.21232 -2.01888 -3.55276 -1.28768 2.73809e+07 2.75162e+14 0.000127718 0.000443654 5.60285e-16 1.95589e-08 247713 0 0 1.38812e-10 0 0 0.0048455 0 0 0 0 0 0 2.22561e+12 2.22561e+12 2.22561e+12 2.22561e+12 
0.1195 -0.899933 -4.19993 -2.00649 -3.54037 -1.30007 2.7383e+07 2.75151e+14 0.000127721 0.00044366 5.60341e-16 1.95583e-08 247720 0 0 1.3883e-10 0 0 0.0048455 0 0 0 0 0 0 2.22572e+12 2.22572e+12 2.22572e+12 2.22572e+12 
0.12 -0.887547 -4.18755 -1.99411 -3.52799 -1.31245 2.73851e+07 2.75139e+14 0.000127723 0.000443665 5.60397e-16 1.95577e-08 247727 0 0 1.38848e-10 0 0 0.0048455 0 0 0 0 0 0 2.22583e+12 2.22583e+12 2.22583e+12 2.22583e+12 
0.1205 -0.87516 -4.17516 -1.98172 -3.5156 -1.32484 2.73872e+07 2.75128e+14 0.000127726 0.00044367 5.60452e-16 1.95572e-08 247734 0 0 1.38866e-10 0 0 0.0048455 0 0 0 0 0 0 2.22594e+12 2.22594e+12 2.22594e+12 2.22594e+12 
0.121 -0.862773 -4.16277 -1.96933 -3.50321 -1.33723 2.73893e+07 2.75117e+14 0.000127729 0.000443676 5.60508e-16 1.95566e-08 247742 0 0 1.38884e-10 0 0 0.0048455 0 0 0 0 0 0 2.22605e+12 2.22605e+12 2.22605e+12 2.22605e+12 
0.1215 -0.850386 -4.15039 -1.95694 -3.49082 -1.34961 2.73914e+07 2.75106e+14 0.000127732 0.000443681 5.60564e-16 1.9556e-08 247749 0 0 1.38901e-10 0 0 0.0048455 0 0 0 0 0 0 2.22617e+12 2.22617e+12 2.22617e+12 2.22617e+12 
0.122 -0.837998 -4.138 -1.94455 -3.47843 -1.362 2.73935e+07 2.75095e+14 0.000127735 0.000443686 5.6062e-16 1.95555e-08 247756 0 0 1.38919e-10 0 0 0.0048455 0 0 0 0 0 0 2.22628e+12 2.22628e+12 2.22628e+12 2.22628e+12 
0.1225 -0.825611 -4.12561 -1.93216 -3.46604 -1.37439 2.73956e+07 2.75083e+14 0.000127738 0.000443692 5.60675e-16 1.95549e-08 247763 0 0 1.38937e-10 0 0 0.0048455 0 0 0 0 0 0 2.22639e+12 2.22639e+12 2.22639e+12 2.22639e+12 
0.123 -0.813222 -4.11322 -1.91977 -3.45365 -1.38678 2.73977e+07 2.75072e+14 0.000127741 0.000443697 5.60731e-16 1.95544e-08 247770 0 0 1.38955e-10 0 0 0.0048455 0 0 0 0 0 0 2.2265e+12 2.2265e+12 2.2265e+12 2.2265e+12 
0.1235 -0.800834 -4.10083 -1.90738 -3.44126 -1.39917 2.73997e+07 2.75061e+14 0.000127744 0.000443702 5.60787e-16 1.95538e-08 247777 0 0 1.38973e-10 0 0 0.0048455 0 0 0 0 0 0 2.22661e+12 2.22661e+12 2.22661e+12 2.22661e+12 
0.124 -0.788444 -4.08844 -1.89499 -3.42887 -1.41156 2.74018e+07 2.7505e+14 0.000127747 0.000443708 5.60843e-16 1.95532e-08 247784 0 0 1.38991e-10 0 0 0.0048455 0 0 0 0 0 0 2.22672e+12 2.22672e+12 2.22672e+12 2.22672e+12 
0.1245 -0.776055 -4.07606 -1.8826 -3.41648 -1.42394 2.74039e+07 2.75039e+14 0.00012775 0.000443713 5.60899e-16 1.95527e-08 247791 0 0 1.39008e-10 0 0 0.0048455 0 0 0 0 0 0 2.22684e+12 2.22684e+12 2.22684e+12 2.22684e+12 
0.125 -0.763665 -4.06367 -1.8702 -3.40409 -1.43633 2.7406e+07 2.75028e+14 0.000127753 0.000443718 5.60954e-16 1.95521e-08 247798 0 0 1.39026e-10 0 0 0.0048455 0 0 0 0 0 0 2.22695e+12 2.22695e+12 2.22695e+12 2.22695e+12 
0.1255 -0.751275 -4.05128 -1.85781 -3.3917 -1.44872 2.74081e+07 2.75016e+14 0.000127756 0.000443724 5.6101e-16 1.95516e-08 247806 0 0 1.39044e-10 0 0 0.0048455 0 0 0 0 0 0 2.22706e+12 2.22706e+12 2.22706e+12 2.22706e+12 
0.126 -0.738885 -4.03888 -1.84542 -3.37931 -1.46112 2.74102e+07 2.75005e+14 0.000127759 0.000443729 5.61066e-16 1.9551e-08 247813 0 0 1.39062e-10 0 0 0.0048455 0 0 0 0 0 0 2.22717e+12 2.22717e+12 2.22717e+12 2.22717e+12 
0.1265 -0.726494 -4.02649 -1.83303 -3.36692 -1.47351 2.74123e+07 2.74994e+14 0.000127762 0.000443734 5.61122e-16 1.95504e-08 247820 0 0 1.3908e-10 0 0 0.0048455 0 0 0 0 0 0 2.22728e+12 2.22728e+12 2.22728e+12 2.22728e+12 
0.127 -0.714103 -4.0141 -1.82063 -3.35452 -1.4859 2.74144e+07 2.74983e+14 0.000127765 0.00044374 5.61177e-16 1.95499e-08 247827 0 0 1.39097e-10 0 0 0.0048455 0 0 0 0 0 0 2.22739e+12 2.22739e+12 2.22739e+12 2.22739e+12 
0.1275 -0.701711 -4.00171 -1.80824 -3.34213 -1.49829 2.74165e+07 2.74972e+14 0.000127768 0.000443745 5.61233e-16 1.95493e-08 247834 0 0 1.39115e-10 0 0 0.0048455 0 0 0 0 0 0 2.22751e+12 2.22751e+12 2.22751e+12 2.22751e+12 
0.128 -0.689319 -3.98932 -1.79585 -3.32974 -1.51068 2.74186e+07 2.7496e+14 0.000127771 0.00044375 5.61289e-16 1.95488e-08 247841 0 0 1.39133e-10 0 0 0.0048455 0 0 0 0 0 0 2.22762e+12 2.22762e+12 2.22762e+12 2.22762e+12 
0.1285 -0.676927 -3.97693 -1.78345 -3.31734 -1.52307 2.74207e+07 2.74949e+14 0.000127774 0.000443756 5.61345e-16 1.95482e-08 247848 0 0 1.39151e-10 0 0 0.0048455 0 0 0 0 0 0 2.22773e+12 2.22773e+12 2.22773e+12 2.22773e+12 
0.129 -0.664535 -3.96453 -1.77106 -3.30495 -1.53547 2.74227e+07 2.74938e+14 0.000127777 0.000443761 5.61401e-16 1.95476e-08 247855 0 0 1.39169e-10 0 0 0.0048455 0 0 0 0 0 0 2.22784e+12 2.22784e+12 2.22784e+12 2.22784e+12 
0.1295 -0.652142 -3.95214 -1.75866 -3.29256 -1.54786 2.74248e+07 2.74927e+14 0.00012778 0.000443766 5.61456e-16 1.95471e-08 247862 0 0 1.39186e-10 0 0 0.0048455 0 0 0 0 0 0 2.22795e+12 2.22795e+12 2.22795e+12 2.22795e+12 
0.13 -0.639748 -3.93975 -1.74627 -3.28016 -1.56025 2.74269e+07 2.74916e+14 0.000127783 0.000443771 5.61512e-16 1.95465e-08 247870 0 0 1.39204e-10 0 0 0.0048455 0 0 0 0 0 0 2.22806e+12 2.22806e+12 2.22806e+12 2.22806e+12 
0.1305 -0.627355 -3.92735 -1.73387 -3.26777 -1.57265 2.7429e+07 2.74905e+14 0.000127786 0.000443777 5.61568e-16 1.9546e-08 247877 0 0 1.39222e-10 0 0 0.0048455 0 0 0 0 0 0 2.22818e+12 2.22818e+12 2.22818e+12 2.22818e+12 
0.131 -0.614961 -3.91496 -1.72148 -3.25537 -1.58504 2.74311e+07 2.74893e+14 0.000127788 0.000443782 5.61624e-16 1.95454e-08 247884 0 0 1.3924e-10 0 0 0.0048455 0 0 0 0 0 0 2.22829e+12 2.22829e+12 2.22829e+12 2.22829e+12 
0.1315 -0.602566 -3.90257 -1.70908 -3.24297 -1.59743 2.74332e+07 2.74882e+14 0.000127791 0.000443787 5.6168e-16 1.95448e-08 247891 0 0 1.39258e-10 0 0 0.0048455 0 0 0 0 0 0 2.2284e+12 2.2284e+12 2.2284e+12 2.2284e+12 
0.132 -0.590172 -3.89017 -1.69668 -3.23058 -1.60983 2.74353e+07 2.74871e+14 0.000127794 0.000443793 5.61735e-16 1.95443e-08 247898 0 0 1.39276e-10 0 0 0.0048455 0 0 0 0 0 0 2.22851e+12 2.22851e+12 2.22851e+12 2.22851e+12 
0.1325 -0.577777 -3.87778 -1.68429 -3.21818 -1.62222 2.74374e+07 2.7486e+14 0.000127797 0.000443798 5.61791e-16 1.95437e-08 247905 0 0 1.39293e-10 0 0 0.0048455 0 0 0 0 0 0 2.22862e+12 2.22862e+12 2.22862e+12 2.22862e+12 
0.133 -0.565381 -3.86538 -1.67189 -3.20579 -1.63462 2.74395e+07 2.74849e+14 0.0001278 0.000443803 5.61847e-16 1.95432e-08 247912 0 0 1.39311e-10 0 0 0.0048455 0 0 0 0 0 0 2.22873e+12 2.22873e+12 2.22873e+12 2.22873e+12 
0.1335 -0.552985 -3.85299 -1.65949 -3.19339 -1.64701 2.74416e+07 2.74837e+14 0.000127803 0.000443809 5.61903e-16 1.95426e-08 247919 0 0 1.39329e-10 0 0 0.0048455 0 0 0 0 0 0 2.22884e+12 2.22884e+12 2.22884e+12 2.22884e+12 
0.134 -0.540589 -3.84059 -1.64709 -3.18099 -1.65941 2.74437e+07 2.74826e+14 0.000127806 0.000443814 5.61958e-16 1.9542e-08 247926 0 0 1.39347e-10 0 0 0.0048455 0 0 0 0 0 0 2.22896e+12 2.22896e+12 2.22896e+12 2.22896e+12 
0.1345 -0.528193 -3.82819 -1.63469 -3.16859 -1.67181 2.74457e+07 2.74815e+14 0.000127809 0.000443819 5.62014e-16 1.95415e-08 247934 0 0 1.39365e-10 0 0 0.0048455 0 0 0 0 0 0 2.22907e+12 2.22907e+12 2.22907e+12 2.22907e+12 
0.135 -0.515796 -3.8158 -1.6223 -3.15619 -1.6842 2.74478e+07 2.74804e+14 0.000127812 0.000443825 5.6207e-16 1.95409e-08 247941 0 0 1.39382e-10 0 0 0.0048455 0 0 0 0 0 0 2.22918e+12 2.22918e+12 2.22918e+12 2.22918e+12 
0.1355 -0.503399 -3.8034 -1.6099 -3.1438 -1.6966 2.74499e+07 2.74793e+14 0.000127815 0.00044383 5.62126e-16 1.95404e-08 247948 0 0 1.394e-10 0 0 0.0048455 0 0 0 0 0 0 2.22929e+12 2.22929e+12 2.22929e+12 2.22929e+12 
0.136 -0.491001 -3.791 -1.5975 -3.1314 -1.709 2.7452e+07 2.74782e+14 0.000127818 0.000443835 5.62182e-16 1.95398e-08 247955 0 0 1.39418e-10 0 0 0.0048455 0 0 0 0 0 0 2.2294e+12 2.2294e+12 2.2294e+12 2.2294e+12 
0.1365 -0.478603 -3.7786 -1.5851 -3.119 -1.7214 2.74541e+07 2.7477e+14 0.000127821 0.000443841 5.62237e-16 1.95392e-08 247962 0 0 1.39436e-10 0 0 0.0048455 0 0 0 0 0 0 2.22951e+12 2.22951e+12 2.22951e+12 2.22951e+12 
0.137 -0.466205 -3.7662 -1.5727 -3.1066 -1.7338 2.74562e+07 2.74759e+14 0.000127824 0.000443846 5.62293e-16 1.95387e-08 247969 0 0 1.39454e-10 0 0 0.0048455 0 0 0 0 0 0 2.22962e+12 2.22962e+12 2.22962e+12 2.22962e+12 
0.1375 -0.453806 -3.75381 -1.5603 -3.0942 -1.74619 2.74583e+07 2.74748e+14 0.000127827 0.000443851 5.62349e-16 1.95381e-08 247976 0 0 1.39472e-10 0 0 0.0048455 0 0 0 0 0 0 2.22974e+12 2.22974e+12 2.22974e+12 2.22974e+12 
0.138 -0.441407 -3.74141 -1.54789 -3.0818 -1.75859 2.74604e+07 2.74737e+14 0.00012783 0.000443857 5.62405e-16 1.95376e-08 247983 0 0 1.39489e-10 0 0 0.0048455 0 0 0 0 0 0 2.22985e+12 2.22985e+12 2.22985e+12 2.22985e+12 
0.1385 -0.429008 -3.72901 -1.53549 -3.0694 -1.77099 2.74625e+07 2.74726e+14 0.000127833 0.000443862 5.62461e-16 1.9537e-08 247990 0 0 1.39507e-10 0 0 0.0048455 0 0 0 0 0 0 2.22996e+12 2.22996e+12 2.22996e+12 2.22996e+12 
0.139 -0.416608 -3.71661 -1.52309 -3.057 -1.78339 2.74646e+07 2.74715e+14 0.000127836 0.000443867 5.62516e-16 1.95364e-08 247997 0 0 1.39525e-10 0 0 0.0048455 0 0 0 0 0 0 2.23007e+12 2.23007e+12 2.23007e+12 2.23007e+12 
0.1395 -0.404208 -3.70421 -1.51069 -3.0446 -1.79579 2.74666e+07 2.74703e+14 0.000127839 0.000443873 5.62572e-16 1.95359e-08 248005 0 0 1.39543e-10 0 0 0.0048455 0 0 0 0 0 0 2.23018e+12 2.23018e+12 2.23018e+12 2.23018e+12 
0.14 -0.391808 -3.69181 -1.49829 -3.03219 -1.80819 2.74687e+07 2.74692e+14 0.000127842 0.000443878 5.62628e-16 1.95353e-08 248012 0 0 1.39561e-10 0 0 0.0048455 0 0 0 0 0 0 2.23029e+12 2.23029e+12 2.23029e+12 2.23029e+12 
0.1405 -0.379407 -3.67941 -1.48588 -3.01979 -1.82059 2.74708e+07 2.74681e+14 0.000127845 0.000443883 5.62684e-16 1.95348e-08 248019 0 0 1.39579e-10 0 0 0.0048455 0 0 0 0 0 0 2.2304e+12 2.2304e+12 2.2304e+12 2.2304e+12 
0.141 -0.367006 -3.66701 -1.47348 -3.00739 -1.83299 2.74729e+07 2.7467e+14 0.000127848 0.000443889 5.6274e-16 1.95342e-08 248026 0 0 1.39596e-10 0 0 0.0048455 0 0 0 0 0 0 2.23052e+12 2.23052e+12 2.23052e+12 2.23052e+12 
0.1415 -0.354604 -3.6546 -1.46108 -2.99499 -1.8454 2.7475e+07 2.74659e+14 0.000127851 0.000443894 5.62796e-16 1.95336e-08 248033 0 0 1.39614e-10 0 0 0.0048455 0 0 0 0 0 0 2.23063e+12 2.23063e+12 2.23063e+12 2.23063e+12 
0.142 -0.342203 -3.6422 -1.44867 -2.98258 -1.8578 2.74771e+07 2.74648e+14 0.000127853 0.000443899 5.62851e-16 1.95331e-08 248040 0 0 1.39632e-10 0 0 0.0048455 0 0 0 0 0 0 2.23074e+12 2.23074e+12 2.23074e+12 2.23074e+12 
0.1425 -0.3298 -3.6298 -1.43627 -2.97018 -1.8702 2.74792e+07 2.74637e+14 0.000127856 0.000443905 5.62907e-16 1.95325e-08 248047 0 0 1.3965e-10 0 0 0.0048455 0 0 0 0 0 0 2.23085e+12 2.23085e+12 2.23085e+12 2.23085e+12 
0.143 -0.317398 -3.6174 -1.42387 -2.95778 -1.8826 2.74813e+07 2.74625e+14 0.000127859 0.00044391 5.62963e-16 1.9532e-08 248054 0 0 1.39668e-10 0 0 0.0048455 0 0 0 0 0 0 2.23096e+12 2.23096e+12 2.23096e+12 2.23096e+12 
0.1435 -0.304995 -3.60499 -1.41146 -2.94537 -1.89501 2.74834e+07 2.74614e+14 0.000127862 0.000443915 5.63019e-16 1.95314e-08 248061 0 0 1.39686e-10 0 0 0.0048455 0 0 0 0 0 0 2.23107e+12 2.23107e+12 2.23107e+12 2.23107e+12 
0.144 -0.292592 -3.59259 -1.39906 -2.93297 -1.90741 2.74855e+07 2.74603e+14 0.000127865 0.000443921 5.63075e-16 1.95308e-08 248068 0 0 1.39704e-10 0 0 0.0048455 0 0 0 0 0 0 2.23118e+12 2.23118e+12 2.23118e+12 2.23118e+12 
0.1445 -0.280188 -3.58019 -1.38665 -2.92056 -1.91981 2.74875e+07 2.74592e+14 0.000127868 0.000443926 5.6313e-16 1.95303e-08 248076 0 0 1.39721e-10 0 0 0.0048455 0 0 0 0 0 0 2.23129e+12 2.23129e+12 2.23129e+12 2.23129e+12 
0.145 -0.267784 -3.56778 -1.37424 -2.90816 -1.93222 2.74896e+07 2.74581e+14 0.000127871 0.000443931 5.63186e-16 1.95297e-08 248083 0 0 1.39739e-10 0 0 0.0048455 0 0 0 0 0 0 2.23141e+12 2.23141e+12 2.23141e+12 2.23141e+12 
0.1455 -0.25538 -3.55538 -1.36184 -2.89575 -1.94462 2.74917e+07 2.7457e+14 0.000127874 0.000443937 5.63242e-16 1.95292e-08 248090 0 0 1.39757e-10 0 0 0.0048455 0 0 0 0 0 0 2.23152e+12 2.23152e+12 2.23152e+12 2.23152e+12 
0.146 -0.242975 -3.54298 -1.34943 -2.88335 -1.95702 2.74938e+07 2.74558e+14 0.000127877 0.000443942 5.63298e-16 1.95286e-08 248097 0 0 1.39775e-10 0 0 0.0048455 0 0 0 0 0 0 2.23163e+12 2.23163e+12 2.23163e+12 2.23163e+12 
0.1465 -0.23057 -3.53057 -1.33702 -2.87094 -1.96943 2.74959e+07 2.74547e+14 0.00012788 0.000443947 5.63354e-16 1.95281e-08 248104 0 0 1.39793e-10 0 0 0.0048455 0 0 0 0 0 0 2.23174e+12 2.23174e+12 2.23174e+12 2.23174e+12 
0.147 -0.218165 -3.51816 -1.32462 -2.85853 -1.98184 2.7498e+07 2.74536e+14 0.000127883 0.000443953 5.6341e-16 1.95275e-08 248111 0 0 1.39811e-10 0 0 0.0048455 0 0 0 0 0 0 2.23185e+12 2.23185e+12 2.23185e+12 2.23185e+12 
0.1475 -0.205759 -3.50576 -1.31221 -2.84613 -1.99424 2.75001e+07 2.74525e+14 0.000127886 0.000443958 5.63465e-16 1.95269e-08 248118 0 0 1.39828e-10 0 0 0.0048455 0 0 0 0 0 0 2.23196e+12 2.23196e+12 2.23196e+12 2.23196e+12 
0.148 -0.193353 -3.49335 -1.2998 -2.83372 -2.00665 2.75022e+07 2.74514e+14 0.000127889 0.000443963 5.63521e-16 1.95264e-08 248125 0 0 1.39846e-10 0 0 0.0048455 0 0 0 0 0 0 2.23207e+12 2.23207e+12 2.23207e+12 2.23207e+12 
0.1485 -0.180947 -3.48095 -1.28739 -2.82131 -2.01905 2.75043e+07 2.74503e+14 0.000127892 0.000443969 5.63577e-16 1.95258e-08 248132 0 0 1.39864e-10 0 0 0.0048455 0 0 0 0 0 0 2.23219e+12 2.23219e+12 2.23219e+12 2.23219e+12 
0.149 -0.16854 -3.46854 -1.27498 -2.8089 -2.03146 2.75063e+07 2.74492e+14 0.000127895 0.000443974 5.63633e-16 1.95253e-08 248139 0 0 1.39882e-10 0 0 0.0048455 0 0 0 0 0 0 2.2323e+12 2.2323e+12 2.2323e+12 2.2323e+12 
0.1495 -0.156133 -3.45613 -1.26257 -2.79649 -2.04387 2.75084e+07 2.7448e+14 0.000127898 0.000443979 5.63689e-16 1.95247e-08 248147 0 0 1.399e-10 0 0 0.0048455 0 0 0 0 0 0 2.23241e+12 2.23241e+12 2.23241e+12 2.23241e+12 
0.15 -0.143725 -3.44373 -1.25016 -2.78408 -2.05627 2.75105e+07 2.74469e+14 0.000127901 0.000443985 5.63744e-16 1.95241e-08 248154 0 0 1.39918e-10 0 0 0.0048455 0 0 0 0 0 0 2.23252e+12 2.23252e+12 2.23252e+12 2.23252e+12 
0.1505 -0.131317 -3.43132 -1.23775 -2.77168 -2.06868 2.75126e+07 2.74458e+14 0.000127904 0.00044399 5.638e-16 1.95236e-08 248161 0 0 1.39936e-10 0 0 0.0048455 0 0 0 0 0 0 2.23263e+12 2.23263e+12 2.23263e+12 2.23263e+12 
0.151 -0.118909 -3.41891 -1.22534 -2.75927 -2.08109 2.75147e+07 2.74447e+14 0.000127907 0.000443995 5.63856e-16 1.9523e-08 248168 0 0 1.39953e-10 0 0 0.0048455 0 0 0 0 0 0 2.23274e+12 2.23274e+12 2.23274e+12 2.23274e+12 
0.1515 -0.1065 -3.4065 -1.21293 -2.74686 -2.0935 2.75168e+07 2.74436e+14 0.00012791 0.000444001 5.63912e-16 1.95225e-08 248175 0 0 1.39971e-10 0 0 0.0048455 0 0 0 0 0 0 2.23285e+12 2.23285e+12 2.23285e+12 2.23285e+12 
0.152 -0.0940915 -3.39409 -1.20052 -2.73445 -2.10591 2.75189e+07 2.74425e+14 0.000127913 0.000444006 5.63968e-16 1.95219e-08 248182 0 0 1.39989e-10 0 0 0.0048455 0 0 0 0 0 0 2.23296e+12 2.23296e+12 2.23296e+12 2.23296e+12 
0.1525 -0.0816823 -3.38168 -1.18811 -2.72204 -2.11832 2.7521e+07 2.74414e+14 0.000127916 0.000444011 5.64024e-16 1.95214e-08 248189 0 0 1.40007e-10 0 0 0.0048455 0 0 0 0 0 0 2.23308e+12 2.23308e+12 2.23308e+12 2.23308e+12 
0.153 -0.0692726 -3.36927 -1.1757 -2.70962 -2.13073 2.75231e+07 2.74403e+14 0.000127918 0.000444017 5.64079e-16 1.95208e-08 248196 0 0 1.40025e-10 0 0 0.0048455 0 0 0 0 0 0 2.23319e+12 2.23319e+12 2.23319e+12 2.23319e+12 
0.1535 -0.0568626 -3.35686 -1.16329 -2.69721 -2.14314 2.75251e+07 2.74391e+14 0.000127921 0.000444022 5.64135e-16 1.95202e-08 248203 0 0 1.40043e-10 0 0 0.0048455 0 0 0 0 0 0 2.2333e+12 2.2333e+12 2.2333e+12 2.2333e+12 
0.154 -0.0444523 -3.34445 -1.15088 -2.6848 -2.15555 2.75272e+07 2.7438e+14 0.000127924 0.000444027 5.64191e-16 1.95197e-08 248210 0 0 1.40061e-10 0 0 0.0048455 0 0 0 0 0 0 2.23341e+12 2.23341e+12 2.23341e+12 2.23341e+12 
0.1545 -0.0320416 -3.33204 -1.13846 -2.67239 -2.16796 2.75293e+07 2.74369e+14 0.000127927 0.000444033 5.64247e-16 1.95191e-08 248217 0 0 1.40078e-10 0 0 0.0048455 0 0 0 0 0 0 2.23352e+12 2.23352e+12 2.23352e+12 2.23352e+12 
0.155 -0.0196305 -3.31963 -1.12605 -2.65998 -2.18037 2.75314e+07 2.74358e+14 0.00012793 0.000444038 5.64303e-16 1.95186e-08 248225 0 0 1.40096e-10 0 0 0.0048455 0 0 0 0 0 0 2.23363e+12 2.23363e+12 2.23363e+12 2.23363e+12 
0.1555 -0.00721915 -3.30722 -1.11364 -2.64756 -2.19278 2.75335e+07 2.74347e+14 0.000127933 0.000444043 5.64359e-16 1.9518e-08 248232 0 0 1.40114e-10 0 0 0.0048455 0 0 0 0 0 0 2.23374e+12 2.23374e+12 2.23374e+12 2.23374e+12 
0.156 0.00519261 -3.29481 -1.10122 -2.63515 -2.20519 2.75356e+07 2.74336e+14 0.000127936 0.000444049 5.64414e-16 1.95175e-08 248239 0 0 1.40132e-10 0 0 0.0048455 0 0 0 0 0 0 2.23385e+12 2.23385e+12 2.23385e+12 2.23385e+12 
0.1565 0.0176047 -3.2824 -1.08881 -2.62274 -2.2176 2.75377e+07 2.74325e+14 0.000127939 0.000444054 5.6447e-16 1.95169e-08 248246 0 0 1.4015e-10 0 0 0.0048455 0 0 0 0 0 0 2.23396e+12 2.23396e+12 2.23396e+12 2.23396e+12 
0.157 0.0300172 -3.26998 -1.07639 -2.61032 -2.23002 2.75398e+07 2.74313e+14 0.000127942 0.000444059 5.64526e-16 1.95163e-08 248253 0 0 1.40168e-10 0 0 0.0048455 0 0 0 0 0 0 2.23408e+12 2.23408e+12 2.23408e+12 2.23408e+12 
0.1575 0.04243 -3.25757 -1.06398 -2.59791 -2.24243 2.75419e+07 2.74302e+14 0.000127945 0.000444065 5.64582e-16 1.95158e-08 248260 0 0 1.40186e-10 0 0 0.0048455 0 0 0 0 0 0 2.23419e+12 2.23419e+12 2.23419e+12 2.23419e+12 
0.158 0.0548432 -3.24516 -1.05156 -2.5855 -2.25484 2.75439e+07 2.74291e+14 0.000127948 0.00044407 5.64638e-16 1.95152e-08 248267 0 0 1.40203e-10 0 0 0.0048455 0 0 0 0 0 0 2.2343e+12 2.2343e+12 2.2343e+12 2.2343e+12 
0.1585 0.0672567 -3.23274 -1.03915 -2.57308 -2.26726 2.7546e+07 2.7428e+14 0.000127951 0.000444075 5.64694e-16 1.95147e-08 248274 0 0 1.40221e-10 0 0 0.0048455 0 0 0 0 0 0 2.23441e+12 2.23441e+12 2.23441e+12 2.23441e+12 
0.159 0.0796706 -3.22033 -1.02673 -2.56067 -2.27967 2.75481e+07 2.74269e+14 0.000127954 0.00044408 5.6475e-16 1.95141e-08 248281 0 0 1.40239e-10 0 0 0.0048455 0 0 0 0 0 0 2.23452e+12 2.23452e+12 2.23452e+12 2.23452e+12 
0.1595 0.0920849 -3.20792 -1.01432 -2.54825 -2.29208 2.75502e+07 2.74258e+14 0.000127957 0.000444086 5.64805e-16 1.95136e-08 248288 0 0 1.40257e-10 0 0 0.0048455 0 0 0 0 0 0 2.23463e+12 2.23463e+12 2.23463e+12 2.23463e+12 
0.16 0.104499 -3.1955 -1.0019 -2.53583 -2.3045 2.75523e+07 2.74247e+14 0.00012796 0.000444091 5.64861e-16 1.9513e-08 248295 0 0 1.40275e-10 0 0 0.0048455 0 0 0 0 0 0 2.23474e+12 2.23474e+12 2.23474e+12 2.23474e+12 
0.1605 0.116914 -3.18309 -0.989483 -2.52342 -2.31691 2.75544e+07 2.74236e+14 0.000127963 0.000444096 5.64917e-16 1.95124e-08 248303 0 0 1.40293e-10 0 0 0.0048455 0 0 0 0 0 0 2.23485e+12 2.23485e+12 2.23485e+12 2.23485e+12 
0.161 0.12933 -3.17067 -0.977066 -2.511 -2.32933 2.75565e+07 2.74224e+14 0.000127966 0.000444102 5.64973e-16 1.95119e-08 248310 0 0 1.40311e-10 0 0 0.0048455 0 0 0 0 0 0 2.23496e+12 2.23496e+12 2.23496e+12 2.23496e+12 
0.1615 0.141745 -3.15825 -0.964648 -2.49858 -2.34175 2.75586e+07 2.74213e+14 0.000127969 0.000444107 5.65029e-16 1.95113e-08 248317 0 0 1.40329e-10 0 0 0.0048455 0 0 0 0 0 0 2.23508e+12 2.23508e+12 2.23508e+12 2.23508e+12 
0.162 0.154161 -3.14584 -0.95223 -2.48617 -2.35416 2.75606e+07 2.74202e+14 0.000127972 0.000444112 5.65085e-16 1.95108e-08 248324 0 0 1.40346e-10 0 0 0.0048455 0 0 0 0 0 0 2.23519e+12 2.23519e+12 2.23519e+12 2.23519e+12 
0.1625 0.166578 -3.13342 -0.939812 -2.47375 -2.36658 2.75627e+07 2.74191e+14 0.000127975 0.000444118 5.6514e-16 1.95102e-08 248331 0 0 1.40364e-10 0 0 0.0048455 0 0 0 0 0 0 2.2353e+12 2.2353e+12 2.2353e+12 2.2353e+12 
0.163 0.178994 -3.12101 -0.927393 -2.46133 -2.37899 2.75648e+07 2.7418e+14 0.000127978 0.000444123 5.65196e-16 1.95097e-08 248338 0 0 1.40382e-10 0 0 0.0048455 0 0 0 0 0 0 2.23541e+12 2.23541e+12 2.23541e+12 2.23541e+12 
0.1635 0.191412 -3.10859 -0.914974 -2.44891 -2.39141 2.75669e+07 2.74169e+14 0.000127981 0.000444128 5.65252e-16 1.95091e-08 248345 0 0 1.404e-10 0 0 0.0048455 0 0 0 0 0 0 2.23552e+12 2.23552e+12 2.23552e+12 2.23552e+12 
0.164 0.203829 -3.09617 -0.902555 -2.43649 -2.40383 2.7569e+07 2.74158e+14 0.000127983 0.000444134 5.65308e-16 1.95085e-08 248352 0 0 1.40418e-10 0 0 0.0048455 0 0 0 0 0 0 2.23563e+12 2.23563e+12 2.23563e+12 2.23563e+12 
0.1645 0.216247 -3.08375 -0.890135 -2.42407 -2.41625 2.75711e+07 2.74147e+14 0.000127986 0.000444139 5.65364e-16 1.9508e-08 248359 0 0 1.40436e-10 0 0 0.0048455 0 0 0 0 0 0 2.23574e+12 2.23574e+12 2.23574e+12 2.23574e+12 
0.165 0.228665 -3.07134 -0.877715 -2.41165 -2.42866 2.75732e+07 2.74136e+14 0.000127989 0.000444144 5.6542e-16 1.95074e-08 248366 0 0 1.40454e-10 0 0 0.0048455 0 0 0 0 0 0 2.23585e+12 2.23585e+12 2.23585e+12 2.23585e+12 
0.1655 0.241083 -3.05892 -0.865294 -2.39924 -2.44108 2.75753e+07 2.74124e+14 0.000127992 0.00044415 5.65476e-16 1.95069e-08 248373 0 0 1.40472e-10 0 0 0.0048455 0 0 0 0 0 0 2.23596e+12 2.23596e+12 2.23596e+12 2.23596e+12 
0.166 0.253502 -3.0465 -0.852874 -2.38681 -2.4535 2.75773e+07 2.74113e+14 0.000127995 0.000444155 5.65531e-16 1.95063e-08 248380 0 0 1.40489e-10 0 0 0.0048455 0 0 0 0 0 0 2.23608e+12 2.23608e+12 2.23608e+12 2.23608e+12 
0.1665 0.265921 -3.03408 -0.840452 -2.37439 -2.46592 2.75794e+07 2.74102e+14 0.000127998 0.00044416 5.65587e-16 1.95058e-08 248388 0 0 1.40507e-10 0 0 0.0048455 0 0 0 0 0 0 2.23619e+12 2.23619e+12 2.23619e+12 2.23619e+12 
0.167 0.278341 -3.02166 -0.828031 -2.36197 -2.47834 2.75815e+07 2.74091e+14 0.000128001 0.000444166 5.65643e-16 1.95052e-08 248395 0 0 1.40525e-10 0 0 0.0048455 0 0 0 0 0 0 2.2363e+12 2.2363e+12 2.2363e+12 2.2363e+12 
0.1675 0.290761 -3.00924 -0.815609 -2.34955 -2.49076 2.75836e+07 2.7408e+14 0.000128004 0.000444171 5.65699e-16 1.95046e-08 248402 0 0 1.40543e-10 0 0 0.0048455 0 0 0 0 0 0 2.23641e+12 2.23641e+12 2.23641e+12 2.23641e+12 
0.168 0.303181 -2.99682 -0.803187 -2.33713 -2.50318 2.75857e+07 2.74069e+14 0.000128007 0.000444176 5.65755e-16 1.95041e-08 248409 0 0 1.40561e-10 0 0 0.0048455 0 0 0 0 0 0 2.23652e+12 2.23652e+12 2.23652e+12 2.23652e+12 
0.1685 0.315602 -2.9844 -0.790764 -2.32471 -2.5156 2.75878e+07 2.74058e+14 0.00012801 0.000444182 5.65811e-16 1.95035e-08 248416 0 0 1.40579e-10 0 0 0.0048455 0 0 0 0 0 0 2.23663e+12 2.23663e+12 2.23663e+12 2.23663e+12 
0.169 0.328023 -2.97198 -0.778341 -2.31229 -2.52802 2.75899e+07 2.74047e+14 0.000128013 0.000444187 5.65867e-16 1.9503e-08 248423 0 0 1.40597e-10 0 0 0.0048455 0 0 0 0 0 0 2.23674e+12 2.23674e+12 2.23674e+12 2.23674e+12 
0.1695 0.340444 -2.95956 -0.765918 -2.29986 -2.54044 2.7592e+07 2.74036e+14 0.000128016 0.000444192 5.65923e-16 1.95024e-08 248430 0 0 1.40615e-10 0 0 0.0048455 0 0 0 0 0 0 2.23685e+12 2.23685e+12 2.23685e+12 2.23685e+12 
0.17 0.352866 -2.94713 -0.753494 -2.28744 -2.55287 2.7594e+07 2.74025e+14 0.000128019 0.000444198 5.65978e-16 1.95019e-08 248437 0 0 1.40633e-10 0 0 0.0048455 0 0 0 0 0 0 2.23696e+12 2.23696e+12 2.23696e+12 2.23696e+12 
0.1705 0.365288 -2.93471 -0.74107 -2.27502 -2.56529 2.75961e+07 2.74013e+14 0.000128022 0.000444203 5.66034e-16 1.95013e-08 248444 0 0 1.4065e-10 0 0 0.0048455 0 0 0 0 0 0 2.23707e+12 2.23707e+12 2.23707e+12 2.23707e+12 
0.171 0.37771 -2.92229 -0.728646 -2.26259 -2.57771 2.75982e+07 2.74002e+14 0.000128025 0.000444208 5.6609e-16 1.95008e-08 248451 0 0 1.40668e-10 0 0 0.0048455 0 0 0 0 0 0 2.23718e+12 2.23718e+12 2.23718e+12 2.23718e+12 
0.1715 0.390133 -2.90987 -0.716221 -2.25017 -2.59013 2.76003e+07 2.73991e+14 0.000128028 0.000444214 5.66146e-16 1.95002e-08 248458 0 0 1.40686e-10 0 0 0.0048455 0 0 0 0 0 0 2.2373e+12 2.2373e+12 2.2373e+12 2.2373e+12 
0.172 0.402556 -2.89744 -0.703796 -2.23775 -2.60256 2.76024e+07 2.7398e+14 0.000128031 0.000444219 5.66202e-16 1.94996e-08 248466 0 0 1.40704e-10 0 0 0.0048455 0 0 0 0 0 0 2.23741e+12 2.23741e+12 2.23741e+12 2.23741e+12 
0.1725 0.414979 -2.88502 -0.691371 -2.22532 -2.61498 2.76045e+07 2.73969e+14 0.000128034 0.000444225 5.66258e-16 1.94991e-08 248473 0 0 1.40722e-10 0 0 0.0048455 0 0 0 0 0 0 2.23752e+12 2.23752e+12 2.23752e+12 2.23752e+12 
0.173 0.427403 -2.8726 -0.678945 -2.2129 -2.6274 2.76066e+07 2.73958e+14 0.000128037 0.00044423 5.66314e-16 1.94985e-08 248480 0 0 1.4074e-10 0 0 0.0048455 0 0 0 0 0 0 2.23763e+12 2.23763e+12 2.23763e+12 2.23763e+12 
0.1735 0.439827 -2.86017 -0.666519 -2.20047 -2.63983 2.76086e+07 2.73947e+14 0.00012804 0.000444235 5.6637e-16 1.9498e-08 248487 0 0 1.40758e-10 0 0 0.0048455 0 0 0 0 0 0 2.23774e+12 2.23774e+12 2.23774e+12 2.23774e+12 
0.174 0.452252 -2.84775 -0.654092 -2.18804 -2.65225 2.76107e+07 2.73936e+14 0.000128043 0.000444241 5.66425e-16 1.94974e-08 248494 0 0 1.40776e-10 0 0 0.0048455 0 0 0 0 0 0 2.23785e+12 2.23785e+12 2.23785e+12 2.23785e+12 
0.1745 0.464677 -2.83532 -0.641665 -2.17562 -2.66468 2.76128e+07 2.73925e+14 0.000128046 0.000444246 5.66481e-16 1.94969e-08 248501 0 0 1.40794e-10 0 0 0.0048455 0 0 0 0 0 0 2.23796e+12 2.23796e+12 2.23796e+12 2.23796e+12 
0.175 0.477102 -2.8229 -0.629238 -2.16319 -2.6771 2.76149e+07 2.73914e+14 0.000128048 0.000444251 5.66537e-16 1.94963e-08 248508 0 0 1.40811e-10 0 0 0.0048455 0 0 0 0 0 0 2.23807e+12 2.23807e+12 2.23807e+12 2.23807e+12 
0.1755 0.489528 -2.81047 -0.61681 -2.15076 -2.68953 2.7617e+07 2.73902e+14 0.000128051 0.000444257 5.66593e-16 1.94958e-08 248515 0 0 1.40829e-10 0 0 0.0048455 0 0 0 0 0 0 2.23818e+12 2.23818e+12 2.23818e+12 2.23818e+12 
0.176 0.501954 -2.79805 -0.604383 -2.13834 -2.70195 2.76191e+07 2.73891e+14 0.000128054 0.000444262 5.66649e-16 1.94952e-08 248522 0 0 1.40847e-10 0 0 0.0048455 0 0 0 0 0 0 2.23829e+12 2.23829e+12 2.23829e+12 2.23829e+12 
0.1765 0.51438 -2.78562 -0.591954 -2.12591 -2.71438 2.76212e+07 2.7388e+14 0.000128057 0.000444267 5.66705e-16 1.94946e-08 248529 0 0 1.40865e-10 0 0 0.0048455 0 0 0 0 0 0 2.2384e+12 2.2384e+12 2.2384e+12 2.2384e+12 
0.177 0.526806 -2.77319 -0.579526 -2.11348 -2.72681 2.76233e+07 2.73869e+14 0.00012806 0.000444273 5.66761e-16 1.94941e-08 248536 0 0 1.40883e-10 0 0 0.0048455 0 0 0 0 0 0 2.23852e+12 2.23852e+12 2.23852e+12 2.23852e+12 
0.1775 0.539233 -2.76077 -0.567097 -2.10105 -2.73923 2.76253e+07 2.73858e+14 0.000128063 0.000444278 5.66817e-16 1.94935e-08 248543 0 0 1.40901e-10 0 0 0.0048455 0 0 0 0 0 0 2.23863e+12 2.23863e+12 2.23863e+12 2.23863e+12 
0.178 0.551661 -2.74834 -0.554667 -2.08862 -2.75166 2.76274e+07 2.73847e+14 0.000128066 0.000444283 5.66872e-16 1.9493e-08 248550 0 0 1.40919e-10 0 0 0.0048455 0 0 0 0 0 0 2.23874e+12 2.23874e+12 2.23874e+12 2.23874e+12 
0.1785 0.564089 -2.73591 -0.542238 -2.0762 -2.76409 2.76295e+07 2.73836e+14 0.000128069 0.000444289 5.66928e-16 1.94924e-08 248558 0 0 1.40937e-10 0 0 0.0048455 0 0 0 0 0 0 2.23885e+12 2.23885e+12 2.23885e+12 2.23885e+12 
0.179 0.576517 -2.72348 -0.529808 -2.06377 -2.77652 2.76316e+07 2.73825e+14 0.000128072 0.000444294 5.66984e-16 1.94919e-08 248565 0 0 1.40955e-10 0 0 0.0048455 0 0 0 0 0 0 2.23896e+12 2.23896e+12 2.23896e+12 2.23896e+12 
0.1795 0.588945 -2.71106 -0.517377 -2.05134 -2.78894 2.76337e+07 2.73814e+14 0.000128075 0.000444299 5.6704e-16 1.94913e-08 248572 0 0 1.40973e-10 0 0 0.0048455 0 0 0 0 0 0 2.23907e+12 2.23907e+12 2.23907e+12 2.23907e+12 
0.18 0.601374 -2.69863 -0.504946 -2.03891 -2.80137 2.76358e+07 2.73803e+14 0.000128078 0.000444305 5.67096e-16 1.94908e-08 248579 0 0 1.40991e-10 0 0 0.0048455 0 0 0 0 0 0 2.23918e+12 2.23918e+12 2.23918e+12 2.23918e+12 
0.1805 0.613803 -2.6862 -0.492515 -2.02648 -2.8138 2.76379e+07 2.73792e+14 0.000128081 0.00044431 5.67152e-16 1.94902e-08 248586 0 0 1.41008e-10 0 0 0.0048455 0 0 0 0 0 0 2.23929e+12 2.23929e+12 2.23929e+12 2.23929e+12 
0.181 0.626232 -2.67377 -0.480084 -2.01405 -2.82623 2.76399e+07 2.7378e+14 0.000128084 0.000444315 5.67208e-16 1.94897e-08 248593 0 0 1.41026e-10 0 0 0.0048455 0 0 0 0 0 0 2.2394e+12 2.2394e+12 2.2394e+12 2.2394e+12 
0.1815 0.638662 -2.66134 -0.467652 -2.00161 -2.83866 2.7642e+07 2.73769e+14 0.000128087 0.000444321 5.67264e-16 1.94891e-08 248600 0 0 1.41044e-10 0 0 0.0048455 0 0 0 0 0 0 2.23951e+12 2.23951e+12 2.23951e+12 2.23951e+12 
0.182 0.651092 -2.64891 -0.45522 -1.98918 -2.85109 2.76441e+07 2.73758e+14 0.00012809 0.000444326 5.6732e-16 1.94885e-08 248607 0 0 1.41062e-10 0 0 0.0048455 0 0 0 0 0 0 2.23962e+12 2.23962e+12 2.23962e+12 2.23962e+12 
0.1825 0.663523 -2.63648 -0.442787 -1.97675 -2.86352 2.76462e+07 2.73747e+14 0.000128093 0.000444331 5.67375e-16 1.9488e-08 248614 0 0 1.4108e-10 0 0 0.0048455 0 0 0 0 0 0 2.23973e+12 2.23973e+12 2.23973e+12 2.23973e+12 
0.183 0.675954 -2.62405 -0.430355 -1.96432 -2.87595 2.76483e+07 2.73736e+14 0.000128096 0.000444337 5.67431e-16 1.94874e-08 248621 0 0 1.41098e-10 0 0 0.0048455 0 0 0 0 0 0 2.23985e+12 2.23985e+12 2.23985e+12 2.23985e+12 
0.1835 0.688385 -2.61161 -0.417921 -1.95189 -2.88839 2.76504e+07 2.73725e+14 0.000128099 0.000444342 5.67487e-16 1.94869e-08 248628 0 0 1.41116e-10 0 0 0.0048455 0 0 0 0 0 0 2.23996e+12 2.23996e+12 2.23996e+12 2.23996e+12 
0.184 0.700817 -2.59918 -0.405488 -1.93945 -2.90082 2.76525e+07 2.73714e+14 0.000128102 0.000444347 5.67543e-16 1.94863e-08 248635 0 0 1.41134e-10 0 0 0.0048455 0 0 0 0 0 0 2.24007e+12 2.24007e+12 2.24007e+12 2.24007e+12 
0.1845 0.713249 -2.58675 -0.393054 -1.92702 -2.91325 2.76545e+07 2.73703e+14 0.000128105 0.000444353 5.67599e-16 1.94858e-08 248642 0 0 1.41152e-10 0 0 0.0048455 0 0 0 0 0 0 2.24018e+12 2.24018e+12 2.24018e+12 2.24018e+12 
0.185 0.725681 -2.57432 -0.38062 -1.91459 -2.92568 2.76566e+07 2.73692e+14 0.000128108 0.000444358 5.67655e-16 1.94852e-08 248650 0 0 1.4117e-10 0 0 0.0048455 0 0 0 0 0 0 2.24029e+12 2.24029e+12 2.24029e+12 2.24029e+12 
0.1855 0.738114 -2.56189 -0.368185 -1.90215 -2.93811 2.76587e+07 2.73681e+14 0.000128111 0.000444363 5.67711e-16 1.94847e-08 248657 0 0 1.41188e-10 0 0 0.0048455 0 0 0 0 0 0 2.2404e+12 2.2404e+12 2.2404e+12 2.2404e+12 
0.186 0.750547 -2.54945 -0.35575 -1.88972 -2.95055 2.76608e+07 2.7367e+14 0.000128113 0.000444369 5.67767e-16 1.94841e-08 248664 0 0 1.41205e-10 0 0 0.0048455 0 0 0 0 0 0 2.24051e+12 2.24051e+12 2.24051e+12 2.24051e+12 
0.1865 0.76298 -2.53702 -0.343315 -1.87728 -2.96298 2.76629e+07 2.73658e+14 0.000128116 0.000444374 5.67823e-16 1.94835e-08 248671 0 0 1.41223e-10 0 0 0.0048455 0 0 0 0 0 0 2.24062e+12 2.24062e+12 2.24062e+12 2.24062e+12 
0.187 0.775414 -2.52459 -0.330879 -1.86485 -2.97541 2.7665e+07 2.73647e+14 0.000128119 0.000444379 5.67879e-16 1.9483e-08 248678 0 0 1.41241e-10 0 0 0.0048455 0 0 0 0 0 0 2.24073e+12 2.24073e+12 2.24073e+12 2.24073e+12 
0.1875 0.787848 -2.51215 -0.318443 -1.85241 -2.98785 2.76671e+07 2.73636e+14 0.000128122 0.000444384 5.67934e-16 1.94824e-08 248685 0 0 1.41259e-10 0 0 0.0048455 0 0 0 0 0 0 2.24083e+12 2.24083e+12 2.24083e+12 2.24083e+12 
0.188 0.800282 -2.49972 -0.306006 -1.83998 -3.00028 2.76691e+07 2.73624e+14 0.000128125 0.000444389 5.6799e-16 1.94818e-08 248692 0 0 1.41277e-10 0 0 0.0048455 0 0 0 0 0 0 2.24094e+12 2.24094e+12 2.24094e+12 2.24094e+12 
0.1885 0.812717 -2.48728 -0.29357 -1.82754 -3.01272 2.76712e+07 2.73612e+14 0.000128128 0.000444394 5.68046e-16 1.94812e-08 248699 0 0 1.41295e-10 0 0 0.0048455 0 0 0 0 0 0 2.24104e+12 2.24104e+12 2.24104e+12 2.24104e+12 
0.189 0.825152 -2.47485 -0.281133 -1.8151 -3.02515 2.76733e+07 2.736e+14 0.000128131 0.000444399 5.68102e-16 1.94805e-08 248706 0 0 1.41313e-10 0 0 0.0048455 0 0 0 0 0 0 2.24114e+12 2.24114e+12 2.24114e+12 2.24114e+12 
0.1895 0.837587 -2.46241 -0.268695 -1.80267 -3.03759 2.76754e+07 2.73587e+14 0.000128134 0.000444404 5.68158e-16 1.94798e-08 248713 0 0 1.41331e-10 0 0 0.0048455 0 0 0 0 0 0 2.24123e+12 2.24123e+12 2.24123e+12 2.24123e+12 
0.19 0.850023 -2.44998 -0.256257 -1.79023 -3.05002 2.76775e+07 2.73572e+14 0.000128137 0.000444408 5.68214e-16 1.94789e-08 248720 0 0 1.41349e-10 0 0 0.0048455 0 0 0 0 0 0 2.24131e+12 2.24131e+12 2.24131e+12 2.24131e+12 
0.1905 0.86246 -2.43754 -0.243819 -1.77779 -3.06246 2.76796e+07 2.73556e+14 0.00012814 0.000444411 5.6827e-16 1.94779e-08 248727 0 0 1.41367e-10 0 0 0.0048455 0 0 0 0 0 0 2.24137e+12 2.24137e+12 2.24137e+12 2.24137e+12 
0.191 0.874896 -2.4251 -0.231381 -1.76535 -3.0749 2.76816e+07 2.73536e+14 0.000128143 0.000444413 5.68326e-16 1.94765e-08 248734 0 0 1.41385e-10 0 0 0.0048455 0 0 0 0 0 0 2.24139e+12 2.24139e+12 2.24139e+12 2.24139e+12 
0.1915 0.887333 -2.41267 -0.218942 -1.75291 -3.08733 2.76837e+07 2.7351e+14 0.000128146 0.000444412 5.68382e-16 1.94747e-08 248742 0 0 1.41403e-10 0 0 0.0048455 0 0 0 0 0 0 2.24136e+12 2.24136e+12 2.24136e+12 2.24136e+12 
0.192 0.89977 -2.40023 -0.206503 -1.74047 -3.09977 2.76858e+07 2.73476e+14 0.000128149 0.000444408 5.68438e-16 1.9472e-08 248749 0 0 1.41421e-10 0 0 0.0048455 0 0 0 0 0 0 2.24124e+12 2.24124e+12 2.24124e+12 2.24124e+12 
0.1925 0.912208 -2.38779 -0.194063 -1.72803 -3.11221 2.76879e+07 2.73426e+14 0.000128152 0.000444397 5.68494e-16 1.9468e-08 248756 0 0 1.41438e-10 0 0 0.0048455 0 0 0 0 0 0 2.24097e+12 2.24097e+12 2.24097e+12 2.24097e+12 
0.193 0.924646 -2.37535 -0.181623 -1.71558 -3.12465 2.769e+07 2.73352e+14 0.000128155 0.000444377 5.68549e-16 1.94619e-08 248763 0 0 1.41456e-10 0 0 0.0048455 0 0 0 0 0 0 2.24047e+12 2.24047e+12 2.24047e+12 2.24047e+12 
0.1935 0.937084 -2.36292 -0.169183 -1.70313 -3.13708 2.76921e+07 2.73239e+14 0.000128158 0.00044434 5.68605e-16 1.94522e-08 248770 0 0 1.41474e-10 0 0 0.0048455 0 0 0 0 0 0 2.23958e+12 2.23958e+12 2.23958e+12 2.23958e+12 
0.194 0.949523 -2.35048 -0.156742 -1.69067 -3.14952 2.76942e+07 2.73062e+14 0.000128161 0.000444277 5.68661e-16 1.94368e-08 248777 0 0 1.41492e-10 0 0 0.0048455 0 0 0 0 0 0 2.23806e+12 2.23806e+12 2.23806e+12 2.23806e+12 
0.1945 0.961962 -2.33804 -0.144301 -1.6782 -3.16196 2.76962e+07 2.7278e+14 0.000128164 0.000444171 5.68717e-16 1.94121e-08 248784 0 0 1.4151e-10 0 0 0.0048455 0 0 0 0 0 0 2.23551e+12 2.23551e+12 2.23551e+12 2.23551e+12 
0.195 0.974401 -2.3256 -0.13186 -1.6657 -3.1744 2.76983e+07 2.72327e+14 0.000128167 0.000443995 5.68773e-16 1.93722e-08 248791 0 0 1.41528e-10 0 0 0.0048455 0 0 0 0 0 0 2.23129e+12 2.23129e+12 2.23129e+12 2.23129e+12 
0.1955 0.986841 -2.31316 -0.119418 -1.65318 -3.18684 2.77004e+07 2.71596e+14 0.00012817 0.000443703 5.68829e-16 1.93075e-08 248798 0 0 1.41546e-10 0 0 0.0048455 0 0 0 0 0 0 2.22434e+12 2.22434e+12 2.22434e+12 2.22434e+12 
0.196 0.999281 -2.30072 -0.106976 -1.64059 -3.19928 2.77025e+07 2.70411e+14 0.000128173 0.000443224 5.68884e-16 1.92025e-08 248805 0 0 1.41563e-10 0 0 0.0048455 0 0 0 0 0 0 2.21296e+12 2.21296e+12 2.21296e+12 2.21296e+12 
0.1965 1.01172 -2.28828 -0.0945337 -1.62792 -3.21172 2.77045e+07 2.68483e+14 0.000128175 0.000442436 5.68939e-16 1.90317e-08 248812 0 0 1.41581e-10 0 0 0.0048455 0 0 0 0 0 0 2.19433e+12 2.19433e+12 2.19433e+12 2.19433e+12 
0.197 1.02416 -2.27584 -0.0820909 -1.6151 -3.22416 2.77066e+07 2.65342e+14 0.000128178 0.000441139 5.68994e-16 1.87539e-08 248819 0 0 1.41599e-10 0 0 0.0048455 0 0 0 0 0 0 2.1639e+12 2.1639e+12 2.1639e+12 2.1639e+12 
0.1975 1.0366 -2.2634 -0.0696479 -1.60202 -3.2366 2.77086e+07 2.60209e+14 0.000128181 0.000438994 5.69049e-16 1.83017e-08 248826 0 0 1.41616e-10 0 0 0.0048455 0 0 0 0 0 0 2.11421e+12 2.11421e+12 2.11421e+12 2.11421e+12 
0.198 1.04904 -2.25096 -0.0572045 -1.58851 -3.24904 2.77106e+07 2.51788e+14 0.000128183 0.000435412 5.69096e-16 1.75649e-08 248829 0 0 1.41624e-10 0 0 0.0048455 0 0 0 0 0 0 2.03302e+12 2.03302e+12 2.03302e+12 2.03302e+12 
0.198 1.04904 -2.25096 -0.0572045 -1.58851 -3.24904 2.77106e+07 2.51788e+14 0.000128185 0.00043542 5.69107e-16 1.75652e-08 248835 0 0 1.41639e-10 0 0 0.0048455 0 0 0 0 0 0 2.03306e+12 2.03306e+12 2.03306e+12 2.03306e+12 
0.198409 1.05923 -2.24077 -0.0470164 -1.57691 -3.25923 2.77122e+07 2.41047e+14 0.000128186 0.00043075 5.69144e-16 1.66356e-08 248837 0 0 1.41645e-10 0 0 0.0048455 0 0 0 0 0 0 1.93032e+12 1.93032e+12 1.93032e+12 1.93032e+12 
0.198752 1.06775 -2.23225 -0.0384965 -1.56659 -3.26775 2.77135e+07 2.28018e+14 0.000128188 0.000424928 5.69179e-16 1.55237e-08 248842 0 0 1.41655e-10 0 0 0.0048455 0 0 0 0 0 0 1.80705e+12 1.80705e+12 1.80705e+12 1.80705e+12 
0.199038 1.07487 -2.22513 -0.0313716 -1.55728 -3.27487 2.77146e+07 2.13063e+14 0.000128189 0.000418008 5.69207e-16 1.42693e-08 248845 0 0 1.41663e-10 0 0 0.0048455 0 0 0 0 0 0 1.66747e+12 1.66747e+12 1.66747e+12 1.66747e+12 
0.199277 1.08083 -2.21917 -0.0254133 -1.54875 -3.28083 2.77154e+07 1.96665e+14 0.00012819 0.000410094 5.69229e-16 1.29217e-08 248847 0 0 1.41669e-10 0 0 0.00484549 0 0 0 0 0 0 1.51689e+12 1.51689e+12 1.51689e+12 1.51689e+12 
0.199478 1.08581 -2.21419 -0.0204307 -1.54082 -3.28581 2.77161e+07 1.7935e+14 0.000128191 0.000401318 5.69246e-16 1.15319e-08 248849 0 0 1.41674e-10 0 0 0.00484548 0 0 0 0 0 0 1.36082e+12 1.36082e+12 1.36082e+12 1.36082e+12 
0.199645 1.08998 -2.21002 -0.016264 -1.53333 -3.28998 2.77166e+07 1.6163e+14 0.000128192 0.000391817 5.6926e-16 1.01464e-08 248851 0 0 1.41678e-10 0 0 0.00484546 0 0 0 0 0 0 1.20438e+12 1.20438e+12 1.20438e+12 1.20438e+12 
0.199785 1.09346 -2.20654 -0.0127796 -1.52617 -3.29346 2.7717e+07 1.43957e+14 0.000128192 0.00038172 5.69271e-16 8.80418e-09 248852 0 0 1.4168e-10 0 0 0.00484542 0 0 0 0 0 0 1.05189e+12 1.05189e+12 1.05189e+12 1.05189e+12 
0.199902 1.09638 -2.20362 -0.0098658 -1.51923 -3.29638 2.77174e+07 1.26706e+14 0.000128193 0.000371139 5.69279e-16 7.53435e-09 248853 0 0 1.41682e-10 0 0 0.00484536 0 0 0 0 0 0 9.06637e+11 9.06637e+11 9.06637e+11 9.06637e+11 
0.2 1.09881 -2.20119 -0.0074291 -1.5124 -3.29881 2.77176e+07 1.10161e+14 0.000128193 0.000360161 5.69285e-16 6.35673e-09 248853 0 0 1.41683e-10 0 0 0.00484533 0 0 0 0 0 0 7.70924e+11 7.70924e+11 7.70924e+11 7.70924e+11 