# ASCII 1D datafile generated by TiberCAD
# x Ec Ev eQFermi hQFermi ElPotential eDensity hDensity eMobility hMobility eConductivity hConductivity ElField_x ElField_y ElField_z eCurrentDensity_x eCurrentDensity_y eCurrentDensity_z hCurrentDensity_x hCurrentDensity_y hCurrentDensity_z IonizedDonors IonizedAcceptors IonizedElectronTraps IonizedHoleTraps eNetRecombination eLangevinRecombination hNetRecombination hLangevinRecombination 
0 -2.575 -5.875 -3.73315 -5.21678 0.375 3.82189e+06 2.86731e+14 0.000104798 0.000374572 6.41715e-17 1.72076e-08 182905 0 0 5.02333e-11 0 0 0.00314787 0 0 0 0 0 0 2.71592e+11 2.71592e+11 2.71592e+11 2.71592e+11 
9.79066e-05 -2.57321 -5.87321 -3.72624 -5.21499 0.373209 4.64847e+06 2.86728e+14 0.000104956 0.000374572 7.81679e-17 1.72074e-08 182906 0 0 5.02336e-11 0 0 0.00314787 0 0 0 0 0 0 3.30437e+11 3.30437e+11 3.30437e+11 3.30437e+11 
0.000214985 -2.57107 -5.87107 -3.71939 -5.21285 0.371068 5.56401e+06 2.86725e+14 0.000105107 0.000374573 9.36978e-17 1.72073e-08 182908 0 0 5.02345e-11 0 0 0.00314787 0 0 0 0 0 0 3.95638e+11 3.95638e+11 3.95638e+11 3.95638e+11 
0.000354988 -2.56851 -5.86851 -3.71251 -5.21029 0.368507 6.56324e+06 2.86721e+14 0.00010525 0.000374573 1.10676e-16 1.72071e-08 182910 0 0 5.02356e-11 0 0 0.00314787 0 0 0 0 0 0 4.66824e+11 4.66824e+11 4.66824e+11 4.66824e+11 
0.000522406 -2.56544 -5.86544 -3.70549 -5.20723 0.365445 7.63481e+06 2.86717e+14 0.000105386 0.000374574 1.28912e-16 1.72068e-08 182912 0 0 5.02371e-11 0 0 0.00314787 0 0 0 0 0 0 5.43189e+11 5.43189e+11 5.43189e+11 5.43189e+11 
0.000722606 -2.56178 -5.86178 -3.69823 -5.20357 0.361783 8.76011e+06 2.86712e+14 0.000105514 0.000374575 1.48091e-16 1.72066e-08 182915 0 0 5.0239e-11 0 0 0.00314787 0 0 0 0 0 0 6.23404e+11 6.23404e+11 6.23404e+11 6.23404e+11 
0.000962009 -2.5574 -5.8574 -3.69061 -5.19919 0.357404 9.91257e+06 2.86705e+14 0.000105631 0.000374576 1.67761e-16 1.72062e-08 182919 0 0 5.02416e-11 0 0 0.00314787 0 0 0 0 0 0 7.05577e+11 7.05577e+11 7.05577e+11 7.05577e+11 
0.00124829 -2.55217 -5.85217 -3.68251 -5.19395 0.352167 1.1058e+07 2.86698e+14 0.000105738 0.000374577 1.87336e-16 1.72058e-08 182923 0 0 5.0245e-11 0 0 0.00314787 0 0 0 0 0 0 7.87266e+11 7.87266e+11 7.87266e+11 7.87266e+11 
0.00159063 -2.5459 -5.8459 -3.67377 -5.18768 0.345905 1.21564e+07 2.86688e+14 0.000105833 0.000374579 2.06129e-16 1.72054e-08 182928 0 0 5.02495e-11 0 0 0.00314787 0 0 0 0 0 0 8.65613e+11 8.65613e+11 8.65613e+11 8.65613e+11 
0.002 -2.53842 -5.83842 -3.66419 -5.18019 0.338416 1.31655e+07 2.86678e+14 0.000105914 0.000374578 2.2341e-16 1.72047e-08 182931 0 0 5.02524e-11 0 0 0.00314787 0 0 0 0 0 0 9.37588e+11 9.37588e+11 9.37588e+11 9.37588e+11 
0.002 -2.53842 -5.83842 -3.66419 -5.18019 0.338416 1.31655e+07 2.86678e+14 0.000105916 0.000374584 2.23414e-16 1.72049e-08 182938 0 0 5.02592e-11 0 0 0.00314787 0 0 0 0 0 0 9.37603e+11 9.37603e+11 9.37603e+11 9.37603e+11 
0.0025 -2.52927 -5.82927 -3.65331 -5.17105 0.329269 1.40622e+07 2.86664e+14 0.000105984 0.000374583 2.38784e-16 1.72041e-08 182942 0 0 5.02632e-11 0 0 0.00314787 0 0 0 0 0 0 1.00156e+12 1.00156e+12 1.00156e+12 1.00156e+12 
0.003 -2.52012 -5.82012 -3.64302 -5.1619 0.320122 1.46906e+07 2.86651e+14 0.000106031 0.000374585 2.49565e-16 1.72034e-08 182949 0 0 5.02714e-11 0 0 0.00314787 0 0 0 0 0 0 1.04637e+12 1.04637e+12 1.04637e+12 1.04637e+12 
0.0035 -2.51097 -5.81097 -3.6331 -5.15275 0.310974 1.51312e+07 2.86638e+14 0.000106064 0.000374587 2.57129e-16 1.72027e-08 182957 0 0 5.02799e-11 0 0 0.00314787 0 0 0 0 0 0 1.07778e+12 1.07778e+12 1.07778e+12 1.07778e+12 
0.004 -2.50183 -5.80183 -3.62342 -5.1436 0.301826 1.54402e+07 2.86624e+14 0.000106087 0.000374589 2.62437e-16 1.7202e-08 182964 0 0 5.02886e-11 0 0 0.00314787 0 0 0 0 0 0 1.0998e+12 1.0998e+12 1.0998e+12 1.0998e+12 
0.0045 -2.49268 -5.79268 -3.61391 -5.13445 0.292678 1.56572e+07 2.86611e+14 0.000106103 0.000374592 2.66167e-16 1.72013e-08 182971 0 0 5.02974e-11 0 0 0.00314787 0 0 0 0 0 0 1.11525e+12 1.11525e+12 1.11525e+12 1.11525e+12 
0.005 -2.48353 -5.78353 -3.6045 -5.1253 0.283529 1.58098e+07 2.86598e+14 0.000106115 0.000374594 2.68791e-16 1.72006e-08 182979 0 0 5.03064e-11 0 0 0.00314787 0 0 0 0 0 0 1.12609e+12 1.12609e+12 1.12609e+12 1.12609e+12 
0.0055 -2.47438 -5.77438 -3.59518 -5.11615 0.27438 1.59172e+07 2.86584e+14 0.000106124 0.000374596 2.7064e-16 1.71999e-08 182986 0 0 5.03154e-11 0 0 0.00314787 0 0 0 0 0 0 1.13372e+12 1.13372e+12 1.13372e+12 1.13372e+12 
0.006 -2.46523 -5.76523 -3.5859 -5.107 0.26523 1.5993e+07 2.86571e+14 0.000106131 0.000374598 2.71947e-16 1.71992e-08 182994 0 0 5.03245e-11 0 0 0.00314787 0 0 0 0 0 0 1.13909e+12 1.13909e+12 1.13909e+12 1.13909e+12 
0.0065 -2.45608 -5.75608 -3.57666 -5.09785 0.256081 1.60467e+07 2.86558e+14 0.000106137 0.000374601 2.72874e-16 1.71985e-08 183001 0 0 5.03336e-11 0 0 0.00314787 0 0 0 0 0 0 1.14287e+12 1.14287e+12 1.14287e+12 1.14287e+12 
0.007 -2.44693 -5.74693 -3.56745 -5.08869 0.24693 1.60849e+07 2.86545e+14 0.000106141 0.000374603 2.73534e-16 1.71978e-08 183008 0 0 5.03428e-11 0 0 0.00314787 0 0 0 0 0 0 1.14556e+12 1.14556e+12 1.14556e+12 1.14556e+12 
0.0075 -2.43778 -5.73778 -3.55826 -5.07954 0.23778 1.61122e+07 2.86531e+14 0.000106145 0.000374605 2.74009e-16 1.71971e-08 183016 0 0 5.0352e-11 0 0 0.00314787 0 0 0 0 0 0 1.14747e+12 1.14747e+12 1.14747e+12 1.14747e+12 
0.008 -2.42863 -5.72863 -3.54907 -5.07039 0.228629 1.61319e+07 2.86518e+14 0.000106148 0.000374607 2.74353e-16 1.71964e-08 183023 0 0 5.03611e-11 0 0 0.00314787 0 0 0 0 0 0 1.14883e+12 1.14883e+12 1.14883e+12 1.14883e+12 
0.0085 -2.41948 -5.71948 -3.5399 -5.06124 0.219477 1.61464e+07 2.86505e+14 0.000106151 0.000374609 2.74605e-16 1.71957e-08 183031 0 0 5.03703e-11 0 0 0.00314787 0 0 0 0 0 0 1.14982e+12 1.14982e+12 1.14982e+12 1.14982e+12 
0.009 -2.41033 -5.71033 -3.53073 -5.05208 0.210326 1.61571e+07 2.86491e+14 0.000106154 0.000374612 2.74794e-16 1.7195e-08 183038 0 0 5.03795e-11 0 0 0.00314787 0 0 0 0 0 0 1.15054e+12 1.15054e+12 1.15054e+12 1.15054e+12 
0.0095 -2.40117 -5.70117 -3.52156 -5.04293 0.201174 1.61652e+07 2.86478e+14 0.000106156 0.000374614 2.74938e-16 1.71943e-08 183045 0 0 5.03887e-11 0 0 0.00314787 0 0 0 0 0 0 1.15107e+12 1.15107e+12 1.15107e+12 1.15107e+12 
0.01 -2.39202 -5.69202 -3.5124 -5.03378 0.192021 1.61714e+07 2.86465e+14 0.000106158 0.000374616 2.7505e-16 1.71936e-08 183053 0 0 5.03979e-11 0 0 0.00314787 0 0 0 0 0 0 1.15147e+12 1.15147e+12 1.15147e+12 1.15147e+12 
0.0105 -2.38287 -5.68287 -3.50324 -5.02462 0.182868 1.61764e+07 2.86451e+14 0.00010616 0.000374618 2.75141e-16 1.7193e-08 183060 0 0 5.04071e-11 0 0 0.00314787 0 0 0 0 0 0 1.15179e+12 1.15179e+12 1.15179e+12 1.15179e+12 
0.011 -2.37372 -5.67372 -3.49408 -5.01547 0.173715 1.61805e+07 2.86438e+14 0.000106163 0.000374621 2.75216e-16 1.71923e-08 183068 0 0 5.04164e-11 0 0 0.00314787 0 0 0 0 0 0 1.15203e+12 1.15203e+12 1.15203e+12 1.15203e+12 
0.0115 -2.36456 -5.66456 -3.48492 -5.00631 0.164562 1.6184e+07 2.86425e+14 0.000106165 0.000374623 2.7528e-16 1.71916e-08 183075 0 0 5.04256e-11 0 0 0.00314787 0 0 0 0 0 0 1.15224e+12 1.15224e+12 1.15224e+12 1.15224e+12 
0.012 -2.35541 -5.65541 -3.47576 -4.99716 0.155408 1.6187e+07 2.86412e+14 0.000106167 0.000374625 2.75337e-16 1.71909e-08 183083 0 0 5.04348e-11 0 0 0.00314787 0 0 0 0 0 0 1.15241e+12 1.15241e+12 1.15241e+12 1.15241e+12 
0.0125 -2.34625 -5.64625 -3.4666 -4.988 0.146253 1.61897e+07 2.86398e+14 0.000106169 0.000374627 2.75389e-16 1.71902e-08 183090 0 0 5.0444e-11 0 0 0.00314787 0 0 0 0 0 0 1.15256e+12 1.15256e+12 1.15256e+12 1.15256e+12 
0.013 -2.3371 -5.6371 -3.45745 -4.97884 0.137099 1.61922e+07 2.86385e+14 0.000106171 0.00037463 2.75437e-16 1.71895e-08 183097 0 0 5.04532e-11 0 0 0.00314787 0 0 0 0 0 0 1.1527e+12 1.1527e+12 1.1527e+12 1.1527e+12 
0.0135 -2.32794 -5.62794 -3.44829 -4.96969 0.127944 1.61945e+07 2.86372e+14 0.000106173 0.000374632 2.75482e-16 1.71888e-08 183105 0 0 5.04624e-11 0 0 0.00314787 0 0 0 0 0 0 1.15282e+12 1.15282e+12 1.15282e+12 1.15282e+12 
0.014 -2.31879 -5.61879 -3.43913 -4.96053 0.118788 1.61968e+07 2.86358e+14 0.000106175 0.000374634 2.75525e-16 1.71881e-08 183112 0 0 5.04716e-11 0 0 0.00314787 0 0 0 0 0 0 1.15294e+12 1.15294e+12 1.15294e+12 1.15294e+12 
0.0145 -2.30963 -5.60963 -3.42997 -4.95137 0.109632 1.6199e+07 2.86345e+14 0.000106177 0.000374636 2.75567e-16 1.71874e-08 183120 0 0 5.04809e-11 0 0 0.00314787 0 0 0 0 0 0 1.15305e+12 1.15305e+12 1.15305e+12 1.15305e+12 
0.015 -2.30048 -5.60048 -3.42081 -4.94222 0.100476 1.62011e+07 2.86332e+14 0.000106179 0.000374638 2.75609e-16 1.71867e-08 183127 0 0 5.04901e-11 0 0 0.00314787 0 0 0 0 0 0 1.15315e+12 1.15315e+12 1.15315e+12 1.15315e+12 
0.0155 -2.29132 -5.59132 -3.41165 -4.93306 0.0913197 1.62032e+07 2.86319e+14 0.000106181 0.000374641 2.75649e-16 1.7186e-08 183134 0 0 5.04993e-11 0 0 0.00314787 0 0 0 0 0 0 1.15326e+12 1.15326e+12 1.15326e+12 1.15326e+12 
0.016 -2.28216 -5.58216 -3.40249 -4.9239 0.0821628 1.62052e+07 2.86305e+14 0.000106183 0.000374643 2.7569e-16 1.71853e-08 183142 0 0 5.05085e-11 0 0 0.00314787 0 0 0 0 0 0 1.15336e+12 1.15336e+12 1.15336e+12 1.15336e+12 
0.0165 -2.27301 -5.57301 -3.39333 -4.91474 0.0730055 1.62072e+07 2.86292e+14 0.000106185 0.000374645 2.7573e-16 1.71846e-08 183149 0 0 5.05177e-11 0 0 0.00314787 0 0 0 0 0 0 1.15346e+12 1.15346e+12 1.15346e+12 1.15346e+12 
0.017 -2.26385 -5.56385 -3.38417 -4.90558 0.0638479 1.62093e+07 2.86279e+14 0.000106187 0.000374647 2.75769e-16 1.71839e-08 183157 0 0 5.0527e-11 0 0 0.00314787 0 0 0 0 0 0 1.15356e+12 1.15356e+12 1.15356e+12 1.15356e+12 
0.0175 -2.25469 -5.55469 -3.37501 -4.89642 0.0546899 1.62113e+07 2.86266e+14 0.000106189 0.00037465 2.75809e-16 1.71832e-08 183164 0 0 5.05362e-11 0 0 0.00314787 0 0 0 0 0 0 1.15366e+12 1.15366e+12 1.15366e+12 1.15366e+12 
0.018 -2.24553 -5.54553 -3.36584 -4.88726 0.0455315 1.62133e+07 2.86252e+14 0.000106191 0.000374652 2.75848e-16 1.71825e-08 183171 0 0 5.05454e-11 0 0 0.00314787 0 0 0 0 0 0 1.15376e+12 1.15376e+12 1.15376e+12 1.15376e+12 
0.0185 -2.23637 -5.53637 -3.35668 -4.8781 0.0363728 1.62153e+07 2.86239e+14 0.000106193 0.000374654 2.75888e-16 1.71818e-08 183179 0 0 5.05546e-11 0 0 0.00314787 0 0 0 0 0 0 1.15386e+12 1.15386e+12 1.15386e+12 1.15386e+12 
0.019 -2.22721 -5.52721 -3.34752 -4.86894 0.0272136 1.62173e+07 2.86226e+14 0.000106195 0.000374656 2.75927e-16 1.71811e-08 183186 0 0 5.05639e-11 0 0 0.00314787 0 0 0 0 0 0 1.15396e+12 1.15396e+12 1.15396e+12 1.15396e+12 
0.0195 -2.21805 -5.51805 -3.33836 -4.85978 0.0180541 1.62193e+07 2.86212e+14 0.000106197 0.000374659 2.75966e-16 1.71805e-08 183194 0 0 5.05731e-11 0 0 0.00314787 0 0 0 0 0 0 1.15406e+12 1.15406e+12 1.15406e+12 1.15406e+12 
0.02 -2.20889 -5.50889 -3.32919 -4.85062 0.00889428 1.62213e+07 2.86199e+14 0.000106199 0.000374661 2.76006e-16 1.71798e-08 183201 0 0 5.05823e-11 0 0 0.00314787 0 0 0 0 0 0 1.15416e+12 1.15416e+12 1.15416e+12 1.15416e+12 
0.0205 -2.19973 -5.49973 -3.32003 -4.84146 -0.000265954 1.62233e+07 2.86186e+14 0.000106201 0.000374663 2.76045e-16 1.71791e-08 183208 0 0 5.05915e-11 0 0 0.00314787 0 0 0 0 0 0 1.15426e+12 1.15426e+12 1.15426e+12 1.15426e+12 
0.021 -2.19057 -5.49057 -3.31087 -4.83229 -0.00942655 1.62253e+07 2.86173e+14 0.000106203 0.000374665 2.76084e-16 1.71784e-08 183216 0 0 5.06008e-11 0 0 0.00314787 0 0 0 0 0 0 1.15436e+12 1.15436e+12 1.15436e+12 1.15436e+12 
0.0215 -2.18141 -5.48141 -3.3017 -4.82313 -0.0185875 1.62273e+07 2.86159e+14 0.000106205 0.000374668 2.76123e-16 1.71777e-08 183223 0 0 5.061e-11 0 0 0.00314787 0 0 0 0 0 0 1.15446e+12 1.15446e+12 1.15446e+12 1.15446e+12 
0.022 -2.17225 -5.47225 -3.29254 -4.81397 -0.0277489 1.62293e+07 2.86146e+14 0.000106207 0.00037467 2.76163e-16 1.7177e-08 183231 0 0 5.06192e-11 0 0 0.00314787 0 0 0 0 0 0 1.15456e+12 1.15456e+12 1.15456e+12 1.15456e+12 
0.0225 -2.16309 -5.46309 -3.28337 -4.80481 -0.0369106 1.62313e+07 2.86133e+14 0.000106209 0.000374672 2.76202e-16 1.71763e-08 183238 0 0 5.06285e-11 0 0 0.00314787 0 0 0 0 0 0 1.15466e+12 1.15466e+12 1.15466e+12 1.15466e+12 
0.023 -2.15393 -5.45393 -3.27421 -4.79564 -0.0460727 1.62333e+07 2.8612e+14 0.000106211 0.000374674 2.76241e-16 1.71756e-08 183245 0 0 5.06377e-11 0 0 0.00314787 0 0 0 0 0 0 1.15476e+12 1.15476e+12 1.15476e+12 1.15476e+12 
0.0235 -2.14476 -5.44476 -3.26504 -4.78648 -0.0552351 1.62353e+07 2.86106e+14 0.000106213 0.000374677 2.7628e-16 1.71749e-08 183253 0 0 5.06469e-11 0 0 0.00314787 0 0 0 0 0 0 1.15485e+12 1.15485e+12 1.15485e+12 1.15485e+12 
0.024 -2.1356 -5.4356 -3.25588 -4.77731 -0.0643979 1.62373e+07 2.86093e+14 0.000106215 0.000374679 2.7632e-16 1.71742e-08 183260 0 0 5.06562e-11 0 0 0.00314787 0 0 0 0 0 0 1.15495e+12 1.15495e+12 1.15495e+12 1.15495e+12 
0.0245 -2.12644 -5.42644 -3.24671 -4.76815 -0.0735611 1.62393e+07 2.8608e+14 0.000106217 0.000374681 2.76359e-16 1.71735e-08 183267 0 0 5.06654e-11 0 0 0.00314787 0 0 0 0 0 0 1.15505e+12 1.15505e+12 1.15505e+12 1.15505e+12 
0.025 -2.11728 -5.41728 -3.23754 -4.75898 -0.0827247 1.62413e+07 2.86067e+14 0.000106219 0.000374683 2.76398e-16 1.71728e-08 183275 0 0 5.06746e-11 0 0 0.00314787 0 0 0 0 0 0 1.15515e+12 1.15515e+12 1.15515e+12 1.15515e+12 
0.0255 -2.10811 -5.40811 -3.22838 -4.74982 -0.0918886 1.62433e+07 2.86053e+14 0.000106221 0.000374685 2.76437e-16 1.71721e-08 183282 0 0 5.06839e-11 0 0 0.00314787 0 0 0 0 0 0 1.15525e+12 1.15525e+12 1.15525e+12 1.15525e+12 
0.026 -2.09895 -5.39895 -3.21921 -4.74065 -0.101053 1.62453e+07 2.8604e+14 0.000106223 0.000374688 2.76476e-16 1.71714e-08 183290 0 0 5.06931e-11 0 0 0.00314787 0 0 0 0 0 0 1.15535e+12 1.15535e+12 1.15535e+12 1.15535e+12 
0.0265 -2.08978 -5.38978 -3.21004 -4.73149 -0.110218 1.62473e+07 2.86027e+14 0.000106225 0.00037469 2.76516e-16 1.71708e-08 183297 0 0 5.07023e-11 0 0 0.00314787 0 0 0 0 0 0 1.15545e+12 1.15545e+12 1.15545e+12 1.15545e+12 
0.027 -2.08062 -5.38062 -3.20087 -4.72232 -0.119383 1.62493e+07 2.86014e+14 0.000106228 0.000374692 2.76555e-16 1.71701e-08 183304 0 0 5.07116e-11 0 0 0.00314787 0 0 0 0 0 0 1.15555e+12 1.15555e+12 1.15555e+12 1.15555e+12 
0.0275 -2.07145 -5.37145 -3.1917 -4.71315 -0.128548 1.62513e+07 2.86e+14 0.00010623 0.000374694 2.76594e-16 1.71694e-08 183312 0 0 5.07208e-11 0 0 0.00314787 0 0 0 0 0 0 1.15564e+12 1.15564e+12 1.15564e+12 1.15564e+12 
0.028 -2.06229 -5.36229 -3.18253 -4.70399 -0.137714 1.62533e+07 2.85987e+14 0.000106232 0.000374697 2.76633e-16 1.71687e-08 183319 0 0 5.07301e-11 0 0 0.00314787 0 0 0 0 0 0 1.15574e+12 1.15574e+12 1.15574e+12 1.15574e+12 
0.0285 -2.05312 -5.35312 -3.17336 -4.69482 -0.14688 1.62553e+07 2.85974e+14 0.000106234 0.000374699 2.76673e-16 1.7168e-08 183327 0 0 5.07393e-11 0 0 0.00314787 0 0 0 0 0 0 1.15584e+12 1.15584e+12 1.15584e+12 1.15584e+12 
0.029 -2.04395 -5.34395 -3.1642 -4.68565 -0.156046 1.62573e+07 2.85961e+14 0.000106236 0.000374701 2.76712e-16 1.71673e-08 183334 0 0 5.07485e-11 0 0 0.00314787 0 0 0 0 0 0 1.15594e+12 1.15594e+12 1.15594e+12 1.15594e+12 
0.0295 -2.03479 -5.33479 -3.15503 -4.67648 -0.165213 1.62593e+07 2.85947e+14 0.000106238 0.000374703 2.76751e-16 1.71666e-08 183341 0 0 5.07578e-11 0 0 0.00314787 0 0 0 0 0 0 1.15604e+12 1.15604e+12 1.15604e+12 1.15604e+12 
0.03 -2.02562 -5.32562 -3.14585 -4.66731 -0.174381 1.62613e+07 2.85934e+14 0.00010624 0.000374706 2.7679e-16 1.71659e-08 183349 0 0 5.0767e-11 0 0 0.00314787 0 0 0 0 0 0 1.15614e+12 1.15614e+12 1.15614e+12 1.15614e+12 
0.0305 -2.01645 -5.31645 -3.13668 -4.65814 -0.183548 1.62633e+07 2.85921e+14 0.000106242 0.000374708 2.7683e-16 1.71652e-08 183356 0 0 5.07763e-11 0 0 0.00314787 0 0 0 0 0 0 1.15624e+12 1.15624e+12 1.15624e+12 1.15624e+12 
0.031 -2.00728 -5.30728 -3.12751 -4.64897 -0.192716 1.62653e+07 2.85908e+14 0.000106244 0.00037471 2.76869e-16 1.71645e-08 183364 0 0 5.07855e-11 0 0 0.00314787 0 0 0 0 0 0 1.15634e+12 1.15634e+12 1.15634e+12 1.15634e+12 
0.0315 -1.99812 -5.29812 -3.11834 -4.6398 -0.201885 1.62672e+07 2.85895e+14 0.000106246 0.000374712 2.76908e-16 1.71638e-08 183371 0 0 5.07948e-11 0 0 0.00314787 0 0 0 0 0 0 1.15643e+12 1.15643e+12 1.15643e+12 1.15643e+12 
0.032 -1.98895 -5.28895 -3.10917 -4.63063 -0.211053 1.62692e+07 2.85881e+14 0.000106248 0.000374715 2.76948e-16 1.71631e-08 183378 0 0 5.0804e-11 0 0 0.00314787 0 0 0 0 0 0 1.15653e+12 1.15653e+12 1.15653e+12 1.15653e+12 
0.0325 -1.97978 -5.27978 -3.1 -4.62146 -0.220222 1.62712e+07 2.85868e+14 0.00010625 0.000374717 2.76987e-16 1.71625e-08 183386 0 0 5.08133e-11 0 0 0.00314787 0 0 0 0 0 0 1.15663e+12 1.15663e+12 1.15663e+12 1.15663e+12 
0.033 -1.97061 -5.27061 -3.09082 -4.61229 -0.229392 1.62732e+07 2.85855e+14 0.000106252 0.000374719 2.77026e-16 1.71618e-08 183393 0 0 5.08225e-11 0 0 0.00314787 0 0 0 0 0 0 1.15673e+12 1.15673e+12 1.15673e+12 1.15673e+12 
0.0335 -1.96144 -5.26144 -3.08165 -4.60312 -0.238562 1.62752e+07 2.85842e+14 0.000106254 0.000374721 2.77065e-16 1.71611e-08 183401 0 0 5.08318e-11 0 0 0.00314787 0 0 0 0 0 0 1.15683e+12 1.15683e+12 1.15683e+12 1.15683e+12 
0.034 -1.95227 -5.25227 -3.07248 -4.59395 -0.247732 1.62772e+07 2.85828e+14 0.000106256 0.000374724 2.77105e-16 1.71604e-08 183408 0 0 5.0841e-11 0 0 0.00314787 0 0 0 0 0 0 1.15693e+12 1.15693e+12 1.15693e+12 1.15693e+12 
0.0345 -1.9431 -5.2431 -3.0633 -4.58478 -0.256903 1.62792e+07 2.85815e+14 0.000106258 0.000374726 2.77144e-16 1.71597e-08 183415 0 0 5.08503e-11 0 0 0.00314787 0 0 0 0 0 0 1.15703e+12 1.15703e+12 1.15703e+12 1.15703e+12 
0.035 -1.93393 -5.23393 -3.05413 -4.57561 -0.266073 1.62812e+07 2.85802e+14 0.00010626 0.000374728 2.77183e-16 1.7159e-08 183423 0 0 5.08595e-11 0 0 0.00314787 0 0 0 0 0 0 1.15712e+12 1.15712e+12 1.15712e+12 1.15712e+12 
0.0355 -1.92476 -5.22476 -3.04495 -4.56643 -0.275245 1.62832e+07 2.85789e+14 0.000106262 0.00037473 2.77222e-16 1.71583e-08 183430 0 0 5.08688e-11 0 0 0.00314787 0 0 0 0 0 0 1.15722e+12 1.15722e+12 1.15722e+12 1.15722e+12 
0.036 -1.91558 -5.21558 -3.03578 -4.55726 -0.284416 1.62852e+07 2.85776e+14 0.000106264 0.000374733 2.77262e-16 1.71576e-08 183437 0 0 5.0878e-11 0 0 0.00314787 0 0 0 0 0 0 1.15732e+12 1.15732e+12 1.15732e+12 1.15732e+12 
0.0365 -1.90641 -5.20641 -3.0266 -4.54809 -0.293589 1.62872e+07 2.85762e+14 0.000106266 0.000374735 2.77301e-16 1.71569e-08 183445 0 0 5.08873e-11 0 0 0.00314787 0 0 0 0 0 0 1.15742e+12 1.15742e+12 1.15742e+12 1.15742e+12 
0.037 -1.89724 -5.19724 -3.01743 -4.53891 -0.302761 1.62892e+07 2.85749e+14 0.000106268 0.000374737 2.7734e-16 1.71562e-08 183452 0 0 5.08965e-11 0 0 0.00314787 0 0 0 0 0 0 1.15752e+12 1.15752e+12 1.15752e+12 1.15752e+12 
0.0375 -1.88807 -5.18807 -3.00825 -4.52974 -0.311934 1.62912e+07 2.85736e+14 0.00010627 0.000374739 2.77379e-16 1.71555e-08 183460 0 0 5.09058e-11 0 0 0.00314787 0 0 0 0 0 0 1.15762e+12 1.15762e+12 1.15762e+12 1.15762e+12 
0.038 -1.87889 -5.17889 -2.99908 -4.52056 -0.321107 1.62932e+07 2.85723e+14 0.000106272 0.000374742 2.77419e-16 1.71549e-08 183467 0 0 5.0915e-11 0 0 0.00314787 0 0 0 0 0 0 1.15772e+12 1.15772e+12 1.15772e+12 1.15772e+12 
0.0385 -1.86972 -5.16972 -2.9899 -4.51139 -0.33028 1.62952e+07 2.85709e+14 0.000106274 0.000374744 2.77458e-16 1.71542e-08 183474 0 0 5.09243e-11 0 0 0.00314787 0 0 0 0 0 0 1.15782e+12 1.15782e+12 1.15782e+12 1.15782e+12 
0.039 -1.86055 -5.16055 -2.98072 -4.50221 -0.339454 1.62972e+07 2.85696e+14 0.000106276 0.000374746 2.77497e-16 1.71535e-08 183482 0 0 5.09335e-11 0 0 0.00314787 0 0 0 0 0 0 1.15791e+12 1.15791e+12 1.15791e+12 1.15791e+12 
0.0395 -1.85137 -5.15137 -2.97155 -4.49304 -0.348629 1.62992e+07 2.85683e+14 0.000106278 0.000374748 2.77537e-16 1.71528e-08 183489 0 0 5.09428e-11 0 0 0.00314787 0 0 0 0 0 0 1.15801e+12 1.15801e+12 1.15801e+12 1.15801e+12 
0.04 -1.8422 -5.1422 -2.96237 -4.48386 -0.357803 1.63012e+07 2.8567e+14 0.00010628 0.000374751 2.77576e-16 1.71521e-08 183497 0 0 5.09521e-11 0 0 0.00314787 0 0 0 0 0 0 1.15811e+12 1.15811e+12 1.15811e+12 1.15811e+12 
0.0405 -1.83302 -5.13302 -2.95319 -4.47468 -0.366978 1.63032e+07 2.85657e+14 0.000106282 0.000374753 2.77615e-16 1.71514e-08 183504 0 0 5.09613e-11 0 0 0.00314787 0 0 0 0 0 0 1.15821e+12 1.15821e+12 1.15821e+12 1.15821e+12 
0.041 -1.82385 -5.12385 -2.94401 -4.46551 -0.376154 1.63052e+07 2.85643e+14 0.000106284 0.000374755 2.77654e-16 1.71507e-08 183511 0 0 5.09706e-11 0 0 0.00314787 0 0 0 0 0 0 1.15831e+12 1.15831e+12 1.15831e+12 1.15831e+12 
0.0415 -1.81467 -5.11467 -2.93483 -4.45633 -0.385329 1.63072e+07 2.8563e+14 0.000106286 0.000374757 2.77694e-16 1.715e-08 183519 0 0 5.09798e-11 0 0 0.00314787 0 0 0 0 0 0 1.15841e+12 1.15841e+12 1.15841e+12 1.15841e+12 
0.042 -1.80549 -5.10549 -2.92565 -4.44715 -0.394506 1.63092e+07 2.85617e+14 0.000106288 0.00037476 2.77733e-16 1.71493e-08 183526 0 0 5.09891e-11 0 0 0.00314787 0 0 0 0 0 0 1.15851e+12 1.15851e+12 1.15851e+12 1.15851e+12 
0.0425 -1.79632 -5.09632 -2.91647 -4.43797 -0.403682 1.63112e+07 2.85604e+14 0.00010629 0.000374762 2.77772e-16 1.71486e-08 183533 0 0 5.09984e-11 0 0 0.00314787 0 0 0 0 0 0 1.1586e+12 1.1586e+12 1.1586e+12 1.1586e+12 
0.043 -1.78714 -5.08714 -2.90729 -4.4288 -0.412859 1.63132e+07 2.85591e+14 0.000106292 0.000374764 2.77812e-16 1.7148e-08 183541 0 0 5.10076e-11 0 0 0.00314787 0 0 0 0 0 0 1.1587e+12 1.1587e+12 1.1587e+12 1.1587e+12 
0.0435 -1.77796 -5.07796 -2.89811 -4.41962 -0.422036 1.63152e+07 2.85577e+14 0.000106294 0.000374766 2.77851e-16 1.71473e-08 183548 0 0 5.10169e-11 0 0 0.00314787 0 0 0 0 0 0 1.1588e+12 1.1588e+12 1.1588e+12 1.1588e+12 
0.044 -1.76879 -5.06879 -2.88893 -4.41044 -0.431214 1.63172e+07 2.85564e+14 0.000106296 0.000374769 2.7789e-16 1.71466e-08 183556 0 0 5.10262e-11 0 0 0.00314787 0 0 0 0 0 0 1.1589e+12 1.1589e+12 1.1589e+12 1.1589e+12 
0.0445 -1.75961 -5.05961 -2.87975 -4.40126 -0.440392 1.63192e+07 2.85551e+14 0.000106298 0.000374771 2.7793e-16 1.71459e-08 183563 0 0 5.10354e-11 0 0 0.00314787 0 0 0 0 0 0 1.159e+12 1.159e+12 1.159e+12 1.159e+12 
0.045 -1.75043 -5.05043 -2.87057 -4.39208 -0.44957 1.63212e+07 2.85538e+14 0.0001063 0.000374773 2.77969e-16 1.71452e-08 183570 0 0 5.10447e-11 0 0 0.00314787 0 0 0 0 0 0 1.1591e+12 1.1591e+12 1.1591e+12 1.1591e+12 
0.0455 -1.74125 -5.04125 -2.86139 -4.3829 -0.458749 1.63232e+07 2.85525e+14 0.000106302 0.000374775 2.78008e-16 1.71445e-08 183578 0 0 5.1054e-11 0 0 0.00314787 0 0 0 0 0 0 1.1592e+12 1.1592e+12 1.1592e+12 1.1592e+12 
0.046 -1.73207 -5.03207 -2.8522 -4.37372 -0.467928 1.63252e+07 2.85511e+14 0.000106304 0.000374778 2.78047e-16 1.71438e-08 183585 0 0 5.10632e-11 0 0 0.00314787 0 0 0 0 0 0 1.1593e+12 1.1593e+12 1.1593e+12 1.1593e+12 
0.0465 -1.72289 -5.02289 -2.84302 -4.36454 -0.477107 1.63272e+07 2.85498e+14 0.000106306 0.00037478 2.78087e-16 1.71431e-08 183593 0 0 5.10725e-11 0 0 0.00314787 0 0 0 0 0 0 1.15939e+12 1.15939e+12 1.15939e+12 1.15939e+12 
0.047 -1.71371 -5.01371 -2.83384 -4.35536 -0.486287 1.63292e+07 2.85485e+14 0.000106308 0.000374782 2.78126e-16 1.71424e-08 183600 0 0 5.10818e-11 0 0 0.00314787 0 0 0 0 0 0 1.15949e+12 1.15949e+12 1.15949e+12 1.15949e+12 
0.0475 -1.70453 -5.00453 -2.82466 -4.34617 -0.495467 1.63312e+07 2.85472e+14 0.00010631 0.000374784 2.78165e-16 1.71418e-08 183607 0 0 5.1091e-11 0 0 0.00314787 0 0 0 0 0 0 1.15959e+12 1.15959e+12 1.15959e+12 1.15959e+12 
0.048 -1.69535 -4.99535 -2.81547 -4.33699 -0.504648 1.63332e+07 2.85459e+14 0.000106312 0.000374787 2.78205e-16 1.71411e-08 183615 0 0 5.11003e-11 0 0 0.00314787 0 0 0 0 0 0 1.15969e+12 1.15969e+12 1.15969e+12 1.15969e+12 
0.0485 -1.68617 -4.98617 -2.80629 -4.32781 -0.513829 1.63352e+07 2.85446e+14 0.000106314 0.000374789 2.78244e-16 1.71404e-08 183622 0 0 5.11096e-11 0 0 0.00314787 0 0 0 0 0 0 1.15979e+12 1.15979e+12 1.15979e+12 1.15979e+12 
0.049 -1.67699 -4.97699 -2.7971 -4.31863 -0.52301 1.63372e+07 2.85432e+14 0.000106316 0.000374791 2.78283e-16 1.71397e-08 183629 0 0 5.11189e-11 0 0 0.00314787 0 0 0 0 0 0 1.15989e+12 1.15989e+12 1.15989e+12 1.15989e+12 
0.0495 -1.66781 -4.96781 -2.78792 -4.30944 -0.532192 1.63392e+07 2.85419e+14 0.000106318 0.000374793 2.78323e-16 1.7139e-08 183637 0 0 5.11281e-11 0 0 0.00314787 0 0 0 0 0 0 1.15999e+12 1.15999e+12 1.15999e+12 1.15999e+12 
0.05 -1.65863 -4.95863 -2.77873 -4.30026 -0.541374 1.63412e+07 2.85406e+14 0.00010632 0.000374796 2.78362e-16 1.71383e-08 183644 0 0 5.11374e-11 0 0 0.00314787 0 0 0 0 0 0 1.16008e+12 1.16008e+12 1.16008e+12 1.16008e+12 
0.0505 -1.64944 -4.94944 -2.76955 -4.29108 -0.550556 1.63432e+07 2.85393e+14 0.000106322 0.000374798 2.78401e-16 1.71376e-08 183652 0 0 5.11467e-11 0 0 0.00314787 0 0 0 0 0 0 1.16018e+12 1.16018e+12 1.16018e+12 1.16018e+12 
0.051 -1.64026 -4.94026 -2.76036 -4.28189 -0.559739 1.63452e+07 2.8538e+14 0.000106324 0.0003748 2.78441e-16 1.71369e-08 183659 0 0 5.1156e-11 0 0 0.00314787 0 0 0 0 0 0 1.16028e+12 1.16028e+12 1.16028e+12 1.16028e+12 
0.0515 -1.63108 -4.93108 -2.75117 -4.27271 -0.568922 1.63472e+07 2.85367e+14 0.000106326 0.000374802 2.7848e-16 1.71362e-08 183666 0 0 5.11652e-11 0 0 0.00314787 0 0 0 0 0 0 1.16038e+12 1.16038e+12 1.16038e+12 1.16038e+12 
0.052 -1.62189 -4.92189 -2.74199 -4.26352 -0.578106 1.63492e+07 2.85353e+14 0.000106328 0.000374805 2.78519e-16 1.71356e-08 183674 0 0 5.11745e-11 0 0 0.00314787 0 0 0 0 0 0 1.16048e+12 1.16048e+12 1.16048e+12 1.16048e+12 
0.0525 -1.61271 -4.91271 -2.7328 -4.25434 -0.587289 1.63512e+07 2.8534e+14 0.00010633 0.000374807 2.78559e-16 1.71349e-08 183681 0 0 5.11838e-11 0 0 0.00314787 0 0 0 0 0 0 1.16058e+12 1.16058e+12 1.16058e+12 1.16058e+12 
0.053 -1.60353 -4.90353 -2.72361 -4.24515 -0.596474 1.63531e+07 2.85327e+14 0.000106332 0.000374809 2.78598e-16 1.71342e-08 183688 0 0 5.11931e-11 0 0 0.00314787 0 0 0 0 0 0 1.16068e+12 1.16068e+12 1.16068e+12 1.16068e+12 
0.0535 -1.59434 -4.89434 -2.71443 -4.23596 -0.605658 1.63551e+07 2.85314e+14 0.000106335 0.000374811 2.78637e-16 1.71335e-08 183696 0 0 5.12024e-11 0 0 0.00314787 0 0 0 0 0 0 1.16077e+12 1.16077e+12 1.16077e+12 1.16077e+12 
0.054 -1.58516 -4.88516 -2.70524 -4.22678 -0.614843 1.63571e+07 2.85301e+14 0.000106337 0.000374814 2.78677e-16 1.71328e-08 183703 0 0 5.12116e-11 0 0 0.00314787 0 0 0 0 0 0 1.16087e+12 1.16087e+12 1.16087e+12 1.16087e+12 
0.0545 -1.57597 -4.87597 -2.69605 -4.21759 -0.624029 1.63591e+07 2.85288e+14 0.000106339 0.000374816 2.78716e-16 1.71321e-08 183711 0 0 5.12209e-11 0 0 0.00314787 0 0 0 0 0 0 1.16097e+12 1.16097e+12 1.16097e+12 1.16097e+12 
0.055 -1.56679 -4.86679 -2.68686 -4.2084 -0.633214 1.63611e+07 2.85274e+14 0.000106341 0.000374818 2.78755e-16 1.71314e-08 183718 0 0 5.12302e-11 0 0 0.00314787 0 0 0 0 0 0 1.16107e+12 1.16107e+12 1.16107e+12 1.16107e+12 
0.0555 -1.5576 -4.8576 -2.67767 -4.19922 -0.6424 1.63631e+07 2.85261e+14 0.000106343 0.00037482 2.78795e-16 1.71307e-08 183725 0 0 5.12395e-11 0 0 0.00314787 0 0 0 0 0 0 1.16117e+12 1.16117e+12 1.16117e+12 1.16117e+12 
0.056 -1.54841 -4.84841 -2.66848 -4.19003 -0.651587 1.63651e+07 2.85248e+14 0.000106345 0.000374823 2.78834e-16 1.71301e-08 183733 0 0 5.12488e-11 0 0 0.00314787 0 0 0 0 0 0 1.16127e+12 1.16127e+12 1.16127e+12 1.16127e+12 
0.0565 -1.53923 -4.83923 -2.65929 -4.18084 -0.660774 1.63671e+07 2.85235e+14 0.000106347 0.000374825 2.78873e-16 1.71294e-08 183740 0 0 5.12581e-11 0 0 0.00314787 0 0 0 0 0 0 1.16137e+12 1.16137e+12 1.16137e+12 1.16137e+12 
0.057 -1.53004 -4.83004 -2.6501 -4.17165 -0.669961 1.63691e+07 2.85222e+14 0.000106349 0.000374827 2.78913e-16 1.71287e-08 183747 0 0 5.12673e-11 0 0 0.00314787 0 0 0 0 0 0 1.16146e+12 1.16146e+12 1.16146e+12 1.16146e+12 
0.0575 -1.52085 -4.82085 -2.64091 -4.16246 -0.679148 1.63711e+07 2.85209e+14 0.000106351 0.000374829 2.78952e-16 1.7128e-08 183755 0 0 5.12766e-11 0 0 0.00314787 0 0 0 0 0 0 1.16156e+12 1.16156e+12 1.16156e+12 1.16156e+12 
0.058 -1.51166 -4.81166 -2.63172 -4.15327 -0.688336 1.63731e+07 2.85195e+14 0.000106353 0.000374832 2.78991e-16 1.71273e-08 183762 0 0 5.12859e-11 0 0 0.00314787 0 0 0 0 0 0 1.16166e+12 1.16166e+12 1.16166e+12 1.16166e+12 
0.0585 -1.50248 -4.80248 -2.62253 -4.14408 -0.697525 1.63751e+07 2.85182e+14 0.000106355 0.000374834 2.79031e-16 1.71266e-08 183770 0 0 5.12952e-11 0 0 0.00314787 0 0 0 0 0 0 1.16176e+12 1.16176e+12 1.16176e+12 1.16176e+12 
0.059 -1.49329 -4.79329 -2.61334 -4.13489 -0.706713 1.63771e+07 2.85169e+14 0.000106357 0.000374836 2.7907e-16 1.71259e-08 183777 0 0 5.13045e-11 0 0 0.00314787 0 0 0 0 0 0 1.16186e+12 1.16186e+12 1.16186e+12 1.16186e+12 
0.0595 -1.4841 -4.7841 -2.60414 -4.1257 -0.715902 1.63791e+07 2.85156e+14 0.000106359 0.000374838 2.79109e-16 1.71252e-08 183784 0 0 5.13138e-11 0 0 0.00314787 0 0 0 0 0 0 1.16196e+12 1.16196e+12 1.16196e+12 1.16196e+12 
0.06 -1.47491 -4.77491 -2.59495 -4.11651 -0.725092 1.63811e+07 2.85143e+14 0.000106361 0.000374841 2.79149e-16 1.71246e-08 183792 0 0 5.13231e-11 0 0 0.00314787 0 0 0 0 0 0 1.16205e+12 1.16205e+12 1.16205e+12 1.16205e+12 
0.0605 -1.46572 -4.76572 -2.58576 -4.10732 -0.734281 1.63831e+07 2.8513e+14 0.000106363 0.000374843 2.79188e-16 1.71239e-08 183799 0 0 5.13324e-11 0 0 0.00314787 0 0 0 0 0 0 1.16215e+12 1.16215e+12 1.16215e+12 1.16215e+12 
0.061 -1.45653 -4.75653 -2.57656 -4.09813 -0.743472 1.63851e+07 2.85116e+14 0.000106365 0.000374845 2.79227e-16 1.71232e-08 183806 0 0 5.13417e-11 0 0 0.00314787 0 0 0 0 0 0 1.16225e+12 1.16225e+12 1.16225e+12 1.16225e+12 
0.0615 -1.44734 -4.74734 -2.56737 -4.08894 -0.752662 1.63871e+07 2.85103e+14 0.000106367 0.000374847 2.79267e-16 1.71225e-08 183814 0 0 5.1351e-11 0 0 0.00314787 0 0 0 0 0 0 1.16235e+12 1.16235e+12 1.16235e+12 1.16235e+12 
0.062 -1.43815 -4.73815 -2.55818 -4.07974 -0.761853 1.63891e+07 2.8509e+14 0.000106369 0.00037485 2.79306e-16 1.71218e-08 183821 0 0 5.13602e-11 0 0 0.00314787 0 0 0 0 0 0 1.16245e+12 1.16245e+12 1.16245e+12 1.16245e+12 
0.0625 -1.42896 -4.72896 -2.54898 -4.07055 -0.771044 1.63911e+07 2.85077e+14 0.000106371 0.000374852 2.79346e-16 1.71211e-08 183829 0 0 5.13695e-11 0 0 0.00314787 0 0 0 0 0 0 1.16255e+12 1.16255e+12 1.16255e+12 1.16255e+12 
0.063 -1.41976 -4.71976 -2.53979 -4.06136 -0.780236 1.63931e+07 2.85064e+14 0.000106373 0.000374854 2.79385e-16 1.71204e-08 183836 0 0 5.13788e-11 0 0 0.00314787 0 0 0 0 0 0 1.16265e+12 1.16265e+12 1.16265e+12 1.16265e+12 
0.0635 -1.41057 -4.71057 -2.53059 -4.05216 -0.789428 1.63951e+07 2.85051e+14 0.000106375 0.000374857 2.79424e-16 1.71198e-08 183843 0 0 5.13881e-11 0 0 0.00314787 0 0 0 0 0 0 1.16274e+12 1.16274e+12 1.16274e+12 1.16274e+12 
0.064 -1.40138 -4.70138 -2.5214 -4.04297 -0.79862 1.63971e+07 2.85038e+14 0.000106377 0.000374859 2.79464e-16 1.71191e-08 183851 0 0 5.13974e-11 0 0 0.00314787 0 0 0 0 0 0 1.16284e+12 1.16284e+12 1.16284e+12 1.16284e+12 
0.0645 -1.39219 -4.69219 -2.5122 -4.03378 -0.807813 1.63991e+07 2.85024e+14 0.000106379 0.000374861 2.79503e-16 1.71184e-08 183858 0 0 5.14067e-11 0 0 0.00314787 0 0 0 0 0 0 1.16294e+12 1.16294e+12 1.16294e+12 1.16294e+12 
0.065 -1.38299 -4.68299 -2.503 -4.02458 -0.817006 1.64011e+07 2.85011e+14 0.000106381 0.000374863 2.79542e-16 1.71177e-08 183865 0 0 5.1416e-11 0 0 0.00314787 0 0 0 0 0 0 1.16304e+12 1.16304e+12 1.16304e+12 1.16304e+12 
0.0655 -1.3738 -4.6738 -2.49381 -4.01539 -0.826199 1.64031e+07 2.84998e+14 0.000106383 0.000374866 2.79582e-16 1.7117e-08 183873 0 0 5.14253e-11 0 0 0.00314787 0 0 0 0 0 0 1.16314e+12 1.16314e+12 1.16314e+12 1.16314e+12 
0.066 -1.36461 -4.66461 -2.48461 -4.00619 -0.835393 1.64051e+07 2.84985e+14 0.000106385 0.000374868 2.79621e-16 1.71163e-08 183880 0 0 5.14346e-11 0 0 0.00314787 0 0 0 0 0 0 1.16324e+12 1.16324e+12 1.16324e+12 1.16324e+12 
0.0665 -1.35541 -4.65541 -2.47541 -3.997 -0.844587 1.64071e+07 2.84972e+14 0.000106387 0.00037487 2.7966e-16 1.71156e-08 183887 0 0 5.14439e-11 0 0 0.00314787 0 0 0 0 0 0 1.16334e+12 1.16334e+12 1.16334e+12 1.16334e+12 
0.067 -1.34622 -4.64622 -2.46622 -3.9878 -0.853782 1.64091e+07 2.84959e+14 0.000106389 0.000374872 2.797e-16 1.7115e-08 183895 0 0 5.14532e-11 0 0 0.00314787 0 0 0 0 0 0 1.16343e+12 1.16343e+12 1.16343e+12 1.16343e+12 
0.0675 -1.33702 -4.63702 -2.45702 -3.9786 -0.862977 1.64111e+07 2.84946e+14 0.000106391 0.000374875 2.79739e-16 1.71143e-08 183902 0 0 5.14625e-11 0 0 0.00314787 0 0 0 0 0 0 1.16353e+12 1.16353e+12 1.16353e+12 1.16353e+12 
0.068 -1.32783 -4.62783 -2.44782 -3.96941 -0.872172 1.64131e+07 2.84933e+14 0.000106393 0.000374877 2.79779e-16 1.71136e-08 183910 0 0 5.14718e-11 0 0 0.00314787 0 0 0 0 0 0 1.16363e+12 1.16363e+12 1.16363e+12 1.16363e+12 
0.0685 -1.31863 -4.61863 -2.43862 -3.96021 -0.881368 1.64151e+07 2.84919e+14 0.000106395 0.000374879 2.79818e-16 1.71129e-08 183917 0 0 5.14811e-11 0 0 0.00314787 0 0 0 0 0 0 1.16373e+12 1.16373e+12 1.16373e+12 1.16373e+12 
0.069 -1.30944 -4.60944 -2.42942 -3.95101 -0.890564 1.64171e+07 2.84906e+14 0.000106397 0.000374881 2.79857e-16 1.71122e-08 183924 0 0 5.14904e-11 0 0 0.00314787 0 0 0 0 0 0 1.16383e+12 1.16383e+12 1.16383e+12 1.16383e+12 
0.0695 -1.30024 -4.60024 -2.42022 -3.94181 -0.89976 1.64191e+07 2.84893e+14 0.000106399 0.000374884 2.79897e-16 1.71115e-08 183932 0 0 5.14997e-11 0 0 0.00314787 0 0 0 0 0 0 1.16393e+12 1.16393e+12 1.16393e+12 1.16393e+12 
0.07 -1.29104 -4.59104 -2.41102 -3.93262 -0.908957 1.64211e+07 2.8488e+14 0.000106401 0.000374886 2.79936e-16 1.71108e-08 183939 0 0 5.15091e-11 0 0 0.00314787 0 0 0 0 0 0 1.16402e+12 1.16402e+12 1.16402e+12 1.16402e+12 
0.0705 -1.28185 -4.58185 -2.40182 -3.92342 -0.918154 1.64231e+07 2.84867e+14 0.000106403 0.000374888 2.79976e-16 1.71102e-08 183946 0 0 5.15184e-11 0 0 0.00314787 0 0 0 0 0 0 1.16412e+12 1.16412e+12 1.16412e+12 1.16412e+12 
0.071 -1.27265 -4.57265 -2.39262 -3.91422 -0.927352 1.64251e+07 2.84854e+14 0.000106405 0.00037489 2.80015e-16 1.71095e-08 183954 0 0 5.15277e-11 0 0 0.00314787 0 0 0 0 0 0 1.16422e+12 1.16422e+12 1.16422e+12 1.16422e+12 
0.0715 -1.26345 -4.56345 -2.38342 -3.90502 -0.93655 1.64271e+07 2.84841e+14 0.000106407 0.000374893 2.80054e-16 1.71088e-08 183961 0 0 5.1537e-11 0 0 0.00314787 0 0 0 0 0 0 1.16432e+12 1.16432e+12 1.16432e+12 1.16432e+12 
0.072 -1.25425 -4.55425 -2.37422 -3.89582 -0.945748 1.64291e+07 2.84828e+14 0.000106409 0.000374895 2.80094e-16 1.71081e-08 183968 0 0 5.15463e-11 0 0 0.00314787 0 0 0 0 0 0 1.16442e+12 1.16442e+12 1.16442e+12 1.16442e+12 
0.0725 -1.24505 -4.54505 -2.36502 -3.88662 -0.954946 1.64311e+07 2.84814e+14 0.000106411 0.000374897 2.80133e-16 1.71074e-08 183976 0 0 5.15556e-11 0 0 0.00314787 0 0 0 0 0 0 1.16452e+12 1.16452e+12 1.16452e+12 1.16452e+12 
0.073 -1.23585 -4.53585 -2.35581 -3.87742 -0.964145 1.64331e+07 2.84801e+14 0.000106413 0.0003749 2.80172e-16 1.71067e-08 183983 0 0 5.15649e-11 0 0 0.00314787 0 0 0 0 0 0 1.16461e+12 1.16461e+12 1.16461e+12 1.16461e+12 
0.0735 -1.22666 -4.52666 -2.34661 -3.86822 -0.973345 1.64351e+07 2.84788e+14 0.000106415 0.000374902 2.80212e-16 1.71061e-08 183991 0 0 5.15742e-11 0 0 0.00314787 0 0 0 0 0 0 1.16471e+12 1.16471e+12 1.16471e+12 1.16471e+12 
0.074 -1.21746 -4.51746 -2.33741 -3.85902 -0.982544 1.64371e+07 2.84775e+14 0.000106417 0.000374904 2.80251e-16 1.71054e-08 183998 0 0 5.15835e-11 0 0 0.00314787 0 0 0 0 0 0 1.16481e+12 1.16481e+12 1.16481e+12 1.16481e+12 
0.0745 -1.20826 -4.50826 -2.32821 -3.84982 -0.991745 1.64391e+07 2.84762e+14 0.000106419 0.000374906 2.80291e-16 1.71047e-08 184005 0 0 5.15928e-11 0 0 0.00314787 0 0 0 0 0 0 1.16491e+12 1.16491e+12 1.16491e+12 1.16491e+12 
0.075 -1.19906 -4.49906 -2.319 -3.84061 -1.00094 1.64411e+07 2.84749e+14 0.000106421 0.000374909 2.8033e-16 1.7104e-08 184013 0 0 5.16022e-11 0 0 0.00314787 0 0 0 0 0 0 1.16501e+12 1.16501e+12 1.16501e+12 1.16501e+12 
0.0755 -1.18985 -4.48985 -2.3098 -3.83141 -1.01015 1.64431e+07 2.84736e+14 0.000106423 0.000374911 2.80369e-16 1.71033e-08 184020 0 0 5.16115e-11 0 0 0.00314787 0 0 0 0 0 0 1.16511e+12 1.16511e+12 1.16511e+12 1.16511e+12 
0.076 -1.18065 -4.48065 -2.30059 -3.82221 -1.01935 1.64451e+07 2.84723e+14 0.000106425 0.000374913 2.80409e-16 1.71026e-08 184027 0 0 5.16208e-11 0 0 0.00314787 0 0 0 0 0 0 1.1652e+12 1.1652e+12 1.1652e+12 1.1652e+12 
0.0765 -1.17145 -4.47145 -2.29139 -3.81301 -1.02855 1.64471e+07 2.8471e+14 0.000106427 0.000374915 2.80448e-16 1.7102e-08 184035 0 0 5.16301e-11 0 0 0.00314787 0 0 0 0 0 0 1.1653e+12 1.1653e+12 1.1653e+12 1.1653e+12 
0.077 -1.16225 -4.46225 -2.28218 -3.8038 -1.03775 1.64491e+07 2.84697e+14 0.000106429 0.000374918 2.80488e-16 1.71013e-08 184042 0 0 5.16394e-11 0 0 0.00314787 0 0 0 0 0 0 1.1654e+12 1.1654e+12 1.1654e+12 1.1654e+12 
0.0775 -1.15305 -4.45305 -2.27298 -3.7946 -1.04695 1.64511e+07 2.84683e+14 0.000106431 0.00037492 2.80527e-16 1.71006e-08 184049 0 0 5.16487e-11 0 0 0.00314787 0 0 0 0 0 0 1.1655e+12 1.1655e+12 1.1655e+12 1.1655e+12 
0.078 -1.14384 -4.44384 -2.26377 -3.78539 -1.05616 1.64531e+07 2.8467e+14 0.000106433 0.000374922 2.80567e-16 1.70999e-08 184057 0 0 5.16581e-11 0 0 0.00314787 0 0 0 0 0 0 1.1656e+12 1.1656e+12 1.1656e+12 1.1656e+12 
0.0785 -1.13464 -4.43464 -2.25457 -3.77619 -1.06536 1.64551e+07 2.84657e+14 0.000106435 0.000374924 2.80606e-16 1.70992e-08 184064 0 0 5.16674e-11 0 0 0.00314787 0 0 0 0 0 0 1.1657e+12 1.1657e+12 1.1657e+12 1.1657e+12 
0.079 -1.12544 -4.42544 -2.24536 -3.76698 -1.07456 1.64571e+07 2.84644e+14 0.000106438 0.000374927 2.80645e-16 1.70985e-08 184072 0 0 5.16767e-11 0 0 0.00314787 0 0 0 0 0 0 1.1658e+12 1.1658e+12 1.1658e+12 1.1658e+12 
0.0795 -1.11623 -4.41623 -2.23615 -3.75778 -1.08377 1.64591e+07 2.84631e+14 0.00010644 0.000374929 2.80685e-16 1.70979e-08 184079 0 0 5.1686e-11 0 0 0.00314787 0 0 0 0 0 0 1.16589e+12 1.16589e+12 1.16589e+12 1.16589e+12 
0.08 -1.10703 -4.40703 -2.22695 -3.74857 -1.09297 1.64611e+07 2.84618e+14 0.000106442 0.000374931 2.80724e-16 1.70972e-08 184086 0 0 5.16953e-11 0 0 0.00314787 0 0 0 0 0 0 1.16599e+12 1.16599e+12 1.16599e+12 1.16599e+12 
0.0805 -1.09783 -4.39783 -2.21774 -3.73937 -1.10217 1.64631e+07 2.84605e+14 0.000106444 0.000374934 2.80764e-16 1.70965e-08 184094 0 0 5.17047e-11 0 0 0.00314787 0 0 0 0 0 0 1.16609e+12 1.16609e+12 1.16609e+12 1.16609e+12 
0.081 -1.08862 -4.38862 -2.20853 -3.73016 -1.11138 1.64651e+07 2.84592e+14 0.000106446 0.000374936 2.80803e-16 1.70958e-08 184101 0 0 5.1714e-11 0 0 0.00314787 0 0 0 0 0 0 1.16619e+12 1.16619e+12 1.16619e+12 1.16619e+12 
0.0815 -1.07942 -4.37942 -2.19932 -3.72095 -1.12058 1.64671e+07 2.84579e+14 0.000106448 0.000374938 2.80842e-16 1.70951e-08 184108 0 0 5.17233e-11 0 0 0.00314787 0 0 0 0 0 0 1.16629e+12 1.16629e+12 1.16629e+12 1.16629e+12 
0.082 -1.07021 -4.37021 -2.19011 -3.71175 -1.12979 1.64691e+07 2.84566e+14 0.00010645 0.00037494 2.80882e-16 1.70944e-08 184116 0 0 5.17326e-11 0 0 0.00314787 0 0 0 0 0 0 1.16639e+12 1.16639e+12 1.16639e+12 1.16639e+12 
0.0825 -1.061 -4.361 -2.1809 -3.70254 -1.139 1.64711e+07 2.84552e+14 0.000106452 0.000374943 2.80921e-16 1.70938e-08 184123 0 0 5.1742e-11 0 0 0.00314787 0 0 0 0 0 0 1.16648e+12 1.16648e+12 1.16648e+12 1.16648e+12 
0.083 -1.0518 -4.3518 -2.17169 -3.69333 -1.1482 1.64731e+07 2.84539e+14 0.000106454 0.000374945 2.80961e-16 1.70931e-08 184130 0 0 5.17513e-11 0 0 0.00314787 0 0 0 0 0 0 1.16658e+12 1.16658e+12 1.16658e+12 1.16658e+12 
0.0835 -1.04259 -4.34259 -2.16248 -3.68412 -1.15741 1.64751e+07 2.84526e+14 0.000106456 0.000374947 2.81e-16 1.70924e-08 184138 0 0 5.17606e-11 0 0 0.00314787 0 0 0 0 0 0 1.16668e+12 1.16668e+12 1.16668e+12 1.16668e+12 
0.084 -1.03338 -4.33338 -2.15327 -3.67492 -1.16662 1.64771e+07 2.84513e+14 0.000106458 0.000374949 2.8104e-16 1.70917e-08 184145 0 0 5.17699e-11 0 0 0.00314787 0 0 0 0 0 0 1.16678e+12 1.16678e+12 1.16678e+12 1.16678e+12 
0.0845 -1.02418 -4.32418 -2.14406 -3.66571 -1.17582 1.64791e+07 2.845e+14 0.00010646 0.000374952 2.81079e-16 1.7091e-08 184152 0 0 5.17793e-11 0 0 0.00314787 0 0 0 0 0 0 1.16688e+12 1.16688e+12 1.16688e+12 1.16688e+12 
0.085 -1.01497 -4.31497 -2.13485 -3.6565 -1.18503 1.64811e+07 2.84487e+14 0.000106462 0.000374954 2.81118e-16 1.70903e-08 184160 0 0 5.17886e-11 0 0 0.00314787 0 0 0 0 0 0 1.16698e+12 1.16698e+12 1.16698e+12 1.16698e+12 
0.0855 -1.00576 -4.30576 -2.12564 -3.64729 -1.19424 1.64831e+07 2.84474e+14 0.000106464 0.000374956 2.81158e-16 1.70897e-08 184167 0 0 5.17979e-11 0 0 0.00314787 0 0 0 0 0 0 1.16707e+12 1.16707e+12 1.16707e+12 1.16707e+12 
0.086 -0.996552 -4.29655 -2.11643 -3.63808 -1.20345 1.64851e+07 2.84461e+14 0.000106466 0.000374958 2.81197e-16 1.7089e-08 184175 0 0 5.18073e-11 0 0 0.00314787 0 0 0 0 0 0 1.16717e+12 1.16717e+12 1.16717e+12 1.16717e+12 
0.0865 -0.987343 -4.28734 -2.10722 -3.62887 -1.21266 1.64871e+07 2.84448e+14 0.000106468 0.000374961 2.81237e-16 1.70883e-08 184182 0 0 5.18166e-11 0 0 0.00314787 0 0 0 0 0 0 1.16727e+12 1.16727e+12 1.16727e+12 1.16727e+12 
0.087 -0.978134 -4.27813 -2.098 -3.61966 -1.22187 1.64891e+07 2.84435e+14 0.00010647 0.000374963 2.81276e-16 1.70876e-08 184189 0 0 5.18259e-11 0 0 0.00314787 0 0 0 0 0 0 1.16737e+12 1.16737e+12 1.16737e+12 1.16737e+12 
0.0875 -0.968924 -4.26892 -2.08879 -3.61044 -1.23108 1.64911e+07 2.84422e+14 0.000106472 0.000374965 2.81316e-16 1.70869e-08 184197 0 0 5.18353e-11 0 0 0.00314787 0 0 0 0 0 0 1.16747e+12 1.16747e+12 1.16747e+12 1.16747e+12 
0.088 -0.959714 -4.25971 -2.07958 -3.60123 -1.24029 1.64931e+07 2.84409e+14 0.000106474 0.000374968 2.81355e-16 1.70863e-08 184204 0 0 5.18446e-11 0 0 0.00314787 0 0 0 0 0 0 1.16757e+12 1.16757e+12 1.16757e+12 1.16757e+12 
0.0885 -0.950504 -4.2505 -2.07036 -3.59202 -1.2495 1.64951e+07 2.84396e+14 0.000106476 0.00037497 2.81395e-16 1.70856e-08 184211 0 0 5.18539e-11 0 0 0.00314787 0 0 0 0 0 0 1.16766e+12 1.16766e+12 1.16766e+12 1.16766e+12 
0.089 -0.941293 -4.24129 -2.06115 -3.58281 -1.25871 1.64971e+07 2.84383e+14 0.000106478 0.000374972 2.81434e-16 1.70849e-08 184219 0 0 5.18633e-11 0 0 0.00314787 0 0 0 0 0 0 1.16776e+12 1.16776e+12 1.16776e+12 1.16776e+12 
0.0895 -0.932082 -4.23208 -2.05194 -3.5736 -1.26792 1.64991e+07 2.84369e+14 0.00010648 0.000374974 2.81473e-16 1.70842e-08 184226 0 0 5.18726e-11 0 0 0.00314787 0 0 0 0 0 0 1.16786e+12 1.16786e+12 1.16786e+12 1.16786e+12 
0.09 -0.92287 -4.22287 -2.04272 -3.56438 -1.27713 1.65011e+07 2.84356e+14 0.000106482 0.000374977 2.81513e-16 1.70835e-08 184233 0 0 5.18819e-11 0 0 0.00314787 0 0 0 0 0 0 1.16796e+12 1.16796e+12 1.16796e+12 1.16796e+12 
0.0905 -0.913659 -4.21366 -2.03351 -3.55517 -1.28634 1.65031e+07 2.84343e+14 0.000106484 0.000374979 2.81552e-16 1.70828e-08 184241 0 0 5.18913e-11 0 0 0.00314787 0 0 0 0 0 0 1.16806e+12 1.16806e+12 1.16806e+12 1.16806e+12 
0.091 -0.904446 -4.20445 -2.02429 -3.54596 -1.29555 1.65051e+07 2.8433e+14 0.000106486 0.000374981 2.81592e-16 1.70822e-08 184248 0 0 5.19006e-11 0 0 0.00314787 0 0 0 0 0 0 1.16815e+12 1.16815e+12 1.16815e+12 1.16815e+12 
0.0915 -0.895234 -4.19523 -2.01508 -3.53674 -1.30477 1.65071e+07 2.84317e+14 0.000106488 0.000374984 2.81631e-16 1.70815e-08 184255 0 0 5.191e-11 0 0 0.00314787 0 0 0 0 0 0 1.16825e+12 1.16825e+12 1.16825e+12 1.16825e+12 
0.092 -0.886021 -4.18602 -2.00586 -3.52753 -1.31398 1.65091e+07 2.84304e+14 0.00010649 0.000374986 2.81671e-16 1.70808e-08 184263 0 0 5.19193e-11 0 0 0.00314787 0 0 0 0 0 0 1.16835e+12 1.16835e+12 1.16835e+12 1.16835e+12 
0.0925 -0.876808 -4.17681 -1.99664 -3.51831 -1.32319 1.65111e+07 2.84291e+14 0.000106492 0.000374988 2.8171e-16 1.70801e-08 184270 0 0 5.19286e-11 0 0 0.00314787 0 0 0 0 0 0 1.16845e+12 1.16845e+12 1.16845e+12 1.16845e+12 
0.093 -0.867594 -4.16759 -1.98743 -3.5091 -1.33241 1.65131e+07 2.84278e+14 0.000106494 0.00037499 2.8175e-16 1.70794e-08 184277 0 0 5.1938e-11 0 0 0.00314787 0 0 0 0 0 0 1.16855e+12 1.16855e+12 1.16855e+12 1.16855e+12 
0.0935 -0.85838 -4.15838 -1.97821 -3.49988 -1.34162 1.65151e+07 2.84265e+14 0.000106496 0.000374993 2.81789e-16 1.70788e-08 184285 0 0 5.19473e-11 0 0 0.00314787 0 0 0 0 0 0 1.16865e+12 1.16865e+12 1.16865e+12 1.16865e+12 
0.094 -0.849165 -4.14917 -1.96899 -3.49067 -1.35083 1.65171e+07 2.84252e+14 0.000106498 0.000374995 2.81829e-16 1.70781e-08 184292 0 0 5.19567e-11 0 0 0.00314787 0 0 0 0 0 0 1.16874e+12 1.16874e+12 1.16874e+12 1.16874e+12 
0.0945 -0.839951 -4.13995 -1.95977 -3.48145 -1.36005 1.65191e+07 2.84239e+14 0.0001065 0.000374997 2.81868e-16 1.70774e-08 184299 0 0 5.1966e-11 0 0 0.00314787 0 0 0 0 0 0 1.16884e+12 1.16884e+12 1.16884e+12 1.16884e+12 
0.095 -0.830735 -4.13074 -1.95055 -3.47223 -1.36926 1.65211e+07 2.84226e+14 0.000106502 0.000374999 2.81907e-16 1.70767e-08 184307 0 0 5.19754e-11 0 0 0.00314787 0 0 0 0 0 0 1.16894e+12 1.16894e+12 1.16894e+12 1.16894e+12 
0.0955 -0.82152 -4.12152 -1.94134 -3.46302 -1.37848 1.65231e+07 2.84213e+14 0.000106504 0.000375002 2.81947e-16 1.7076e-08 184314 0 0 5.19847e-11 0 0 0.00314787 0 0 0 0 0 0 1.16904e+12 1.16904e+12 1.16904e+12 1.16904e+12 
0.096 -0.812304 -4.1123 -1.93212 -3.4538 -1.3877 1.65251e+07 2.842e+14 0.000106506 0.000375004 2.81986e-16 1.70754e-08 184322 0 0 5.19941e-11 0 0 0.00314787 0 0 0 0 0 0 1.16914e+12 1.16914e+12 1.16914e+12 1.16914e+12 
0.0965 -0.803088 -4.10309 -1.9229 -3.44458 -1.39691 1.65271e+07 2.84187e+14 0.000106508 0.000375006 2.82026e-16 1.70747e-08 184329 0 0 5.20034e-11 0 0 0.00314787 0 0 0 0 0 0 1.16924e+12 1.16924e+12 1.16924e+12 1.16924e+12 
0.097 -0.793871 -4.09387 -1.91368 -3.43536 -1.40613 1.65291e+07 2.84174e+14 0.00010651 0.000375009 2.82065e-16 1.7074e-08 184336 0 0 5.20128e-11 0 0 0.00314787 0 0 0 0 0 0 1.16933e+12 1.16933e+12 1.16933e+12 1.16933e+12 
0.0975 -0.784654 -4.08465 -1.90446 -3.42614 -1.41535 1.65311e+07 2.84161e+14 0.000106512 0.000375011 2.82105e-16 1.70733e-08 184344 0 0 5.20221e-11 0 0 0.00314787 0 0 0 0 0 0 1.16943e+12 1.16943e+12 1.16943e+12 1.16943e+12 
0.098 -0.775437 -4.07544 -1.89524 -3.41693 -1.42456 1.65331e+07 2.84148e+14 0.000106514 0.000375013 2.82144e-16 1.70726e-08 184351 0 0 5.20315e-11 0 0 0.00314787 0 0 0 0 0 0 1.16953e+12 1.16953e+12 1.16953e+12 1.16953e+12 
0.0985 -0.766219 -4.06622 -1.88602 -3.40771 -1.43378 1.65351e+07 2.84134e+14 0.000106516 0.000375015 2.82184e-16 1.7072e-08 184358 0 0 5.20408e-11 0 0 0.00314787 0 0 0 0 0 0 1.16963e+12 1.16963e+12 1.16963e+12 1.16963e+12 
0.099 -0.757001 -4.057 -1.8768 -3.39849 -1.443 1.65371e+07 2.84121e+14 0.000106518 0.000375018 2.82223e-16 1.70713e-08 184366 0 0 5.20502e-11 0 0 0.00314787 0 0 0 0 0 0 1.16973e+12 1.16973e+12 1.16973e+12 1.16973e+12 
0.0995 -0.747782 -4.04778 -1.86757 -3.38927 -1.45222 1.65391e+07 2.84108e+14 0.00010652 0.00037502 2.82263e-16 1.70706e-08 184373 0 0 5.20595e-11 0 0 0.00314787 0 0 0 0 0 0 1.16982e+12 1.16982e+12 1.16982e+12 1.16982e+12 
0.1 -0.738564 -4.03856 -1.85835 -3.38005 -1.46144 1.65411e+07 2.84095e+14 0.000106522 0.000375022 2.82302e-16 1.70699e-08 184380 0 0 5.20689e-11 0 0 0.00314787 0 0 0 0 0 0 1.16992e+12 1.16992e+12 1.16992e+12 1.16992e+12 
0.1005 -0.729344 -4.02934 -1.84913 -3.37083 -1.47066 1.65431e+07 2.84082e+14 0.000106524 0.000375024 2.82342e-16 1.70692e-08 184388 0 0 5.20782e-11 0 0 0.00314787 0 0 0 0 0 0 1.17002e+12 1.17002e+12 1.17002e+12 1.17002e+12 
0.101 -0.720125 -4.02012 -1.83991 -3.36161 -1.47988 1.65451e+07 2.84069e+14 0.000106526 0.000375027 2.82381e-16 1.70686e-08 184395 0 0 5.20876e-11 0 0 0.00314787 0 0 0 0 0 0 1.17012e+12 1.17012e+12 1.17012e+12 1.17012e+12 
0.1015 -0.710905 -4.0109 -1.83068 -3.35238 -1.4891 1.65471e+07 2.84056e+14 0.000106528 0.000375029 2.82421e-16 1.70679e-08 184402 0 0 5.20969e-11 0 0 0.00314787 0 0 0 0 0 0 1.17022e+12 1.17022e+12 1.17022e+12 1.17022e+12 
0.102 -0.701685 -4.00168 -1.82146 -3.34316 -1.49832 1.65491e+07 2.84043e+14 0.00010653 0.000375031 2.8246e-16 1.70672e-08 184410 0 0 5.21063e-11 0 0 0.00314787 0 0 0 0 0 0 1.17032e+12 1.17032e+12 1.17032e+12 1.17032e+12 
0.1025 -0.692464 -3.99246 -1.81224 -3.33394 -1.50754 1.65511e+07 2.8403e+14 0.000106532 0.000375034 2.825e-16 1.70665e-08 184417 0 0 5.21156e-11 0 0 0.00314787 0 0 0 0 0 0 1.17041e+12 1.17041e+12 1.17041e+12 1.17041e+12 
0.103 -0.683243 -3.98324 -1.80301 -3.32472 -1.51676 1.65531e+07 2.84017e+14 0.000106534 0.000375036 2.82539e-16 1.70658e-08 184424 0 0 5.2125e-11 0 0 0.00314787 0 0 0 0 0 0 1.17051e+12 1.17051e+12 1.17051e+12 1.17051e+12 
0.1035 -0.674022 -3.97402 -1.79379 -3.31549 -1.52598 1.65551e+07 2.84004e+14 0.000106536 0.000375038 2.82579e-16 1.70652e-08 184432 0 0 5.21344e-11 0 0 0.00314787 0 0 0 0 0 0 1.17061e+12 1.17061e+12 1.17061e+12 1.17061e+12 
0.104 -0.6648 -3.9648 -1.78456 -3.30627 -1.5352 1.65571e+07 2.83991e+14 0.000106539 0.00037504 2.82618e-16 1.70645e-08 184439 0 0 5.21437e-11 0 0 0.00314787 0 0 0 0 0 0 1.17071e+12 1.17071e+12 1.17071e+12 1.17071e+12 
0.1045 -0.655578 -3.95558 -1.77534 -3.29705 -1.54442 1.65591e+07 2.83978e+14 0.000106541 0.000375043 2.82658e-16 1.70638e-08 184446 0 0 5.21531e-11 0 0 0.00314787 0 0 0 0 0 0 1.17081e+12 1.17081e+12 1.17081e+12 1.17081e+12 
0.105 -0.646355 -3.94636 -1.76611 -3.28782 -1.55364 1.65611e+07 2.83965e+14 0.000106543 0.000375045 2.82697e-16 1.70631e-08 184454 0 0 5.21624e-11 0 0 0.00314787 0 0 0 0 0 0 1.1709e+12 1.1709e+12 1.1709e+12 1.1709e+12 
0.1055 -0.637132 -3.93713 -1.75689 -3.2786 -1.56287 1.65631e+07 2.83952e+14 0.000106545 0.000375047 2.82737e-16 1.70624e-08 184461 0 0 5.21718e-11 0 0 0.00314787 0 0 0 0 0 0 1.171e+12 1.171e+12 1.171e+12 1.171e+12 
0.106 -0.627909 -3.92791 -1.74766 -3.26937 -1.57209 1.65651e+07 2.83939e+14 0.000106547 0.00037505 2.82776e-16 1.70618e-08 184468 0 0 5.21812e-11 0 0 0.00314787 0 0 0 0 0 0 1.1711e+12 1.1711e+12 1.1711e+12 1.1711e+12 
0.1065 -0.618685 -3.91869 -1.73843 -3.26015 -1.58131 1.65671e+07 2.83926e+14 0.000106549 0.000375052 2.82816e-16 1.70611e-08 184476 0 0 5.21905e-11 0 0 0.00314787 0 0 0 0 0 0 1.1712e+12 1.1712e+12 1.1712e+12 1.1712e+12 
0.107 -0.609461 -3.90946 -1.7292 -3.25092 -1.59054 1.65691e+07 2.83913e+14 0.000106551 0.000375054 2.82855e-16 1.70604e-08 184483 0 0 5.21999e-11 0 0 0.00314787 0 0 0 0 0 0 1.1713e+12 1.1713e+12 1.1713e+12 1.1713e+12 
0.1075 -0.600237 -3.90024 -1.71998 -3.2417 -1.59976 1.65711e+07 2.839e+14 0.000106553 0.000375056 2.82895e-16 1.70597e-08 184490 0 0 5.22093e-11 0 0 0.00314787 0 0 0 0 0 0 1.1714e+12 1.1714e+12 1.1714e+12 1.1714e+12 
0.108 -0.591012 -3.89101 -1.71075 -3.23247 -1.60899 1.65731e+07 2.83887e+14 0.000106555 0.000375059 2.82934e-16 1.70591e-08 184498 0 0 5.22186e-11 0 0 0.00314787 0 0 0 0 0 0 1.17149e+12 1.17149e+12 1.17149e+12 1.17149e+12 
0.1085 -0.581787 -3.88179 -1.70152 -3.22325 -1.61821 1.65751e+07 2.83874e+14 0.000106557 0.000375061 2.82974e-16 1.70584e-08 184505 0 0 5.2228e-11 0 0 0.00314787 0 0 0 0 0 0 1.17159e+12 1.17159e+12 1.17159e+12 1.17159e+12 
0.109 -0.572562 -3.87256 -1.69229 -3.21402 -1.62744 1.65771e+07 2.83861e+14 0.000106559 0.000375063 2.83013e-16 1.70577e-08 184512 0 0 5.22374e-11 0 0 0.00314787 0 0 0 0 0 0 1.17169e+12 1.17169e+12 1.17169e+12 1.17169e+12 
0.1095 -0.563336 -3.86334 -1.68306 -3.20479 -1.63666 1.65791e+07 2.83848e+14 0.000106561 0.000375066 2.83053e-16 1.7057e-08 184520 0 0 5.22467e-11 0 0 0.00314787 0 0 0 0 0 0 1.17179e+12 1.17179e+12 1.17179e+12 1.17179e+12 
0.11 -0.55411 -3.85411 -1.67383 -3.19556 -1.64589 1.65811e+07 2.83835e+14 0.000106563 0.000375068 2.83092e-16 1.70563e-08 184527 0 0 5.22561e-11 0 0 0.00314787 0 0 0 0 0 0 1.17189e+12 1.17189e+12 1.17189e+12 1.17189e+12 
0.1105 -0.544883 -3.84488 -1.6646 -3.18634 -1.65512 1.65831e+07 2.83822e+14 0.000106565 0.00037507 2.83132e-16 1.70557e-08 184534 0 0 5.22655e-11 0 0 0.00314787 0 0 0 0 0 0 1.17198e+12 1.17198e+12 1.17198e+12 1.17198e+12 
0.111 -0.535657 -3.83566 -1.65537 -3.17711 -1.66434 1.65851e+07 2.83809e+14 0.000106567 0.000375072 2.83171e-16 1.7055e-08 184542 0 0 5.22748e-11 0 0 0.00314787 0 0 0 0 0 0 1.17208e+12 1.17208e+12 1.17208e+12 1.17208e+12 
0.1115 -0.526429 -3.82643 -1.64614 -3.16788 -1.67357 1.65871e+07 2.83796e+14 0.000106569 0.000375075 2.83211e-16 1.70543e-08 184549 0 0 5.22842e-11 0 0 0.00314787 0 0 0 0 0 0 1.17218e+12 1.17218e+12 1.17218e+12 1.17218e+12 
0.112 -0.517202 -3.8172 -1.63691 -3.15865 -1.6828 1.65891e+07 2.83783e+14 0.000106571 0.000375077 2.8325e-16 1.70536e-08 184556 0 0 5.22936e-11 0 0 0.00314787 0 0 0 0 0 0 1.17228e+12 1.17228e+12 1.17228e+12 1.17228e+12 
0.1125 -0.507974 -3.80797 -1.62768 -3.14942 -1.69203 1.65911e+07 2.8377e+14 0.000106573 0.000375079 2.8329e-16 1.7053e-08 184564 0 0 5.2303e-11 0 0 0.00314787 0 0 0 0 0 0 1.17238e+12 1.17238e+12 1.17238e+12 1.17238e+12 
0.113 -0.498745 -3.79875 -1.61845 -3.14019 -1.70125 1.65931e+07 2.83757e+14 0.000106575 0.000375082 2.83329e-16 1.70523e-08 184571 0 0 5.23123e-11 0 0 0.00314787 0 0 0 0 0 0 1.17248e+12 1.17248e+12 1.17248e+12 1.17248e+12 
0.1135 -0.489517 -3.78952 -1.60922 -3.13096 -1.71048 1.65951e+07 2.83744e+14 0.000106577 0.000375084 2.83369e-16 1.70516e-08 184578 0 0 5.23217e-11 0 0 0.00314787 0 0 0 0 0 0 1.17257e+12 1.17257e+12 1.17257e+12 1.17257e+12 
0.114 -0.480287 -3.78029 -1.59999 -3.12173 -1.71971 1.65971e+07 2.83731e+14 0.000106579 0.000375086 2.83408e-16 1.70509e-08 184586 0 0 5.23311e-11 0 0 0.00314787 0 0 0 0 0 0 1.17267e+12 1.17267e+12 1.17267e+12 1.17267e+12 
0.1145 -0.471058 -3.77106 -1.59075 -3.1125 -1.72894 1.65991e+07 2.83718e+14 0.000106581 0.000375088 2.83448e-16 1.70502e-08 184593 0 0 5.23405e-11 0 0 0.00314787 0 0 0 0 0 0 1.17277e+12 1.17277e+12 1.17277e+12 1.17277e+12 
0.115 -0.461828 -3.76183 -1.58152 -3.10327 -1.73817 1.66011e+07 2.83705e+14 0.000106583 0.000375091 2.83487e-16 1.70496e-08 184600 0 0 5.23498e-11 0 0 0.00314787 0 0 0 0 0 0 1.17287e+12 1.17287e+12 1.17287e+12 1.17287e+12 
0.1155 -0.452598 -3.7526 -1.57229 -3.09403 -1.7474 1.66031e+07 2.83692e+14 0.000106585 0.000375093 2.83527e-16 1.70489e-08 184608 0 0 5.23592e-11 0 0 0.00314787 0 0 0 0 0 0 1.17297e+12 1.17297e+12 1.17297e+12 1.17297e+12 
0.116 -0.443367 -3.74337 -1.56305 -3.0848 -1.75663 1.66051e+07 2.83679e+14 0.000106587 0.000375095 2.83567e-16 1.70482e-08 184615 0 0 5.23686e-11 0 0 0.00314787 0 0 0 0 0 0 1.17306e+12 1.17306e+12 1.17306e+12 1.17306e+12 
0.1165 -0.434136 -3.73414 -1.55382 -3.07557 -1.76586 1.66071e+07 2.83666e+14 0.000106589 0.000375098 2.83606e-16 1.70475e-08 184622 0 0 5.2378e-11 0 0 0.00314787 0 0 0 0 0 0 1.17316e+12 1.17316e+12 1.17316e+12 1.17316e+12 
0.117 -0.424905 -3.72491 -1.54459 -3.06634 -1.77509 1.66091e+07 2.83653e+14 0.000106591 0.0003751 2.83646e-16 1.70469e-08 184630 0 0 5.23874e-11 0 0 0.00314787 0 0 0 0 0 0 1.17326e+12 1.17326e+12 1.17326e+12 1.17326e+12 
0.1175 -0.415673 -3.71567 -1.53535 -3.0571 -1.78433 1.66111e+07 2.8364e+14 0.000106593 0.000375102 2.83685e-16 1.70462e-08 184637 0 0 5.23967e-11 0 0 0.00314787 0 0 0 0 0 0 1.17336e+12 1.17336e+12 1.17336e+12 1.17336e+12 
0.118 -0.406441 -3.70644 -1.52612 -3.04787 -1.79356 1.66131e+07 2.83627e+14 0.000106595 0.000375104 2.83725e-16 1.70455e-08 184644 0 0 5.24061e-11 0 0 0.00314787 0 0 0 0 0 0 1.17346e+12 1.17346e+12 1.17346e+12 1.17346e+12 
0.1185 -0.397209 -3.69721 -1.51688 -3.03864 -1.80279 1.66151e+07 2.83614e+14 0.000106597 0.000375107 2.83764e-16 1.70448e-08 184652 0 0 5.24155e-11 0 0 0.00314787 0 0 0 0 0 0 1.17355e+12 1.17355e+12 1.17355e+12 1.17355e+12 
0.119 -0.387976 -3.68798 -1.50764 -3.0294 -1.81202 1.66171e+07 2.83601e+14 0.000106599 0.000375109 2.83804e-16 1.70442e-08 184659 0 0 5.24249e-11 0 0 0.00314787 0 0 0 0 0 0 1.17365e+12 1.17365e+12 1.17365e+12 1.17365e+12 
0.1195 -0.378743 -3.67874 -1.49841 -3.02017 -1.82126 1.66191e+07 2.83588e+14 0.000106601 0.000375111 2.83843e-16 1.70435e-08 184666 0 0 5.24343e-11 0 0 0.00314787 0 0 0 0 0 0 1.17375e+12 1.17375e+12 1.17375e+12 1.17375e+12 
0.12 -0.36951 -3.66951 -1.48917 -3.01093 -1.83049 1.66211e+07 2.83575e+14 0.000106603 0.000375114 2.83883e-16 1.70428e-08 184674 0 0 5.24436e-11 0 0 0.00314787 0 0 0 0 0 0 1.17385e+12 1.17385e+12 1.17385e+12 1.17385e+12 
0.1205 -0.360276 -3.66028 -1.47993 -3.0017 -1.83972 1.66231e+07 2.83562e+14 0.000106605 0.000375116 2.83922e-16 1.70421e-08 184681 0 0 5.2453e-11 0 0 0.00314787 0 0 0 0 0 0 1.17395e+12 1.17395e+12 1.17395e+12 1.17395e+12 
0.121 -0.351041 -3.65104 -1.4707 -2.99246 -1.84896 1.66251e+07 2.83549e+14 0.000106607 0.000375118 2.83962e-16 1.70414e-08 184688 0 0 5.24624e-11 0 0 0.00314787 0 0 0 0 0 0 1.17404e+12 1.17404e+12 1.17404e+12 1.17404e+12 
0.1215 -0.341807 -3.64181 -1.46146 -2.98323 -1.85819 1.66271e+07 2.83536e+14 0.000106609 0.00037512 2.84002e-16 1.70408e-08 184696 0 0 5.24718e-11 0 0 0.00314787 0 0 0 0 0 0 1.17414e+12 1.17414e+12 1.17414e+12 1.17414e+12 
0.122 -0.332572 -3.63257 -1.45222 -2.97399 -1.86743 1.66291e+07 2.83523e+14 0.000106611 0.000375123 2.84041e-16 1.70401e-08 184703 0 0 5.24812e-11 0 0 0.00314787 0 0 0 0 0 0 1.17424e+12 1.17424e+12 1.17424e+12 1.17424e+12 
0.1225 -0.323337 -3.62334 -1.44298 -2.96475 -1.87666 1.66311e+07 2.8351e+14 0.000106613 0.000375125 2.84081e-16 1.70394e-08 184710 0 0 5.24906e-11 0 0 0.00314787 0 0 0 0 0 0 1.17434e+12 1.17434e+12 1.17434e+12 1.17434e+12 
0.123 -0.314101 -3.6141 -1.43374 -2.95552 -1.8859 1.66331e+07 2.83497e+14 0.000106615 0.000375127 2.8412e-16 1.70387e-08 184718 0 0 5.25e-11 0 0 0.00314787 0 0 0 0 0 0 1.17444e+12 1.17444e+12 1.17444e+12 1.17444e+12 
0.1235 -0.304865 -3.60486 -1.4245 -2.94628 -1.89514 1.66351e+07 2.83484e+14 0.000106617 0.00037513 2.8416e-16 1.70381e-08 184725 0 0 5.25094e-11 0 0 0.00314787 0 0 0 0 0 0 1.17453e+12 1.17453e+12 1.17453e+12 1.17453e+12 
0.124 -0.295628 -3.59563 -1.41526 -2.93704 -1.90437 1.66371e+07 2.83471e+14 0.000106619 0.000375132 2.84199e-16 1.70374e-08 184732 0 0 5.25188e-11 0 0 0.00314787 0 0 0 0 0 0 1.17463e+12 1.17463e+12 1.17463e+12 1.17463e+12 
0.1245 -0.286391 -3.58639 -1.40602 -2.9278 -1.91361 1.66391e+07 2.83458e+14 0.000106621 0.000375134 2.84239e-16 1.70367e-08 184740 0 0 5.25281e-11 0 0 0.00314787 0 0 0 0 0 0 1.17473e+12 1.17473e+12 1.17473e+12 1.17473e+12 
0.125 -0.277154 -3.57715 -1.39678 -2.91856 -1.92285 1.66411e+07 2.83445e+14 0.000106623 0.000375136 2.84278e-16 1.7036e-08 184747 0 0 5.25375e-11 0 0 0.00314787 0 0 0 0 0 0 1.17483e+12 1.17483e+12 1.17483e+12 1.17483e+12 
0.1255 -0.267917 -3.56792 -1.38754 -2.90932 -1.93208 1.66431e+07 2.83432e+14 0.000106625 0.000375139 2.84318e-16 1.70354e-08 184754 0 0 5.25469e-11 0 0 0.00314787 0 0 0 0 0 0 1.17493e+12 1.17493e+12 1.17493e+12 1.17493e+12 
0.126 -0.258679 -3.55868 -1.3783 -2.90008 -1.94132 1.66451e+07 2.83419e+14 0.000106627 0.000375141 2.84358e-16 1.70347e-08 184762 0 0 5.25563e-11 0 0 0.00314787 0 0 0 0 0 0 1.17502e+12 1.17502e+12 1.17502e+12 1.17502e+12 
0.1265 -0.249441 -3.54944 -1.36906 -2.89084 -1.95056 1.66471e+07 2.83406e+14 0.000106629 0.000375143 2.84397e-16 1.7034e-08 184769 0 0 5.25657e-11 0 0 0.00314787 0 0 0 0 0 0 1.17512e+12 1.17512e+12 1.17512e+12 1.17512e+12 
0.127 -0.240202 -3.5402 -1.35982 -2.8816 -1.9598 1.66491e+07 2.83393e+14 0.000106631 0.000375146 2.84437e-16 1.70333e-08 184776 0 0 5.25751e-11 0 0 0.00314787 0 0 0 0 0 0 1.17522e+12 1.17522e+12 1.17522e+12 1.17522e+12 
0.1275 -0.230963 -3.53096 -1.35058 -2.87236 -1.96904 1.66511e+07 2.8338e+14 0.000106633 0.000375148 2.84476e-16 1.70327e-08 184784 0 0 5.25845e-11 0 0 0.00314787 0 0 0 0 0 0 1.17532e+12 1.17532e+12 1.17532e+12 1.17532e+12 
0.128 -0.221724 -3.52172 -1.34133 -2.86312 -1.97828 1.66531e+07 2.83367e+14 0.000106635 0.00037515 2.84516e-16 1.7032e-08 184791 0 0 5.25939e-11 0 0 0.00314787 0 0 0 0 0 0 1.17542e+12 1.17542e+12 1.17542e+12 1.17542e+12 
0.1285 -0.212484 -3.51248 -1.33209 -2.85388 -1.98752 1.66551e+07 2.83354e+14 0.000106638 0.000375153 2.84555e-16 1.70313e-08 184798 0 0 5.26033e-11 0 0 0.00314787 0 0 0 0 0 0 1.17551e+12 1.17551e+12 1.17551e+12 1.17551e+12 
0.129 -0.203244 -3.50324 -1.32285 -2.84464 -1.99676 1.66571e+07 2.83342e+14 0.00010664 0.000375155 2.84595e-16 1.70306e-08 184806 0 0 5.26127e-11 0 0 0.00314787 0 0 0 0 0 0 1.17561e+12 1.17561e+12 1.17561e+12 1.17561e+12 
0.1295 -0.194003 -3.494 -1.3136 -2.8354 -2.006 1.66591e+07 2.83329e+14 0.000106642 0.000375157 2.84635e-16 1.703e-08 184813 0 0 5.26221e-11 0 0 0.00314787 0 0 0 0 0 0 1.17571e+12 1.17571e+12 1.17571e+12 1.17571e+12 
0.13 -0.184762 -3.48476 -1.30436 -2.82616 -2.01524 1.66611e+07 2.83316e+14 0.000106644 0.000375159 2.84674e-16 1.70293e-08 184820 0 0 5.26315e-11 0 0 0.00314787 0 0 0 0 0 0 1.17581e+12 1.17581e+12 1.17581e+12 1.17581e+12 
0.1305 -0.175521 -3.47552 -1.29512 -2.81691 -2.02448 1.66631e+07 2.83303e+14 0.000106646 0.000375162 2.84714e-16 1.70286e-08 184828 0 0 5.26409e-11 0 0 0.00314787 0 0 0 0 0 0 1.17591e+12 1.17591e+12 1.17591e+12 1.17591e+12 
0.131 -0.16628 -3.46628 -1.28587 -2.80767 -2.03372 1.66651e+07 2.8329e+14 0.000106648 0.000375164 2.84753e-16 1.70279e-08 184835 0 0 5.26503e-11 0 0 0.00314787 0 0 0 0 0 0 1.176e+12 1.176e+12 1.176e+12 1.176e+12 
0.1315 -0.157038 -3.45704 -1.27663 -2.79843 -2.04296 1.66671e+07 2.83277e+14 0.00010665 0.000375166 2.84793e-16 1.70273e-08 184842 0 0 5.26597e-11 0 0 0.00314787 0 0 0 0 0 0 1.1761e+12 1.1761e+12 1.1761e+12 1.1761e+12 
0.132 -0.147795 -3.4478 -1.26738 -2.78918 -2.0522 1.66691e+07 2.83264e+14 0.000106652 0.000375169 2.84833e-16 1.70266e-08 184850 0 0 5.26691e-11 0 0 0.00314787 0 0 0 0 0 0 1.1762e+12 1.1762e+12 1.1762e+12 1.1762e+12 
0.1325 -0.138553 -3.43855 -1.25814 -2.77994 -2.06145 1.66711e+07 2.83251e+14 0.000106654 0.000375171 2.84872e-16 1.70259e-08 184857 0 0 5.26785e-11 0 0 0.00314787 0 0 0 0 0 0 1.1763e+12 1.1763e+12 1.1763e+12 1.1763e+12 
0.133 -0.12931 -3.42931 -1.24889 -2.77069 -2.07069 1.66731e+07 2.83238e+14 0.000106656 0.000375173 2.84912e-16 1.70252e-08 184864 0 0 5.26879e-11 0 0 0.00314787 0 0 0 0 0 0 1.1764e+12 1.1764e+12 1.1764e+12 1.1764e+12 
0.1335 -0.120066 -3.42007 -1.23964 -2.76145 -2.07993 1.66751e+07 2.83225e+14 0.000106658 0.000375175 2.84951e-16 1.70246e-08 184872 0 0 5.26973e-11 0 0 0.00314787 0 0 0 0 0 0 1.17649e+12 1.17649e+12 1.17649e+12 1.17649e+12 
0.134 -0.110823 -3.41082 -1.2304 -2.7522 -2.08918 1.66771e+07 2.83212e+14 0.00010666 0.000375178 2.84991e-16 1.70239e-08 184879 0 0 5.27067e-11 0 0 0.00314787 0 0 0 0 0 0 1.17659e+12 1.17659e+12 1.17659e+12 1.17659e+12 
0.1345 -0.101579 -3.40158 -1.22115 -2.74296 -2.09842 1.66791e+07 2.83199e+14 0.000106662 0.00037518 2.85031e-16 1.70232e-08 184886 0 0 5.27161e-11 0 0 0.00314787 0 0 0 0 0 0 1.17669e+12 1.17669e+12 1.17669e+12 1.17669e+12 
0.135 -0.092334 -3.39233 -1.2119 -2.73371 -2.10767 1.66811e+07 2.83186e+14 0.000106664 0.000375182 2.8507e-16 1.70226e-08 184894 0 0 5.27256e-11 0 0 0.00314787 0 0 0 0 0 0 1.17679e+12 1.17679e+12 1.17679e+12 1.17679e+12 
0.1355 -0.0830892 -3.38309 -1.20265 -2.72447 -2.11691 1.66831e+07 2.83173e+14 0.000106666 0.000375185 2.8511e-16 1.70219e-08 184901 0 0 5.2735e-11 0 0 0.00314787 0 0 0 0 0 0 1.17689e+12 1.17689e+12 1.17689e+12 1.17689e+12 
0.136 -0.0738439 -3.37384 -1.1934 -2.71522 -2.12616 1.66851e+07 2.8316e+14 0.000106668 0.000375187 2.85149e-16 1.70212e-08 184908 0 0 5.27444e-11 0 0 0.00314787 0 0 0 0 0 0 1.17698e+12 1.17698e+12 1.17698e+12 1.17698e+12 
0.1365 -0.0645983 -3.3646 -1.18416 -2.70597 -2.1354 1.66871e+07 2.83147e+14 0.00010667 0.000375189 2.85189e-16 1.70205e-08 184915 0 0 5.27538e-11 0 0 0.00314787 0 0 0 0 0 0 1.17708e+12 1.17708e+12 1.17708e+12 1.17708e+12 
0.137 -0.0553524 -3.35535 -1.17491 -2.69673 -2.14465 1.66891e+07 2.83134e+14 0.000106672 0.000375192 2.85229e-16 1.70199e-08 184923 0 0 5.27632e-11 0 0 0.00314787 0 0 0 0 0 0 1.17718e+12 1.17718e+12 1.17718e+12 1.17718e+12 
0.1375 -0.0461061 -3.34611 -1.16566 -2.68748 -2.15389 1.66911e+07 2.83121e+14 0.000106674 0.000375194 2.85268e-16 1.70192e-08 184930 0 0 5.27726e-11 0 0 0.00314787 0 0 0 0 0 0 1.17728e+12 1.17728e+12 1.17728e+12 1.17728e+12 
0.138 -0.0368594 -3.33686 -1.15641 -2.67823 -2.16314 1.66931e+07 2.83109e+14 0.000106676 0.000375196 2.85308e-16 1.70185e-08 184937 0 0 5.2782e-11 0 0 0.00314787 0 0 0 0 0 0 1.17738e+12 1.17738e+12 1.17738e+12 1.17738e+12 
0.1385 -0.0276123 -3.32761 -1.14716 -2.66898 -2.17239 1.66951e+07 2.83096e+14 0.000106678 0.000375198 2.85347e-16 1.70178e-08 184945 0 0 5.27914e-11 0 0 0.00314787 0 0 0 0 0 0 1.17747e+12 1.17747e+12 1.17747e+12 1.17747e+12 
0.139 -0.0183649 -3.31836 -1.13791 -2.65973 -2.18164 1.66971e+07 2.83083e+14 0.00010668 0.000375201 2.85387e-16 1.70172e-08 184952 0 0 5.28008e-11 0 0 0.00314787 0 0 0 0 0 0 1.17757e+12 1.17757e+12 1.17757e+12 1.17757e+12 
0.1395 -0.0091171 -3.30912 -1.12866 -2.65048 -2.19088 1.66991e+07 2.8307e+14 0.000106682 0.000375203 2.85427e-16 1.70165e-08 184959 0 0 5.28103e-11 0 0 0.00314787 0 0 0 0 0 0 1.17767e+12 1.17767e+12 1.17767e+12 1.17767e+12 
0.14 0.000131052 -3.29987 -1.1194 -2.64123 -2.20013 1.67011e+07 2.83057e+14 0.000106684 0.000375205 2.85466e-16 1.70158e-08 184967 0 0 5.28197e-11 0 0 0.00314787 0 0 0 0 0 0 1.17777e+12 1.17777e+12 1.17777e+12 1.17777e+12 
0.1405 0.00937957 -3.29062 -1.11015 -2.63198 -2.20938 1.67031e+07 2.83044e+14 0.000106686 0.000375208 2.85506e-16 1.70151e-08 184974 0 0 5.28291e-11 0 0 0.00314787 0 0 0 0 0 0 1.17786e+12 1.17786e+12 1.17786e+12 1.17786e+12 
0.141 0.0186285 -3.28137 -1.1009 -2.62273 -2.21863 1.67051e+07 2.83031e+14 0.000106688 0.00037521 2.85545e-16 1.70145e-08 184981 0 0 5.28385e-11 0 0 0.00314787 0 0 0 0 0 0 1.17796e+12 1.17796e+12 1.17796e+12 1.17796e+12 
0.1415 0.0278777 -3.27212 -1.09165 -2.61348 -2.22788 1.67071e+07 2.83018e+14 0.00010669 0.000375212 2.85585e-16 1.70138e-08 184989 0 0 5.28479e-11 0 0 0.00314787 0 0 0 0 0 0 1.17806e+12 1.17806e+12 1.17806e+12 1.17806e+12 
0.142 0.0371273 -3.26287 -1.0824 -2.60423 -2.23713 1.67091e+07 2.83005e+14 0.000106692 0.000375215 2.85625e-16 1.70131e-08 184996 0 0 5.28574e-11 0 0 0.00314787 0 0 0 0 0 0 1.17816e+12 1.17816e+12 1.17816e+12 1.17816e+12 
0.1425 0.0463773 -3.25362 -1.07314 -2.59498 -2.24638 1.67111e+07 2.82992e+14 0.000106694 0.000375217 2.85664e-16 1.70125e-08 185003 0 0 5.28668e-11 0 0 0.00314787 0 0 0 0 0 0 1.17826e+12 1.17826e+12 1.17826e+12 1.17826e+12 
0.143 0.0556277 -3.24437 -1.06389 -2.58573 -2.25563 1.67131e+07 2.82979e+14 0.000106696 0.000375219 2.85704e-16 1.70118e-08 185011 0 0 5.28762e-11 0 0 0.00314787 0 0 0 0 0 0 1.17835e+12 1.17835e+12 1.17835e+12 1.17835e+12 
0.1435 0.0648784 -3.23512 -1.05463 -2.57647 -2.26488 1.67151e+07 2.82966e+14 0.000106698 0.000375221 2.85744e-16 1.70111e-08 185018 0 0 5.28856e-11 0 0 0.00314787 0 0 0 0 0 0 1.17845e+12 1.17845e+12 1.17845e+12 1.17845e+12 
0.144 0.0741294 -3.22587 -1.04538 -2.56722 -2.27413 1.67171e+07 2.82953e+14 0.0001067 0.000375224 2.85783e-16 1.70104e-08 185025 0 0 5.2895e-11 0 0 0.00314787 0 0 0 0 0 0 1.17855e+12 1.17855e+12 1.17855e+12 1.17855e+12 
0.1445 0.0833809 -3.21662 -1.03613 -2.55797 -2.28338 1.67191e+07 2.8294e+14 0.000106702 0.000375226 2.85823e-16 1.70098e-08 185033 0 0 5.29045e-11 0 0 0.00314787 0 0 0 0 0 0 1.17865e+12 1.17865e+12 1.17865e+12 1.17865e+12 
0.145 0.0926327 -3.20737 -1.02687 -2.54872 -2.29263 1.67211e+07 2.82928e+14 0.000106704 0.000375228 2.85862e-16 1.70091e-08 185040 0 0 5.29139e-11 0 0 0.00314787 0 0 0 0 0 0 1.17875e+12 1.17875e+12 1.17875e+12 1.17875e+12 
0.1455 0.101885 -3.19812 -1.01762 -2.53946 -2.30188 1.67231e+07 2.82915e+14 0.000106706 0.000375231 2.85902e-16 1.70084e-08 185047 0 0 5.29233e-11 0 0 0.00314787 0 0 0 0 0 0 1.17884e+12 1.17884e+12 1.17884e+12 1.17884e+12 
0.146 0.111137 -3.18886 -1.00836 -2.53021 -2.31114 1.67251e+07 2.82902e+14 0.000106708 0.000375233 2.85942e-16 1.70078e-08 185055 0 0 5.29327e-11 0 0 0.00314787 0 0 0 0 0 0 1.17894e+12 1.17894e+12 1.17894e+12 1.17894e+12 
0.1465 0.12039 -3.17961 -0.999104 -2.52095 -2.32039 1.67271e+07 2.82889e+14 0.00010671 0.000375235 2.85981e-16 1.70071e-08 185062 0 0 5.29422e-11 0 0 0.00314787 0 0 0 0 0 0 1.17904e+12 1.17904e+12 1.17904e+12 1.17904e+12 
0.147 0.129644 -3.17036 -0.989848 -2.5117 -2.32964 1.67291e+07 2.82876e+14 0.000106712 0.000375238 2.86021e-16 1.70064e-08 185069 0 0 5.29516e-11 0 0 0.00314787 0 0 0 0 0 0 1.17914e+12 1.17914e+12 1.17914e+12 1.17914e+12 
0.1475 0.138897 -3.1611 -0.980591 -2.50244 -2.3389 1.67311e+07 2.82863e+14 0.000106714 0.00037524 2.86061e-16 1.70057e-08 185076 0 0 5.2961e-11 0 0 0.00314787 0 0 0 0 0 0 1.17924e+12 1.17924e+12 1.17924e+12 1.17924e+12 
0.148 0.148151 -3.15185 -0.971334 -2.49319 -2.34815 1.67331e+07 2.8285e+14 0.000106716 0.000375242 2.861e-16 1.70051e-08 185084 0 0 5.29704e-11 0 0 0.00314787 0 0 0 0 0 0 1.17933e+12 1.17933e+12 1.17933e+12 1.17933e+12 
0.1485 0.157406 -3.14259 -0.962076 -2.48393 -2.35741 1.67351e+07 2.82837e+14 0.000106718 0.000375244 2.8614e-16 1.70044e-08 185091 0 0 5.29799e-11 0 0 0.00314787 0 0 0 0 0 0 1.17943e+12 1.17943e+12 1.17943e+12 1.17943e+12 
0.149 0.16666 -3.13334 -0.952818 -2.47468 -2.36666 1.67371e+07 2.82824e+14 0.00010672 0.000375247 2.86179e-16 1.70037e-08 185098 0 0 5.29893e-11 0 0 0.00314787 0 0 0 0 0 0 1.17953e+12 1.17953e+12 1.17953e+12 1.17953e+12 
0.1495 0.175915 -3.12408 -0.94356 -2.46542 -2.37592 1.67391e+07 2.82811e+14 0.000106722 0.000375249 2.86219e-16 1.70031e-08 185106 0 0 5.29987e-11 0 0 0.00314787 0 0 0 0 0 0 1.17963e+12 1.17963e+12 1.17963e+12 1.17963e+12 
0.15 0.185171 -3.11483 -0.934302 -2.45616 -2.38517 1.67411e+07 2.82799e+14 0.000106724 0.000375251 2.86259e-16 1.70024e-08 185113 0 0 5.30082e-11 0 0 0.00314787 0 0 0 0 0 0 1.17972e+12 1.17972e+12 1.17972e+12 1.17972e+12 
0.1505 0.194427 -3.10557 -0.925043 -2.44691 -2.39443 1.67431e+07 2.82786e+14 0.000106726 0.000375254 2.86298e-16 1.70017e-08 185120 0 0 5.30176e-11 0 0 0.00314787 0 0 0 0 0 0 1.17982e+12 1.17982e+12 1.17982e+12 1.17982e+12 
0.151 0.203683 -3.09632 -0.915783 -2.43765 -2.40368 1.67451e+07 2.82773e+14 0.000106728 0.000375256 2.86338e-16 1.7001e-08 185128 0 0 5.3027e-11 0 0 0.00314787 0 0 0 0 0 0 1.17992e+12 1.17992e+12 1.17992e+12 1.17992e+12 
0.1515 0.21294 -3.08706 -0.906524 -2.42839 -2.41294 1.67471e+07 2.8276e+14 0.00010673 0.000375258 2.86378e-16 1.70004e-08 185135 0 0 5.30365e-11 0 0 0.00314787 0 0 0 0 0 0 1.18002e+12 1.18002e+12 1.18002e+12 1.18002e+12 
0.152 0.222196 -3.0778 -0.897264 -2.41913 -2.4222 1.67491e+07 2.82747e+14 0.000106732 0.000375261 2.86417e-16 1.69997e-08 185142 0 0 5.30459e-11 0 0 0.00314787 0 0 0 0 0 0 1.18012e+12 1.18012e+12 1.18012e+12 1.18012e+12 
0.1525 0.231454 -3.06855 -0.888003 -2.40987 -2.43145 1.67511e+07 2.82734e+14 0.000106734 0.000375263 2.86457e-16 1.6999e-08 185150 0 0 5.30553e-11 0 0 0.00314787 0 0 0 0 0 0 1.18021e+12 1.18021e+12 1.18021e+12 1.18021e+12 
0.153 0.240711 -3.05929 -0.878742 -2.40061 -2.44071 1.67531e+07 2.82721e+14 0.000106737 0.000375265 2.86497e-16 1.69984e-08 185157 0 0 5.30648e-11 0 0 0.00314787 0 0 0 0 0 0 1.18031e+12 1.18031e+12 1.18031e+12 1.18031e+12 
0.1535 0.249969 -3.05003 -0.869481 -2.39135 -2.44997 1.67551e+07 2.82708e+14 0.000106739 0.000375267 2.86536e-16 1.69977e-08 185164 0 0 5.30742e-11 0 0 0.00314787 0 0 0 0 0 0 1.18041e+12 1.18041e+12 1.18041e+12 1.18041e+12 
0.154 0.259228 -3.04077 -0.86022 -2.38209 -2.45923 1.67571e+07 2.82695e+14 0.000106741 0.00037527 2.86576e-16 1.6997e-08 185171 0 0 5.30836e-11 0 0 0.00314787 0 0 0 0 0 0 1.18051e+12 1.18051e+12 1.18051e+12 1.18051e+12 
0.1545 0.268487 -3.03151 -0.850958 -2.37283 -2.46849 1.67591e+07 2.82682e+14 0.000106743 0.000375272 2.86616e-16 1.69963e-08 185179 0 0 5.30931e-11 0 0 0.00314787 0 0 0 0 0 0 1.1806e+12 1.1806e+12 1.1806e+12 1.1806e+12 
0.155 0.277746 -3.02225 -0.841695 -2.36357 -2.47775 1.67611e+07 2.8267e+14 0.000106745 0.000375274 2.86655e-16 1.69957e-08 185186 0 0 5.31025e-11 0 0 0.00314787 0 0 0 0 0 0 1.1807e+12 1.1807e+12 1.1807e+12 1.1807e+12 
0.1555 0.287005 -3.01299 -0.832433 -2.35431 -2.48701 1.67631e+07 2.82657e+14 0.000106747 0.000375277 2.86695e-16 1.6995e-08 185193 0 0 5.3112e-11 0 0 0.00314787 0 0 0 0 0 0 1.1808e+12 1.1808e+12 1.1808e+12 1.1808e+12 
0.156 0.296265 -3.00373 -0.82317 -2.34505 -2.49627 1.67651e+07 2.82644e+14 0.000106749 0.000375279 2.86735e-16 1.69943e-08 185201 0 0 5.31214e-11 0 0 0.00314787 0 0 0 0 0 0 1.1809e+12 1.1809e+12 1.1809e+12 1.1809e+12 
0.1565 0.305525 -2.99447 -0.813907 -2.33579 -2.50553 1.67671e+07 2.82631e+14 0.000106751 0.000375281 2.86774e-16 1.69937e-08 185208 0 0 5.31309e-11 0 0 0.00314787 0 0 0 0 0 0 1.181e+12 1.181e+12 1.181e+12 1.181e+12 
0.157 0.314786 -2.98521 -0.804643 -2.32653 -2.51479 1.67691e+07 2.82618e+14 0.000106753 0.000375284 2.86814e-16 1.6993e-08 185215 0 0 5.31403e-11 0 0 0.00314787 0 0 0 0 0 0 1.18109e+12 1.18109e+12 1.18109e+12 1.18109e+12 
0.1575 0.324047 -2.97595 -0.795379 -2.31726 -2.52405 1.67712e+07 2.82605e+14 0.000106755 0.000375286 2.86854e-16 1.69923e-08 185223 0 0 5.31497e-11 0 0 0.00314787 0 0 0 0 0 0 1.18119e+12 1.18119e+12 1.18119e+12 1.18119e+12 
0.158 0.333308 -2.96669 -0.786114 -2.308 -2.53331 1.67732e+07 2.82592e+14 0.000106757 0.000375288 2.86893e-16 1.69917e-08 185230 0 0 5.31592e-11 0 0 0.00314787 0 0 0 0 0 0 1.18129e+12 1.18129e+12 1.18129e+12 1.18129e+12 
0.1585 0.34257 -2.95743 -0.776849 -2.29874 -2.54257 1.67752e+07 2.82579e+14 0.000106759 0.000375291 2.86933e-16 1.6991e-08 185237 0 0 5.31686e-11 0 0 0.00314787 0 0 0 0 0 0 1.18139e+12 1.18139e+12 1.18139e+12 1.18139e+12 
0.159 0.351832 -2.94817 -0.767584 -2.28948 -2.55183 1.67772e+07 2.82567e+14 0.000106761 0.000375293 2.86973e-16 1.69903e-08 185245 0 0 5.31781e-11 0 0 0.00314787 0 0 0 0 0 0 1.18148e+12 1.18148e+12 1.18148e+12 1.18148e+12 
0.1595 0.361094 -2.93891 -0.758319 -2.28021 -2.56109 1.67792e+07 2.82554e+14 0.000106763 0.000375295 2.87012e-16 1.69896e-08 185252 0 0 5.31875e-11 0 0 0.00314787 0 0 0 0 0 0 1.18158e+12 1.18158e+12 1.18158e+12 1.18158e+12 
0.16 0.370357 -2.92964 -0.749053 -2.27095 -2.57036 1.67812e+07 2.82541e+14 0.000106765 0.000375297 2.87052e-16 1.6989e-08 185259 0 0 5.3197e-11 0 0 0.00314787 0 0 0 0 0 0 1.18168e+12 1.18168e+12 1.18168e+12 1.18168e+12 
0.1605 0.37962 -2.92038 -0.739787 -2.26168 -2.57962 1.67832e+07 2.82528e+14 0.000106767 0.0003753 2.87092e-16 1.69883e-08 185266 0 0 5.32064e-11 0 0 0.00314787 0 0 0 0 0 0 1.18178e+12 1.18178e+12 1.18178e+12 1.18178e+12 
0.161 0.388884 -2.91112 -0.73052 -2.25242 -2.58888 1.67852e+07 2.82515e+14 0.000106769 0.000375302 2.87131e-16 1.69876e-08 185274 0 0 5.32159e-11 0 0 0.00314787 0 0 0 0 0 0 1.18188e+12 1.18188e+12 1.18188e+12 1.18188e+12 
0.1615 0.398148 -2.90185 -0.721253 -2.24315 -2.59815 1.67872e+07 2.82502e+14 0.000106771 0.000375304 2.87171e-16 1.6987e-08 185281 0 0 5.32253e-11 0 0 0.00314787 0 0 0 0 0 0 1.18197e+12 1.18197e+12 1.18197e+12 1.18197e+12 
0.162 0.407412 -2.89259 -0.711986 -2.23389 -2.60741 1.67892e+07 2.82489e+14 0.000106773 0.000375307 2.87211e-16 1.69863e-08 185288 0 0 5.32348e-11 0 0 0.00314787 0 0 0 0 0 0 1.18207e+12 1.18207e+12 1.18207e+12 1.18207e+12 
0.1625 0.416676 -2.88332 -0.702718 -2.22462 -2.61668 1.67912e+07 2.82476e+14 0.000106775 0.000375309 2.8725e-16 1.69856e-08 185296 0 0 5.32442e-11 0 0 0.00314787 0 0 0 0 0 0 1.18217e+12 1.18217e+12 1.18217e+12 1.18217e+12 
0.163 0.425941 -2.87406 -0.69345 -2.21535 -2.62594 1.67932e+07 2.82464e+14 0.000106777 0.000375311 2.8729e-16 1.6985e-08 185303 0 0 5.32537e-11 0 0 0.00314787 0 0 0 0 0 0 1.18227e+12 1.18227e+12 1.18227e+12 1.18227e+12 
0.1635 0.435207 -2.86479 -0.684181 -2.20609 -2.63521 1.67952e+07 2.82451e+14 0.000106779 0.000375314 2.8733e-16 1.69843e-08 185310 0 0 5.32631e-11 0 0 0.00314787 0 0 0 0 0 0 1.18236e+12 1.18236e+12 1.18236e+12 1.18236e+12 
0.164 0.444472 -2.85553 -0.674913 -2.19682 -2.64447 1.67972e+07 2.82438e+14 0.000106781 0.000375316 2.87369e-16 1.69836e-08 185318 0 0 5.32726e-11 0 0 0.00314787 0 0 0 0 0 0 1.18246e+12 1.18246e+12 1.18246e+12 1.18246e+12 
0.1645 0.453738 -2.84626 -0.665643 -2.18755 -2.65374 1.67992e+07 2.82425e+14 0.000106783 0.000375318 2.87409e-16 1.6983e-08 185325 0 0 5.3282e-11 0 0 0.00314787 0 0 0 0 0 0 1.18256e+12 1.18256e+12 1.18256e+12 1.18256e+12 
0.165 0.463005 -2.837 -0.656374 -2.17828 -2.663 1.68012e+07 2.82412e+14 0.000106785 0.000375321 2.87449e-16 1.69823e-08 185332 0 0 5.32915e-11 0 0 0.00314787 0 0 0 0 0 0 1.18266e+12 1.18266e+12 1.18266e+12 1.18266e+12 
0.1655 0.472272 -2.82773 -0.647104 -2.16902 -2.67227 1.68032e+07 2.82399e+14 0.000106787 0.000375323 2.87489e-16 1.69816e-08 185339 0 0 5.33009e-11 0 0 0.00314787 0 0 0 0 0 0 1.18275e+12 1.18275e+12 1.18275e+12 1.18275e+12 
0.166 0.481539 -2.81846 -0.637834 -2.15975 -2.68154 1.68052e+07 2.82386e+14 0.000106789 0.000375325 2.87528e-16 1.69809e-08 185347 0 0 5.33104e-11 0 0 0.00314787 0 0 0 0 0 0 1.18285e+12 1.18285e+12 1.18285e+12 1.18285e+12 
0.1665 0.490806 -2.80919 -0.628563 -2.15048 -2.69081 1.68072e+07 2.82374e+14 0.000106791 0.000375328 2.87568e-16 1.69803e-08 185354 0 0 5.33199e-11 0 0 0.00314787 0 0 0 0 0 0 1.18295e+12 1.18295e+12 1.18295e+12 1.18295e+12 
0.167 0.500074 -2.79993 -0.619292 -2.14121 -2.70007 1.68092e+07 2.82361e+14 0.000106793 0.00037533 2.87608e-16 1.69796e-08 185361 0 0 5.33293e-11 0 0 0.00314787 0 0 0 0 0 0 1.18305e+12 1.18305e+12 1.18305e+12 1.18305e+12 
0.1675 0.509342 -2.79066 -0.610021 -2.13194 -2.70934 1.68112e+07 2.82348e+14 0.000106795 0.000375332 2.87647e-16 1.69789e-08 185369 0 0 5.33388e-11 0 0 0.00314787 0 0 0 0 0 0 1.18315e+12 1.18315e+12 1.18315e+12 1.18315e+12 
0.168 0.518611 -2.78139 -0.600749 -2.12267 -2.71861 1.68132e+07 2.82335e+14 0.000106797 0.000375334 2.87687e-16 1.69783e-08 185376 0 0 5.33482e-11 0 0 0.00314787 0 0 0 0 0 0 1.18324e+12 1.18324e+12 1.18324e+12 1.18324e+12 
0.1685 0.52788 -2.77212 -0.591477 -2.1134 -2.72788 1.68152e+07 2.82322e+14 0.000106799 0.000375337 2.87727e-16 1.69776e-08 185383 0 0 5.33577e-11 0 0 0.00314787 0 0 0 0 0 0 1.18334e+12 1.18334e+12 1.18334e+12 1.18334e+12 
0.169 0.537149 -2.76285 -0.582204 -2.10413 -2.73715 1.68172e+07 2.82309e+14 0.000106801 0.000375339 2.87766e-16 1.69769e-08 185391 0 0 5.33672e-11 0 0 0.00314787 0 0 0 0 0 0 1.18344e+12 1.18344e+12 1.18344e+12 1.18344e+12 
0.1695 0.546419 -2.75358 -0.572931 -2.09486 -2.74642 1.68192e+07 2.82296e+14 0.000106803 0.000375341 2.87806e-16 1.69763e-08 185398 0 0 5.33766e-11 0 0 0.00314787 0 0 0 0 0 0 1.18354e+12 1.18354e+12 1.18354e+12 1.18354e+12 
0.17 0.555689 -2.74431 -0.563658 -2.08559 -2.75569 1.68212e+07 2.82284e+14 0.000106805 0.000375344 2.87846e-16 1.69756e-08 185405 0 0 5.33861e-11 0 0 0.00314787 0 0 0 0 0 0 1.18363e+12 1.18363e+12 1.18363e+12 1.18363e+12 
0.1705 0.56496 -2.73504 -0.554385 -2.07631 -2.76496 1.68232e+07 2.82271e+14 0.000106807 0.000375346 2.87886e-16 1.69749e-08 185412 0 0 5.33955e-11 0 0 0.00314787 0 0 0 0 0 0 1.18373e+12 1.18373e+12 1.18373e+12 1.18373e+12 
0.171 0.57423 -2.72577 -0.545111 -2.06704 -2.77423 1.68252e+07 2.82258e+14 0.000106809 0.000375348 2.87925e-16 1.69743e-08 185420 0 0 5.3405e-11 0 0 0.00314787 0 0 0 0 0 0 1.18383e+12 1.18383e+12 1.18383e+12 1.18383e+12 
0.1715 0.583502 -2.7165 -0.535836 -2.05777 -2.7835 1.68272e+07 2.82245e+14 0.000106811 0.000375351 2.87965e-16 1.69736e-08 185427 0 0 5.34145e-11 0 0 0.00314787 0 0 0 0 0 0 1.18393e+12 1.18393e+12 1.18393e+12 1.18393e+12 
0.172 0.592773 -2.70723 -0.526562 -2.0485 -2.79277 1.68292e+07 2.82232e+14 0.000106813 0.000375353 2.88005e-16 1.69729e-08 185434 0 0 5.34239e-11 0 0 0.00314787 0 0 0 0 0 0 1.18402e+12 1.18402e+12 1.18402e+12 1.18402e+12 
0.1725 0.602045 -2.69796 -0.517287 -2.03922 -2.80204 1.68312e+07 2.82219e+14 0.000106815 0.000375355 2.88044e-16 1.69723e-08 185442 0 0 5.34334e-11 0 0 0.00314787 0 0 0 0 0 0 1.18412e+12 1.18412e+12 1.18412e+12 1.18412e+12 
0.173 0.611317 -2.68868 -0.508011 -2.02995 -2.81132 1.68332e+07 2.82207e+14 0.000106817 0.000375358 2.88084e-16 1.69716e-08 185449 0 0 5.34429e-11 0 0 0.00314787 0 0 0 0 0 0 1.18422e+12 1.18422e+12 1.18422e+12 1.18422e+12 
0.1735 0.62059 -2.67941 -0.498736 -2.02067 -2.82059 1.68352e+07 2.82194e+14 0.000106819 0.00037536 2.88124e-16 1.69709e-08 185456 0 0 5.34523e-11 0 0 0.00314787 0 0 0 0 0 0 1.18432e+12 1.18432e+12 1.18432e+12 1.18432e+12 
0.174 0.629863 -2.67014 -0.48946 -2.0114 -2.82986 1.68372e+07 2.82181e+14 0.000106821 0.000375362 2.88164e-16 1.69703e-08 185464 0 0 5.34618e-11 0 0 0.00314787 0 0 0 0 0 0 1.18442e+12 1.18442e+12 1.18442e+12 1.18442e+12 
0.1745 0.639136 -2.66086 -0.480183 -2.00212 -2.83914 1.68392e+07 2.82168e+14 0.000106823 0.000375365 2.88203e-16 1.69696e-08 185471 0 0 5.34713e-11 0 0 0.00314787 0 0 0 0 0 0 1.18451e+12 1.18451e+12 1.18451e+12 1.18451e+12 
0.175 0.64841 -2.65159 -0.470906 -1.99285 -2.84841 1.68412e+07 2.82155e+14 0.000106825 0.000375367 2.88243e-16 1.69689e-08 185478 0 0 5.34808e-11 0 0 0.00314787 0 0 0 0 0 0 1.18461e+12 1.18461e+12 1.18461e+12 1.18461e+12 
0.1755 0.657684 -2.64232 -0.461629 -1.98357 -2.85768 1.68432e+07 2.82142e+14 0.000106827 0.000375369 2.88283e-16 1.69683e-08 185485 0 0 5.34902e-11 0 0 0.00314787 0 0 0 0 0 0 1.18471e+12 1.18471e+12 1.18471e+12 1.18471e+12 
0.176 0.666958 -2.63304 -0.452351 -1.9743 -2.86696 1.68452e+07 2.8213e+14 0.000106829 0.000375371 2.88323e-16 1.69676e-08 185493 0 0 5.34997e-11 0 0 0.00314787 0 0 0 0 0 0 1.18481e+12 1.18481e+12 1.18481e+12 1.18481e+12 
0.1765 0.676233 -2.62377 -0.443073 -1.96502 -2.87623 1.68472e+07 2.82117e+14 0.000106832 0.000375374 2.88362e-16 1.69669e-08 185500 0 0 5.35092e-11 0 0 0.00314787 0 0 0 0 0 0 1.1849e+12 1.1849e+12 1.1849e+12 1.1849e+12 
0.177 0.685508 -2.61449 -0.433795 -1.95575 -2.88551 1.68492e+07 2.82104e+14 0.000106834 0.000375376 2.88402e-16 1.69663e-08 185507 0 0 5.35186e-11 0 0 0.00314787 0 0 0 0 0 0 1.185e+12 1.185e+12 1.185e+12 1.185e+12 
0.1775 0.694784 -2.60522 -0.424517 -1.94647 -2.89478 1.68512e+07 2.82091e+14 0.000106836 0.000375378 2.88442e-16 1.69656e-08 185515 0 0 5.35281e-11 0 0 0.00314787 0 0 0 0 0 0 1.1851e+12 1.1851e+12 1.1851e+12 1.1851e+12 
0.178 0.70406 -2.59594 -0.415238 -1.93719 -2.90406 1.68532e+07 2.82078e+14 0.000106838 0.000375381 2.88481e-16 1.69649e-08 185522 0 0 5.35376e-11 0 0 0.00314787 0 0 0 0 0 0 1.1852e+12 1.1852e+12 1.1852e+12 1.1852e+12 
0.1785 0.713336 -2.58666 -0.405958 -1.92791 -2.91334 1.68552e+07 2.82065e+14 0.00010684 0.000375383 2.88521e-16 1.69643e-08 185529 0 0 5.35471e-11 0 0 0.00314787 0 0 0 0 0 0 1.18529e+12 1.18529e+12 1.18529e+12 1.18529e+12 
0.179 0.722613 -2.57739 -0.396678 -1.91863 -2.92261 1.68572e+07 2.82053e+14 0.000106842 0.000375385 2.88561e-16 1.69636e-08 185536 0 0 5.35565e-11 0 0 0.00314787 0 0 0 0 0 0 1.18539e+12 1.18539e+12 1.18539e+12 1.18539e+12 
0.1795 0.73189 -2.56811 -0.387398 -1.90936 -2.93189 1.68592e+07 2.8204e+14 0.000106844 0.000375388 2.88601e-16 1.69629e-08 185544 0 0 5.3566e-11 0 0 0.00314787 0 0 0 0 0 0 1.18549e+12 1.18549e+12 1.18549e+12 1.18549e+12 
0.18 0.741167 -2.55883 -0.378118 -1.90008 -2.94117 1.68612e+07 2.82027e+14 0.000106846 0.00037539 2.8864e-16 1.69623e-08 185551 0 0 5.35755e-11 0 0 0.00314787 0 0 0 0 0 0 1.18559e+12 1.18559e+12 1.18559e+12 1.18559e+12 
0.1805 0.750445 -2.54956 -0.368837 -1.8908 -2.95044 1.68633e+07 2.82014e+14 0.000106848 0.000375392 2.8868e-16 1.69616e-08 185558 0 0 5.3585e-11 0 0 0.00314787 0 0 0 0 0 0 1.18568e+12 1.18568e+12 1.18568e+12 1.18568e+12 
0.181 0.759723 -2.54028 -0.359556 -1.88152 -2.95972 1.68653e+07 2.82001e+14 0.00010685 0.000375395 2.8872e-16 1.69609e-08 185566 0 0 5.35945e-11 0 0 0.00314787 0 0 0 0 0 0 1.18578e+12 1.18578e+12 1.18578e+12 1.18578e+12 
0.1815 0.769002 -2.531 -0.350274 -1.87224 -2.969 1.68673e+07 2.81988e+14 0.000106852 0.000375397 2.8876e-16 1.69602e-08 185573 0 0 5.36039e-11 0 0 0.00314787 0 0 0 0 0 0 1.18588e+12 1.18588e+12 1.18588e+12 1.18588e+12 
0.182 0.77828 -2.52172 -0.340992 -1.86296 -2.97828 1.68693e+07 2.81975e+14 0.000106854 0.000375399 2.88799e-16 1.69596e-08 185580 0 0 5.36134e-11 0 0 0.00314787 0 0 0 0 0 0 1.18598e+12 1.18598e+12 1.18598e+12 1.18598e+12 
0.1825 0.78756 -2.51244 -0.33171 -1.85368 -2.98756 1.68713e+07 2.81962e+14 0.000106856 0.000375401 2.88839e-16 1.69589e-08 185587 0 0 5.36229e-11 0 0 0.00314787 0 0 0 0 0 0 1.18607e+12 1.18607e+12 1.18607e+12 1.18607e+12 
0.183 0.796839 -2.50316 -0.322427 -1.8444 -2.99684 1.68733e+07 2.81949e+14 0.000106858 0.000375404 2.88879e-16 1.69582e-08 185595 0 0 5.36324e-11 0 0 0.00314787 0 0 0 0 0 0 1.18617e+12 1.18617e+12 1.18617e+12 1.18617e+12 
0.1835 0.806119 -2.49388 -0.313144 -1.83512 -3.00612 1.68753e+07 2.81936e+14 0.00010686 0.000375406 2.88919e-16 1.69575e-08 185602 0 0 5.36419e-11 0 0 0.00314787 0 0 0 0 0 0 1.18626e+12 1.18626e+12 1.18626e+12 1.18626e+12 
0.184 0.815399 -2.4846 -0.303861 -1.82583 -3.0154 1.68773e+07 2.81923e+14 0.000106862 0.000375408 2.88958e-16 1.69568e-08 185609 0 0 5.36514e-11 0 0 0.00314787 0 0 0 0 0 0 1.18636e+12 1.18636e+12 1.18636e+12 1.18636e+12 
0.1845 0.82468 -2.47532 -0.294577 -1.81655 -3.02468 1.68793e+07 2.81909e+14 0.000106864 0.00037541 2.88998e-16 1.69561e-08 185617 0 0 5.36608e-11 0 0 0.00314787 0 0 0 0 0 0 1.18645e+12 1.18645e+12 1.18645e+12 1.18645e+12 
0.185 0.833961 -2.46604 -0.285293 -1.80727 -3.03396 1.68813e+07 2.81896e+14 0.000106866 0.000375412 2.89038e-16 1.69554e-08 185624 0 0 5.36703e-11 0 0 0.00314787 0 0 0 0 0 0 1.18655e+12 1.18655e+12 1.18655e+12 1.18655e+12 
0.1855 0.843242 -2.45676 -0.276008 -1.79799 -3.04324 1.68833e+07 2.81881e+14 0.000106868 0.000375414 2.89078e-16 1.69546e-08 185631 0 0 5.36798e-11 0 0 0.00314787 0 0 0 0 0 0 1.18664e+12 1.18664e+12 1.18664e+12 1.18664e+12 
0.186 0.852524 -2.44748 -0.266724 -1.7887 -3.05252 1.68853e+07 2.81867e+14 0.00010687 0.000375416 2.89117e-16 1.69538e-08 185638 0 0 5.36893e-11 0 0 0.00314787 0 0 0 0 0 0 1.18672e+12 1.18672e+12 1.18672e+12 1.18672e+12 
0.1865 0.861806 -2.43819 -0.257438 -1.77942 -3.06181 1.68873e+07 2.81851e+14 0.000106872 0.000375417 2.89157e-16 1.69529e-08 185646 0 0 5.36988e-11 0 0 0.00314787 0 0 0 0 0 0 1.18681e+12 1.18681e+12 1.18681e+12 1.18681e+12 
0.187 0.871089 -2.42891 -0.248153 -1.77013 -3.07109 1.68893e+07 2.81834e+14 0.000106874 0.000375418 2.89197e-16 1.69519e-08 185653 0 0 5.37083e-11 0 0 0.00314787 0 0 0 0 0 0 1.18688e+12 1.18688e+12 1.18688e+12 1.18688e+12 
0.1875 0.880372 -2.41963 -0.238867 -1.76085 -3.08037 1.68913e+07 2.81815e+14 0.000106876 0.000375418 2.89237e-16 1.69508e-08 185660 0 0 5.37178e-11 0 0 0.00314787 0 0 0 0 0 0 1.18695e+12 1.18695e+12 1.18695e+12 1.18695e+12 
0.188 0.889655 -2.41035 -0.229581 -1.75156 -3.08965 1.68933e+07 2.81794e+14 0.000106878 0.000375418 2.89276e-16 1.69495e-08 185668 0 0 5.37273e-11 0 0 0.00314787 0 0 0 0 0 0 1.18701e+12 1.18701e+12 1.18701e+12 1.18701e+12 
0.1885 0.898938 -2.40106 -0.220294 -1.74228 -3.09894 1.68953e+07 2.81769e+14 0.00010688 0.000375416 2.89316e-16 1.69479e-08 185675 0 0 5.37368e-11 0 0 0.00314787 0 0 0 0 0 0 1.18704e+12 1.18704e+12 1.18704e+12 1.18704e+12 
0.189 0.908222 -2.39178 -0.211007 -1.73299 -3.10822 1.68973e+07 2.81739e+14 0.000106882 0.000375412 2.89356e-16 1.6946e-08 185682 0 0 5.37462e-11 0 0 0.00314787 0 0 0 0 0 0 1.18705e+12 1.18705e+12 1.18705e+12 1.18705e+12 
0.1895 0.917506 -2.38249 -0.201719 -1.7237 -3.11751 1.68993e+07 2.81701e+14 0.000106884 0.000375406 2.89396e-16 1.69434e-08 185689 0 0 5.37557e-11 0 0 0.00314787 0 0 0 0 0 0 1.18703e+12 1.18703e+12 1.18703e+12 1.18703e+12 
0.19 0.926791 -2.37321 -0.192432 -1.71441 -3.12679 1.69013e+07 2.81653e+14 0.000106886 0.000375396 2.89436e-16 1.69401e-08 185697 0 0 5.37652e-11 0 0 0.00314787 0 0 0 0 0 0 1.18694e+12 1.18694e+12 1.18694e+12 1.18694e+12 
0.1905 0.936076 -2.36392 -0.183144 -1.70512 -3.13608 1.69033e+07 2.81589e+14 0.000106888 0.000375381 2.89475e-16 1.69355e-08 185704 0 0 5.37747e-11 0 0 0.00314787 0 0 0 0 0 0 1.18678e+12 1.18678e+12 1.18678e+12 1.18678e+12 
0.191 0.945362 -2.35464 -0.173855 -1.69582 -3.14536 1.69053e+07 2.81502e+14 0.00010689 0.000375359 2.89515e-16 1.69293e-08 185711 0 0 5.37842e-11 0 0 0.00314787 0 0 0 0 0 0 1.18651e+12 1.18651e+12 1.18651e+12 1.18651e+12 
0.1915 0.954647 -2.34535 -0.164566 -1.68652 -3.15465 1.69073e+07 2.81384e+14 0.000106892 0.000375325 2.89555e-16 1.69207e-08 185719 0 0 5.37937e-11 0 0 0.00314787 0 0 0 0 0 0 1.18607e+12 1.18607e+12 1.18607e+12 1.18607e+12 
0.192 0.963933 -2.33607 -0.155277 -1.67722 -3.16393 1.69093e+07 2.8122e+14 0.000106894 0.000375276 2.89595e-16 1.69086e-08 185726 0 0 5.38032e-11 0 0 0.00314787 0 0 0 0 0 0 1.1854e+12 1.1854e+12 1.1854e+12 1.1854e+12 
0.1925 0.97322 -2.32678 -0.145987 -1.6679 -3.17322 1.69113e+07 2.80989e+14 0.000106896 0.000375205 2.89634e-16 1.68915e-08 185733 0 0 5.38126e-11 0 0 0.00314787 0 0 0 0 0 0 1.1844e+12 1.1844e+12 1.1844e+12 1.1844e+12 
0.193 0.982507 -2.31749 -0.136697 -1.65858 -3.18251 1.69133e+07 2.80664e+14 0.000106898 0.000375101 2.89674e-16 1.68673e-08 185740 0 0 5.38221e-11 0 0 0.00314787 0 0 0 0 0 0 1.18292e+12 1.18292e+12 1.18292e+12 1.18292e+12 
0.1935 0.991794 -2.30821 -0.127407 -1.64924 -3.19179 1.69153e+07 2.80204e+14 0.0001069 0.000374952 2.89714e-16 1.68329e-08 185748 0 0 5.38316e-11 0 0 0.00314787 0 0 0 0 0 0 1.18076e+12 1.18076e+12 1.18076e+12 1.18076e+12 
0.194 1.00108 -2.29892 -0.118116 -1.63988 -3.20108 1.69173e+07 2.79548e+14 0.000106902 0.000374735 2.89753e-16 1.67838e-08 185755 0 0 5.3841e-11 0 0 0.00314787 0 0 0 0 0 0 1.17761e+12 1.17761e+12 1.17761e+12 1.17761e+12 
0.1945 1.01037 -2.28963 -0.108825 -1.63048 -3.21037 1.69193e+07 2.78611e+14 0.000106904 0.000374423 2.89793e-16 1.67136e-08 185762 0 0 5.38504e-11 0 0 0.00314787 0 0 0 0 0 0 1.17304e+12 1.17304e+12 1.17304e+12 1.17304e+12 
0.195 1.01966 -2.28034 -0.0995341 -1.62103 -3.21966 1.69213e+07 2.77271e+14 0.000106906 0.000373972 2.89832e-16 1.66132e-08 185769 0 0 5.38597e-11 0 0 0.00314787 0 0 0 0 0 0 1.16645e+12 1.16645e+12 1.16645e+12 1.16645e+12 
0.1955 1.02895 -2.27105 -0.0902424 -1.61152 -3.22895 1.69233e+07 2.7535e+14 0.000106908 0.000373322 2.89872e-16 1.64694e-08 185776 0 0 5.3869e-11 0 0 0.00314787 0 0 0 0 0 0 1.15694e+12 1.15694e+12 1.15694e+12 1.15694e+12 
0.196 1.03824 -2.26176 -0.0809504 -1.6019 -3.23824 1.69252e+07 2.72593e+14 0.00010691 0.00037238 2.89911e-16 1.62634e-08 185783 0 0 5.38782e-11 0 0 0.00314787 0 0 0 0 0 0 1.14325e+12 1.14325e+12 1.14325e+12 1.14325e+12 
0.1965 1.04752 -2.25248 -0.071658 -1.59213 -3.24752 1.69272e+07 2.68626e+14 0.000106912 0.000371013 2.89949e-16 1.59679e-08 185790 0 0 5.38873e-11 0 0 0.00314787 0 0 0 0 0 0 1.12354e+12 1.12354e+12 1.12354e+12 1.12354e+12 
0.197 1.05681 -2.24319 -0.0623653 -1.58214 -3.25681 1.69291e+07 2.6291e+14 0.000106914 0.00036902 2.89988e-16 1.55442e-08 185797 0 0 5.38961e-11 0 0 0.00314787 0 0 0 0 0 0 1.09517e+12 1.09517e+12 1.09517e+12 1.09517e+12 
0.1975 1.0661 -2.2339 -0.0530723 -1.57182 -3.2661 1.6931e+07 2.54647e+14 0.000106916 0.000366093 2.90025e-16 1.49362e-08 185804 0 0 5.39047e-11 0 0 0.00314787 0 0 0 0 0 0 1.05435e+12 1.05435e+12 1.05435e+12 1.05435e+12 
0.198 1.07539 -2.22461 -0.0437791 -1.56096 -3.27539 1.69329e+07 2.42656e+14 0.000106917 0.000361744 2.9006e-16 1.40638e-08 185807 0 0 5.3909e-11 0 0 0.00314787 0 0 0 0 0 0 9.95574e+11 9.95574e+11 9.95574e+11 9.95574e+11 
0.198 1.07539 -2.22461 -0.0437791 -1.56096 -3.27539 1.69329e+07 2.42656e+14 0.000106918 0.000361749 2.90064e-16 1.4064e-08 185813 0 0 5.39162e-11 0 0 0.00314787 0 0 0 0 0 0 9.95588e+11 9.95588e+11 9.95588e+11 9.95588e+11 
0.198409 1.083 -2.217 -0.0361701 -1.55147 -3.283 1.69344e+07 2.28893e+14 0.000106919 0.000356605 2.90091e-16 1.30777e-08 185815 0 0 5.39192e-11 0 0 0.00314787 0 0 0 0 0 0 9.28896e+11 9.28896e+11 9.28896e+11 9.28896e+11 
0.198752 1.08936 -2.21064 -0.029807 -1.54287 -3.28936 1.69355e+07 2.13586e+14 0.00010692 0.000350676 2.90114e-16 1.20002e-08 185819 0 0 5.39241e-11 0 0 0.00314786 0 0 0 0 0 0 8.55751e+11 8.55751e+11 8.55751e+11 8.55751e+11 
0.199038 1.09468 -2.20532 -0.0244858 -1.53499 -3.29468 1.69365e+07 1.97241e+14 0.000106921 0.000344073 2.90133e-16 1.08732e-08 185822 0 0 5.39279e-11 0 0 0.00314786 0 0 0 0 0 0 7.78906e+11 7.78906e+11 7.78906e+11 7.78906e+11 
0.199277 1.09913 -2.20087 -0.020036 -1.52768 -3.29913 1.69373e+07 1.80371e+14 0.000106922 0.000336921 2.90148e-16 9.73655e-09 185825 0 0 5.39307e-11 0 0 0.00314785 0 0 0 0 0 0 7.01023e+11 7.01023e+11 7.01023e+11 7.01023e+11 
0.199478 1.10285 -2.19715 -0.0163148 -1.52082 -3.30285 1.69379e+07 1.63443e+14 0.000106922 0.000329347 2.9016e-16 8.62442e-09 185827 0 0 5.39328e-11 0 0 0.00314784 0 0 0 0 0 0 6.24414e+11 6.24414e+11 6.24414e+11 6.24414e+11 
0.199645 1.10596 -2.19404 -0.013203 -1.5143 -3.30596 1.69384e+07 1.46852e+14 0.000106923 0.00032147 2.90169e-16 7.56363e-09 185828 0 0 5.39344e-11 0 0 0.00314783 0 0 0 0 0 0 5.50917e+11 5.50917e+11 5.50917e+11 5.50917e+11 
0.199785 1.10856 -2.19144 -0.0106007 -1.50807 -3.30856 1.69388e+07 1.30908e+14 0.000106923 0.000313396 2.90177e-16 6.57308e-09 185829 0 0 5.39355e-11 0 0 0.0031478 0 0 0 0 0 0 4.81858e+11 4.81858e+11 4.81858e+11 4.81858e+11 
0.199902 1.11074 -2.18926 -0.00842455 -1.50205 -3.31074 1.69391e+07 1.15836e+14 0.000106923 0.000305213 2.90183e-16 5.66442e-09 185830 0 0 5.39364e-11 0 0 0.00314777 0 0 0 0 0 0 4.18087e+11 4.18087e+11 4.18087e+11 4.18087e+11 
0.2 1.11256 -2.18744 -0.00660476 -1.49618 -3.31256 1.69393e+07 1.01783e+14 0.000106923 0.000296993 2.90187e-16 4.84318e-09 185830 0 0 5.39367e-11 0 0 0.00314774 0 0 0 0 0 0 3.60043e+11 3.60043e+11 3.60043e+11 3.60043e+11 