# ASCII 1D datafile generated by TiberCAD
# x Ec Ev eQFermi hQFermi ElPotential eDensity hDensity eMobility hMobility eConductivity hConductivity ElField_x ElField_y ElField_z eCurrentDensity_x eCurrentDensity_y eCurrentDensity_z hCurrentDensity_x hCurrentDensity_y hCurrentDensity_z IonizedDonors IonizedAcceptors IonizedElectronTraps IonizedHoleTraps eNetRecombination eLangevinRecombination hNetRecombination hLangevinRecombination 
0 -5.175 -8.475 -6.30274 -7.81489 2.975 1.22146e+07 2.70543e+14 0.000158048 0.000551201 3.093e-16 2.38922e-08 311672 0 0 3.41379e-10 0 0 0.00744712 0 0 0 0 0 0 1.21174e+12 1.21174e+12 1.21174e+12 1.21174e+12 
9.79066e-05 -5.17195 -8.47195 -6.29326 -7.81184 2.97195 1.56071e+07 2.70541e+14 0.000158423 0.000551202 3.96143e-16 2.38921e-08 311673 0 0 3.41381e-10 0 0 0.00744712 0 0 0 0 0 0 1.54909e+12 1.54909e+12 1.54909e+12 1.54909e+12 
0.000214985 -5.1683 -8.4683 -6.28422 -7.80819 2.9683 1.91723e+07 2.70538e+14 0.000158754 0.000551204 4.87652e-16 2.3892e-08 311674 0 0 3.41385e-10 0 0 0.00744712 0 0 0 0 0 0 1.90384e+12 1.90384e+12 1.90384e+12 1.90384e+12 
0.000354988 -5.16394 -8.46394 -6.27528 -7.80383 2.96394 2.28255e+07 2.70536e+14 0.000159046 0.000551206 5.81638e-16 2.38918e-08 311676 0 0 3.41391e-10 0 0 0.00744712 0 0 0 0 0 0 2.26752e+12 2.26752e+12 2.26752e+12 2.26752e+12 
0.000522406 -5.15872 -8.45872 -6.26618 -7.79861 2.95872 2.64582e+07 2.70532e+14 0.000159301 0.00055121 6.75289e-16 2.38916e-08 311679 0 0 3.41398e-10 0 0 0.00744712 0 0 0 0 0 0 2.62932e+12 2.62932e+12 2.62932e+12 2.62932e+12 
0.000722606 -5.15248 -8.45248 -6.25669 -7.79237 2.95248 2.99435e+07 2.70528e+14 0.000159522 0.000551213 7.65303e-16 2.38914e-08 311682 0 0 3.41407e-10 0 0 0.00744712 0 0 0 0 0 0 2.97657e+12 2.97657e+12 2.97657e+12 2.97657e+12 
0.000962009 -5.14502 -8.44502 -6.24656 -7.7849 2.94502 3.31474e+07 2.70523e+14 0.000159708 0.000551218 8.48177e-16 2.38912e-08 311685 0 0 3.41419e-10 0 0 0.00744712 0 0 0 0 0 0 3.29587e+12 3.29587e+12 3.29587e+12 3.29587e+12 
0.00124829 -5.13609 -8.43609 -6.23551 -7.77598 2.93609 3.59454e+07 2.70517e+14 0.00015986 0.000551223 9.20648e-16 2.38909e-08 311689 0 0 3.41435e-10 0 0 0.00744712 0 0 0 0 0 0 3.57479e+12 3.57479e+12 3.57479e+12 3.57479e+12 
0.00159063 -5.12542 -8.42542 -6.22321 -7.76531 2.92542 3.82432e+07 2.70509e+14 0.000159979 0.000551229 9.80228e-16 2.38905e-08 311694 0 0 3.41455e-10 0 0 0.00744712 0 0 0 0 0 0 3.80388e+12 3.80388e+12 3.80388e+12 3.80388e+12 
0.002 -5.11266 -8.41266 -6.20927 -7.75255 2.91266 3.99955e+07 2.70501e+14 0.000160065 0.00055123 1.0257e-15 2.38898e-08 311697 0 0 3.41467e-10 0 0 0.00744712 0 0 0 0 0 0 3.97854e+12 3.97854e+12 3.97854e+12 3.97854e+12 
0.002 -5.11266 -8.41266 -6.20927 -7.75255 2.91266 3.99955e+07 2.70501e+14 0.000160069 0.000551244 1.02572e-15 2.38903e-08 311703 0 0 3.41496e-10 0 0 0.00744712 0 0 0 0 0 0 3.97864e+12 3.97864e+12 3.97864e+12 3.97864e+12 
0.0025 -5.09708 -8.39708 -6.19288 -7.73696 2.89708 4.12378e+07 2.7049e+14 0.00016013 0.000551245 1.05798e-15 2.38895e-08 311706 0 0 3.41513e-10 0 0 0.00744712 0 0 0 0 0 0 4.10241e+12 4.10241e+12 4.10241e+12 4.10241e+12 
0.003 -5.08149 -8.38149 -6.17688 -7.72137 2.88149 4.19074e+07 2.7048e+14 0.000160165 0.000551255 1.0754e-15 2.3889e-08 311713 0 0 3.41546e-10 0 0 0.00744712 0 0 0 0 0 0 4.16912e+12 4.16912e+12 4.16912e+12 4.16912e+12 
0.0035 -5.06591 -8.36591 -6.16106 -7.70579 2.86591 4.22688e+07 2.70469e+14 0.000160186 0.000551264 1.08481e-15 2.38884e-08 311720 0 0 3.41579e-10 0 0 0.00744712 0 0 0 0 0 0 4.20509e+12 4.20509e+12 4.20509e+12 4.20509e+12 
0.004 -5.05032 -8.35032 -6.14536 -7.6902 2.85032 4.24644e+07 2.70459e+14 0.000160199 0.000551273 1.08992e-15 2.38879e-08 311727 0 0 3.41613e-10 0 0 0.00744712 0 0 0 0 0 0 4.22451e+12 4.22451e+12 4.22451e+12 4.22451e+12 
0.0045 -5.03473 -8.33473 -6.1297 -7.67461 2.83473 4.25706e+07 2.70448e+14 0.000160208 0.000551282 1.09271e-15 2.38874e-08 311734 0 0 3.41647e-10 0 0 0.00744712 0 0 0 0 0 0 4.23503e+12 4.23503e+12 4.23503e+12 4.23503e+12 
0.005 -5.01915 -8.31915 -6.11408 -7.65902 2.81915 4.26288e+07 2.70438e+14 0.000160215 0.000551291 1.09425e-15 2.38868e-08 311741 0 0 3.41681e-10 0 0 0.00744712 0 0 0 0 0 0 4.24075e+12 4.24075e+12 4.24075e+12 4.24075e+12 
0.0055 -5.00356 -8.30356 -6.09847 -7.64344 2.80356 4.26611e+07 2.70427e+14 0.00016022 0.0005513 1.09512e-15 2.38863e-08 311748 0 0 3.41715e-10 0 0 0.00744712 0 0 0 0 0 0 4.24388e+12 4.24388e+12 4.24388e+12 4.24388e+12 
0.006 -4.98797 -8.28797 -6.08288 -7.62785 2.78797 4.26795e+07 2.70416e+14 0.000160225 0.000551309 1.09562e-15 2.38857e-08 311755 0 0 3.41749e-10 0 0 0.00744712 0 0 0 0 0 0 4.24563e+12 4.24563e+12 4.24563e+12 4.24563e+12 
0.0065 -4.97238 -8.27238 -6.06728 -7.61226 2.77238 4.26904e+07 2.70406e+14 0.00016023 0.000551318 1.09593e-15 2.38852e-08 311762 0 0 3.41783e-10 0 0 0.00744712 0 0 0 0 0 0 4.24663e+12 4.24663e+12 4.24663e+12 4.24663e+12 
0.007 -4.9568 -8.2568 -6.05169 -7.59667 2.7568 4.26972e+07 2.70395e+14 0.000160235 0.000551328 1.09614e-15 2.38847e-08 311769 0 0 3.41817e-10 0 0 0.00744712 0 0 0 0 0 0 4.24723e+12 4.24723e+12 4.24723e+12 4.24723e+12 
0.0075 -4.94121 -8.24121 -6.0361 -7.58108 2.74121 4.27019e+07 2.70385e+14 0.000160239 0.000551337 1.09629e-15 2.38841e-08 311776 0 0 3.41851e-10 0 0 0.00744712 0 0 0 0 0 0 4.24761e+12 4.24761e+12 4.24761e+12 4.24761e+12 
0.008 -4.92562 -8.22562 -6.02051 -7.56549 2.72562 4.27054e+07 2.70374e+14 0.000160244 0.000551346 1.09641e-15 2.38836e-08 311783 0 0 3.41885e-10 0 0 0.00744712 0 0 0 0 0 0 4.24787e+12 4.24787e+12 4.24787e+12 4.24787e+12 
0.0085 -4.91003 -8.21003 -6.00491 -7.5499 2.71003 4.27083e+07 2.70364e+14 0.000160248 0.000551355 1.09652e-15 2.38831e-08 311790 0 0 3.41919e-10 0 0 0.00744712 0 0 0 0 0 0 4.24807e+12 4.24807e+12 4.24807e+12 4.24807e+12 
0.009 -4.89444 -8.19444 -5.98932 -7.53431 2.69444 4.27108e+07 2.70353e+14 0.000160252 0.000551364 1.09661e-15 2.38825e-08 311797 0 0 3.41953e-10 0 0 0.00744712 0 0 0 0 0 0 4.24824e+12 4.24824e+12 4.24824e+12 4.24824e+12 
0.0095 -4.87885 -8.17885 -5.97373 -7.51872 2.67885 4.27131e+07 2.70343e+14 0.000160257 0.000551373 1.0967e-15 2.3882e-08 311804 0 0 3.41986e-10 0 0 0.00744712 0 0 0 0 0 0 4.24839e+12 4.24839e+12 4.24839e+12 4.24839e+12 
0.01 -4.86326 -8.16326 -5.95814 -7.50312 2.66326 4.27154e+07 2.70332e+14 0.000160261 0.000551382 1.09679e-15 2.38815e-08 311811 0 0 3.4202e-10 0 0 0.00744712 0 0 0 0 0 0 4.24852e+12 4.24852e+12 4.24852e+12 4.24852e+12 
0.0105 -4.84767 -8.14767 -5.94255 -7.48753 2.64767 4.27176e+07 2.70322e+14 0.000160265 0.000551392 1.09687e-15 2.38809e-08 311818 0 0 3.42054e-10 0 0 0.00744712 0 0 0 0 0 0 4.24866e+12 4.24866e+12 4.24866e+12 4.24866e+12 
0.011 -4.83208 -8.13208 -5.92696 -7.47194 2.63208 4.27198e+07 2.70311e+14 0.00016027 0.000551401 1.09696e-15 2.38804e-08 311825 0 0 3.42088e-10 0 0 0.00744712 0 0 0 0 0 0 4.24879e+12 4.24879e+12 4.24879e+12 4.24879e+12 
0.0115 -4.81649 -8.11649 -5.91136 -7.45635 2.61649 4.27219e+07 2.70301e+14 0.000160274 0.00055141 1.09704e-15 2.38799e-08 311832 0 0 3.42122e-10 0 0 0.00744712 0 0 0 0 0 0 4.24892e+12 4.24892e+12 4.24892e+12 4.24892e+12 
0.012 -4.80089 -8.10089 -5.89577 -7.44075 2.60089 4.27241e+07 2.7029e+14 0.000160278 0.000551419 1.09713e-15 2.38793e-08 311839 0 0 3.42156e-10 0 0 0.00744712 0 0 0 0 0 0 4.24904e+12 4.24904e+12 4.24904e+12 4.24904e+12 
0.0125 -4.7853 -8.0853 -5.88018 -7.42516 2.5853 4.27262e+07 2.7028e+14 0.000160283 0.000551428 1.09721e-15 2.38788e-08 311846 0 0 3.4219e-10 0 0 0.00744712 0 0 0 0 0 0 4.24917e+12 4.24917e+12 4.24917e+12 4.24917e+12 
0.013 -4.76971 -8.06971 -5.86458 -7.40957 2.56971 4.27283e+07 2.70269e+14 0.000160287 0.000551437 1.0973e-15 2.38783e-08 311853 0 0 3.42224e-10 0 0 0.00744712 0 0 0 0 0 0 4.2493e+12 4.2493e+12 4.2493e+12 4.2493e+12 
0.0135 -4.75412 -8.05412 -5.84899 -7.39397 2.55412 4.27305e+07 2.70258e+14 0.000160291 0.000551446 1.09738e-15 2.38777e-08 311860 0 0 3.42258e-10 0 0 0.00744712 0 0 0 0 0 0 4.24943e+12 4.24943e+12 4.24943e+12 4.24943e+12 
0.014 -4.73852 -8.03852 -5.83339 -7.37838 2.53852 4.27326e+07 2.70248e+14 0.000160295 0.000551455 1.09747e-15 2.38772e-08 311867 0 0 3.42292e-10 0 0 0.00744712 0 0 0 0 0 0 4.24955e+12 4.24955e+12 4.24955e+12 4.24955e+12 
0.0145 -4.72293 -8.02293 -5.8178 -7.36278 2.52293 4.27347e+07 2.70237e+14 0.0001603 0.000551465 1.09755e-15 2.38767e-08 311874 0 0 3.42326e-10 0 0 0.00744712 0 0 0 0 0 0 4.24968e+12 4.24968e+12 4.24968e+12 4.24968e+12 
0.015 -4.70734 -8.00734 -5.8022 -7.34719 2.50734 4.27369e+07 2.70227e+14 0.000160304 0.000551474 1.09763e-15 2.38761e-08 311881 0 0 3.4236e-10 0 0 0.00744712 0 0 0 0 0 0 4.24981e+12 4.24981e+12 4.24981e+12 4.24981e+12 
0.0155 -4.69174 -7.99174 -5.78661 -7.33159 2.49174 4.2739e+07 2.70216e+14 0.000160308 0.000551483 1.09772e-15 2.38756e-08 311888 0 0 3.42394e-10 0 0 0.00744712 0 0 0 0 0 0 4.24993e+12 4.24993e+12 4.24993e+12 4.24993e+12 
0.016 -4.67615 -7.97615 -5.77101 -7.316 2.47615 4.27411e+07 2.70206e+14 0.000160313 0.000551492 1.0978e-15 2.3875e-08 311895 0 0 3.42428e-10 0 0 0.00744712 0 0 0 0 0 0 4.25006e+12 4.25006e+12 4.25006e+12 4.25006e+12 
0.0165 -4.66055 -7.96055 -5.75542 -7.3004 2.46055 4.27433e+07 2.70195e+14 0.000160317 0.000551501 1.09789e-15 2.38745e-08 311902 0 0 3.42462e-10 0 0 0.00744712 0 0 0 0 0 0 4.25019e+12 4.25019e+12 4.25019e+12 4.25019e+12 
0.017 -4.64496 -7.94496 -5.73982 -7.2848 2.44496 4.27454e+07 2.70185e+14 0.000160321 0.00055151 1.09797e-15 2.3874e-08 311909 0 0 3.42496e-10 0 0 0.00744712 0 0 0 0 0 0 4.25032e+12 4.25032e+12 4.25032e+12 4.25032e+12 
0.0175 -4.62936 -7.92936 -5.72422 -7.26921 2.42936 4.27475e+07 2.70174e+14 0.000160326 0.000551519 1.09806e-15 2.38734e-08 311916 0 0 3.4253e-10 0 0 0.00744712 0 0 0 0 0 0 4.25044e+12 4.25044e+12 4.25044e+12 4.25044e+12 
0.018 -4.61376 -7.91376 -5.70862 -7.25361 2.41376 4.27497e+07 2.70164e+14 0.00016033 0.000551529 1.09814e-15 2.38729e-08 311923 0 0 3.42564e-10 0 0 0.00744712 0 0 0 0 0 0 4.25057e+12 4.25057e+12 4.25057e+12 4.25057e+12 
0.0185 -4.59817 -7.89817 -5.69303 -7.23801 2.39817 4.27518e+07 2.70153e+14 0.000160334 0.000551538 1.09823e-15 2.38724e-08 311930 0 0 3.42598e-10 0 0 0.00744712 0 0 0 0 0 0 4.2507e+12 4.2507e+12 4.2507e+12 4.2507e+12 
0.019 -4.58257 -7.88257 -5.67743 -7.22241 2.38257 4.27539e+07 2.70143e+14 0.000160339 0.000551547 1.09831e-15 2.38718e-08 311937 0 0 3.42632e-10 0 0 0.00744712 0 0 0 0 0 0 4.25082e+12 4.25082e+12 4.25082e+12 4.25082e+12 
0.0195 -4.56697 -7.86697 -5.66183 -7.20682 2.36697 4.27561e+07 2.70132e+14 0.000160343 0.000551556 1.09839e-15 2.38713e-08 311944 0 0 3.42666e-10 0 0 0.00744712 0 0 0 0 0 0 4.25095e+12 4.25095e+12 4.25095e+12 4.25095e+12 
0.02 -4.55138 -7.85138 -5.64623 -7.19122 2.35138 4.27582e+07 2.70122e+14 0.000160347 0.000551565 1.09848e-15 2.38708e-08 311951 0 0 3.427e-10 0 0 0.00744712 0 0 0 0 0 0 4.25108e+12 4.25108e+12 4.25108e+12 4.25108e+12 
0.0205 -4.53578 -7.83578 -5.63063 -7.17562 2.33578 4.27603e+07 2.70111e+14 0.000160352 0.000551574 1.09856e-15 2.38702e-08 311958 0 0 3.42734e-10 0 0 0.00744712 0 0 0 0 0 0 4.2512e+12 4.2512e+12 4.2512e+12 4.2512e+12 
0.021 -4.52018 -7.82018 -5.61503 -7.16002 2.32018 4.27625e+07 2.70101e+14 0.000160356 0.000551583 1.09865e-15 2.38697e-08 311965 0 0 3.42768e-10 0 0 0.00744712 0 0 0 0 0 0 4.25133e+12 4.25133e+12 4.25133e+12 4.25133e+12 
0.0215 -4.50458 -7.80458 -5.59943 -7.14442 2.30458 4.27646e+07 2.7009e+14 0.00016036 0.000551592 1.09873e-15 2.38692e-08 311972 0 0 3.42802e-10 0 0 0.00744712 0 0 0 0 0 0 4.25146e+12 4.25146e+12 4.25146e+12 4.25146e+12 
0.022 -4.48898 -7.78898 -5.58383 -7.12882 2.28898 4.27667e+07 2.7008e+14 0.000160365 0.000551602 1.09882e-15 2.38686e-08 311979 0 0 3.42836e-10 0 0 0.00744712 0 0 0 0 0 0 4.25158e+12 4.25158e+12 4.25158e+12 4.25158e+12 
0.0225 -4.47339 -7.77339 -5.56823 -7.11322 2.27339 4.27689e+07 2.70069e+14 0.000160369 0.000551611 1.0989e-15 2.38681e-08 311986 0 0 3.4287e-10 0 0 0.00744712 0 0 0 0 0 0 4.25171e+12 4.25171e+12 4.25171e+12 4.25171e+12 
0.023 -4.45779 -7.75779 -5.55263 -7.09762 2.25779 4.2771e+07 2.70059e+14 0.000160373 0.00055162 1.09899e-15 2.38676e-08 311993 0 0 3.42904e-10 0 0 0.00744712 0 0 0 0 0 0 4.25184e+12 4.25184e+12 4.25184e+12 4.25184e+12 
0.0235 -4.44219 -7.74219 -5.53703 -7.08202 2.24219 4.27731e+07 2.70048e+14 0.000160378 0.000551629 1.09907e-15 2.3867e-08 312000 0 0 3.42938e-10 0 0 0.00744712 0 0 0 0 0 0 4.25196e+12 4.25196e+12 4.25196e+12 4.25196e+12 
0.024 -4.42659 -7.72659 -5.52143 -7.06642 2.22659 4.27753e+07 2.70038e+14 0.000160382 0.000551638 1.09915e-15 2.38665e-08 312007 0 0 3.42972e-10 0 0 0.00744712 0 0 0 0 0 0 4.25209e+12 4.25209e+12 4.25209e+12 4.25209e+12 
0.0245 -4.41099 -7.71099 -5.50583 -7.05081 2.21099 4.27774e+07 2.70027e+14 0.000160386 0.000551647 1.09924e-15 2.3866e-08 312014 0 0 3.43006e-10 0 0 0.00744712 0 0 0 0 0 0 4.25222e+12 4.25222e+12 4.25222e+12 4.25222e+12 
0.025 -4.39538 -7.69538 -5.49023 -7.03521 2.19538 4.27795e+07 2.70016e+14 0.000160391 0.000551656 1.09932e-15 2.38654e-08 312021 0 0 3.4304e-10 0 0 0.00744712 0 0 0 0 0 0 4.25234e+12 4.25234e+12 4.25234e+12 4.25234e+12 
0.0255 -4.37978 -7.67978 -5.47462 -7.01961 2.17978 4.27817e+07 2.70006e+14 0.000160395 0.000551666 1.09941e-15 2.38649e-08 312028 0 0 3.43074e-10 0 0 0.00744712 0 0 0 0 0 0 4.25247e+12 4.25247e+12 4.25247e+12 4.25247e+12 
0.026 -4.36418 -7.66418 -5.45902 -7.00401 2.16418 4.27838e+07 2.69995e+14 0.000160399 0.000551675 1.09949e-15 2.38644e-08 312035 0 0 3.43108e-10 0 0 0.00744712 0 0 0 0 0 0 4.2526e+12 4.2526e+12 4.2526e+12 4.2526e+12 
0.0265 -4.34858 -7.64858 -5.44342 -6.9884 2.14858 4.27859e+07 2.69985e+14 0.000160404 0.000551684 1.09958e-15 2.38638e-08 312042 0 0 3.43142e-10 0 0 0.00744712 0 0 0 0 0 0 4.25272e+12 4.25272e+12 4.25272e+12 4.25272e+12 
0.027 -4.33298 -7.63298 -5.42781 -6.9728 2.13298 4.2788e+07 2.69974e+14 0.000160408 0.000551693 1.09966e-15 2.38633e-08 312049 0 0 3.43176e-10 0 0 0.00744712 0 0 0 0 0 0 4.25285e+12 4.25285e+12 4.25285e+12 4.25285e+12 
0.0275 -4.31737 -7.61737 -5.41221 -6.9572 2.11737 4.27902e+07 2.69964e+14 0.000160412 0.000551702 1.09974e-15 2.38628e-08 312056 0 0 3.4321e-10 0 0 0.00744712 0 0 0 0 0 0 4.25298e+12 4.25298e+12 4.25298e+12 4.25298e+12 
0.028 -4.30177 -7.60177 -5.39661 -6.94159 2.10177 4.27923e+07 2.69953e+14 0.000160417 0.000551711 1.09983e-15 2.38622e-08 312063 0 0 3.43244e-10 0 0 0.00744712 0 0 0 0 0 0 4.2531e+12 4.2531e+12 4.2531e+12 4.2531e+12 
0.0285 -4.28617 -7.58617 -5.381 -6.92599 2.08617 4.27944e+07 2.69943e+14 0.000160421 0.00055172 1.09991e-15 2.38617e-08 312070 0 0 3.43279e-10 0 0 0.00744712 0 0 0 0 0 0 4.25323e+12 4.25323e+12 4.25323e+12 4.25323e+12 
0.029 -4.27057 -7.57057 -5.3654 -6.91038 2.07057 4.27966e+07 2.69932e+14 0.000160425 0.000551729 1.1e-15 2.38612e-08 312077 0 0 3.43313e-10 0 0 0.00744712 0 0 0 0 0 0 4.25336e+12 4.25336e+12 4.25336e+12 4.25336e+12 
0.0295 -4.25496 -7.55496 -5.34979 -6.89478 2.05496 4.27987e+07 2.69922e+14 0.00016043 0.000551739 1.10008e-15 2.38606e-08 312084 0 0 3.43347e-10 0 0 0.00744712 0 0 0 0 0 0 4.25348e+12 4.25348e+12 4.25348e+12 4.25348e+12 
0.03 -4.23936 -7.53936 -5.33419 -6.87917 2.03936 4.28008e+07 2.69911e+14 0.000160434 0.000551748 1.10017e-15 2.38601e-08 312091 0 0 3.43381e-10 0 0 0.00744712 0 0 0 0 0 0 4.25361e+12 4.25361e+12 4.25361e+12 4.25361e+12 
0.0305 -4.22375 -7.52375 -5.31858 -6.86356 2.02375 4.2803e+07 2.69901e+14 0.000160438 0.000551757 1.10025e-15 2.38596e-08 312098 0 0 3.43415e-10 0 0 0.00744712 0 0 0 0 0 0 4.25374e+12 4.25374e+12 4.25374e+12 4.25374e+12 
0.031 -4.20815 -7.50815 -5.30297 -6.84796 2.00815 4.28051e+07 2.6989e+14 0.000160443 0.000551766 1.10034e-15 2.3859e-08 312105 0 0 3.43449e-10 0 0 0.00744712 0 0 0 0 0 0 4.25386e+12 4.25386e+12 4.25386e+12 4.25386e+12 
0.0315 -4.19254 -7.49254 -5.28737 -6.83235 1.99254 4.28072e+07 2.6988e+14 0.000160447 0.000551775 1.10042e-15 2.38585e-08 312112 0 0 3.43483e-10 0 0 0.00744712 0 0 0 0 0 0 4.25399e+12 4.25399e+12 4.25399e+12 4.25399e+12 
0.032 -4.17694 -7.47694 -5.27176 -6.81674 1.97694 4.28093e+07 2.69869e+14 0.000160451 0.000551784 1.1005e-15 2.3858e-08 312118 0 0 3.43517e-10 0 0 0.00744712 0 0 0 0 0 0 4.25412e+12 4.25412e+12 4.25412e+12 4.25412e+12 
0.0325 -4.16133 -7.46133 -5.25615 -6.80114 1.96133 4.28115e+07 2.69859e+14 0.000160456 0.000551793 1.10059e-15 2.38574e-08 312125 0 0 3.43551e-10 0 0 0.00744712 0 0 0 0 0 0 4.25424e+12 4.25424e+12 4.25424e+12 4.25424e+12 
0.033 -4.14572 -7.44572 -5.24054 -6.78553 1.94572 4.28136e+07 2.69848e+14 0.00016046 0.000551803 1.10067e-15 2.38569e-08 312132 0 0 3.43585e-10 0 0 0.00744712 0 0 0 0 0 0 4.25437e+12 4.25437e+12 4.25437e+12 4.25437e+12 
0.0335 -4.13012 -7.43012 -5.22494 -6.76992 1.93012 4.28157e+07 2.69838e+14 0.000160464 0.000551812 1.10076e-15 2.38564e-08 312139 0 0 3.43619e-10 0 0 0.00744712 0 0 0 0 0 0 4.2545e+12 4.2545e+12 4.2545e+12 4.2545e+12 
0.034 -4.11451 -7.41451 -5.20933 -6.75431 1.91451 4.28179e+07 2.69827e+14 0.000160468 0.000551821 1.10084e-15 2.38558e-08 312146 0 0 3.43653e-10 0 0 0.00744712 0 0 0 0 0 0 4.25462e+12 4.25462e+12 4.25462e+12 4.25462e+12 
0.0345 -4.0989 -7.3989 -5.19372 -6.7387 1.8989 4.282e+07 2.69817e+14 0.000160473 0.00055183 1.10093e-15 2.38553e-08 312153 0 0 3.43687e-10 0 0 0.00744712 0 0 0 0 0 0 4.25475e+12 4.25475e+12 4.25475e+12 4.25475e+12 
0.035 -4.08329 -7.38329 -5.17811 -6.7231 1.88329 4.28221e+07 2.69806e+14 0.000160477 0.000551839 1.10101e-15 2.38548e-08 312160 0 0 3.43721e-10 0 0 0.00744712 0 0 0 0 0 0 4.25488e+12 4.25488e+12 4.25488e+12 4.25488e+12 
0.0355 -4.06769 -7.36769 -5.1625 -6.70749 1.86769 4.28243e+07 2.69796e+14 0.000160481 0.000551848 1.1011e-15 2.38542e-08 312167 0 0 3.43755e-10 0 0 0.00744712 0 0 0 0 0 0 4.255e+12 4.255e+12 4.255e+12 4.255e+12 
0.036 -4.05208 -7.35208 -5.14689 -6.69188 1.85208 4.28264e+07 2.69785e+14 0.000160486 0.000551857 1.10118e-15 2.38537e-08 312174 0 0 3.43789e-10 0 0 0.00744712 0 0 0 0 0 0 4.25513e+12 4.25513e+12 4.25513e+12 4.25513e+12 
0.0365 -4.03647 -7.33647 -5.13128 -6.67627 1.83647 4.28285e+07 2.69775e+14 0.00016049 0.000551867 1.10126e-15 2.38532e-08 312181 0 0 3.43823e-10 0 0 0.00744712 0 0 0 0 0 0 4.25526e+12 4.25526e+12 4.25526e+12 4.25526e+12 
0.037 -4.02086 -7.32086 -5.11567 -6.66066 1.82086 4.28306e+07 2.69764e+14 0.000160494 0.000551876 1.10135e-15 2.38526e-08 312188 0 0 3.43857e-10 0 0 0.00744712 0 0 0 0 0 0 4.25538e+12 4.25538e+12 4.25538e+12 4.25538e+12 
0.0375 -4.00525 -7.30525 -5.10006 -6.64504 1.80525 4.28328e+07 2.69754e+14 0.000160499 0.000551885 1.10143e-15 2.38521e-08 312195 0 0 3.43891e-10 0 0 0.00744712 0 0 0 0 0 0 4.25551e+12 4.25551e+12 4.25551e+12 4.25551e+12 
0.038 -3.98964 -7.28964 -5.08445 -6.62943 1.78964 4.28349e+07 2.69744e+14 0.000160503 0.000551894 1.10152e-15 2.38516e-08 312202 0 0 3.43925e-10 0 0 0.00744712 0 0 0 0 0 0 4.25564e+12 4.25564e+12 4.25564e+12 4.25564e+12 
0.0385 -3.97403 -7.27403 -5.06884 -6.61382 1.77403 4.2837e+07 2.69733e+14 0.000160507 0.000551903 1.1016e-15 2.3851e-08 312209 0 0 3.43959e-10 0 0 0.00744712 0 0 0 0 0 0 4.25576e+12 4.25576e+12 4.25576e+12 4.25576e+12 
0.039 -3.95842 -7.25842 -5.05322 -6.59821 1.75842 4.28392e+07 2.69723e+14 0.000160512 0.000551912 1.10169e-15 2.38505e-08 312216 0 0 3.43993e-10 0 0 0.00744712 0 0 0 0 0 0 4.25589e+12 4.25589e+12 4.25589e+12 4.25589e+12 
0.0395 -3.94281 -7.24281 -5.03761 -6.5826 1.74281 4.28413e+07 2.69712e+14 0.000160516 0.000551921 1.10177e-15 2.385e-08 312223 0 0 3.44027e-10 0 0 0.00744712 0 0 0 0 0 0 4.25601e+12 4.25601e+12 4.25601e+12 4.25601e+12 
0.04 -3.9272 -7.2272 -5.022 -6.56699 1.7272 4.28434e+07 2.69702e+14 0.00016052 0.00055193 1.10186e-15 2.38494e-08 312230 0 0 3.44061e-10 0 0 0.00744712 0 0 0 0 0 0 4.25614e+12 4.25614e+12 4.25614e+12 4.25614e+12 
0.0405 -3.91158 -7.21158 -5.00639 -6.55137 1.71158 4.28455e+07 2.69691e+14 0.000160525 0.00055194 1.10194e-15 2.38489e-08 312237 0 0 3.44095e-10 0 0 0.00744712 0 0 0 0 0 0 4.25627e+12 4.25627e+12 4.25627e+12 4.25627e+12 
0.041 -3.89597 -7.19597 -4.99077 -6.53576 1.69597 4.28477e+07 2.69681e+14 0.000160529 0.000551949 1.10202e-15 2.38484e-08 312244 0 0 3.44129e-10 0 0 0.00744712 0 0 0 0 0 0 4.25639e+12 4.25639e+12 4.25639e+12 4.25639e+12 
0.0415 -3.88036 -7.18036 -4.97516 -6.52015 1.68036 4.28498e+07 2.6967e+14 0.000160533 0.000551958 1.10211e-15 2.38478e-08 312251 0 0 3.44163e-10 0 0 0.00744712 0 0 0 0 0 0 4.25652e+12 4.25652e+12 4.25652e+12 4.25652e+12 
0.042 -3.86475 -7.16475 -4.95954 -6.50453 1.66475 4.28519e+07 2.6966e+14 0.000160538 0.000551967 1.10219e-15 2.38473e-08 312258 0 0 3.44197e-10 0 0 0.00744712 0 0 0 0 0 0 4.25665e+12 4.25665e+12 4.25665e+12 4.25665e+12 
0.0425 -3.84913 -7.14913 -4.94393 -6.48892 1.64913 4.28541e+07 2.69649e+14 0.000160542 0.000551976 1.10228e-15 2.38468e-08 312265 0 0 3.44231e-10 0 0 0.00744712 0 0 0 0 0 0 4.25677e+12 4.25677e+12 4.25677e+12 4.25677e+12 
0.043 -3.83352 -7.13352 -4.92832 -6.4733 1.63352 4.28562e+07 2.69639e+14 0.000160546 0.000551985 1.10236e-15 2.38462e-08 312272 0 0 3.44266e-10 0 0 0.00744712 0 0 0 0 0 0 4.2569e+12 4.2569e+12 4.2569e+12 4.2569e+12 
0.0435 -3.81791 -7.11791 -4.9127 -6.45769 1.61791 4.28583e+07 2.69628e+14 0.000160551 0.000551994 1.10245e-15 2.38457e-08 312279 0 0 3.443e-10 0 0 0.00744712 0 0 0 0 0 0 4.25703e+12 4.25703e+12 4.25703e+12 4.25703e+12 
0.044 -3.80229 -7.10229 -4.89709 -6.44207 1.60229 4.28604e+07 2.69618e+14 0.000160555 0.000552004 1.10253e-15 2.38452e-08 312286 0 0 3.44334e-10 0 0 0.00744712 0 0 0 0 0 0 4.25715e+12 4.25715e+12 4.25715e+12 4.25715e+12 
0.0445 -3.78668 -7.08668 -4.88147 -6.42646 1.58668 4.28626e+07 2.69607e+14 0.000160559 0.000552013 1.10262e-15 2.38446e-08 312293 0 0 3.44368e-10 0 0 0.00744712 0 0 0 0 0 0 4.25728e+12 4.25728e+12 4.25728e+12 4.25728e+12 
0.045 -3.77106 -7.07106 -4.86585 -6.41084 1.57106 4.28647e+07 2.69597e+14 0.000160564 0.000552022 1.1027e-15 2.38441e-08 312300 0 0 3.44402e-10 0 0 0.00744712 0 0 0 0 0 0 4.2574e+12 4.2574e+12 4.2574e+12 4.2574e+12 
0.0455 -3.75545 -7.05545 -4.85024 -6.39522 1.55545 4.28668e+07 2.69586e+14 0.000160568 0.000552031 1.10278e-15 2.38436e-08 312307 0 0 3.44436e-10 0 0 0.00744712 0 0 0 0 0 0 4.25753e+12 4.25753e+12 4.25753e+12 4.25753e+12 
0.046 -3.73983 -7.03983 -4.83462 -6.37961 1.53983 4.28689e+07 2.69576e+14 0.000160572 0.00055204 1.10287e-15 2.38431e-08 312314 0 0 3.4447e-10 0 0 0.00744712 0 0 0 0 0 0 4.25766e+12 4.25766e+12 4.25766e+12 4.25766e+12 
0.0465 -3.72422 -7.02422 -4.819 -6.36399 1.52422 4.28711e+07 2.69565e+14 0.000160577 0.000552049 1.10295e-15 2.38425e-08 312321 0 0 3.44504e-10 0 0 0.00744712 0 0 0 0 0 0 4.25778e+12 4.25778e+12 4.25778e+12 4.25778e+12 
0.047 -3.7086 -7.0086 -4.80339 -6.34837 1.5086 4.28732e+07 2.69555e+14 0.000160581 0.000552058 1.10304e-15 2.3842e-08 312328 0 0 3.44538e-10 0 0 0.00744712 0 0 0 0 0 0 4.25791e+12 4.25791e+12 4.25791e+12 4.25791e+12 
0.0475 -3.69298 -6.99298 -4.78777 -6.33275 1.49298 4.28753e+07 2.69544e+14 0.000160585 0.000552068 1.10312e-15 2.38415e-08 312335 0 0 3.44572e-10 0 0 0.00744712 0 0 0 0 0 0 4.25804e+12 4.25804e+12 4.25804e+12 4.25804e+12 
0.048 -3.67737 -6.97737 -4.77215 -6.31714 1.47737 4.28775e+07 2.69534e+14 0.00016059 0.000552077 1.10321e-15 2.38409e-08 312342 0 0 3.44606e-10 0 0 0.00744712 0 0 0 0 0 0 4.25816e+12 4.25816e+12 4.25816e+12 4.25816e+12 
0.0485 -3.66175 -6.96175 -4.75653 -6.30152 1.46175 4.28796e+07 2.69523e+14 0.000160594 0.000552086 1.10329e-15 2.38404e-08 312349 0 0 3.4464e-10 0 0 0.00744712 0 0 0 0 0 0 4.25829e+12 4.25829e+12 4.25829e+12 4.25829e+12 
0.049 -3.64613 -6.94613 -4.74091 -6.2859 1.44613 4.28817e+07 2.69513e+14 0.000160598 0.000552095 1.10338e-15 2.38399e-08 312356 0 0 3.44674e-10 0 0 0.00744712 0 0 0 0 0 0 4.25841e+12 4.25841e+12 4.25841e+12 4.25841e+12 
0.0495 -3.63051 -6.93051 -4.72529 -6.27028 1.43051 4.28838e+07 2.69502e+14 0.000160603 0.000552104 1.10346e-15 2.38393e-08 312362 0 0 3.44708e-10 0 0 0.00744712 0 0 0 0 0 0 4.25854e+12 4.25854e+12 4.25854e+12 4.25854e+12 
0.05 -3.6149 -6.9149 -4.70967 -6.25466 1.4149 4.2886e+07 2.69492e+14 0.000160607 0.000552113 1.10354e-15 2.38388e-08 312369 0 0 3.44742e-10 0 0 0.00744712 0 0 0 0 0 0 4.25867e+12 4.25867e+12 4.25867e+12 4.25867e+12 
0.0505 -3.59928 -6.89928 -4.69405 -6.23904 1.39928 4.28881e+07 2.69482e+14 0.000160611 0.000552122 1.10363e-15 2.38383e-08 312376 0 0 3.44776e-10 0 0 0.00744712 0 0 0 0 0 0 4.25879e+12 4.25879e+12 4.25879e+12 4.25879e+12 
0.051 -3.58366 -6.88366 -4.67843 -6.22342 1.38366 4.28902e+07 2.69471e+14 0.000160616 0.000552132 1.10371e-15 2.38377e-08 312383 0 0 3.4481e-10 0 0 0.00744712 0 0 0 0 0 0 4.25892e+12 4.25892e+12 4.25892e+12 4.25892e+12 
0.0515 -3.56804 -6.86804 -4.66281 -6.2078 1.36804 4.28923e+07 2.69461e+14 0.00016062 0.000552141 1.1038e-15 2.38372e-08 312390 0 0 3.44844e-10 0 0 0.00744712 0 0 0 0 0 0 4.25905e+12 4.25905e+12 4.25905e+12 4.25905e+12 
0.052 -3.55242 -6.85242 -4.64719 -6.19218 1.35242 4.28945e+07 2.6945e+14 0.000160624 0.00055215 1.10388e-15 2.38367e-08 312397 0 0 3.44879e-10 0 0 0.00744712 0 0 0 0 0 0 4.25917e+12 4.25917e+12 4.25917e+12 4.25917e+12 
0.0525 -3.5368 -6.8368 -4.63157 -6.17656 1.3368 4.28966e+07 2.6944e+14 0.000160629 0.000552159 1.10397e-15 2.38361e-08 312404 0 0 3.44913e-10 0 0 0.00744712 0 0 0 0 0 0 4.2593e+12 4.2593e+12 4.2593e+12 4.2593e+12 
0.053 -3.52118 -6.82118 -4.61595 -6.16094 1.32118 4.28987e+07 2.69429e+14 0.000160633 0.000552168 1.10405e-15 2.38356e-08 312411 0 0 3.44947e-10 0 0 0.00744712 0 0 0 0 0 0 4.25942e+12 4.25942e+12 4.25942e+12 4.25942e+12 
0.0535 -3.50556 -6.80556 -4.60033 -6.14531 1.30556 4.29008e+07 2.69419e+14 0.000160637 0.000552177 1.10414e-15 2.38351e-08 312418 0 0 3.44981e-10 0 0 0.00744712 0 0 0 0 0 0 4.25955e+12 4.25955e+12 4.25955e+12 4.25955e+12 
0.054 -3.48994 -6.78994 -4.5847 -6.12969 1.28994 4.2903e+07 2.69408e+14 0.000160642 0.000552186 1.10422e-15 2.38345e-08 312425 0 0 3.45015e-10 0 0 0.00744712 0 0 0 0 0 0 4.25968e+12 4.25968e+12 4.25968e+12 4.25968e+12 
0.0545 -3.47432 -6.77432 -4.56908 -6.11407 1.27432 4.29051e+07 2.69398e+14 0.000160646 0.000552195 1.1043e-15 2.3834e-08 312432 0 0 3.45049e-10 0 0 0.00744712 0 0 0 0 0 0 4.2598e+12 4.2598e+12 4.2598e+12 4.2598e+12 
0.055 -3.45869 -6.75869 -4.55346 -6.09845 1.25869 4.29072e+07 2.69387e+14 0.00016065 0.000552205 1.10439e-15 2.38335e-08 312439 0 0 3.45083e-10 0 0 0.00744712 0 0 0 0 0 0 4.25993e+12 4.25993e+12 4.25993e+12 4.25993e+12 
0.0555 -3.44307 -6.74307 -4.53783 -6.08282 1.24307 4.29093e+07 2.69377e+14 0.000160654 0.000552214 1.10447e-15 2.3833e-08 312446 0 0 3.45117e-10 0 0 0.00744712 0 0 0 0 0 0 4.26005e+12 4.26005e+12 4.26005e+12 4.26005e+12 
0.056 -3.42745 -6.72745 -4.52221 -6.0672 1.22745 4.29115e+07 2.69366e+14 0.000160659 0.000552223 1.10456e-15 2.38324e-08 312453 0 0 3.45151e-10 0 0 0.00744712 0 0 0 0 0 0 4.26018e+12 4.26018e+12 4.26018e+12 4.26018e+12 
0.0565 -3.41183 -6.71183 -4.50659 -6.05157 1.21183 4.29136e+07 2.69356e+14 0.000160663 0.000552232 1.10464e-15 2.38319e-08 312460 0 0 3.45185e-10 0 0 0.00744712 0 0 0 0 0 0 4.26031e+12 4.26031e+12 4.26031e+12 4.26031e+12 
0.057 -3.3962 -6.6962 -4.49096 -6.03595 1.1962 4.29157e+07 2.69346e+14 0.000160667 0.000552241 1.10473e-15 2.38314e-08 312467 0 0 3.45219e-10 0 0 0.00744712 0 0 0 0 0 0 4.26043e+12 4.26043e+12 4.26043e+12 4.26043e+12 
0.0575 -3.38058 -6.68058 -4.47534 -6.02032 1.18058 4.29178e+07 2.69335e+14 0.000160672 0.00055225 1.10481e-15 2.38308e-08 312474 0 0 3.45253e-10 0 0 0.00744712 0 0 0 0 0 0 4.26056e+12 4.26056e+12 4.26056e+12 4.26056e+12 
0.058 -3.36496 -6.66496 -4.45971 -6.0047 1.16496 4.292e+07 2.69325e+14 0.000160676 0.000552259 1.1049e-15 2.38303e-08 312481 0 0 3.45287e-10 0 0 0.00744712 0 0 0 0 0 0 4.26068e+12 4.26068e+12 4.26068e+12 4.26068e+12 
0.0585 -3.34933 -6.64933 -4.44409 -5.98907 1.14933 4.29221e+07 2.69314e+14 0.00016068 0.000552269 1.10498e-15 2.38298e-08 312488 0 0 3.45322e-10 0 0 0.00744712 0 0 0 0 0 0 4.26081e+12 4.26081e+12 4.26081e+12 4.26081e+12 
0.059 -3.33371 -6.63371 -4.42846 -5.97345 1.13371 4.29242e+07 2.69304e+14 0.000160685 0.000552278 1.10506e-15 2.38292e-08 312495 0 0 3.45356e-10 0 0 0.00744712 0 0 0 0 0 0 4.26094e+12 4.26094e+12 4.26094e+12 4.26094e+12 
0.0595 -3.31808 -6.61808 -4.41283 -5.95782 1.11808 4.29263e+07 2.69293e+14 0.000160689 0.000552287 1.10515e-15 2.38287e-08 312502 0 0 3.4539e-10 0 0 0.00744712 0 0 0 0 0 0 4.26106e+12 4.26106e+12 4.26106e+12 4.26106e+12 
0.06 -3.30246 -6.60246 -4.39721 -5.9422 1.10246 4.29285e+07 2.69283e+14 0.000160693 0.000552296 1.10523e-15 2.38282e-08 312509 0 0 3.45424e-10 0 0 0.00744712 0 0 0 0 0 0 4.26119e+12 4.26119e+12 4.26119e+12 4.26119e+12 
0.0605 -3.28683 -6.58683 -4.38158 -5.92657 1.08683 4.29306e+07 2.69272e+14 0.000160698 0.000552305 1.10532e-15 2.38276e-08 312516 0 0 3.45458e-10 0 0 0.00744712 0 0 0 0 0 0 4.26131e+12 4.26131e+12 4.26131e+12 4.26131e+12 
0.061 -3.27121 -6.57121 -4.36595 -5.91094 1.07121 4.29327e+07 2.69262e+14 0.000160702 0.000552314 1.1054e-15 2.38271e-08 312523 0 0 3.45492e-10 0 0 0.00744712 0 0 0 0 0 0 4.26144e+12 4.26144e+12 4.26144e+12 4.26144e+12 
0.0615 -3.25558 -6.55558 -4.35033 -5.89531 1.05558 4.29348e+07 2.69251e+14 0.000160706 0.000552323 1.10549e-15 2.38266e-08 312530 0 0 3.45526e-10 0 0 0.00744712 0 0 0 0 0 0 4.26157e+12 4.26157e+12 4.26157e+12 4.26157e+12 
0.062 -3.23995 -6.53995 -4.3347 -5.87969 1.03995 4.2937e+07 2.69241e+14 0.000160711 0.000552333 1.10557e-15 2.38261e-08 312537 0 0 3.4556e-10 0 0 0.00744712 0 0 0 0 0 0 4.26169e+12 4.26169e+12 4.26169e+12 4.26169e+12 
0.0625 -3.22433 -6.52433 -4.31907 -5.86406 1.02433 4.29391e+07 2.69231e+14 0.000160715 0.000552342 1.10566e-15 2.38255e-08 312544 0 0 3.45594e-10 0 0 0.00744712 0 0 0 0 0 0 4.26182e+12 4.26182e+12 4.26182e+12 4.26182e+12 
0.063 -3.2087 -6.5087 -4.30344 -5.84843 1.0087 4.29412e+07 2.6922e+14 0.000160719 0.000552351 1.10574e-15 2.3825e-08 312551 0 0 3.45628e-10 0 0 0.00744712 0 0 0 0 0 0 4.26194e+12 4.26194e+12 4.26194e+12 4.26194e+12 
0.0635 -3.19307 -6.49307 -4.28781 -5.8328 0.993071 4.29433e+07 2.6921e+14 0.000160724 0.00055236 1.10582e-15 2.38245e-08 312557 0 0 3.45662e-10 0 0 0.00744712 0 0 0 0 0 0 4.26207e+12 4.26207e+12 4.26207e+12 4.26207e+12 
0.064 -3.17744 -6.47744 -4.27218 -5.81717 0.977443 4.29455e+07 2.69199e+14 0.000160728 0.000552369 1.10591e-15 2.38239e-08 312564 0 0 3.45696e-10 0 0 0.00744712 0 0 0 0 0 0 4.26219e+12 4.26219e+12 4.26219e+12 4.26219e+12 
0.0645 -3.16181 -6.46181 -4.25655 -5.80154 0.961814 4.29476e+07 2.69189e+14 0.000160732 0.000552378 1.10599e-15 2.38234e-08 312571 0 0 3.45731e-10 0 0 0.00744712 0 0 0 0 0 0 4.26232e+12 4.26232e+12 4.26232e+12 4.26232e+12 
0.065 -3.14619 -6.44619 -4.24092 -5.78591 0.946186 4.29497e+07 2.69178e+14 0.000160737 0.000552387 1.10608e-15 2.38229e-08 312578 0 0 3.45765e-10 0 0 0.00744712 0 0 0 0 0 0 4.26245e+12 4.26245e+12 4.26245e+12 4.26245e+12 
0.0655 -3.13056 -6.43056 -4.22529 -5.77028 0.930557 4.29518e+07 2.69168e+14 0.000160741 0.000552397 1.10616e-15 2.38223e-08 312585 0 0 3.45799e-10 0 0 0.00744712 0 0 0 0 0 0 4.26257e+12 4.26257e+12 4.26257e+12 4.26257e+12 
0.066 -3.11493 -6.41493 -4.20966 -5.75465 0.914927 4.2954e+07 2.69157e+14 0.000160745 0.000552406 1.10625e-15 2.38218e-08 312592 0 0 3.45833e-10 0 0 0.00744712 0 0 0 0 0 0 4.2627e+12 4.2627e+12 4.2627e+12 4.2627e+12 
0.0665 -3.0993 -6.3993 -4.19403 -5.73902 0.899297 4.29561e+07 2.69147e+14 0.00016075 0.000552415 1.10633e-15 2.38213e-08 312599 0 0 3.45867e-10 0 0 0.00744712 0 0 0 0 0 0 4.26282e+12 4.26282e+12 4.26282e+12 4.26282e+12 
0.067 -3.08367 -6.38367 -4.1784 -5.72339 0.883667 4.29582e+07 2.69136e+14 0.000160754 0.000552424 1.10642e-15 2.38208e-08 312606 0 0 3.45901e-10 0 0 0.00744712 0 0 0 0 0 0 4.26295e+12 4.26295e+12 4.26295e+12 4.26295e+12 
0.0675 -3.06804 -6.36804 -4.16277 -5.70776 0.868037 4.29603e+07 2.69126e+14 0.000160758 0.000552433 1.1065e-15 2.38202e-08 312613 0 0 3.45935e-10 0 0 0.00744712 0 0 0 0 0 0 4.26308e+12 4.26308e+12 4.26308e+12 4.26308e+12 
0.068 -3.05241 -6.35241 -4.14714 -5.69212 0.852406 4.29624e+07 2.69116e+14 0.000160763 0.000552442 1.10658e-15 2.38197e-08 312620 0 0 3.45969e-10 0 0 0.00744712 0 0 0 0 0 0 4.2632e+12 4.2632e+12 4.2632e+12 4.2632e+12 
0.0685 -3.03677 -6.33677 -4.1315 -5.67649 0.836775 4.29646e+07 2.69105e+14 0.000160767 0.000552451 1.10667e-15 2.38192e-08 312627 0 0 3.46003e-10 0 0 0.00744712 0 0 0 0 0 0 4.26333e+12 4.26333e+12 4.26333e+12 4.26333e+12 
0.069 -3.02114 -6.32114 -4.11587 -5.66086 0.821143 4.29667e+07 2.69095e+14 0.000160771 0.000552461 1.10675e-15 2.38186e-08 312634 0 0 3.46037e-10 0 0 0.00744712 0 0 0 0 0 0 4.26345e+12 4.26345e+12 4.26345e+12 4.26345e+12 
0.0695 -3.00551 -6.30551 -4.10024 -5.64523 0.805511 4.29688e+07 2.69084e+14 0.000160776 0.00055247 1.10684e-15 2.38181e-08 312641 0 0 3.46072e-10 0 0 0.00744712 0 0 0 0 0 0 4.26358e+12 4.26358e+12 4.26358e+12 4.26358e+12 
0.07 -2.98988 -6.28988 -4.0846 -5.62959 0.789879 4.29709e+07 2.69074e+14 0.00016078 0.000552479 1.10692e-15 2.38176e-08 312648 0 0 3.46106e-10 0 0 0.00744712 0 0 0 0 0 0 4.2637e+12 4.2637e+12 4.2637e+12 4.2637e+12 
0.0705 -2.97425 -6.27425 -4.06897 -5.61396 0.774247 4.29731e+07 2.69063e+14 0.000160784 0.000552488 1.10701e-15 2.3817e-08 312655 0 0 3.4614e-10 0 0 0.00744712 0 0 0 0 0 0 4.26383e+12 4.26383e+12 4.26383e+12 4.26383e+12 
0.071 -2.95861 -6.25861 -4.05334 -5.59832 0.758614 4.29752e+07 2.69053e+14 0.000160789 0.000552497 1.10709e-15 2.38165e-08 312662 0 0 3.46174e-10 0 0 0.00744712 0 0 0 0 0 0 4.26396e+12 4.26396e+12 4.26396e+12 4.26396e+12 
0.0715 -2.94298 -6.24298 -4.0377 -5.58269 0.74298 4.29773e+07 2.69043e+14 0.000160793 0.000552506 1.10718e-15 2.3816e-08 312669 0 0 3.46208e-10 0 0 0.00744712 0 0 0 0 0 0 4.26408e+12 4.26408e+12 4.26408e+12 4.26408e+12 
0.072 -2.92735 -6.22735 -4.02207 -5.56705 0.727347 4.29794e+07 2.69032e+14 0.000160797 0.000552515 1.10726e-15 2.38155e-08 312676 0 0 3.46242e-10 0 0 0.00744712 0 0 0 0 0 0 4.26421e+12 4.26421e+12 4.26421e+12 4.26421e+12 
0.0725 -2.91171 -6.21171 -4.00643 -5.55142 0.711713 4.29815e+07 2.69022e+14 0.000160802 0.000552525 1.10734e-15 2.38149e-08 312683 0 0 3.46276e-10 0 0 0.00744712 0 0 0 0 0 0 4.26433e+12 4.26433e+12 4.26433e+12 4.26433e+12 
0.073 -2.89608 -6.19608 -3.99079 -5.53578 0.696078 4.29837e+07 2.69011e+14 0.000160806 0.000552534 1.10743e-15 2.38144e-08 312690 0 0 3.4631e-10 0 0 0.00744712 0 0 0 0 0 0 4.26446e+12 4.26446e+12 4.26446e+12 4.26446e+12 
0.0735 -2.88044 -6.18044 -3.97516 -5.52015 0.680444 4.29858e+07 2.69001e+14 0.00016081 0.000552543 1.10751e-15 2.38139e-08 312697 0 0 3.46344e-10 0 0 0.00744712 0 0 0 0 0 0 4.26458e+12 4.26458e+12 4.26458e+12 4.26458e+12 
0.074 -2.86481 -6.16481 -3.95952 -5.50451 0.664809 4.29879e+07 2.6899e+14 0.000160815 0.000552552 1.1076e-15 2.38133e-08 312704 0 0 3.46378e-10 0 0 0.00744712 0 0 0 0 0 0 4.26471e+12 4.26471e+12 4.26471e+12 4.26471e+12 
0.0745 -2.84917 -6.14917 -3.94389 -5.48888 0.649173 4.299e+07 2.6898e+14 0.000160819 0.000552561 1.10768e-15 2.38128e-08 312710 0 0 3.46413e-10 0 0 0.00744712 0 0 0 0 0 0 4.26483e+12 4.26483e+12 4.26483e+12 4.26483e+12 
0.075 -2.83354 -6.13354 -3.92825 -5.47324 0.633538 4.29922e+07 2.6897e+14 0.000160823 0.00055257 1.10777e-15 2.38123e-08 312717 0 0 3.46447e-10 0 0 0.00744712 0 0 0 0 0 0 4.26496e+12 4.26496e+12 4.26496e+12 4.26496e+12 
0.0755 -2.8179 -6.1179 -3.91261 -5.4576 0.617902 4.29943e+07 2.68959e+14 0.000160828 0.000552579 1.10785e-15 2.38117e-08 312724 0 0 3.46481e-10 0 0 0.00744712 0 0 0 0 0 0 4.26509e+12 4.26509e+12 4.26509e+12 4.26509e+12 
0.076 -2.80227 -6.10227 -3.89697 -5.44196 0.602265 4.29964e+07 2.68949e+14 0.000160832 0.000552589 1.10794e-15 2.38112e-08 312731 0 0 3.46515e-10 0 0 0.00744712 0 0 0 0 0 0 4.26521e+12 4.26521e+12 4.26521e+12 4.26521e+12 
0.0765 -2.78663 -6.08663 -3.88134 -5.42633 0.586629 4.29985e+07 2.68938e+14 0.000160836 0.000552598 1.10802e-15 2.38107e-08 312738 0 0 3.46549e-10 0 0 0.00744712 0 0 0 0 0 0 4.26534e+12 4.26534e+12 4.26534e+12 4.26534e+12 
0.077 -2.77099 -6.07099 -3.8657 -5.41069 0.570991 4.30006e+07 2.68928e+14 0.000160841 0.000552607 1.1081e-15 2.38102e-08 312745 0 0 3.46583e-10 0 0 0.00744712 0 0 0 0 0 0 4.26546e+12 4.26546e+12 4.26546e+12 4.26546e+12 
0.0775 -2.75535 -6.05535 -3.85006 -5.39505 0.555354 4.30028e+07 2.68917e+14 0.000160845 0.000552616 1.10819e-15 2.38096e-08 312752 0 0 3.46617e-10 0 0 0.00744712 0 0 0 0 0 0 4.26559e+12 4.26559e+12 4.26559e+12 4.26559e+12 
0.078 -2.73972 -6.03972 -3.83442 -5.37941 0.539716 4.30049e+07 2.68907e+14 0.000160849 0.000552625 1.10827e-15 2.38091e-08 312759 0 0 3.46651e-10 0 0 0.00744712 0 0 0 0 0 0 4.26571e+12 4.26571e+12 4.26571e+12 4.26571e+12 
0.0785 -2.72408 -6.02408 -3.81878 -5.36377 0.524078 4.3007e+07 2.68897e+14 0.000160854 0.000552634 1.10836e-15 2.38086e-08 312766 0 0 3.46686e-10 0 0 0.00744712 0 0 0 0 0 0 4.26584e+12 4.26584e+12 4.26584e+12 4.26584e+12 
0.079 -2.70844 -6.00844 -3.80314 -5.34813 0.50844 4.30091e+07 2.68886e+14 0.000160858 0.000552643 1.10844e-15 2.3808e-08 312773 0 0 3.4672e-10 0 0 0.00744712 0 0 0 0 0 0 4.26596e+12 4.26596e+12 4.26596e+12 4.26596e+12 
0.0795 -2.6928 -5.9928 -3.7875 -5.33249 0.492801 4.30112e+07 2.68876e+14 0.000160862 0.000552653 1.10853e-15 2.38075e-08 312780 0 0 3.46754e-10 0 0 0.00744712 0 0 0 0 0 0 4.26609e+12 4.26609e+12 4.26609e+12 4.26609e+12 
0.08 -2.67716 -5.97716 -3.77186 -5.31685 0.477162 4.30134e+07 2.68865e+14 0.000160866 0.000552662 1.10861e-15 2.3807e-08 312787 0 0 3.46788e-10 0 0 0.00744712 0 0 0 0 0 0 4.26622e+12 4.26622e+12 4.26622e+12 4.26622e+12 
0.0805 -2.66152 -5.96152 -3.75622 -5.30121 0.461522 4.30155e+07 2.68855e+14 0.000160871 0.000552671 1.1087e-15 2.38065e-08 312794 0 0 3.46822e-10 0 0 0.00744712 0 0 0 0 0 0 4.26634e+12 4.26634e+12 4.26634e+12 4.26634e+12 
0.081 -2.64588 -5.94588 -3.74058 -5.28557 0.445882 4.30176e+07 2.68844e+14 0.000160875 0.00055268 1.10878e-15 2.38059e-08 312801 0 0 3.46856e-10 0 0 0.00744712 0 0 0 0 0 0 4.26647e+12 4.26647e+12 4.26647e+12 4.26647e+12 
0.0815 -2.63024 -5.93024 -3.72494 -5.26993 0.430242 4.30197e+07 2.68834e+14 0.000160879 0.000552689 1.10886e-15 2.38054e-08 312808 0 0 3.4689e-10 0 0 0.00744712 0 0 0 0 0 0 4.26659e+12 4.26659e+12 4.26659e+12 4.26659e+12 
0.082 -2.6146 -5.9146 -3.70929 -5.25428 0.414601 4.30218e+07 2.68824e+14 0.000160884 0.000552698 1.10895e-15 2.38049e-08 312815 0 0 3.46924e-10 0 0 0.00744712 0 0 0 0 0 0 4.26672e+12 4.26672e+12 4.26672e+12 4.26672e+12 
0.0825 -2.59896 -5.89896 -3.69365 -5.23864 0.398961 4.3024e+07 2.68813e+14 0.000160888 0.000552707 1.10903e-15 2.38043e-08 312822 0 0 3.46959e-10 0 0 0.00744712 0 0 0 0 0 0 4.26684e+12 4.26684e+12 4.26684e+12 4.26684e+12 
0.083 -2.58332 -5.88332 -3.67801 -5.223 0.383319 4.30261e+07 2.68803e+14 0.000160892 0.000552717 1.10912e-15 2.38038e-08 312829 0 0 3.46993e-10 0 0 0.00744712 0 0 0 0 0 0 4.26697e+12 4.26697e+12 4.26697e+12 4.26697e+12 
0.0835 -2.56768 -5.86768 -3.66237 -5.20736 0.367678 4.30282e+07 2.68792e+14 0.000160897 0.000552726 1.1092e-15 2.38033e-08 312836 0 0 3.47027e-10 0 0 0.00744712 0 0 0 0 0 0 4.26709e+12 4.26709e+12 4.26709e+12 4.26709e+12 
0.084 -2.55204 -5.85204 -3.64672 -5.19171 0.352036 4.30303e+07 2.68782e+14 0.000160901 0.000552735 1.10929e-15 2.38028e-08 312843 0 0 3.47061e-10 0 0 0.00744712 0 0 0 0 0 0 4.26722e+12 4.26722e+12 4.26722e+12 4.26722e+12 
0.0845 -2.53639 -5.83639 -3.63108 -5.17607 0.336393 4.30324e+07 2.68772e+14 0.000160905 0.000552744 1.10937e-15 2.38022e-08 312850 0 0 3.47095e-10 0 0 0.00744712 0 0 0 0 0 0 4.26734e+12 4.26734e+12 4.26734e+12 4.26734e+12 
0.085 -2.52075 -5.82075 -3.61544 -5.16043 0.320751 4.30346e+07 2.68761e+14 0.00016091 0.000552753 1.10946e-15 2.38017e-08 312856 0 0 3.47129e-10 0 0 0.00744712 0 0 0 0 0 0 4.26747e+12 4.26747e+12 4.26747e+12 4.26747e+12 
0.0855 -2.50511 -5.80511 -3.59979 -5.14478 0.305108 4.30367e+07 2.68751e+14 0.000160914 0.000552762 1.10954e-15 2.38012e-08 312863 0 0 3.47163e-10 0 0 0.00744712 0 0 0 0 0 0 4.26759e+12 4.26759e+12 4.26759e+12 4.26759e+12 
0.086 -2.48946 -5.78946 -3.58415 -5.12914 0.289464 4.30388e+07 2.6874e+14 0.000160918 0.000552771 1.10962e-15 2.38006e-08 312870 0 0 3.47197e-10 0 0 0.00744712 0 0 0 0 0 0 4.26772e+12 4.26772e+12 4.26772e+12 4.26772e+12 
0.0865 -2.47382 -5.77382 -3.5685 -5.11349 0.273821 4.30409e+07 2.6873e+14 0.000160923 0.000552781 1.10971e-15 2.38001e-08 312877 0 0 3.47232e-10 0 0 0.00744712 0 0 0 0 0 0 4.26785e+12 4.26785e+12 4.26785e+12 4.26785e+12 
0.087 -2.45818 -5.75818 -3.55286 -5.09785 0.258177 4.3043e+07 2.68719e+14 0.000160927 0.00055279 1.10979e-15 2.37996e-08 312884 0 0 3.47266e-10 0 0 0.00744712 0 0 0 0 0 0 4.26797e+12 4.26797e+12 4.26797e+12 4.26797e+12 
0.0875 -2.44253 -5.74253 -3.53721 -5.0822 0.242532 4.30451e+07 2.68709e+14 0.000160931 0.000552799 1.10988e-15 2.37991e-08 312891 0 0 3.473e-10 0 0 0.00744712 0 0 0 0 0 0 4.2681e+12 4.2681e+12 4.2681e+12 4.2681e+12 
0.088 -2.42689 -5.72689 -3.52157 -5.06656 0.226888 4.30473e+07 2.68699e+14 0.000160936 0.000552808 1.10996e-15 2.37985e-08 312898 0 0 3.47334e-10 0 0 0.00744712 0 0 0 0 0 0 4.26822e+12 4.26822e+12 4.26822e+12 4.26822e+12 
0.0885 -2.41124 -5.71124 -3.50592 -5.05091 0.211243 4.30494e+07 2.68688e+14 0.00016094 0.000552817 1.11005e-15 2.3798e-08 312905 0 0 3.47368e-10 0 0 0.00744712 0 0 0 0 0 0 4.26835e+12 4.26835e+12 4.26835e+12 4.26835e+12 
0.089 -2.3956 -5.6956 -3.49027 -5.03526 0.195597 4.30515e+07 2.68678e+14 0.000160944 0.000552826 1.11013e-15 2.37975e-08 312912 0 0 3.47402e-10 0 0 0.00744712 0 0 0 0 0 0 4.26847e+12 4.26847e+12 4.26847e+12 4.26847e+12 
0.0895 -2.37995 -5.67995 -3.47463 -5.01962 0.179951 4.30536e+07 2.68667e+14 0.000160949 0.000552835 1.11022e-15 2.37969e-08 312919 0 0 3.47436e-10 0 0 0.00744712 0 0 0 0 0 0 4.2686e+12 4.2686e+12 4.2686e+12 4.2686e+12 
0.09 -2.36431 -5.66431 -3.45898 -5.00397 0.164305 4.30557e+07 2.68657e+14 0.000160953 0.000552845 1.1103e-15 2.37964e-08 312926 0 0 3.47471e-10 0 0 0.00744712 0 0 0 0 0 0 4.26872e+12 4.26872e+12 4.26872e+12 4.26872e+12 
0.0905 -2.34866 -5.64866 -3.44333 -4.98832 0.148659 4.30579e+07 2.68647e+14 0.000160957 0.000552854 1.11039e-15 2.37959e-08 312933 0 0 3.47505e-10 0 0 0.00744712 0 0 0 0 0 0 4.26885e+12 4.26885e+12 4.26885e+12 4.26885e+12 
0.091 -2.33301 -5.63301 -3.42768 -4.97267 0.133012 4.306e+07 2.68636e+14 0.000160962 0.000552863 1.11047e-15 2.37954e-08 312940 0 0 3.47539e-10 0 0 0.00744712 0 0 0 0 0 0 4.26897e+12 4.26897e+12 4.26897e+12 4.26897e+12 
0.0915 -2.31736 -5.61736 -3.41203 -4.95702 0.117365 4.30621e+07 2.68626e+14 0.000160966 0.000552872 1.11055e-15 2.37948e-08 312947 0 0 3.47573e-10 0 0 0.00744712 0 0 0 0 0 0 4.2691e+12 4.2691e+12 4.2691e+12 4.2691e+12 
0.092 -2.30172 -5.60172 -3.39638 -4.94137 0.101717 4.30642e+07 2.68615e+14 0.00016097 0.000552881 1.11064e-15 2.37943e-08 312954 0 0 3.47607e-10 0 0 0.00744712 0 0 0 0 0 0 4.26922e+12 4.26922e+12 4.26922e+12 4.26922e+12 
0.0925 -2.28607 -5.58607 -3.38074 -4.92573 0.0860694 4.30663e+07 2.68605e+14 0.000160975 0.00055289 1.11072e-15 2.37938e-08 312961 0 0 3.47641e-10 0 0 0.00744712 0 0 0 0 0 0 4.26935e+12 4.26935e+12 4.26935e+12 4.26935e+12 
0.093 -2.27042 -5.57042 -3.36509 -4.91008 0.0704212 4.30684e+07 2.68595e+14 0.000160979 0.0005529 1.11081e-15 2.37933e-08 312968 0 0 3.47675e-10 0 0 0.00744712 0 0 0 0 0 0 4.26947e+12 4.26947e+12 4.26947e+12 4.26947e+12 
0.0935 -2.25477 -5.55477 -3.34944 -4.89443 0.0547726 4.30706e+07 2.68584e+14 0.000160983 0.000552909 1.11089e-15 2.37927e-08 312975 0 0 3.4771e-10 0 0 0.00744712 0 0 0 0 0 0 4.2696e+12 4.2696e+12 4.2696e+12 4.2696e+12 
0.094 -2.23912 -5.53912 -3.33379 -4.87878 0.0391237 4.30727e+07 2.68574e+14 0.000160988 0.000552918 1.11098e-15 2.37922e-08 312981 0 0 3.47744e-10 0 0 0.00744712 0 0 0 0 0 0 4.26972e+12 4.26972e+12 4.26972e+12 4.26972e+12 
0.0945 -2.22347 -5.52347 -3.31814 -4.86313 0.0234745 4.30748e+07 2.68563e+14 0.000160992 0.000552927 1.11106e-15 2.37917e-08 312988 0 0 3.47778e-10 0 0 0.00744712 0 0 0 0 0 0 4.26985e+12 4.26985e+12 4.26985e+12 4.26985e+12 
0.095 -2.20782 -5.50782 -3.30248 -4.84747 0.00782489 4.30769e+07 2.68553e+14 0.000160996 0.000552936 1.11115e-15 2.37911e-08 312995 0 0 3.47812e-10 0 0 0.00744712 0 0 0 0 0 0 4.26997e+12 4.26997e+12 4.26997e+12 4.26997e+12 
0.0955 -2.19217 -5.49217 -3.28683 -4.83182 -0.00782505 4.3079e+07 2.68543e+14 0.000161001 0.000552945 1.11123e-15 2.37906e-08 313002 0 0 3.47846e-10 0 0 0.00744712 0 0 0 0 0 0 4.2701e+12 4.2701e+12 4.2701e+12 4.2701e+12 
0.096 -2.17652 -5.47652 -3.27118 -4.81617 -0.0234753 4.30811e+07 2.68532e+14 0.000161005 0.000552954 1.11131e-15 2.37901e-08 313009 0 0 3.4788e-10 0 0 0.00744712 0 0 0 0 0 0 4.27022e+12 4.27022e+12 4.27022e+12 4.27022e+12 
0.0965 -2.16087 -5.46087 -3.25553 -4.80052 -0.039126 4.30833e+07 2.68522e+14 0.000161009 0.000552964 1.1114e-15 2.37896e-08 313016 0 0 3.47915e-10 0 0 0.00744712 0 0 0 0 0 0 4.27035e+12 4.27035e+12 4.27035e+12 4.27035e+12 
0.097 -2.14522 -5.44522 -3.23988 -4.78487 -0.054777 4.30854e+07 2.68511e+14 0.000161014 0.000552973 1.11148e-15 2.3789e-08 313023 0 0 3.47949e-10 0 0 0.00744712 0 0 0 0 0 0 4.27047e+12 4.27047e+12 4.27047e+12 4.27047e+12 
0.0975 -2.12957 -5.42957 -3.22422 -4.76922 -0.0704283 4.30875e+07 2.68501e+14 0.000161018 0.000552982 1.11157e-15 2.37885e-08 313030 0 0 3.47983e-10 0 0 0.00744712 0 0 0 0 0 0 4.2706e+12 4.2706e+12 4.2706e+12 4.2706e+12 
0.098 -2.11392 -5.41392 -3.20857 -4.75356 -0.08608 4.30896e+07 2.68491e+14 0.000161022 0.000552991 1.11165e-15 2.3788e-08 313037 0 0 3.48017e-10 0 0 0.00744712 0 0 0 0 0 0 4.27072e+12 4.27072e+12 4.27072e+12 4.27072e+12 
0.0985 -2.09827 -5.39827 -3.19292 -4.73791 -0.101732 4.30917e+07 2.6848e+14 0.000161027 0.000553 1.11174e-15 2.37874e-08 313044 0 0 3.48051e-10 0 0 0.00744712 0 0 0 0 0 0 4.27085e+12 4.27085e+12 4.27085e+12 4.27085e+12 
0.099 -2.08262 -5.38262 -3.17726 -4.72226 -0.117384 4.30938e+07 2.6847e+14 0.000161031 0.000553009 1.11182e-15 2.37869e-08 313051 0 0 3.48085e-10 0 0 0.00744712 0 0 0 0 0 0 4.27097e+12 4.27097e+12 4.27097e+12 4.27097e+12 
0.0995 -2.06696 -5.36696 -3.16161 -4.7066 -0.133037 4.3096e+07 2.68459e+14 0.000161035 0.000553018 1.11191e-15 2.37864e-08 313058 0 0 3.48119e-10 0 0 0.00744712 0 0 0 0 0 0 4.2711e+12 4.2711e+12 4.2711e+12 4.2711e+12 
0.1 -2.05131 -5.35131 -3.14596 -4.69095 -0.14869 4.30981e+07 2.68449e+14 0.00016104 0.000553028 1.11199e-15 2.37859e-08 313065 0 0 3.48154e-10 0 0 0.00744712 0 0 0 0 0 0 4.27122e+12 4.27122e+12 4.27122e+12 4.27122e+12 
0.1005 -2.03566 -5.33566 -3.1303 -4.67529 -0.164344 4.31002e+07 2.68439e+14 0.000161044 0.000553037 1.11207e-15 2.37853e-08 313072 0 0 3.48188e-10 0 0 0.00744712 0 0 0 0 0 0 4.27135e+12 4.27135e+12 4.27135e+12 4.27135e+12 
0.101 -2.02 -5.32 -3.11465 -4.65964 -0.179997 4.31023e+07 2.68428e+14 0.000161048 0.000553046 1.11216e-15 2.37848e-08 313079 0 0 3.48222e-10 0 0 0.00744712 0 0 0 0 0 0 4.27147e+12 4.27147e+12 4.27147e+12 4.27147e+12 
0.1015 -2.00435 -5.30435 -3.09899 -4.64398 -0.195651 4.31044e+07 2.68418e+14 0.000161053 0.000553055 1.11224e-15 2.37843e-08 313086 0 0 3.48256e-10 0 0 0.00744712 0 0 0 0 0 0 4.2716e+12 4.2716e+12 4.2716e+12 4.2716e+12 
0.102 -1.98869 -5.28869 -3.08334 -4.62833 -0.211306 4.31065e+07 2.68407e+14 0.000161057 0.000553064 1.11233e-15 2.37838e-08 313093 0 0 3.4829e-10 0 0 0.00744712 0 0 0 0 0 0 4.27172e+12 4.27172e+12 4.27172e+12 4.27172e+12 
0.1025 -1.97304 -5.27304 -3.06768 -4.61267 -0.226961 4.31087e+07 2.68397e+14 0.000161061 0.000553073 1.11241e-15 2.37832e-08 313099 0 0 3.48324e-10 0 0 0.00744712 0 0 0 0 0 0 4.27185e+12 4.27185e+12 4.27185e+12 4.27185e+12 
0.103 -1.95738 -5.25738 -3.05202 -4.59701 -0.242616 4.31108e+07 2.68387e+14 0.000161066 0.000553082 1.1125e-15 2.37827e-08 313106 0 0 3.48359e-10 0 0 0.00744712 0 0 0 0 0 0 4.27197e+12 4.27197e+12 4.27197e+12 4.27197e+12 
0.1035 -1.94173 -5.24173 -3.03637 -4.58136 -0.258271 4.31129e+07 2.68376e+14 0.00016107 0.000553092 1.11258e-15 2.37822e-08 313113 0 0 3.48393e-10 0 0 0.00744712 0 0 0 0 0 0 4.2721e+12 4.2721e+12 4.2721e+12 4.2721e+12 
0.104 -1.92607 -5.22607 -3.02071 -4.5657 -0.273927 4.3115e+07 2.68366e+14 0.000161074 0.000553101 1.11267e-15 2.37817e-08 313120 0 0 3.48427e-10 0 0 0.00744712 0 0 0 0 0 0 4.27222e+12 4.27222e+12 4.27222e+12 4.27222e+12 
0.1045 -1.91042 -5.21042 -3.00505 -4.55004 -0.289583 4.31171e+07 2.68356e+14 0.000161079 0.00055311 1.11275e-15 2.37811e-08 313127 0 0 3.48461e-10 0 0 0.00744712 0 0 0 0 0 0 4.27235e+12 4.27235e+12 4.27235e+12 4.27235e+12 
0.105 -1.89476 -5.19476 -2.98939 -4.53438 -0.30524 4.31192e+07 2.68345e+14 0.000161083 0.000553119 1.11283e-15 2.37806e-08 313134 0 0 3.48495e-10 0 0 0.00744712 0 0 0 0 0 0 4.27247e+12 4.27247e+12 4.27247e+12 4.27247e+12 
0.1055 -1.8791 -5.1791 -2.97374 -4.51873 -0.320897 4.31214e+07 2.68335e+14 0.000161087 0.000553128 1.11292e-15 2.37801e-08 313141 0 0 3.48529e-10 0 0 0.00744712 0 0 0 0 0 0 4.2726e+12 4.2726e+12 4.2726e+12 4.2726e+12 
0.106 -1.86345 -5.16345 -2.95808 -4.50307 -0.336554 4.31235e+07 2.68324e+14 0.000161092 0.000553137 1.113e-15 2.37795e-08 313148 0 0 3.48564e-10 0 0 0.00744712 0 0 0 0 0 0 4.27272e+12 4.27272e+12 4.27272e+12 4.27272e+12 
0.1065 -1.84779 -5.14779 -2.94242 -4.48741 -0.352212 4.31256e+07 2.68314e+14 0.000161096 0.000553147 1.11309e-15 2.3779e-08 313155 0 0 3.48598e-10 0 0 0.00744712 0 0 0 0 0 0 4.27285e+12 4.27285e+12 4.27285e+12 4.27285e+12 
0.107 -1.83213 -5.13213 -2.92676 -4.47175 -0.367869 4.31277e+07 2.68304e+14 0.0001611 0.000553156 1.11317e-15 2.37785e-08 313162 0 0 3.48632e-10 0 0 0.00744712 0 0 0 0 0 0 4.27297e+12 4.27297e+12 4.27297e+12 4.27297e+12 
0.1075 -1.81647 -5.11647 -2.9111 -4.45609 -0.383528 4.31298e+07 2.68293e+14 0.000161104 0.000553165 1.11326e-15 2.3778e-08 313169 0 0 3.48666e-10 0 0 0.00744712 0 0 0 0 0 0 4.2731e+12 4.2731e+12 4.2731e+12 4.2731e+12 
0.108 -1.80081 -5.10081 -2.89544 -4.44043 -0.399186 4.31319e+07 2.68283e+14 0.000161109 0.000553174 1.11334e-15 2.37774e-08 313176 0 0 3.487e-10 0 0 0.00744712 0 0 0 0 0 0 4.27322e+12 4.27322e+12 4.27322e+12 4.27322e+12 
0.1085 -1.78515 -5.08515 -2.87978 -4.42477 -0.414845 4.3134e+07 2.68273e+14 0.000161113 0.000553183 1.11343e-15 2.37769e-08 313183 0 0 3.48735e-10 0 0 0.00744712 0 0 0 0 0 0 4.27335e+12 4.27335e+12 4.27335e+12 4.27335e+12 
0.109 -1.7695 -5.0695 -2.86412 -4.40911 -0.430505 4.31362e+07 2.68262e+14 0.000161117 0.000553192 1.11351e-15 2.37764e-08 313190 0 0 3.48769e-10 0 0 0.00744712 0 0 0 0 0 0 4.27347e+12 4.27347e+12 4.27347e+12 4.27347e+12 
0.1095 -1.75384 -5.05384 -2.84846 -4.39345 -0.446164 4.31383e+07 2.68252e+14 0.000161122 0.000553201 1.1136e-15 2.37759e-08 313197 0 0 3.48803e-10 0 0 0.00744712 0 0 0 0 0 0 4.2736e+12 4.2736e+12 4.2736e+12 4.2736e+12 
0.11 -1.73818 -5.03818 -2.8328 -4.37779 -0.461824 4.31404e+07 2.68241e+14 0.000161126 0.000553211 1.11368e-15 2.37753e-08 313203 0 0 3.48837e-10 0 0 0.00744712 0 0 0 0 0 0 4.27372e+12 4.27372e+12 4.27372e+12 4.27372e+12 
0.1105 -1.72252 -5.02252 -2.81713 -4.36213 -0.477485 4.31425e+07 2.68231e+14 0.00016113 0.00055322 1.11376e-15 2.37748e-08 313210 0 0 3.48871e-10 0 0 0.00744712 0 0 0 0 0 0 4.27385e+12 4.27385e+12 4.27385e+12 4.27385e+12 
0.111 -1.70685 -5.00685 -2.80147 -4.34646 -0.493145 4.31446e+07 2.68221e+14 0.000161135 0.000553229 1.11385e-15 2.37743e-08 313217 0 0 3.48905e-10 0 0 0.00744712 0 0 0 0 0 0 4.27397e+12 4.27397e+12 4.27397e+12 4.27397e+12 
0.1115 -1.69119 -4.99119 -2.78581 -4.3308 -0.508806 4.31467e+07 2.6821e+14 0.000161139 0.000553238 1.11393e-15 2.37738e-08 313224 0 0 3.4894e-10 0 0 0.00744712 0 0 0 0 0 0 4.2741e+12 4.2741e+12 4.2741e+12 4.2741e+12 
0.112 -1.67553 -4.97553 -2.77015 -4.31514 -0.524468 4.31488e+07 2.682e+14 0.000161143 0.000553247 1.11402e-15 2.37732e-08 313231 0 0 3.48974e-10 0 0 0.00744712 0 0 0 0 0 0 4.27422e+12 4.27422e+12 4.27422e+12 4.27422e+12 
0.1125 -1.65987 -4.95987 -2.75448 -4.29948 -0.540129 4.31509e+07 2.6819e+14 0.000161148 0.000553256 1.1141e-15 2.37727e-08 313238 0 0 3.49008e-10 0 0 0.00744712 0 0 0 0 0 0 4.27435e+12 4.27435e+12 4.27435e+12 4.27435e+12 
0.113 -1.64421 -4.94421 -2.73882 -4.28381 -0.555792 4.31531e+07 2.68179e+14 0.000161152 0.000553265 1.11419e-15 2.37722e-08 313245 0 0 3.49042e-10 0 0 0.00744712 0 0 0 0 0 0 4.27447e+12 4.27447e+12 4.27447e+12 4.27447e+12 
0.1135 -1.62855 -4.92855 -2.72316 -4.26815 -0.571454 4.31552e+07 2.68169e+14 0.000161156 0.000553275 1.11427e-15 2.37717e-08 313252 0 0 3.49076e-10 0 0 0.00744712 0 0 0 0 0 0 4.2746e+12 4.2746e+12 4.2746e+12 4.2746e+12 
0.114 -1.61288 -4.91288 -2.70749 -4.25249 -0.587117 4.31573e+07 2.68158e+14 0.000161161 0.000553284 1.11436e-15 2.37711e-08 313259 0 0 3.49111e-10 0 0 0.00744712 0 0 0 0 0 0 4.27472e+12 4.27472e+12 4.27472e+12 4.27472e+12 
0.1145 -1.59722 -4.89722 -2.69183 -4.23682 -0.60278 4.31594e+07 2.68148e+14 0.000161165 0.000553293 1.11444e-15 2.37706e-08 313266 0 0 3.49145e-10 0 0 0.00744712 0 0 0 0 0 0 4.27485e+12 4.27485e+12 4.27485e+12 4.27485e+12 
0.115 -1.58156 -4.88156 -2.67616 -4.22116 -0.618443 4.31615e+07 2.68138e+14 0.000161169 0.000553302 1.11452e-15 2.37701e-08 313273 0 0 3.49179e-10 0 0 0.00744712 0 0 0 0 0 0 4.27497e+12 4.27497e+12 4.27497e+12 4.27497e+12 
0.1155 -1.56589 -4.86589 -2.6605 -4.20549 -0.634107 4.31636e+07 2.68127e+14 0.000161174 0.000553311 1.11461e-15 2.37695e-08 313280 0 0 3.49213e-10 0 0 0.00744712 0 0 0 0 0 0 4.27509e+12 4.27509e+12 4.27509e+12 4.27509e+12 
0.116 -1.55023 -4.85023 -2.64483 -4.18983 -0.649771 4.31657e+07 2.68117e+14 0.000161178 0.00055332 1.11469e-15 2.3769e-08 313287 0 0 3.49247e-10 0 0 0.00744712 0 0 0 0 0 0 4.27522e+12 4.27522e+12 4.27522e+12 4.27522e+12 
0.1165 -1.53456 -4.83456 -2.62917 -4.17416 -0.665436 4.31679e+07 2.68107e+14 0.000161182 0.000553329 1.11478e-15 2.37685e-08 313294 0 0 3.49282e-10 0 0 0.00744712 0 0 0 0 0 0 4.27534e+12 4.27534e+12 4.27534e+12 4.27534e+12 
0.117 -1.5189 -4.8189 -2.6135 -4.15849 -0.681101 4.317e+07 2.68096e+14 0.000161187 0.000553339 1.11486e-15 2.3768e-08 313301 0 0 3.49316e-10 0 0 0.00744712 0 0 0 0 0 0 4.27547e+12 4.27547e+12 4.27547e+12 4.27547e+12 
0.1175 -1.50323 -4.80323 -2.59784 -4.14283 -0.696766 4.31721e+07 2.68086e+14 0.000161191 0.000553348 1.11495e-15 2.37674e-08 313307 0 0 3.4935e-10 0 0 0.00744712 0 0 0 0 0 0 4.27559e+12 4.27559e+12 4.27559e+12 4.27559e+12 
0.118 -1.48757 -4.78757 -2.58217 -4.12716 -0.712431 4.31742e+07 2.68076e+14 0.000161195 0.000553357 1.11503e-15 2.37669e-08 313314 0 0 3.49384e-10 0 0 0.00744712 0 0 0 0 0 0 4.27572e+12 4.27572e+12 4.27572e+12 4.27572e+12 
0.1185 -1.4719 -4.7719 -2.5665 -4.11149 -0.728097 4.31763e+07 2.68065e+14 0.0001612 0.000553366 1.11512e-15 2.37664e-08 313321 0 0 3.49418e-10 0 0 0.00744712 0 0 0 0 0 0 4.27584e+12 4.27584e+12 4.27584e+12 4.27584e+12 
0.119 -1.45624 -4.75624 -2.55083 -4.09583 -0.743764 4.31784e+07 2.68055e+14 0.000161204 0.000553375 1.1152e-15 2.37659e-08 313328 0 0 3.49453e-10 0 0 0.00744712 0 0 0 0 0 0 4.27597e+12 4.27597e+12 4.27597e+12 4.27597e+12 
0.1195 -1.44057 -4.74057 -2.53517 -4.08016 -0.75943 4.31805e+07 2.68044e+14 0.000161208 0.000553384 1.11529e-15 2.37653e-08 313335 0 0 3.49487e-10 0 0 0.00744712 0 0 0 0 0 0 4.27609e+12 4.27609e+12 4.27609e+12 4.27609e+12 
0.12 -1.4249 -4.7249 -2.5195 -4.06449 -0.775097 4.31826e+07 2.68034e+14 0.000161213 0.000553394 1.11537e-15 2.37648e-08 313342 0 0 3.49521e-10 0 0 0.00744712 0 0 0 0 0 0 4.27622e+12 4.27622e+12 4.27622e+12 4.27622e+12 
0.1205 -1.40924 -4.70924 -2.50383 -4.04882 -0.790764 4.31848e+07 2.68024e+14 0.000161217 0.000553403 1.11545e-15 2.37643e-08 313349 0 0 3.49555e-10 0 0 0.00744712 0 0 0 0 0 0 4.27634e+12 4.27634e+12 4.27634e+12 4.27634e+12 
0.121 -1.39357 -4.69357 -2.48816 -4.03315 -0.806432 4.31869e+07 2.68013e+14 0.000161221 0.000553412 1.11554e-15 2.37638e-08 313356 0 0 3.49589e-10 0 0 0.00744712 0 0 0 0 0 0 4.27646e+12 4.27646e+12 4.27646e+12 4.27646e+12 
0.1215 -1.3779 -4.6779 -2.47249 -4.01748 -0.8221 4.3189e+07 2.68003e+14 0.000161226 0.000553421 1.11562e-15 2.37632e-08 313363 0 0 3.49624e-10 0 0 0.00744712 0 0 0 0 0 0 4.27659e+12 4.27659e+12 4.27659e+12 4.27659e+12 
0.122 -1.36223 -4.66223 -2.45682 -4.00181 -0.837768 4.31911e+07 2.67993e+14 0.00016123 0.00055343 1.11571e-15 2.37627e-08 313370 0 0 3.49658e-10 0 0 0.00744712 0 0 0 0 0 0 4.27671e+12 4.27671e+12 4.27671e+12 4.27671e+12 
0.1225 -1.34656 -4.64656 -2.44115 -3.98614 -0.853437 4.31932e+07 2.67982e+14 0.000161234 0.000553439 1.11579e-15 2.37622e-08 313377 0 0 3.49692e-10 0 0 0.00744712 0 0 0 0 0 0 4.27684e+12 4.27684e+12 4.27684e+12 4.27684e+12 
0.123 -1.33089 -4.63089 -2.42548 -3.97047 -0.869106 4.31953e+07 2.67972e+14 0.000161239 0.000553448 1.11588e-15 2.37617e-08 313384 0 0 3.49726e-10 0 0 0.00744712 0 0 0 0 0 0 4.27696e+12 4.27696e+12 4.27696e+12 4.27696e+12 
0.1235 -1.31522 -4.61522 -2.40981 -3.9548 -0.884775 4.31974e+07 2.67962e+14 0.000161243 0.000553458 1.11596e-15 2.37611e-08 313391 0 0 3.4976e-10 0 0 0.00744712 0 0 0 0 0 0 4.27709e+12 4.27709e+12 4.27709e+12 4.27709e+12 
0.124 -1.29955 -4.59955 -2.39414 -3.93913 -0.900445 4.31995e+07 2.67951e+14 0.000161247 0.000553467 1.11605e-15 2.37606e-08 313398 0 0 3.49795e-10 0 0 0.00744712 0 0 0 0 0 0 4.27721e+12 4.27721e+12 4.27721e+12 4.27721e+12 
0.1245 -1.28388 -4.58388 -2.37847 -3.92346 -0.916115 4.32016e+07 2.67941e+14 0.000161252 0.000553476 1.11613e-15 2.37601e-08 313404 0 0 3.49829e-10 0 0 0.00744712 0 0 0 0 0 0 4.27734e+12 4.27734e+12 4.27734e+12 4.27734e+12 
0.125 -1.26821 -4.56821 -2.3628 -3.90779 -0.931785 4.32038e+07 2.67931e+14 0.000161256 0.000553485 1.11621e-15 2.37596e-08 313411 0 0 3.49863e-10 0 0 0.00744712 0 0 0 0 0 0 4.27746e+12 4.27746e+12 4.27746e+12 4.27746e+12 
0.1255 -1.25254 -4.55254 -2.34712 -3.89212 -0.947456 4.32059e+07 2.6792e+14 0.00016126 0.000553494 1.1163e-15 2.3759e-08 313418 0 0 3.49897e-10 0 0 0.00744712 0 0 0 0 0 0 4.27759e+12 4.27759e+12 4.27759e+12 4.27759e+12 
0.126 -1.23687 -4.53687 -2.33145 -3.87644 -0.963127 4.3208e+07 2.6791e+14 0.000161265 0.000553503 1.11638e-15 2.37585e-08 313425 0 0 3.49931e-10 0 0 0.00744712 0 0 0 0 0 0 4.27771e+12 4.27771e+12 4.27771e+12 4.27771e+12 
0.1265 -1.2212 -4.5212 -2.31578 -3.86077 -0.978799 4.32101e+07 2.679e+14 0.000161269 0.000553513 1.11647e-15 2.3758e-08 313432 0 0 3.49966e-10 0 0 0.00744712 0 0 0 0 0 0 4.27783e+12 4.27783e+12 4.27783e+12 4.27783e+12 
0.127 -1.20553 -4.50553 -2.30011 -3.8451 -0.994471 4.32122e+07 2.67889e+14 0.000161273 0.000553522 1.11655e-15 2.37575e-08 313439 0 0 3.5e-10 0 0 0.00744712 0 0 0 0 0 0 4.27796e+12 4.27796e+12 4.27796e+12 4.27796e+12 
0.1275 -1.18986 -4.48986 -2.28443 -3.82943 -1.01014 4.32143e+07 2.67879e+14 0.000161278 0.000553531 1.11664e-15 2.37569e-08 313446 0 0 3.50034e-10 0 0 0.00744712 0 0 0 0 0 0 4.27808e+12 4.27808e+12 4.27808e+12 4.27808e+12 
0.128 -1.17418 -4.47418 -2.26876 -3.81375 -1.02582 4.32164e+07 2.67868e+14 0.000161282 0.00055354 1.11672e-15 2.37564e-08 313453 0 0 3.50068e-10 0 0 0.00744712 0 0 0 0 0 0 4.27821e+12 4.27821e+12 4.27821e+12 4.27821e+12 
0.1285 -1.15851 -4.45851 -2.25309 -3.79808 -1.04149 4.32185e+07 2.67858e+14 0.000161286 0.000553549 1.11681e-15 2.37559e-08 313460 0 0 3.50103e-10 0 0 0.00744712 0 0 0 0 0 0 4.27833e+12 4.27833e+12 4.27833e+12 4.27833e+12 
0.129 -1.14284 -4.44284 -2.23741 -3.7824 -1.05716 4.32206e+07 2.67848e+14 0.000161291 0.000553558 1.11689e-15 2.37554e-08 313467 0 0 3.50137e-10 0 0 0.00744712 0 0 0 0 0 0 4.27846e+12 4.27846e+12 4.27846e+12 4.27846e+12 
0.1295 -1.12717 -4.42717 -2.22174 -3.76673 -1.07283 4.32227e+07 2.67837e+14 0.000161295 0.000553567 1.11698e-15 2.37548e-08 313474 0 0 3.50171e-10 0 0 0.00744712 0 0 0 0 0 0 4.27858e+12 4.27858e+12 4.27858e+12 4.27858e+12 
0.13 -1.11149 -4.41149 -2.20606 -3.75105 -1.08851 4.32249e+07 2.67827e+14 0.000161299 0.000553577 1.11706e-15 2.37543e-08 313481 0 0 3.50205e-10 0 0 0.00744712 0 0 0 0 0 0 4.2787e+12 4.2787e+12 4.2787e+12 4.2787e+12 
0.1305 -1.09582 -4.39582 -2.19039 -3.73538 -1.10418 4.3227e+07 2.67817e+14 0.000161304 0.000553586 1.11714e-15 2.37538e-08 313488 0 0 3.50239e-10 0 0 0.00744712 0 0 0 0 0 0 4.27883e+12 4.27883e+12 4.27883e+12 4.27883e+12 
0.131 -1.08014 -4.38014 -2.17471 -3.7197 -1.11986 4.32291e+07 2.67806e+14 0.000161308 0.000553595 1.11723e-15 2.37533e-08 313494 0 0 3.50274e-10 0 0 0.00744712 0 0 0 0 0 0 4.27895e+12 4.27895e+12 4.27895e+12 4.27895e+12 
0.1315 -1.06447 -4.36447 -2.15903 -3.70403 -1.13553 4.32312e+07 2.67796e+14 0.000161312 0.000553604 1.11731e-15 2.37527e-08 313501 0 0 3.50308e-10 0 0 0.00744712 0 0 0 0 0 0 4.27908e+12 4.27908e+12 4.27908e+12 4.27908e+12 
0.132 -1.04879 -4.34879 -2.14336 -3.68835 -1.15121 4.32333e+07 2.67786e+14 0.000161317 0.000553613 1.1174e-15 2.37522e-08 313508 0 0 3.50342e-10 0 0 0.00744712 0 0 0 0 0 0 4.2792e+12 4.2792e+12 4.2792e+12 4.2792e+12 
0.1325 -1.03312 -4.33312 -2.12768 -3.67267 -1.16688 4.32354e+07 2.67775e+14 0.000161321 0.000553622 1.11748e-15 2.37517e-08 313515 0 0 3.50376e-10 0 0 0.00744712 0 0 0 0 0 0 4.27933e+12 4.27933e+12 4.27933e+12 4.27933e+12 
0.133 -1.01744 -4.31744 -2.112 -3.657 -1.18256 4.32375e+07 2.67765e+14 0.000161325 0.000553631 1.11757e-15 2.37512e-08 313522 0 0 3.50411e-10 0 0 0.00744712 0 0 0 0 0 0 4.27945e+12 4.27945e+12 4.27945e+12 4.27945e+12 
0.1335 -1.00176 -4.30176 -2.09633 -3.64132 -1.19824 4.32396e+07 2.67755e+14 0.00016133 0.000553641 1.11765e-15 2.37506e-08 313529 0 0 3.50445e-10 0 0 0.00744712 0 0 0 0 0 0 4.27957e+12 4.27957e+12 4.27957e+12 4.27957e+12 
0.134 -0.986088 -4.28609 -2.08065 -3.62564 -1.21391 4.32417e+07 2.67744e+14 0.000161334 0.00055365 1.11774e-15 2.37501e-08 313536 0 0 3.50479e-10 0 0 0.00744712 0 0 0 0 0 0 4.2797e+12 4.2797e+12 4.2797e+12 4.2797e+12 
0.1345 -0.970411 -4.27041 -2.06497 -3.60996 -1.22959 4.32438e+07 2.67734e+14 0.000161338 0.000553659 1.11782e-15 2.37496e-08 313543 0 0 3.50513e-10 0 0 0.00744712 0 0 0 0 0 0 4.27982e+12 4.27982e+12 4.27982e+12 4.27982e+12 
0.135 -0.954734 -4.25473 -2.04929 -3.59428 -1.24527 4.3246e+07 2.67724e+14 0.000161343 0.000553668 1.1179e-15 2.37491e-08 313550 0 0 3.50547e-10 0 0 0.00744712 0 0 0 0 0 0 4.27995e+12 4.27995e+12 4.27995e+12 4.27995e+12 
0.1355 -0.939056 -4.23906 -2.03361 -3.5786 -1.26094 4.32481e+07 2.67713e+14 0.000161347 0.000553677 1.11799e-15 2.37486e-08 313557 0 0 3.50582e-10 0 0 0.00744712 0 0 0 0 0 0 4.28007e+12 4.28007e+12 4.28007e+12 4.28007e+12 
0.136 -0.923378 -4.22338 -2.01793 -3.56292 -1.27662 4.32502e+07 2.67703e+14 0.000161351 0.000553686 1.11807e-15 2.3748e-08 313564 0 0 3.50616e-10 0 0 0.00744712 0 0 0 0 0 0 4.2802e+12 4.2802e+12 4.2802e+12 4.2802e+12 
0.1365 -0.9077 -4.2077 -2.00225 -3.54725 -1.2923 4.32523e+07 2.67693e+14 0.000161356 0.000553696 1.11816e-15 2.37475e-08 313571 0 0 3.5065e-10 0 0 0.00744712 0 0 0 0 0 0 4.28032e+12 4.28032e+12 4.28032e+12 4.28032e+12 
0.137 -0.892021 -4.19202 -1.98657 -3.53157 -1.30798 4.32544e+07 2.67682e+14 0.00016136 0.000553705 1.11824e-15 2.3747e-08 313578 0 0 3.50684e-10 0 0 0.00744712 0 0 0 0 0 0 4.28044e+12 4.28044e+12 4.28044e+12 4.28044e+12 
0.1375 -0.876342 -4.17634 -1.97089 -3.51589 -1.32366 4.32565e+07 2.67672e+14 0.000161364 0.000553714 1.11833e-15 2.37465e-08 313584 0 0 3.50719e-10 0 0 0.00744712 0 0 0 0 0 0 4.28057e+12 4.28057e+12 4.28057e+12 4.28057e+12 
0.138 -0.860663 -4.16066 -1.95521 -3.5002 -1.33934 4.32586e+07 2.67662e+14 0.000161369 0.000553723 1.11841e-15 2.37459e-08 313591 0 0 3.50753e-10 0 0 0.00744712 0 0 0 0 0 0 4.28069e+12 4.28069e+12 4.28069e+12 4.28069e+12 
0.1385 -0.844983 -4.14498 -1.93953 -3.48452 -1.35502 4.32607e+07 2.67651e+14 0.000161373 0.000553732 1.1185e-15 2.37454e-08 313598 0 0 3.50787e-10 0 0 0.00744712 0 0 0 0 0 0 4.28082e+12 4.28082e+12 4.28082e+12 4.28082e+12 
0.139 -0.829303 -4.1293 -1.92385 -3.46884 -1.3707 4.32628e+07 2.67641e+14 0.000161377 0.000553741 1.11858e-15 2.37449e-08 313605 0 0 3.50821e-10 0 0 0.00744712 0 0 0 0 0 0 4.28094e+12 4.28094e+12 4.28094e+12 4.28094e+12 
0.1395 -0.813622 -4.11362 -1.90817 -3.45316 -1.38638 4.32649e+07 2.67631e+14 0.000161382 0.00055375 1.11867e-15 2.37444e-08 313612 0 0 3.50856e-10 0 0 0.00744712 0 0 0 0 0 0 4.28106e+12 4.28106e+12 4.28106e+12 4.28106e+12 
0.14 -0.797942 -4.09794 -1.89249 -3.43748 -1.40206 4.3267e+07 2.6762e+14 0.000161386 0.00055376 1.11875e-15 2.37438e-08 313619 0 0 3.5089e-10 0 0 0.00744712 0 0 0 0 0 0 4.28119e+12 4.28119e+12 4.28119e+12 4.28119e+12 
0.1405 -0.782261 -4.08226 -1.8768 -3.4218 -1.41774 4.32691e+07 2.6761e+14 0.00016139 0.000553769 1.11883e-15 2.37433e-08 313626 0 0 3.50924e-10 0 0 0.00744712 0 0 0 0 0 0 4.28131e+12 4.28131e+12 4.28131e+12 4.28131e+12 
0.141 -0.766579 -4.06658 -1.86112 -3.40611 -1.43342 4.32712e+07 2.676e+14 0.000161394 0.000553778 1.11892e-15 2.37428e-08 313633 0 0 3.50958e-10 0 0 0.00744712 0 0 0 0 0 0 4.28144e+12 4.28144e+12 4.28144e+12 4.28144e+12 
0.1415 -0.750897 -4.0509 -1.84544 -3.39043 -1.4491 4.32734e+07 2.67589e+14 0.000161399 0.000553787 1.119e-15 2.37423e-08 313640 0 0 3.50993e-10 0 0 0.00744712 0 0 0 0 0 0 4.28156e+12 4.28156e+12 4.28156e+12 4.28156e+12 
0.142 -0.735215 -4.03522 -1.82975 -3.37475 -1.46478 4.32755e+07 2.67579e+14 0.000161403 0.000553796 1.11909e-15 2.37417e-08 313647 0 0 3.51027e-10 0 0 0.00744712 0 0 0 0 0 0 4.28168e+12 4.28168e+12 4.28168e+12 4.28168e+12 
0.1425 -0.719533 -4.01953 -1.81407 -3.35906 -1.48047 4.32776e+07 2.67569e+14 0.000161407 0.000553805 1.11917e-15 2.37412e-08 313654 0 0 3.51061e-10 0 0 0.00744712 0 0 0 0 0 0 4.28181e+12 4.28181e+12 4.28181e+12 4.28181e+12 
0.143 -0.70385 -4.00385 -1.79839 -3.34338 -1.49615 4.32797e+07 2.67558e+14 0.000161412 0.000553815 1.11926e-15 2.37407e-08 313661 0 0 3.51095e-10 0 0 0.00744712 0 0 0 0 0 0 4.28193e+12 4.28193e+12 4.28193e+12 4.28193e+12 
0.1435 -0.688167 -3.98817 -1.7827 -3.32769 -1.51183 4.32818e+07 2.67548e+14 0.000161416 0.000553824 1.11934e-15 2.37402e-08 313667 0 0 3.5113e-10 0 0 0.00744712 0 0 0 0 0 0 4.28206e+12 4.28206e+12 4.28206e+12 4.28206e+12 
0.144 -0.672483 -3.97248 -1.76702 -3.31201 -1.52752 4.32839e+07 2.67538e+14 0.00016142 0.000553833 1.11943e-15 2.37397e-08 313674 0 0 3.51164e-10 0 0 0.00744712 0 0 0 0 0 0 4.28218e+12 4.28218e+12 4.28218e+12 4.28218e+12 
0.1445 -0.656799 -3.9568 -1.75133 -3.29632 -1.5432 4.3286e+07 2.67528e+14 0.000161425 0.000553842 1.11951e-15 2.37391e-08 313681 0 0 3.51198e-10 0 0 0.00744712 0 0 0 0 0 0 4.2823e+12 4.2823e+12 4.2823e+12 4.2823e+12 
0.145 -0.641115 -3.94111 -1.73565 -3.28064 -1.55889 4.32881e+07 2.67517e+14 0.000161429 0.000553851 1.11959e-15 2.37386e-08 313688 0 0 3.51232e-10 0 0 0.00744712 0 0 0 0 0 0 4.28243e+12 4.28243e+12 4.28243e+12 4.28243e+12 
0.1455 -0.62543 -3.92543 -1.71996 -3.26495 -1.57457 4.32902e+07 2.67507e+14 0.000161433 0.00055386 1.11968e-15 2.37381e-08 313695 0 0 3.51267e-10 0 0 0.00744712 0 0 0 0 0 0 4.28255e+12 4.28255e+12 4.28255e+12 4.28255e+12 
0.146 -0.609745 -3.90975 -1.70427 -3.24927 -1.59025 4.32923e+07 2.67497e+14 0.000161438 0.00055387 1.11976e-15 2.37376e-08 313702 0 0 3.51301e-10 0 0 0.00744712 0 0 0 0 0 0 4.28268e+12 4.28268e+12 4.28268e+12 4.28268e+12 
0.1465 -0.59406 -3.89406 -1.68859 -3.23358 -1.60594 4.32944e+07 2.67486e+14 0.000161442 0.000553879 1.11985e-15 2.3737e-08 313709 0 0 3.51335e-10 0 0 0.00744712 0 0 0 0 0 0 4.2828e+12 4.2828e+12 4.2828e+12 4.2828e+12 
0.147 -0.578374 -3.87837 -1.6729 -3.21789 -1.62163 4.32965e+07 2.67476e+14 0.000161446 0.000553888 1.11993e-15 2.37365e-08 313716 0 0 3.51369e-10 0 0 0.00744712 0 0 0 0 0 0 4.28292e+12 4.28292e+12 4.28292e+12 4.28292e+12 
0.1475 -0.562688 -3.86269 -1.65721 -3.20221 -1.63731 4.32986e+07 2.67466e+14 0.000161451 0.000553897 1.12002e-15 2.3736e-08 313723 0 0 3.51404e-10 0 0 0.00744712 0 0 0 0 0 0 4.28305e+12 4.28305e+12 4.28305e+12 4.28305e+12 
0.148 -0.547002 -3.847 -1.64153 -3.18652 -1.653 4.33007e+07 2.67455e+14 0.000161455 0.000553906 1.1201e-15 2.37355e-08 313730 0 0 3.51438e-10 0 0 0.00744712 0 0 0 0 0 0 4.28317e+12 4.28317e+12 4.28317e+12 4.28317e+12 
0.1485 -0.531316 -3.83132 -1.62584 -3.17083 -1.66868 4.33029e+07 2.67445e+14 0.000161459 0.000553915 1.12019e-15 2.37349e-08 313737 0 0 3.51472e-10 0 0 0.00744712 0 0 0 0 0 0 4.2833e+12 4.2833e+12 4.2833e+12 4.2833e+12 
0.149 -0.515628 -3.81563 -1.61015 -3.15514 -1.68437 4.3305e+07 2.67435e+14 0.000161464 0.000553924 1.12027e-15 2.37344e-08 313744 0 0 3.51506e-10 0 0 0.00744712 0 0 0 0 0 0 4.28342e+12 4.28342e+12 4.28342e+12 4.28342e+12 
0.1495 -0.499941 -3.79994 -1.59446 -3.13945 -1.70006 4.33071e+07 2.67424e+14 0.000161468 0.000553934 1.12036e-15 2.37339e-08 313750 0 0 3.51541e-10 0 0 0.00744712 0 0 0 0 0 0 4.28354e+12 4.28354e+12 4.28354e+12 4.28354e+12 
0.15 -0.484253 -3.78425 -1.57877 -3.12377 -1.71575 4.33092e+07 2.67414e+14 0.000161472 0.000553943 1.12044e-15 2.37334e-08 313757 0 0 3.51575e-10 0 0 0.00744712 0 0 0 0 0 0 4.28367e+12 4.28367e+12 4.28367e+12 4.28367e+12 
0.1505 -0.468565 -3.76857 -1.56308 -3.10808 -1.73143 4.33113e+07 2.67404e+14 0.000161477 0.000553952 1.12052e-15 2.37329e-08 313764 0 0 3.51609e-10 0 0 0.00744712 0 0 0 0 0 0 4.28379e+12 4.28379e+12 4.28379e+12 4.28379e+12 
0.151 -0.452877 -3.75288 -1.54739 -3.09239 -1.74712 4.33134e+07 2.67393e+14 0.000161481 0.000553961 1.12061e-15 2.37323e-08 313771 0 0 3.51643e-10 0 0 0.00744712 0 0 0 0 0 0 4.28392e+12 4.28392e+12 4.28392e+12 4.28392e+12 
0.1515 -0.437188 -3.73719 -1.5317 -3.0767 -1.76281 4.33155e+07 2.67383e+14 0.000161485 0.00055397 1.12069e-15 2.37318e-08 313778 0 0 3.51678e-10 0 0 0.00744712 0 0 0 0 0 0 4.28404e+12 4.28404e+12 4.28404e+12 4.28404e+12 
0.152 -0.421499 -3.7215 -1.51601 -3.06101 -1.7785 4.33176e+07 2.67373e+14 0.00016149 0.000553979 1.12078e-15 2.37313e-08 313785 0 0 3.51712e-10 0 0 0.00744712 0 0 0 0 0 0 4.28416e+12 4.28416e+12 4.28416e+12 4.28416e+12 
0.1525 -0.40581 -3.70581 -1.50032 -3.04532 -1.79419 4.33197e+07 2.67363e+14 0.000161494 0.000553989 1.12086e-15 2.37308e-08 313792 0 0 3.51746e-10 0 0 0.00744712 0 0 0 0 0 0 4.28429e+12 4.28429e+12 4.28429e+12 4.28429e+12 
0.153 -0.39012 -3.69012 -1.48463 -3.02962 -1.80988 4.33218e+07 2.67352e+14 0.000161498 0.000553998 1.12095e-15 2.37302e-08 313799 0 0 3.51781e-10 0 0 0.00744712 0 0 0 0 0 0 4.28441e+12 4.28441e+12 4.28441e+12 4.28441e+12 
0.1535 -0.37443 -3.67443 -1.46894 -3.01393 -1.82557 4.33239e+07 2.67342e+14 0.000161503 0.000554007 1.12103e-15 2.37297e-08 313806 0 0 3.51815e-10 0 0 0.00744712 0 0 0 0 0 0 4.28453e+12 4.28453e+12 4.28453e+12 4.28453e+12 
0.154 -0.358739 -3.65874 -1.45325 -2.99824 -1.84126 4.3326e+07 2.67332e+14 0.000161507 0.000554016 1.12112e-15 2.37292e-08 313813 0 0 3.51849e-10 0 0 0.00744712 0 0 0 0 0 0 4.28466e+12 4.28466e+12 4.28466e+12 4.28466e+12 
0.1545 -0.343049 -3.64305 -1.43756 -2.98255 -1.85695 4.33281e+07 2.67321e+14 0.000161511 0.000554025 1.1212e-15 2.37287e-08 313820 0 0 3.51883e-10 0 0 0.00744712 0 0 0 0 0 0 4.28478e+12 4.28478e+12 4.28478e+12 4.28478e+12 
0.155 -0.327357 -3.62736 -1.42186 -2.96686 -1.87264 4.33302e+07 2.67311e+14 0.000161516 0.000554034 1.12129e-15 2.37281e-08 313826 0 0 3.51918e-10 0 0 0.00744712 0 0 0 0 0 0 4.28491e+12 4.28491e+12 4.28491e+12 4.28491e+12 
0.1555 -0.311666 -3.61167 -1.40617 -2.95116 -1.88833 4.33323e+07 2.67301e+14 0.00016152 0.000554043 1.12137e-15 2.37276e-08 313833 0 0 3.51952e-10 0 0 0.00744712 0 0 0 0 0 0 4.28503e+12 4.28503e+12 4.28503e+12 4.28503e+12 
0.156 -0.295974 -3.59597 -1.39048 -2.93547 -1.90403 4.33344e+07 2.6729e+14 0.000161524 0.000554053 1.12145e-15 2.37271e-08 313840 0 0 3.51986e-10 0 0 0.00744712 0 0 0 0 0 0 4.28515e+12 4.28515e+12 4.28515e+12 4.28515e+12 
0.1565 -0.280282 -3.58028 -1.37478 -2.91978 -1.91972 4.33365e+07 2.6728e+14 0.000161529 0.000554062 1.12154e-15 2.37266e-08 313847 0 0 3.5202e-10 0 0 0.00744712 0 0 0 0 0 0 4.28528e+12 4.28528e+12 4.28528e+12 4.28528e+12 
0.157 -0.264589 -3.56459 -1.35909 -2.90408 -1.93541 4.33386e+07 2.6727e+14 0.000161533 0.000554071 1.12162e-15 2.37261e-08 313854 0 0 3.52055e-10 0 0 0.00744712 0 0 0 0 0 0 4.2854e+12 4.2854e+12 4.2854e+12 4.2854e+12 
0.1575 -0.248897 -3.5489 -1.3434 -2.88839 -1.9511 4.33407e+07 2.6726e+14 0.000161537 0.00055408 1.12171e-15 2.37255e-08 313861 0 0 3.52089e-10 0 0 0.00744712 0 0 0 0 0 0 4.28552e+12 4.28552e+12 4.28552e+12 4.28552e+12 
0.158 -0.233203 -3.5332 -1.3277 -2.87269 -1.9668 4.33428e+07 2.67249e+14 0.000161542 0.000554089 1.12179e-15 2.3725e-08 313868 0 0 3.52123e-10 0 0 0.00744712 0 0 0 0 0 0 4.28565e+12 4.28565e+12 4.28565e+12 4.28565e+12 
0.1585 -0.21751 -3.51751 -1.31201 -2.857 -1.98249 4.3345e+07 2.67239e+14 0.000161546 0.000554098 1.12188e-15 2.37245e-08 313875 0 0 3.52158e-10 0 0 0.00744712 0 0 0 0 0 0 4.28577e+12 4.28577e+12 4.28577e+12 4.28577e+12 
0.159 -0.201816 -3.50182 -1.29631 -2.8413 -1.99818 4.33471e+07 2.67229e+14 0.00016155 0.000554108 1.12196e-15 2.3724e-08 313882 0 0 3.52192e-10 0 0 0.00744712 0 0 0 0 0 0 4.2859e+12 4.2859e+12 4.2859e+12 4.2859e+12 
0.1595 -0.186122 -3.48612 -1.28062 -2.82561 -2.01388 4.33492e+07 2.67218e+14 0.000161555 0.000554117 1.12205e-15 2.37234e-08 313889 0 0 3.52226e-10 0 0 0.00744712 0 0 0 0 0 0 4.28602e+12 4.28602e+12 4.28602e+12 4.28602e+12 
0.16 -0.170427 -3.47043 -1.26492 -2.80991 -2.02957 4.33513e+07 2.67208e+14 0.000161559 0.000554126 1.12213e-15 2.37229e-08 313896 0 0 3.5226e-10 0 0 0.00744712 0 0 0 0 0 0 4.28614e+12 4.28614e+12 4.28614e+12 4.28614e+12 
0.1605 -0.154732 -3.45473 -1.24922 -2.79422 -2.04527 4.33534e+07 2.67198e+14 0.000161563 0.000554135 1.12221e-15 2.37224e-08 313902 0 0 3.52295e-10 0 0 0.00744712 0 0 0 0 0 0 4.28627e+12 4.28627e+12 4.28627e+12 4.28627e+12 
0.161 -0.139037 -3.43904 -1.23353 -2.77852 -2.06096 4.33555e+07 2.67187e+14 0.000161568 0.000554144 1.1223e-15 2.37219e-08 313909 0 0 3.52329e-10 0 0 0.00744712 0 0 0 0 0 0 4.28639e+12 4.28639e+12 4.28639e+12 4.28639e+12 
0.1615 -0.123341 -3.42334 -1.21783 -2.76282 -2.07666 4.33576e+07 2.67177e+14 0.000161572 0.000554153 1.12238e-15 2.37214e-08 313916 0 0 3.52363e-10 0 0 0.00744712 0 0 0 0 0 0 4.28651e+12 4.28651e+12 4.28651e+12 4.28651e+12 
0.162 -0.107645 -3.40765 -1.20213 -2.74713 -2.09235 4.33597e+07 2.67167e+14 0.000161576 0.000554163 1.12247e-15 2.37208e-08 313923 0 0 3.52397e-10 0 0 0.00744712 0 0 0 0 0 0 4.28664e+12 4.28664e+12 4.28664e+12 4.28664e+12 
0.1625 -0.0919488 -3.39195 -1.18644 -2.73143 -2.10805 4.33618e+07 2.67157e+14 0.000161581 0.000554172 1.12255e-15 2.37203e-08 313930 0 0 3.52432e-10 0 0 0.00744712 0 0 0 0 0 0 4.28676e+12 4.28676e+12 4.28676e+12 4.28676e+12 
0.163 -0.0762521 -3.37625 -1.17074 -2.71573 -2.12375 4.33639e+07 2.67146e+14 0.000161585 0.000554181 1.12264e-15 2.37198e-08 313937 0 0 3.52466e-10 0 0 0.00744712 0 0 0 0 0 0 4.28688e+12 4.28688e+12 4.28688e+12 4.28688e+12 
0.1635 -0.0605551 -3.36056 -1.15504 -2.70003 -2.13944 4.3366e+07 2.67136e+14 0.000161589 0.00055419 1.12272e-15 2.37193e-08 313944 0 0 3.525e-10 0 0 0.00744712 0 0 0 0 0 0 4.28701e+12 4.28701e+12 4.28701e+12 4.28701e+12 
0.164 -0.0448577 -3.34486 -1.13934 -2.68433 -2.15514 4.33681e+07 2.67126e+14 0.000161594 0.000554199 1.12281e-15 2.37188e-08 313951 0 0 3.52535e-10 0 0 0.00744712 0 0 0 0 0 0 4.28713e+12 4.28713e+12 4.28713e+12 4.28713e+12 
0.1645 -0.02916 -3.32916 -1.12364 -2.66864 -2.17084 4.33702e+07 2.67115e+14 0.000161598 0.000554208 1.12289e-15 2.37182e-08 313958 0 0 3.52569e-10 0 0 0.00744712 0 0 0 0 0 0 4.28726e+12 4.28726e+12 4.28726e+12 4.28726e+12 
0.165 -0.0134619 -3.31346 -1.10794 -2.65294 -2.18654 4.33723e+07 2.67105e+14 0.000161602 0.000554217 1.12298e-15 2.37177e-08 313965 0 0 3.52603e-10 0 0 0.00744712 0 0 0 0 0 0 4.28738e+12 4.28738e+12 4.28738e+12 4.28738e+12 
0.1655 0.00223647 -3.29776 -1.09224 -2.63724 -2.20224 4.33744e+07 2.67095e+14 0.000161607 0.000554227 1.12306e-15 2.37172e-08 313972 0 0 3.52638e-10 0 0 0.00744712 0 0 0 0 0 0 4.2875e+12 4.2875e+12 4.2875e+12 4.2875e+12 
0.166 0.0179352 -3.28206 -1.07654 -2.62154 -2.21794 4.33765e+07 2.67085e+14 0.000161611 0.000554236 1.12314e-15 2.37167e-08 313978 0 0 3.52672e-10 0 0 0.00744712 0 0 0 0 0 0 4.28763e+12 4.28763e+12 4.28763e+12 4.28763e+12 
0.1665 0.0336343 -3.26637 -1.06084 -2.60584 -2.23363 4.33786e+07 2.67074e+14 0.000161615 0.000554245 1.12323e-15 2.37161e-08 313985 0 0 3.52706e-10 0 0 0.00744712 0 0 0 0 0 0 4.28775e+12 4.28775e+12 4.28775e+12 4.28775e+12 
0.167 0.0493338 -3.25067 -1.04514 -2.59014 -2.24933 4.33807e+07 2.67064e+14 0.00016162 0.000554254 1.12331e-15 2.37156e-08 313992 0 0 3.5274e-10 0 0 0.00744712 0 0 0 0 0 0 4.28787e+12 4.28787e+12 4.28787e+12 4.28787e+12 
0.1675 0.0650335 -3.23497 -1.02944 -2.57443 -2.26503 4.33828e+07 2.67054e+14 0.000161624 0.000554263 1.1234e-15 2.37151e-08 313999 0 0 3.52775e-10 0 0 0.00744712 0 0 0 0 0 0 4.288e+12 4.288e+12 4.288e+12 4.288e+12 
0.168 0.0807337 -3.21927 -1.01374 -2.55873 -2.28073 4.33849e+07 2.67043e+14 0.000161628 0.000554272 1.12348e-15 2.37146e-08 314006 0 0 3.52809e-10 0 0 0.00744712 0 0 0 0 0 0 4.28812e+12 4.28812e+12 4.28812e+12 4.28812e+12 
0.1685 0.0964341 -3.20357 -0.998037 -2.54303 -2.29643 4.3387e+07 2.67033e+14 0.000161633 0.000554282 1.12357e-15 2.37141e-08 314013 0 0 3.52843e-10 0 0 0.00744712 0 0 0 0 0 0 4.28824e+12 4.28824e+12 4.28824e+12 4.28824e+12 
0.169 0.112135 -3.18787 -0.982335 -2.52733 -2.31213 4.33891e+07 2.67023e+14 0.000161637 0.000554291 1.12365e-15 2.37135e-08 314020 0 0 3.52878e-10 0 0 0.00744712 0 0 0 0 0 0 4.28837e+12 4.28837e+12 4.28837e+12 4.28837e+12 
0.1695 0.127836 -3.17216 -0.966632 -2.51163 -2.32784 4.33912e+07 2.67013e+14 0.000161641 0.0005543 1.12374e-15 2.3713e-08 314027 0 0 3.52912e-10 0 0 0.00744712 0 0 0 0 0 0 4.28849e+12 4.28849e+12 4.28849e+12 4.28849e+12 
0.17 0.143538 -3.15646 -0.95093 -2.49592 -2.34354 4.33933e+07 2.67002e+14 0.000161646 0.000554309 1.12382e-15 2.37125e-08 314034 0 0 3.52946e-10 0 0 0.00744712 0 0 0 0 0 0 4.28861e+12 4.28861e+12 4.28861e+12 4.28861e+12 
0.1705 0.159239 -3.14076 -0.935226 -2.48022 -2.35924 4.33954e+07 2.66992e+14 0.00016165 0.000554318 1.12391e-15 2.3712e-08 314041 0 0 3.5298e-10 0 0 0.00744712 0 0 0 0 0 0 4.28874e+12 4.28874e+12 4.28874e+12 4.28874e+12 
0.171 0.174942 -3.12506 -0.919523 -2.46452 -2.37494 4.33975e+07 2.66982e+14 0.000161654 0.000554327 1.12399e-15 2.37115e-08 314047 0 0 3.53015e-10 0 0 0.00744712 0 0 0 0 0 0 4.28886e+12 4.28886e+12 4.28886e+12 4.28886e+12 
0.1715 0.190644 -3.10936 -0.903819 -2.44881 -2.39064 4.33996e+07 2.66971e+14 0.000161659 0.000554337 1.12407e-15 2.37109e-08 314054 0 0 3.53049e-10 0 0 0.00744712 0 0 0 0 0 0 4.28898e+12 4.28898e+12 4.28898e+12 4.28898e+12 
0.172 0.206347 -3.09365 -0.888115 -2.43311 -2.40635 4.34017e+07 2.66961e+14 0.000161663 0.000554346 1.12416e-15 2.37104e-08 314061 0 0 3.53083e-10 0 0 0.00744712 0 0 0 0 0 0 4.28911e+12 4.28911e+12 4.28911e+12 4.28911e+12 
0.1725 0.22205 -3.07795 -0.87241 -2.4174 -2.42205 4.34038e+07 2.66951e+14 0.000161667 0.000554355 1.12424e-15 2.37099e-08 314068 0 0 3.53118e-10 0 0 0.00744712 0 0 0 0 0 0 4.28923e+12 4.28923e+12 4.28923e+12 4.28923e+12 
0.173 0.237754 -3.06225 -0.856706 -2.4017 -2.43775 4.34059e+07 2.66941e+14 0.000161672 0.000554364 1.12433e-15 2.37094e-08 314075 0 0 3.53152e-10 0 0 0.00744712 0 0 0 0 0 0 4.28935e+12 4.28935e+12 4.28935e+12 4.28935e+12 
0.1735 0.253458 -3.04654 -0.841 -2.38599 -2.45346 4.3408e+07 2.6693e+14 0.000161676 0.000554373 1.12441e-15 2.37089e-08 314082 0 0 3.53186e-10 0 0 0.00744712 0 0 0 0 0 0 4.28948e+12 4.28948e+12 4.28948e+12 4.28948e+12 
0.174 0.269162 -3.03084 -0.825295 -2.37029 -2.46916 4.34101e+07 2.6692e+14 0.00016168 0.000554382 1.1245e-15 2.37083e-08 314089 0 0 3.53221e-10 0 0 0.00744712 0 0 0 0 0 0 4.2896e+12 4.2896e+12 4.2896e+12 4.2896e+12 
0.1745 0.284867 -3.01513 -0.809589 -2.35458 -2.48487 4.34122e+07 2.6691e+14 0.000161685 0.000554391 1.12458e-15 2.37078e-08 314096 0 0 3.53255e-10 0 0 0.00744712 0 0 0 0 0 0 4.28972e+12 4.28972e+12 4.28972e+12 4.28972e+12 
0.175 0.300572 -2.99943 -0.793883 -2.33888 -2.50057 4.34143e+07 2.669e+14 0.000161689 0.000554401 1.12467e-15 2.37073e-08 314103 0 0 3.53289e-10 0 0 0.00744712 0 0 0 0 0 0 4.28985e+12 4.28985e+12 4.28985e+12 4.28985e+12 
0.1755 0.316277 -2.98372 -0.778176 -2.32317 -2.51628 4.34164e+07 2.66889e+14 0.000161693 0.00055441 1.12475e-15 2.37068e-08 314110 0 0 3.53324e-10 0 0 0.00744712 0 0 0 0 0 0 4.28997e+12 4.28997e+12 4.28997e+12 4.28997e+12 
0.176 0.331983 -2.96802 -0.762469 -2.30746 -2.53198 4.34185e+07 2.66879e+14 0.000161698 0.000554419 1.12484e-15 2.37062e-08 314116 0 0 3.53358e-10 0 0 0.00744712 0 0 0 0 0 0 4.29009e+12 4.29009e+12 4.29009e+12 4.29009e+12 
0.1765 0.347689 -2.95231 -0.746762 -2.29176 -2.54769 4.34206e+07 2.66869e+14 0.000161702 0.000554428 1.12492e-15 2.37057e-08 314123 0 0 3.53392e-10 0 0 0.00744712 0 0 0 0 0 0 4.29022e+12 4.29022e+12 4.29022e+12 4.29022e+12 
0.177 0.363395 -2.9366 -0.731054 -2.27605 -2.5634 4.34227e+07 2.66858e+14 0.000161706 0.000554437 1.125e-15 2.37052e-08 314130 0 0 3.53427e-10 0 0 0.00744712 0 0 0 0 0 0 4.29034e+12 4.29034e+12 4.29034e+12 4.29034e+12 
0.1775 0.379102 -2.9209 -0.715346 -2.26034 -2.5791 4.34248e+07 2.66848e+14 0.000161711 0.000554446 1.12509e-15 2.37047e-08 314137 0 0 3.53461e-10 0 0 0.00744712 0 0 0 0 0 0 4.29046e+12 4.29046e+12 4.29046e+12 4.29046e+12 
0.178 0.394809 -2.90519 -0.699638 -2.24463 -2.59481 4.34269e+07 2.66838e+14 0.000161715 0.000554456 1.12517e-15 2.37042e-08 314144 0 0 3.53495e-10 0 0 0.00744712 0 0 0 0 0 0 4.29059e+12 4.29059e+12 4.29059e+12 4.29059e+12 
0.1785 0.410516 -2.88948 -0.683929 -2.22892 -2.61052 4.3429e+07 2.66828e+14 0.000161719 0.000554465 1.12526e-15 2.37036e-08 314151 0 0 3.53529e-10 0 0 0.00744712 0 0 0 0 0 0 4.29071e+12 4.29071e+12 4.29071e+12 4.29071e+12 
0.179 0.426224 -2.87378 -0.66822 -2.21322 -2.62622 4.34311e+07 2.66817e+14 0.000161724 0.000554474 1.12534e-15 2.37031e-08 314158 0 0 3.53564e-10 0 0 0.00744712 0 0 0 0 0 0 4.29083e+12 4.29083e+12 4.29083e+12 4.29083e+12 
0.1795 0.441932 -2.85807 -0.652511 -2.19751 -2.64193 4.34332e+07 2.66807e+14 0.000161728 0.000554483 1.12543e-15 2.37026e-08 314165 0 0 3.53598e-10 0 0 0.00744712 0 0 0 0 0 0 4.29096e+12 4.29096e+12 4.29096e+12 4.29096e+12 
0.18 0.45764 -2.84236 -0.636801 -2.1818 -2.65764 4.34353e+07 2.66797e+14 0.000161732 0.000554492 1.12551e-15 2.37021e-08 314172 0 0 3.53632e-10 0 0 0.00744712 0 0 0 0 0 0 4.29108e+12 4.29108e+12 4.29108e+12 4.29108e+12 
0.1805 0.473349 -2.82665 -0.621091 -2.16609 -2.67335 4.34374e+07 2.66787e+14 0.000161737 0.000554501 1.1256e-15 2.37016e-08 314179 0 0 3.53667e-10 0 0 0.00744712 0 0 0 0 0 0 4.2912e+12 4.2912e+12 4.2912e+12 4.2912e+12 
0.181 0.489058 -2.81094 -0.605381 -2.15038 -2.68906 4.34395e+07 2.66776e+14 0.000161741 0.000554511 1.12568e-15 2.3701e-08 314185 0 0 3.53701e-10 0 0 0.00744712 0 0 0 0 0 0 4.29133e+12 4.29133e+12 4.29133e+12 4.29133e+12 
0.1815 0.504768 -2.79523 -0.58967 -2.13467 -2.70477 4.34416e+07 2.66766e+14 0.000161745 0.00055452 1.12577e-15 2.37005e-08 314192 0 0 3.53735e-10 0 0 0.00744712 0 0 0 0 0 0 4.29145e+12 4.29145e+12 4.29145e+12 4.29145e+12 
0.182 0.520477 -2.77952 -0.573959 -2.11895 -2.72048 4.34437e+07 2.66756e+14 0.00016175 0.000554529 1.12585e-15 2.37e-08 314199 0 0 3.5377e-10 0 0 0.00744712 0 0 0 0 0 0 4.29157e+12 4.29157e+12 4.29157e+12 4.29157e+12 
0.1825 0.536188 -2.76381 -0.558248 -2.10324 -2.73619 4.34458e+07 2.66746e+14 0.000161754 0.000554538 1.12593e-15 2.36995e-08 314206 0 0 3.53804e-10 0 0 0.00744712 0 0 0 0 0 0 4.29169e+12 4.29169e+12 4.29169e+12 4.29169e+12 
0.183 0.551898 -2.7481 -0.542536 -2.08753 -2.7519 4.34479e+07 2.66735e+14 0.000161758 0.000554547 1.12602e-15 2.3699e-08 314213 0 0 3.53838e-10 0 0 0.00744712 0 0 0 0 0 0 4.29182e+12 4.29182e+12 4.29182e+12 4.29182e+12 
0.1835 0.567609 -2.73239 -0.526824 -2.07182 -2.76761 4.345e+07 2.66725e+14 0.000161763 0.000554556 1.1261e-15 2.36984e-08 314220 0 0 3.53873e-10 0 0 0.00744712 0 0 0 0 0 0 4.29194e+12 4.29194e+12 4.29194e+12 4.29194e+12 
0.184 0.58332 -2.71668 -0.511112 -2.05611 -2.78332 4.34521e+07 2.66715e+14 0.000161767 0.000554566 1.12619e-15 2.36979e-08 314227 0 0 3.53907e-10 0 0 0.00744712 0 0 0 0 0 0 4.29206e+12 4.29206e+12 4.29206e+12 4.29206e+12 
0.1845 0.599031 -2.70097 -0.495399 -2.04039 -2.79903 4.34542e+07 2.66705e+14 0.000161771 0.000554575 1.12627e-15 2.36974e-08 314234 0 0 3.53941e-10 0 0 0.00744712 0 0 0 0 0 0 4.29219e+12 4.29219e+12 4.29219e+12 4.29219e+12 
0.185 0.614743 -2.68526 -0.479686 -2.02468 -2.81474 4.34563e+07 2.66694e+14 0.000161775 0.000554584 1.12636e-15 2.36969e-08 314241 0 0 3.53976e-10 0 0 0.00744712 0 0 0 0 0 0 4.29231e+12 4.29231e+12 4.29231e+12 4.29231e+12 
0.1855 0.630456 -2.66954 -0.463972 -2.00897 -2.83046 4.34584e+07 2.66684e+14 0.00016178 0.000554593 1.12644e-15 2.36964e-08 314247 0 0 3.5401e-10 0 0 0.00744712 0 0 0 0 0 0 4.29243e+12 4.29243e+12 4.29243e+12 4.29243e+12 
0.186 0.646168 -2.65383 -0.448258 -1.99325 -2.84617 4.34605e+07 2.66674e+14 0.000161784 0.000554602 1.12653e-15 2.36958e-08 314254 0 0 3.54044e-10 0 0 0.00744712 0 0 0 0 0 0 4.29256e+12 4.29256e+12 4.29256e+12 4.29256e+12 
0.1865 0.661881 -2.63812 -0.432544 -1.97754 -2.86188 4.34626e+07 2.66664e+14 0.000161788 0.000554611 1.12661e-15 2.36953e-08 314261 0 0 3.54079e-10 0 0 0.00744712 0 0 0 0 0 0 4.29268e+12 4.29268e+12 4.29268e+12 4.29268e+12 
0.187 0.677594 -2.62241 -0.41683 -1.96182 -2.87759 4.34647e+07 2.66653e+14 0.000161793 0.00055462 1.1267e-15 2.36948e-08 314268 0 0 3.54113e-10 0 0 0.00744712 0 0 0 0 0 0 4.2928e+12 4.2928e+12 4.2928e+12 4.2928e+12 
0.1875 0.693308 -2.60669 -0.401115 -1.94611 -2.89331 4.34668e+07 2.66643e+14 0.000161797 0.00055463 1.12678e-15 2.36943e-08 314275 0 0 3.54147e-10 0 0 0.00744712 0 0 0 0 0 0 4.29293e+12 4.29293e+12 4.29293e+12 4.29293e+12 
0.188 0.709022 -2.59098 -0.3854 -1.93039 -2.90902 4.34689e+07 2.66633e+14 0.000161801 0.000554639 1.12686e-15 2.36938e-08 314282 0 0 3.54182e-10 0 0 0.00744712 0 0 0 0 0 0 4.29305e+12 4.29305e+12 4.29305e+12 4.29305e+12 
0.1885 0.724736 -2.57526 -0.369684 -1.91468 -2.92474 4.3471e+07 2.66622e+14 0.000161806 0.000554648 1.12695e-15 2.36932e-08 314289 0 0 3.54216e-10 0 0 0.00744712 0 0 0 0 0 0 4.29317e+12 4.29317e+12 4.29317e+12 4.29317e+12 
0.189 0.740451 -2.55955 -0.353968 -1.89896 -2.94045 4.34731e+07 2.66612e+14 0.00016181 0.000554657 1.12703e-15 2.36927e-08 314296 0 0 3.5425e-10 0 0 0.00744712 0 0 0 0 0 0 4.29329e+12 4.29329e+12 4.29329e+12 4.29329e+12 
0.1895 0.756166 -2.54383 -0.338252 -1.88325 -2.95617 4.34752e+07 2.66602e+14 0.000161814 0.000554666 1.12712e-15 2.36922e-08 314303 0 0 3.54285e-10 0 0 0.00744712 0 0 0 0 0 0 4.29341e+12 4.29341e+12 4.29341e+12 4.29341e+12 
0.19 0.771881 -2.52812 -0.322535 -1.86753 -2.97188 4.34773e+07 2.66591e+14 0.000161819 0.000554675 1.1272e-15 2.36916e-08 314310 0 0 3.54319e-10 0 0 0.00744712 0 0 0 0 0 0 4.29353e+12 4.29353e+12 4.29353e+12 4.29353e+12 
0.1905 0.787597 -2.5124 -0.306819 -1.85181 -2.9876 4.34794e+07 2.6658e+14 0.000161823 0.000554684 1.12729e-15 2.36911e-08 314316 0 0 3.54353e-10 0 0 0.00744712 0 0 0 0 0 0 4.29364e+12 4.29364e+12 4.29364e+12 4.29364e+12 
0.191 0.803313 -2.49669 -0.291101 -1.8361 -3.00331 4.34815e+07 2.66569e+14 0.000161827 0.000554693 1.12737e-15 2.36904e-08 314323 0 0 3.54388e-10 0 0 0.00744712 0 0 0 0 0 0 4.29375e+12 4.29375e+12 4.29375e+12 4.29375e+12 
0.1915 0.819029 -2.48097 -0.275384 -1.82038 -3.01903 4.34836e+07 2.66557e+14 0.000161832 0.000554701 1.12746e-15 2.36897e-08 314330 0 0 3.54422e-10 0 0 0.00744712 0 0 0 0 0 0 4.29384e+12 4.29384e+12 4.29384e+12 4.29384e+12 
0.192 0.834746 -2.46525 -0.259666 -1.80466 -3.03475 4.34857e+07 2.66544e+14 0.000161836 0.000554709 1.12754e-15 2.36889e-08 314337 0 0 3.54456e-10 0 0 0.00744712 0 0 0 0 0 0 4.29391e+12 4.29391e+12 4.29391e+12 4.29391e+12 
0.1925 0.850463 -2.44954 -0.243947 -1.78894 -3.05046 4.34878e+07 2.66528e+14 0.00016184 0.000554715 1.12763e-15 2.36877e-08 314344 0 0 3.54491e-10 0 0 0.00744712 0 0 0 0 0 0 4.29392e+12 4.29392e+12 4.29392e+12 4.29392e+12 
0.193 0.86618 -2.43382 -0.228229 -1.77322 -3.06618 4.34899e+07 2.66507e+14 0.000161845 0.000554718 1.12771e-15 2.3686e-08 314351 0 0 3.54525e-10 0 0 0.00744712 0 0 0 0 0 0 4.29384e+12 4.29384e+12 4.29384e+12 4.29384e+12 
0.1935 0.881898 -2.4181 -0.21251 -1.7575 -3.0819 4.3492e+07 2.66477e+14 0.000161849 0.000554717 1.12779e-15 2.36833e-08 314358 0 0 3.54559e-10 0 0 0.00744712 0 0 0 0 0 0 4.29358e+12 4.29358e+12 4.29358e+12 4.29358e+12 
0.194 0.897616 -2.40238 -0.19679 -1.74178 -3.09762 4.34941e+07 2.6643e+14 0.000161853 0.000554707 1.12788e-15 2.36787e-08 314365 0 0 3.54594e-10 0 0 0.00744712 0 0 0 0 0 0 4.29299e+12 4.29299e+12 4.29299e+12 4.29299e+12 
0.1945 0.913334 -2.38667 -0.181071 -1.72605 -3.11333 4.34962e+07 2.66351e+14 0.000161858 0.00055468 1.12796e-15 2.36704e-08 314372 0 0 3.54628e-10 0 0 0.00744712 0 0 0 0 0 0 4.29178e+12 4.29178e+12 4.29178e+12 4.29178e+12 
0.195 0.929053 -2.37095 -0.165351 -1.71031 -3.12905 4.34983e+07 2.66211e+14 0.000161862 0.000554622 1.12805e-15 2.36556e-08 314378 0 0 3.54662e-10 0 0 0.00744712 0 0 0 0 0 0 4.28942e+12 4.28942e+12 4.28942e+12 4.28942e+12 
0.1955 0.944772 -2.35523 -0.14963 -1.69456 -3.14477 4.35004e+07 2.6596e+14 0.000161866 0.000554504 1.12813e-15 2.36282e-08 314385 0 0 3.54697e-10 0 0 0.00744712 0 0 0 0 0 0 4.2849e+12 4.2849e+12 4.2849e+12 4.2849e+12 
0.196 0.960491 -2.33951 -0.13391 -1.67879 -3.16049 4.35025e+07 2.65499e+14 0.000161871 0.000554278 1.12822e-15 2.35777e-08 314392 0 0 3.54731e-10 0 0 0.00744712 0 0 0 0 0 0 4.27635e+12 4.27635e+12 4.27635e+12 4.27635e+12 
0.1965 0.976211 -2.32379 -0.118189 -1.66296 -3.17621 4.35045e+07 2.64648e+14 0.000161875 0.000553845 1.1283e-15 2.34837e-08 314399 0 0 3.54765e-10 0 0 0.00744712 0 0 0 0 0 0 4.2603e+12 4.2603e+12 4.2603e+12 4.2603e+12 
0.197 0.991931 -2.30807 -0.102467 -1.64705 -3.19193 4.35066e+07 2.63065e+14 0.000161879 0.000553027 1.12838e-15 2.33088e-08 314406 0 0 3.54799e-10 0 0 0.00744712 0 0 0 0 0 0 4.23021e+12 4.23021e+12 4.23021e+12 4.23021e+12 
0.1975 1.00765 -2.29235 -0.0867456 -1.63096 -3.20765 4.35087e+07 2.60112e+14 0.000161884 0.00055148 1.12847e-15 2.29827e-08 314413 0 0 3.54833e-10 0 0 0.00744712 0 0 0 0 0 0 4.17389e+12 4.17389e+12 4.17389e+12 4.17389e+12 
0.198 1.02337 -2.27663 -0.0710236 -1.61454 -3.22337 4.35107e+07 2.54581e+14 0.000161886 0.000548536 1.12854e-15 2.23739e-08 314416 0 0 3.54849e-10 0 0 0.00744712 0 0 0 0 0 0 4.06848e+12 4.06848e+12 4.06848e+12 4.06848e+12 
0.198 1.02337 -2.27663 -0.0710236 -1.61454 -3.22337 4.35107e+07 2.54581e+14 0.000161889 0.000548549 1.12856e-15 2.23744e-08 314422 0 0 3.54879e-10 0 0 0.00744712 0 0 0 0 0 0 4.06857e+12 4.06857e+12 4.06857e+12 4.06857e+12 
0.198409 1.03624 -2.26376 -0.058151 -1.60065 -3.23624 4.35124e+07 2.46687e+14 0.000161891 0.00054428 1.12862e-15 2.15119e-08 314425 0 0 3.54892e-10 0 0 0.00744711 0 0 0 0 0 0 3.91889e+12 3.91889e+12 3.91889e+12 3.91889e+12 
0.198752 1.04701 -2.25299 -0.0473862 -1.58847 -3.24701 4.35137e+07 2.36191e+14 0.000161894 0.000538486 1.12867e-15 2.03774e-08 314429 0 0 3.54913e-10 0 0 0.00744711 0 0 0 0 0 0 3.72149e+12 3.72149e+12 3.72149e+12 3.72149e+12 
0.199038 1.05601 -2.24399 -0.038384 -1.57764 -3.25601 4.35148e+07 2.23195e+14 0.000161896 0.000531104 1.12871e-15 1.89921e-08 314432 0 0 3.54929e-10 0 0 0.00744711 0 0 0 0 0 0 3.47975e+12 3.47975e+12 3.47975e+12 3.47975e+12 
0.199277 1.06354 -2.23646 -0.0308558 -1.56785 -3.26354 4.35157e+07 2.08015e+14 0.000161898 0.000522164 1.12875e-15 1.74025e-08 314435 0 0 3.54942e-10 0 0 0.0074471 0 0 0 0 0 0 3.20132e+12 3.20132e+12 3.20132e+12 3.20132e+12 
0.199478 1.06983 -2.23017 -0.0245604 -1.55883 -3.26983 4.35164e+07 1.91117e+14 0.000161899 0.000511765 1.12877e-15 1.56704e-08 314437 0 0 3.54952e-10 0 0 0.00744708 0 0 0 0 0 0 2.8966e+12 2.8966e+12 2.8966e+12 2.8966e+12 
0.199645 1.0751 -2.2249 -0.0192958 -1.55039 -3.2751 4.3517e+07 1.73035e+14 0.0001619 0.000500036 1.1288e-15 1.38627e-08 314439 0 0 3.54959e-10 0 0 0.00744705 0 0 0 0 0 0 2.57693e+12 2.57693e+12 2.57693e+12 2.57693e+12 
0.199785 1.0795 -2.2205 -0.0148933 -1.54234 -3.2795 4.35174e+07 1.54306e+14 0.000161901 0.000487117 1.12881e-15 1.20428e-08 314440 0 0 3.54965e-10 0 0 0.007447 0 0 0 0 0 0 2.25319e+12 2.25319e+12 2.25319e+12 2.25319e+12 
0.199902 1.08318 -2.21682 -0.0112117 -1.53452 -3.28318 4.35178e+07 1.35417e+14 0.000161901 0.000473129 1.12883e-15 1.02651e-08 314441 0 0 3.54968e-10 0 0 0.0074469 0 0 0 0 0 0 1.93477e+12 1.93477e+12 1.93477e+12 1.93477e+12 
0.2 1.08626 -2.21374 -0.0081329 -1.52678 -3.28626 4.3518e+07 1.16776e+14 0.000161901 0.000458152 1.12883e-15 8.57183e-09 314441 0 0 3.5497e-10 0 0 0.00744684 0 0 0 0 0 0 1.62909e+12 1.62909e+12 1.62909e+12 1.62909e+12 