# ASCII 1D datafile generated by TiberCAD
# x Ec Ev eQFermi hQFermi ElPotential eDensity hDensity eMobility hMobility eConductivity hConductivity ElField_x ElField_y ElField_z eCurrentDensity_x eCurrentDensity_y eCurrentDensity_z hCurrentDensity_x hCurrentDensity_y hCurrentDensity_z IonizedDonors IonizedAcceptors IonizedElectronTraps IonizedHoleTraps eNetRecombination eLangevinRecombination hNetRecombination hLangevinRecombination 
0 2.525 -0.775 4.38314e-06 -0.125676 -4.725 4.45882e-17 3.75876e+14 8.31935e-05 0.000331808 8.01088e-23 1.99821e-08 -68999.2 0 0 2.33559e-34 0 0 -3.03963e-17 0 0 0 0 0 0 3.5959e-12 3.5959e-12 3.5959e-12 3.5959e-12 
9.79066e-05 2.52432 -0.775676 4.38314e-06 -0.125676 -4.72432 4.57687e-17 3.68267e+14 8.31934e-05 0.000329993 8.01088e-23 1.94705e-08 -68998.3 0 0 2.3699e-34 0 0 -3.09876e-18 0 0 0 0 0 0 3.60057e-12 3.60057e-12 3.60057e-12 3.60057e-12 
0.000214985 2.52352 -0.776483 4.38314e-06 -0.125676 -4.72352 4.72214e-17 3.59361e+14 8.31932e-05 0.000327843 8.01088e-23 1.88759e-08 -68996.1 0 0 2.41093e-34 0 0 1.60893e-17 0 0 0 0 0 0 3.60615e-12 3.60615e-12 3.60615e-12 3.60615e-12 
0.000354988 2.52255 -0.777449 4.38314e-06 -0.125676 -4.72255 4.90192e-17 3.48982e+14 8.3193e-05 0.0003253 8.01088e-23 1.81885e-08 -68993.5 0 0 2.37662e-34 0 0 -1.24868e-17 0 0 0 0 0 0 3.61283e-12 3.61283e-12 3.61283e-12 3.61283e-12 
0.000522406 2.5214 -0.778604 4.38314e-06 -0.125676 -4.7214 5.1259e-17 3.36946e+14 8.31928e-05 0.0003223 8.01088e-23 1.73993e-08 -68990.5 0 0 2.3699e-34 0 0 -1.49319e-17 0 0 0 0 0 0 3.62082e-12 3.62082e-12 3.62082e-12 3.62082e-12 
0.000722606 2.52001 -0.779986 4.38314e-06 -0.125676 -4.72001 5.40721e-17 3.23073e+14 8.31925e-05 0.000318769 8.01088e-23 1.65001e-08 -68987.1 0 0 2.39378e-34 0 0 0 0 0 0 0 0 0 3.63037e-12 3.63037e-12 3.63037e-12 3.63037e-12 
0.000962009 2.51836 -0.781637 4.38314e-06 -0.125676 -4.71836 5.76391e-17 3.07199e+14 8.31922e-05 0.000314626 8.01088e-23 1.54855e-08 -68983.2 0 0 2.35611e-34 0 0 -5.23484e-18 0 0 0 0 0 0 3.6418e-12 3.6418e-12 3.6418e-12 3.6418e-12 
0.00124829 2.51639 -0.783612 4.38314e-06 -0.125676 -4.71639 6.22146e-17 2.89195e+14 8.31918e-05 0.000309782 8.01088e-23 1.43535e-08 -68978.8 0 0 2.32701e-34 0 0 -6.25989e-18 0 0 0 0 0 0 3.65545e-12 3.65545e-12 3.65545e-12 3.65545e-12 
0.00159063 2.51403 -0.785973 4.38314e-06 -0.125676 -4.71403 6.81648e-17 2.68988e+14 8.31915e-05 0.000304143 8.01088e-23 1.31076e-08 -68973.8 0 0 2.30818e-34 0 0 -4.36238e-18 0 0 0 0 0 0 3.67176e-12 3.67176e-12 3.67176e-12 3.67176e-12 
0.002 2.5112 -0.788797 4.38314e-06 -0.125676 -4.7112 7.60313e-17 2.46594e+14 8.31913e-05 0.000297614 8.01088e-23 1.17584e-08 -68971 0 0 2.29792e-34 0 0 -9.57897e-18 0 0 0 0 0 0 3.69124e-12 3.69124e-12 3.69124e-12 3.69124e-12 
0.002 2.5112 -0.788797 4.38314e-06 -0.125676 -4.7112 7.60313e-17 2.46594e+14 8.31908e-05 0.000297612 8.01088e-23 1.17583e-08 -68965.2 0 0 2.30734e-34 0 0 -4.24806e-18 0 0 0 0 0 0 3.69122e-12 3.69122e-12 3.69122e-12 3.69122e-12 
0.0025 2.50776 -0.792245 4.38314e-06 -0.125676 -4.70776 8.68802e-17 2.21656e+14 8.31906e-05 0.000289938 8.01088e-23 1.02966e-08 -68962.3 0 0 2.31205e-34 0 0 -3.98395e-18 0 0 0 0 0 0 3.71494e-12 3.71494e-12 3.71494e-12 3.71494e-12 
0.003 2.50431 -0.795693 4.38314e-06 -0.125676 -4.70431 9.92759e-17 1.9914e+14 8.31902e-05 0.000282579 8.01088e-23 9.0159e-09 -68956.9 0 0 2.31676e-34 0 0 -6.74545e-18 0 0 0 0 0 0 3.73855e-12 3.73855e-12 3.73855e-12 3.73855e-12 
0.0035 2.50086 -0.799141 4.38314e-06 -0.125676 -4.70086 1.13439e-16 1.78822e+14 8.31898e-05 0.00027552 8.01088e-23 7.89379e-09 -68952 0 0 2.30734e-34 0 0 -6.31129e-18 0 0 0 0 0 0 3.76203e-12 3.76203e-12 3.76203e-12 3.76203e-12 
0.004 2.49741 -0.802588 4.38314e-06 -0.125676 -4.69741 1.29622e-16 1.60497e+14 8.31894e-05 0.000268748 8.01088e-23 6.91071e-09 -68947.6 0 0 2.29792e-34 0 0 -2.67392e-18 0 0 0 0 0 0 3.78533e-12 3.78533e-12 3.78533e-12 3.78533e-12 
0.0045 2.49396 -0.806035 4.38314e-06 -0.125676 -4.69396 1.48112e-16 1.43978e+14 8.31891e-05 0.000262249 8.01088e-23 6.04949e-09 -68943.7 0 0 2.31205e-34 0 0 -3.43325e-18 0 0 0 0 0 0 3.80845e-12 3.80845e-12 3.80845e-12 3.80845e-12 
0.005 2.49052 -0.809482 4.38314e-06 -0.125676 -4.69052 1.69238e-16 1.29094e+14 8.31889e-05 0.00025601 8.01088e-23 5.29506e-09 -68940.2 0 0 2.31676e-34 0 0 -3.14136e-18 0 0 0 0 0 0 3.83133e-12 3.83133e-12 3.83133e-12 3.83133e-12 
0.0055 2.48707 -0.812929 4.38314e-06 -0.125676 -4.68707 1.93376e-16 1.1569e+14 8.31886e-05 0.000250018 8.01088e-23 4.63423e-09 -68937 0 0 2.31676e-34 0 0 -1.79312e-18 0 0 0 0 0 0 3.85396e-12 3.85396e-12 3.85396e-12 3.85396e-12 
0.006 2.48362 -0.816376 4.38314e-06 -0.125676 -4.68362 2.20956e-16 1.03626e+14 8.31884e-05 0.000244263 8.01088e-23 4.05544e-09 -68934.2 0 0 2.3403e-34 0 0 -1.56918e-18 0 0 0 0 0 0 3.87629e-12 3.87629e-12 3.87629e-12 3.87629e-12 
0.0065 2.48018 -0.819823 4.38314e-06 -0.125676 -4.68018 2.52469e-16 9.27734e+13 8.31882e-05 0.000238734 8.01088e-23 3.54852e-09 -68931.6 0 0 2.34972e-34 0 0 -1.37305e-18 0 0 0 0 0 0 3.8983e-12 3.8983e-12 3.8983e-12 3.8983e-12 
0.007 2.47673 -0.823269 4.38314e-06 -0.125676 -4.67673 2.88474e-16 8.30154e+13 8.3188e-05 0.000233419 8.01088e-23 3.1046e-09 -68929.4 0 0 2.34972e-34 0 0 -1.20129e-18 0 0 0 0 0 0 3.91994e-12 3.91994e-12 3.91994e-12 3.91994e-12 
0.0075 2.47328 -0.826716 4.38314e-06 -0.125676 -4.67328 3.29612e-16 7.42462e+13 8.31879e-05 0.00022831 8.01088e-23 2.71588e-09 -68927.3 0 0 2.35443e-34 0 0 -1.05088e-18 0 0 0 0 0 0 3.94119e-12 3.94119e-12 3.94119e-12 3.94119e-12 
0.008 2.46984 -0.830162 4.38314e-06 -0.125676 -4.66984 3.76616e-16 6.63699e+13 8.31877e-05 0.000223398 8.01088e-23 2.37553e-09 -68925.5 0 0 2.35914e-34 0 0 -4.90335e-19 0 0 0 0 0 0 3.962e-12 3.962e-12 3.962e-12 3.962e-12 
0.0085 2.46639 -0.833608 4.38314e-06 -0.125676 -4.66639 4.30321e-16 5.92991e+13 8.31876e-05 0.000218673 8.01088e-23 2.07756e-09 -68923.9 0 0 2.34972e-34 0 0 -3.75042e-19 0 0 0 0 0 0 3.98236e-12 3.98236e-12 3.98236e-12 3.98236e-12 
0.009 2.46295 -0.837054 4.38314e-06 -0.125676 -4.66295 4.91683e-16 5.29548e+13 8.31875e-05 0.000214127 8.01088e-23 1.81671e-09 -68922.4 0 0 2.3403e-34 0 0 -3.75042e-19 0 0 0 0 0 0 4.00221e-12 4.00221e-12 4.00221e-12 4.00221e-12 
0.0095 2.4595 -0.8405 4.38314e-06 -0.125676 -4.6595 5.61794e-16 4.72653e+13 8.31874e-05 0.000209752 8.01088e-23 1.58839e-09 -68921.1 0 0 2.3403e-34 0 0 -2.867e-19 0 0 0 0 0 0 4.02152e-12 4.02152e-12 4.02152e-12 4.02152e-12 
0.01 2.45605 -0.843947 4.38314e-06 -0.125676 -4.65605 6.419e-16 4.21657e+13 8.31873e-05 0.000205541 8.01088e-23 1.38857e-09 -68920 0 0 2.33559e-34 0 0 -2.867e-19 0 0 0 0 0 0 4.04026e-12 4.04026e-12 4.04026e-12 4.04026e-12 
0.0105 2.45261 -0.847392 4.38314e-06 -0.125676 -4.65261 7.33428e-16 3.75972e+13 8.31872e-05 0.000201486 8.01088e-23 1.2137e-09 -68919 0 0 2.33559e-34 0 0 0 0 0 0 0 0 0 4.05838e-12 4.05838e-12 4.05838e-12 4.05838e-12 
0.011 2.44916 -0.850838 4.38314e-06 -0.125676 -4.64916 8.38004e-16 3.35067e+13 8.31872e-05 0.000197581 8.01088e-23 1.06069e-09 -68918 0 0 2.33559e-34 0 0 0 0 0 0 0 0 0 4.07586e-12 4.07586e-12 4.07586e-12 4.07586e-12 
0.0115 2.44572 -0.854284 4.38314e-06 -0.125676 -4.64572 9.5749e-16 2.9846e+13 8.31871e-05 0.00019382 8.01088e-23 9.2682e-10 -68917.2 0 0 2.34972e-34 0 0 0 0 0 0 0 0 0 4.09265e-12 4.09265e-12 4.09265e-12 4.09265e-12 
0.012 2.44227 -0.85773 4.38314e-06 -0.125676 -4.64227 1.09401e-15 2.65719e+13 8.31871e-05 0.000190196 8.01088e-23 8.09718e-10 -68916.5 0 0 2.36384e-34 0 0 0 0 0 0 0 0 0 4.10874e-12 4.10874e-12 4.10874e-12 4.10874e-12 
0.0125 2.43882 -0.861176 4.38314e-06 -0.125676 -4.63882 1.24999e-15 2.36448e+13 8.3187e-05 0.000186703 8.01088e-23 7.07292e-10 -68915.8 0 0 2.36384e-34 0 0 0 0 0 0 0 0 0 4.12406e-12 4.12406e-12 4.12406e-12 4.12406e-12 
0.013 2.43538 -0.864622 4.38314e-06 -0.125676 -4.63538 1.42822e-15 2.10295e+13 8.3187e-05 0.000183337 8.01088e-23 6.17718e-10 -68915.3 0 0 2.35914e-34 0 0 0 0 0 0 0 0 0 4.13861e-12 4.13861e-12 4.13861e-12 4.13861e-12 
0.0135 2.43193 -0.868067 4.38314e-06 -0.125676 -4.63193 1.63185e-15 1.86939e+13 8.31869e-05 0.000180091 8.01088e-23 5.3939e-10 -68914.7 0 0 2.36384e-34 0 0 0 0 0 0 0 0 0 4.1523e-12 4.1523e-12 4.1523e-12 4.1523e-12 
0.014 2.42849 -0.871513 4.38314e-06 -0.125676 -4.62849 1.86451e-15 1.66093e+13 8.31869e-05 0.000176961 8.01088e-23 4.7091e-10 -68914.3 0 0 2.35914e-34 0 0 1.69876e-19 0 0 0 0 0 0 4.16514e-12 4.16514e-12 4.16514e-12 4.16514e-12 
0.0145 2.42504 -0.874959 4.38314e-06 -0.125676 -4.62504 2.13035e-15 1.47496e+13 8.31869e-05 0.000173942 8.01088e-23 4.11049e-10 -68913.9 0 0 2.3403e-34 0 0 1.69876e-19 0 0 0 0 0 0 4.17709e-12 4.17709e-12 4.17709e-12 4.17709e-12 
0.015 2.4216 -0.878405 4.38314e-06 -0.125676 -4.6216 2.43408e-15 1.30915e+13 8.31869e-05 0.000171029 8.01088e-23 3.58731e-10 -68913.5 0 0 2.33559e-34 0 0 0 0 0 0 0 0 0 4.18813e-12 4.18813e-12 4.18813e-12 4.18813e-12 
0.0155 2.41815 -0.88185 4.38314e-06 -0.125676 -4.61815 2.78112e-15 1.16139e+13 8.31869e-05 0.000168218 8.01088e-23 3.13013e-10 -68913.2 0 0 2.33559e-34 0 0 0 0 0 0 0 0 0 4.19823e-12 4.19823e-12 4.19823e-12 4.19823e-12 
0.016 2.4147 -0.885296 4.38314e-06 -0.125676 -4.6147 3.17764e-15 1.01689e+13 8.31868e-05 0.000165228 8.01088e-23 2.69196e-10 -68912.9 0 0 2.34501e-34 0 0 4.85101e-20 0 0 0 0 0 0 4.15003e-12 4.15003e-12 4.15003e-12 4.15003e-12 
0.0165 2.41126 -0.888742 4.38314e-06 -0.125676 -4.61126 3.63068e-15 9.00203e+12 8.31868e-05 0.000162596 8.01088e-23 2.3451e-10 -68912.7 0 0 2.3403e-34 0 0 4.85101e-20 0 0 0 0 0 0 4.15312e-12 4.15312e-12 4.15312e-12 4.15312e-12 
0.017 2.40781 -0.892187 4.38314e-06 -0.125676 -4.60781 4.14832e-15 7.96796e+12 8.31868e-05 0.000160064 8.01088e-23 2.0434e-10 -68912.5 0 0 2.32146e-34 0 0 0 0 0 0 0 0 0 4.15688e-12 4.15688e-12 4.15688e-12 4.15688e-12 
0.0175 2.40437 -0.895633 4.38314e-06 -0.125676 -4.60437 4.73975e-15 7.05175e+12 8.31868e-05 0.000157627 8.01088e-23 1.7809e-10 -68912.3 0 0 2.30734e-34 0 0 3.21022e-20 0 0 0 0 0 0 4.16129e-12 4.16129e-12 4.16129e-12 4.16129e-12 
0.018 2.40092 -0.899078 4.38314e-06 -0.125676 -4.60092 5.41551e-15 6.24007e+12 8.31868e-05 0.00015528 8.01088e-23 1.55245e-10 -68912.1 0 0 2.30263e-34 0 0 3.21022e-20 0 0 0 0 0 0 4.1663e-12 4.1663e-12 4.1663e-12 4.1663e-12 
0.0185 2.39748 -0.902524 4.38314e-06 -0.125676 -4.59748 6.1876e-15 5.52108e+12 8.31868e-05 0.00015302 8.01088e-23 1.35358e-10 -68911.9 0 0 2.30263e-34 0 0 4.88079e-20 0 0 0 0 0 0 4.17189e-12 4.17189e-12 4.17189e-12 4.17189e-12 
0.019 2.39403 -0.90597 4.38314e-06 -0.125676 -4.59403 7.06977e-15 4.8843e+12 8.31868e-05 0.000150842 8.01088e-23 1.18042e-10 -68911.8 0 0 2.28379e-34 0 0 4.88079e-20 0 0 0 0 0 0 4.17802e-12 4.17802e-12 4.17802e-12 4.17802e-12 
0.0195 2.39058 -0.909415 4.38314e-06 -0.125676 -4.59058 8.07772e-15 4.32038e+12 8.31868e-05 0.000148743 8.01088e-23 1.0296e-10 -68911.7 0 0 2.27438e-34 0 0 1.85662e-20 0 0 0 0 0 0 4.18468e-12 4.18468e-12 4.18468e-12 4.18468e-12 
0.02 2.38714 -0.912861 4.38314e-06 -0.125676 -4.58714 9.22936e-15 3.82108e+12 8.31868e-05 0.00014672 8.01088e-23 8.98225e-11 -68911.6 0 0 2.28379e-34 0 0 1.85662e-20 0 0 0 0 0 0 4.19182e-12 4.19182e-12 4.19182e-12 4.19182e-12 
0.0205 2.38369 -0.916306 4.38314e-06 -0.125676 -4.58369 1.05452e-14 3.37903e+12 8.31868e-05 0.000144769 8.01088e-23 7.8375e-11 -68911.5 0 0 2.29321e-34 0 0 1.41352e-20 0 0 0 0 0 0 4.19943e-12 4.19943e-12 4.19943e-12 4.19943e-12 
0.021 2.38025 -0.919752 4.38314e-06 -0.125676 -4.58025 1.20486e-14 2.98773e+12 8.31868e-05 0.000142887 8.01088e-23 6.83981e-11 -68911.4 0 0 2.30263e-34 0 0 1.41352e-20 0 0 0 0 0 0 4.20748e-12 4.20748e-12 4.20748e-12 4.20748e-12 
0.0215 2.3768 -0.923197 4.38314e-06 -0.125676 -4.5768 1.37664e-14 2.6414e+12 8.31868e-05 0.000141071 8.01088e-23 5.9701e-11 -68911.3 0 0 2.2885e-34 0 0 1.07689e-20 0 0 0 0 0 0 4.21595e-12 4.21595e-12 4.21595e-12 4.21595e-12 
0.022 2.37336 -0.926643 4.38314e-06 -0.125676 -4.57336 1.57291e-14 2.33491e+12 8.31868e-05 0.000139318 8.01088e-23 5.21182e-11 -68911.3 0 0 2.26967e-34 0 0 1.07689e-20 0 0 0 0 0 0 4.22481e-12 4.22481e-12 4.22481e-12 4.22481e-12 
0.0225 2.36991 -0.930089 4.38314e-06 -0.125676 -4.56991 1.79715e-14 2.06372e+12 8.31868e-05 0.000137626 8.01088e-23 4.55054e-11 -68911.2 0 0 2.27438e-34 0 0 8.20943e-21 0 0 0 0 0 0 4.23404e-12 4.23404e-12 4.23404e-12 4.23404e-12 
0.023 2.36647 -0.933534 4.38314e-06 -0.125676 -4.56647 2.05337e-14 1.82379e+12 8.31868e-05 0.000135993 8.01088e-23 3.97375e-11 -68911.2 0 0 2.26496e-34 0 0 1.53788e-20 0 0 0 0 0 0 4.24362e-12 4.24362e-12 4.24362e-12 4.24362e-12 
0.0235 2.36302 -0.93698 4.38314e-06 -0.125676 -4.56302 2.34612e-14 1.61154e+12 8.31868e-05 0.000134415 8.01088e-23 3.47057e-11 -68911.1 0 0 2.26025e-34 0 0 1.34313e-20 0 0 0 0 0 0 4.25352e-12 4.25352e-12 4.25352e-12 4.25352e-12 
0.024 2.35957 -0.940425 4.38314e-06 -0.125676 -4.55957 2.68061e-14 1.42382e+12 8.31868e-05 0.000132891 8.01088e-23 3.03152e-11 -68911.1 0 0 2.27438e-34 0 0 1.1732e-20 0 0 0 0 0 0 4.26374e-12 4.26374e-12 4.26374e-12 4.26374e-12 
0.0245 2.35613 -0.943871 4.38314e-06 -0.125676 -4.55613 3.06278e-14 1.2578e+12 8.31868e-05 0.000131418 8.01088e-23 2.64836e-11 -68911 0 0 2.27909e-34 0 0 1.02491e-20 0 0 0 0 0 0 4.27424e-12 4.27424e-12 4.27424e-12 4.27424e-12 
0.025 2.35268 -0.947316 4.38314e-06 -0.125676 -4.55268 3.49943e-14 1.11099e+12 8.31868e-05 0.000129995 8.01088e-23 2.31392e-11 -68911 0 0 2.28379e-34 0 0 4.77898e-21 0 0 0 0 0 0 4.28501e-12 4.28501e-12 4.28501e-12 4.28501e-12 
0.0255 2.34924 -0.950762 4.38314e-06 -0.125676 -4.54924 3.99834e-14 9.81199e+11 8.31869e-05 0.000128619 8.01088e-23 2.02196e-11 -68911 0 0 2.2885e-34 0 0 0 0 0 0 0 0 0 4.29604e-12 4.29604e-12 4.29604e-12 4.29604e-12 
0.026 2.34579 -0.954207 4.38314e-06 -0.125676 -4.54579 4.56838e-14 8.6646e+11 8.31869e-05 0.000127288 8.01088e-23 1.76704e-11 -68911 0 0 2.29321e-34 0 0 0 0 0 0 0 0 0 4.3073e-12 4.3073e-12 4.3073e-12 4.3073e-12 
0.0265 2.34235 -0.957653 4.38314e-06 -0.125676 -4.54235 5.21969e-14 7.65041e+11 8.31869e-05 0.000126002 8.01088e-23 1.54444e-11 -68910.9 0 0 2.2885e-34 0 0 0 0 0 0 0 0 0 4.31878e-12 4.31878e-12 4.31878e-12 4.31878e-12 
0.027 2.3389 -0.961099 4.38314e-06 -0.125676 -4.5389 5.96386e-14 6.7541e+11 8.31869e-05 0.000124757 8.01088e-23 1.35003e-11 -68910.9 0 0 2.28379e-34 0 0 -4.87355e-21 0 0 0 0 0 0 4.33046e-12 4.33046e-12 4.33046e-12 4.33046e-12 
0.0275 2.33546 -0.964544 4.38314e-06 -0.125676 -4.53546 6.81411e-14 5.96205e+11 8.31869e-05 0.000123553 8.01088e-23 1.18021e-11 -68910.9 0 0 2.30263e-34 0 0 -4.87355e-21 0 0 0 0 0 0 4.34232e-12 4.34232e-12 4.34232e-12 4.34232e-12 
0.028 2.33201 -0.96799 4.38314e-06 -0.125676 -4.53201 7.78559e-14 5.26224e+11 8.31869e-05 0.000122387 8.01088e-23 1.03185e-11 -68910.9 0 0 2.30734e-34 0 0 0 0 0 0 0 0 0 4.35436e-12 4.35436e-12 4.35436e-12 4.35436e-12 
0.0285 2.32856 -0.971435 4.38314e-06 -0.125676 -4.52856 8.89557e-14 4.644e+11 8.31869e-05 0.000121259 8.01088e-23 9.02231e-12 -68910.9 0 0 2.29792e-34 0 0 -1.62873e-21 0 0 0 0 0 0 4.36656e-12 4.36656e-12 4.36656e-12 4.36656e-12 
0.029 2.32512 -0.974881 4.38314e-06 -0.125676 -4.52512 1.01638e-13 4.0979e+11 8.31869e-05 0.000120167 8.01088e-23 7.88966e-12 -68910.9 0 0 2.29321e-34 0 0 -1.62873e-21 0 0 0 0 0 0 4.37889e-12 4.37889e-12 4.37889e-12 4.37889e-12 
0.0295 2.32167 -0.978326 4.38314e-06 -0.125676 -4.52167 1.16128e-13 3.61557e+11 8.31869e-05 0.00011911 8.01088e-23 6.8998e-12 -68910.9 0 0 2.29792e-34 0 0 -1.24567e-21 0 0 0 0 0 0 4.39136e-12 4.39136e-12 4.39136e-12 4.39136e-12 
0.03 2.31823 -0.981772 4.38314e-06 -0.125676 -4.51823 1.32685e-13 3.18964e+11 8.3187e-05 0.000118086 8.01088e-23 6.03464e-12 -68910.8 0 0 2.31676e-34 0 0 -1.24567e-21 0 0 0 0 0 0 4.40394e-12 4.40394e-12 4.40394e-12 4.40394e-12 
0.0305 2.31478 -0.985217 4.38314e-06 -0.125676 -4.51478 1.51601e-13 2.81354e+11 8.3187e-05 0.000117095 8.01088e-23 5.27839e-12 -68910.8 0 0 2.32146e-34 0 0 0 0 0 0 0 0 0 4.41663e-12 4.41663e-12 4.41663e-12 4.41663e-12 
0.031 2.31134 -0.988663 4.38314e-06 -0.125676 -4.51134 1.73215e-13 2.4815e+11 8.3187e-05 0.000116134 8.01088e-23 4.61726e-12 -68910.8 0 0 2.31676e-34 0 0 -8.33675e-22 0 0 0 0 0 0 4.42941e-12 4.42941e-12 4.42941e-12 4.42941e-12 
0.0315 2.30789 -0.992108 4.38314e-06 -0.125676 -4.50789 1.9791e-13 2.18838e+11 8.3187e-05 0.000115203 8.01088e-23 4.03924e-12 -68910.8 0 0 2.30734e-34 0 0 -1.56301e-21 0 0 0 0 0 0 4.44227e-12 4.44227e-12 4.44227e-12 4.44227e-12 
0.032 2.30445 -0.995554 4.38314e-06 -0.125676 -4.50445 2.26125e-13 1.92967e+11 8.3187e-05 0.000114302 8.01088e-23 3.53382e-12 -68910.8 0 0 2.31205e-34 0 0 -7.29333e-22 0 0 0 0 0 0 4.4552e-12 4.4552e-12 4.4552e-12 4.4552e-12 
0.0325 2.301 -0.999 4.38314e-06 -0.125676 -4.501 2.58364e-13 1.70134e+11 8.3187e-05 0.000113427 8.01088e-23 3.09186e-12 -68910.8 0 0 2.32146e-34 0 0 -5.58307e-22 0 0 0 0 0 0 4.46819e-12 4.46819e-12 4.46819e-12 4.46819e-12 
0.033 2.29755 -1.00245 4.38314e-06 -0.125676 -4.49755 2.95198e-13 1.49986e+11 8.3187e-05 0.00011258 8.01088e-23 2.70534e-12 -68910.8 0 0 2.31676e-34 0 0 -1.04683e-21 0 0 0 0 0 0 4.48122e-12 4.48122e-12 4.48122e-12 4.48122e-12 
0.0335 2.29411 -1.00589 4.38314e-06 -0.125676 -4.49411 3.37284e-13 1.32208e+11 8.31871e-05 0.000111759 8.01088e-23 2.36729e-12 -68910.8 0 0 2.33088e-34 0 0 -4.88526e-22 0 0 0 0 0 0 4.4943e-12 4.4943e-12 4.4943e-12 4.4943e-12 
0.034 2.29066 -1.00934 4.38314e-06 -0.125676 -4.49066 3.8537e-13 1.16525e+11 8.31871e-05 0.000110962 8.01088e-23 2.07159e-12 -68910.8 0 0 2.34501e-34 0 0 0 0 0 0 0 0 0 4.5074e-12 4.5074e-12 4.5074e-12 4.5074e-12 
0.0345 2.28722 -1.01278 4.38314e-06 -0.125676 -4.48722 4.40311e-13 1.02691e+11 8.31871e-05 0.00011019 8.01088e-23 1.81294e-12 -68910.8 0 0 2.34501e-34 0 0 -3.27403e-22 0 0 0 0 0 0 4.52053e-12 4.52053e-12 4.52053e-12 4.52053e-12 
0.035 2.28377 -1.01623 4.38314e-06 -0.125676 -4.48377 5.03086e-13 9.04889e+10 8.31871e-05 0.000109441 8.01088e-23 1.58666e-12 -68910.8 0 0 2.34501e-34 0 0 -4.08573e-23 0 0 0 0 0 0 4.53367e-12 4.53367e-12 4.53367e-12 4.53367e-12 
0.0355 2.28033 -1.01967 4.38314e-06 -0.125676 -4.48033 5.7481e-13 7.97281e+10 8.31871e-05 0.000108714 8.01088e-23 1.38869e-12 -68910.8 0 0 2.35914e-34 0 0 2.86545e-22 0 0 0 0 0 0 4.5468e-12 4.5468e-12 4.5468e-12 4.5468e-12 
0.036 2.27688 -1.02312 4.38314e-06 -0.125676 -4.47688 6.56759e-13 7.02393e+10 8.31871e-05 0.000108009 8.01088e-23 1.21549e-12 -68910.8 0 0 2.38739e-34 0 0 0 0 0 0 0 0 0 4.55994e-12 4.55994e-12 4.55994e-12 4.55994e-12 
0.0365 2.27344 -1.02656 4.38314e-06 -0.125676 -4.47344 7.50392e-13 6.18732e+10 8.31872e-05 0.000107325 8.01088e-23 1.06393e-12 -68910.8 0 0 2.40622e-34 0 0 1.92155e-22 0 0 0 0 0 0 4.57306e-12 4.57306e-12 4.57306e-12 4.57306e-12 
0.037 2.26999 -1.03001 4.38314e-06 -0.125676 -4.46999 8.57374e-13 5.44977e+10 8.31872e-05 0.000106661 8.01088e-23 9.31312e-13 -68910.8 0 0 2.41564e-34 0 0 1.92155e-22 0 0 0 0 0 0 4.58616e-12 4.58616e-12 4.58616e-12 4.58616e-12 
0.0375 2.26655 -1.03345 4.38314e-06 -0.125676 -4.46655 9.79608e-13 4.79964e+10 8.31872e-05 0.000106017 8.01088e-23 8.15258e-13 -68910.8 0 0 2.42506e-34 0 0 2.94495e-22 0 0 0 0 0 0 4.59923e-12 4.59923e-12 4.59923e-12 4.59923e-12 
0.038 2.2631 -1.0369 4.38314e-06 -0.125676 -4.4631 1.11927e-12 4.22662e+10 8.31872e-05 0.000105392 8.01088e-23 7.13692e-13 -68910.8 0 0 2.42506e-34 0 0 2.94495e-22 0 0 0 0 0 0 4.61227e-12 4.61227e-12 4.61227e-12 4.61227e-12 
0.0385 2.25965 -1.04035 4.38314e-06 -0.125676 -4.45965 1.27884e-12 3.72163e+10 8.31872e-05 0.000104785 8.01088e-23 6.24803e-13 -68910.8 0 0 2.41093e-34 0 0 0 0 0 0 0 0 0 4.62527e-12 4.62527e-12 4.62527e-12 4.62527e-12 
0.039 2.25621 -1.04379 4.38314e-06 -0.125676 -4.45621 1.46116e-12 3.27665e+10 8.31873e-05 0.000104196 8.01088e-23 5.47003e-13 -68910.8 0 0 2.40152e-34 0 0 1.97603e-22 0 0 0 0 0 0 4.63822e-12 4.63822e-12 4.63822e-12 4.63822e-12 
0.0395 2.25276 -1.04724 4.38314e-06 -0.125676 -4.45276 1.66948e-12 2.88457e+10 8.31873e-05 0.000103624 8.01088e-23 4.78907e-13 -68910.8 0 0 2.40622e-34 0 0 1.97603e-22 0 0 0 0 0 0 4.65112e-12 4.65112e-12 4.65112e-12 4.65112e-12 
0.04 2.24932 -1.05068 4.38314e-06 -0.125676 -4.44932 1.90749e-12 2.53916e+10 8.31873e-05 0.000103068 8.01088e-23 4.19301e-13 -68910.8 0 0 2.41093e-34 0 0 7.57377e-23 0 0 0 0 0 0 4.66396e-12 4.66396e-12 4.66396e-12 4.66396e-12 
0.0405 2.24587 -1.05413 4.38314e-06 -0.125676 -4.44587 2.17944e-12 2.23489e+10 8.31873e-05 0.000102529 8.01088e-23 3.67124e-13 -68910.8 0 0 2.41093e-34 0 0 1.42052e-22 0 0 0 0 0 0 4.67674e-12 4.67674e-12 4.67674e-12 4.67674e-12 
0.041 2.24243 -1.05757 4.38314e-06 -0.125676 -4.44243 2.49015e-12 1.96689e+10 8.31874e-05 0.000102005 8.01088e-23 3.21448e-13 -68910.8 0 0 2.42506e-34 0 0 6.63139e-23 0 0 0 0 0 0 4.68945e-12 4.68945e-12 4.68945e-12 4.68945e-12 
0.0415 2.23898 -1.06102 4.38314e-06 -0.125676 -4.43898 2.84517e-12 1.73086e+10 8.31874e-05 0.000101496 8.01088e-23 2.81463e-13 -68910.8 0 0 2.42506e-34 0 0 1.01684e-22 0 0 0 0 0 0 4.70209e-12 4.70209e-12 4.70209e-12 4.70209e-12 
0.042 2.23554 -1.06446 4.38314e-06 -0.125676 -4.43554 3.2508e-12 1.523e+10 8.31874e-05 0.000101002 8.01088e-23 2.46457e-13 -68910.8 0 0 2.41564e-34 0 0 1.01684e-22 0 0 0 0 0 0 4.71465e-12 4.71465e-12 4.71465e-12 4.71465e-12 
0.0425 2.23209 -1.06791 4.38314e-06 -0.125676 -4.43209 3.71426e-12 1.33999e+10 8.31874e-05 0.000100522 8.01088e-23 2.1581e-13 -68910.8 0 0 2.42506e-34 0 0 0 0 0 0 0 0 0 4.72712e-12 4.72712e-12 4.72712e-12 4.72712e-12 
0.043 2.22864 -1.07136 4.38314e-06 -0.125676 -4.42864 4.24379e-12 1.17885e+10 8.31875e-05 0.000100055 8.01088e-23 1.88977e-13 -68910.8 0 0 2.42506e-34 0 0 0 0 0 0 0 0 0 4.73951e-12 4.73951e-12 4.73951e-12 4.73951e-12 
0.0435 2.2252 -1.0748 4.38314e-06 -0.125676 -4.4252 4.84882e-12 1.037e+10 8.31875e-05 9.9602e-05 8.01088e-23 1.65485e-13 -68910.8 0 0 2.42506e-34 0 0 0 0 0 0 0 0 0 4.75181e-12 4.75181e-12 4.75181e-12 4.75181e-12 
0.044 2.22175 -1.07825 4.38314e-06 -0.125676 -4.42175 5.5401e-12 9.12134e+09 8.31875e-05 9.91616e-05 8.01088e-23 1.44915e-13 -68910.8 0 0 2.42977e-34 0 0 2.61779e-23 0 0 0 0 0 0 4.76402e-12 4.76402e-12 4.76402e-12 4.76402e-12 
0.0445 2.21831 -1.08169 4.38314e-06 -0.125676 -4.41831 6.32994e-12 8.02232e+09 8.31875e-05 9.87335e-05 8.01088e-23 1.26904e-13 -68910.8 0 0 2.41564e-34 0 0 2.61779e-23 0 0 0 0 0 0 4.77613e-12 4.77613e-12 4.77613e-12 4.77613e-12 
0.045 2.21486 -1.08514 4.38314e-06 -0.125676 -4.41486 7.23238e-12 7.0551e+09 8.31876e-05 9.83175e-05 8.01088e-23 1.11133e-13 -68910.8 0 0 2.41564e-34 0 0 2.00758e-23 0 0 0 0 0 0 4.78814e-12 4.78814e-12 4.78814e-12 4.78814e-12 
0.0455 2.21142 -1.08858 4.38314e-06 -0.125676 -4.41142 8.26349e-12 6.20395e+09 8.31876e-05 9.79132e-05 8.01088e-23 9.7324e-14 -68910.8 0 0 2.43448e-34 0 0 3.7657e-23 0 0 0 0 0 0 4.80005e-12 4.80005e-12 4.80005e-12 4.80005e-12 
0.046 2.20797 -1.09203 4.38314e-06 -0.125676 -4.40797 9.44159e-12 5.45502e+09 8.31876e-05 9.75202e-05 8.01088e-23 8.52317e-14 -68910.8 0 0 2.42977e-34 0 0 1.75813e-23 0 0 0 0 0 0 4.81185e-12 4.81185e-12 4.81185e-12 4.81185e-12 
0.0465 2.20453 -1.09547 4.38314e-06 -0.125676 -4.40453 1.07877e-11 4.79609e+09 8.31877e-05 9.71382e-05 8.01088e-23 7.46427e-14 -68910.8 0 0 2.43448e-34 0 0 1.34841e-23 0 0 0 0 0 0 4.82354e-12 4.82354e-12 4.82354e-12 4.82354e-12 
0.047 2.20108 -1.09892 4.38314e-06 -0.125676 -4.40108 1.23256e-11 4.2164e+09 8.31877e-05 9.67668e-05 8.01088e-23 6.537e-14 -68910.8 0 0 2.44389e-34 0 0 1.34841e-23 0 0 0 0 0 0 4.83512e-12 4.83512e-12 4.83512e-12 4.83512e-12 
0.0475 2.19763 -1.10237 4.38314e-06 -0.125676 -4.39763 1.40828e-11 3.70648e+09 8.31877e-05 9.64057e-05 8.01088e-23 5.72499e-14 -68910.8 0 0 2.43448e-34 0 0 2.06844e-23 0 0 0 0 0 0 4.84659e-12 4.84659e-12 4.84659e-12 4.84659e-12 
0.048 2.19419 -1.10581 4.38314e-06 -0.125676 -4.39419 1.60906e-11 3.25796e+09 8.31878e-05 9.60546e-05 8.01088e-23 5.01388e-14 -68910.8 0 0 2.42977e-34 0 0 4.78573e-23 0 0 0 0 0 0 4.85794e-12 4.85794e-12 4.85794e-12 4.85794e-12 
0.0485 2.19074 -1.10926 4.38314e-06 -0.125676 -4.39074 1.83846e-11 2.86348e+09 8.31878e-05 9.57132e-05 8.01088e-23 4.39114e-14 -68910.8 0 0 2.43919e-34 0 0 3.51055e-23 0 0 0 0 0 0 4.86917e-12 4.86917e-12 4.86917e-12 4.86917e-12 
0.049 2.1873 -1.1127 4.38314e-06 -0.125676 -4.3873 2.10056e-11 2.51657e+09 8.31878e-05 9.53813e-05 8.01088e-23 3.84577e-14 -68910.8 0 0 2.45802e-34 0 0 7.93266e-24 0 0 0 0 0 0 4.88029e-12 4.88029e-12 4.88029e-12 4.88029e-12 
0.0495 2.18385 -1.11615 4.38314e-06 -0.125676 -4.38385 2.40003e-11 2.21152e+09 8.31879e-05 9.50584e-05 8.01088e-23 3.36816e-14 -68910.8 0 0 2.48627e-34 0 0 6.08466e-24 0 0 0 0 0 0 4.89128e-12 4.89128e-12 4.89128e-12 4.89128e-12 
0.05 2.18041 -1.11959 4.38314e-06 -0.125676 -4.38041 2.7422e-11 1.9433e+09 8.31879e-05 9.47445e-05 8.01088e-23 2.94988e-14 -68910.8 0 0 2.49569e-34 0 0 1.14137e-23 0 0 0 0 0 0 4.90216e-12 4.90216e-12 4.90216e-12 4.90216e-12 
0.0505 2.17696 -1.12304 4.38314e-06 -0.125676 -4.37696 3.13315e-11 1.70748e+09 8.3188e-05 9.44392e-05 8.01088e-23 2.58355e-14 -68910.8 0 0 2.47686e-34 0 0 1.46636e-23 0 0 0 0 0 0 4.91291e-12 4.91291e-12 4.91291e-12 4.91291e-12 
0.051 2.17352 -1.12648 4.38314e-06 -0.125676 -4.37352 3.57983e-11 1.50016e+09 8.3188e-05 9.41422e-05 8.01088e-23 2.26273e-14 -68910.8 0 0 2.46744e-34 0 0 1.34223e-23 0 0 0 0 0 0 4.92353e-12 4.92353e-12 4.92353e-12 4.92353e-12 
0.0515 2.17007 -1.12993 4.38314e-06 -0.125676 -4.37007 4.0902e-11 1.31792e+09 8.3188e-05 9.38533e-05 8.01088e-23 1.98175e-14 -68910.8 0 0 2.46744e-34 0 0 1.12479e-23 0 0 0 0 0 0 4.93403e-12 4.93403e-12 4.93403e-12 4.93403e-12 
0.052 2.16662 -1.13338 4.38314e-06 -0.125676 -4.36662 4.67332e-11 1.15774e+09 8.31881e-05 9.35723e-05 8.01088e-23 1.73567e-14 -68910.8 0 0 2.47686e-34 0 0 1.02958e-23 0 0 0 0 0 0 4.94441e-12 4.94441e-12 4.94441e-12 4.94441e-12 
0.0525 2.16318 -1.13682 4.38314e-06 -0.125676 -4.36318 5.33958e-11 1.01695e+09 8.31881e-05 9.3299e-05 8.01088e-23 1.52015e-14 -68910.8 0 0 2.47215e-34 0 0 8.62799e-24 0 0 0 0 0 0 4.95465e-12 4.95465e-12 4.95465e-12 4.95465e-12 
0.053 2.15973 -1.14027 4.38314e-06 -0.125676 -4.35973 6.10083e-11 8.9322e+08 8.31882e-05 9.3033e-05 8.01088e-23 1.33139e-14 -68910.8 0 0 2.46273e-34 0 0 5.49243e-24 0 0 0 0 0 0 4.96477e-12 4.96477e-12 4.96477e-12 4.96477e-12 
0.0535 2.15629 -1.14371 4.38314e-06 -0.125676 -4.35629 6.97061e-11 7.84491e+08 8.31882e-05 9.27743e-05 8.01088e-23 1.16607e-14 -68910.8 0 0 2.47215e-34 0 0 2.10656e-24 0 0 0 0 0 0 4.97476e-12 4.97476e-12 4.97476e-12 4.97476e-12 
0.054 2.15284 -1.14716 4.38314e-06 -0.125676 -4.35284 7.96438e-11 6.8895e+08 8.31883e-05 9.25226e-05 8.01088e-23 1.02128e-14 -68910.8 0 0 2.47215e-34 0 0 3.95155e-24 0 0 0 0 0 0 4.98462e-12 4.98462e-12 4.98462e-12 4.98462e-12 
0.0545 2.1494 -1.1506 4.38314e-06 -0.125676 -4.3494 9.09984e-11 6.05005e+08 8.31883e-05 9.22777e-05 8.01088e-23 8.94471e-15 -68910.8 0 0 2.45802e-34 0 0 1.84499e-24 0 0 0 0 0 0 4.99435e-12 4.99435e-12 4.99435e-12 4.99435e-12 
0.055 2.14595 -1.15405 4.38314e-06 -0.125676 -4.34595 1.03972e-10 5.31254e+08 8.31884e-05 9.20394e-05 8.01088e-23 7.83405e-15 -68910.8 0 0 2.45331e-34 0 0 1.41525e-24 0 0 0 0 0 0 5.00396e-12 5.00396e-12 5.00396e-12 5.00396e-12 
0.0555 2.14251 -1.15749 4.38314e-06 -0.125676 -4.34251 1.18795e-10 4.66463e+08 8.31884e-05 9.18075e-05 8.01088e-23 6.86129e-15 -68910.8 0 0 2.46273e-34 0 0 2.65477e-24 0 0 0 0 0 0 5.01343e-12 5.01343e-12 5.01343e-12 5.01343e-12 
0.056 2.13906 -1.16094 4.38314e-06 -0.125676 -4.33906 1.35731e-10 4.09547e+08 8.31885e-05 9.15819e-05 8.01088e-23 6.0093e-15 -68910.8 0 0 2.45802e-34 0 0 3.41073e-24 0 0 0 0 0 0 5.02278e-12 5.02278e-12 5.02278e-12 5.02278e-12 
0.0565 2.13561 -1.16439 4.38314e-06 -0.125676 -4.33561 1.55081e-10 3.59554e+08 8.31885e-05 9.13623e-05 8.01088e-23 5.26311e-15 -68910.8 0 0 2.45331e-34 0 0 2.17121e-24 0 0 0 0 0 0 5.03199e-12 5.03199e-12 5.03199e-12 5.03199e-12 
0.057 2.13217 -1.16783 4.38314e-06 -0.125676 -4.33217 1.77191e-10 3.15645e+08 8.31886e-05 9.11486e-05 8.01088e-23 4.60956e-15 -68910.8 0 0 2.45802e-34 0 0 8.32732e-25 0 0 0 0 0 0 5.04108e-12 5.04108e-12 5.04108e-12 5.04108e-12 
0.0575 2.12872 -1.17128 4.38314e-06 -0.125676 -4.32872 2.02452e-10 2.77081e+08 8.31886e-05 9.09407e-05 8.01088e-23 4.03715e-15 -68910.8 0 0 2.45331e-34 0 0 1.56206e-24 0 0 0 0 0 0 5.05003e-12 5.05003e-12 5.05003e-12 5.05003e-12 
0.058 2.12528 -1.17472 4.38314e-06 -0.125676 -4.32528 2.31315e-10 2.43214e+08 8.31887e-05 9.07383e-05 8.01088e-23 3.53581e-15 -68910.8 0 0 2.42977e-34 0 0 1.36808e-24 0 0 0 0 0 0 5.05886e-12 5.05886e-12 5.05886e-12 5.05886e-12 
0.0585 2.12183 -1.17817 4.38314e-06 -0.125676 -4.32183 2.64293e-10 2.13474e+08 8.31888e-05 9.05413e-05 8.01088e-23 3.09672e-15 -68910.8 0 0 2.41093e-34 0 0 1.19819e-24 0 0 0 0 0 0 5.06756e-12 5.06756e-12 5.06756e-12 5.06756e-12 
0.059 2.11839 -1.18161 4.38314e-06 -0.125676 -4.31839 3.01972e-10 1.8736e+08 8.31888e-05 9.03495e-05 8.01088e-23 2.71215e-15 -68910.8 0 0 2.42506e-34 0 0 1.53934e-24 0 0 0 0 0 0 5.07613e-12 5.07613e-12 5.07613e-12 5.07613e-12 
0.0595 2.11494 -1.18506 4.38314e-06 -0.125676 -4.31494 3.45023e-10 1.64432e+08 8.31889e-05 9.01629e-05 8.01088e-23 2.37533e-15 -68910.8 0 0 2.43919e-34 0 0 1.40902e-24 0 0 0 0 0 0 5.08458e-12 5.08458e-12 5.08458e-12 5.08458e-12 
0.06 2.1115 -1.1885 4.38314e-06 -0.125676 -4.3115 3.94211e-10 1.44301e+08 8.31889e-05 8.99813e-05 8.01088e-23 2.08033e-15 -68910.8 0 0 2.43919e-34 0 0 4.29108e-25 0 0 0 0 0 0 5.0929e-12 5.0929e-12 5.0929e-12 5.0929e-12 
0.0605 2.10805 -1.19195 4.38314e-06 -0.125676 -4.30805 4.50412e-10 1.26628e+08 8.3189e-05 8.98044e-05 8.01088e-23 1.82195e-15 -68910.8 0 0 2.43919e-34 0 0 6.58276e-25 0 0 0 0 0 0 5.10109e-12 5.10109e-12 5.10109e-12 5.10109e-12 
0.061 2.1046 -1.1954 4.38314e-06 -0.125676 -4.3046 5.14626e-10 1.11113e+08 8.31891e-05 8.96323e-05 8.01088e-23 1.59566e-15 -68910.8 0 0 2.43919e-34 0 0 6.58276e-25 0 0 0 0 0 0 5.10916e-12 5.10916e-12 5.10916e-12 5.10916e-12 
0.0615 2.10116 -1.19884 4.38314e-06 -0.125676 -4.30116 5.87994e-10 9.74947e+07 8.31892e-05 8.94647e-05 8.01088e-23 1.39747e-15 -68910.8 0 0 2.42035e-34 0 0 0 0 0 0 0 0 0 5.1171e-12 5.1171e-12 5.1171e-12 5.1171e-12 
0.062 2.09771 -1.20229 4.38314e-06 -0.125676 -4.29771 6.71822e-10 8.55408e+07 8.31892e-05 8.93016e-05 8.01088e-23 1.22389e-15 -68910.8 0 0 2.39681e-34 0 0 2.21096e-25 0 0 0 0 0 0 5.12491e-12 5.12491e-12 5.12491e-12 5.12491e-12 
0.0625 2.09427 -1.20573 4.38314e-06 -0.125676 -4.29427 7.676e-10 7.50487e+07 8.31893e-05 8.91428e-05 8.01088e-23 1.07186e-15 -68910.8 0 0 2.37797e-34 0 0 2.7464e-26 0 0 0 0 0 0 5.13261e-12 5.13261e-12 5.13261e-12 5.13261e-12 
0.063 2.09082 -1.20918 4.38314e-06 -0.125676 -4.29082 8.77034e-10 6.58404e+07 8.31894e-05 8.89882e-05 8.01088e-23 9.38717e-16 -68910.8 0 0 2.36855e-34 0 0 -1.93632e-25 0 0 0 0 0 0 5.14018e-12 5.14018e-12 5.14018e-12 5.14018e-12 
0.0635 2.08738 -1.21262 4.38314e-06 -0.125676 -4.28738 1.00207e-09 5.7759e+07 8.31894e-05 8.88376e-05 8.01088e-23 8.22105e-16 -68910.8 0 0 2.37797e-34 0 0 0 0 0 0 0 0 0 5.14763e-12 5.14763e-12 5.14763e-12 5.14763e-12 
0.064 2.08393 -1.21607 4.38314e-06 -0.125676 -4.28393 1.14493e-09 5.06672e+07 8.31895e-05 8.86911e-05 8.01088e-23 7.19975e-16 -68910.8 0 0 2.37326e-34 0 0 -2.60124e-25 0 0 0 0 0 0 5.15496e-12 5.15496e-12 5.15496e-12 5.15496e-12 
0.0645 2.08049 -1.21951 4.38314e-06 -0.125676 -4.28049 1.30816e-09 4.4444e+07 8.31896e-05 8.85484e-05 8.01088e-23 6.30528e-16 -68910.8 0 0 2.35914e-34 0 0 -2.60124e-25 0 0 0 0 0 0 5.16218e-12 5.16218e-12 5.16218e-12 5.16218e-12 
0.065 2.07704 -1.22296 4.38314e-06 -0.125676 -4.27704 1.49465e-09 3.89834e+07 8.31897e-05 8.84095e-05 8.01088e-23 5.52191e-16 -68910.8 0 0 2.35914e-34 0 0 9.97516e-26 0 0 0 0 0 0 5.16927e-12 5.16927e-12 5.16927e-12 5.16927e-12 
0.0655 2.07359 -1.22641 4.38314e-06 -0.125676 -4.27359 1.70774e-09 3.41922e+07 8.31898e-05 8.82742e-05 8.01088e-23 4.83583e-16 -68910.8 0 0 2.36384e-34 0 0 1.2394e-26 0 0 0 0 0 0 5.17624e-12 5.17624e-12 5.17624e-12 5.17624e-12 
0.066 2.07015 -1.22985 4.38314e-06 -0.125676 -4.27015 1.9512e-09 2.99885e+07 8.31899e-05 8.81425e-05 8.01088e-23 4.23497e-16 -68910.8 0 0 2.35443e-34 0 0 -1.63861e-25 0 0 0 0 0 0 5.1831e-12 5.1831e-12 5.1831e-12 5.1831e-12 
0.0665 2.0667 -1.2333 4.38314e-06 -0.125676 -4.2667 2.22937e-09 2.63005e+07 8.319e-05 8.80142e-05 8.01088e-23 3.70875e-16 -68910.8 0 0 2.34972e-34 0 0 -7.6503e-26 0 0 0 0 0 0 5.18985e-12 5.18985e-12 5.18985e-12 5.18985e-12 
0.067 2.06326 -1.23674 4.38314e-06 -0.125676 -4.26326 2.5472e-09 2.3065e+07 8.31901e-05 8.78893e-05 8.01088e-23 3.24789e-16 -68910.8 0 0 2.35443e-34 0 0 0 0 0 0 0 0 0 5.19648e-12 5.19648e-12 5.19648e-12 5.19648e-12 
0.0675 2.05981 -1.24019 4.38314e-06 -0.125676 -4.25981 2.91035e-09 2.02268e+07 8.31901e-05 8.77677e-05 8.01088e-23 2.84427e-16 -68910.8 0 0 2.35914e-34 0 0 0 0 0 0 0 0 0 5.203e-12 5.203e-12 5.203e-12 5.203e-12 
0.068 2.05637 -1.24363 4.38314e-06 -0.125676 -4.25637 3.32526e-09 1.7737e+07 8.31902e-05 8.76493e-05 8.01088e-23 2.4908e-16 -68910.8 0 0 2.37326e-34 0 0 0 0 0 0 0 0 0 5.2094e-12 5.2094e-12 5.2094e-12 5.2094e-12 
0.0685 2.05292 -1.24708 4.38314e-06 -0.125676 -4.25292 3.79932e-09 1.55531e+07 8.31903e-05 8.75339e-05 8.01088e-23 2.18125e-16 -68910.8 0 0 2.38268e-34 0 0 3.94027e-26 0 0 0 0 0 0 5.2157e-12 5.2157e-12 5.2157e-12 5.2157e-12 
0.069 2.04948 -1.25052 4.38314e-06 -0.125676 -4.24948 4.34097e-09 1.36376e+07 8.31905e-05 8.74216e-05 8.01088e-23 1.91015e-16 -68910.8 0 0 2.38739e-34 0 0 3.94027e-26 0 0 0 0 0 0 5.22189e-12 5.22189e-12 5.22189e-12 5.22189e-12 
0.0695 2.04603 -1.25397 4.38314e-06 -0.125676 -4.24603 4.95984e-09 1.19575e+07 8.31906e-05 8.73123e-05 8.01088e-23 1.67273e-16 -68910.8 0 0 2.40152e-34 0 0 0 0 0 0 0 0 0 5.22797e-12 5.22797e-12 5.22797e-12 5.22797e-12 
0.07 2.04259 -1.25741 4.38314e-06 -0.125676 -4.24259 5.66693e-09 1.0484e+07 8.31907e-05 8.72058e-05 8.01088e-23 1.46481e-16 -68910.8 0 0 2.41093e-34 0 0 0 0 0 0 0 0 0 5.23394e-12 5.23394e-12 5.23394e-12 5.23394e-12 
0.0705 2.03914 -1.26086 4.38314e-06 -0.125676 -4.23914 6.47483e-09 9.19172e+06 8.31908e-05 8.7102e-05 8.01088e-23 1.28273e-16 -68910.8 0 0 2.41093e-34 0 0 0 0 0 0 0 0 0 5.23981e-12 5.23981e-12 5.23981e-12 5.23981e-12 
0.071 2.03569 -1.26431 4.38314e-06 -0.125676 -4.23569 7.39791e-09 8.05844e+06 8.31909e-05 8.7001e-05 8.01088e-23 1.12327e-16 -68910.8 0 0 2.41093e-34 0 0 2.02909e-26 0 0 0 0 0 0 5.24557e-12 5.24557e-12 5.24557e-12 5.24557e-12 
0.0715 2.03225 -1.26775 4.38314e-06 -0.125676 -4.23225 8.45259e-09 7.06464e+06 8.3191e-05 8.69026e-05 8.01088e-23 9.83634e-17 -68910.8 0 0 2.40622e-34 0 0 2.02909e-26 0 0 0 0 0 0 5.25123e-12 5.25123e-12 5.25123e-12 5.25123e-12 
0.072 2.0288 -1.2712 4.38314e-06 -0.125676 -4.2288 9.65762e-09 6.19318e+06 8.31911e-05 8.68068e-05 8.01088e-23 8.61346e-17 -68910.8 0 0 2.40622e-34 0 0 1.55593e-26 0 0 0 0 0 0 5.25679e-12 5.25679e-12 5.25679e-12 5.25679e-12 
0.0725 2.02536 -1.27464 4.38314e-06 -0.125676 -4.22536 1.10344e-08 5.42903e+06 8.31913e-05 8.67135e-05 8.01088e-23 7.54257e-17 -68910.8 0 0 2.41093e-34 0 0 2.91841e-26 0 0 0 0 0 0 5.26225e-12 5.26225e-12 5.26225e-12 5.26225e-12 
0.073 2.02191 -1.27809 4.38314e-06 -0.125676 -4.22191 1.26076e-08 4.759e+06 8.31914e-05 8.66226e-05 8.01088e-23 6.60477e-17 -68910.8 0 0 2.40152e-34 0 0 3.74862e-26 0 0 0 0 0 0 5.26761e-12 5.26761e-12 5.26761e-12 5.26761e-12 
0.0735 2.01847 -1.28153 4.38314e-06 -0.125676 -4.21847 1.44049e-08 4.17153e+06 8.31915e-05 8.6534e-05 8.01088e-23 5.78353e-17 -68910.8 0 0 2.40152e-34 0 0 3.43087e-26 0 0 0 0 0 0 5.27287e-12 5.27287e-12 5.27287e-12 5.27287e-12 
0.074 2.01502 -1.28498 4.38314e-06 -0.125676 -4.21502 1.64585e-08 3.65646e+06 8.31916e-05 8.64478e-05 8.01088e-23 5.06437e-17 -68910.8 0 0 2.41093e-34 0 0 1.95953e-26 0 0 0 0 0 0 5.27803e-12 5.27803e-12 5.27803e-12 5.27803e-12 
0.0745 2.01158 -1.28842 4.38314e-06 -0.125676 -4.21158 1.88049e-08 3.20488e+06 8.31918e-05 8.63638e-05 8.01088e-23 4.43461e-17 -68910.8 0 0 2.41564e-34 0 0 4.11901e-26 0 0 0 0 0 0 5.28311e-12 5.28311e-12 5.28311e-12 5.28311e-12 
0.075 2.00813 -1.29187 4.38314e-06 -0.125676 -4.20813 2.14858e-08 2.80899e+06 8.31919e-05 8.6282e-05 8.01088e-23 3.88313e-17 -68910.8 0 0 2.41564e-34 0 0 5.3085e-26 0 0 0 0 0 0 5.28808e-12 5.28808e-12 5.28808e-12 5.28808e-12 
0.0755 2.00468 -1.29532 4.38314e-06 -0.125676 -4.20468 2.45489e-08 2.46193e+06 8.31921e-05 8.62023e-05 8.01088e-23 3.40021e-17 -68910.8 0 0 2.42035e-34 0 0 5.17528e-26 0 0 0 0 0 0 5.29297e-12 5.29297e-12 5.29297e-12 5.29297e-12 
0.076 2.00124 -1.29876 4.38314e-06 -0.125676 -4.20124 2.80486e-08 2.15768e+06 8.31922e-05 8.61247e-05 8.01088e-23 2.97732e-17 -68910.8 0 0 2.42035e-34 0 0 5.76002e-26 0 0 0 0 0 0 5.29776e-12 5.29776e-12 5.29776e-12 5.29776e-12 
0.0765 1.99779 -1.30221 4.38314e-06 -0.125676 -4.19779 3.20473e-08 1.89097e+06 8.31924e-05 8.60491e-05 8.01088e-23 2.60702e-17 -68910.8 0 0 2.40622e-34 0 0 4.5727e-26 0 0 0 0 0 0 5.30246e-12 5.30246e-12 5.30246e-12 5.30246e-12 
0.077 1.99435 -1.30565 4.38314e-06 -0.125676 -4.19435 3.6616e-08 1.65719e+06 8.31925e-05 8.59755e-05 8.01088e-23 2.28275e-17 -68910.8 0 0 2.41093e-34 0 0 4.35771e-26 0 0 0 0 0 0 5.30708e-12 5.30708e-12 5.30708e-12 5.30708e-12 
0.0775 1.9909 -1.3091 4.38314e-06 -0.125676 -4.1909 4.18361e-08 1.45227e+06 8.31927e-05 8.59038e-05 8.01088e-23 1.99881e-17 -68910.8 0 0 2.41093e-34 0 0 5.36245e-26 0 0 0 0 0 0 5.31161e-12 5.31161e-12 5.31161e-12 5.31161e-12 
0.078 1.98746 -1.31254 4.38314e-06 -0.125676 -4.18746 4.78003e-08 1.27265e+06 8.31928e-05 8.58339e-05 8.01088e-23 1.75017e-17 -68910.8 0 0 2.39681e-34 0 0 4.78522e-26 0 0 0 0 0 0 5.31605e-12 5.31605e-12 5.31605e-12 5.31605e-12 
0.0785 1.98401 -1.31599 4.38314e-06 -0.125676 -4.18401 5.46148e-08 1.11522e+06 8.3193e-05 8.57658e-05 8.01088e-23 1.53245e-17 -68910.8 0 0 2.3921e-34 0 0 4.11129e-26 0 0 0 0 0 0 5.3204e-12 5.3204e-12 5.3204e-12 5.3204e-12 
0.079 1.98057 -1.31943 4.38314e-06 -0.125676 -4.18057 6.24008e-08 977234 8.31932e-05 8.56995e-05 8.01088e-23 1.34181e-17 -68910.8 0 0 2.3921e-34 0 0 4.15345e-26 0 0 0 0 0 0 5.32468e-12 5.32468e-12 5.32468e-12 5.32468e-12 
0.0795 1.97712 -1.32288 4.38314e-06 -0.125676 -4.17712 7.12968e-08 856300 8.31934e-05 8.56349e-05 8.01088e-23 1.17487e-17 -68910.8 0 0 2.3921e-34 0 0 4.06115e-26 0 0 0 0 0 0 5.32887e-12 5.32887e-12 5.32887e-12 5.32887e-12 
0.08 1.97367 -1.32633 4.38314e-06 -0.125676 -4.17367 8.1461e-08 750314 8.31936e-05 8.5572e-05 8.01088e-23 1.0287e-17 -68910.8 0 0 2.38268e-34 0 0 4.35195e-26 0 0 0 0 0 0 5.33298e-12 5.33298e-12 5.33298e-12 5.33298e-12 
0.0805 1.97023 -1.32977 4.38314e-06 -0.125676 -4.17023 9.30741e-08 657429 8.31937e-05 8.55108e-05 8.01088e-23 9.00708e-18 -68910.8 0 0 2.38268e-34 0 0 4.50749e-26 0 0 0 0 0 0 5.33701e-12 5.33701e-12 5.33701e-12 5.33701e-12 
0.081 1.96678 -1.33322 4.38314e-06 -0.125676 -4.16678 1.06343e-07 576029 8.31939e-05 8.54511e-05 8.01088e-23 7.88636e-18 -68910.8 0 0 2.39681e-34 0 0 4.69938e-26 0 0 0 0 0 0 5.34096e-12 5.34096e-12 5.34096e-12 5.34096e-12 
0.0815 1.96334 -1.33666 4.38314e-06 -0.125676 -4.16334 1.21503e-07 504695 8.31941e-05 8.53929e-05 8.01088e-23 6.90504e-18 -68910.8 0 0 2.40622e-34 0 0 4.91615e-26 0 0 0 0 0 0 5.34484e-12 5.34484e-12 5.34484e-12 5.34484e-12 
0.082 1.95989 -1.34011 4.38314e-06 -0.125676 -4.15989 1.38825e-07 442185 8.31943e-05 8.53362e-05 8.01088e-23 6.0458e-18 -68910.8 0 0 2.42506e-34 0 0 5.11539e-26 0 0 0 0 0 0 5.34864e-12 5.34864e-12 5.34864e-12 5.34864e-12 
0.0825 1.95645 -1.34355 4.38314e-06 -0.125676 -4.15645 1.58616e-07 387408 8.31945e-05 8.5281e-05 8.01088e-23 5.29344e-18 -68910.8 0 0 2.4439e-34 0 0 5.29809e-26 0 0 0 0 0 0 5.35236e-12 5.35236e-12 5.35236e-12 5.35236e-12 
0.083 1.953 -1.347 4.38314e-06 -0.125676 -4.153 1.81228e-07 339410 8.31948e-05 8.52273e-05 8.01088e-23 4.63469e-18 -68910.8 0 0 2.4486e-34 0 0 5.18865e-26 0 0 0 0 0 0 5.35601e-12 5.35601e-12 5.35601e-12 5.35601e-12 
0.0835 1.94956 -1.35044 4.38314e-06 -0.125676 -4.14956 2.07064e-07 297351 8.3195e-05 8.51749e-05 8.01088e-23 4.05789e-18 -68910.8 0 0 2.45331e-34 0 0 5.15012e-26 0 0 0 0 0 0 5.35959e-12 5.35959e-12 5.35959e-12 5.35959e-12 
0.084 1.94611 -1.35389 4.38314e-06 -0.125676 -4.14611 2.36583e-07 260499 8.31952e-05 8.51239e-05 8.01088e-23 3.55285e-18 -68910.8 0 0 2.46744e-34 0 0 5.20562e-26 0 0 0 0 0 0 5.3631e-12 5.3631e-12 5.3631e-12 5.3631e-12 
0.0845 1.94266 -1.35734 4.38314e-06 -0.125676 -4.14266 2.7031e-07 228209 8.31954e-05 8.50742e-05 8.01088e-23 3.11066e-18 -68910.8 0 0 2.48627e-34 0 0 5.20772e-26 0 0 0 0 0 0 5.36654e-12 5.36654e-12 5.36654e-12 5.36654e-12 
0.085 1.93922 -1.36078 4.38314e-06 -0.125676 -4.13922 3.08845e-07 199918 8.31957e-05 8.50257e-05 8.01088e-23 2.72348e-18 -68910.8 0 0 2.48627e-34 0 0 5.1988e-26 0 0 0 0 0 0 5.3699e-12 5.3699e-12 5.3699e-12 5.3699e-12 
0.0855 1.93577 -1.36423 4.38314e-06 -0.125676 -4.13577 3.52874e-07 175130 8.31959e-05 8.49785e-05 8.01088e-23 2.38449e-18 -68910.8 0 0 2.48627e-34 0 0 5.14222e-26 0 0 0 0 0 0 5.3732e-12 5.3732e-12 5.3732e-12 5.3732e-12 
0.086 1.93233 -1.36767 4.38314e-06 -0.125676 -4.13233 4.03179e-07 153413 8.31962e-05 8.49326e-05 8.01088e-23 2.08767e-18 -68910.8 0 0 2.48157e-34 0 0 5.18607e-26 0 0 0 0 0 0 5.37644e-12 5.37644e-12 5.37644e-12 5.37644e-12 
0.0865 1.92888 -1.37112 4.38314e-06 -0.125676 -4.12888 4.60656e-07 134386 8.31964e-05 8.48878e-05 8.01088e-23 1.8278e-18 -68910.8 0 0 2.45331e-34 0 0 5.24304e-26 0 0 0 0 0 0 5.37961e-12 5.37961e-12 5.37961e-12 5.37961e-12 
0.087 1.92544 -1.37456 4.38314e-06 -0.125676 -4.12544 5.26326e-07 117717 8.31967e-05 8.48442e-05 8.01088e-23 1.60027e-18 -68910.8 0 0 2.43919e-34 0 0 5.27147e-26 0 0 0 0 0 0 5.38271e-12 5.38271e-12 5.38271e-12 5.38271e-12 
0.0875 1.92199 -1.37801 4.38314e-06 -0.125676 -4.12199 6.01358e-07 103113 8.31969e-05 8.48017e-05 8.01088e-23 1.40105e-18 -68910.8 0 0 2.43919e-34 0 0 5.23685e-26 0 0 0 0 0 0 5.38575e-12 5.38575e-12 5.38575e-12 5.38575e-12 
0.088 1.91855 -1.38145 4.38314e-06 -0.125676 -4.11855 6.87086e-07 90319.7 8.31972e-05 8.47602e-05 8.01088e-23 1.22663e-18 -68910.8 0 0 2.4439e-34 0 0 5.22091e-26 0 0 0 0 0 0 5.38873e-12 5.38873e-12 5.38873e-12 5.38873e-12 
0.0885 1.9151 -1.3849 4.38314e-06 -0.125676 -4.1151 7.85036e-07 79112.1 8.31975e-05 8.47199e-05 8.01088e-23 1.07392e-18 -68910.8 0 0 2.4439e-34 0 0 5.23302e-26 0 0 0 0 0 0 5.39165e-12 5.39165e-12 5.39165e-12 5.39165e-12 
0.089 1.91165 -1.38835 4.38314e-06 -0.125676 -4.11165 8.96948e-07 69294 8.31978e-05 8.46806e-05 8.01088e-23 9.40215e-19 -68910.8 0 0 2.4439e-34 0 0 5.23393e-26 0 0 0 0 0 0 5.39451e-12 5.39451e-12 5.39451e-12 5.39451e-12 
0.0895 1.90821 -1.39179 4.38314e-06 -0.125676 -4.10821 1.02481e-06 60693.4 8.31981e-05 8.46423e-05 8.01088e-23 8.23155e-19 -68910.8 0 0 2.43448e-34 0 0 5.21718e-26 0 0 0 0 0 0 5.3973e-12 5.3973e-12 5.3973e-12 5.3973e-12 
0.09 1.90476 -1.39524 4.38314e-06 -0.125676 -4.10476 1.17091e-06 53159.4 8.31984e-05 8.4605e-05 8.01088e-23 7.20667e-19 -68910.8 0 0 2.43448e-34 0 0 5.23129e-26 0 0 0 0 0 0 5.40004e-12 5.40004e-12 5.40004e-12 5.40004e-12 
0.0905 1.90132 -1.39868 4.38314e-06 -0.125676 -4.10132 1.33783e-06 46559.8 8.31987e-05 8.45686e-05 8.01088e-23 6.30937e-19 -68910.8 0 0 2.4439e-34 0 0 5.25049e-26 0 0 0 0 0 0 5.40273e-12 5.40273e-12 5.40273e-12 5.40273e-12 
0.091 1.89787 -1.40213 4.38314e-06 -0.125676 -4.09787 1.52855e-06 40778.9 8.3199e-05 8.45332e-05 8.01088e-23 5.52378e-19 -68910.8 0 0 2.4486e-34 0 0 5.24508e-26 0 0 0 0 0 0 5.40535e-12 5.40535e-12 5.40535e-12 5.40535e-12 
0.0915 1.89443 -1.40557 4.38314e-06 -0.125676 -4.09443 1.74645e-06 35715.2 8.31994e-05 8.44987e-05 8.01088e-23 4.83599e-19 -68910.8 0 0 2.4486e-34 0 0 5.24443e-26 0 0 0 0 0 0 5.40793e-12 5.40793e-12 5.40793e-12 5.40793e-12 
0.092 1.89098 -1.40902 4.38314e-06 -0.125676 -4.09098 1.99542e-06 31279.8 8.31997e-05 8.44651e-05 8.01089e-23 4.23384e-19 -68910.8 0 0 2.43448e-34 0 0 5.23578e-26 0 0 0 0 0 0 5.41044e-12 5.41044e-12 5.41044e-12 5.41044e-12 
0.0925 1.88754 -1.41246 4.38314e-06 -0.125676 -4.08754 2.27987e-06 27394.8 8.32e-05 8.44323e-05 8.01089e-23 3.70665e-19 -68910.8 0 0 2.42977e-34 0 0 5.23977e-26 0 0 0 0 0 0 5.41291e-12 5.41291e-12 5.41291e-12 5.41291e-12 
0.093 1.88409 -1.41591 4.38314e-06 -0.125676 -4.08409 2.60488e-06 23992 8.32004e-05 8.44004e-05 8.01089e-23 3.24511e-19 -68910.8 0 0 2.41564e-34 0 0 5.24445e-26 0 0 0 0 0 0 5.41532e-12 5.41532e-12 5.41532e-12 5.41532e-12 
0.0935 1.88064 -1.41936 4.38314e-06 -0.125676 -4.08064 2.97622e-06 21011.6 8.32008e-05 8.43693e-05 8.01089e-23 2.84103e-19 -68910.8 0 0 2.39681e-34 0 0 5.23708e-26 0 0 0 0 0 0 5.41768e-12 5.41768e-12 5.41768e-12 5.41768e-12 
0.094 1.8772 -1.4228 4.38314e-06 -0.125676 -4.0772 3.40049e-06 18401.1 8.32011e-05 8.4339e-05 8.01089e-23 2.48727e-19 -68910.8 0 0 2.39681e-34 0 0 5.23172e-26 0 0 0 0 0 0 5.41999e-12 5.41999e-12 5.41999e-12 5.41999e-12 
0.0945 1.87375 -1.42625 4.38314e-06 -0.125676 -4.07375 3.88524e-06 16114.8 8.32015e-05 8.43095e-05 8.01089e-23 2.17757e-19 -68910.8 0 0 2.40623e-34 0 0 5.23413e-26 0 0 0 0 0 0 5.42225e-12 5.42225e-12 5.42225e-12 5.42225e-12 
0.095 1.87031 -1.42969 4.38314e-06 -0.125676 -4.07031 4.4391e-06 14112.3 8.32019e-05 8.42808e-05 8.01089e-23 1.90643e-19 -68910.8 0 0 2.42035e-34 0 0 5.23991e-26 0 0 0 0 0 0 5.42446e-12 5.42446e-12 5.42446e-12 5.42446e-12 
0.0955 1.86686 -1.43314 4.38314e-06 -0.125676 -4.06686 5.07191e-06 12358.5 8.32023e-05 8.42527e-05 8.01089e-23 1.66905e-19 -68910.8 0 0 2.42035e-34 0 0 5.2432e-26 0 0 0 0 0 0 5.42663e-12 5.42663e-12 5.42663e-12 5.42663e-12 
0.096 1.86342 -1.43658 4.38314e-06 -0.125676 -4.06342 5.79492e-06 10822.6 8.32028e-05 8.42254e-05 8.01089e-23 1.46124e-19 -68910.8 0 0 2.40623e-34 0 0 5.24097e-26 0 0 0 0 0 0 5.42875e-12 5.42875e-12 5.42875e-12 5.42875e-12 
0.0965 1.85997 -1.44003 4.38314e-06 -0.125676 -4.05997 6.621e-06 9477.35 8.32032e-05 8.41988e-05 8.01089e-23 1.27931e-19 -68910.8 0 0 2.38739e-34 0 0 5.24088e-26 0 0 0 0 0 0 5.43082e-12 5.43082e-12 5.43082e-12 5.43082e-12 
0.097 1.85653 -1.44347 4.38314e-06 -0.125676 -4.05653 7.56484e-06 8299.25 8.32036e-05 8.41729e-05 8.01089e-23 1.12004e-19 -68910.8 0 0 2.37327e-34 0 0 5.2405e-26 0 0 0 0 0 0 5.43284e-12 5.43284e-12 5.43284e-12 5.43284e-12 
0.0975 1.85308 -1.44692 4.38314e-06 -0.125676 -4.05308 8.64322e-06 7267.51 8.32041e-05 8.41477e-05 8.01089e-23 9.80603e-20 -68910.8 0 0 2.38268e-34 0 0 5.24098e-26 0 0 0 0 0 0 5.43482e-12 5.43482e-12 5.43482e-12 5.43482e-12 
0.098 1.84963 -1.45037 4.38314e-06 -0.125676 -4.04963 9.87533e-06 6363.96 8.32045e-05 8.41231e-05 8.0109e-23 8.58536e-20 -68910.8 0 0 2.38739e-34 0 0 5.24545e-26 0 0 0 0 0 0 5.43676e-12 5.43676e-12 5.43676e-12 5.43676e-12 
0.0985 1.84619 -1.45381 4.38314e-06 -0.125676 -4.04619 1.12831e-05 5572.68 8.3205e-05 8.40991e-05 8.0109e-23 7.51673e-20 -68910.8 0 0 2.38268e-34 0 0 5.24541e-26 0 0 0 0 0 0 5.43866e-12 5.43866e-12 5.43866e-12 5.43866e-12 
0.099 1.84274 -1.45726 4.38314e-06 -0.125676 -4.04274 1.28915e-05 4879.73 8.32055e-05 8.40757e-05 8.0109e-23 6.58122e-20 -68910.8 0 0 2.36856e-34 0 0 5.24313e-26 0 0 0 0 0 0 5.44051e-12 5.44051e-12 5.44051e-12 5.44051e-12 
0.0995 1.8393 -1.4607 4.38314e-06 -0.125676 -4.0393 1.47292e-05 4272.9 8.3206e-05 8.4053e-05 8.0109e-23 5.76223e-20 -68910.8 0 0 2.35443e-34 0 0 5.24082e-26 0 0 0 0 0 0 5.44232e-12 5.44232e-12 5.44232e-12 5.44232e-12 
0.1 1.83585 -1.46415 4.38314e-06 -0.125676 -4.03585 1.68288e-05 3741.5 8.32065e-05 8.40308e-05 8.0109e-23 5.04527e-20 -68910.8 0 0 2.36385e-34 0 0 5.24091e-26 0 0 0 0 0 0 5.44409e-12 5.44409e-12 5.44409e-12 5.44409e-12 
0.1005 1.83241 -1.46759 4.38314e-06 -0.125676 -4.03241 1.92277e-05 3276.15 8.3207e-05 8.40092e-05 8.01091e-23 4.41762e-20 -68910.8 0 0 2.37798e-34 0 0 5.24224e-26 0 0 0 0 0 0 5.44582e-12 5.44582e-12 5.44582e-12 5.44582e-12 
0.101 1.82896 -1.47104 4.38314e-06 -0.125676 -4.02896 2.19686e-05 2868.64 8.32076e-05 8.39881e-05 8.01091e-23 3.86817e-20 -68910.8 0 0 2.39211e-34 0 0 5.2431e-26 0 0 0 0 0 0 5.44751e-12 5.44751e-12 5.44751e-12 5.44751e-12 
0.1015 1.82552 -1.47448 4.38314e-06 -0.125676 -4.02552 2.51002e-05 2511.8 8.32081e-05 8.39676e-05 8.01092e-23 3.38716e-20 -68910.8 0 0 2.39211e-34 0 0 5.24215e-26 0 0 0 0 0 0 5.44916e-12 5.44916e-12 5.44916e-12 5.44916e-12 
0.102 1.82207 -1.47793 4.38314e-06 -0.125676 -4.02207 2.86782e-05 2199.33 8.32087e-05 8.39476e-05 8.01092e-23 2.96609e-20 -68910.8 0 0 2.38269e-34 0 0 5.2429e-26 0 0 0 0 0 0 5.45078e-12 5.45078e-12 5.45078e-12 5.45078e-12 
0.1025 1.81862 -1.48138 4.38314e-06 -0.125676 -4.01862 3.27662e-05 1925.71 8.32093e-05 8.39282e-05 8.01093e-23 2.59747e-20 -68910.8 0 0 2.37798e-34 0 0 5.24281e-26 0 0 0 0 0 0 5.45235e-12 5.45235e-12 5.45235e-12 5.45235e-12 
0.103 1.81518 -1.48482 4.38314e-06 -0.125676 -4.01518 3.74369e-05 1686.12 8.32099e-05 8.39092e-05 8.01093e-23 2.27478e-20 -68910.8 0 0 2.38269e-34 0 0 5.24254e-26 0 0 0 0 0 0 5.45389e-12 5.45389e-12 5.45389e-12 5.45389e-12 
0.1035 1.81173 -1.48827 4.38314e-06 -0.125676 -4.01173 4.27734e-05 1476.32 8.32105e-05 8.38907e-05 8.01094e-23 1.9923e-20 -68910.8 0 0 2.39211e-34 0 0 5.24277e-26 0 0 0 0 0 0 5.4554e-12 5.4554e-12 5.4554e-12 5.4554e-12 
0.104 1.80829 -1.49171 4.38314e-06 -0.125676 -4.00829 4.88705e-05 1292.61 8.32111e-05 8.38727e-05 8.01095e-23 1.74501e-20 -68910.8 0 0 2.39212e-34 0 0 5.24306e-26 0 0 0 0 0 0 5.45687e-12 5.45687e-12 5.45687e-12 5.45687e-12 
0.1045 1.80484 -1.49516 4.38314e-06 -0.125676 -4.00484 5.58368e-05 1131.76 8.32118e-05 8.38551e-05 8.01096e-23 1.52853e-20 -68910.8 0 0 2.39683e-34 0 0 5.2428e-26 0 0 0 0 0 0 5.4583e-12 5.4583e-12 5.4583e-12 5.4583e-12 
0.105 1.8014 -1.4986 4.38314e-06 -0.125676 -4.0014 6.3796e-05 990.909 8.32125e-05 8.3838e-05 8.01097e-23 1.33903e-20 -68910.8 0 0 2.41567e-34 0 0 5.24248e-26 0 0 0 0 0 0 5.4597e-12 5.4597e-12 5.4597e-12 5.4597e-12 
0.1055 1.79795 -1.50205 4.38314e-06 -0.125676 -3.99795 7.28898e-05 867.583 8.32131e-05 8.38213e-05 8.01098e-23 1.17315e-20 -68910.8 0 0 2.41567e-34 0 0 5.24293e-26 0 0 0 0 0 0 5.46107e-12 5.46107e-12 5.46107e-12 5.46107e-12 
0.106 1.79451 -1.50549 4.38314e-06 -0.125676 -3.99451 8.32798e-05 759.6 8.32138e-05 8.38051e-05 8.01099e-23 1.02793e-20 -68910.8 0 0 2.39684e-34 0 0 5.24283e-26 0 0 0 0 0 0 5.4624e-12 5.4624e-12 5.4624e-12 5.4624e-12 
0.1065 1.79106 -1.50894 4.38314e-06 -0.125676 -3.99106 9.51507e-05 665.051 8.32146e-05 8.37893e-05 8.01101e-23 9.0081e-21 -68910.8 0 0 2.40155e-34 0 0 5.24239e-26 0 0 0 0 0 0 5.4637e-12 5.4637e-12 5.4637e-12 5.4637e-12 
0.107 1.78762 -1.51238 4.38314e-06 -0.125676 -3.98762 0.000108714 582.266 8.32153e-05 8.37739e-05 8.01103e-23 7.89532e-21 -68910.8 0 0 2.40627e-34 0 0 5.24235e-26 0 0 0 0 0 0 5.46497e-12 5.46497e-12 5.46497e-12 5.46497e-12 
0.1075 1.78417 -1.51583 4.38314e-06 -0.125676 -3.98417 0.00012421 509.783 8.32161e-05 8.37588e-05 8.01105e-23 6.92121e-21 -68910.8 0 0 2.40157e-34 0 0 5.24234e-26 0 0 0 0 0 0 5.46621e-12 5.46621e-12 5.46621e-12 5.46621e-12 
0.108 1.78072 -1.51928 4.38314e-06 -0.125676 -3.98072 0.000141915 446.319 8.32168e-05 8.37442e-05 8.01107e-23 6.0685e-21 -68910.8 0 0 2.40628e-34 0 0 5.24232e-26 0 0 0 0 0 0 5.46742e-12 5.46742e-12 5.46742e-12 5.46742e-12 
0.1085 1.77728 -1.52272 4.38314e-06 -0.125676 -3.97728 0.000162144 390.753 8.32176e-05 8.37299e-05 8.0111e-23 5.32206e-21 -68910.8 0 0 2.411e-34 0 0 5.24248e-26 0 0 0 0 0 0 5.46859e-12 5.46859e-12 5.46859e-12 5.46859e-12 
0.109 1.77383 -1.52617 4.38314e-06 -0.125676 -3.97383 0.000185255 342.102 8.32185e-05 8.3716e-05 8.01113e-23 4.66865e-21 -68910.8 0 0 2.4063e-34 0 0 5.24235e-26 0 0 0 0 0 0 5.46974e-12 5.46974e-12 5.46974e-12 5.46974e-12 
0.1095 1.77039 -1.52961 4.38314e-06 -0.125676 -3.97039 0.000211662 299.507 8.32193e-05 8.37025e-05 8.01116e-23 4.09668e-21 -68910.8 0 0 2.39689e-34 0 0 5.24232e-26 0 0 0 0 0 0 5.47086e-12 5.47086e-12 5.47086e-12 5.47086e-12 
0.11 1.76694 -1.53306 4.38314e-06 -0.125676 -3.96694 0.000241832 262.213 8.32202e-05 8.36893e-05 8.0112e-23 3.596e-21 -68910.8 0 0 2.38749e-34 0 0 5.2423e-26 0 0 0 0 0 0 5.47195e-12 5.47195e-12 5.47195e-12 5.47195e-12 
0.1105 1.7635 -1.5365 4.38314e-06 -0.125676 -3.9635 0.000276302 229.562 8.3221e-05 8.36764e-05 8.01125e-23 3.15771e-21 -68910.8 0 0 2.3875e-34 0 0 5.24223e-26 0 0 0 0 0 0 5.47301e-12 5.47301e-12 5.47301e-12 5.47301e-12 
0.111 1.76005 -1.53995 4.38314e-06 -0.125676 -3.96005 0.000315685 200.975 8.32219e-05 8.36639e-05 8.0113e-23 2.77406e-21 -68910.8 0 0 2.3781e-34 0 0 5.24237e-26 0 0 0 0 0 0 5.47404e-12 5.47404e-12 5.47404e-12 5.47404e-12 
0.1115 1.75661 -1.54339 4.38314e-06 -0.125676 -3.95661 0.000360681 175.946 8.32229e-05 8.36517e-05 8.01136e-23 2.43823e-21 -68910.8 0 0 2.35928e-34 0 0 5.24236e-26 0 0 0 0 0 0 5.47505e-12 5.47505e-12 5.47505e-12 5.47505e-12 
0.112 1.75316 -1.54684 4.38314e-06 -0.125676 -3.95316 0.000412091 154.034 8.32238e-05 8.36398e-05 8.01143e-23 2.14425e-21 -68910.8 0 0 2.35459e-34 0 0 5.24234e-26 0 0 0 0 0 0 5.47603e-12 5.47603e-12 5.47603e-12 5.47603e-12 
0.1125 1.74971 -1.55029 4.38314e-06 -0.125676 -3.94971 0.000470829 134.85 8.32248e-05 8.36282e-05 8.01151e-23 1.88692e-21 -68910.8 0 0 2.35461e-34 0 0 5.2423e-26 0 0 0 0 0 0 5.47698e-12 5.47698e-12 5.47698e-12 5.47698e-12 
0.113 1.74627 -1.55373 4.38314e-06 -0.125676 -3.94627 0.000537938 118.054 8.32258e-05 8.36169e-05 8.0116e-23 1.66167e-21 -68910.8 0 0 2.35464e-34 0 0 5.24219e-26 0 0 0 0 0 0 5.47791e-12 5.47791e-12 5.47791e-12 5.47791e-12 
0.1135 1.74282 -1.55718 4.38314e-06 -0.125676 -3.94282 0.000614611 103.35 8.32269e-05 8.36059e-05 8.0117e-23 1.4645e-21 -68910.8 0 0 2.34996e-34 0 0 5.24219e-26 0 0 0 0 0 0 5.47881e-12 5.47881e-12 5.47881e-12 5.47881e-12 
0.114 1.73938 -1.56062 4.38314e-06 -0.125676 -3.93938 0.000702213 90.4767 8.32279e-05 8.35952e-05 8.01182e-23 1.2919e-21 -68910.8 0 0 2.35941e-34 0 0 5.24219e-26 0 0 0 0 0 0 5.47968e-12 5.47968e-12 5.47968e-12 5.47968e-12 
0.1145 1.73593 -1.56407 4.38314e-06 -0.125676 -3.93593 0.000802301 79.2064 8.3229e-05 8.35847e-05 8.01195e-23 1.14082e-21 -68910.8 0 0 2.36416e-34 0 0 5.2422e-26 0 0 0 0 0 0 5.48053e-12 5.48053e-12 5.48053e-12 5.48053e-12 
0.115 1.73249 -1.56751 4.38314e-06 -0.125676 -3.93249 0.000916653 69.3396 8.32301e-05 8.35745e-05 8.0121e-23 1.00857e-21 -68910.8 0 0 2.35479e-34 0 0 5.24228e-26 0 0 0 0 0 0 5.48136e-12 5.48136e-12 5.48136e-12 5.48136e-12 
0.1155 1.72904 -1.57096 4.38314e-06 -0.125676 -3.92904 0.0010473 60.7016 8.32313e-05 8.35646e-05 8.01228e-23 8.92814e-22 -68910.8 0 0 2.36897e-34 0 0 5.24232e-26 0 0 0 0 0 0 5.48216e-12 5.48216e-12 5.48216e-12 5.48216e-12 
0.116 1.7256 -1.5744 4.38314e-06 -0.125676 -3.9256 0.00119657 53.1394 8.32324e-05 8.3555e-05 8.01248e-23 7.91485e-22 -68910.8 0 0 2.37374e-34 0 0 5.2423e-26 0 0 0 0 0 0 5.48294e-12 5.48294e-12 5.48294e-12 5.48294e-12 
0.1165 1.72215 -1.57785 4.38314e-06 -0.125676 -3.92215 0.00136712 46.5191 8.32337e-05 8.35455e-05 8.01271e-23 7.02789e-22 -68910.8 0 0 2.35967e-34 0 0 5.24229e-26 0 0 0 0 0 0 5.48369e-12 5.48369e-12 5.48369e-12 5.48369e-12 
0.117 1.7187 -1.5813 4.38314e-06 -0.125676 -3.9187 0.00156197 40.7234 8.32349e-05 8.35364e-05 8.01297e-23 6.2515e-22 -68910.8 0 0 2.35975e-34 0 0 5.24231e-26 0 0 0 0 0 0 5.48442e-12 5.48442e-12 5.48442e-12 5.48442e-12 
0.1175 1.71526 -1.58474 4.38314e-06 -0.125676 -3.91526 0.00178459 35.6495 8.32362e-05 8.35274e-05 8.01326e-23 5.57191e-22 -68910.8 0 0 2.35042e-34 0 0 5.2423e-26 0 0 0 0 0 0 5.48513e-12 5.48513e-12 5.48513e-12 5.48513e-12 
0.118 1.71181 -1.58819 4.38314e-06 -0.125676 -3.91181 0.00203894 31.2077 8.32375e-05 8.35187e-05 8.0136e-23 4.97704e-22 -68910.8 0 0 2.33639e-34 0 0 5.2423e-26 0 0 0 0 0 0 5.48582e-12 5.48582e-12 5.48582e-12 5.48582e-12 
0.1185 1.70837 -1.59163 4.38314e-06 -0.125676 -3.90837 0.00232954 27.3192 8.32388e-05 8.35102e-05 8.01399e-23 4.45634e-22 -68910.8 0 0 2.34121e-34 0 0 5.24235e-26 0 0 0 0 0 0 5.48648e-12 5.48648e-12 5.48648e-12 5.48648e-12 
0.119 1.70492 -1.59508 4.38314e-06 -0.125676 -3.90492 0.00266155 23.9151 8.32402e-05 8.35019e-05 8.01443e-23 4.00056e-22 -68910.8 0 0 2.34134e-34 0 0 5.24241e-26 0 0 0 0 0 0 5.48712e-12 5.48712e-12 5.48712e-12 5.48712e-12 
0.1195 1.70148 -1.59852 4.38314e-06 -0.125676 -3.90148 0.00304088 20.935 8.32416e-05 8.34939e-05 8.01494e-23 3.60161e-22 -68910.8 0 0 2.33207e-34 0 0 5.24248e-26 0 0 0 0 0 0 5.48774e-12 5.48774e-12 5.48774e-12 5.48774e-12 
0.12 1.69803 -1.60197 4.38314e-06 -0.125676 -3.89803 0.00347426 18.3263 8.3243e-05 8.3486e-05 8.01552e-23 3.25239e-22 -68910.8 0 0 2.32753e-34 0 0 5.24253e-26 0 0 0 0 0 0 5.48834e-12 5.48834e-12 5.48834e-12 5.48834e-12 
0.1205 1.69459 -1.60541 4.38314e-06 -0.125676 -3.89459 0.00396941 16.0425 8.32445e-05 8.34783e-05 8.01618e-23 2.94672e-22 -68910.8 0 0 2.33243e-34 0 0 5.24259e-26 0 0 0 0 0 0 5.48892e-12 5.48892e-12 5.48892e-12 5.48892e-12 
0.121 1.69114 -1.60886 4.38314e-06 -0.125676 -3.89114 0.00453513 14.0433 8.3246e-05 8.34709e-05 8.01693e-23 2.67917e-22 -68910.8 0 0 2.32322e-34 0 0 5.24266e-26 0 0 0 0 0 0 5.48948e-12 5.48948e-12 5.48948e-12 5.48948e-12 
0.1215 1.68769 -1.61231 4.38314e-06 -0.125676 -3.88769 0.00518146 12.2931 8.32476e-05 8.34636e-05 8.01779e-23 2.44497e-22 -68910.8 0 0 2.30934e-34 0 0 5.24272e-26 0 0 0 0 0 0 5.49001e-12 5.49001e-12 5.49001e-12 5.49001e-12 
0.122 1.68425 -1.61575 4.38314e-06 -0.125676 -3.88425 0.0059199 10.7611 8.32492e-05 8.34565e-05 8.01878e-23 2.23997e-22 -68910.8 0 0 2.30491e-34 0 0 5.24277e-26 0 0 0 0 0 0 5.49053e-12 5.49053e-12 5.49053e-12 5.49053e-12 
0.1225 1.6808 -1.6192 4.38314e-06 -0.125676 -3.8808 0.00676357 9.41991 8.32509e-05 8.34496e-05 8.0199e-23 2.06054e-22 -68910.8 0 0 2.31938e-34 0 0 5.24281e-26 0 0 0 0 0 0 5.49103e-12 5.49103e-12 5.49103e-12 5.49103e-12 
0.123 1.67736 -1.62264 4.38314e-06 -0.125676 -3.87736 0.00772747 8.24587 8.32525e-05 8.34429e-05 8.02119e-23 1.90348e-22 -68910.8 0 0 2.33861e-34 0 0 5.24283e-26 0 0 0 0 0 0 5.4915e-12 5.4915e-12 5.4915e-12 5.4915e-12 
0.1235 1.67391 -1.62609 4.38314e-06 -0.125676 -3.87391 0.00882873 7.21812 8.32543e-05 8.34363e-05 8.02266e-23 1.76601e-22 -68910.8 0 0 2.32489e-34 0 0 5.24283e-26 0 0 0 0 0 0 5.49196e-12 5.49196e-12 5.49196e-12 5.49196e-12 
0.124 1.67047 -1.62953 4.38314e-06 -0.125676 -3.87047 0.0100869 6.31845 8.32561e-05 8.34299e-05 8.02434e-23 1.64567e-22 -68910.8 0 0 2.30651e-34 0 0 5.2428e-26 0 0 0 0 0 0 5.4924e-12 5.4924e-12 5.4924e-12 5.4924e-12 
0.1245 1.66702 -1.63298 4.38314e-06 -0.125676 -3.86702 0.0115244 5.53089 8.32579e-05 8.34237e-05 8.02626e-23 1.54035e-22 -68910.8 0 0 2.30235e-34 0 0 5.24275e-26 0 0 0 0 0 0 5.49282e-12 5.49282e-12 5.49282e-12 5.49282e-12 
0.125 1.66358 -1.63642 4.38314e-06 -0.125676 -3.86358 0.0131667 4.84149 8.32598e-05 8.34177e-05 8.02845e-23 1.44815e-22 -68910.8 0 0 2.3077e-34 0 0 5.24267e-26 0 0 0 0 0 0 5.49321e-12 5.49321e-12 5.49321e-12 5.49321e-12 
0.1255 1.66013 -1.63987 4.38314e-06 -0.125676 -3.86013 0.0150431 4.23799 8.32617e-05 8.34117e-05 8.03095e-23 1.36746e-22 -68910.8 0 0 2.30842e-34 0 0 5.24257e-26 0 0 0 0 0 0 5.49359e-12 5.49359e-12 5.49359e-12 5.49359e-12 
0.126 1.65668 -1.64332 4.38314e-06 -0.125676 -3.85668 0.0171868 3.70972 8.32637e-05 8.3406e-05 8.03381e-23 1.29682e-22 -68910.8 0 0 2.31397e-34 0 0 5.24244e-26 0 0 0 0 0 0 5.49396e-12 5.49396e-12 5.49396e-12 5.49396e-12 
0.1265 1.65324 -1.64676 4.38314e-06 -0.125676 -3.85324 0.019636 3.24728 8.32657e-05 8.34004e-05 8.03708e-23 1.235e-22 -68910.8 0 0 2.31019e-34 0 0 5.24229e-26 0 0 0 0 0 0 5.4943e-12 5.4943e-12 5.4943e-12 5.4943e-12 
0.127 1.64979 -1.65021 4.38314e-06 -0.125676 -3.84979 0.0224341 2.84248 8.32678e-05 8.33949e-05 8.04081e-23 1.18088e-22 -68910.8 0 0 2.29236e-34 0 0 5.24212e-26 0 0 0 0 0 0 5.49462e-12 5.49462e-12 5.49462e-12 5.49462e-12 
0.1275 1.64635 -1.65365 4.38314e-06 -0.125676 -3.84635 0.025631 2.48813 8.32699e-05 8.33896e-05 8.04508e-23 1.13351e-22 -68910.8 0 0 2.30778e-34 0 0 5.24193e-26 0 0 0 0 0 0 5.49493e-12 5.49493e-12 5.49493e-12 5.49493e-12 
0.128 1.6429 -1.6571 4.38314e-06 -0.125676 -3.8429 0.0292834 2.17795 8.32721e-05 8.33844e-05 8.04995e-23 1.09205e-22 -68910.8 0 0 2.33284e-34 0 0 5.24174e-26 0 0 0 0 0 0 5.49522e-12 5.49522e-12 5.49522e-12 5.49522e-12 
0.1285 1.63946 -1.66054 4.38314e-06 -0.125676 -3.83946 0.0334562 1.90643 8.32743e-05 8.33793e-05 8.05552e-23 1.05577e-22 -68910.8 0 0 2.33446e-34 0 0 5.24153e-26 0 0 0 0 0 0 5.49549e-12 5.49549e-12 5.49549e-12 5.49549e-12 
0.129 1.63601 -1.66399 4.38314e-06 -0.125676 -3.83601 0.0382235 1.66876 8.32766e-05 8.33744e-05 8.06188e-23 1.024e-22 -68910.8 0 0 2.31735e-34 0 0 5.24132e-26 0 0 0 0 0 0 5.49574e-12 5.49574e-12 5.49574e-12 5.49574e-12 
0.1295 1.63257 -1.66743 4.38314e-06 -0.125676 -3.83257 0.0436702 1.46071 8.3279e-05 8.33696e-05 8.06915e-23 9.962e-23 -68910.8 0 0 2.30522e-34 0 0 5.24111e-26 0 0 0 0 0 0 5.49598e-12 5.49598e-12 5.49598e-12 5.49598e-12 
0.13 1.62912 -1.67088 4.38314e-06 -0.125676 -3.82912 0.0498928 1.2786 8.32814e-05 8.33649e-05 8.07746e-23 9.71865e-23 -68910.8 0 0 2.2981e-34 0 0 5.24091e-26 0 0 0 0 0 0 5.49619e-12 5.49619e-12 5.49619e-12 5.49619e-12 
0.1305 1.62567 -1.67433 4.38314e-06 -0.125676 -3.82567 0.0570021 1.11919 8.32839e-05 8.33603e-05 8.08694e-23 9.50565e-23 -68910.8 0 0 2.30083e-34 0 0 5.24071e-26 0 0 0 0 0 0 5.49639e-12 5.49639e-12 5.49639e-12 5.49639e-12 
0.131 1.62223 -1.67777 4.38314e-06 -0.125676 -3.82223 0.0651242 0.979649 8.32865e-05 8.33559e-05 8.09778e-23 9.31921e-23 -68910.8 0 0 2.3182e-34 0 0 5.24051e-26 0 0 0 0 0 0 5.49657e-12 5.49657e-12 5.49657e-12 5.49657e-12 
0.1315 1.61878 -1.68122 4.38314e-06 -0.125676 -3.81878 0.0744036 0.857505 8.32891e-05 8.33516e-05 8.11017e-23 9.15603e-23 -68910.8 0 0 2.32176e-34 0 0 5.24033e-26 0 0 0 0 0 0 5.49674e-12 5.49674e-12 5.49674e-12 5.49674e-12 
0.132 1.61534 -1.68466 4.38314e-06 -0.125676 -3.81534 0.0850049 0.750589 8.32918e-05 8.33474e-05 8.12432e-23 9.0132e-23 -68910.8 0 0 2.31627e-34 0 0 5.24016e-26 0 0 0 0 0 0 5.49689e-12 5.49689e-12 5.49689e-12 5.49689e-12 
0.1325 1.61189 -1.68811 4.38314e-06 -0.125676 -3.81189 0.0971167 0.657001 8.32946e-05 8.33432e-05 8.14049e-23 8.88818e-23 -68910.8 0 0 2.30175e-34 0 0 5.24e-26 0 0 0 0 0 0 5.49702e-12 5.49702e-12 5.49702e-12 5.49702e-12 
0.133 1.60845 -1.69155 4.38314e-06 -0.125676 -3.80845 0.110954 0.575081 8.32974e-05 8.33392e-05 8.15896e-23 8.77875e-23 -68910.8 0 0 2.29262e-34 0 0 5.23985e-26 0 0 0 0 0 0 5.49713e-12 5.49713e-12 5.49713e-12 5.49713e-12 
0.1335 1.605 -1.695 4.38314e-06 -0.125676 -3.805 0.126763 0.503375 8.33003e-05 8.33353e-05 8.18006e-23 8.68298e-23 -68910.8 0 0 2.29376e-34 0 0 5.23971e-26 0 0 0 0 0 0 5.49723e-12 5.49723e-12 5.49723e-12 5.49723e-12 
0.134 1.60156 -1.69844 4.38314e-06 -0.125676 -3.80156 0.144823 0.440608 8.33033e-05 8.33315e-05 8.20417e-23 8.59915e-23 -68910.8 0 0 2.31023e-34 0 0 5.23959e-26 0 0 0 0 0 0 5.49731e-12 5.49731e-12 5.49731e-12 5.49731e-12 
0.1345 1.59811 -1.70189 4.38314e-06 -0.125676 -3.79811 0.165457 0.385667 8.33064e-05 8.33278e-05 8.23172e-23 8.52577e-23 -68910.8 0 0 2.31797e-34 0 0 5.23948e-26 0 0 0 0 0 0 5.49737e-12 5.49737e-12 5.49737e-12 5.49737e-12 
0.135 1.59466 -1.70534 4.38314e-06 -0.125676 -3.79466 0.18903 0.337576 8.33095e-05 8.33242e-05 8.26319e-23 8.46155e-23 -68910.8 0 0 2.32693e-34 0 0 5.23937e-26 0 0 0 0 0 0 5.49741e-12 5.49741e-12 5.49741e-12 5.49741e-12 
0.1355 1.59122 -1.70878 4.38314e-06 -0.125676 -3.79122 0.215961 0.295481 8.33127e-05 8.33207e-05 8.29915e-23 8.40533e-23 -68910.8 0 0 2.33703e-34 0 0 5.23928e-26 0 0 0 0 0 0 5.49744e-12 5.49744e-12 5.49744e-12 5.49744e-12 
0.136 1.58777 -1.71223 4.38314e-06 -0.125676 -3.78777 0.246729 0.258635 8.33161e-05 8.33172e-05 8.34023e-23 8.35613e-23 -68910.8 0 0 2.32414e-34 0 0 5.23919e-26 0 0 0 0 0 0 5.49745e-12 5.49745e-12 5.49745e-12 5.49745e-12 
0.1365 1.58433 -1.71567 4.38314e-06 -0.125676 -3.78433 0.281879 0.226383 8.33195e-05 8.33139e-05 8.38717e-23 8.31307e-23 -68910.8 0 0 2.3225e-34 0 0 5.23912e-26 0 0 0 0 0 0 5.49745e-12 5.49745e-12 5.49745e-12 5.49745e-12 
0.137 1.58088 -1.71912 4.38314e-06 -0.125676 -3.78088 0.322036 0.198152 8.33229e-05 8.33106e-05 8.44079e-23 8.27537e-23 -68910.8 0 0 2.3225e-34 0 0 5.23905e-26 0 0 0 0 0 0 5.49743e-12 5.49743e-12 5.49743e-12 5.49743e-12 
0.1375 1.57744 -1.72256 4.38314e-06 -0.125676 -3.77744 0.367914 0.173442 8.33265e-05 8.33075e-05 8.50206e-23 8.24238e-23 -68910.8 0 0 2.29434e-34 0 0 5.23899e-26 0 0 0 0 0 0 5.49739e-12 5.49739e-12 5.49739e-12 5.49739e-12 
0.138 1.57399 -1.72601 4.38314e-06 -0.125676 -3.77399 0.420326 0.151812 8.33302e-05 8.33044e-05 8.57206e-23 8.2135e-23 -68910.8 0 0 2.27816e-34 0 0 5.23894e-26 0 0 0 0 0 0 5.49733e-12 5.49733e-12 5.49733e-12 5.49733e-12 
0.1385 1.57055 -1.72945 4.38314e-06 -0.125676 -3.77055 0.480204 0.13288 8.3334e-05 8.33014e-05 8.65203e-23 8.18823e-23 -68910.8 0 0 2.27905e-34 0 0 5.23889e-26 0 0 0 0 0 0 5.49726e-12 5.49726e-12 5.49726e-12 5.49726e-12 
0.139 1.5671 -1.7329 4.38314e-06 -0.125676 -3.7671 0.54861 0.116309 8.33378e-05 8.32984e-05 8.7434e-23 8.16611e-23 -68910.8 0 0 2.27759e-34 0 0 5.23885e-26 0 0 0 0 0 0 5.49717e-12 5.49717e-12 5.49717e-12 5.49717e-12 
0.1395 1.56366 -1.73634 4.38314e-06 -0.125676 -3.76366 0.62676 0.101804 8.33418e-05 8.32956e-05 8.84778e-23 8.14674e-23 -68910.8 0 0 2.27877e-34 0 0 5.23881e-26 0 0 0 0 0 0 5.49706e-12 5.49706e-12 5.49706e-12 5.49706e-12 
0.14 1.56021 -1.73979 4.38314e-06 -0.125676 -3.76021 0.71604 0.0891074 8.33459e-05 8.32928e-05 8.96705e-23 8.1298e-23 -68910.8 0 0 2.26741e-34 0 0 5.23877e-26 0 0 0 0 0 0 5.49694e-12 5.49694e-12 5.49694e-12 5.49694e-12 
0.1405 1.55676 -1.74324 4.38314e-06 -0.125676 -3.75676 0.818036 0.0779944 8.33501e-05 8.32901e-05 9.1033e-23 8.11496e-23 -68910.8 0 0 2.25915e-34 0 0 5.23874e-26 0 0 0 0 0 0 5.49679e-12 5.49679e-12 5.49679e-12 5.49679e-12 
0.141 1.55332 -1.74668 4.38314e-06 -0.125676 -3.75332 0.934559 0.0682673 8.33544e-05 8.32874e-05 9.25897e-23 8.10198e-23 -68910.8 0 0 2.25434e-34 0 0 5.23872e-26 0 0 0 0 0 0 5.49663e-12 5.49663e-12 5.49663e-12 5.49663e-12 
0.1415 1.54987 -1.75013 4.38314e-06 -0.125676 -3.74987 1.06768 0.0597532 8.33588e-05 8.32848e-05 9.43682e-23 8.09062e-23 -68910.8 0 0 2.25899e-34 0 0 5.23869e-26 0 0 0 0 0 0 5.49646e-12 5.49646e-12 5.49646e-12 5.49646e-12 
0.142 1.54643 -1.75357 4.38314e-06 -0.125676 -3.74643 1.21975 0.0523009 8.33633e-05 8.32823e-05 9.64002e-23 8.08067e-23 -68910.8 0 0 2.25656e-34 0 0 5.23867e-26 0 0 0 0 0 0 5.49627e-12 5.49627e-12 5.49627e-12 5.49627e-12 
0.1425 1.54298 -1.75702 4.38314e-06 -0.125676 -3.74298 1.39348 0.0457779 8.33679e-05 8.32799e-05 9.87216e-23 8.07196e-23 -68910.8 0 0 2.24725e-34 0 0 5.23865e-26 0 0 0 0 0 0 5.49605e-12 5.49605e-12 5.49605e-12 5.49605e-12 
0.143 1.53954 -1.76046 4.38314e-06 -0.125676 -3.73954 1.59196 0.0400684 8.33727e-05 8.32775e-05 1.01374e-22 8.06434e-23 -68910.8 0 0 2.2542e-34 0 0 5.23864e-26 0 0 0 0 0 0 5.49583e-12 5.49583e-12 5.49583e-12 5.49583e-12 
0.1435 1.53609 -1.76391 4.38314e-06 -0.125676 -3.73609 1.81869 0.035071 8.33776e-05 8.32751e-05 1.04404e-22 8.05767e-23 -68910.8 0 0 2.26016e-34 0 0 5.23862e-26 0 0 0 0 0 0 5.49558e-12 5.49558e-12 5.49558e-12 5.49558e-12 
0.144 1.53265 -1.76735 4.38314e-06 -0.125676 -3.73265 2.07772 0.0306968 8.33826e-05 8.32729e-05 1.07866e-22 8.05184e-23 -68910.8 0 0 2.26558e-34 0 0 5.23861e-26 0 0 0 0 0 0 5.49532e-12 5.49532e-12 5.49532e-12 5.49532e-12 
0.1445 1.5292 -1.7708 4.38314e-06 -0.125676 -3.7292 2.37363 0.0268681 8.33877e-05 8.32707e-05 1.11821e-22 8.04673e-23 -68910.8 0 0 2.24952e-34 0 0 5.2386e-26 0 0 0 0 0 0 5.49503e-12 5.49503e-12 5.49503e-12 5.49503e-12 
0.145 1.52575 -1.77425 4.38314e-06 -0.125676 -3.72575 2.71167 0.023517 8.3393e-05 8.32685e-05 1.1634e-22 8.04226e-23 -68910.8 0 0 2.23159e-34 0 0 5.2386e-26 0 0 0 0 0 0 5.49473e-12 5.49473e-12 5.49473e-12 5.49473e-12 
0.1455 1.52231 -1.77769 4.38314e-06 -0.125676 -3.72231 3.09785 0.0205837 8.33984e-05 8.32664e-05 1.21502e-22 8.03834e-23 -68910.8 0 0 2.25231e-34 0 0 5.23859e-26 0 0 0 0 0 0 5.49442e-12 5.49442e-12 5.49442e-12 5.49442e-12 
0.146 1.51886 -1.78114 4.38314e-06 -0.125676 -3.71886 3.53901 0.0180164 8.3404e-05 8.32644e-05 1.274e-22 8.03492e-23 -68910.8 0 0 2.25613e-34 0 0 5.23858e-26 0 0 0 0 0 0 5.49408e-12 5.49408e-12 5.49408e-12 5.49408e-12 
0.1465 1.51542 -1.78458 4.38314e-06 -0.125676 -3.71542 4.04298 0.0157692 8.34097e-05 8.32624e-05 1.34138e-22 8.03192e-23 -68910.8 0 0 2.25779e-34 0 0 5.23857e-26 0 0 0 0 0 0 5.49372e-12 5.49372e-12 5.49372e-12 5.49372e-12 
0.147 1.51197 -1.78803 4.38314e-06 -0.125676 -3.71197 4.61871 0.0138023 8.34155e-05 8.32604e-05 1.41836e-22 8.02929e-23 -68910.8 0 0 2.27017e-34 0 0 5.23857e-26 0 0 0 0 0 0 5.49335e-12 5.49335e-12 5.49335e-12 5.49335e-12 
0.1475 1.50853 -1.79147 4.38314e-06 -0.125676 -3.70853 5.2764 0.0120807 8.34216e-05 8.32585e-05 1.50631e-22 8.027e-23 -68910.8 0 0 2.25088e-34 0 0 5.23856e-26 0 0 0 0 0 0 5.49296e-12 5.49296e-12 5.49296e-12 5.49296e-12 
0.148 1.50508 -1.79492 4.38314e-06 -0.125676 -3.70508 6.02773 0.0105738 8.34277e-05 8.32567e-05 1.60679e-22 8.02499e-23 -68910.8 0 0 2.26076e-34 0 0 5.23856e-26 0 0 0 0 0 0 5.49255e-12 5.49255e-12 5.49255e-12 5.49255e-12 
0.1485 1.50164 -1.79836 4.38314e-06 -0.125676 -3.70164 6.88601 0.0092549 8.34341e-05 8.32549e-05 1.72158e-22 8.02323e-23 -68910.8 0 0 2.27906e-34 0 0 5.23855e-26 0 0 0 0 0 0 5.49212e-12 5.49212e-12 5.49212e-12 5.49212e-12 
0.149 1.49819 -1.80181 4.38314e-06 -0.125676 -3.69819 7.86648 0.00810048 8.34405e-05 8.32532e-05 1.85273e-22 8.02169e-23 -68910.8 0 0 2.23363e-34 0 0 5.23855e-26 0 0 0 0 0 0 5.49167e-12 5.49167e-12 5.49167e-12 5.49167e-12 
0.1495 1.49474 -1.80526 4.38314e-06 -0.125676 -3.69474 8.98652 0.00709006 8.34472e-05 8.32515e-05 2.00256e-22 8.02034e-23 -68910.8 0 0 2.21605e-34 0 0 5.23854e-26 0 0 0 0 0 0 5.4912e-12 5.4912e-12 5.4912e-12 5.4912e-12 
0.15 1.4913 -1.8087 4.38314e-06 -0.125676 -3.6913 10.266 0.00620566 8.34541e-05 8.32498e-05 2.17373e-22 8.01916e-23 -68910.8 0 0 2.26524e-34 0 0 5.23854e-26 0 0 0 0 0 0 5.49071e-12 5.49071e-12 5.49071e-12 5.49071e-12 
0.1505 1.48785 -1.81215 4.38314e-06 -0.125676 -3.68785 11.7276 0.00543158 8.34611e-05 8.32482e-05 2.36929e-22 8.01813e-23 -68910.8 0 0 2.22746e-34 0 0 5.23853e-26 0 0 0 0 0 0 5.4902e-12 5.4902e-12 5.4902e-12 5.4902e-12 
0.151 1.48441 -1.81559 4.38314e-06 -0.125676 -3.68441 13.3972 0.00475405 8.34683e-05 8.32466e-05 2.59271e-22 8.01722e-23 -68910.8 0 0 2.1985e-34 0 0 5.23853e-26 0 0 0 0 0 0 5.48967e-12 5.48967e-12 5.48967e-12 5.48967e-12 
0.1515 1.48096 -1.81904 4.38314e-06 -0.125676 -3.68096 15.3045 0.00416103 8.34757e-05 8.32451e-05 2.84795e-22 8.01643e-23 -68910.8 0 0 2.17517e-34 0 0 5.23853e-26 0 0 0 0 0 0 5.48912e-12 5.48912e-12 5.48912e-12 5.48912e-12 
0.152 1.47752 -1.82248 4.38314e-06 -0.125676 -3.67752 17.4832 0.00364198 8.34833e-05 8.32436e-05 3.13955e-22 8.01574e-23 -68910.8 0 0 2.14413e-34 0 0 5.23853e-26 0 0 0 0 0 0 5.48855e-12 5.48855e-12 5.48855e-12 5.48855e-12 
0.1525 1.47407 -1.82593 4.38314e-06 -0.125676 -3.67407 19.972 0.00318767 8.34911e-05 8.32421e-05 3.47269e-22 8.01513e-23 -68910.8 0 0 2.22944e-34 0 0 5.23853e-26 0 0 0 0 0 0 5.48796e-12 5.48796e-12 5.48796e-12 5.48796e-12 
0.153 1.47063 -1.82937 4.38314e-06 -0.125676 -3.67063 22.815 0.00279003 8.3499e-05 8.32407e-05 3.85328e-22 8.0146e-23 -68910.8 0 0 2.21791e-34 0 0 5.23853e-26 0 0 0 0 0 0 5.48735e-12 5.48735e-12 5.48735e-12 5.48735e-12 
0.1535 1.46718 -1.83282 4.38314e-06 -0.125676 -3.66718 26.0626 0.00244199 8.35072e-05 8.32393e-05 4.28809e-22 8.01414e-23 -68910.8 0 0 2.09004e-34 0 0 5.23852e-26 0 0 0 0 0 0 5.48671e-12 5.48671e-12 5.48671e-12 5.48671e-12 
0.154 1.46373 -1.83627 4.38314e-06 -0.125676 -3.66373 29.7723 0.00213737 8.35157e-05 8.32379e-05 4.78482e-22 8.01373e-23 -68910.8 0 0 2.05606e-34 0 0 5.23853e-26 0 0 0 0 0 0 5.48606e-12 5.48606e-12 5.48606e-12 5.48606e-12 
0.1545 1.46029 -1.83971 4.38314e-06 -0.125676 -3.66029 34.0099 0.00187074 8.35243e-05 8.32366e-05 5.35231e-22 8.01338e-23 -68910.8 0 0 1.94367e-34 0 0 5.23853e-26 0 0 0 0 0 0 5.48538e-12 5.48538e-12 5.48538e-12 5.48538e-12 
0.155 1.45684 -1.84316 4.38314e-06 -0.125676 -3.65684 38.8504 0.00163737 8.35332e-05 8.32353e-05 6.00063e-22 8.01307e-23 -68910.8 0 0 1.83712e-34 0 0 5.23853e-26 0 0 0 0 0 0 5.48468e-12 5.48468e-12 5.48468e-12 5.48468e-12 
0.1555 1.4534 -1.8466 4.38314e-06 -0.125676 -3.6534 44.3797 0.00143312 8.35423e-05 8.32341e-05 6.74128e-22 8.01279e-23 -68910.8 0 0 1.90481e-34 0 0 5.23853e-26 0 0 0 0 0 0 5.48395e-12 5.48395e-12 5.48395e-12 5.48395e-12 
0.156 1.44995 -1.85005 4.38314e-06 -0.125676 -3.64995 50.6956 0.00125434 8.35516e-05 8.32329e-05 7.58743e-22 8.01256e-23 -68910.8 0 0 1.86996e-34 0 0 5.23853e-26 0 0 0 0 0 0 5.48321e-12 5.48321e-12 5.48321e-12 5.48321e-12 
0.1565 1.44651 -1.85349 4.38314e-06 -0.125676 -3.64651 57.9101 0.00109786 8.35612e-05 8.32317e-05 8.55408e-22 8.01235e-23 -68910.8 0 0 1.86486e-34 0 0 5.23853e-26 0 0 0 0 0 0 5.48244e-12 5.48244e-12 5.48244e-12 5.48244e-12 
0.157 1.44306 -1.85694 4.38314e-06 -0.125676 -3.64306 66.151 0.000960906 8.3571e-05 8.32305e-05 9.65841e-22 8.01216e-23 -68910.8 0 0 1.8707e-34 0 0 5.23853e-26 0 0 0 0 0 0 5.48164e-12 5.48164e-12 5.48164e-12 5.48164e-12 
0.1575 1.43962 -1.86038 4.38314e-06 -0.125676 -3.63962 75.5642 0.000841033 8.35811e-05 8.32294e-05 1.092e-21 8.012e-23 -68910.8 0 0 1.65988e-34 0 0 5.23853e-26 0 0 0 0 0 0 5.48083e-12 5.48083e-12 5.48083e-12 5.48083e-12 
0.158 1.43617 -1.86383 4.38314e-06 -0.125676 -3.63617 86.3164 0.000736114 8.35915e-05 8.32283e-05 1.23613e-21 8.01186e-23 -68910.8 0 0 1.52767e-34 0 0 5.23852e-26 0 0 0 0 0 0 5.47999e-12 5.47999e-12 5.47999e-12 5.47999e-12 
0.1585 1.43272 -1.86728 4.38314e-06 -0.125676 -3.63272 98.598 0.000644283 8.36021e-05 8.32272e-05 1.40078e-21 8.01174e-23 -68910.8 0 0 1.5658e-34 0 0 5.23853e-26 0 0 0 0 0 0 5.47912e-12 5.47912e-12 5.47912e-12 5.47912e-12 
0.159 1.42928 -1.87072 4.38314e-06 -0.125676 -3.62928 112.626 0.000563908 8.3613e-05 8.32262e-05 1.58888e-21 8.01163e-23 -68910.8 0 0 1.48879e-34 0 0 5.23853e-26 0 0 0 0 0 0 5.47823e-12 5.47823e-12 5.47823e-12 5.47823e-12 
0.1595 1.42583 -1.87417 4.38314e-06 -0.125676 -3.62583 128.65 0.000493559 8.36242e-05 8.32252e-05 1.80377e-21 8.01154e-23 -68910.8 0 0 1.37743e-34 0 0 5.23852e-26 0 0 0 0 0 0 5.47731e-12 5.47731e-12 5.47731e-12 5.47731e-12 
0.16 1.42239 -1.87761 4.38314e-06 -0.125676 -3.62239 146.953 0.000431986 8.36357e-05 8.32242e-05 2.04926e-21 8.01146e-23 -68910.8 0 0 1.19425e-34 0 0 5.23852e-26 0 0 0 0 0 0 5.47637e-12 5.47637e-12 5.47637e-12 5.47637e-12 
0.1605 1.41894 -1.88106 4.38314e-06 -0.125676 -3.61894 167.858 0.000378095 8.36475e-05 8.32232e-05 2.32971e-21 8.01139e-23 -68910.8 0 0 9.53871e-35 0 0 5.23852e-26 0 0 0 0 0 0 5.4754e-12 5.4754e-12 5.4754e-12 5.4754e-12 
0.161 1.4155 -1.8845 4.38314e-06 -0.125676 -3.6155 191.736 0.000330926 8.36596e-05 8.32223e-05 2.65009e-21 8.01132e-23 -68910.8 0 0 7.72135e-35 0 0 5.23852e-26 0 0 0 0 0 0 5.4744e-12 5.4744e-12 5.4744e-12 5.4744e-12 
0.1615 1.41205 -1.88795 4.38314e-06 -0.125676 -3.61205 219.009 0.000289641 8.3672e-05 8.32214e-05 3.01609e-21 8.01127e-23 -68910.8 0 0 9.01791e-35 0 0 5.23852e-26 0 0 0 0 0 0 5.47338e-12 5.47338e-12 5.47338e-12 5.47338e-12 
0.162 1.40861 -1.89139 4.38314e-06 -0.125676 -3.60861 250.161 0.000253507 8.36847e-05 8.32205e-05 3.4342e-21 8.01122e-23 -68910.8 0 0 5.68729e-35 0 0 5.23852e-26 0 0 0 0 0 0 5.47233e-12 5.47233e-12 5.47233e-12 5.47233e-12 
0.1625 1.40516 -1.89484 4.38314e-06 -0.125676 -3.60516 285.741 0.000221881 8.36978e-05 8.32196e-05 3.91185e-21 8.01118e-23 -68910.8 0 0 -4.91957e-35 0 0 5.23852e-26 0 0 0 0 0 0 5.47125e-12 5.47125e-12 5.47125e-12 5.47125e-12 
0.163 1.40171 -1.89829 4.38314e-06 -0.125676 -3.60171 326.379 0.0001942 8.37112e-05 8.32187e-05 4.45751e-21 8.01114e-23 -68910.8 0 0 -1.33297e-34 0 0 5.23852e-26 0 0 0 0 0 0 5.47014e-12 5.47014e-12 5.47014e-12 5.47014e-12 
0.1635 1.39827 -1.90173 4.38314e-06 -0.125676 -3.59827 372.795 0.000169972 8.3725e-05 8.32179e-05 5.08086e-21 8.01111e-23 -68910.8 0 0 -1.16059e-34 0 0 5.23853e-26 0 0 0 0 0 0 5.469e-12 5.469e-12 5.469e-12 5.469e-12 
0.164 1.39482 -1.90518 4.38314e-06 -0.125676 -3.59482 425.808 0.000148767 8.37391e-05 8.32171e-05 5.79296e-21 8.01108e-23 -68910.8 0 0 -6.84008e-35 0 0 5.23853e-26 0 0 0 0 0 0 5.46784e-12 5.46784e-12 5.46784e-12 5.46784e-12 
0.1645 1.39138 -1.90862 4.38314e-06 -0.125676 -3.59138 486.357 0.000130207 8.37536e-05 8.32163e-05 6.60643e-21 8.01106e-23 -68910.8 0 0 -7.80066e-35 0 0 5.23853e-26 0 0 0 0 0 0 5.46664e-12 5.46664e-12 5.46664e-12 5.46664e-12 
0.165 1.38793 -1.91207 4.38314e-06 -0.125676 -3.58793 555.511 0.000113962 8.37685e-05 8.32156e-05 7.53573e-21 8.01103e-23 -68910.8 0 0 -1.36396e-34 0 0 5.23853e-26 0 0 0 0 0 0 5.46541e-12 5.46541e-12 5.46541e-12 5.46541e-12 
0.1655 1.38449 -1.91551 4.38314e-06 -0.125676 -3.58449 634.493 9.97446e-05 8.37838e-05 8.32148e-05 8.59732e-21 8.01102e-23 -68910.8 0 0 -1.48931e-34 0 0 5.23853e-26 0 0 0 0 0 0 5.46415e-12 5.46415e-12 5.46415e-12 5.46415e-12 
0.166 1.38104 -1.91896 4.38314e-06 -0.125676 -3.58104 724.7 8.73006e-05 8.37995e-05 8.32141e-05 9.81004e-21 8.011e-23 -68910.8 0 0 -2.39307e-34 0 0 5.23853e-26 0 0 0 0 0 0 5.46286e-12 5.46286e-12 5.46286e-12 5.46286e-12 
0.1665 1.3776 -1.9224 4.38314e-06 -0.125676 -3.5776 827.724 7.6409e-05 8.38156e-05 8.32134e-05 1.11954e-20 8.01098e-23 -68910.8 0 0 -4.67041e-34 0 0 5.23853e-26 0 0 0 0 0 0 5.46154e-12 5.46154e-12 5.46154e-12 5.46154e-12 
0.167 1.37415 -1.92585 4.38314e-06 -0.125676 -3.57415 945.387 6.68762e-05 8.38321e-05 8.32127e-05 1.2778e-20 8.01097e-23 -68910.8 0 0 -5.23103e-34 0 0 5.23853e-26 0 0 0 0 0 0 5.46019e-12 5.46019e-12 5.46019e-12 5.46019e-12 
0.1675 1.3707 -1.9293 4.38314e-06 -0.125676 -3.5707 1079.77 5.85327e-05 8.3849e-05 8.3212e-05 1.45858e-20 8.01096e-23 -68910.8 0 0 -6.08493e-34 0 0 5.23853e-26 0 0 0 0 0 0 5.4588e-12 5.4588e-12 5.4588e-12 5.4588e-12 
0.168 1.36726 -1.93274 4.38314e-06 -0.125676 -3.56726 1233.24 5.12301e-05 8.38664e-05 8.32114e-05 1.6651e-20 8.01095e-23 -68910.8 0 0 -5.76842e-34 0 0 5.23853e-26 0 0 0 0 0 0 5.45738e-12 5.45738e-12 5.45738e-12 5.45738e-12 
0.1685 1.36381 -1.93619 4.38314e-06 -0.125676 -3.56381 1408.51 4.48385e-05 8.38843e-05 8.32107e-05 1.90101e-20 8.01094e-23 -68910.8 0 0 -6.88271e-34 0 0 5.23853e-26 0 0 0 0 0 0 5.45592e-12 5.45592e-12 5.45592e-12 5.45592e-12 
0.169 1.36037 -1.93963 4.38314e-06 -0.125676 -3.56037 1608.68 3.92444e-05 8.39026e-05 8.32101e-05 2.1705e-20 8.01093e-23 -68910.8 0 0 -1.02518e-33 0 0 5.23853e-26 0 0 0 0 0 0 5.45443e-12 5.45443e-12 5.45443e-12 5.45443e-12 
0.1695 1.35692 -1.94308 4.38314e-06 -0.125676 -3.55692 1837.27 3.43482e-05 8.39214e-05 8.32095e-05 2.47835e-20 8.01093e-23 -68910.8 0 0 -7.0254e-34 0 0 5.23853e-26 0 0 0 0 0 0 5.4529e-12 5.4529e-12 5.4529e-12 5.4529e-12 
0.17 1.35348 -1.94652 4.38314e-06 -0.125676 -3.55348 2098.33 3.00628e-05 8.39407e-05 8.32089e-05 2.83001e-20 8.01092e-23 -68910.8 0 0 -3.34171e-34 0 0 5.23853e-26 0 0 0 0 0 0 5.45134e-12 5.45134e-12 5.45134e-12 5.45134e-12 
0.1705 1.35003 -1.94997 4.38314e-06 -0.125676 -3.55003 2396.47 2.63121e-05 8.39605e-05 8.32083e-05 3.23173e-20 8.01092e-23 -68910.8 0 0 -1.78157e-34 0 0 5.23854e-26 0 0 0 0 0 0 5.44974e-12 5.44974e-12 5.44974e-12 5.44974e-12 
0.171 1.34659 -1.95341 4.38314e-06 -0.125676 -3.54659 2736.93 2.30293e-05 8.39808e-05 8.32078e-05 3.69061e-20 8.01091e-23 -68910.8 0 0 -2.32343e-34 0 0 5.23854e-26 0 0 0 0 0 0 5.4481e-12 5.4481e-12 5.4481e-12 5.4481e-12 
0.1715 1.34314 -1.95686 4.38314e-06 -0.125676 -3.54314 3125.73 2.01561e-05 8.40017e-05 8.32072e-05 4.2148e-20 8.01091e-23 -68910.8 0 0 -2.32343e-34 0 0 5.23853e-26 0 0 0 0 0 0 5.44642e-12 5.44642e-12 5.44642e-12 5.44642e-12 
0.172 1.3397 -1.9603 4.38314e-06 -0.125676 -3.5397 3569.73 1.76413e-05 8.40231e-05 8.32067e-05 4.81358e-20 8.01091e-23 -68910.8 0 0 -3.03048e-34 0 0 5.23853e-26 0 0 0 0 0 0 5.44471e-12 5.44471e-12 5.44471e-12 5.44471e-12 
0.1725 1.33625 -1.96375 4.38314e-06 -0.125676 -3.53625 4076.76 1.54403e-05 8.40451e-05 8.32062e-05 5.49757e-20 8.0109e-23 -68910.8 0 0 -1.34139e-33 0 0 5.23853e-26 0 0 0 0 0 0 5.44295e-12 5.44295e-12 5.44295e-12 5.44295e-12 
0.173 1.3328 -1.9672 4.38314e-06 -0.125676 -3.5328 4655.75 1.35139e-05 8.40676e-05 8.32057e-05 6.27889e-20 8.0109e-23 -68910.8 0 0 -1.03834e-33 0 0 5.23853e-26 0 0 0 0 0 0 5.44115e-12 5.44115e-12 5.44115e-12 5.44115e-12 
0.1735 1.32936 -1.97064 4.38314e-06 -0.125676 -3.52936 5316.91 1.18278e-05 8.40908e-05 8.32052e-05 7.17139e-20 8.0109e-23 -68910.8 0 0 -9.03006e-34 0 0 5.23853e-26 0 0 0 0 0 0 5.43932e-12 5.43932e-12 5.43932e-12 5.43932e-12 
0.174 1.32591 -1.97409 4.38314e-06 -0.125676 -3.52591 6071.9 1.03521e-05 8.41145e-05 8.32047e-05 8.19089e-20 8.0109e-23 -68910.8 0 0 -1.4187e-33 0 0 5.23854e-26 0 0 0 0 0 0 5.43744e-12 5.43744e-12 5.43744e-12 5.43744e-12 
0.1745 1.32247 -1.97753 4.38314e-06 -0.125676 -3.52247 6934.01 9.06055e-06 8.41389e-05 8.32042e-05 9.35543e-20 8.01089e-23 -68910.8 0 0 -1.10471e-33 0 0 5.23854e-26 0 0 0 0 0 0 5.43551e-12 5.43551e-12 5.43551e-12 5.43551e-12 
0.175 1.31902 -1.98098 4.38314e-06 -0.125676 -3.51902 7918.44 7.9301e-06 8.41639e-05 8.32038e-05 1.06857e-19 8.01089e-23 -68910.8 0 0 -3.28009e-33 0 0 5.23854e-26 0 0 0 0 0 0 5.43355e-12 5.43355e-12 5.43355e-12 5.43355e-12 
0.1755 1.31558 -1.98442 4.38314e-06 -0.125676 -3.51558 9042.52 6.94069e-06 8.41896e-05 8.32033e-05 1.22052e-19 8.01089e-23 -68910.8 0 0 -5.76484e-33 0 0 5.23853e-26 0 0 0 0 0 0 5.43154e-12 5.43154e-12 5.43154e-12 5.43154e-12 
0.176 1.31213 -1.98787 4.38314e-06 -0.125676 -3.51213 10326 6.07472e-06 8.4216e-05 8.32029e-05 1.39408e-19 8.01089e-23 -68910.8 0 0 -4.8292e-33 0 0 5.23853e-26 0 0 0 0 0 0 5.42948e-12 5.42948e-12 5.42948e-12 5.42948e-12 
0.1765 1.30869 -1.99131 4.38314e-06 -0.125676 -3.50869 11791.6 5.3168e-06 8.4243e-05 8.32025e-05 1.59234e-19 8.01089e-23 -68910.8 0 0 -2.75799e-33 0 0 5.23853e-26 0 0 0 0 0 0 5.42738e-12 5.42738e-12 5.42738e-12 5.42738e-12 
0.177 1.30524 -1.99476 4.38314e-06 -0.125676 -3.50524 13465 4.65344e-06 8.42708e-05 8.32021e-05 1.8188e-19 8.01089e-23 -68910.8 0 0 -2.14768e-33 0 0 5.23853e-26 0 0 0 0 0 0 5.42524e-12 5.42524e-12 5.42524e-12 5.42524e-12 
0.1775 1.30179 -1.99821 4.38314e-06 -0.125676 -3.50179 15375.7 4.07284e-06 8.42993e-05 8.32017e-05 2.07748e-19 8.01089e-23 -68910.8 0 0 -7.68511e-33 0 0 5.23853e-26 0 0 0 0 0 0 5.42304e-12 5.42304e-12 5.42304e-12 5.42304e-12 
0.178 1.29835 -2.00165 4.38314e-06 -0.125676 -3.49835 17557.3 3.56468e-06 8.43285e-05 8.32013e-05 2.37295e-19 8.01089e-23 -68910.8 0 0 -1.25161e-32 0 0 5.23853e-26 0 0 0 0 0 0 5.4208e-12 5.4208e-12 5.4208e-12 5.4208e-12 
0.1785 1.2949 -2.0051 4.38314e-06 -0.125676 -3.4949 20048.1 3.11992e-06 8.43585e-05 8.32009e-05 2.71045e-19 8.01089e-23 -68910.8 0 0 -1.62152e-32 0 0 5.23853e-26 0 0 0 0 0 0 5.4185e-12 5.4185e-12 5.4185e-12 5.4185e-12 
0.179 1.29146 -2.00854 4.38314e-06 -0.125676 -3.49146 22892 2.73065e-06 8.43893e-05 8.32005e-05 3.09595e-19 8.01089e-23 -68910.8 0 0 -1.41376e-32 0 0 5.23852e-26 0 0 0 0 0 0 5.41616e-12 5.41616e-12 5.41616e-12 5.41616e-12 
0.1795 1.28801 -2.01199 4.38314e-06 -0.125676 -3.48801 26138.9 2.38996e-06 8.4421e-05 8.32002e-05 3.53628e-19 8.01089e-23 -68910.8 0 0 -8.35141e-33 0 0 5.23853e-26 0 0 0 0 0 0 5.41377e-12 5.41377e-12 5.41377e-12 5.41377e-12 
0.18 1.28457 -2.01543 4.38314e-06 -0.125676 -3.48457 29845.9 2.09176e-06 8.44534e-05 8.31998e-05 4.03923e-19 8.01089e-23 -68910.8 0 0 -1.97117e-32 0 0 5.23852e-26 0 0 0 0 0 0 5.41132e-12 5.41132e-12 5.41132e-12 5.41132e-12 
0.1805 1.28112 -2.01888 4.38314e-06 -0.125676 -3.48112 34078.2 1.83078e-06 8.44867e-05 8.31995e-05 4.61372e-19 8.01088e-23 -68910.8 0 0 -2.39733e-32 0 0 5.23852e-26 0 0 0 0 0 0 5.40882e-12 5.40882e-12 5.40882e-12 5.40882e-12 
0.181 1.27768 -2.02232 4.38314e-06 -0.125676 -3.47768 38910 1.60235e-06 8.45209e-05 8.31991e-05 5.26989e-19 8.01088e-23 -68910.8 0 0 -2.53043e-32 0 0 5.23852e-26 0 0 0 0 0 0 5.40627e-12 5.40627e-12 5.40627e-12 5.40627e-12 
0.1815 1.27423 -2.02577 4.38314e-06 -0.125676 -3.47423 44426.2 1.40243e-06 8.4556e-05 8.31988e-05 6.01938e-19 8.01088e-23 -68910.8 0 0 -2.79593e-32 0 0 5.23852e-26 0 0 0 0 0 0 5.40366e-12 5.40366e-12 5.40366e-12 5.40366e-12 
0.182 1.27078 -2.02922 4.38314e-06 -0.125676 -3.47078 50723.7 1.22745e-06 8.4592e-05 8.31985e-05 6.87545e-19 8.01088e-23 -68910.8 0 0 -3.30136e-32 0 0 5.23852e-26 0 0 0 0 0 0 5.401e-12 5.401e-12 5.401e-12 5.401e-12 
0.1825 1.26734 -2.03266 4.38314e-06 -0.125676 -3.46734 57912.8 1.0743e-06 8.4629e-05 8.31982e-05 7.85323e-19 8.01088e-23 -68910.8 0 0 -4.63662e-32 0 0 5.23852e-26 0 0 0 0 0 0 5.39828e-12 5.39828e-12 5.39828e-12 5.39828e-12 
0.183 1.26389 -2.03611 4.38314e-06 -0.125676 -3.46389 66119.8 9.40258e-07 8.46669e-05 8.31979e-05 8.97004e-19 8.01088e-23 -68910.8 0 0 -4.16648e-32 0 0 5.23852e-26 0 0 0 0 0 0 5.3955e-12 5.3955e-12 5.3955e-12 5.3955e-12 
0.1835 1.26045 -2.03955 4.38314e-06 -0.125676 -3.46045 75488.6 8.22941e-07 8.47059e-05 8.31976e-05 1.02456e-18 8.01088e-23 -68910.8 0 0 -4.9196e-32 0 0 5.23852e-26 0 0 0 0 0 0 5.39267e-12 5.39267e-12 5.39267e-12 5.39267e-12 
0.184 1.257 -2.043 4.38314e-06 -0.125676 -3.457 86183.4 7.20263e-07 8.47459e-05 8.31973e-05 1.17026e-18 8.01088e-23 -68910.8 0 0 -4.69892e-32 0 0 5.23852e-26 0 0 0 0 0 0 5.38977e-12 5.38977e-12 5.38977e-12 5.38977e-12 
0.1845 1.25356 -2.04644 4.38314e-06 -0.125676 -3.45356 98391.6 6.30395e-07 8.47869e-05 8.3197e-05 1.33667e-18 8.01088e-23 -68910.8 0 0 -4.83984e-32 0 0 5.23852e-26 0 0 0 0 0 0 5.38681e-12 5.38681e-12 5.38681e-12 5.38681e-12 
0.185 1.25011 -2.04989 4.38314e-06 -0.125676 -3.45011 112327 5.5174e-07 8.4829e-05 8.31968e-05 1.52673e-18 8.01088e-23 -68910.8 0 0 -5.28869e-32 0 0 5.23852e-26 0 0 0 0 0 0 5.38379e-12 5.38379e-12 5.38379e-12 5.38379e-12 
0.1855 1.24667 -2.05333 4.38314e-06 -0.125676 -3.44667 128234 4.82899e-07 8.48722e-05 8.31965e-05 1.74381e-18 8.01088e-23 -68910.8 0 0 -1.92245e-32 0 0 5.23852e-26 0 0 0 0 0 0 5.38071e-12 5.38071e-12 5.38071e-12 5.38071e-12 
0.186 1.24322 -2.05678 4.38314e-06 -0.125676 -3.44322 146391 4.22647e-07 8.49166e-05 8.31962e-05 1.99175e-18 8.01088e-23 -68910.8 0 0 0 0 0 5.23852e-26 0 0 0 0 0 0 5.37757e-12 5.37757e-12 5.37757e-12 5.37757e-12 
0.1865 1.23977 -2.06023 4.38314e-06 -0.125676 -3.43977 167115 3.69913e-07 8.49621e-05 8.3196e-05 2.27492e-18 8.01088e-23 -68910.8 0 0 -5.72909e-32 0 0 5.23852e-26 0 0 0 0 0 0 5.37436e-12 5.37436e-12 5.37436e-12 5.37436e-12 
0.187 1.23633 -2.06367 4.38314e-06 -0.125676 -3.43633 190770 3.23758e-07 8.50089e-05 8.31957e-05 2.59835e-18 8.01088e-23 -68910.8 0 0 -1.22727e-31 0 0 5.23852e-26 0 0 0 0 0 0 5.37108e-12 5.37108e-12 5.37108e-12 5.37108e-12 
0.1875 1.23288 -2.06712 4.38314e-06 -0.125676 -3.43288 217768 2.83362e-07 8.50569e-05 8.31955e-05 2.96774e-18 8.01088e-23 -68910.8 0 0 -8.41203e-32 0 0 5.23852e-26 0 0 0 0 0 0 5.36773e-12 5.36773e-12 5.36773e-12 5.36773e-12 
0.188 1.22944 -2.07056 4.38314e-06 -0.125676 -3.42944 248583 2.48006e-07 8.51061e-05 8.31953e-05 3.38963e-18 8.01088e-23 -68910.8 0 0 -6.13658e-32 0 0 5.23852e-26 0 0 0 0 0 0 5.36432e-12 5.36432e-12 5.36432e-12 5.36432e-12 
0.1885 1.22599 -2.07401 4.38314e-06 -0.125676 -3.42599 283751 2.17062e-07 8.51567e-05 8.3195e-05 3.87147e-18 8.01088e-23 -68910.8 0 0 -1.64552e-31 0 0 5.23852e-26 0 0 0 0 0 0 5.36084e-12 5.36084e-12 5.36084e-12 5.36084e-12 
0.189 1.22255 -2.07745 4.38314e-06 -0.125676 -3.42255 323888 1.89979e-07 8.52086e-05 8.31948e-05 4.42178e-18 8.01088e-23 -68910.8 0 0 -2.61064e-31 0 0 5.23852e-26 0 0 0 0 0 0 5.35729e-12 5.35729e-12 5.35729e-12 5.35729e-12 
0.1895 1.2191 -2.0809 4.38314e-06 -0.125676 -3.4191 369695 1.66275e-07 8.52619e-05 8.31946e-05 5.05028e-18 8.01088e-23 -68910.8 0 0 -2.02785e-31 0 0 5.23852e-26 0 0 0 0 0 0 5.35366e-12 5.35366e-12 5.35366e-12 5.35366e-12 
0.19 1.21566 -2.08434 4.38314e-06 -0.125676 -3.41566 421971 1.45528e-07 8.53165e-05 8.31944e-05 5.76809e-18 8.01088e-23 -68910.8 0 0 -2.45164e-31 0 0 5.23852e-26 0 0 0 0 0 0 5.34996e-12 5.34996e-12 5.34996e-12 5.34996e-12 
0.1905 1.21221 -2.08779 4.38314e-06 -0.125676 -3.41221 481627 1.2737e-07 8.53727e-05 8.31942e-05 6.58788e-18 8.01088e-23 -68910.8 0 0 -3.88952e-31 0 0 5.23852e-26 0 0 0 0 0 0 5.34619e-12 5.34619e-12 5.34619e-12 5.34619e-12 
0.191 1.20876 -2.09124 4.38314e-06 -0.125676 -3.40876 549705 1.11478e-07 8.54303e-05 8.3194e-05 7.52413e-18 8.01088e-23 -68910.8 0 0 -3.96858e-31 0 0 5.23852e-26 0 0 0 0 0 0 5.34234e-12 5.34234e-12 5.34234e-12 5.34234e-12 
0.1915 1.20532 -2.09468 4.38314e-06 -0.125676 -3.40532 627391 9.75683e-08 8.54894e-05 8.31938e-05 8.5934e-18 8.01088e-23 -68910.8 0 0 -2.97683e-31 0 0 5.23852e-26 0 0 0 0 0 0 5.33842e-12 5.33842e-12 5.33842e-12 5.33842e-12 
0.192 1.20187 -2.09813 4.38314e-06 -0.125676 -3.40187 716038 8.53944e-08 8.55502e-05 8.31936e-05 9.81455e-18 8.01088e-23 -68910.8 0 0 -2.93572e-31 0 0 5.23852e-26 0 0 0 0 0 0 5.33441e-12 5.33441e-12 5.33441e-12 5.33441e-12 
0.1925 1.19843 -2.10157 4.38314e-06 -0.125676 -3.39843 817190 7.47395e-08 8.56125e-05 8.31934e-05 1.12092e-17 8.01088e-23 -68910.8 0 0 -3.26507e-31 0 0 5.23852e-26 0 0 0 0 0 0 5.33033e-12 5.33033e-12 5.33033e-12 5.33033e-12 
0.193 1.19498 -2.10502 4.38314e-06 -0.125676 -3.39498 932608 6.5414e-08 8.56765e-05 8.31933e-05 1.28019e-17 8.01088e-23 -68910.8 0 0 -3.82927e-31 0 0 5.23852e-26 0 0 0 0 0 0 5.32617e-12 5.32617e-12 5.32617e-12 5.32617e-12 
0.1935 1.19154 -2.10846 4.38314e-06 -0.125676 -3.39154 1.0643e+06 5.7252e-08 8.57422e-05 8.31931e-05 1.46208e-17 8.01088e-23 -68910.8 0 0 -3.33836e-31 0 0 5.23852e-26 0 0 0 0 0 0 5.32192e-12 5.32192e-12 5.32192e-12 5.32192e-12 
0.194 1.18809 -2.11191 4.38314e-06 -0.125676 -3.38809 1.21456e+06 5.01085e-08 8.58096e-05 8.31929e-05 1.66981e-17 8.01088e-23 -68910.8 0 0 -3.02296e-31 0 0 5.23852e-26 0 0 0 0 0 0 5.3176e-12 5.3176e-12 5.3176e-12 5.3176e-12 
0.1945 1.18465 -2.11535 4.38314e-06 -0.125676 -3.38465 1.38599e+06 4.38562e-08 8.58788e-05 8.31927e-05 1.90703e-17 8.01088e-23 -68910.8 0 0 -8.10543e-31 0 0 5.23852e-26 0 0 0 0 0 0 5.31319e-12 5.31319e-12 5.31319e-12 5.31319e-12 
0.195 1.1812 -2.1188 4.38314e-06 -0.125676 -3.3812 1.58157e+06 3.83841e-08 8.59499e-05 8.31926e-05 2.17794e-17 8.01088e-23 -68910.8 0 0 -1.42298e-30 0 0 5.23852e-26 0 0 0 0 0 0 5.30869e-12 5.30869e-12 5.30869e-12 5.30869e-12 
0.1955 1.17775 -2.12225 4.38314e-06 -0.125676 -3.37775 1.80471e+06 3.35948e-08 8.60229e-05 8.31924e-05 2.48733e-17 8.01088e-23 -68910.8 0 0 -1.29246e-30 0 0 5.23852e-26 0 0 0 0 0 0 5.3041e-12 5.3041e-12 5.3041e-12 5.3041e-12 
0.196 1.17431 -2.12569 4.38314e-06 -0.125676 -3.37431 2.05927e+06 2.9403e-08 8.60977e-05 8.31923e-05 2.84064e-17 8.01088e-23 -68910.8 0 0 -1.00627e-30 0 0 5.23852e-26 0 0 0 0 0 0 5.29943e-12 5.29943e-12 5.29943e-12 5.29943e-12 
0.1965 1.17086 -2.12914 4.38314e-06 -0.125676 -3.37086 2.34966e+06 2.57343e-08 8.61746e-05 8.31921e-05 3.24412e-17 8.01088e-23 -68910.8 0 0 -7.40733e-31 0 0 5.23852e-26 0 0 0 0 0 0 5.29467e-12 5.29467e-12 5.29467e-12 5.29467e-12 
0.197 1.16742 -2.13258 4.38314e-06 -0.125676 -3.36742 2.68093e+06 2.25233e-08 8.62536e-05 8.3192e-05 3.70488e-17 8.01088e-23 -68910.8 0 0 -2.04233e-31 0 0 5.23852e-26 0 0 0 0 0 0 5.28982e-12 5.28982e-12 5.28982e-12 5.28982e-12 
0.1975 1.16397 -2.13603 4.38314e-06 -0.125676 -3.36397 3.05881e+06 1.9713e-08 8.63346e-05 8.31918e-05 4.23105e-17 8.01088e-23 -68910.8 0 0 0 0 0 5.23852e-26 0 0 0 0 0 0 5.28488e-12 5.28488e-12 5.28488e-12 5.28488e-12 
0.198 1.16053 -2.13947 4.38314e-06 -0.125676 -3.36053 3.48984e+06 1.72533e-08 8.64178e-05 8.31917e-05 4.83192e-17 8.01088e-23 -68910.8 0 0 0 0 0 5.23852e-26 0 0 0 0 0 0 5.27984e-12 5.27984e-12 5.27984e-12 5.27984e-12 
0.198 1.16053 -2.13947 4.38314e-06 -0.125676 -3.36053 3.48984e+06 1.72533e-08 8.64178e-05 8.31917e-05 4.83192e-17 8.01088e-23 -68910.8 0 0 0 0 0 5.23852e-26 0 0 0 0 0 0 5.27984e-12 5.27984e-12 5.27984e-12 5.27984e-12 
0.198409 1.15771 -2.14229 4.38314e-06 -0.125676 -3.35771 3.8875e+06 1.54697e-08 8.64876e-05 8.31916e-05 5.38686e-17 8.01088e-23 -68910.8 0 0 -7.22584e-31 0 0 5.23852e-26 0 0 0 0 0 0 5.27564e-12 5.27564e-12 5.27564e-12 5.27564e-12 
0.198752 1.15535 -2.14465 4.38314e-06 -0.125676 -3.35535 4.25457e+06 1.41206e-08 8.65471e-05 8.31915e-05 5.89955e-17 8.01088e-23 -68910.8 0 0 -6.04262e-31 0 0 5.23852e-26 0 0 0 0 0 0 5.27209e-12 5.27209e-12 5.27209e-12 5.27209e-12 
0.199038 1.15337 -2.14663 4.38314e-06 -0.125676 -3.35337 4.58794e+06 1.30832e-08 8.65977e-05 8.31914e-05 6.36554e-17 8.01088e-23 -68910.8 0 0 2.52548e-30 0 0 5.23852e-26 0 0 0 0 0 0 5.26908e-12 5.26908e-12 5.26908e-12 5.26908e-12 
0.199277 1.15172 -2.14828 4.38314e-06 -0.125676 -3.35172 4.88666e+06 1.22744e-08 8.66406e-05 8.31914e-05 6.78336e-17 8.01088e-23 -68910.8 0 0 5.68108e-30 0 0 5.23852e-26 0 0 0 0 0 0 5.26654e-12 5.26654e-12 5.26654e-12 5.26654e-12 
0.199478 1.15034 -2.14966 4.38314e-06 -0.125676 -3.35034 5.15132e+06 1.16366e-08 8.66769e-05 8.31913e-05 7.15373e-17 8.01088e-23 -68910.8 0 0 4.85835e-30 0 0 5.23851e-26 0 0 0 0 0 0 5.2644e-12 5.2644e-12 5.2644e-12 5.2644e-12 
0.199645 1.14919 -2.15081 4.38314e-06 -0.125676 -3.34919 5.38359e+06 1.11287e-08 8.67076e-05 8.31913e-05 7.47893e-17 8.01088e-23 -68910.8 0 0 3.51838e-30 0 0 5.23851e-26 0 0 0 0 0 0 5.26259e-12 5.26259e-12 5.26259e-12 5.26259e-12 
0.199785 1.14823 -2.15177 4.38314e-06 -0.125676 -3.34823 5.58583e+06 1.0721e-08 8.67334e-05 8.31912e-05 7.7622e-17 8.01088e-23 -68910.8 0 0 3.65119e-30 0 0 5.23851e-26 0 0 0 0 0 0 5.26108e-12 5.26108e-12 5.26108e-12 5.26108e-12 
0.199902 1.14742 -2.15258 4.38314e-06 -0.125676 -3.34742 5.76076e+06 1.03916e-08 8.67552e-05 8.31912e-05 8.0073e-17 8.01088e-23 -68910.8 0 0 1.68856e-30 0 0 5.23851e-26 0 0 0 0 0 0 5.2598e-12 5.2598e-12 5.2598e-12 5.2598e-12 
0.2 1.14674 -2.15326 4.38314e-06 -0.125676 -3.34674 5.91124e+06 1.0124e-08 8.67735e-05 8.31912e-05 8.21819e-17 8.01088e-23 -68910.8 0 0 0 0 0 5.23851e-26 0 0 0 0 0 0 5.25873e-12 5.25873e-12 5.25873e-12 5.25873e-12 