# ASCII 1D datafile generated by TiberCAD
# x Ec Ev eQFermi hQFermi ElPotential eDensity hDensity eMobility hMobility eConductivity hConductivity ElField_x ElField_y ElField_z eCurrentDensity_x eCurrentDensity_y eCurrentDensity_z hCurrentDensity_x hCurrentDensity_y hCurrentDensity_z IonizedDonors IonizedAcceptors IonizedElectronTraps IonizedHoleTraps eNetRecombination eLangevinRecombination hNetRecombination hLangevinRecombination 
0 -3.175 -6.475 -4.32515 -5.81627 0.975 5.18939e+06 2.8227e+14 0.000113389 0.000402707 9.42753e-17 1.82123e-08 212592 0 0 8.11053e-11 0 0 0.00387227 0 0 0 0 0 0 3.90845e+11 3.90845e+11 3.90845e+11 3.90845e+11 
9.79066e-05 -3.17292 -6.47292 -4.31761 -5.81419 0.972919 6.39334e+06 2.82267e+14 0.000113583 0.000402707 1.16346e-16 1.82121e-08 212593 0 0 8.11059e-11 0 0 0.00387227 0 0 0 0 0 0 4.81698e+11 4.81698e+11 4.81698e+11 4.81698e+11 
0.000214985 -3.17043 -6.47043 -4.31021 -5.8117 0.97043 7.71073e+06 2.82264e+14 0.000113764 0.000402708 1.40543e-16 1.8212e-08 212594 0 0 8.11073e-11 0 0 0.00387227 0 0 0 0 0 0 5.81155e+11 5.81155e+11 5.81155e+11 5.81155e+11 
0.000354988 -3.16745 -6.46745 -4.30282 -5.80873 0.967453 9.12774e+06 2.82261e+14 0.000113933 0.000402709 1.66618e-16 1.82118e-08 212596 0 0 8.11089e-11 0 0 0.00387227 0 0 0 0 0 0 6.88172e+11 6.88172e+11 6.88172e+11 6.88172e+11 
0.000522406 -3.16389 -6.46389 -4.29529 -5.80517 0.963894 1.06211e+07 2.82257e+14 0.00011409 0.00040271 1.94145e-16 1.82116e-08 212599 0 0 8.1111e-11 0 0 0.00387227 0 0 0 0 0 0 8.00994e+11 8.00994e+11 8.00994e+11 8.00994e+11 
0.000722606 -3.15964 -6.45964 -4.2875 -5.80091 0.959638 1.2157e+07 2.82252e+14 0.000114234 0.000402712 2.22501e-16 1.82113e-08 212602 0 0 8.11138e-11 0 0 0.00387227 0 0 0 0 0 0 9.17066e+11 9.17066e+11 9.17066e+11 9.17066e+11 
0.000962009 -3.15455 -6.45455 -4.27929 -5.79582 0.954548 1.36912e+07 2.82246e+14 0.000114365 0.000402713 2.50868e-16 1.8211e-08 212605 0 0 8.11176e-11 0 0 0.00387227 0 0 0 0 0 0 1.03305e+12 1.03305e+12 1.03305e+12 1.03305e+12 
0.00124829 -3.14846 -6.44846 -4.27052 -5.78973 0.948461 1.51714e+07 2.82239e+14 0.000114481 0.000402716 2.78272e-16 1.82107e-08 212609 0 0 8.11226e-11 0 0 0.00387227 0 0 0 0 0 0 1.14496e+12 1.14496e+12 1.14496e+12 1.14496e+12 
0.00159063 -3.14118 -6.44118 -4.26097 -5.78245 0.941183 1.65411e+07 2.82231e+14 0.000114581 0.000402718 3.0366e-16 1.82102e-08 212614 0 0 8.11291e-11 0 0 0.00387227 0 0 0 0 0 0 1.24854e+12 1.24854e+12 1.24854e+12 1.24854e+12 
0.002 -3.13248 -6.43248 -4.25042 -5.77375 0.932479 1.77469e+07 2.82221e+14 0.000114663 0.000402717 3.26029e-16 1.82096e-08 212617 0 0 8.11332e-11 0 0 0.00387227 0 0 0 0 0 0 1.33972e+12 1.33972e+12 1.33972e+12 1.33972e+12 
0.002 -3.13248 -6.43248 -4.25042 -5.77375 0.932479 1.77469e+07 2.82221e+14 0.000114665 0.000402725 3.26035e-16 1.82099e-08 212624 0 0 8.1143e-11 0 0 0.00387227 0 0 0 0 0 0 1.33975e+12 1.33975e+12 1.33975e+12 1.33975e+12 
0.0025 -3.12185 -6.42185 -4.23833 -5.76311 0.921848 1.87644e+07 2.82208e+14 0.000114732 0.000402724 3.44928e-16 1.82091e-08 212628 0 0 8.11486e-11 0 0 0.00387227 0 0 0 0 0 0 1.41668e+12 1.41668e+12 1.41668e+12 1.41668e+12 
0.003 -3.11122 -6.41122 -4.22677 -5.75248 0.911216 1.94366e+07 2.82196e+14 0.000114775 0.000402728 3.5742e-16 1.82085e-08 212635 0 0 8.11602e-11 0 0 0.00387227 0 0 0 0 0 0 1.4675e+12 1.4675e+12 1.4675e+12 1.4675e+12 
0.0035 -3.10058 -6.40058 -4.21555 -5.74185 0.900584 1.98808e+07 2.82184e+14 0.000114805 0.000402732 3.65681e-16 1.82078e-08 212642 0 0 8.11721e-11 0 0 0.00387227 0 0 0 0 0 0 1.50107e+12 1.50107e+12 1.50107e+12 1.50107e+12 
0.004 -3.08995 -6.38995 -4.20453 -5.73121 0.889952 2.01746e+07 2.82172e+14 0.000114824 0.000402735 3.7115e-16 1.82072e-08 212650 0 0 8.11841e-11 0 0 0.00387227 0 0 0 0 0 0 1.52325e+12 1.52325e+12 1.52325e+12 1.52325e+12 
0.0045 -3.07932 -6.37932 -4.19365 -5.72058 0.879319 2.03692e+07 2.8216e+14 0.000114838 0.000402739 3.74775e-16 1.82066e-08 212657 0 0 8.11964e-11 0 0 0.00387227 0 0 0 0 0 0 1.53793e+12 1.53793e+12 1.53793e+12 1.53793e+12 
0.005 -3.06869 -6.36869 -4.18285 -5.70994 0.868686 2.04983e+07 2.82147e+14 0.000114848 0.000402743 3.77183e-16 1.8206e-08 212664 0 0 8.12087e-11 0 0 0.00387227 0 0 0 0 0 0 1.54765e+12 1.54765e+12 1.54765e+12 1.54765e+12 
0.0055 -3.05805 -6.35805 -4.1721 -5.69931 0.858053 2.05842e+07 2.82135e+14 0.000114855 0.000402746 3.78788e-16 1.82053e-08 212671 0 0 8.12211e-11 0 0 0.00387227 0 0 0 0 0 0 1.55411e+12 1.55411e+12 1.55411e+12 1.55411e+12 
0.006 -3.04742 -6.34742 -4.1614 -5.68867 0.847419 2.06416e+07 2.82123e+14 0.000114861 0.00040275 3.79863e-16 1.82047e-08 212679 0 0 8.12336e-11 0 0 0.00387227 0 0 0 0 0 0 1.5584e+12 1.5584e+12 1.5584e+12 1.5584e+12 
0.0065 -3.03678 -6.33678 -4.15071 -5.67804 0.836785 2.06802e+07 2.82111e+14 0.000114866 0.000402753 3.80588e-16 1.82041e-08 212686 0 0 8.1246e-11 0 0 0.00387227 0 0 0 0 0 0 1.56127e+12 1.56127e+12 1.56127e+12 1.56127e+12 
0.007 -3.02615 -6.32615 -4.14005 -5.6674 0.82615 2.07064e+07 2.82098e+14 0.000114869 0.000402757 3.81082e-16 1.82035e-08 212693 0 0 8.12585e-11 0 0 0.00387227 0 0 0 0 0 0 1.5632e+12 1.5632e+12 1.5632e+12 1.5632e+12 
0.0075 -3.01552 -6.31552 -4.12939 -5.65677 0.815516 2.07243e+07 2.82086e+14 0.000114873 0.000402761 3.81424e-16 1.82029e-08 212701 0 0 8.1271e-11 0 0 0.00387227 0 0 0 0 0 0 1.56451e+12 1.56451e+12 1.56451e+12 1.56451e+12 
0.008 -3.00488 -6.30488 -4.11874 -5.64613 0.80488 2.07369e+07 2.82074e+14 0.000114876 0.000402764 3.81665e-16 1.82022e-08 212708 0 0 8.12836e-11 0 0 0.00387227 0 0 0 0 0 0 1.56541e+12 1.56541e+12 1.56541e+12 1.56541e+12 
0.0085 -2.99424 -6.29424 -4.10809 -5.63549 0.794245 2.07459e+07 2.82062e+14 0.000114879 0.000402768 3.81839e-16 1.82016e-08 212715 0 0 8.12961e-11 0 0 0.00387227 0 0 0 0 0 0 1.56604e+12 1.56604e+12 1.56604e+12 1.56604e+12 
0.009 -2.98361 -6.28361 -4.09745 -5.62486 0.783609 2.07525e+07 2.8205e+14 0.000114881 0.000402772 3.8197e-16 1.8201e-08 212723 0 0 8.13086e-11 0 0 0.00387227 0 0 0 0 0 0 1.56649e+12 1.56649e+12 1.56649e+12 1.56649e+12 
0.0095 -2.97297 -6.27297 -4.0868 -5.61422 0.772972 2.07576e+07 2.82037e+14 0.000114884 0.000402775 3.82072e-16 1.82004e-08 212730 0 0 8.13211e-11 0 0 0.00387227 0 0 0 0 0 0 1.56682e+12 1.56682e+12 1.56682e+12 1.56682e+12 
0.01 -2.96234 -6.26234 -4.07616 -5.60358 0.762336 2.07616e+07 2.82025e+14 0.000114886 0.000402779 3.82155e-16 1.81997e-08 212737 0 0 8.13337e-11 0 0 0.00387227 0 0 0 0 0 0 1.56708e+12 1.56708e+12 1.56708e+12 1.56708e+12 
0.0105 -2.9517 -6.2517 -4.06552 -5.59294 0.751699 2.0765e+07 2.82013e+14 0.000114889 0.000402783 3.82225e-16 1.81991e-08 212744 0 0 8.13462e-11 0 0 0.00387227 0 0 0 0 0 0 1.56728e+12 1.56728e+12 1.56728e+12 1.56728e+12 
0.011 -2.94106 -6.24106 -4.05488 -5.5823 0.741061 2.07679e+07 2.82001e+14 0.000114891 0.000402786 3.82287e-16 1.81985e-08 212752 0 0 8.13587e-11 0 0 0.00387227 0 0 0 0 0 0 1.56746e+12 1.56746e+12 1.56746e+12 1.56746e+12 
0.0115 -2.93042 -6.23042 -4.04424 -5.57166 0.730424 2.07705e+07 2.81989e+14 0.000114894 0.00040279 3.82344e-16 1.81979e-08 212759 0 0 8.13713e-11 0 0 0.00387227 0 0 0 0 0 0 1.5676e+12 1.5676e+12 1.5676e+12 1.5676e+12 
0.012 -2.91979 -6.21979 -4.0336 -5.56102 0.719785 2.07729e+07 2.81976e+14 0.000114896 0.000402793 3.82397e-16 1.81972e-08 212766 0 0 8.13838e-11 0 0 0.00387227 0 0 0 0 0 0 1.56774e+12 1.56774e+12 1.56774e+12 1.56774e+12 
0.0125 -2.90915 -6.20915 -4.02296 -5.55038 0.709147 2.07752e+07 2.81964e+14 0.000114899 0.000402797 3.82447e-16 1.81966e-08 212774 0 0 8.13963e-11 0 0 0.00387227 0 0 0 0 0 0 1.56786e+12 1.56786e+12 1.56786e+12 1.56786e+12 
0.013 -2.89851 -6.19851 -4.01231 -5.53974 0.698508 2.07774e+07 2.81952e+14 0.000114901 0.000402801 3.82496e-16 1.8196e-08 212781 0 0 8.14089e-11 0 0 0.00387227 0 0 0 0 0 0 1.56798e+12 1.56798e+12 1.56798e+12 1.56798e+12 
0.0135 -2.88787 -6.18787 -4.00167 -5.5291 0.687869 2.07796e+07 2.8194e+14 0.000114903 0.000402804 3.82544e-16 1.81954e-08 212788 0 0 8.14214e-11 0 0 0.00387227 0 0 0 0 0 0 1.56809e+12 1.56809e+12 1.56809e+12 1.56809e+12 
0.014 -2.87723 -6.17723 -3.99103 -5.51846 0.677229 2.07817e+07 2.81928e+14 0.000114906 0.000402808 3.82591e-16 1.81947e-08 212795 0 0 8.14339e-11 0 0 0.00387227 0 0 0 0 0 0 1.5682e+12 1.5682e+12 1.5682e+12 1.5682e+12 
0.0145 -2.86659 -6.16659 -3.98039 -5.50782 0.666589 2.07838e+07 2.81915e+14 0.000114908 0.000402812 3.82638e-16 1.81941e-08 212803 0 0 8.14465e-11 0 0 0.00387227 0 0 0 0 0 0 1.56831e+12 1.56831e+12 1.56831e+12 1.56831e+12 
0.015 -2.85595 -6.15595 -3.96975 -5.49718 0.655949 2.07859e+07 2.81903e+14 0.000114911 0.000402815 3.82684e-16 1.81935e-08 212810 0 0 8.1459e-11 0 0 0.00387227 0 0 0 0 0 0 1.56842e+12 1.56842e+12 1.56842e+12 1.56842e+12 
0.0155 -2.84531 -6.14531 -3.9591 -5.48654 0.645308 2.0788e+07 2.81891e+14 0.000114913 0.000402819 3.8273e-16 1.81929e-08 212817 0 0 8.14716e-11 0 0 0.00387227 0 0 0 0 0 0 1.56853e+12 1.56853e+12 1.56853e+12 1.56853e+12 
0.016 -2.83467 -6.13467 -3.94846 -5.4759 0.634667 2.079e+07 2.81879e+14 0.000114916 0.000402823 3.82776e-16 1.81923e-08 212825 0 0 8.14841e-11 0 0 0.00387227 0 0 0 0 0 0 1.56863e+12 1.56863e+12 1.56863e+12 1.56863e+12 
0.0165 -2.82403 -6.12403 -3.93781 -5.46525 0.624026 2.07921e+07 2.81867e+14 0.000114918 0.000402826 3.82822e-16 1.81916e-08 212832 0 0 8.14967e-11 0 0 0.00387227 0 0 0 0 0 0 1.56874e+12 1.56874e+12 1.56874e+12 1.56874e+12 
0.017 -2.81338 -6.11338 -3.92717 -5.45461 0.613384 2.07942e+07 2.81854e+14 0.00011492 0.00040283 3.82868e-16 1.8191e-08 212839 0 0 8.15092e-11 0 0 0.00387227 0 0 0 0 0 0 1.56885e+12 1.56885e+12 1.56885e+12 1.56885e+12 
0.0175 -2.80274 -6.10274 -3.91653 -5.44397 0.602742 2.07962e+07 2.81842e+14 0.000114923 0.000402834 3.82914e-16 1.81904e-08 212846 0 0 8.15217e-11 0 0 0.00387227 0 0 0 0 0 0 1.56895e+12 1.56895e+12 1.56895e+12 1.56895e+12 
0.018 -2.7921 -6.0921 -3.90588 -5.43332 0.5921 2.07983e+07 2.8183e+14 0.000114925 0.000402837 3.8296e-16 1.81898e-08 212854 0 0 8.15343e-11 0 0 0.00387227 0 0 0 0 0 0 1.56906e+12 1.56906e+12 1.56906e+12 1.56906e+12 
0.0185 -2.78146 -6.08146 -3.89523 -5.42268 0.581457 2.08003e+07 2.81818e+14 0.000114928 0.000402841 3.83006e-16 1.81891e-08 212861 0 0 8.15468e-11 0 0 0.00387227 0 0 0 0 0 0 1.56916e+12 1.56916e+12 1.56916e+12 1.56916e+12 
0.019 -2.77081 -6.07081 -3.88459 -5.41203 0.570813 2.08024e+07 2.81806e+14 0.00011493 0.000402844 3.83052e-16 1.81885e-08 212868 0 0 8.15594e-11 0 0 0.00387227 0 0 0 0 0 0 1.56927e+12 1.56927e+12 1.56927e+12 1.56927e+12 
0.0195 -2.76017 -6.06017 -3.87394 -5.40139 0.56017 2.08044e+07 2.81793e+14 0.000114933 0.000402848 3.83098e-16 1.81879e-08 212876 0 0 8.15719e-11 0 0 0.00387227 0 0 0 0 0 0 1.56937e+12 1.56937e+12 1.56937e+12 1.56937e+12 
0.02 -2.74953 -6.04953 -3.8633 -5.39074 0.549526 2.08065e+07 2.81781e+14 0.000114935 0.000402852 3.83143e-16 1.81873e-08 212883 0 0 8.15845e-11 0 0 0.00387227 0 0 0 0 0 0 1.56948e+12 1.56948e+12 1.56948e+12 1.56948e+12 
0.0205 -2.73888 -6.03888 -3.85265 -5.3801 0.538882 2.08085e+07 2.81769e+14 0.000114937 0.000402855 3.83189e-16 1.81867e-08 212890 0 0 8.1597e-11 0 0 0.00387227 0 0 0 0 0 0 1.56958e+12 1.56958e+12 1.56958e+12 1.56958e+12 
0.021 -2.72824 -6.02824 -3.842 -5.36945 0.528237 2.08106e+07 2.81757e+14 0.00011494 0.000402859 3.83235e-16 1.8186e-08 212897 0 0 8.16096e-11 0 0 0.00387227 0 0 0 0 0 0 1.56969e+12 1.56969e+12 1.56969e+12 1.56969e+12 
0.0215 -2.71759 -6.01759 -3.83135 -5.3588 0.517592 2.08126e+07 2.81745e+14 0.000114942 0.000402863 3.83281e-16 1.81854e-08 212905 0 0 8.16221e-11 0 0 0.00387227 0 0 0 0 0 0 1.56979e+12 1.56979e+12 1.56979e+12 1.56979e+12 
0.022 -2.70695 -6.00695 -3.82071 -5.34816 0.506946 2.08147e+07 2.81733e+14 0.000114945 0.000402866 3.83327e-16 1.81848e-08 212912 0 0 8.16347e-11 0 0 0.00387227 0 0 0 0 0 0 1.5699e+12 1.5699e+12 1.5699e+12 1.5699e+12 
0.0225 -2.6963 -5.9963 -3.81006 -5.33751 0.496301 2.08167e+07 2.8172e+14 0.000114947 0.00040287 3.83373e-16 1.81842e-08 212919 0 0 8.16472e-11 0 0 0.00387227 0 0 0 0 0 0 1.57e+12 1.57e+12 1.57e+12 1.57e+12 
0.023 -2.68565 -5.98565 -3.79941 -5.32686 0.485654 2.08188e+07 2.81708e+14 0.000114949 0.000402874 3.83419e-16 1.81835e-08 212927 0 0 8.16598e-11 0 0 0.00387227 0 0 0 0 0 0 1.57011e+12 1.57011e+12 1.57011e+12 1.57011e+12 
0.0235 -2.67501 -5.97501 -3.78876 -5.31621 0.475008 2.08208e+07 2.81696e+14 0.000114952 0.000402877 3.83464e-16 1.81829e-08 212934 0 0 8.16724e-11 0 0 0.00387227 0 0 0 0 0 0 1.57021e+12 1.57021e+12 1.57021e+12 1.57021e+12 
0.024 -2.66436 -5.96436 -3.77811 -5.30557 0.464361 2.08229e+07 2.81684e+14 0.000114954 0.000402881 3.8351e-16 1.81823e-08 212941 0 0 8.16849e-11 0 0 0.00387227 0 0 0 0 0 0 1.57032e+12 1.57032e+12 1.57032e+12 1.57032e+12 
0.0245 -2.65371 -5.95371 -3.76746 -5.29492 0.453714 2.08249e+07 2.81672e+14 0.000114957 0.000402885 3.83556e-16 1.81817e-08 212948 0 0 8.16975e-11 0 0 0.00387227 0 0 0 0 0 0 1.57043e+12 1.57043e+12 1.57043e+12 1.57043e+12 
0.025 -2.64307 -5.94307 -3.75681 -5.28427 0.443066 2.0827e+07 2.81659e+14 0.000114959 0.000402888 3.83602e-16 1.81811e-08 212956 0 0 8.171e-11 0 0 0.00387227 0 0 0 0 0 0 1.57053e+12 1.57053e+12 1.57053e+12 1.57053e+12 
0.0255 -2.63242 -5.93242 -3.74616 -5.27362 0.432418 2.08291e+07 2.81647e+14 0.000114962 0.000402892 3.83648e-16 1.81804e-08 212963 0 0 8.17226e-11 0 0 0.00387227 0 0 0 0 0 0 1.57064e+12 1.57064e+12 1.57064e+12 1.57064e+12 
0.026 -2.62177 -5.92177 -3.73551 -5.26297 0.42177 2.08311e+07 2.81635e+14 0.000114964 0.000402895 3.83694e-16 1.81798e-08 212970 0 0 8.17351e-11 0 0 0.00387227 0 0 0 0 0 0 1.57074e+12 1.57074e+12 1.57074e+12 1.57074e+12 
0.0265 -2.61112 -5.91112 -3.72486 -5.25232 0.411121 2.08332e+07 2.81623e+14 0.000114966 0.000402899 3.8374e-16 1.81792e-08 212978 0 0 8.17477e-11 0 0 0.00387227 0 0 0 0 0 0 1.57085e+12 1.57085e+12 1.57085e+12 1.57085e+12 
0.027 -2.60047 -5.90047 -3.71421 -5.24167 0.400472 2.08352e+07 2.81611e+14 0.000114969 0.000402903 3.83785e-16 1.81786e-08 212985 0 0 8.17603e-11 0 0 0.00387227 0 0 0 0 0 0 1.57095e+12 1.57095e+12 1.57095e+12 1.57095e+12 
0.0275 -2.58982 -5.88982 -3.70355 -5.23102 0.389823 2.08373e+07 2.81599e+14 0.000114971 0.000402906 3.83831e-16 1.8178e-08 212992 0 0 8.17728e-11 0 0 0.00387227 0 0 0 0 0 0 1.57106e+12 1.57106e+12 1.57106e+12 1.57106e+12 
0.028 -2.57917 -5.87917 -3.6929 -5.22037 0.379173 2.08393e+07 2.81586e+14 0.000114974 0.00040291 3.83877e-16 1.81773e-08 212999 0 0 8.17854e-11 0 0 0.00387227 0 0 0 0 0 0 1.57116e+12 1.57116e+12 1.57116e+12 1.57116e+12 
0.0285 -2.56852 -5.86852 -3.68225 -5.20972 0.368523 2.08414e+07 2.81574e+14 0.000114976 0.000402914 3.83923e-16 1.81767e-08 213007 0 0 8.1798e-11 0 0 0.00387227 0 0 0 0 0 0 1.57127e+12 1.57127e+12 1.57127e+12 1.57127e+12 
0.029 -2.55787 -5.85787 -3.6716 -5.19906 0.357872 2.08434e+07 2.81562e+14 0.000114979 0.000402917 3.83969e-16 1.81761e-08 213014 0 0 8.18105e-11 0 0 0.00387227 0 0 0 0 0 0 1.57137e+12 1.57137e+12 1.57137e+12 1.57137e+12 
0.0295 -2.54722 -5.84722 -3.66094 -5.18841 0.347221 2.08455e+07 2.8155e+14 0.000114981 0.000402921 3.84015e-16 1.81755e-08 213021 0 0 8.18231e-11 0 0 0.00387227 0 0 0 0 0 0 1.57148e+12 1.57148e+12 1.57148e+12 1.57148e+12 
0.03 -2.53657 -5.83657 -3.65029 -5.17776 0.33657 2.08475e+07 2.81538e+14 0.000114983 0.000402925 3.84061e-16 1.81748e-08 213028 0 0 8.18357e-11 0 0 0.00387227 0 0 0 0 0 0 1.57158e+12 1.57158e+12 1.57158e+12 1.57158e+12 
0.0305 -2.52592 -5.82592 -3.63963 -5.16711 0.325919 2.08496e+07 2.81526e+14 0.000114986 0.000402928 3.84106e-16 1.81742e-08 213036 0 0 8.18482e-11 0 0 0.00387227 0 0 0 0 0 0 1.57169e+12 1.57169e+12 1.57169e+12 1.57169e+12 
0.031 -2.51527 -5.81527 -3.62898 -5.15645 0.315267 2.08516e+07 2.81513e+14 0.000114988 0.000402932 3.84152e-16 1.81736e-08 213043 0 0 8.18608e-11 0 0 0.00387227 0 0 0 0 0 0 1.57179e+12 1.57179e+12 1.57179e+12 1.57179e+12 
0.0315 -2.50461 -5.80461 -3.61832 -5.1458 0.304614 2.08537e+07 2.81501e+14 0.000114991 0.000402936 3.84198e-16 1.8173e-08 213050 0 0 8.18734e-11 0 0 0.00387227 0 0 0 0 0 0 1.5719e+12 1.5719e+12 1.5719e+12 1.5719e+12 
0.032 -2.49396 -5.79396 -3.60767 -5.13514 0.293962 2.08557e+07 2.81489e+14 0.000114993 0.000402939 3.84244e-16 1.81724e-08 213058 0 0 8.18859e-11 0 0 0.00387227 0 0 0 0 0 0 1.572e+12 1.572e+12 1.572e+12 1.572e+12 
0.0325 -2.48331 -5.78331 -3.59701 -5.12449 0.283309 2.08578e+07 2.81477e+14 0.000114995 0.000402943 3.8429e-16 1.81717e-08 213065 0 0 8.18985e-11 0 0 0.00387227 0 0 0 0 0 0 1.57211e+12 1.57211e+12 1.57211e+12 1.57211e+12 
0.033 -2.47266 -5.77266 -3.58636 -5.11383 0.272655 2.08598e+07 2.81465e+14 0.000114998 0.000402946 3.84336e-16 1.81711e-08 213072 0 0 8.19111e-11 0 0 0.00387227 0 0 0 0 0 0 1.57221e+12 1.57221e+12 1.57221e+12 1.57221e+12 
0.0335 -2.462 -5.762 -3.5757 -5.10318 0.262001 2.08619e+07 2.81453e+14 0.000115 0.00040295 3.84382e-16 1.81705e-08 213079 0 0 8.19236e-11 0 0 0.00387227 0 0 0 0 0 0 1.57232e+12 1.57232e+12 1.57232e+12 1.57232e+12 
0.034 -2.45135 -5.75135 -3.56504 -5.09252 0.251347 2.08639e+07 2.81441e+14 0.000115003 0.000402954 3.84428e-16 1.81699e-08 213087 0 0 8.19362e-11 0 0 0.00387227 0 0 0 0 0 0 1.57242e+12 1.57242e+12 1.57242e+12 1.57242e+12 
0.0345 -2.44069 -5.74069 -3.55439 -5.08187 0.240693 2.0866e+07 2.81428e+14 0.000115005 0.000402957 3.84473e-16 1.81693e-08 213094 0 0 8.19488e-11 0 0 0.00387227 0 0 0 0 0 0 1.57253e+12 1.57253e+12 1.57253e+12 1.57253e+12 
0.035 -2.43004 -5.73004 -3.54373 -5.07121 0.230038 2.0868e+07 2.81416e+14 0.000115008 0.000402961 3.84519e-16 1.81686e-08 213101 0 0 8.19614e-11 0 0 0.00387227 0 0 0 0 0 0 1.57263e+12 1.57263e+12 1.57263e+12 1.57263e+12 
0.0355 -2.41938 -5.71938 -3.53307 -5.06056 0.219383 2.08701e+07 2.81404e+14 0.00011501 0.000402965 3.84565e-16 1.8168e-08 213108 0 0 8.19739e-11 0 0 0.00387227 0 0 0 0 0 0 1.57274e+12 1.57274e+12 1.57274e+12 1.57274e+12 
0.036 -2.40873 -5.70873 -3.52241 -5.0499 0.208727 2.08721e+07 2.81392e+14 0.000115012 0.000402968 3.84611e-16 1.81674e-08 213116 0 0 8.19865e-11 0 0 0.00387227 0 0 0 0 0 0 1.57284e+12 1.57284e+12 1.57284e+12 1.57284e+12 
0.0365 -2.39807 -5.69807 -3.51176 -5.03924 0.198071 2.08742e+07 2.8138e+14 0.000115015 0.000402972 3.84657e-16 1.81668e-08 213123 0 0 8.19991e-11 0 0 0.00387227 0 0 0 0 0 0 1.57295e+12 1.57295e+12 1.57295e+12 1.57295e+12 
0.037 -2.38741 -5.68741 -3.5011 -5.02858 0.187415 2.08762e+07 2.81368e+14 0.000115017 0.000402976 3.84703e-16 1.81662e-08 213130 0 0 8.20117e-11 0 0 0.00387227 0 0 0 0 0 0 1.57305e+12 1.57305e+12 1.57305e+12 1.57305e+12 
0.0375 -2.37676 -5.67676 -3.49044 -5.01793 0.176758 2.08783e+07 2.81355e+14 0.00011502 0.000402979 3.84749e-16 1.81655e-08 213138 0 0 8.20243e-11 0 0 0.00387227 0 0 0 0 0 0 1.57316e+12 1.57316e+12 1.57316e+12 1.57316e+12 
0.038 -2.3661 -5.6661 -3.47978 -5.00727 0.166101 2.08803e+07 2.81343e+14 0.000115022 0.000402983 3.84795e-16 1.81649e-08 213145 0 0 8.20368e-11 0 0 0.00387227 0 0 0 0 0 0 1.57326e+12 1.57326e+12 1.57326e+12 1.57326e+12 
0.0385 -2.35544 -5.65544 -3.46912 -4.99661 0.155443 2.08824e+07 2.81331e+14 0.000115025 0.000402987 3.84841e-16 1.81643e-08 213152 0 0 8.20494e-11 0 0 0.00387227 0 0 0 0 0 0 1.57337e+12 1.57337e+12 1.57337e+12 1.57337e+12 
0.039 -2.34479 -5.64479 -3.45846 -4.98595 0.144786 2.08844e+07 2.81319e+14 0.000115027 0.00040299 3.84886e-16 1.81637e-08 213159 0 0 8.2062e-11 0 0 0.00387227 0 0 0 0 0 0 1.57347e+12 1.57347e+12 1.57347e+12 1.57347e+12 
0.0395 -2.33413 -5.63413 -3.4478 -4.97529 0.134127 2.08865e+07 2.81307e+14 0.000115029 0.000402994 3.84932e-16 1.81631e-08 213167 0 0 8.20746e-11 0 0 0.00387227 0 0 0 0 0 0 1.57358e+12 1.57358e+12 1.57358e+12 1.57358e+12 
0.04 -2.32347 -5.62347 -3.43714 -4.96463 0.123469 2.08885e+07 2.81295e+14 0.000115032 0.000402998 3.84978e-16 1.81624e-08 213174 0 0 8.20872e-11 0 0 0.00387227 0 0 0 0 0 0 1.57368e+12 1.57368e+12 1.57368e+12 1.57368e+12 
0.0405 -2.31281 -5.61281 -3.42647 -4.95397 0.11281 2.08906e+07 2.81283e+14 0.000115034 0.000403001 3.85024e-16 1.81618e-08 213181 0 0 8.20997e-11 0 0 0.00387227 0 0 0 0 0 0 1.57379e+12 1.57379e+12 1.57379e+12 1.57379e+12 
0.041 -2.30215 -5.60215 -3.41581 -4.94331 0.102151 2.08926e+07 2.81271e+14 0.000115037 0.000403005 3.8507e-16 1.81612e-08 213188 0 0 8.21123e-11 0 0 0.00387227 0 0 0 0 0 0 1.57389e+12 1.57389e+12 1.57389e+12 1.57389e+12 
0.0415 -2.29149 -5.59149 -3.40515 -4.93265 0.0914912 2.08947e+07 2.81258e+14 0.000115039 0.000403008 3.85116e-16 1.81606e-08 213196 0 0 8.21249e-11 0 0 0.00387227 0 0 0 0 0 0 1.574e+12 1.574e+12 1.574e+12 1.574e+12 
0.042 -2.28083 -5.58083 -3.39449 -4.92199 0.0808313 2.08967e+07 2.81246e+14 0.000115041 0.000403012 3.85162e-16 1.816e-08 213203 0 0 8.21375e-11 0 0 0.00387227 0 0 0 0 0 0 1.5741e+12 1.5741e+12 1.5741e+12 1.5741e+12 
0.0425 -2.27017 -5.57017 -3.38382 -4.91132 0.0701709 2.08988e+07 2.81234e+14 0.000115044 0.000403016 3.85208e-16 1.81594e-08 213210 0 0 8.21501e-11 0 0 0.00387227 0 0 0 0 0 0 1.57421e+12 1.57421e+12 1.57421e+12 1.57421e+12 
0.043 -2.25951 -5.55951 -3.37316 -4.90066 0.0595102 2.09008e+07 2.81222e+14 0.000115046 0.000403019 3.85254e-16 1.81587e-08 213218 0 0 8.21627e-11 0 0 0.00387227 0 0 0 0 0 0 1.57431e+12 1.57431e+12 1.57431e+12 1.57431e+12 
0.0435 -2.24885 -5.54885 -3.3625 -4.89 0.0488492 2.09029e+07 2.8121e+14 0.000115049 0.000403023 3.853e-16 1.81581e-08 213225 0 0 8.21753e-11 0 0 0.00387227 0 0 0 0 0 0 1.57442e+12 1.57442e+12 1.57442e+12 1.57442e+12 
0.044 -2.23819 -5.53819 -3.35183 -4.87934 0.0381877 2.09049e+07 2.81198e+14 0.000115051 0.000403027 3.85345e-16 1.81575e-08 213232 0 0 8.21879e-11 0 0 0.00387227 0 0 0 0 0 0 1.57452e+12 1.57452e+12 1.57452e+12 1.57452e+12 
0.0445 -2.22753 -5.52753 -3.34117 -4.86867 0.027526 2.0907e+07 2.81186e+14 0.000115054 0.00040303 3.85391e-16 1.81569e-08 213239 0 0 8.22005e-11 0 0 0.00387227 0 0 0 0 0 0 1.57463e+12 1.57463e+12 1.57463e+12 1.57463e+12 
0.045 -2.21686 -5.51686 -3.3305 -4.85801 0.0168638 2.0909e+07 2.81173e+14 0.000115056 0.000403034 3.85437e-16 1.81563e-08 213247 0 0 8.2213e-11 0 0 0.00387227 0 0 0 0 0 0 1.57473e+12 1.57473e+12 1.57473e+12 1.57473e+12 
0.0455 -2.2062 -5.5062 -3.31984 -4.84735 0.0062013 2.09111e+07 2.81161e+14 0.000115058 0.000403038 3.85483e-16 1.81556e-08 213254 0 0 8.22256e-11 0 0 0.00387227 0 0 0 0 0 0 1.57484e+12 1.57484e+12 1.57484e+12 1.57484e+12 
0.046 -2.19554 -5.49554 -3.30917 -4.83668 -0.00446158 2.09131e+07 2.81149e+14 0.000115061 0.000403041 3.85529e-16 1.8155e-08 213261 0 0 8.22382e-11 0 0 0.00387227 0 0 0 0 0 0 1.57494e+12 1.57494e+12 1.57494e+12 1.57494e+12 
0.0465 -2.18488 -5.48488 -3.29851 -4.82602 -0.0151248 2.09152e+07 2.81137e+14 0.000115063 0.000403045 3.85575e-16 1.81544e-08 213268 0 0 8.22508e-11 0 0 0.00387227 0 0 0 0 0 0 1.57505e+12 1.57505e+12 1.57505e+12 1.57505e+12 
0.047 -2.17421 -5.47421 -3.28784 -4.81535 -0.0257884 2.09172e+07 2.81125e+14 0.000115066 0.000403049 3.85621e-16 1.81538e-08 213276 0 0 8.22634e-11 0 0 0.00387227 0 0 0 0 0 0 1.57515e+12 1.57515e+12 1.57515e+12 1.57515e+12 
0.0475 -2.16355 -5.46355 -3.27718 -4.80469 -0.0364524 2.09193e+07 2.81113e+14 0.000115068 0.000403052 3.85667e-16 1.81532e-08 213283 0 0 8.2276e-11 0 0 0.00387227 0 0 0 0 0 0 1.57526e+12 1.57526e+12 1.57526e+12 1.57526e+12 
0.048 -2.15288 -5.45288 -3.26651 -4.79402 -0.0471167 2.09213e+07 2.81101e+14 0.000115071 0.000403056 3.85713e-16 1.81525e-08 213290 0 0 8.22886e-11 0 0 0.00387227 0 0 0 0 0 0 1.57536e+12 1.57536e+12 1.57536e+12 1.57536e+12 
0.0485 -2.14222 -5.44222 -3.25584 -4.78335 -0.0577814 2.09234e+07 2.81089e+14 0.000115073 0.00040306 3.85759e-16 1.81519e-08 213298 0 0 8.23012e-11 0 0 0.00387227 0 0 0 0 0 0 1.57547e+12 1.57547e+12 1.57547e+12 1.57547e+12 
0.049 -2.13155 -5.43155 -3.24517 -4.77269 -0.0684465 2.09254e+07 2.81076e+14 0.000115075 0.000403063 3.85805e-16 1.81513e-08 213305 0 0 8.23138e-11 0 0 0.00387227 0 0 0 0 0 0 1.57557e+12 1.57557e+12 1.57557e+12 1.57557e+12 
0.0495 -2.12089 -5.42089 -3.23451 -4.76202 -0.0791119 2.09275e+07 2.81064e+14 0.000115078 0.000403067 3.85851e-16 1.81507e-08 213312 0 0 8.23264e-11 0 0 0.00387227 0 0 0 0 0 0 1.57568e+12 1.57568e+12 1.57568e+12 1.57568e+12 
0.05 -2.11022 -5.41022 -3.22384 -4.75135 -0.0897777 2.09295e+07 2.81052e+14 0.00011508 0.000403071 3.85896e-16 1.81501e-08 213319 0 0 8.2339e-11 0 0 0.00387227 0 0 0 0 0 0 1.57578e+12 1.57578e+12 1.57578e+12 1.57578e+12 
0.0505 -2.09956 -5.39956 -3.21317 -4.74069 -0.100444 2.09316e+07 2.8104e+14 0.000115083 0.000403074 3.85942e-16 1.81495e-08 213327 0 0 8.23516e-11 0 0 0.00387227 0 0 0 0 0 0 1.57589e+12 1.57589e+12 1.57589e+12 1.57589e+12 
0.051 -2.08889 -5.38889 -3.2025 -4.73002 -0.11111 2.09336e+07 2.81028e+14 0.000115085 0.000403078 3.85988e-16 1.81488e-08 213334 0 0 8.23642e-11 0 0 0.00387227 0 0 0 0 0 0 1.57599e+12 1.57599e+12 1.57599e+12 1.57599e+12 
0.0515 -2.07822 -5.37822 -3.19183 -4.71935 -0.121777 2.09357e+07 2.81016e+14 0.000115087 0.000403081 3.86034e-16 1.81482e-08 213341 0 0 8.23768e-11 0 0 0.00387227 0 0 0 0 0 0 1.5761e+12 1.5761e+12 1.5761e+12 1.5761e+12 
0.052 -2.06756 -5.36756 -3.18116 -4.70868 -0.132444 2.09377e+07 2.81004e+14 0.00011509 0.000403085 3.8608e-16 1.81476e-08 213348 0 0 8.23894e-11 0 0 0.00387227 0 0 0 0 0 0 1.5762e+12 1.5762e+12 1.5762e+12 1.5762e+12 
0.0525 -2.05689 -5.35689 -3.17049 -4.69801 -0.143112 2.09398e+07 2.80992e+14 0.000115092 0.000403089 3.86126e-16 1.8147e-08 213356 0 0 8.2402e-11 0 0 0.00387227 0 0 0 0 0 0 1.57631e+12 1.57631e+12 1.57631e+12 1.57631e+12 
0.053 -2.04622 -5.34622 -3.15982 -4.68734 -0.15378 2.09418e+07 2.8098e+14 0.000115095 0.000403092 3.86172e-16 1.81464e-08 213363 0 0 8.24146e-11 0 0 0.00387227 0 0 0 0 0 0 1.57641e+12 1.57641e+12 1.57641e+12 1.57641e+12 
0.0535 -2.03555 -5.33555 -3.14915 -4.67667 -0.164448 2.09439e+07 2.80967e+14 0.000115097 0.000403096 3.86218e-16 1.81458e-08 213370 0 0 8.24272e-11 0 0 0.00387227 0 0 0 0 0 0 1.57652e+12 1.57652e+12 1.57652e+12 1.57652e+12 
0.054 -2.02488 -5.32488 -3.13848 -4.666 -0.175117 2.09459e+07 2.80955e+14 0.0001151 0.0004031 3.86264e-16 1.81451e-08 213377 0 0 8.24398e-11 0 0 0.00387227 0 0 0 0 0 0 1.57662e+12 1.57662e+12 1.57662e+12 1.57662e+12 
0.0545 -2.01421 -5.31421 -3.12781 -4.65533 -0.185786 2.0948e+07 2.80943e+14 0.000115102 0.000403103 3.8631e-16 1.81445e-08 213385 0 0 8.24524e-11 0 0 0.00387227 0 0 0 0 0 0 1.57673e+12 1.57673e+12 1.57673e+12 1.57673e+12 
0.055 -2.00354 -5.30354 -3.11713 -4.64466 -0.196456 2.095e+07 2.80931e+14 0.000115104 0.000403107 3.86356e-16 1.81439e-08 213392 0 0 8.24651e-11 0 0 0.00387227 0 0 0 0 0 0 1.57683e+12 1.57683e+12 1.57683e+12 1.57683e+12 
0.0555 -1.99287 -5.29287 -3.10646 -4.63399 -0.207125 2.09521e+07 2.80919e+14 0.000115107 0.000403111 3.86402e-16 1.81433e-08 213399 0 0 8.24777e-11 0 0 0.00387227 0 0 0 0 0 0 1.57694e+12 1.57694e+12 1.57694e+12 1.57694e+12 
0.056 -1.9822 -5.2822 -3.09579 -4.62332 -0.217795 2.09541e+07 2.80907e+14 0.000115109 0.000403114 3.86448e-16 1.81427e-08 213406 0 0 8.24903e-11 0 0 0.00387227 0 0 0 0 0 0 1.57704e+12 1.57704e+12 1.57704e+12 1.57704e+12 
0.0565 -1.97153 -5.27153 -3.08512 -4.61265 -0.228466 2.09562e+07 2.80895e+14 0.000115112 0.000403118 3.86494e-16 1.8142e-08 213414 0 0 8.25029e-11 0 0 0.00387227 0 0 0 0 0 0 1.57715e+12 1.57715e+12 1.57715e+12 1.57715e+12 
0.057 -1.96086 -5.26086 -3.07444 -4.60198 -0.239137 2.09583e+07 2.80883e+14 0.000115114 0.000403122 3.8654e-16 1.81414e-08 213421 0 0 8.25155e-11 0 0 0.00387227 0 0 0 0 0 0 1.57725e+12 1.57725e+12 1.57725e+12 1.57725e+12 
0.0575 -1.95019 -5.25019 -3.06377 -4.5913 -0.249808 2.09603e+07 2.80871e+14 0.000115117 0.000403125 3.86585e-16 1.81408e-08 213428 0 0 8.25281e-11 0 0 0.00387227 0 0 0 0 0 0 1.57736e+12 1.57736e+12 1.57736e+12 1.57736e+12 
0.058 -1.93952 -5.23952 -3.05309 -4.58063 -0.26048 2.09624e+07 2.80859e+14 0.000115119 0.000403129 3.86631e-16 1.81402e-08 213436 0 0 8.25407e-11 0 0 0.00387227 0 0 0 0 0 0 1.57746e+12 1.57746e+12 1.57746e+12 1.57746e+12 
0.0585 -1.92885 -5.22885 -3.04242 -4.56996 -0.271152 2.09644e+07 2.80846e+14 0.000115121 0.000403133 3.86677e-16 1.81396e-08 213443 0 0 8.25533e-11 0 0 0.00387227 0 0 0 0 0 0 1.57757e+12 1.57757e+12 1.57757e+12 1.57757e+12 
0.059 -1.91818 -5.21818 -3.03175 -4.55928 -0.281824 2.09665e+07 2.80834e+14 0.000115124 0.000403136 3.86723e-16 1.8139e-08 213450 0 0 8.2566e-11 0 0 0.00387227 0 0 0 0 0 0 1.57767e+12 1.57767e+12 1.57767e+12 1.57767e+12 
0.0595 -1.9075 -5.2075 -3.02107 -4.54861 -0.292497 2.09685e+07 2.80822e+14 0.000115126 0.00040314 3.86769e-16 1.81383e-08 213457 0 0 8.25786e-11 0 0 0.00387227 0 0 0 0 0 0 1.57778e+12 1.57778e+12 1.57778e+12 1.57778e+12 
0.06 -1.89683 -5.19683 -3.01039 -4.53793 -0.30317 2.09706e+07 2.8081e+14 0.000115129 0.000403144 3.86815e-16 1.81377e-08 213465 0 0 8.25912e-11 0 0 0.00387227 0 0 0 0 0 0 1.57788e+12 1.57788e+12 1.57788e+12 1.57788e+12 
0.0605 -1.88616 -5.18616 -2.99972 -4.52726 -0.313843 2.09726e+07 2.80798e+14 0.000115131 0.000403147 3.86861e-16 1.81371e-08 213472 0 0 8.26038e-11 0 0 0.00387227 0 0 0 0 0 0 1.57799e+12 1.57799e+12 1.57799e+12 1.57799e+12 
0.061 -1.87548 -5.17548 -2.98904 -4.51658 -0.324517 2.09747e+07 2.80786e+14 0.000115133 0.000403151 3.86907e-16 1.81365e-08 213479 0 0 8.26164e-11 0 0 0.00387227 0 0 0 0 0 0 1.57809e+12 1.57809e+12 1.57809e+12 1.57809e+12 
0.0615 -1.86481 -5.16481 -2.97837 -4.50591 -0.335191 2.09767e+07 2.80774e+14 0.000115136 0.000403155 3.86953e-16 1.81359e-08 213486 0 0 8.2629e-11 0 0 0.00387227 0 0 0 0 0 0 1.5782e+12 1.5782e+12 1.5782e+12 1.5782e+12 
0.062 -1.85413 -5.15413 -2.96769 -4.49523 -0.345865 2.09788e+07 2.80762e+14 0.000115138 0.000403158 3.86999e-16 1.81353e-08 213494 0 0 8.26417e-11 0 0 0.00387227 0 0 0 0 0 0 1.5783e+12 1.5783e+12 1.5783e+12 1.5783e+12 
0.0625 -1.84346 -5.14346 -2.95701 -4.48456 -0.35654 2.09808e+07 2.8075e+14 0.000115141 0.000403162 3.87045e-16 1.81346e-08 213501 0 0 8.26543e-11 0 0 0.00387227 0 0 0 0 0 0 1.5784e+12 1.5784e+12 1.5784e+12 1.5784e+12 
0.063 -1.83278 -5.13278 -2.94633 -4.47388 -0.367216 2.09829e+07 2.80738e+14 0.000115143 0.000403166 3.87091e-16 1.8134e-08 213508 0 0 8.26669e-11 0 0 0.00387227 0 0 0 0 0 0 1.57851e+12 1.57851e+12 1.57851e+12 1.57851e+12 
0.0635 -1.82211 -5.12211 -2.93565 -4.4632 -0.377891 2.09849e+07 2.80726e+14 0.000115146 0.000403169 3.87137e-16 1.81334e-08 213515 0 0 8.26795e-11 0 0 0.00387227 0 0 0 0 0 0 1.57861e+12 1.57861e+12 1.57861e+12 1.57861e+12 
0.064 -1.81143 -5.11143 -2.92498 -4.45253 -0.388567 2.0987e+07 2.80713e+14 0.000115148 0.000403173 3.87183e-16 1.81328e-08 213523 0 0 8.26922e-11 0 0 0.00387227 0 0 0 0 0 0 1.57872e+12 1.57872e+12 1.57872e+12 1.57872e+12 
0.0645 -1.80076 -5.10076 -2.9143 -4.44185 -0.399243 2.0989e+07 2.80701e+14 0.00011515 0.000403177 3.87229e-16 1.81322e-08 213530 0 0 8.27048e-11 0 0 0.00387227 0 0 0 0 0 0 1.57882e+12 1.57882e+12 1.57882e+12 1.57882e+12 
0.065 -1.79008 -5.09008 -2.90362 -4.43117 -0.40992 2.09911e+07 2.80689e+14 0.000115153 0.00040318 3.87275e-16 1.81316e-08 213537 0 0 8.27174e-11 0 0 0.00387227 0 0 0 0 0 0 1.57893e+12 1.57893e+12 1.57893e+12 1.57893e+12 
0.0655 -1.7794 -5.0794 -2.89294 -4.42049 -0.420597 2.09931e+07 2.80677e+14 0.000115155 0.000403184 3.87321e-16 1.8131e-08 213544 0 0 8.273e-11 0 0 0.00387227 0 0 0 0 0 0 1.57903e+12 1.57903e+12 1.57903e+12 1.57903e+12 
0.066 -1.76873 -5.06873 -2.88226 -4.40981 -0.431275 2.09952e+07 2.80665e+14 0.000115158 0.000403188 3.87367e-16 1.81303e-08 213552 0 0 8.27427e-11 0 0 0.00387227 0 0 0 0 0 0 1.57914e+12 1.57914e+12 1.57914e+12 1.57914e+12 
0.0665 -1.75805 -5.05805 -2.87158 -4.39913 -0.441952 2.09972e+07 2.80653e+14 0.00011516 0.000403191 3.87413e-16 1.81297e-08 213559 0 0 8.27553e-11 0 0 0.00387227 0 0 0 0 0 0 1.57924e+12 1.57924e+12 1.57924e+12 1.57924e+12 
0.067 -1.74737 -5.04737 -2.8609 -4.38845 -0.45263 2.09993e+07 2.80641e+14 0.000115162 0.000403195 3.87459e-16 1.81291e-08 213566 0 0 8.27679e-11 0 0 0.00387227 0 0 0 0 0 0 1.57935e+12 1.57935e+12 1.57935e+12 1.57935e+12 
0.0675 -1.73669 -5.03669 -2.85022 -4.37777 -0.463309 2.10013e+07 2.80629e+14 0.000115165 0.000403198 3.87505e-16 1.81285e-08 213573 0 0 8.27805e-11 0 0 0.00387227 0 0 0 0 0 0 1.57945e+12 1.57945e+12 1.57945e+12 1.57945e+12 
0.068 -1.72601 -5.02601 -2.83954 -4.36709 -0.473988 2.10034e+07 2.80617e+14 0.000115167 0.000403202 3.87551e-16 1.81279e-08 213581 0 0 8.27932e-11 0 0 0.00387227 0 0 0 0 0 0 1.57956e+12 1.57956e+12 1.57956e+12 1.57956e+12 
0.0685 -1.71533 -5.01533 -2.82885 -4.35641 -0.484667 2.10054e+07 2.80605e+14 0.00011517 0.000403206 3.87597e-16 1.81273e-08 213588 0 0 8.28058e-11 0 0 0.00387227 0 0 0 0 0 0 1.57966e+12 1.57966e+12 1.57966e+12 1.57966e+12 
0.069 -1.70465 -5.00465 -2.81817 -4.34573 -0.495347 2.10075e+07 2.80593e+14 0.000115172 0.000403209 3.87643e-16 1.81266e-08 213595 0 0 8.28184e-11 0 0 0.00387227 0 0 0 0 0 0 1.57977e+12 1.57977e+12 1.57977e+12 1.57977e+12 
0.0695 -1.69397 -4.99397 -2.80749 -4.33505 -0.506026 2.10095e+07 2.80581e+14 0.000115175 0.000403213 3.87689e-16 1.8126e-08 213602 0 0 8.28311e-11 0 0 0.00387227 0 0 0 0 0 0 1.57987e+12 1.57987e+12 1.57987e+12 1.57987e+12 
0.07 -1.68329 -4.98329 -2.79681 -4.32437 -0.516707 2.10116e+07 2.80569e+14 0.000115177 0.000403217 3.87735e-16 1.81254e-08 213610 0 0 8.28437e-11 0 0 0.00387227 0 0 0 0 0 0 1.57998e+12 1.57998e+12 1.57998e+12 1.57998e+12 
0.0705 -1.67261 -4.97261 -2.78612 -4.31369 -0.527387 2.10136e+07 2.80556e+14 0.000115179 0.00040322 3.8778e-16 1.81248e-08 213617 0 0 8.28563e-11 0 0 0.00387227 0 0 0 0 0 0 1.58008e+12 1.58008e+12 1.58008e+12 1.58008e+12 
0.071 -1.66193 -4.96193 -2.77544 -4.303 -0.538068 2.10157e+07 2.80544e+14 0.000115182 0.000403224 3.87826e-16 1.81242e-08 213624 0 0 8.2869e-11 0 0 0.00387227 0 0 0 0 0 0 1.58019e+12 1.58019e+12 1.58019e+12 1.58019e+12 
0.0715 -1.65125 -4.95125 -2.76476 -4.29232 -0.54875 2.10177e+07 2.80532e+14 0.000115184 0.000403228 3.87872e-16 1.81236e-08 213631 0 0 8.28816e-11 0 0 0.00387227 0 0 0 0 0 0 1.58029e+12 1.58029e+12 1.58029e+12 1.58029e+12 
0.072 -1.64057 -4.94057 -2.75407 -4.28164 -0.559432 2.10198e+07 2.8052e+14 0.000115187 0.000403231 3.87918e-16 1.8123e-08 213639 0 0 8.28942e-11 0 0 0.00387227 0 0 0 0 0 0 1.58039e+12 1.58039e+12 1.58039e+12 1.58039e+12 
0.0725 -1.62989 -4.92989 -2.74339 -4.27096 -0.570114 2.10218e+07 2.80508e+14 0.000115189 0.000403235 3.87964e-16 1.81223e-08 213646 0 0 8.29069e-11 0 0 0.00387227 0 0 0 0 0 0 1.5805e+12 1.5805e+12 1.5805e+12 1.5805e+12 
0.073 -1.6192 -4.9192 -2.7327 -4.26027 -0.580796 2.10239e+07 2.80496e+14 0.000115192 0.000403239 3.8801e-16 1.81217e-08 213653 0 0 8.29195e-11 0 0 0.00387227 0 0 0 0 0 0 1.5806e+12 1.5806e+12 1.5806e+12 1.5806e+12 
0.0735 -1.60852 -4.90852 -2.72202 -4.24959 -0.591479 2.10259e+07 2.80484e+14 0.000115194 0.000403242 3.88056e-16 1.81211e-08 213660 0 0 8.29322e-11 0 0 0.00387227 0 0 0 0 0 0 1.58071e+12 1.58071e+12 1.58071e+12 1.58071e+12 
0.074 -1.59784 -4.89784 -2.71133 -4.2389 -0.602162 2.1028e+07 2.80472e+14 0.000115196 0.000403246 3.88102e-16 1.81205e-08 213668 0 0 8.29448e-11 0 0 0.00387227 0 0 0 0 0 0 1.58081e+12 1.58081e+12 1.58081e+12 1.58081e+12 
0.0745 -1.58715 -4.88715 -2.70064 -4.22822 -0.612846 2.103e+07 2.8046e+14 0.000115199 0.00040325 3.88148e-16 1.81199e-08 213675 0 0 8.29574e-11 0 0 0.00387227 0 0 0 0 0 0 1.58092e+12 1.58092e+12 1.58092e+12 1.58092e+12 
0.075 -1.57647 -4.87647 -2.68996 -4.21753 -0.62353 2.10321e+07 2.80448e+14 0.000115201 0.000403253 3.88194e-16 1.81193e-08 213682 0 0 8.29701e-11 0 0 0.00387227 0 0 0 0 0 0 1.58102e+12 1.58102e+12 1.58102e+12 1.58102e+12 
0.0755 -1.56579 -4.86579 -2.67927 -4.20685 -0.634214 2.10341e+07 2.80436e+14 0.000115204 0.000403257 3.8824e-16 1.81187e-08 213689 0 0 8.29827e-11 0 0 0.00387227 0 0 0 0 0 0 1.58113e+12 1.58113e+12 1.58113e+12 1.58113e+12 
0.076 -1.5551 -4.8551 -2.66858 -4.19616 -0.644899 2.10362e+07 2.80424e+14 0.000115206 0.000403261 3.88286e-16 1.8118e-08 213697 0 0 8.29954e-11 0 0 0.00387227 0 0 0 0 0 0 1.58123e+12 1.58123e+12 1.58123e+12 1.58123e+12 
0.0765 -1.54442 -4.84442 -2.6579 -4.18547 -0.655584 2.10382e+07 2.80412e+14 0.000115208 0.000403264 3.88332e-16 1.81174e-08 213704 0 0 8.3008e-11 0 0 0.00387227 0 0 0 0 0 0 1.58134e+12 1.58134e+12 1.58134e+12 1.58134e+12 
0.077 -1.53373 -4.83373 -2.64721 -4.17479 -0.666269 2.10403e+07 2.804e+14 0.000115211 0.000403268 3.88378e-16 1.81168e-08 213711 0 0 8.30207e-11 0 0 0.00387227 0 0 0 0 0 0 1.58144e+12 1.58144e+12 1.58144e+12 1.58144e+12 
0.0775 -1.52305 -4.82305 -2.63652 -4.1641 -0.676955 2.10423e+07 2.80388e+14 0.000115213 0.000403272 3.88424e-16 1.81162e-08 213718 0 0 8.30333e-11 0 0 0.00387227 0 0 0 0 0 0 1.58155e+12 1.58155e+12 1.58155e+12 1.58155e+12 
0.078 -1.51236 -4.81236 -2.62583 -4.15341 -0.687641 2.10444e+07 2.80376e+14 0.000115216 0.000403275 3.8847e-16 1.81156e-08 213726 0 0 8.30459e-11 0 0 0.00387227 0 0 0 0 0 0 1.58165e+12 1.58165e+12 1.58165e+12 1.58165e+12 
0.0785 -1.50167 -4.80167 -2.61514 -4.14272 -0.698327 2.10464e+07 2.80364e+14 0.000115218 0.000403279 3.88516e-16 1.8115e-08 213733 0 0 8.30586e-11 0 0 0.00387227 0 0 0 0 0 0 1.58176e+12 1.58176e+12 1.58176e+12 1.58176e+12 
0.079 -1.49099 -4.79099 -2.60445 -4.13204 -0.709014 2.10485e+07 2.80351e+14 0.000115221 0.000403283 3.88562e-16 1.81144e-08 213740 0 0 8.30712e-11 0 0 0.00387227 0 0 0 0 0 0 1.58186e+12 1.58186e+12 1.58186e+12 1.58186e+12 
0.0795 -1.4803 -4.7803 -2.59376 -4.12135 -0.719701 2.10505e+07 2.80339e+14 0.000115223 0.000403286 3.88608e-16 1.81137e-08 213747 0 0 8.30839e-11 0 0 0.00387227 0 0 0 0 0 0 1.58196e+12 1.58196e+12 1.58196e+12 1.58196e+12 
0.08 -1.46961 -4.76961 -2.58307 -4.11066 -0.730389 2.10526e+07 2.80327e+14 0.000115225 0.00040329 3.88654e-16 1.81131e-08 213755 0 0 8.30965e-11 0 0 0.00387227 0 0 0 0 0 0 1.58207e+12 1.58207e+12 1.58207e+12 1.58207e+12 
0.0805 -1.45892 -4.75892 -2.57238 -4.09997 -0.741077 2.10546e+07 2.80315e+14 0.000115228 0.000403294 3.887e-16 1.81125e-08 213762 0 0 8.31092e-11 0 0 0.00387227 0 0 0 0 0 0 1.58217e+12 1.58217e+12 1.58217e+12 1.58217e+12 
0.081 -1.44823 -4.74823 -2.56169 -4.08928 -0.751765 2.10566e+07 2.80303e+14 0.00011523 0.000403297 3.88746e-16 1.81119e-08 213769 0 0 8.31218e-11 0 0 0.00387227 0 0 0 0 0 0 1.58228e+12 1.58228e+12 1.58228e+12 1.58228e+12 
0.0815 -1.43755 -4.73755 -2.551 -4.07859 -0.762454 2.10587e+07 2.80291e+14 0.000115233 0.000403301 3.88792e-16 1.81113e-08 213776 0 0 8.31345e-11 0 0 0.00387227 0 0 0 0 0 0 1.58238e+12 1.58238e+12 1.58238e+12 1.58238e+12 
0.082 -1.42686 -4.72686 -2.54031 -4.0679 -0.773143 2.10607e+07 2.80279e+14 0.000115235 0.000403305 3.88838e-16 1.81107e-08 213784 0 0 8.31472e-11 0 0 0.00387227 0 0 0 0 0 0 1.58249e+12 1.58249e+12 1.58249e+12 1.58249e+12 
0.0825 -1.41617 -4.71617 -2.52962 -4.05721 -0.783832 2.10628e+07 2.80267e+14 0.000115238 0.000403308 3.88884e-16 1.81101e-08 213791 0 0 8.31598e-11 0 0 0.00387227 0 0 0 0 0 0 1.58259e+12 1.58259e+12 1.58259e+12 1.58259e+12 
0.083 -1.40548 -4.70548 -2.51892 -4.04652 -0.794522 2.10648e+07 2.80255e+14 0.00011524 0.000403312 3.8893e-16 1.81094e-08 213798 0 0 8.31725e-11 0 0 0.00387227 0 0 0 0 0 0 1.5827e+12 1.5827e+12 1.5827e+12 1.5827e+12 
0.0835 -1.39479 -4.69479 -2.50823 -4.03583 -0.805212 2.10669e+07 2.80243e+14 0.000115242 0.000403316 3.88976e-16 1.81088e-08 213805 0 0 8.31851e-11 0 0 0.00387227 0 0 0 0 0 0 1.5828e+12 1.5828e+12 1.5828e+12 1.5828e+12 
0.084 -1.3841 -4.6841 -2.49754 -4.02513 -0.815902 2.10689e+07 2.80231e+14 0.000115245 0.000403319 3.89022e-16 1.81082e-08 213813 0 0 8.31978e-11 0 0 0.00387227 0 0 0 0 0 0 1.58291e+12 1.58291e+12 1.58291e+12 1.58291e+12 
0.0845 -1.37341 -4.67341 -2.48685 -4.01444 -0.826593 2.1071e+07 2.80219e+14 0.000115247 0.000403323 3.89068e-16 1.81076e-08 213820 0 0 8.32104e-11 0 0 0.00387227 0 0 0 0 0 0 1.58301e+12 1.58301e+12 1.58301e+12 1.58301e+12 
0.085 -1.36272 -4.66272 -2.47615 -4.00375 -0.837284 2.1073e+07 2.80207e+14 0.00011525 0.000403327 3.89115e-16 1.8107e-08 213827 0 0 8.32231e-11 0 0 0.00387227 0 0 0 0 0 0 1.58312e+12 1.58312e+12 1.58312e+12 1.58312e+12 
0.0855 -1.35202 -4.65202 -2.46546 -3.99306 -0.847976 2.10751e+07 2.80195e+14 0.000115252 0.00040333 3.89161e-16 1.81064e-08 213834 0 0 8.32358e-11 0 0 0.00387227 0 0 0 0 0 0 1.58322e+12 1.58322e+12 1.58322e+12 1.58322e+12 
0.086 -1.34133 -4.64133 -2.45476 -3.98236 -0.858668 2.10771e+07 2.80183e+14 0.000115255 0.000403334 3.89207e-16 1.81058e-08 213842 0 0 8.32484e-11 0 0 0.00387227 0 0 0 0 0 0 1.58332e+12 1.58332e+12 1.58332e+12 1.58332e+12 
0.0865 -1.33064 -4.63064 -2.44407 -3.97167 -0.86936 2.10792e+07 2.80171e+14 0.000115257 0.000403338 3.89253e-16 1.81051e-08 213849 0 0 8.32611e-11 0 0 0.00387227 0 0 0 0 0 0 1.58343e+12 1.58343e+12 1.58343e+12 1.58343e+12 
0.087 -1.31995 -4.61995 -2.43337 -3.96098 -0.880053 2.10812e+07 2.80159e+14 0.000115259 0.000403341 3.89299e-16 1.81045e-08 213856 0 0 8.32737e-11 0 0 0.00387227 0 0 0 0 0 0 1.58353e+12 1.58353e+12 1.58353e+12 1.58353e+12 
0.0875 -1.30925 -4.60925 -2.42268 -3.95028 -0.890746 2.10833e+07 2.80147e+14 0.000115262 0.000403345 3.89345e-16 1.81039e-08 213863 0 0 8.32864e-11 0 0 0.00387227 0 0 0 0 0 0 1.58364e+12 1.58364e+12 1.58364e+12 1.58364e+12 
0.088 -1.29856 -4.59856 -2.41198 -3.93959 -0.901439 2.10853e+07 2.80135e+14 0.000115264 0.000403349 3.89391e-16 1.81033e-08 213871 0 0 8.32991e-11 0 0 0.00387227 0 0 0 0 0 0 1.58374e+12 1.58374e+12 1.58374e+12 1.58374e+12 
0.0885 -1.28787 -4.58787 -2.40129 -3.92889 -0.912133 2.10874e+07 2.80123e+14 0.000115267 0.000403352 3.89437e-16 1.81027e-08 213878 0 0 8.33117e-11 0 0 0.00387227 0 0 0 0 0 0 1.58385e+12 1.58385e+12 1.58385e+12 1.58385e+12 
0.089 -1.27717 -4.57717 -2.39059 -3.9182 -0.922827 2.10894e+07 2.80111e+14 0.000115269 0.000403356 3.89483e-16 1.81021e-08 213885 0 0 8.33244e-11 0 0 0.00387227 0 0 0 0 0 0 1.58395e+12 1.58395e+12 1.58395e+12 1.58395e+12 
0.0895 -1.26648 -4.56648 -2.37989 -3.9075 -0.933521 2.10915e+07 2.80099e+14 0.000115271 0.00040336 3.89529e-16 1.81015e-08 213892 0 0 8.33371e-11 0 0 0.00387227 0 0 0 0 0 0 1.58406e+12 1.58406e+12 1.58406e+12 1.58406e+12 
0.09 -1.25578 -4.55578 -2.36919 -3.8968 -0.944216 2.10935e+07 2.80087e+14 0.000115274 0.000403363 3.89575e-16 1.81009e-08 213900 0 0 8.33497e-11 0 0 0.00387227 0 0 0 0 0 0 1.58416e+12 1.58416e+12 1.58416e+12 1.58416e+12 
0.0905 -1.24509 -4.54509 -2.3585 -3.88611 -0.954911 2.10956e+07 2.80075e+14 0.000115276 0.000403367 3.89621e-16 1.81002e-08 213907 0 0 8.33624e-11 0 0 0.00387227 0 0 0 0 0 0 1.58426e+12 1.58426e+12 1.58426e+12 1.58426e+12 
0.091 -1.23439 -4.53439 -2.3478 -3.87541 -0.965607 2.10976e+07 2.80063e+14 0.000115279 0.000403371 3.89667e-16 1.80996e-08 213914 0 0 8.33751e-11 0 0 0.00387227 0 0 0 0 0 0 1.58437e+12 1.58437e+12 1.58437e+12 1.58437e+12 
0.0915 -1.2237 -4.5237 -2.3371 -3.86471 -0.976303 2.10997e+07 2.80051e+14 0.000115281 0.000403374 3.89713e-16 1.8099e-08 213921 0 0 8.33877e-11 0 0 0.00387227 0 0 0 0 0 0 1.58447e+12 1.58447e+12 1.58447e+12 1.58447e+12 
0.092 -1.213 -4.513 -2.3264 -3.85402 -0.986999 2.11017e+07 2.80039e+14 0.000115284 0.000403378 3.89759e-16 1.80984e-08 213929 0 0 8.34004e-11 0 0 0.00387227 0 0 0 0 0 0 1.58458e+12 1.58458e+12 1.58458e+12 1.58458e+12 
0.0925 -1.2023 -4.5023 -2.3157 -3.84332 -0.997695 2.11038e+07 2.80027e+14 0.000115286 0.000403382 3.89805e-16 1.80978e-08 213936 0 0 8.34131e-11 0 0 0.00387227 0 0 0 0 0 0 1.58468e+12 1.58468e+12 1.58468e+12 1.58468e+12 
0.093 -1.19161 -4.49161 -2.305 -3.83262 -1.00839 2.11058e+07 2.80015e+14 0.000115288 0.000403385 3.89851e-16 1.80972e-08 213943 0 0 8.34257e-11 0 0 0.00387227 0 0 0 0 0 0 1.58479e+12 1.58479e+12 1.58479e+12 1.58479e+12 
0.0935 -1.18091 -4.48091 -2.2943 -3.82192 -1.01909 2.11079e+07 2.80003e+14 0.000115291 0.000403389 3.89897e-16 1.80966e-08 213950 0 0 8.34384e-11 0 0 0.00387227 0 0 0 0 0 0 1.58489e+12 1.58489e+12 1.58489e+12 1.58489e+12 
0.094 -1.17021 -4.47021 -2.2836 -3.81122 -1.02979 2.11099e+07 2.7999e+14 0.000115293 0.000403393 3.89943e-16 1.8096e-08 213957 0 0 8.34511e-11 0 0 0.00387227 0 0 0 0 0 0 1.585e+12 1.585e+12 1.585e+12 1.585e+12 
0.0945 -1.15951 -4.45951 -2.2729 -3.80052 -1.04049 2.1112e+07 2.79978e+14 0.000115296 0.000403396 3.89989e-16 1.80953e-08 213965 0 0 8.34638e-11 0 0 0.00387227 0 0 0 0 0 0 1.5851e+12 1.5851e+12 1.5851e+12 1.5851e+12 
0.095 -1.14882 -4.44882 -2.2622 -3.78982 -1.05118 2.1114e+07 2.79966e+14 0.000115298 0.0004034 3.90035e-16 1.80947e-08 213972 0 0 8.34764e-11 0 0 0.00387227 0 0 0 0 0 0 1.58521e+12 1.58521e+12 1.58521e+12 1.58521e+12 
0.0955 -1.13812 -4.43812 -2.2515 -3.77912 -1.06188 2.11161e+07 2.79954e+14 0.000115301 0.000403404 3.90081e-16 1.80941e-08 213979 0 0 8.34891e-11 0 0 0.00387227 0 0 0 0 0 0 1.58531e+12 1.58531e+12 1.58531e+12 1.58531e+12 
0.096 -1.12742 -4.42742 -2.2408 -3.76842 -1.07258 2.11181e+07 2.79942e+14 0.000115303 0.000403407 3.90127e-16 1.80935e-08 213986 0 0 8.35018e-11 0 0 0.00387227 0 0 0 0 0 0 1.58541e+12 1.58541e+12 1.58541e+12 1.58541e+12 
0.0965 -1.11672 -4.41672 -2.2301 -3.75772 -1.08328 2.11202e+07 2.7993e+14 0.000115305 0.000403411 3.90173e-16 1.80929e-08 213994 0 0 8.35145e-11 0 0 0.00387227 0 0 0 0 0 0 1.58552e+12 1.58552e+12 1.58552e+12 1.58552e+12 
0.097 -1.10602 -4.40602 -2.21939 -3.74702 -1.09398 2.11222e+07 2.79918e+14 0.000115308 0.000403415 3.90219e-16 1.80923e-08 214001 0 0 8.35272e-11 0 0 0.00387227 0 0 0 0 0 0 1.58562e+12 1.58562e+12 1.58562e+12 1.58562e+12 
0.0975 -1.09532 -4.39532 -2.20869 -3.73632 -1.10468 2.11243e+07 2.79906e+14 0.00011531 0.000403418 3.90265e-16 1.80917e-08 214008 0 0 8.35398e-11 0 0 0.00387227 0 0 0 0 0 0 1.58573e+12 1.58573e+12 1.58573e+12 1.58573e+12 
0.098 -1.08462 -4.38462 -2.19799 -3.72562 -1.11538 2.11263e+07 2.79894e+14 0.000115313 0.000403422 3.90311e-16 1.80911e-08 214015 0 0 8.35525e-11 0 0 0.00387227 0 0 0 0 0 0 1.58583e+12 1.58583e+12 1.58583e+12 1.58583e+12 
0.0985 -1.07392 -4.37392 -2.18728 -3.71491 -1.12608 2.11284e+07 2.79882e+14 0.000115315 0.000403426 3.90358e-16 1.80905e-08 214023 0 0 8.35652e-11 0 0 0.00387227 0 0 0 0 0 0 1.58594e+12 1.58594e+12 1.58594e+12 1.58594e+12 
0.099 -1.06322 -4.36322 -2.17658 -3.70421 -1.13678 2.11304e+07 2.7987e+14 0.000115317 0.000403429 3.90404e-16 1.80898e-08 214030 0 0 8.35779e-11 0 0 0.00387227 0 0 0 0 0 0 1.58604e+12 1.58604e+12 1.58604e+12 1.58604e+12 
0.0995 -1.05251 -4.35251 -2.16588 -3.69351 -1.14749 2.11325e+07 2.79858e+14 0.00011532 0.000403433 3.9045e-16 1.80892e-08 214037 0 0 8.35906e-11 0 0 0.00387227 0 0 0 0 0 0 1.58615e+12 1.58615e+12 1.58615e+12 1.58615e+12 
0.1 -1.04181 -4.34181 -2.15517 -3.6828 -1.15819 2.11345e+07 2.79846e+14 0.000115322 0.000403437 3.90496e-16 1.80886e-08 214044 0 0 8.36032e-11 0 0 0.00387227 0 0 0 0 0 0 1.58625e+12 1.58625e+12 1.58625e+12 1.58625e+12 
0.1005 -1.03111 -4.33111 -2.14447 -3.6721 -1.16889 2.11366e+07 2.79834e+14 0.000115325 0.00040344 3.90542e-16 1.8088e-08 214052 0 0 8.36159e-11 0 0 0.00387227 0 0 0 0 0 0 1.58635e+12 1.58635e+12 1.58635e+12 1.58635e+12 
0.101 -1.02041 -4.32041 -2.13376 -3.6614 -1.17959 2.11386e+07 2.79822e+14 0.000115327 0.000403444 3.90588e-16 1.80874e-08 214059 0 0 8.36286e-11 0 0 0.00387227 0 0 0 0 0 0 1.58646e+12 1.58646e+12 1.58646e+12 1.58646e+12 
0.1015 -1.0097 -4.3097 -2.12306 -3.65069 -1.1903 2.11407e+07 2.7981e+14 0.00011533 0.000403448 3.90634e-16 1.80868e-08 214066 0 0 8.36413e-11 0 0 0.00387227 0 0 0 0 0 0 1.58656e+12 1.58656e+12 1.58656e+12 1.58656e+12 
0.102 -0.999 -4.299 -2.11235 -3.63999 -1.201 2.11427e+07 2.79798e+14 0.000115332 0.000403451 3.9068e-16 1.80862e-08 214073 0 0 8.3654e-11 0 0 0.00387227 0 0 0 0 0 0 1.58667e+12 1.58667e+12 1.58667e+12 1.58667e+12 
0.1025 -0.988296 -4.2883 -2.10164 -3.62928 -1.2117 2.11448e+07 2.79786e+14 0.000115334 0.000403455 3.90726e-16 1.80856e-08 214080 0 0 8.36667e-11 0 0 0.00387227 0 0 0 0 0 0 1.58677e+12 1.58677e+12 1.58677e+12 1.58677e+12 
0.103 -0.977592 -4.27759 -2.09094 -3.61858 -1.22241 2.11468e+07 2.79774e+14 0.000115337 0.000403459 3.90772e-16 1.8085e-08 214088 0 0 8.36794e-11 0 0 0.00387227 0 0 0 0 0 0 1.58688e+12 1.58688e+12 1.58688e+12 1.58688e+12 
0.1035 -0.966888 -4.26689 -2.08023 -3.60787 -1.23311 2.11489e+07 2.79762e+14 0.000115339 0.000403462 3.90818e-16 1.80843e-08 214095 0 0 8.36921e-11 0 0 0.00387227 0 0 0 0 0 0 1.58698e+12 1.58698e+12 1.58698e+12 1.58698e+12 
0.104 -0.956183 -4.25618 -2.06952 -3.59716 -1.24382 2.11509e+07 2.7975e+14 0.000115342 0.000403466 3.90864e-16 1.80837e-08 214102 0 0 8.37047e-11 0 0 0.00387227 0 0 0 0 0 0 1.58708e+12 1.58708e+12 1.58708e+12 1.58708e+12 
0.1045 -0.945477 -4.24548 -2.05881 -3.58646 -1.25452 2.1153e+07 2.79738e+14 0.000115344 0.00040347 3.9091e-16 1.80831e-08 214109 0 0 8.37174e-11 0 0 0.00387227 0 0 0 0 0 0 1.58719e+12 1.58719e+12 1.58719e+12 1.58719e+12 
0.105 -0.934772 -4.23477 -2.04811 -3.57575 -1.26523 2.1155e+07 2.79726e+14 0.000115347 0.000403473 3.90956e-16 1.80825e-08 214117 0 0 8.37301e-11 0 0 0.00387227 0 0 0 0 0 0 1.58729e+12 1.58729e+12 1.58729e+12 1.58729e+12 
0.1055 -0.924066 -4.22407 -2.0374 -3.56504 -1.27593 2.11571e+07 2.79714e+14 0.000115349 0.000403477 3.91002e-16 1.80819e-08 214124 0 0 8.37428e-11 0 0 0.00387227 0 0 0 0 0 0 1.5874e+12 1.5874e+12 1.5874e+12 1.5874e+12 
0.106 -0.913359 -4.21336 -2.02669 -3.55433 -1.28664 2.11591e+07 2.79702e+14 0.000115351 0.000403481 3.91049e-16 1.80813e-08 214131 0 0 8.37555e-11 0 0 0.00387227 0 0 0 0 0 0 1.5875e+12 1.5875e+12 1.5875e+12 1.5875e+12 
0.1065 -0.902653 -4.20265 -2.01598 -3.54363 -1.29735 2.11612e+07 2.7969e+14 0.000115354 0.000403484 3.91095e-16 1.80807e-08 214138 0 0 8.37682e-11 0 0 0.00387227 0 0 0 0 0 0 1.58761e+12 1.58761e+12 1.58761e+12 1.58761e+12 
0.107 -0.891946 -4.19195 -2.00527 -3.53292 -1.30805 2.11632e+07 2.79678e+14 0.000115356 0.000403488 3.91141e-16 1.80801e-08 214146 0 0 8.37809e-11 0 0 0.00387227 0 0 0 0 0 0 1.58771e+12 1.58771e+12 1.58771e+12 1.58771e+12 
0.1075 -0.881238 -4.18124 -1.99456 -3.52221 -1.31876 2.11653e+07 2.79666e+14 0.000115359 0.000403492 3.91187e-16 1.80795e-08 214153 0 0 8.37936e-11 0 0 0.00387227 0 0 0 0 0 0 1.58781e+12 1.58781e+12 1.58781e+12 1.58781e+12 
0.108 -0.87053 -4.17053 -1.98385 -3.5115 -1.32947 2.11673e+07 2.79655e+14 0.000115361 0.000403496 3.91233e-16 1.80789e-08 214160 0 0 8.38063e-11 0 0 0.00387227 0 0 0 0 0 0 1.58792e+12 1.58792e+12 1.58792e+12 1.58792e+12 
0.1085 -0.859822 -4.15982 -1.97314 -3.50079 -1.34018 2.11694e+07 2.79643e+14 0.000115363 0.000403499 3.91279e-16 1.80782e-08 214167 0 0 8.3819e-11 0 0 0.00387227 0 0 0 0 0 0 1.58802e+12 1.58802e+12 1.58802e+12 1.58802e+12 
0.109 -0.849114 -4.14911 -1.96243 -3.49008 -1.35089 2.11714e+07 2.79631e+14 0.000115366 0.000403503 3.91325e-16 1.80776e-08 214174 0 0 8.38317e-11 0 0 0.00387227 0 0 0 0 0 0 1.58813e+12 1.58813e+12 1.58813e+12 1.58813e+12 
0.1095 -0.838405 -4.1384 -1.95172 -3.47937 -1.3616 2.11735e+07 2.79619e+14 0.000115368 0.000403507 3.91371e-16 1.8077e-08 214182 0 0 8.38444e-11 0 0 0.00387227 0 0 0 0 0 0 1.58823e+12 1.58823e+12 1.58823e+12 1.58823e+12 
0.11 -0.827695 -4.1277 -1.941 -3.46866 -1.3723 2.11755e+07 2.79607e+14 0.000115371 0.00040351 3.91417e-16 1.80764e-08 214189 0 0 8.38571e-11 0 0 0.00387227 0 0 0 0 0 0 1.58834e+12 1.58834e+12 1.58834e+12 1.58834e+12 
0.1105 -0.816986 -4.11699 -1.93029 -3.45795 -1.38301 2.11776e+07 2.79595e+14 0.000115373 0.000403514 3.91463e-16 1.80758e-08 214196 0 0 8.38698e-11 0 0 0.00387227 0 0 0 0 0 0 1.58844e+12 1.58844e+12 1.58844e+12 1.58844e+12 
0.111 -0.806276 -4.10628 -1.91958 -3.44724 -1.39372 2.11796e+07 2.79583e+14 0.000115376 0.000403518 3.91509e-16 1.80752e-08 214203 0 0 8.38825e-11 0 0 0.00387227 0 0 0 0 0 0 1.58854e+12 1.58854e+12 1.58854e+12 1.58854e+12 
0.1115 -0.795565 -4.09557 -1.90887 -3.43653 -1.40443 2.11817e+07 2.79571e+14 0.000115378 0.000403521 3.91555e-16 1.80746e-08 214211 0 0 8.38952e-11 0 0 0.00387227 0 0 0 0 0 0 1.58865e+12 1.58865e+12 1.58865e+12 1.58865e+12 
0.112 -0.784855 -4.08485 -1.89815 -3.42581 -1.41515 2.11837e+07 2.79559e+14 0.00011538 0.000403525 3.91602e-16 1.8074e-08 214218 0 0 8.39079e-11 0 0 0.00387227 0 0 0 0 0 0 1.58875e+12 1.58875e+12 1.58875e+12 1.58875e+12 
0.1125 -0.774144 -4.07414 -1.88744 -3.4151 -1.42586 2.11857e+07 2.79547e+14 0.000115383 0.000403529 3.91648e-16 1.80734e-08 214225 0 0 8.39206e-11 0 0 0.00387227 0 0 0 0 0 0 1.58886e+12 1.58886e+12 1.58886e+12 1.58886e+12 
0.113 -0.763432 -4.06343 -1.87673 -3.40439 -1.43657 2.11878e+07 2.79535e+14 0.000115385 0.000403532 3.91694e-16 1.80728e-08 214232 0 0 8.39333e-11 0 0 0.00387227 0 0 0 0 0 0 1.58896e+12 1.58896e+12 1.58896e+12 1.58896e+12 
0.1135 -0.75272 -4.05272 -1.86601 -3.39367 -1.44728 2.11898e+07 2.79523e+14 0.000115388 0.000403536 3.9174e-16 1.80721e-08 214239 0 0 8.3946e-11 0 0 0.00387227 0 0 0 0 0 0 1.58907e+12 1.58907e+12 1.58907e+12 1.58907e+12 
0.114 -0.742008 -4.04201 -1.8553 -3.38296 -1.45799 2.11919e+07 2.79511e+14 0.00011539 0.00040354 3.91786e-16 1.80715e-08 214247 0 0 8.39587e-11 0 0 0.00387227 0 0 0 0 0 0 1.58917e+12 1.58917e+12 1.58917e+12 1.58917e+12 
0.1145 -0.731296 -4.0313 -1.84458 -3.37225 -1.4687 2.11939e+07 2.79499e+14 0.000115393 0.000403543 3.91832e-16 1.80709e-08 214254 0 0 8.39714e-11 0 0 0.00387227 0 0 0 0 0 0 1.58927e+12 1.58927e+12 1.58927e+12 1.58927e+12 
0.115 -0.720583 -4.02058 -1.83387 -3.36153 -1.47942 2.1196e+07 2.79487e+14 0.000115395 0.000403547 3.91878e-16 1.80703e-08 214261 0 0 8.39841e-11 0 0 0.00387227 0 0 0 0 0 0 1.58938e+12 1.58938e+12 1.58938e+12 1.58938e+12 
0.1155 -0.70987 -4.00987 -1.82315 -3.35082 -1.49013 2.1198e+07 2.79475e+14 0.000115397 0.000403551 3.91924e-16 1.80697e-08 214268 0 0 8.39969e-11 0 0 0.00387227 0 0 0 0 0 0 1.58948e+12 1.58948e+12 1.58948e+12 1.58948e+12 
0.116 -0.699156 -3.99916 -1.81243 -3.3401 -1.50084 2.12001e+07 2.79463e+14 0.0001154 0.000403554 3.9197e-16 1.80691e-08 214276 0 0 8.40096e-11 0 0 0.00387227 0 0 0 0 0 0 1.58959e+12 1.58959e+12 1.58959e+12 1.58959e+12 
0.1165 -0.688442 -3.98844 -1.80172 -3.32939 -1.51156 2.12021e+07 2.79451e+14 0.000115402 0.000403558 3.92016e-16 1.80685e-08 214283 0 0 8.40223e-11 0 0 0.00387227 0 0 0 0 0 0 1.58969e+12 1.58969e+12 1.58969e+12 1.58969e+12 
0.117 -0.677728 -3.97773 -1.791 -3.31867 -1.52227 2.12042e+07 2.79439e+14 0.000115405 0.000403562 3.92063e-16 1.80679e-08 214290 0 0 8.4035e-11 0 0 0.00387227 0 0 0 0 0 0 1.5898e+12 1.5898e+12 1.5898e+12 1.5898e+12 
0.1175 -0.667013 -3.96701 -1.78028 -3.30796 -1.53299 2.12062e+07 2.79427e+14 0.000115407 0.000403565 3.92109e-16 1.80673e-08 214297 0 0 8.40477e-11 0 0 0.00387227 0 0 0 0 0 0 1.5899e+12 1.5899e+12 1.5899e+12 1.5899e+12 
0.118 -0.656298 -3.9563 -1.76957 -3.29724 -1.5437 2.12083e+07 2.79415e+14 0.000115409 0.000403569 3.92155e-16 1.80667e-08 214305 0 0 8.40604e-11 0 0 0.00387227 0 0 0 0 0 0 1.59e+12 1.59e+12 1.59e+12 1.59e+12 
0.1185 -0.645583 -3.94558 -1.75885 -3.28652 -1.55442 2.12103e+07 2.79403e+14 0.000115412 0.000403573 3.92201e-16 1.80661e-08 214312 0 0 8.40731e-11 0 0 0.00387227 0 0 0 0 0 0 1.59011e+12 1.59011e+12 1.59011e+12 1.59011e+12 
0.119 -0.634867 -3.93487 -1.74813 -3.27581 -1.56513 2.12124e+07 2.79391e+14 0.000115414 0.000403576 3.92247e-16 1.80654e-08 214319 0 0 8.40858e-11 0 0 0.00387227 0 0 0 0 0 0 1.59021e+12 1.59021e+12 1.59021e+12 1.59021e+12 
0.1195 -0.624151 -3.92415 -1.73741 -3.26509 -1.57585 2.12144e+07 2.79379e+14 0.000115417 0.00040358 3.92293e-16 1.80648e-08 214326 0 0 8.40986e-11 0 0 0.00387227 0 0 0 0 0 0 1.59032e+12 1.59032e+12 1.59032e+12 1.59032e+12 
0.12 -0.613434 -3.91343 -1.72669 -3.25437 -1.58657 2.12165e+07 2.79367e+14 0.000115419 0.000403584 3.92339e-16 1.80642e-08 214333 0 0 8.41113e-11 0 0 0.00387227 0 0 0 0 0 0 1.59042e+12 1.59042e+12 1.59042e+12 1.59042e+12 
0.1205 -0.602717 -3.90272 -1.71597 -3.24365 -1.59728 2.12185e+07 2.79355e+14 0.000115422 0.000403587 3.92385e-16 1.80636e-08 214341 0 0 8.4124e-11 0 0 0.00387227 0 0 0 0 0 0 1.59053e+12 1.59053e+12 1.59053e+12 1.59053e+12 
0.121 -0.592 -3.892 -1.70525 -3.23293 -1.608 2.12206e+07 2.79343e+14 0.000115424 0.000403591 3.92431e-16 1.8063e-08 214348 0 0 8.41367e-11 0 0 0.00387227 0 0 0 0 0 0 1.59063e+12 1.59063e+12 1.59063e+12 1.59063e+12 
0.1215 -0.581283 -3.88128 -1.69453 -3.22221 -1.61872 2.12226e+07 2.79331e+14 0.000115426 0.000403595 3.92478e-16 1.80624e-08 214355 0 0 8.41494e-11 0 0 0.00387227 0 0 0 0 0 0 1.59073e+12 1.59073e+12 1.59073e+12 1.59073e+12 
0.122 -0.570565 -3.87056 -1.68381 -3.21149 -1.62944 2.12247e+07 2.79319e+14 0.000115429 0.000403598 3.92524e-16 1.80618e-08 214362 0 0 8.41622e-11 0 0 0.00387227 0 0 0 0 0 0 1.59084e+12 1.59084e+12 1.59084e+12 1.59084e+12 
0.1225 -0.559846 -3.85985 -1.67309 -3.20078 -1.64015 2.12267e+07 2.79307e+14 0.000115431 0.000403602 3.9257e-16 1.80612e-08 214370 0 0 8.41749e-11 0 0 0.00387227 0 0 0 0 0 0 1.59094e+12 1.59094e+12 1.59094e+12 1.59094e+12 
0.123 -0.549128 -3.84913 -1.66237 -3.19006 -1.65087 2.12288e+07 2.79296e+14 0.000115434 0.000403606 3.92616e-16 1.80606e-08 214377 0 0 8.41876e-11 0 0 0.00387227 0 0 0 0 0 0 1.59105e+12 1.59105e+12 1.59105e+12 1.59105e+12 
0.1235 -0.538409 -3.83841 -1.65165 -3.17933 -1.66159 2.12308e+07 2.79284e+14 0.000115436 0.00040361 3.92662e-16 1.806e-08 214384 0 0 8.42003e-11 0 0 0.00387227 0 0 0 0 0 0 1.59115e+12 1.59115e+12 1.59115e+12 1.59115e+12 
0.124 -0.527689 -3.82769 -1.64093 -3.16861 -1.67231 2.12329e+07 2.79272e+14 0.000115439 0.000403613 3.92708e-16 1.80594e-08 214391 0 0 8.4213e-11 0 0 0.00387227 0 0 0 0 0 0 1.59125e+12 1.59125e+12 1.59125e+12 1.59125e+12 
0.1245 -0.51697 -3.81697 -1.6302 -3.15789 -1.68303 2.12349e+07 2.7926e+14 0.000115441 0.000403617 3.92754e-16 1.80588e-08 214398 0 0 8.42258e-11 0 0 0.00387227 0 0 0 0 0 0 1.59136e+12 1.59136e+12 1.59136e+12 1.59136e+12 
0.125 -0.506249 -3.80625 -1.61948 -3.14717 -1.69375 2.1237e+07 2.79248e+14 0.000115443 0.000403621 3.928e-16 1.80582e-08 214406 0 0 8.42385e-11 0 0 0.00387227 0 0 0 0 0 0 1.59146e+12 1.59146e+12 1.59146e+12 1.59146e+12 
0.1255 -0.495529 -3.79553 -1.60876 -3.13645 -1.70447 2.1239e+07 2.79236e+14 0.000115446 0.000403624 3.92847e-16 1.80575e-08 214413 0 0 8.42512e-11 0 0 0.00387227 0 0 0 0 0 0 1.59157e+12 1.59157e+12 1.59157e+12 1.59157e+12 
0.126 -0.484808 -3.78481 -1.59804 -3.12573 -1.71519 2.12411e+07 2.79224e+14 0.000115448 0.000403628 3.92893e-16 1.80569e-08 214420 0 0 8.42639e-11 0 0 0.00387227 0 0 0 0 0 0 1.59167e+12 1.59167e+12 1.59167e+12 1.59167e+12 
0.1265 -0.474087 -3.77409 -1.58731 -3.115 -1.72591 2.12431e+07 2.79212e+14 0.000115451 0.000403632 3.92939e-16 1.80563e-08 214427 0 0 8.42767e-11 0 0 0.00387227 0 0 0 0 0 0 1.59178e+12 1.59178e+12 1.59178e+12 1.59178e+12 
0.127 -0.463365 -3.76337 -1.57659 -3.10428 -1.73663 2.12452e+07 2.792e+14 0.000115453 0.000403635 3.92985e-16 1.80557e-08 214434 0 0 8.42894e-11 0 0 0.00387227 0 0 0 0 0 0 1.59188e+12 1.59188e+12 1.59188e+12 1.59188e+12 
0.1275 -0.452644 -3.75264 -1.56586 -3.09356 -1.74736 2.12472e+07 2.79188e+14 0.000115456 0.000403639 3.93031e-16 1.80551e-08 214442 0 0 8.43021e-11 0 0 0.00387227 0 0 0 0 0 0 1.59198e+12 1.59198e+12 1.59198e+12 1.59198e+12 
0.128 -0.441921 -3.74192 -1.55514 -3.08283 -1.75808 2.12493e+07 2.79176e+14 0.000115458 0.000403643 3.93077e-16 1.80545e-08 214449 0 0 8.43149e-11 0 0 0.00387227 0 0 0 0 0 0 1.59209e+12 1.59209e+12 1.59209e+12 1.59209e+12 
0.1285 -0.431199 -3.7312 -1.54441 -3.07211 -1.7688 2.12513e+07 2.79164e+14 0.00011546 0.000403646 3.93123e-16 1.80539e-08 214456 0 0 8.43276e-11 0 0 0.00387227 0 0 0 0 0 0 1.59219e+12 1.59219e+12 1.59219e+12 1.59219e+12 
0.129 -0.420476 -3.72048 -1.53369 -3.06139 -1.77952 2.12533e+07 2.79152e+14 0.000115463 0.00040365 3.93169e-16 1.80533e-08 214463 0 0 8.43403e-11 0 0 0.00387227 0 0 0 0 0 0 1.5923e+12 1.5923e+12 1.5923e+12 1.5923e+12 
0.1295 -0.409752 -3.70975 -1.52296 -3.05066 -1.79025 2.12554e+07 2.7914e+14 0.000115465 0.000403654 3.93216e-16 1.80527e-08 214471 0 0 8.43531e-11 0 0 0.00387227 0 0 0 0 0 0 1.5924e+12 1.5924e+12 1.5924e+12 1.5924e+12 
0.13 -0.399029 -3.69903 -1.51224 -3.03994 -1.80097 2.12574e+07 2.79128e+14 0.000115468 0.000403657 3.93262e-16 1.80521e-08 214478 0 0 8.43658e-11 0 0 0.00387227 0 0 0 0 0 0 1.5925e+12 1.5925e+12 1.5925e+12 1.5925e+12 
0.1305 -0.388305 -3.6883 -1.50151 -3.02921 -1.8117 2.12595e+07 2.79116e+14 0.00011547 0.000403661 3.93308e-16 1.80515e-08 214485 0 0 8.43785e-11 0 0 0.00387227 0 0 0 0 0 0 1.59261e+12 1.59261e+12 1.59261e+12 1.59261e+12 
0.131 -0.37758 -3.67758 -1.49078 -3.01849 -1.82242 2.12615e+07 2.79104e+14 0.000115472 0.000403665 3.93354e-16 1.80509e-08 214492 0 0 8.43913e-11 0 0 0.00387227 0 0 0 0 0 0 1.59271e+12 1.59271e+12 1.59271e+12 1.59271e+12 
0.1315 -0.366855 -3.66686 -1.48006 -3.00776 -1.83314 2.12636e+07 2.79093e+14 0.000115475 0.000403668 3.934e-16 1.80503e-08 214499 0 0 8.4404e-11 0 0 0.00387227 0 0 0 0 0 0 1.59282e+12 1.59282e+12 1.59282e+12 1.59282e+12 
0.132 -0.35613 -3.65613 -1.46933 -2.99703 -1.84387 2.12656e+07 2.79081e+14 0.000115477 0.000403672 3.93446e-16 1.80496e-08 214507 0 0 8.44167e-11 0 0 0.00387227 0 0 0 0 0 0 1.59292e+12 1.59292e+12 1.59292e+12 1.59292e+12 
0.1325 -0.345405 -3.6454 -1.4586 -2.98631 -1.8546 2.12677e+07 2.79069e+14 0.00011548 0.000403676 3.93492e-16 1.8049e-08 214514 0 0 8.44295e-11 0 0 0.00387227 0 0 0 0 0 0 1.59302e+12 1.59302e+12 1.59302e+12 1.59302e+12 
0.133 -0.334679 -3.63468 -1.44787 -2.97558 -1.86532 2.12697e+07 2.79057e+14 0.000115482 0.000403679 3.93539e-16 1.80484e-08 214521 0 0 8.44422e-11 0 0 0.00387227 0 0 0 0 0 0 1.59313e+12 1.59313e+12 1.59313e+12 1.59313e+12 
0.1335 -0.323953 -3.62395 -1.43714 -2.96485 -1.87605 2.12718e+07 2.79045e+14 0.000115485 0.000403683 3.93585e-16 1.80478e-08 214528 0 0 8.44549e-11 0 0 0.00387227 0 0 0 0 0 0 1.59323e+12 1.59323e+12 1.59323e+12 1.59323e+12 
0.134 -0.313226 -3.61323 -1.42641 -2.95412 -1.88677 2.12738e+07 2.79033e+14 0.000115487 0.000403687 3.93631e-16 1.80472e-08 214535 0 0 8.44677e-11 0 0 0.00387227 0 0 0 0 0 0 1.59334e+12 1.59334e+12 1.59334e+12 1.59334e+12 
0.1345 -0.302499 -3.6025 -1.41568 -2.94339 -1.8975 2.12759e+07 2.79021e+14 0.000115489 0.000403691 3.93677e-16 1.80466e-08 214543 0 0 8.44804e-11 0 0 0.00387227 0 0 0 0 0 0 1.59344e+12 1.59344e+12 1.59344e+12 1.59344e+12 
0.135 -0.291772 -3.59177 -1.40495 -2.93267 -1.90823 2.12779e+07 2.79009e+14 0.000115492 0.000403694 3.93723e-16 1.8046e-08 214550 0 0 8.44932e-11 0 0 0.00387227 0 0 0 0 0 0 1.59354e+12 1.59354e+12 1.59354e+12 1.59354e+12 
0.1355 -0.281044 -3.58104 -1.39422 -2.92194 -1.91896 2.128e+07 2.78997e+14 0.000115494 0.000403698 3.93769e-16 1.80454e-08 214557 0 0 8.45059e-11 0 0 0.00387227 0 0 0 0 0 0 1.59365e+12 1.59365e+12 1.59365e+12 1.59365e+12 
0.136 -0.270316 -3.57032 -1.38349 -2.91121 -1.92968 2.1282e+07 2.78985e+14 0.000115497 0.000403702 3.93816e-16 1.80448e-08 214564 0 0 8.45187e-11 0 0 0.00387227 0 0 0 0 0 0 1.59375e+12 1.59375e+12 1.59375e+12 1.59375e+12 
0.1365 -0.259588 -3.55959 -1.37276 -2.90048 -1.94041 2.12841e+07 2.78973e+14 0.000115499 0.000403705 3.93862e-16 1.80442e-08 214572 0 0 8.45314e-11 0 0 0.00387227 0 0 0 0 0 0 1.59386e+12 1.59386e+12 1.59386e+12 1.59386e+12 
0.137 -0.248859 -3.54886 -1.36203 -2.88975 -1.95114 2.12861e+07 2.78961e+14 0.000115502 0.000403709 3.93908e-16 1.80436e-08 214579 0 0 8.45441e-11 0 0 0.00387227 0 0 0 0 0 0 1.59396e+12 1.59396e+12 1.59396e+12 1.59396e+12 
0.1375 -0.23813 -3.53813 -1.3513 -2.87902 -1.96187 2.12882e+07 2.78949e+14 0.000115504 0.000403713 3.93954e-16 1.8043e-08 214586 0 0 8.45569e-11 0 0 0.00387227 0 0 0 0 0 0 1.59406e+12 1.59406e+12 1.59406e+12 1.59406e+12 
0.138 -0.2274 -3.5274 -1.34057 -2.86829 -1.9726 2.12902e+07 2.78938e+14 0.000115506 0.000403716 3.94e-16 1.80424e-08 214593 0 0 8.45696e-11 0 0 0.00387227 0 0 0 0 0 0 1.59417e+12 1.59417e+12 1.59417e+12 1.59417e+12 
0.1385 -0.21667 -3.51667 -1.32983 -2.85755 -1.98333 2.12923e+07 2.78926e+14 0.000115509 0.00040372 3.94046e-16 1.80418e-08 214600 0 0 8.45824e-11 0 0 0.00387227 0 0 0 0 0 0 1.59427e+12 1.59427e+12 1.59427e+12 1.59427e+12 
0.139 -0.20594 -3.50594 -1.3191 -2.84682 -1.99406 2.12943e+07 2.78914e+14 0.000115511 0.000403724 3.94093e-16 1.80412e-08 214608 0 0 8.45951e-11 0 0 0.00387227 0 0 0 0 0 0 1.59438e+12 1.59438e+12 1.59438e+12 1.59438e+12 
0.1395 -0.19521 -3.49521 -1.30837 -2.83609 -2.00479 2.12964e+07 2.78902e+14 0.000115514 0.000403727 3.94139e-16 1.80406e-08 214615 0 0 8.46079e-11 0 0 0.00387227 0 0 0 0 0 0 1.59448e+12 1.59448e+12 1.59448e+12 1.59448e+12 
0.14 -0.184479 -3.48448 -1.29764 -2.82536 -2.01552 2.12984e+07 2.7889e+14 0.000115516 0.000403731 3.94185e-16 1.80399e-08 214622 0 0 8.46206e-11 0 0 0.00387227 0 0 0 0 0 0 1.59458e+12 1.59458e+12 1.59458e+12 1.59458e+12 
0.1405 -0.173747 -3.47375 -1.2869 -2.81463 -2.02625 2.13005e+07 2.78878e+14 0.000115519 0.000403735 3.94231e-16 1.80393e-08 214629 0 0 8.46334e-11 0 0 0.00387227 0 0 0 0 0 0 1.59469e+12 1.59469e+12 1.59469e+12 1.59469e+12 
0.141 -0.163016 -3.46302 -1.27617 -2.80389 -2.03698 2.13025e+07 2.78866e+14 0.000115521 0.000403738 3.94277e-16 1.80387e-08 214636 0 0 8.46461e-11 0 0 0.00387227 0 0 0 0 0 0 1.59479e+12 1.59479e+12 1.59479e+12 1.59479e+12 
0.1415 -0.152284 -3.45228 -1.26543 -2.79316 -2.04772 2.13045e+07 2.78854e+14 0.000115523 0.000403742 3.94323e-16 1.80381e-08 214644 0 0 8.46589e-11 0 0 0.00387227 0 0 0 0 0 0 1.5949e+12 1.5949e+12 1.5949e+12 1.5949e+12 
0.142 -0.141551 -3.44155 -1.2547 -2.78243 -2.05845 2.13066e+07 2.78842e+14 0.000115526 0.000403746 3.9437e-16 1.80375e-08 214651 0 0 8.46716e-11 0 0 0.00387227 0 0 0 0 0 0 1.595e+12 1.595e+12 1.595e+12 1.595e+12 
0.1425 -0.130819 -3.43082 -1.24396 -2.77169 -2.06918 2.13086e+07 2.7883e+14 0.000115528 0.00040375 3.94416e-16 1.80369e-08 214658 0 0 8.46844e-11 0 0 0.00387227 0 0 0 0 0 0 1.5951e+12 1.5951e+12 1.5951e+12 1.5951e+12 
0.143 -0.120086 -3.42009 -1.23323 -2.76096 -2.07991 2.13107e+07 2.78818e+14 0.000115531 0.000403753 3.94462e-16 1.80363e-08 214665 0 0 8.46972e-11 0 0 0.00387227 0 0 0 0 0 0 1.59521e+12 1.59521e+12 1.59521e+12 1.59521e+12 
0.1435 -0.109352 -3.40935 -1.22249 -2.75022 -2.09065 2.13127e+07 2.78807e+14 0.000115533 0.000403757 3.94508e-16 1.80357e-08 214672 0 0 8.47099e-11 0 0 0.00387227 0 0 0 0 0 0 1.59531e+12 1.59531e+12 1.59531e+12 1.59531e+12 
0.144 -0.0986184 -3.39862 -1.21176 -2.73949 -2.10138 2.13148e+07 2.78795e+14 0.000115535 0.000403761 3.94554e-16 1.80351e-08 214680 0 0 8.47227e-11 0 0 0.00387227 0 0 0 0 0 0 1.59542e+12 1.59542e+12 1.59542e+12 1.59542e+12 
0.1445 -0.0878842 -3.38788 -1.20102 -2.72875 -2.11212 2.13168e+07 2.78783e+14 0.000115538 0.000403764 3.946e-16 1.80345e-08 214687 0 0 8.47354e-11 0 0 0.00387227 0 0 0 0 0 0 1.59552e+12 1.59552e+12 1.59552e+12 1.59552e+12 
0.145 -0.0771497 -3.37715 -1.19028 -2.71802 -2.12285 2.13189e+07 2.78771e+14 0.00011554 0.000403768 3.94647e-16 1.80339e-08 214694 0 0 8.47482e-11 0 0 0.00387227 0 0 0 0 0 0 1.59562e+12 1.59562e+12 1.59562e+12 1.59562e+12 
0.1455 -0.0664148 -3.36641 -1.17954 -2.70728 -2.13359 2.13209e+07 2.78759e+14 0.000115543 0.000403772 3.94693e-16 1.80333e-08 214701 0 0 8.47609e-11 0 0 0.00387227 0 0 0 0 0 0 1.59573e+12 1.59573e+12 1.59573e+12 1.59573e+12 
0.146 -0.0556796 -3.35568 -1.16881 -2.69654 -2.14432 2.1323e+07 2.78747e+14 0.000115545 0.000403775 3.94739e-16 1.80327e-08 214709 0 0 8.47737e-11 0 0 0.00387227 0 0 0 0 0 0 1.59583e+12 1.59583e+12 1.59583e+12 1.59583e+12 
0.1465 -0.044944 -3.34494 -1.15807 -2.68581 -2.15506 2.1325e+07 2.78735e+14 0.000115548 0.000403779 3.94785e-16 1.80321e-08 214716 0 0 8.47865e-11 0 0 0.00387227 0 0 0 0 0 0 1.59594e+12 1.59594e+12 1.59594e+12 1.59594e+12 
0.147 -0.034208 -3.33421 -1.14733 -2.67507 -2.16579 2.13271e+07 2.78723e+14 0.00011555 0.000403783 3.94831e-16 1.80315e-08 214723 0 0 8.47992e-11 0 0 0.00387227 0 0 0 0 0 0 1.59604e+12 1.59604e+12 1.59604e+12 1.59604e+12 
0.1475 -0.0234717 -3.32347 -1.13659 -2.66433 -2.17653 2.13291e+07 2.78711e+14 0.000115552 0.000403786 3.94878e-16 1.80309e-08 214730 0 0 8.4812e-11 0 0 0.00387227 0 0 0 0 0 0 1.59614e+12 1.59614e+12 1.59614e+12 1.59614e+12 
0.148 -0.012735 -3.31273 -1.12585 -2.65359 -2.18727 2.13312e+07 2.78699e+14 0.000115555 0.00040379 3.94924e-16 1.80303e-08 214737 0 0 8.48248e-11 0 0 0.00387227 0 0 0 0 0 0 1.59625e+12 1.59625e+12 1.59625e+12 1.59625e+12 
0.1485 -0.00199793 -3.302 -1.11511 -2.64285 -2.198 2.13332e+07 2.78688e+14 0.000115557 0.000403794 3.9497e-16 1.80297e-08 214745 0 0 8.48375e-11 0 0 0.00387227 0 0 0 0 0 0 1.59635e+12 1.59635e+12 1.59635e+12 1.59635e+12 
0.149 0.00873948 -3.29126 -1.10437 -2.63212 -2.20874 2.13353e+07 2.78676e+14 0.00011556 0.000403797 3.95016e-16 1.80291e-08 214752 0 0 8.48503e-11 0 0 0.00387227 0 0 0 0 0 0 1.59645e+12 1.59645e+12 1.59645e+12 1.59645e+12 
0.1495 0.0194772 -3.28052 -1.09363 -2.62138 -2.21948 2.13373e+07 2.78664e+14 0.000115562 0.000403801 3.95062e-16 1.80284e-08 214759 0 0 8.48631e-11 0 0 0.00387227 0 0 0 0 0 0 1.59656e+12 1.59656e+12 1.59656e+12 1.59656e+12 
0.15 0.0302154 -3.26978 -1.08289 -2.61064 -2.23022 2.13394e+07 2.78652e+14 0.000115565 0.000403805 3.95108e-16 1.80278e-08 214766 0 0 8.48758e-11 0 0 0.00387227 0 0 0 0 0 0 1.59666e+12 1.59666e+12 1.59666e+12 1.59666e+12 
0.1505 0.0409539 -3.25905 -1.07215 -2.5999 -2.24095 2.13414e+07 2.7864e+14 0.000115567 0.000403809 3.95155e-16 1.80272e-08 214773 0 0 8.48886e-11 0 0 0.00387227 0 0 0 0 0 0 1.59677e+12 1.59677e+12 1.59677e+12 1.59677e+12 
0.151 0.0516927 -3.24831 -1.06141 -2.58916 -2.25169 2.13435e+07 2.78628e+14 0.000115569 0.000403812 3.95201e-16 1.80266e-08 214781 0 0 8.49014e-11 0 0 0.00387227 0 0 0 0 0 0 1.59687e+12 1.59687e+12 1.59687e+12 1.59687e+12 
0.1515 0.0624319 -3.23757 -1.05067 -2.57842 -2.26243 2.13455e+07 2.78616e+14 0.000115572 0.000403816 3.95247e-16 1.8026e-08 214788 0 0 8.49141e-11 0 0 0.00387227 0 0 0 0 0 0 1.59697e+12 1.59697e+12 1.59697e+12 1.59697e+12 
0.152 0.0731715 -3.22683 -1.03993 -2.56768 -2.27317 2.13475e+07 2.78604e+14 0.000115574 0.00040382 3.95293e-16 1.80254e-08 214795 0 0 8.49269e-11 0 0 0.00387227 0 0 0 0 0 0 1.59708e+12 1.59708e+12 1.59708e+12 1.59708e+12 
0.1525 0.0839114 -3.21609 -1.02918 -2.55693 -2.28391 2.13496e+07 2.78592e+14 0.000115577 0.000403823 3.95339e-16 1.80248e-08 214802 0 0 8.49397e-11 0 0 0.00387227 0 0 0 0 0 0 1.59718e+12 1.59718e+12 1.59718e+12 1.59718e+12 
0.153 0.0946517 -3.20535 -1.01844 -2.54619 -2.29465 2.13516e+07 2.78581e+14 0.000115579 0.000403827 3.95386e-16 1.80242e-08 214809 0 0 8.49524e-11 0 0 0.00387227 0 0 0 0 0 0 1.59729e+12 1.59729e+12 1.59729e+12 1.59729e+12 
0.1535 0.105392 -3.19461 -1.0077 -2.53545 -2.30539 2.13537e+07 2.78569e+14 0.000115581 0.000403831 3.95432e-16 1.80236e-08 214817 0 0 8.49652e-11 0 0 0.00387227 0 0 0 0 0 0 1.59739e+12 1.59739e+12 1.59739e+12 1.59739e+12 
0.154 0.116133 -3.18387 -0.996953 -2.52471 -2.31613 2.13557e+07 2.78557e+14 0.000115584 0.000403834 3.95478e-16 1.8023e-08 214824 0 0 8.4978e-11 0 0 0.00387227 0 0 0 0 0 0 1.59749e+12 1.59749e+12 1.59749e+12 1.59749e+12 
0.1545 0.126875 -3.17313 -0.986209 -2.51397 -2.32687 2.13578e+07 2.78545e+14 0.000115586 0.000403838 3.95524e-16 1.80224e-08 214831 0 0 8.49908e-11 0 0 0.00387227 0 0 0 0 0 0 1.5976e+12 1.5976e+12 1.5976e+12 1.5976e+12 
0.155 0.137616 -3.16238 -0.975465 -2.50322 -2.33762 2.13598e+07 2.78533e+14 0.000115589 0.000403842 3.9557e-16 1.80218e-08 214838 0 0 8.50035e-11 0 0 0.00387227 0 0 0 0 0 0 1.5977e+12 1.5977e+12 1.5977e+12 1.5977e+12 
0.1555 0.148359 -3.15164 -0.96472 -2.49248 -2.34836 2.13619e+07 2.78521e+14 0.000115591 0.000403845 3.95617e-16 1.80212e-08 214845 0 0 8.50163e-11 0 0 0.00387227 0 0 0 0 0 0 1.5978e+12 1.5978e+12 1.5978e+12 1.5978e+12 
0.156 0.159101 -3.1409 -0.953975 -2.48173 -2.3591 2.13639e+07 2.78509e+14 0.000115594 0.000403849 3.95663e-16 1.80206e-08 214853 0 0 8.50291e-11 0 0 0.00387227 0 0 0 0 0 0 1.59791e+12 1.59791e+12 1.59791e+12 1.59791e+12 
0.1565 0.169844 -3.13016 -0.94323 -2.47099 -2.36984 2.1366e+07 2.78497e+14 0.000115596 0.000403853 3.95709e-16 1.802e-08 214860 0 0 8.50419e-11 0 0 0.00387227 0 0 0 0 0 0 1.59801e+12 1.59801e+12 1.59801e+12 1.59801e+12 
0.157 0.180587 -3.11941 -0.932484 -2.46025 -2.38059 2.1368e+07 2.78486e+14 0.000115598 0.000403857 3.95755e-16 1.80194e-08 214867 0 0 8.50546e-11 0 0 0.00387227 0 0 0 0 0 0 1.59812e+12 1.59812e+12 1.59812e+12 1.59812e+12 
0.1575 0.19133 -3.10867 -0.921738 -2.4495 -2.39133 2.13701e+07 2.78474e+14 0.000115601 0.00040386 3.95802e-16 1.80188e-08 214874 0 0 8.50674e-11 0 0 0.00387227 0 0 0 0 0 0 1.59822e+12 1.59822e+12 1.59822e+12 1.59822e+12 
0.158 0.202074 -3.09793 -0.910992 -2.43876 -2.40207 2.13721e+07 2.78462e+14 0.000115603 0.000403864 3.95848e-16 1.80182e-08 214881 0 0 8.50802e-11 0 0 0.00387227 0 0 0 0 0 0 1.59832e+12 1.59832e+12 1.59832e+12 1.59832e+12 
0.1585 0.212819 -3.08718 -0.900245 -2.42801 -2.41282 2.13742e+07 2.7845e+14 0.000115606 0.000403868 3.95894e-16 1.80176e-08 214889 0 0 8.5093e-11 0 0 0.00387227 0 0 0 0 0 0 1.59843e+12 1.59843e+12 1.59843e+12 1.59843e+12 
0.159 0.223563 -3.07644 -0.889498 -2.41726 -2.42356 2.13762e+07 2.78438e+14 0.000115608 0.000403871 3.9594e-16 1.8017e-08 214896 0 0 8.51058e-11 0 0 0.00387227 0 0 0 0 0 0 1.59853e+12 1.59853e+12 1.59853e+12 1.59853e+12 
0.1595 0.234308 -3.06569 -0.878751 -2.40652 -2.43431 2.13783e+07 2.78426e+14 0.000115611 0.000403875 3.95986e-16 1.80164e-08 214903 0 0 8.51185e-11 0 0 0.00387227 0 0 0 0 0 0 1.59864e+12 1.59864e+12 1.59864e+12 1.59864e+12 
0.16 0.245054 -3.05495 -0.868003 -2.39577 -2.44505 2.13803e+07 2.78414e+14 0.000115613 0.000403879 3.96033e-16 1.80158e-08 214910 0 0 8.51313e-11 0 0 0.00387227 0 0 0 0 0 0 1.59874e+12 1.59874e+12 1.59874e+12 1.59874e+12 
0.1605 0.255799 -3.0442 -0.857255 -2.38502 -2.4558 2.13824e+07 2.78402e+14 0.000115615 0.000403882 3.96079e-16 1.80152e-08 214917 0 0 8.51441e-11 0 0 0.00387227 0 0 0 0 0 0 1.59884e+12 1.59884e+12 1.59884e+12 1.59884e+12 
0.161 0.266545 -3.03345 -0.846506 -2.37428 -2.46655 2.13844e+07 2.78391e+14 0.000115618 0.000403886 3.96125e-16 1.80146e-08 214925 0 0 8.51569e-11 0 0 0.00387227 0 0 0 0 0 0 1.59895e+12 1.59895e+12 1.59895e+12 1.59895e+12 
0.1615 0.277292 -3.02271 -0.835757 -2.36353 -2.47729 2.13864e+07 2.78379e+14 0.00011562 0.00040389 3.96171e-16 1.8014e-08 214932 0 0 8.51697e-11 0 0 0.00387227 0 0 0 0 0 0 1.59905e+12 1.59905e+12 1.59905e+12 1.59905e+12 
0.162 0.288038 -3.01196 -0.825008 -2.35278 -2.48804 2.13885e+07 2.78367e+14 0.000115623 0.000403893 3.96218e-16 1.80134e-08 214939 0 0 8.51825e-11 0 0 0.00387227 0 0 0 0 0 0 1.59915e+12 1.59915e+12 1.59915e+12 1.59915e+12 
0.1625 0.298786 -3.00121 -0.814258 -2.34203 -2.49879 2.13905e+07 2.78355e+14 0.000115625 0.000403897 3.96264e-16 1.80128e-08 214946 0 0 8.51953e-11 0 0 0.00387227 0 0 0 0 0 0 1.59926e+12 1.59926e+12 1.59926e+12 1.59926e+12 
0.163 0.309533 -2.99047 -0.803508 -2.33128 -2.50953 2.13926e+07 2.78343e+14 0.000115628 0.000403901 3.9631e-16 1.80122e-08 214953 0 0 8.5208e-11 0 0 0.00387227 0 0 0 0 0 0 1.59936e+12 1.59936e+12 1.59936e+12 1.59936e+12 
0.1635 0.320281 -2.97972 -0.792758 -2.32053 -2.52028 2.13946e+07 2.78331e+14 0.00011563 0.000403905 3.96356e-16 1.80115e-08 214961 0 0 8.52208e-11 0 0 0.00387227 0 0 0 0 0 0 1.59947e+12 1.59947e+12 1.59947e+12 1.59947e+12 
0.164 0.331029 -2.96897 -0.782007 -2.30978 -2.53103 2.13967e+07 2.78319e+14 0.000115632 0.000403908 3.96402e-16 1.80109e-08 214968 0 0 8.52336e-11 0 0 0.00387227 0 0 0 0 0 0 1.59957e+12 1.59957e+12 1.59957e+12 1.59957e+12 
0.1645 0.341778 -2.95822 -0.771256 -2.29903 -2.54178 2.13987e+07 2.78308e+14 0.000115635 0.000403912 3.96449e-16 1.80103e-08 214975 0 0 8.52464e-11 0 0 0.00387227 0 0 0 0 0 0 1.59967e+12 1.59967e+12 1.59967e+12 1.59967e+12 
0.165 0.352527 -2.94747 -0.760505 -2.28828 -2.55253 2.14008e+07 2.78296e+14 0.000115637 0.000403916 3.96495e-16 1.80097e-08 214982 0 0 8.52592e-11 0 0 0.00387227 0 0 0 0 0 0 1.59978e+12 1.59978e+12 1.59978e+12 1.59978e+12 
0.1655 0.363276 -2.93672 -0.749753 -2.27753 -2.56328 2.14028e+07 2.78284e+14 0.00011564 0.000403919 3.96541e-16 1.80091e-08 214989 0 0 8.5272e-11 0 0 0.00387227 0 0 0 0 0 0 1.59988e+12 1.59988e+12 1.59988e+12 1.59988e+12 
0.166 0.374026 -2.92597 -0.739001 -2.26678 -2.57403 2.14049e+07 2.78272e+14 0.000115642 0.000403923 3.96587e-16 1.80085e-08 214996 0 0 8.52848e-11 0 0 0.00387227 0 0 0 0 0 0 1.59998e+12 1.59998e+12 1.59998e+12 1.59998e+12 
0.1665 0.384776 -2.91522 -0.728248 -2.25603 -2.58478 2.14069e+07 2.7826e+14 0.000115644 0.000403927 3.96634e-16 1.80079e-08 215004 0 0 8.52976e-11 0 0 0.00387227 0 0 0 0 0 0 1.60009e+12 1.60009e+12 1.60009e+12 1.60009e+12 
0.167 0.395526 -2.90447 -0.717495 -2.24528 -2.59553 2.1409e+07 2.78248e+14 0.000115647 0.00040393 3.9668e-16 1.80073e-08 215011 0 0 8.53104e-11 0 0 0.00387227 0 0 0 0 0 0 1.60019e+12 1.60019e+12 1.60019e+12 1.60019e+12 
0.1675 0.406277 -2.89372 -0.706742 -2.23453 -2.60628 2.1411e+07 2.78236e+14 0.000115649 0.000403934 3.96726e-16 1.80067e-08 215018 0 0 8.53232e-11 0 0 0.00387227 0 0 0 0 0 0 1.60029e+12 1.60029e+12 1.60029e+12 1.60029e+12 
0.168 0.417028 -2.88297 -0.695988 -2.22377 -2.61703 2.14131e+07 2.78225e+14 0.000115652 0.000403938 3.96772e-16 1.80061e-08 215025 0 0 8.5336e-11 0 0 0.00387227 0 0 0 0 0 0 1.6004e+12 1.6004e+12 1.6004e+12 1.6004e+12 
0.1685 0.427779 -2.87222 -0.685234 -2.21302 -2.62778 2.14151e+07 2.78213e+14 0.000115654 0.000403942 3.96819e-16 1.80055e-08 215032 0 0 8.53488e-11 0 0 0.00387227 0 0 0 0 0 0 1.6005e+12 1.6005e+12 1.6005e+12 1.6005e+12 
0.169 0.438531 -2.86147 -0.67448 -2.20227 -2.63853 2.14172e+07 2.78201e+14 0.000115657 0.000403945 3.96865e-16 1.80049e-08 215040 0 0 8.53616e-11 0 0 0.00387227 0 0 0 0 0 0 1.60061e+12 1.60061e+12 1.60061e+12 1.60061e+12 
0.1695 0.449283 -2.85072 -0.663725 -2.19151 -2.64928 2.14192e+07 2.78189e+14 0.000115659 0.000403949 3.96911e-16 1.80043e-08 215047 0 0 8.53744e-11 0 0 0.00387227 0 0 0 0 0 0 1.60071e+12 1.60071e+12 1.60071e+12 1.60071e+12 
0.17 0.460036 -2.83996 -0.65297 -2.18076 -2.66004 2.14212e+07 2.78177e+14 0.000115661 0.000403953 3.96957e-16 1.80037e-08 215054 0 0 8.53872e-11 0 0 0.00387227 0 0 0 0 0 0 1.60081e+12 1.60081e+12 1.60081e+12 1.60081e+12 
0.1705 0.470789 -2.82921 -0.642215 -2.17001 -2.67079 2.14233e+07 2.78165e+14 0.000115664 0.000403956 3.97004e-16 1.80031e-08 215061 0 0 8.54e-11 0 0 0.00387227 0 0 0 0 0 0 1.60092e+12 1.60092e+12 1.60092e+12 1.60092e+12 
0.171 0.481542 -2.81846 -0.631459 -2.15925 -2.68154 2.14253e+07 2.78153e+14 0.000115666 0.00040396 3.9705e-16 1.80025e-08 215068 0 0 8.54128e-11 0 0 0.00387227 0 0 0 0 0 0 1.60102e+12 1.60102e+12 1.60102e+12 1.60102e+12 
0.1715 0.492295 -2.8077 -0.620703 -2.1485 -2.6923 2.14274e+07 2.78142e+14 0.000115669 0.000403964 3.97096e-16 1.80019e-08 215076 0 0 8.54256e-11 0 0 0.00387227 0 0 0 0 0 0 1.60112e+12 1.60112e+12 1.60112e+12 1.60112e+12 
0.172 0.503049 -2.79695 -0.609947 -2.13774 -2.70305 2.14294e+07 2.7813e+14 0.000115671 0.000403967 3.97142e-16 1.80013e-08 215083 0 0 8.54384e-11 0 0 0.00387227 0 0 0 0 0 0 1.60123e+12 1.60123e+12 1.60123e+12 1.60123e+12 
0.1725 0.513804 -2.7862 -0.59919 -2.12699 -2.7138 2.14315e+07 2.78118e+14 0.000115674 0.000403971 3.97189e-16 1.80007e-08 215090 0 0 8.54512e-11 0 0 0.00387227 0 0 0 0 0 0 1.60133e+12 1.60133e+12 1.60133e+12 1.60133e+12 
0.173 0.524558 -2.77544 -0.588433 -2.11623 -2.72456 2.14335e+07 2.78106e+14 0.000115676 0.000403975 3.97235e-16 1.80001e-08 215097 0 0 8.5464e-11 0 0 0.00387227 0 0 0 0 0 0 1.60144e+12 1.60144e+12 1.60144e+12 1.60144e+12 
0.1735 0.535313 -2.76469 -0.577675 -2.10547 -2.73531 2.14356e+07 2.78094e+14 0.000115678 0.000403979 3.97281e-16 1.79995e-08 215104 0 0 8.54768e-11 0 0 0.00387227 0 0 0 0 0 0 1.60154e+12 1.60154e+12 1.60154e+12 1.60154e+12 
0.174 0.546069 -2.75393 -0.566917 -2.09472 -2.74607 2.14376e+07 2.78082e+14 0.000115681 0.000403982 3.97327e-16 1.79989e-08 215112 0 0 8.54896e-11 0 0 0.00387227 0 0 0 0 0 0 1.60164e+12 1.60164e+12 1.60164e+12 1.60164e+12 
0.1745 0.556825 -2.74318 -0.556159 -2.08396 -2.75682 2.14397e+07 2.78071e+14 0.000115683 0.000403986 3.97374e-16 1.79983e-08 215119 0 0 8.55024e-11 0 0 0.00387227 0 0 0 0 0 0 1.60175e+12 1.60175e+12 1.60175e+12 1.60175e+12 
0.175 0.567581 -2.73242 -0.5454 -2.0732 -2.76758 2.14417e+07 2.78059e+14 0.000115686 0.00040399 3.9742e-16 1.79977e-08 215126 0 0 8.55152e-11 0 0 0.00387227 0 0 0 0 0 0 1.60185e+12 1.60185e+12 1.60185e+12 1.60185e+12 
0.1755 0.578337 -2.72166 -0.534641 -2.06244 -2.77834 2.14438e+07 2.78047e+14 0.000115688 0.000403993 3.97466e-16 1.79971e-08 215133 0 0 8.5528e-11 0 0 0.00387227 0 0 0 0 0 0 1.60195e+12 1.60195e+12 1.60195e+12 1.60195e+12 
0.176 0.589094 -2.71091 -0.523882 -2.05169 -2.78909 2.14458e+07 2.78035e+14 0.000115691 0.000403997 3.97512e-16 1.79965e-08 215140 0 0 8.55408e-11 0 0 0.00387227 0 0 0 0 0 0 1.60206e+12 1.60206e+12 1.60206e+12 1.60206e+12 
0.1765 0.599851 -2.70015 -0.513122 -2.04093 -2.79985 2.14479e+07 2.78023e+14 0.000115693 0.000404001 3.97559e-16 1.79959e-08 215147 0 0 8.55536e-11 0 0 0.00387227 0 0 0 0 0 0 1.60216e+12 1.60216e+12 1.60216e+12 1.60216e+12 
0.177 0.610609 -2.68939 -0.502362 -2.03017 -2.81061 2.14499e+07 2.78011e+14 0.000115695 0.000404004 3.97605e-16 1.79953e-08 215155 0 0 8.55665e-11 0 0 0.00387227 0 0 0 0 0 0 1.60226e+12 1.60226e+12 1.60226e+12 1.60226e+12 
0.1775 0.621367 -2.67863 -0.491602 -2.01941 -2.82137 2.14519e+07 2.78e+14 0.000115698 0.000404008 3.97651e-16 1.79947e-08 215162 0 0 8.55793e-11 0 0 0.00387227 0 0 0 0 0 0 1.60237e+12 1.60237e+12 1.60237e+12 1.60237e+12 
0.178 0.632125 -2.66788 -0.480841 -2.00865 -2.83212 2.1454e+07 2.77988e+14 0.0001157 0.000404012 3.97697e-16 1.79941e-08 215169 0 0 8.55921e-11 0 0 0.00387227 0 0 0 0 0 0 1.60247e+12 1.60247e+12 1.60247e+12 1.60247e+12 
0.1785 0.642883 -2.65712 -0.47008 -1.99789 -2.84288 2.1456e+07 2.77976e+14 0.000115703 0.000404016 3.97744e-16 1.79935e-08 215176 0 0 8.56049e-11 0 0 0.00387227 0 0 0 0 0 0 1.60257e+12 1.60257e+12 1.60257e+12 1.60257e+12 
0.179 0.653642 -2.64636 -0.459319 -1.98713 -2.85364 2.14581e+07 2.77964e+14 0.000115705 0.000404019 3.9779e-16 1.79929e-08 215183 0 0 8.56177e-11 0 0 0.00387227 0 0 0 0 0 0 1.60268e+12 1.60268e+12 1.60268e+12 1.60268e+12 
0.1795 0.664402 -2.6356 -0.448557 -1.97637 -2.8644 2.14601e+07 2.77952e+14 0.000115707 0.000404023 3.97836e-16 1.79923e-08 215191 0 0 8.56305e-11 0 0 0.00387227 0 0 0 0 0 0 1.60278e+12 1.60278e+12 1.60278e+12 1.60278e+12 
0.18 0.675162 -2.62484 -0.437794 -1.96561 -2.87516 2.14622e+07 2.7794e+14 0.00011571 0.000404027 3.97883e-16 1.79917e-08 215198 0 0 8.56433e-11 0 0 0.00387227 0 0 0 0 0 0 1.60289e+12 1.60289e+12 1.60289e+12 1.60289e+12 
0.1805 0.685922 -2.61408 -0.427032 -1.95485 -2.88592 2.14642e+07 2.77929e+14 0.000115712 0.00040403 3.97929e-16 1.79911e-08 215205 0 0 8.56562e-11 0 0 0.00387227 0 0 0 0 0 0 1.60299e+12 1.60299e+12 1.60299e+12 1.60299e+12 
0.181 0.696682 -2.60332 -0.416269 -1.94408 -2.89668 2.14663e+07 2.77917e+14 0.000115715 0.000404034 3.97975e-16 1.79905e-08 215212 0 0 8.5669e-11 0 0 0.00387227 0 0 0 0 0 0 1.60309e+12 1.60309e+12 1.60309e+12 1.60309e+12 
0.1815 0.707443 -2.59256 -0.405506 -1.93332 -2.90744 2.14683e+07 2.77905e+14 0.000115717 0.000404038 3.98021e-16 1.79899e-08 215219 0 0 8.56818e-11 0 0 0.00387227 0 0 0 0 0 0 1.6032e+12 1.6032e+12 1.6032e+12 1.6032e+12 
0.182 0.718204 -2.5818 -0.394742 -1.92256 -2.9182 2.14704e+07 2.77893e+14 0.00011572 0.000404041 3.98068e-16 1.79893e-08 215227 0 0 8.56946e-11 0 0 0.00387227 0 0 0 0 0 0 1.6033e+12 1.6033e+12 1.6033e+12 1.6033e+12 
0.1825 0.728965 -2.57103 -0.383978 -1.9118 -2.92897 2.14724e+07 2.77881e+14 0.000115722 0.000404045 3.98114e-16 1.79887e-08 215234 0 0 8.57074e-11 0 0 0.00387227 0 0 0 0 0 0 1.6034e+12 1.6034e+12 1.6034e+12 1.6034e+12 
0.183 0.739727 -2.56027 -0.373214 -1.90103 -2.93973 2.14745e+07 2.77869e+14 0.000115724 0.000404049 3.9816e-16 1.79881e-08 215241 0 0 8.57203e-11 0 0 0.00387227 0 0 0 0 0 0 1.60351e+12 1.60351e+12 1.60351e+12 1.60351e+12 
0.1835 0.75049 -2.54951 -0.362449 -1.89027 -2.95049 2.14765e+07 2.77858e+14 0.000115727 0.000404052 3.98206e-16 1.79875e-08 215248 0 0 8.57331e-11 0 0 0.00387227 0 0 0 0 0 0 1.60361e+12 1.60361e+12 1.60361e+12 1.60361e+12 
0.184 0.761252 -2.53875 -0.351684 -1.87951 -2.96125 2.14786e+07 2.77846e+14 0.000115729 0.000404056 3.98253e-16 1.79869e-08 215255 0 0 8.57459e-11 0 0 0.00387227 0 0 0 0 0 0 1.60371e+12 1.60371e+12 1.60371e+12 1.60371e+12 
0.1845 0.772015 -2.52798 -0.340918 -1.86874 -2.97202 2.14806e+07 2.77834e+14 0.000115732 0.00040406 3.98299e-16 1.79863e-08 215262 0 0 8.57587e-11 0 0 0.00387227 0 0 0 0 0 0 1.60381e+12 1.60381e+12 1.60381e+12 1.60381e+12 
0.185 0.782778 -2.51722 -0.330153 -1.85798 -2.98278 2.14826e+07 2.77822e+14 0.000115734 0.000404063 3.98345e-16 1.79857e-08 215270 0 0 8.57716e-11 0 0 0.00387227 0 0 0 0 0 0 1.60392e+12 1.60392e+12 1.60392e+12 1.60392e+12 
0.1855 0.793542 -2.50646 -0.319386 -1.84721 -2.99354 2.14847e+07 2.7781e+14 0.000115737 0.000404067 3.98392e-16 1.7985e-08 215277 0 0 8.57844e-11 0 0 0.00387227 0 0 0 0 0 0 1.60402e+12 1.60402e+12 1.60402e+12 1.60402e+12 
0.186 0.804306 -2.49569 -0.30862 -1.83645 -3.00431 2.14867e+07 2.77797e+14 0.000115739 0.000404071 3.98438e-16 1.79844e-08 215284 0 0 8.57972e-11 0 0 0.00387227 0 0 0 0 0 0 1.60412e+12 1.60412e+12 1.60412e+12 1.60412e+12 
0.1865 0.81507 -2.48493 -0.297853 -1.82568 -3.01507 2.14888e+07 2.77785e+14 0.000115741 0.000404074 3.98484e-16 1.79837e-08 215291 0 0 8.581e-11 0 0 0.00387227 0 0 0 0 0 0 1.60422e+12 1.60422e+12 1.60422e+12 1.60422e+12 
0.187 0.825835 -2.47416 -0.287086 -1.81491 -3.02584 2.14908e+07 2.77772e+14 0.000115744 0.000404077 3.9853e-16 1.79831e-08 215298 0 0 8.58229e-11 0 0 0.00387227 0 0 0 0 0 0 1.60432e+12 1.60432e+12 1.60432e+12 1.60432e+12 
0.1875 0.8366 -2.4634 -0.276318 -1.80415 -3.0366 2.14929e+07 2.77759e+14 0.000115746 0.000404081 3.98577e-16 1.79824e-08 215306 0 0 8.58357e-11 0 0 0.00387227 0 0 0 0 0 0 1.60441e+12 1.60441e+12 1.60441e+12 1.60441e+12 
0.188 0.847366 -2.45263 -0.26555 -1.79338 -3.04737 2.14949e+07 2.77745e+14 0.000115749 0.000404083 3.98623e-16 1.79816e-08 215313 0 0 8.58485e-11 0 0 0.00387227 0 0 0 0 0 0 1.6045e+12 1.6045e+12 1.6045e+12 1.6045e+12 
0.1885 0.858132 -2.44187 -0.254782 -1.78261 -3.05813 2.1497e+07 2.7773e+14 0.000115751 0.000404086 3.98669e-16 1.79807e-08 215320 0 0 8.58614e-11 0 0 0.00387227 0 0 0 0 0 0 1.60458e+12 1.60458e+12 1.60458e+12 1.60458e+12 
0.189 0.868898 -2.4311 -0.244013 -1.77184 -3.0689 2.1499e+07 2.77713e+14 0.000115754 0.000404088 3.98716e-16 1.79797e-08 215327 0 0 8.58742e-11 0 0 0.00387227 0 0 0 0 0 0 1.60464e+12 1.60464e+12 1.60464e+12 1.60464e+12 
0.1895 0.879664 -2.42034 -0.233244 -1.76108 -3.07966 2.15011e+07 2.77693e+14 0.000115756 0.000404089 3.98762e-16 1.79784e-08 215334 0 0 8.5887e-11 0 0 0.00387227 0 0 0 0 0 0 1.60469e+12 1.60469e+12 1.60469e+12 1.60469e+12 
0.19 0.890431 -2.40957 -0.222475 -1.75031 -3.09043 2.15031e+07 2.77669e+14 0.000115758 0.000404088 3.98808e-16 1.79769e-08 215341 0 0 8.58998e-11 0 0 0.00387227 0 0 0 0 0 0 1.60471e+12 1.60471e+12 1.60471e+12 1.60471e+12 
0.1905 0.901198 -2.3988 -0.211705 -1.73954 -3.1012 2.15052e+07 2.77639e+14 0.000115761 0.000404085 3.98855e-16 1.79748e-08 215349 0 0 8.59127e-11 0 0 0.00387227 0 0 0 0 0 0 1.60469e+12 1.60469e+12 1.60469e+12 1.60469e+12 
0.191 0.911966 -2.38803 -0.200935 -1.72876 -3.11197 2.15072e+07 2.776e+14 0.000115763 0.000404078 3.98901e-16 1.7972e-08 215356 0 0 8.59255e-11 0 0 0.00387227 0 0 0 0 0 0 1.6046e+12 1.6046e+12 1.6046e+12 1.6046e+12 
0.1915 0.922734 -2.37727 -0.190165 -1.71799 -3.12273 2.15092e+07 2.77546e+14 0.000115766 0.000404067 3.98947e-16 1.79679e-08 215363 0 0 8.59383e-11 0 0 0.00387227 0 0 0 0 0 0 1.60442e+12 1.60442e+12 1.60442e+12 1.60442e+12 
0.192 0.933502 -2.3665 -0.179394 -1.70721 -3.1335 2.15113e+07 2.7747e+14 0.000115768 0.000404047 3.98993e-16 1.79621e-08 215370 0 0 8.59512e-11 0 0 0.00387227 0 0 0 0 0 0 1.60408e+12 1.60408e+12 1.60408e+12 1.60408e+12 
0.1925 0.944271 -2.35573 -0.168623 -1.69643 -3.14427 2.15133e+07 2.77361e+14 0.00011577 0.000404014 3.9904e-16 1.79536e-08 215377 0 0 8.5964e-11 0 0 0.00387227 0 0 0 0 0 0 1.6035e+12 1.6035e+12 1.6035e+12 1.6035e+12 
0.193 0.95504 -2.34496 -0.157851 -1.68564 -3.15504 2.15154e+07 2.772e+14 0.000115773 0.000403963 3.99086e-16 1.7941e-08 215384 0 0 8.59768e-11 0 0 0.00387227 0 0 0 0 0 0 1.60258e+12 1.60258e+12 1.60258e+12 1.60258e+12 
0.1935 0.965809 -2.33419 -0.147079 -1.67484 -3.16581 2.15174e+07 2.76962e+14 0.000115775 0.000403883 3.99132e-16 1.7922e-08 215392 0 0 8.59896e-11 0 0 0.00387227 0 0 0 0 0 0 1.60111e+12 1.60111e+12 1.60111e+12 1.60111e+12 
0.194 0.976579 -2.32342 -0.136307 -1.66403 -3.17658 2.15195e+07 2.76605e+14 0.000115778 0.00040376 3.99178e-16 1.78934e-08 215399 0 0 8.60024e-11 0 0 0.00387227 0 0 0 0 0 0 1.59883e+12 1.59883e+12 1.59883e+12 1.59883e+12 
0.1945 0.987349 -2.31265 -0.125534 -1.6532 -3.18735 2.15215e+07 2.76069e+14 0.00011578 0.000403569 3.99225e-16 1.78503e-08 215406 0 0 8.60152e-11 0 0 0.00387227 0 0 0 0 0 0 1.5953e+12 1.5953e+12 1.5953e+12 1.5953e+12 
0.195 0.99812 -2.30188 -0.114761 -1.64233 -3.19812 2.15235e+07 2.75257e+14 0.000115783 0.000403276 3.99271e-16 1.77849e-08 215413 0 0 8.60279e-11 0 0 0.00387227 0 0 0 0 0 0 1.58987e+12 1.58987e+12 1.58987e+12 1.58987e+12 
0.1955 1.00889 -2.29111 -0.103988 -1.63142 -3.20889 2.15256e+07 2.74025e+14 0.000115785 0.000402828 3.99317e-16 1.76856e-08 215420 0 0 8.60406e-11 0 0 0.00387227 0 0 0 0 0 0 1.58155e+12 1.58155e+12 1.58155e+12 1.58155e+12 
0.196 1.01966 -2.28034 -0.0932143 -1.62042 -3.21966 2.15276e+07 2.72154e+14 0.000115787 0.000402139 3.99362e-16 1.75348e-08 215427 0 0 8.60532e-11 0 0 0.00387227 0 0 0 0 0 0 1.56881e+12 1.56881e+12 1.56881e+12 1.56881e+12 
0.1965 1.03043 -2.26957 -0.0824403 -1.60931 -3.23043 2.15296e+07 2.69303e+14 0.00011579 0.000401081 3.99408e-16 1.73055e-08 215434 0 0 8.60657e-11 0 0 0.00387227 0 0 0 0 0 0 1.54936e+12 1.54936e+12 1.54936e+12 1.54936e+12 
0.197 1.04121 -2.25879 -0.071666 -1.59801 -3.24121 2.15316e+07 2.64951e+14 0.000115792 0.000399449 3.99453e-16 1.69566e-08 215441 0 0 8.60779e-11 0 0 0.00387227 0 0 0 0 0 0 1.51966e+12 1.51966e+12 1.51966e+12 1.51966e+12 
0.1975 1.05198 -2.24802 -0.0608914 -1.58641 -3.25198 2.15336e+07 2.5829e+14 0.000115794 0.000396918 3.99498e-16 1.64255e-08 215448 0 0 8.60899e-11 0 0 0.00387227 0 0 0 0 0 0 1.47432e+12 1.47432e+12 1.47432e+12 1.47432e+12 
0.198 1.06275 -2.23725 -0.0501165 -1.57432 -3.26275 2.15355e+07 2.48057e+14 0.000115796 0.000392949 3.99538e-16 1.5617e-08 215451 0 0 8.60958e-11 0 0 0.00387227 0 0 0 0 0 0 1.40508e+12 1.40508e+12 1.40508e+12 1.40508e+12 
0.198 1.06275 -2.23725 -0.0501165 -1.57432 -3.26275 2.15355e+07 2.48057e+14 0.000115797 0.000392955 3.99544e-16 1.56172e-08 215457 0 0 8.6106e-11 0 0 0.00387227 0 0 0 0 0 0 1.4051e+12 1.4051e+12 1.4051e+12 1.4051e+12 
0.198409 1.07157 -2.22843 -0.0412944 -1.56385 -3.27157 2.15371e+07 2.35716e+14 0.000115798 0.000388044 3.99575e-16 1.46548e-08 215460 0 0 8.61103e-11 0 0 0.00387227 0 0 0 0 0 0 1.3224e+12 1.3224e+12 1.3224e+12 1.3224e+12 
0.198752 1.07895 -2.22105 -0.0339168 -1.55445 -3.27895 2.15383e+07 2.21421e+14 0.0001158 0.000382172 3.99603e-16 1.35578e-08 215464 0 0 8.61173e-11 0 0 0.00387227 0 0 0 0 0 0 1.2278e+12 1.2278e+12 1.2278e+12 1.2278e+12 
0.199038 1.08511 -2.21489 -0.0277472 -1.5459 -3.28511 2.15393e+07 2.0563e+14 0.000115801 0.00037543 3.99626e-16 1.23688e-08 215467 0 0 8.61227e-11 0 0 0.00387226 0 0 0 0 0 0 1.12486e+12 1.12486e+12 1.12486e+12 1.12486e+12 
0.199277 1.09027 -2.20973 -0.0225879 -1.53801 -3.29027 2.15401e+07 1.88861e+14 0.000115802 0.000367939 3.99644e-16 1.11334e-08 215469 0 0 8.61268e-11 0 0 0.00387226 0 0 0 0 0 0 1.01741e+12 1.01741e+12 1.01741e+12 1.01741e+12 
0.199478 1.09459 -2.20541 -0.0182734 -1.53064 -3.29459 2.15408e+07 1.71625e+14 0.000115802 0.000359832 3.99658e-16 9.89443e-09 215471 0 0 8.61299e-11 0 0 0.00387225 0 0 0 0 0 0 9.09093e+11 9.09093e+11 9.09093e+11 9.09093e+11 
0.199645 1.09819 -2.20181 -0.0146654 -1.52366 -3.29819 2.15413e+07 1.54384e+14 0.000115803 0.000351238 3.99669e-16 8.68786e-09 215472 0 0 8.61322e-11 0 0 0.00387223 0 0 0 0 0 0 8.0301e+11 8.0301e+11 8.0301e+11 8.0301e+11 
0.199785 1.10121 -2.19879 -0.0116482 -1.51698 -3.30121 2.15417e+07 1.37522e+14 0.000115803 0.000342276 3.99678e-16 7.54149e-09 215474 0 0 8.61339e-11 0 0 0.0038722 0 0 0 0 0 0 7.01591e+11 7.01591e+11 7.01591e+11 7.01591e+11 
0.199902 1.10373 -2.19627 -0.00912504 -1.51051 -3.30373 2.1542e+07 1.21337e+14 0.000115803 0.000333046 3.99685e-16 6.47453e-09 215474 0 0 8.61351e-11 0 0 0.00387215 0 0 0 0 0 0 6.06561e+11 6.06561e+11 6.06561e+11 6.06561e+11 
0.2 1.10584 -2.19416 -0.00701508 -1.50418 -3.30584 2.15423e+07 1.06043e+14 0.000115803 0.000323629 3.9969e-16 5.49845e-09 215475 0 0 8.61356e-11 0 0 0.00387213 0 0 0 0 0 0 5.18991e+11 5.18991e+11 5.18991e+11 5.18991e+11 