# ASCII 1D datafile generated by TiberCAD
# x Ec Ev eQFermi hQFermi ElPotential eDensity hDensity eMobility hMobility eConductivity hConductivity ElField_x ElField_y ElField_z eCurrentDensity_x eCurrentDensity_y eCurrentDensity_z hCurrentDensity_x hCurrentDensity_y hCurrentDensity_z IonizedDonors IonizedAcceptors IonizedElectronTraps IonizedHoleTraps eNetRecombination eLangevinRecombination hNetRecombination hLangevinRecombination 
0 1.5 -1.8 -0.05312 -1.15016 -3.7 0.941598 3.70089e+14 8.08374e-05 0.000320425 9.2304e-23 1.89995e-08 -16628.3 0 0 2.62882e-18 0 0 8.70017e-10 0 0 0 0 0 0 72292.7 72292.7 72292.7 72292.7 
9.79066e-05 1.49984 -1.80016 -0.0528414 -1.15016 -3.69984 0.957797 3.68269e+14 8.08379e-05 0.000320002 9.25139e-23 1.88812e-08 -16627.4 0 0 2.6289e-18 0 0 8.7002e-10 0 0 0 0 0 0 73097.7 73097.7 73097.7 73097.7 
0.000214985 1.49964 -1.80036 -0.0525092 -1.15016 -3.69964 0.977501 3.66104e+14 8.08385e-05 0.000319498 9.27692e-23 1.87406e-08 -16625.2 0 0 2.62909e-18 0 0 8.70024e-10 0 0 0 0 0 0 74069.7 74069.7 74069.7 74069.7 
0.000354988 1.49941 -1.80059 -0.0521131 -1.15016 -3.69941 1.00155 3.63532e+14 8.08393e-05 0.000318896 9.30808e-23 1.85739e-08 -16622.5 0 0 2.62932e-18 0 0 8.7003e-10 0 0 0 0 0 0 75245.6 75245.6 75245.6 75245.6 
0.000522406 1.49913 -1.80087 -0.0516411 -1.15016 -3.69913 1.03102 3.60478e+14 8.08401e-05 0.00031818 9.34626e-23 1.83764e-08 -16619.4 0 0 2.62959e-18 0 0 8.70037e-10 0 0 0 0 0 0 76671.2 76671.2 76671.2 76671.2 
0.000722606 1.4988 -1.8012 -0.0510792 -1.15016 -3.6988 1.06729 3.5686e+14 8.08412e-05 0.000317326 9.39325e-23 1.81432e-08 -16615.7 0 0 2.62993e-18 0 0 8.70045e-10 0 0 0 0 0 0 78403.8 78403.8 78403.8 78403.8 
0.000962009 1.4984 -1.8016 -0.0504109 -1.15016 -3.6984 1.11217 3.5258e+14 8.08425e-05 0.00031631 9.45141e-23 1.78682e-08 -16611.3 0 0 2.63034e-18 0 0 8.70054e-10 0 0 0 0 0 0 80515.7 80515.7 80515.7 80515.7 
0.00124829 1.49793 -1.80207 -0.0496172 -1.15016 -3.69793 1.16809 3.47527e+14 8.0844e-05 0.000315102 9.52387e-23 1.75449e-08 -16606.1 0 0 2.63084e-18 0 0 8.70065e-10 0 0 0 0 0 0 83098.7 83098.7 83098.7 83098.7 
0.00159063 1.49736 -1.80264 -0.0486759 -1.15016 -3.69736 1.23827 3.41577e+14 8.08458e-05 0.000313668 9.6148e-23 1.7166e-08 -16600 0 0 2.63145e-18 0 0 8.70078e-10 0 0 0 0 0 0 86269.9 86269.9 86269.9 86269.9 
0.002 1.49668 -1.80332 -0.047562 -1.15016 -3.69668 1.32713 3.34593e+14 8.08481e-05 0.000311966 9.72996e-23 1.67238e-08 -16596.4 0 0 2.63182e-18 0 0 8.70086e-10 0 0 0 0 0 0 90180.5 90180.5 90180.5 90180.5 
0.002 1.49668 -1.80332 -0.047562 -1.15016 -3.69668 1.32713 3.34593e+14 8.08479e-05 0.000311966 9.72995e-23 1.67238e-08 -16588.6 0 0 2.63267e-18 0 0 8.70104e-10 0 0 0 0 0 0 90180.3 90180.3 90180.3 90180.3 
0.0025 1.49585 -1.80415 -0.0462195 -1.15016 -3.69585 1.44334 3.26251e+14 8.08507e-05 0.000309909 9.88054e-23 1.61993e-08 -16584.3 0 0 2.63314e-18 0 0 8.70113e-10 0 0 0 0 0 0 95131.2 95131.2 95131.2 95131.2 
0.003 1.49502 -1.80498 -0.0448977 -1.15016 -3.69502 1.56844 3.18112e+14 8.08535e-05 0.000307873 1.00427e-22 1.56915e-08 -16576 0 0 2.63411e-18 0 0 8.70133e-10 0 0 0 0 0 0 100274 100274 100274 100274 
0.0035 1.49419 -1.80581 -0.0435972 -1.15016 -3.69419 1.70294 3.10171e+14 8.08562e-05 0.00030586 1.0217e-22 1.51997e-08 -16567.9 0 0 2.63509e-18 0 0 8.70152e-10 0 0 0 0 0 0 105606 105606 105606 105606 
0.004 1.49336 -1.80664 -0.0423191 -1.15016 -3.69336 1.84736 3.02423e+14 8.0859e-05 0.000303868 1.04041e-22 1.47235e-08 -16560 0 0 2.63608e-18 0 0 8.70171e-10 0 0 0 0 0 0 111125 111125 111125 111125 
0.0045 1.49253 -1.80747 -0.0410642 -1.15016 -3.69253 2.0022 2.94864e+14 8.08618e-05 0.000301898 1.06048e-22 1.42624e-08 -16552.2 0 0 2.63707e-18 0 0 8.70189e-10 0 0 0 0 0 0 116828 116828 116828 116828 
0.005 1.49171 -1.80829 -0.0398331 -1.15016 -3.69171 2.16798 2.87488e+14 8.08646e-05 0.000299949 1.08197e-22 1.38158e-08 -16544.7 0 0 2.63807e-18 0 0 8.70208e-10 0 0 0 0 0 0 122710 122710 122710 122710 
0.0055 1.49088 -1.80912 -0.0386265 -1.15016 -3.69088 2.34522 2.80292e+14 8.08674e-05 0.00029802 1.10494e-22 1.33834e-08 -16537.4 0 0 2.63906e-18 0 0 8.70226e-10 0 0 0 0 0 0 128765 128765 128765 128765 
0.006 1.49005 -1.80995 -0.0374452 -1.15016 -3.69005 2.53445 2.73271e+14 8.08702e-05 0.000296112 1.12947e-22 1.29646e-08 -16530.2 0 0 2.64005e-18 0 0 8.70245e-10 0 0 0 0 0 0 134986 134986 134986 134986 
0.0065 1.48923 -1.81077 -0.0362897 -1.15016 -3.68923 2.73617 2.66421e+14 8.08731e-05 0.000294224 1.15562e-22 1.2559e-08 -16523.3 0 0 2.64102e-18 0 0 8.70263e-10 0 0 0 0 0 0 141367 141367 141367 141367 
0.007 1.4884 -1.8116 -0.0351604 -1.15016 -3.6884 2.95092 2.59738e+14 8.08759e-05 0.000292355 1.18346e-22 1.21662e-08 -16516.5 0 0 2.64199e-18 0 0 8.70281e-10 0 0 0 0 0 0 147898 147898 147898 147898 
0.0075 1.48758 -1.81242 -0.0340578 -1.15016 -3.68758 3.1792 2.53217e+14 8.08788e-05 0.000290507 1.21306e-22 1.17858e-08 -16509.8 0 0 2.64294e-18 0 0 8.70299e-10 0 0 0 0 0 0 154572 154572 154572 154572 
0.008 1.48675 -1.81325 -0.0329821 -1.15016 -3.68675 3.42152 2.46856e+14 8.08816e-05 0.000288678 1.24447e-22 1.14174e-08 -16503.4 0 0 2.64389e-18 0 0 8.70317e-10 0 0 0 0 0 0 161377 161377 161377 161377 
0.0085 1.48593 -1.81407 -0.0319337 -1.15016 -3.68593 3.67839 2.4065e+14 8.08845e-05 0.000286868 1.27777e-22 1.10606e-08 -16497.1 0 0 2.64485e-18 0 0 8.70335e-10 0 0 0 0 0 0 168303 168303 168303 168303 
0.009 1.4851 -1.8149 -0.0309127 -1.15016 -3.6851 3.95031 2.34596e+14 8.08873e-05 0.000285076 1.31303e-22 1.0715e-08 -16490.9 0 0 2.64581e-18 0 0 8.70352e-10 0 0 0 0 0 0 175341 175341 175341 175341 
0.0095 1.48428 -1.81572 -0.0299191 -1.15016 -3.68428 4.23778 2.28689e+14 8.08902e-05 0.000283304 1.35031e-22 1.03802e-08 -16484.9 0 0 2.64678e-18 0 0 8.7037e-10 0 0 0 0 0 0 182478 182478 182478 182478 
0.01 1.48345 -1.81655 -0.0289529 -1.15016 -3.68345 4.5413 2.22927e+14 8.0893e-05 0.000281549 1.38966e-22 1.0056e-08 -16479.1 0 0 2.64779e-18 0 0 8.70387e-10 0 0 0 0 0 0 189703 189703 189703 189703 
0.0105 1.48263 -1.81737 -0.028014 -1.15016 -3.68263 4.86137 2.17305e+14 8.08959e-05 0.000279813 1.43117e-22 9.742e-09 -16473.4 0 0 2.64883e-18 0 0 8.70404e-10 0 0 0 0 0 0 197006 197006 197006 197006 
0.011 1.4818 -1.8182 -0.0271024 -1.15016 -3.6818 5.19847 2.11821e+14 8.08987e-05 0.000278095 1.47488e-22 9.43782e-09 -16467.9 0 0 2.64993e-18 0 0 8.70422e-10 0 0 0 0 0 0 204374 204374 204374 204374 
0.0115 1.48098 -1.81902 -0.0262176 -1.15016 -3.68098 5.55311 2.06471e+14 8.09016e-05 0.000276394 1.52087e-22 9.14319e-09 -16462.4 0 0 2.65108e-18 0 0 8.70439e-10 0 0 0 0 0 0 211795 211795 211795 211795 
0.012 1.48016 -1.81984 -0.0253595 -1.15016 -3.68016 5.92577 2.01252e+14 8.09044e-05 0.000274711 1.56921e-22 8.8578e-09 -16457.2 0 0 2.65231e-18 0 0 8.70455e-10 0 0 0 0 0 0 219260 219260 219260 219260 
0.0125 1.47934 -1.82066 -0.0245276 -1.15016 -3.67934 6.31697 1.96161e+14 8.09072e-05 0.000273045 1.61994e-22 8.58136e-09 -16452 0 0 2.65363e-18 0 0 8.70472e-10 0 0 0 0 0 0 226756 226756 226756 226756 
0.013 1.47851 -1.82149 -0.0237216 -1.15016 -3.67851 6.72719 1.91194e+14 8.091e-05 0.000271396 1.67315e-22 8.31359e-09 -16447 0 0 2.65504e-18 0 0 8.70489e-10 0 0 0 0 0 0 234273 234273 234273 234273 
0.0135 1.47769 -1.82231 -0.022941 -1.15016 -3.67769 7.15696 1.8635e+14 8.09128e-05 0.000269763 1.72889e-22 8.0542e-09 -16442.2 0 0 2.65655e-18 0 0 8.70505e-10 0 0 0 0 0 0 241801 241801 241801 241801 
0.014 1.47687 -1.82313 -0.0221852 -1.15016 -3.67687 7.60679 1.81624e+14 8.09156e-05 0.000268147 1.78724e-22 7.80293e-09 -16437.4 0 0 2.65818e-18 0 0 8.70522e-10 0 0 0 0 0 0 249329 249329 249329 249329 
0.0145 1.47605 -1.82395 -0.0214538 -1.15016 -3.67605 8.07721 1.77015e+14 8.09184e-05 0.000266548 1.84826e-22 7.55953e-09 -16432.8 0 0 2.65992e-18 0 0 8.70538e-10 0 0 0 0 0 0 256848 256848 256848 256848 
0.015 1.47523 -1.82477 -0.0207462 -1.15016 -3.67523 8.56877 1.72518e+14 8.09212e-05 0.000264964 1.91203e-22 7.32374e-09 -16428.2 0 0 2.66178e-18 0 0 8.70554e-10 0 0 0 0 0 0 264350 264350 264350 264350 
0.0155 1.4744 -1.8256 -0.0200618 -1.15016 -3.6744 9.082 1.68132e+14 8.0924e-05 0.000263397 1.97861e-22 7.09532e-09 -16423.8 0 0 2.66376e-18 0 0 8.7057e-10 0 0 0 0 0 0 271825 271825 271825 271825 
0.016 1.47358 -1.82642 -0.0194 -1.15016 -3.67358 9.61747 1.63854e+14 8.09267e-05 0.000261845 2.04808e-22 6.87405e-09 -16419.6 0 0 2.66586e-18 0 0 8.70586e-10 0 0 0 0 0 0 279266 279266 279266 279266 
0.0165 1.47276 -1.82724 -0.0187603 -1.15016 -3.67276 10.1758 1.59682e+14 8.09295e-05 0.000260309 2.12051e-22 6.6597e-09 -16415.4 0 0 2.66807e-18 0 0 8.70601e-10 0 0 0 0 0 0 286665 286665 286665 286665 
0.017 1.47194 -1.82806 -0.0181419 -1.15016 -3.67194 10.7575 1.55612e+14 8.09322e-05 0.000258788 2.19599e-22 6.45204e-09 -16411.3 0 0 2.67041e-18 0 0 8.70617e-10 0 0 0 0 0 0 294015 294015 294015 294015 
0.0175 1.47112 -1.82888 -0.0175443 -1.15016 -3.67112 11.3633 1.51642e+14 8.0935e-05 0.000257282 2.27459e-22 6.25087e-09 -16407.3 0 0 2.67285e-18 0 0 8.70632e-10 0 0 0 0 0 0 301309 301309 301309 301309 
0.018 1.4703 -1.8297 -0.0169669 -1.15016 -3.6703 11.9937 1.47771e+14 8.09377e-05 0.000255791 2.35639e-22 6.05598e-09 -16403.5 0 0 2.6754e-18 0 0 8.70648e-10 0 0 0 0 0 0 308543 308543 308543 308543 
0.0185 1.46948 -1.83052 -0.016409 -1.15016 -3.66948 12.6494 1.43995e+14 8.09404e-05 0.000254315 2.44148e-22 5.86717e-09 -16399.7 0 0 2.67804e-18 0 0 8.70663e-10 0 0 0 0 0 0 315709 315709 315709 315709 
0.019 1.46866 -1.83134 -0.01587 -1.15016 -3.66866 13.3312 1.40312e+14 8.09431e-05 0.000252853 2.52994e-22 5.68426e-09 -16396 0 0 2.68078e-18 0 0 8.70678e-10 0 0 0 0 0 0 322804 322804 322804 322804 
0.0195 1.46784 -1.83216 -0.0153494 -1.15016 -3.66784 14.0396 1.3672e+14 8.09458e-05 0.000251406 2.62188e-22 5.50706e-09 -16392.4 0 0 2.6836e-18 0 0 8.70693e-10 0 0 0 0 0 0 329822 329822 329822 329822 
0.02 1.46702 -1.83298 -0.0148465 -1.15016 -3.66702 14.7754 1.33217e+14 8.09485e-05 0.000249973 2.71737e-22 5.33538e-09 -16388.9 0 0 2.6865e-18 0 0 8.70708e-10 0 0 0 0 0 0 336760 336760 336760 336760 
0.0205 1.4662 -1.8338 -0.0143608 -1.15016 -3.6662 15.5394 1.29801e+14 8.09512e-05 0.000248555 2.81652e-22 5.16906e-09 -16385.5 0 0 2.68947e-18 0 0 8.70723e-10 0 0 0 0 0 0 343614 343614 343614 343614 
0.021 1.46538 -1.83462 -0.0138916 -1.15016 -3.66538 16.3323 1.2647e+14 8.09539e-05 0.00024715 2.91943e-22 5.00792e-09 -16382.2 0 0 2.69251e-18 0 0 8.70737e-10 0 0 0 0 0 0 350380 350380 350380 350380 
0.0215 1.46456 -1.83544 -0.0134385 -1.15016 -3.66456 17.155 1.23221e+14 8.09565e-05 0.000245758 3.0262e-22 4.8518e-09 -16379 0 0 2.69561e-18 0 0 8.70752e-10 0 0 0 0 0 0 357056 357056 357056 357056 
0.022 1.46375 -1.83625 -0.0130009 -1.15016 -3.66375 18.0081 1.20053e+14 8.09592e-05 0.000244381 3.13694e-22 4.70056e-09 -16375.9 0 0 2.69876e-18 0 0 8.70766e-10 0 0 0 0 0 0 363640 363640 363640 363640 
0.0225 1.46293 -1.83707 -0.0125782 -1.15016 -3.66293 18.8927 1.16963e+14 8.09619e-05 0.000243016 3.25176e-22 4.55402e-09 -16372.8 0 0 2.70196e-18 0 0 8.7078e-10 0 0 0 0 0 0 370128 370128 370128 370128 
0.023 1.46211 -1.83789 -0.01217 -1.15016 -3.66211 19.8095 1.13951e+14 8.09645e-05 0.000241665 3.37077e-22 4.41205e-09 -16369.8 0 0 2.70521e-18 0 0 8.70794e-10 0 0 0 0 0 0 376520 376520 376520 376520 
0.0235 1.46129 -1.83871 -0.0117757 -1.15016 -3.66129 20.7595 1.11013e+14 8.09672e-05 0.000240327 3.49409e-22 4.27451e-09 -16366.9 0 0 2.7085e-18 0 0 8.70808e-10 0 0 0 0 0 0 382813 382813 382813 382813 
0.024 1.46047 -1.83953 -0.0113948 -1.15016 -3.66047 21.7436 1.08148e+14 8.09698e-05 0.000239002 3.62185e-22 4.14124e-09 -16364.1 0 0 2.71182e-18 0 0 8.70822e-10 0 0 0 0 0 0 389006 389006 389006 389006 
0.0245 1.45965 -1.84035 -0.0110269 -1.15016 -3.65965 22.7629 1.05355e+14 8.09724e-05 0.00023769 3.75417e-22 4.01213e-09 -16361.3 0 0 2.71519e-18 0 0 8.70836e-10 0 0 0 0 0 0 395099 395099 395099 395099 
0.025 1.45884 -1.84116 -0.0106716 -1.15016 -3.65884 23.8183 1.02631e+14 8.09751e-05 0.00023639 3.89118e-22 3.88703e-09 -16358.6 0 0 2.71858e-18 0 0 8.70849e-10 0 0 0 0 0 0 401090 401090 401090 401090 
0.0255 1.45802 -1.84198 -0.0103283 -1.15016 -3.65802 24.9108 9.99755e+13 8.09777e-05 0.000235102 4.03303e-22 3.76583e-09 -16356 0 0 2.72201e-18 0 0 8.70863e-10 0 0 0 0 0 0 406979 406979 406979 406979 
0.026 1.4572 -1.8428 -0.00999663 -1.15016 -3.6572 26.0416 9.73861e+13 8.09803e-05 0.000233828 4.17985e-22 3.64841e-09 -16353.4 0 0 2.72547e-18 0 0 8.70876e-10 0 0 0 0 0 0 412766 412766 412766 412766 
0.0265 1.45638 -1.84362 -0.00967622 -1.15016 -3.65638 27.2118 9.48615e+13 8.0983e-05 0.000232565 4.33179e-22 3.53463e-09 -16351 0 0 2.72895e-18 0 0 8.70889e-10 0 0 0 0 0 0 418450 418450 418450 418450 
0.027 1.45556 -1.84444 -0.00936664 -1.15016 -3.65556 28.4225 9.24001e+13 8.09856e-05 0.000231314 4.489e-22 3.4244e-09 -16348.5 0 0 2.73247e-18 0 0 8.70903e-10 0 0 0 0 0 0 424033 424033 424033 424033 
0.0275 1.45475 -1.84525 -0.00906751 -1.15016 -3.65475 29.6749 9.00003e+13 8.09882e-05 0.000230075 4.65163e-22 3.3176e-09 -16346.2 0 0 2.73601e-18 0 0 8.70915e-10 0 0 0 0 0 0 429512 429512 429512 429512 
0.028 1.45393 -1.84607 -0.00877846 -1.15016 -3.65393 30.9703 8.76607e+13 8.09908e-05 0.000228848 4.81985e-22 3.21412e-09 -16343.9 0 0 2.73959e-18 0 0 8.70928e-10 0 0 0 0 0 0 434891 434891 434891 434891 
0.0285 1.45311 -1.84689 -0.00849911 -1.15016 -3.65311 32.31 8.53797e+13 8.09935e-05 0.000227632 4.99383e-22 3.11386e-09 -16341.7 0 0 2.74319e-18 0 0 8.70941e-10 0 0 0 0 0 0 440167 440167 440167 440167 
0.029 1.4523 -1.8477 -0.00822914 -1.15016 -3.6523 33.6953 8.3156e+13 8.09961e-05 0.000226428 5.17373e-22 3.01672e-09 -16339.5 0 0 2.74681e-18 0 0 8.70954e-10 0 0 0 0 0 0 445344 445344 445344 445344 
0.0295 1.45148 -1.84852 -0.00796819 -1.15016 -3.65148 35.1276 8.09882e+13 8.09987e-05 0.000225236 5.35975e-22 2.9226e-09 -16337.4 0 0 2.75047e-18 0 0 8.70966e-10 0 0 0 0 0 0 450420 450420 450420 450420 
0.03 1.45066 -1.84934 -0.00771596 -1.15016 -3.65066 36.6083 7.88749e+13 8.10013e-05 0.000224054 5.55206e-22 2.83141e-09 -16335.3 0 0 2.75415e-18 0 0 8.70978e-10 0 0 0 0 0 0 455398 455398 455398 455398 
0.0305 1.44985 -1.85015 -0.00747213 -1.15016 -3.64985 38.1388 7.68148e+13 8.1004e-05 0.000222884 5.75085e-22 2.74305e-09 -16333.3 0 0 2.75787e-18 0 0 8.70991e-10 0 0 0 0 0 0 460277 460277 460277 460277 
0.031 1.44903 -1.85097 -0.0072364 -1.15016 -3.64903 39.7208 7.48067e+13 8.10066e-05 0.000221724 5.95632e-22 2.65744e-09 -16331.3 0 0 2.76161e-18 0 0 8.71003e-10 0 0 0 0 0 0 465059 465059 465059 465059 
0.0315 1.44821 -1.85179 -0.00700849 -1.15016 -3.64821 41.3557 7.28491e+13 8.10092e-05 0.000220576 6.16868e-22 2.5745e-09 -16329.4 0 0 2.76537e-18 0 0 8.71015e-10 0 0 0 0 0 0 469746 469746 469746 469746 
0.032 1.4474 -1.8526 -0.00678811 -1.15016 -3.6474 43.0452 7.0941e+13 8.10118e-05 0.000219438 6.38814e-22 2.49413e-09 -16327.5 0 0 2.76917e-18 0 0 8.71026e-10 0 0 0 0 0 0 474337 474337 474337 474337 
0.0325 1.44658 -1.85342 -0.006575 -1.15016 -3.64658 44.7909 6.90811e+13 8.10145e-05 0.000218311 6.61492e-22 2.41627e-09 -16325.7 0 0 2.773e-18 0 0 8.71038e-10 0 0 0 0 0 0 478835 478835 478835 478835 
0.033 1.44576 -1.85424 -0.0063689 -1.15016 -3.64576 46.5946 6.72683e+13 8.10171e-05 0.000217194 6.84924e-22 2.34082e-09 -16324 0 0 2.77686e-18 0 0 8.7105e-10 0 0 0 0 0 0 483241 483241 483241 483241 
0.0335 1.44495 -1.85505 -0.00616957 -1.15016 -3.64495 48.4582 6.55013e+13 8.10197e-05 0.000216087 7.09134e-22 2.26772e-09 -16322.3 0 0 2.78074e-18 0 0 8.71061e-10 0 0 0 0 0 0 487555 487555 487555 487555 
0.034 1.44413 -1.85587 -0.00597677 -1.15016 -3.64413 50.3834 6.37791e+13 8.10224e-05 0.000214991 7.34146e-22 2.1969e-09 -16320.6 0 0 2.78465e-18 0 0 8.71072e-10 0 0 0 0 0 0 491780 491780 491780 491780 
0.0345 1.44332 -1.85668 -0.00579026 -1.15016 -3.64332 52.3721 6.21006e+13 8.1025e-05 0.000213905 7.59984e-22 2.12827e-09 -16319 0 0 2.7886e-18 0 0 8.71084e-10 0 0 0 0 0 0 495916 495916 495916 495916 
0.035 1.4425 -1.8575 -0.00560984 -1.15016 -3.6425 54.4263 6.04647e+13 8.10277e-05 0.000212829 7.86675e-22 2.06178e-09 -16317.4 0 0 2.79257e-18 0 0 8.71095e-10 0 0 0 0 0 0 499966 499966 499966 499966 
0.0355 1.44168 -1.85832 -0.00543528 -1.15016 -3.64168 56.5482 5.88704e+13 8.10303e-05 0.000211763 8.14245e-22 1.99736e-09 -16315.8 0 0 2.79657e-18 0 0 8.71106e-10 0 0 0 0 0 0 503930 503930 503930 503930 
0.036 1.44087 -1.85913 -0.00526638 -1.15016 -3.64087 58.7397 5.73166e+13 8.1033e-05 0.000210707 8.42721e-22 1.93495e-09 -16314.3 0 0 2.8006e-18 0 0 8.71116e-10 0 0 0 0 0 0 507810 507810 507810 507810 
0.0365 1.44005 -1.85995 -0.00510295 -1.15016 -3.64005 61.003 5.58024e+13 8.10357e-05 0.00020966 8.72132e-22 1.87447e-09 -16312.9 0 0 2.80466e-18 0 0 8.71127e-10 0 0 0 0 0 0 511607 511607 511607 511607 
0.037 1.43924 -1.86076 -0.00494479 -1.15016 -3.63924 63.3405 5.43267e+13 8.10383e-05 0.000208623 9.02507e-22 1.81587e-09 -16311.4 0 0 2.80875e-18 0 0 8.71137e-10 0 0 0 0 0 0 515322 515322 515322 515322 
0.0375 1.43842 -1.86158 -0.00479173 -1.15016 -3.63842 65.7544 5.28887e+13 8.1041e-05 0.000207595 9.33877e-22 1.7591e-09 -16310.1 0 0 2.81286e-18 0 0 8.71148e-10 0 0 0 0 0 0 518958 518958 518958 518958 
0.038 1.43761 -1.86239 -0.00464359 -1.15016 -3.63761 68.2471 5.14874e+13 8.10437e-05 0.000206577 9.66272e-22 1.70409e-09 -16308.7 0 0 2.81701e-18 0 0 8.71158e-10 0 0 0 0 0 0 522515 522515 522515 522515 
0.0385 1.43679 -1.86321 -0.00450019 -1.15016 -3.63679 70.8211 5.01219e+13 8.10464e-05 0.000205568 9.99725e-22 1.6508e-09 -16307.4 0 0 2.82118e-18 0 0 8.71168e-10 0 0 0 0 0 0 525995 525995 525995 525995 
0.039 1.43597 -1.86403 -0.00436139 -1.15016 -3.63597 73.479 4.87913e+13 8.10491e-05 0.000204568 1.03427e-21 1.59916e-09 -16306.1 0 0 2.82537e-18 0 0 8.71178e-10 0 0 0 0 0 0 529400 529400 529400 529400 
0.0395 1.43516 -1.86484 -0.00422702 -1.15016 -3.63516 76.2233 4.74948e+13 8.10518e-05 0.000203578 1.06994e-21 1.54912e-09 -16304.9 0 0 2.8296e-18 0 0 8.71188e-10 0 0 0 0 0 0 532730 532730 532730 532730 
0.04 1.43434 -1.86566 -0.00409692 -1.15016 -3.63434 79.0569 4.62315e+13 8.10545e-05 0.000202596 1.10677e-21 1.50065e-09 -16303.7 0 0 2.83385e-18 0 0 8.71198e-10 0 0 0 0 0 0 535987 535987 535987 535987 
0.0405 1.43353 -1.86647 -0.00397097 -1.15016 -3.63353 81.9824 4.50006e+13 8.10572e-05 0.000201623 1.1448e-21 1.45368e-09 -16302.5 0 0 2.83813e-18 0 0 8.71208e-10 0 0 0 0 0 0 539173 539173 539173 539173 
0.041 1.43271 -1.86729 -0.00384901 -1.15016 -3.63271 85.0029 4.38014e+13 8.10599e-05 0.000200659 1.18406e-21 1.40818e-09 -16301.3 0 0 2.84243e-18 0 0 8.71217e-10 0 0 0 0 0 0 542289 542289 542289 542289 
0.0415 1.4319 -1.8681 -0.00373091 -1.15016 -3.6319 88.1213 4.26329e+13 8.10627e-05 0.000199704 1.2246e-21 1.36408e-09 -16300.2 0 0 2.84676e-18 0 0 8.71227e-10 0 0 0 0 0 0 545336 545336 545336 545336 
0.042 1.43108 -1.86892 -0.00361654 -1.15016 -3.63108 91.3407 4.14945e+13 8.10654e-05 0.000198757 1.26645e-21 1.32136e-09 -16299.1 0 0 2.85111e-18 0 0 8.71236e-10 0 0 0 0 0 0 548315 548315 548315 548315 
0.0425 1.43027 -1.86973 -0.00350579 -1.15016 -3.63027 94.6643 4.03854e+13 8.10682e-05 0.000197818 1.30966e-21 1.27998e-09 -16298.1 0 0 2.85548e-18 0 0 8.71245e-10 0 0 0 0 0 0 551229 551229 551229 551229 
0.043 1.42945 -1.87055 -0.00339851 -1.15016 -3.62945 98.0954 3.9305e+13 8.10709e-05 0.000196889 1.35427e-21 1.23988e-09 -16297 0 0 2.85988e-18 0 0 8.71254e-10 0 0 0 0 0 0 554078 554078 554078 554078 
0.0435 1.42864 -1.87136 -0.00329461 -1.15016 -3.62864 101.637 3.82524e+13 8.10737e-05 0.000195967 1.40032e-21 1.20102e-09 -16296 0 0 2.86431e-18 0 0 8.71263e-10 0 0 0 0 0 0 556864 556864 556864 556864 
0.044 1.42782 -1.87218 -0.00319397 -1.15016 -3.62782 105.294 3.72269e+13 8.10765e-05 0.000195054 1.44786e-21 1.16338e-09 -16295.1 0 0 2.86875e-18 0 0 8.71271e-10 0 0 0 0 0 0 559587 559587 559587 559587 
0.0445 1.42701 -1.87299 -0.00309647 -1.15016 -3.62701 109.068 3.62281e+13 8.10793e-05 0.000194148 1.49694e-21 1.12691e-09 -16294.1 0 0 2.87322e-18 0 0 8.7128e-10 0 0 0 0 0 0 562249 562249 562249 562249 
0.045 1.4262 -1.8738 -0.00300203 -1.15016 -3.6262 112.964 3.5255e+13 8.10821e-05 0.000193251 1.5476e-21 1.09157e-09 -16293.2 0 0 2.87771e-18 0 0 8.71289e-10 0 0 0 0 0 0 564852 564852 564852 564852 
0.0455 1.42538 -1.87462 -0.00291053 -1.15016 -3.62538 116.986 3.43072e+13 8.10849e-05 0.000192362 1.5999e-21 1.05734e-09 -16292.3 0 0 2.88222e-18 0 0 8.71297e-10 0 0 0 0 0 0 567396 567396 567396 567396 
0.046 1.42457 -1.87543 -0.00282188 -1.15016 -3.62457 121.138 3.33839e+13 8.10877e-05 0.000191481 1.65389e-21 1.02417e-09 -16291.4 0 0 2.88675e-18 0 0 8.71305e-10 0 0 0 0 0 0 569882 569882 569882 569882 
0.0465 1.42375 -1.87625 -0.00273598 -1.15016 -3.62375 125.423 3.24846e+13 8.10905e-05 0.000190607 1.70962e-21 9.92036e-10 -16290.6 0 0 2.89131e-18 0 0 8.71313e-10 0 0 0 0 0 0 572313 572313 572313 572313 
0.047 1.42294 -1.87706 -0.00265276 -1.15016 -3.62294 129.846 3.16087e+13 8.10934e-05 0.000189741 1.76714e-21 9.60902e-10 -16289.7 0 0 2.89588e-18 0 0 8.71321e-10 0 0 0 0 0 0 574688 574688 574688 574688 
0.0475 1.42212 -1.87788 -0.00257211 -1.15016 -3.62212 134.411 3.07556e+13 8.10963e-05 0.000188883 1.82652e-21 9.30738e-10 -16288.9 0 0 2.90047e-18 0 0 8.71329e-10 0 0 0 0 0 0 577010 577010 577010 577010 
0.048 1.42131 -1.87869 -0.00249396 -1.15016 -3.62131 139.123 2.99247e+13 8.10991e-05 0.000188032 1.88781e-21 9.01514e-10 -16288.2 0 0 2.90508e-18 0 0 8.71336e-10 0 0 0 0 0 0 579279 579279 579279 579279 
0.0485 1.42049 -1.87951 -0.00241822 -1.15016 -3.62049 143.987 2.91154e+13 8.1102e-05 0.000187189 1.95107e-21 8.73201e-10 -16287.4 0 0 2.90971e-18 0 0 8.71343e-10 0 0 0 0 0 0 581496 581496 581496 581496 
0.049 1.41968 -1.88032 -0.00234483 -1.15016 -3.61968 149.007 2.83273e+13 8.11049e-05 0.000186354 2.01637e-21 8.45772e-10 -16286.6 0 0 2.91436e-18 0 0 8.71351e-10 0 0 0 0 0 0 583663 583663 583663 583663 
0.0495 1.41886 -1.88114 -0.00227369 -1.15016 -3.61886 154.188 2.75597e+13 8.11078e-05 0.000185525 2.08377e-21 8.19198e-10 -16285.9 0 0 2.91903e-18 0 0 8.71358e-10 0 0 0 0 0 0 585780 585780 585780 585780 
0.05 1.41805 -1.88195 -0.00220474 -1.15016 -3.61805 159.536 2.68122e+13 8.11107e-05 0.000184704 2.15334e-21 7.93451e-10 -16285.2 0 0 2.92371e-18 0 0 8.71366e-10 0 0 0 0 0 0 587848 587848 587848 587848 
0.0505 1.41724 -1.88276 -0.00213791 -1.15016 -3.61724 165.055 2.60843e+13 8.11136e-05 0.00018389 2.22514e-21 7.68508e-10 -16284.5 0 0 2.92841e-18 0 0 8.71373e-10 0 0 0 0 0 0 589868 589868 589868 589868 
0.051 1.41642 -1.88358 -0.00207314 -1.15016 -3.61642 170.752 2.53755e+13 8.11166e-05 0.000183083 2.29925e-21 7.44343e-10 -16283.9 0 0 2.93313e-18 0 0 8.7138e-10 0 0 0 0 0 0 591842 591842 591842 591842 
0.0515 1.41561 -1.88439 -0.00201035 -1.15016 -3.61561 176.631 2.46852e+13 8.11195e-05 0.000182284 2.37575e-21 7.20931e-10 -16283.2 0 0 2.93786e-18 0 0 8.71387e-10 0 0 0 0 0 0 593770 593770 593770 593770 
0.052 1.41479 -1.88521 -0.00194948 -1.15016 -3.61479 182.699 2.4013e+13 8.11225e-05 0.000181491 2.4547e-21 6.9825e-10 -16282.6 0 0 2.94261e-18 0 0 8.71394e-10 0 0 0 0 0 0 595653 595653 595653 595653 
0.0525 1.41398 -1.88602 -0.00189047 -1.15016 -3.61398 188.962 2.33585e+13 8.11255e-05 0.000180705 2.53618e-21 6.76277e-10 -16282 0 0 2.94737e-18 0 0 8.714e-10 0 0 0 0 0 0 597492 597492 597492 597492 
0.053 1.41317 -1.88683 -0.00183327 -1.15016 -3.61317 195.425 2.27212e+13 8.11285e-05 0.000179925 2.62028e-21 6.54989e-10 -16281.4 0 0 2.95215e-18 0 0 8.71406e-10 0 0 0 0 0 0 599287 599287 599287 599287 
0.0535 1.41235 -1.88765 -0.00177781 -1.15016 -3.61235 202.095 2.21007e+13 8.11315e-05 0.000179153 2.70708e-21 6.34367e-10 -16280.8 0 0 2.95695e-18 0 0 8.71412e-10 0 0 0 0 0 0 601041 601041 601041 601041 
0.054 1.41154 -1.88846 -0.00172404 -1.15016 -3.61154 208.979 2.14965e+13 8.11345e-05 0.000178387 2.79667e-21 6.14388e-10 -16280.2 0 0 2.96176e-18 0 0 8.71418e-10 0 0 0 0 0 0 602753 602753 602753 602753 
0.0545 1.41072 -1.88928 -0.0016719 -1.15016 -3.61072 216.084 2.09083e+13 8.11376e-05 0.000177628 2.88913e-21 5.95034e-10 -16279.7 0 0 2.96658e-18 0 0 8.71424e-10 0 0 0 0 0 0 604425 604425 604425 604425 
0.055 1.40991 -1.89009 -0.00162136 -1.15016 -3.60991 223.416 2.03357e+13 8.11406e-05 0.000176875 2.98455e-21 5.76284e-10 -16279.2 0 0 2.97141e-18 0 0 8.7143e-10 0 0 0 0 0 0 606056 606056 606056 606056 
0.0555 1.4091 -1.8909 -0.00157234 -1.15016 -3.6091 230.983 1.97781e+13 8.11437e-05 0.000176129 3.08304e-21 5.58118e-10 -16278.6 0 0 2.97626e-18 0 0 8.71437e-10 0 0 0 0 0 0 607647 607647 607647 607647 
0.056 1.40828 -1.89172 -0.00152482 -1.15016 -3.60828 238.792 1.92353e+13 8.11468e-05 0.00017539 3.18468e-21 5.40521e-10 -16278.1 0 0 2.98113e-18 0 0 8.71442e-10 0 0 0 0 0 0 609202 609202 609202 609202 
0.0565 1.40747 -1.89253 -0.00147874 -1.15016 -3.60747 246.851 1.87068e+13 8.11499e-05 0.000174656 3.28958e-21 5.23474e-10 -16277.7 0 0 2.986e-18 0 0 8.71447e-10 0 0 0 0 0 0 610717 610717 610717 610717 
0.057 1.40665 -1.89335 -0.00143405 -1.15016 -3.60665 255.168 1.81924e+13 8.1153e-05 0.000173929 3.39784e-21 5.0696e-10 -16277.2 0 0 2.99089e-18 0 0 8.71452e-10 0 0 0 0 0 0 612196 612196 612196 612196 
0.0575 1.40584 -1.89416 -0.00139071 -1.15016 -3.60584 263.751 1.76917e+13 8.11561e-05 0.000173208 3.50957e-21 4.90962e-10 -16276.7 0 0 2.99579e-18 0 0 8.71458e-10 0 0 0 0 0 0 613640 613640 613640 613640 
0.058 1.40503 -1.89497 -0.00134869 -1.15016 -3.60503 272.609 1.72043e+13 8.11592e-05 0.000172493 3.62488e-21 4.75466e-10 -16276.3 0 0 3.0007e-18 0 0 8.71464e-10 0 0 0 0 0 0 615049 615049 615049 615049 
0.0585 1.40421 -1.89579 -0.00130793 -1.15016 -3.60421 281.75 1.67298e+13 8.11624e-05 0.000171785 3.74388e-21 4.60452e-10 -16275.8 0 0 3.00562e-18 0 0 8.71468e-10 0 0 0 0 0 0 616420 616420 616420 616420 
0.059 1.4034 -1.8966 -0.00126841 -1.15016 -3.6034 291.183 1.62679e+13 8.11656e-05 0.000171082 3.8667e-21 4.4591e-10 -16275.4 0 0 3.01055e-18 0 0 8.71473e-10 0 0 0 0 0 0 617759 617759 617759 617759 
0.0595 1.40258 -1.89742 -0.00123008 -1.15016 -3.60258 300.918 1.58184e+13 8.11688e-05 0.000170385 3.99345e-21 4.31823e-10 -16275 0 0 3.01549e-18 0 0 8.71478e-10 0 0 0 0 0 0 619064 619064 619064 619064 
0.06 1.40177 -1.89823 -0.0011929 -1.15016 -3.60177 310.964 1.53808e+13 8.1172e-05 0.000169695 4.12425e-21 4.18176e-10 -16274.6 0 0 3.02045e-18 0 0 8.71483e-10 0 0 0 0 0 0 620336 620336 620336 620336 
0.0605 1.40096 -1.89904 -0.00115684 -1.15016 -3.60096 321.331 1.4955e+13 8.11752e-05 0.00016901 4.25925e-21 4.04957e-10 -16274.2 0 0 3.02541e-18 0 0 8.71487e-10 0 0 0 0 0 0 621577 621577 621577 621577 
0.061 1.40014 -1.89986 -0.00112187 -1.15016 -3.60014 332.03 1.45405e+13 8.11784e-05 0.000168331 4.39856e-21 3.92151e-10 -16273.8 0 0 3.03039e-18 0 0 8.71466e-10 0 0 0 0 0 0 622784 622784 622784 622784 
0.0615 1.39933 -1.90067 -0.00108795 -1.15016 -3.59933 343.07 1.41371e+13 8.11817e-05 0.000167657 4.54234e-21 3.79746e-10 -16273.4 0 0 3.03537e-18 0 0 8.71421e-10 0 0 0 0 0 0 623958 623958 623958 623958 
0.062 1.39852 -1.90148 -0.00105504 -1.15016 -3.59852 354.464 1.37446e+13 8.1185e-05 0.00016699 4.69071e-21 3.67734e-10 -16273.1 0 0 3.04036e-18 0 0 8.71397e-10 0 0 0 0 0 0 625110 625110 625110 625110 
0.0625 1.3977 -1.9023 -0.00102313 -1.15016 -3.5977 366.221 1.33626e+13 8.11883e-05 0.000166328 4.84383e-21 3.56095e-10 -16272.7 0 0 3.04537e-18 0 0 8.71396e-10 0 0 0 0 0 0 626225 626225 626225 626225 
0.063 1.39689 -1.90311 -0.000992173 -1.15016 -3.59689 378.354 1.29908e+13 8.11916e-05 0.000165671 5.00186e-21 3.4482e-10 -16272.4 0 0 3.05038e-18 0 0 8.71393e-10 0 0 0 0 0 0 627310 627310 627310 627310 
0.0635 1.39608 -1.90392 -0.000962145 -1.15016 -3.59608 390.874 1.2629e+13 8.11949e-05 0.00016502 5.16493e-21 3.33899e-10 -16272 0 0 3.0554e-18 0 0 8.71391e-10 0 0 0 0 0 0 628367 628367 628367 628367 
0.064 1.39526 -1.90474 -0.000933017 -1.15016 -3.59526 403.794 1.22769e+13 8.11982e-05 0.000164375 5.33323e-21 3.23322e-10 -16271.7 0 0 3.06042e-18 0 0 8.7139e-10 0 0 0 0 0 0 629395 629395 629395 629395 
0.0645 1.39445 -1.90555 -0.000904761 -1.15016 -3.59445 417.127 1.19344e+13 8.12016e-05 0.000163735 5.5069e-21 3.13077e-10 -16271.4 0 0 3.06546e-18 0 0 8.7139e-10 0 0 0 0 0 0 630398 630398 630398 630398 
0.065 1.39363 -1.90637 -0.000877352 -1.15016 -3.59363 430.886 1.1601e+13 8.1205e-05 0.0001631 5.68613e-21 3.03151e-10 -16271.1 0 0 3.0705e-18 0 0 8.71389e-10 0 0 0 0 0 0 631368 631368 631368 631368 
0.0655 1.39282 -1.90718 -0.000850762 -1.15016 -3.59282 445.083 1.12767e+13 8.12084e-05 0.000162471 5.87109e-21 2.93539e-10 -16270.8 0 0 3.07555e-18 0 0 8.71389e-10 0 0 0 0 0 0 632315 632315 632315 632315 
0.066 1.39201 -1.90799 -0.000824967 -1.15016 -3.59201 459.734 1.09611e+13 8.12118e-05 0.000161846 6.06197e-21 2.84228e-10 -16270.5 0 0 3.08061e-18 0 0 8.71424e-10 0 0 0 0 0 0 633233 633233 633233 633233 
0.0665 1.39119 -1.90881 -0.000799944 -1.15016 -3.59119 474.853 1.05247e+13 8.12152e-05 0.000160963 6.25895e-21 2.71422e-10 -16270.2 0 0 3.08564e-18 0 0 8.71495e-10 0 0 0 0 0 0 625745 625745 625745 625745 
0.067 1.39038 -1.90962 -0.000775668 -1.15016 -3.59038 490.454 1.02263e+13 8.12187e-05 0.000160345 6.46223e-21 2.62714e-10 -16270 0 0 3.09065e-18 0 0 8.71532e-10 0 0 0 0 0 0 626385 626385 626385 626385 
0.0675 1.38957 -1.91043 -0.000752118 -1.15016 -3.58957 506.554 9.93626e+12 8.12222e-05 0.000159732 6.672e-21 2.54288e-10 -16269.7 0 0 3.09566e-18 0 0 8.71534e-10 0 0 0 0 0 0 627014 627014 627014 627014 
0.068 1.38875 -1.91125 -0.000729271 -1.15016 -3.58875 523.167 9.6544e+12 8.12257e-05 0.000159125 6.88849e-21 2.46136e-10 -16269.5 0 0 3.10067e-18 0 0 8.71536e-10 0 0 0 0 0 0 627632 627632 627632 627632 
0.0685 1.38794 -1.91206 -0.000707106 -1.15016 -3.58794 540.31 9.38047e+12 8.12292e-05 0.000158524 7.11189e-21 2.38248e-10 -16269.2 0 0 3.10569e-18 0 0 8.71538e-10 0 0 0 0 0 0 628239 628239 628239 628239 
0.069 1.38713 -1.91287 -0.000685602 -1.15016 -3.58713 558 9.11425e+12 8.12327e-05 0.000157928 7.34243e-21 2.30616e-10 -16269 0 0 3.11072e-18 0 0 8.7154e-10 0 0 0 0 0 0 628837 628837 628837 628837 
0.0695 1.38631 -1.91369 -0.00066474 -1.15016 -3.58631 576.254 8.85552e+12 8.12363e-05 0.000157337 7.58034e-21 2.23232e-10 -16268.8 0 0 3.11575e-18 0 0 8.71542e-10 0 0 0 0 0 0 629425 629425 629425 629425 
0.07 1.3855 -1.9145 -0.0006445 -1.15016 -3.5855 595.091 8.60407e+12 8.12398e-05 0.000156752 7.82585e-21 2.16086e-10 -16268.5 0 0 3.12078e-18 0 0 8.71544e-10 0 0 0 0 0 0 630003 630003 630003 630003 
0.0705 1.38469 -1.91531 -0.000624862 -1.15016 -3.58469 614.529 8.3597e+12 8.12434e-05 0.000156172 8.0792e-21 2.09172e-10 -16268.3 0 0 3.12582e-18 0 0 8.71545e-10 0 0 0 0 0 0 630573 630573 630573 630573 
0.071 1.38387 -1.91613 -0.00060581 -1.15016 -3.58387 634.587 8.12221e+12 8.1247e-05 0.000155597 8.34066e-21 2.02482e-10 -16268.1 0 0 3.13086e-18 0 0 8.71546e-10 0 0 0 0 0 0 631134 631134 631134 631134 
0.0715 1.38306 -1.91694 -0.000587325 -1.15016 -3.58306 655.284 7.89141e+12 8.12507e-05 0.000155028 8.61046e-21 1.96008e-10 -16267.9 0 0 3.13591e-18 0 0 8.71548e-10 0 0 0 0 0 0 631687 631687 631687 631687 
0.072 1.38225 -1.91775 -0.000569391 -1.15016 -3.58225 676.642 7.66712e+12 8.12543e-05 0.000154463 8.88889e-21 1.89744e-10 -16267.7 0 0 3.14096e-18 0 0 8.71549e-10 0 0 0 0 0 0 632232 632232 632232 632232 
0.0725 1.38143 -1.91857 -0.00055199 -1.15016 -3.58143 698.681 7.44914e+12 8.1258e-05 0.000153904 9.17621e-21 1.83682e-10 -16267.5 0 0 3.14601e-18 0 0 8.7155e-10 0 0 0 0 0 0 632769 632769 632769 632769 
0.073 1.38062 -1.91938 -0.000535107 -1.15016 -3.58062 721.423 7.23731e+12 8.12617e-05 0.000153349 9.47271e-21 1.77815e-10 -16267.3 0 0 3.15107e-18 0 0 8.71551e-10 0 0 0 0 0 0 633299 633299 633299 633299 
0.0735 1.37981 -1.92019 -0.000518726 -1.15016 -3.57981 744.889 7.03145e+12 8.12654e-05 0.0001528 9.77868e-21 1.72138e-10 -16267.1 0 0 3.15614e-18 0 0 8.71552e-10 0 0 0 0 0 0 633821 633821 633821 633821 
0.074 1.37899 -1.92101 -0.000502831 -1.15016 -3.57899 769.105 6.8314e+12 8.12691e-05 0.000152255 1.00944e-20 1.66645e-10 -16266.9 0 0 3.1612e-18 0 0 8.71553e-10 0 0 0 0 0 0 634337 634337 634337 634337 
0.0745 1.37818 -1.92182 -0.00048741 -1.15016 -3.57818 794.092 6.63699e+12 8.12729e-05 0.000151715 1.04203e-20 1.61328e-10 -16266.8 0 0 3.16627e-18 0 0 8.71553e-10 0 0 0 0 0 0 634847 634847 634847 634847 
0.075 1.37737 -1.92263 -0.000472446 -1.15015 -3.57737 819.876 6.44806e+12 8.12767e-05 0.00015118 1.07565e-20 1.56183e-10 -16266.6 0 0 3.17135e-18 0 0 8.71554e-10 0 0 0 0 0 0 635350 635350 635350 635350 
0.0755 1.37655 -1.92345 -0.000457927 -1.15015 -3.57655 846.481 6.26447e+12 8.12805e-05 0.00015065 1.11035e-20 1.51204e-10 -16266.4 0 0 3.17643e-18 0 0 8.71554e-10 0 0 0 0 0 0 635847 635847 635847 635847 
0.076 1.37574 -1.92426 -0.000443839 -1.15015 -3.57574 873.935 6.08605e+12 8.12843e-05 0.000150124 1.14615e-20 1.46385e-10 -16266.3 0 0 3.18151e-18 0 0 8.71554e-10 0 0 0 0 0 0 636338 636338 636338 636338 
0.0765 1.37493 -1.92507 -0.000430169 -1.15015 -3.57493 902.265 5.91268e+12 8.12881e-05 0.000149603 1.1831e-20 1.41721e-10 -16266.1 0 0 3.18659e-18 0 0 8.71555e-10 0 0 0 0 0 0 636824 636824 636824 636824 
0.077 1.37411 -1.92589 -0.000416905 -1.15015 -3.57411 931.497 5.7442e+12 8.1292e-05 0.000149087 1.22123e-20 1.37208e-10 -16266 0 0 3.19168e-18 0 0 8.71555e-10 0 0 0 0 0 0 637305 637305 637305 637305 
0.0775 1.3733 -1.9267 -0.000404034 -1.15015 -3.5733 961.661 5.58048e+12 8.12959e-05 0.000148575 1.26058e-20 1.3284e-10 -16265.8 0 0 3.19677e-18 0 0 8.71555e-10 0 0 0 0 0 0 637780 637780 637780 637780 
0.078 1.37249 -1.92751 -0.000391545 -1.15015 -3.57249 992.786 5.42139e+12 8.12998e-05 0.000148068 1.30118e-20 1.28612e-10 -16265.7 0 0 3.20187e-18 0 0 8.71555e-10 0 0 0 0 0 0 638250 638250 638250 638250 
0.0785 1.37167 -1.92833 -0.000379427 -1.15015 -3.57167 1024.9 5.26679e+12 8.13037e-05 0.000147565 1.34308e-20 1.2452e-10 -16265.5 0 0 3.20697e-18 0 0 8.71554e-10 0 0 0 0 0 0 638716 638716 638716 638716 
0.079 1.37086 -1.92914 -0.000367668 -1.15015 -3.57086 1058.04 5.11656e+12 8.13077e-05 0.000147066 1.38632e-20 1.20559e-10 -16265.4 0 0 3.21207e-18 0 0 8.71554e-10 0 0 0 0 0 0 639177 639177 639177 639177 
0.0795 1.37005 -1.92995 -0.000356257 -1.15015 -3.57005 1092.24 4.97058e+12 8.13117e-05 0.000146572 1.43094e-20 1.16726e-10 -16265.3 0 0 3.21718e-18 0 0 8.71554e-10 0 0 0 0 0 0 639634 639634 639634 639634 
0.08 1.36923 -1.93077 -0.000345185 -1.15015 -3.56923 1127.53 4.82873e+12 8.13157e-05 0.000146082 1.47698e-20 1.13016e-10 -16265.1 0 0 3.22229e-18 0 0 8.71553e-10 0 0 0 0 0 0 640087 640087 640087 640087 
0.0805 1.36842 -1.93158 -0.000334441 -1.15015 -3.56842 1163.94 4.69089e+12 8.13197e-05 0.000145596 1.52449e-20 1.09425e-10 -16265 0 0 3.2274e-18 0 0 8.71553e-10 0 0 0 0 0 0 640536 640536 640536 640536 
0.081 1.36761 -1.93239 -0.000324015 -1.15015 -3.56761 1201.51 4.55695e+12 8.13237e-05 0.000145114 1.57352e-20 1.05949e-10 -16264.9 0 0 3.23251e-18 0 0 8.71552e-10 0 0 0 0 0 0 640981 640981 640981 640981 
0.0815 1.36679 -1.93321 -0.000313898 -1.15015 -3.56679 1240.28 4.4268e+12 8.13278e-05 0.000144637 1.62411e-20 1.02584e-10 -16264.8 0 0 3.23763e-18 0 0 8.71551e-10 0 0 0 0 0 0 641422 641422 641422 641422 
0.082 1.36598 -1.93402 -0.00030408 -1.15015 -3.56598 1280.28 4.30034e+12 8.13319e-05 0.000144164 1.67632e-20 9.93274e-11 -16264.7 0 0 3.24276e-18 0 0 8.7155e-10 0 0 0 0 0 0 641860 641860 641860 641860 
0.0825 1.36517 -1.93483 -0.000294554 -1.15015 -3.56517 1321.56 4.17745e+12 8.1336e-05 0.000143695 1.7302e-20 9.61751e-11 -16264.6 0 0 3.24788e-18 0 0 8.71549e-10 0 0 0 0 0 0 642295 642295 642295 642295 
0.083 1.36435 -1.93565 -0.000285309 -1.15015 -3.56435 1364.15 4.05805e+12 8.13402e-05 0.00014323 1.78579e-20 9.31237e-11 -16264.5 0 0 3.25301e-18 0 0 8.71548e-10 0 0 0 0 0 0 642726 642726 642726 642726 
0.0835 1.36354 -1.93646 -0.000276338 -1.15015 -3.56354 1408.1 3.94203e+12 8.13443e-05 0.000142768 1.84317e-20 9.017e-11 -16264.4 0 0 3.25814e-18 0 0 8.71547e-10 0 0 0 0 0 0 643154 643154 643154 643154 
0.084 1.36273 -1.93727 -0.000267632 -1.15015 -3.56273 1453.45 3.8293e+12 8.13485e-05 0.000142311 1.90237e-20 8.73109e-11 -16264.3 0 0 3.26327e-18 0 0 8.71546e-10 0 0 0 0 0 0 643579 643579 643579 643579 
0.0845 1.36191 -1.93809 -0.000259184 -1.15015 -3.56191 1500.25 3.71976e+12 8.13528e-05 0.000141858 1.96346e-20 8.45431e-11 -16264.2 0 0 3.26841e-18 0 0 8.71544e-10 0 0 0 0 0 0 644001 644001 644001 644001 
0.085 1.3611 -1.9389 -0.000250986 -1.15015 -3.5611 1548.53 3.61333e+12 8.1357e-05 0.000141408 2.0265e-20 8.18639e-11 -16264.1 0 0 3.27355e-18 0 0 8.71543e-10 0 0 0 0 0 0 644421 644421 644421 644421 
0.0855 1.36029 -1.93971 -0.000243031 -1.15015 -3.56029 1598.36 3.50991e+12 8.13613e-05 0.000140963 2.09155e-20 7.92703e-11 -16264 0 0 3.27869e-18 0 0 8.71541e-10 0 0 0 0 0 0 644837 644837 644837 644837 
0.086 1.35947 -1.94053 -0.000235311 -1.15015 -3.55947 1649.77 3.40943e+12 8.13656e-05 0.000140521 2.15868e-20 7.67596e-11 -16263.9 0 0 3.28384e-18 0 0 8.7154e-10 0 0 0 0 0 0 645252 645252 645252 645252 
0.0865 1.35866 -1.94134 -0.000227819 -1.15015 -3.55866 1702.82 3.3118e+12 8.13699e-05 0.000140083 2.22795e-20 7.43291e-11 -16263.8 0 0 3.28899e-18 0 0 8.71538e-10 0 0 0 0 0 0 645664 645664 645664 645664 
0.087 1.35785 -1.94215 -0.000220548 -1.15014 -3.55785 1757.55 3.21694e+12 8.13742e-05 0.000139648 2.29944e-20 7.19762e-11 -16263.7 0 0 3.29414e-18 0 0 8.71536e-10 0 0 0 0 0 0 646073 646073 646073 646073 
0.0875 1.35703 -1.94297 -0.000213493 -1.15014 -3.55703 1814.03 3.12477e+12 8.13786e-05 0.000139217 2.3732e-20 6.96984e-11 -16263.6 0 0 3.29929e-18 0 0 8.71534e-10 0 0 0 0 0 0 646481 646481 646481 646481 
0.088 1.35622 -1.94378 -0.000206646 -1.15014 -3.55622 1872.31 3.03522e+12 8.1383e-05 0.00013879 2.44932e-20 6.74932e-11 -16263.5 0 0 3.30445e-18 0 0 8.71532e-10 0 0 0 0 0 0 646886 646886 646886 646886 
0.0885 1.35541 -1.94459 -0.000200002 -1.15014 -3.55541 1932.45 2.94822e+12 8.13874e-05 0.000138367 2.52787e-20 6.53584e-11 -16263.5 0 0 3.30961e-18 0 0 8.7153e-10 0 0 0 0 0 0 647289 647289 647289 647289 
0.089 1.3546 -1.9454 -0.000193554 -1.15014 -3.5546 1994.5 2.86368e+12 8.13919e-05 0.000137947 2.60892e-20 6.32916e-11 -16263.4 0 0 3.31477e-18 0 0 8.71528e-10 0 0 0 0 0 0 647690 647690 647690 647690 
0.0895 1.35378 -1.94622 -0.000187296 -1.15014 -3.55378 2058.52 2.78155e+12 8.13963e-05 0.00013753 2.69256e-20 6.12908e-11 -16263.3 0 0 3.31994e-18 0 0 8.71525e-10 0 0 0 0 0 0 648089 648089 648089 648089 
0.09 1.35297 -1.94703 -0.000181224 -1.15014 -3.55297 2124.59 2.70175e+12 8.14009e-05 0.000137117 2.77887e-20 5.93536e-11 -16263.3 0 0 3.3251e-18 0 0 8.71523e-10 0 0 0 0 0 0 648486 648486 648486 648486 
0.0905 1.35216 -1.94784 -0.000175331 -1.15014 -3.55216 2192.76 2.62421e+12 8.14054e-05 0.000136708 2.86793e-20 5.74782e-11 -16263.2 0 0 3.33027e-18 0 0 8.7152e-10 0 0 0 0 0 0 648882 648882 648882 648882 
0.091 1.35134 -1.94866 -0.000169612 -1.15014 -3.55134 2263.1 2.54889e+12 8.14099e-05 0.000136302 2.95984e-20 5.56624e-11 -16263.1 0 0 3.33545e-18 0 0 8.71518e-10 0 0 0 0 0 0 649275 649275 649275 649275 
0.0915 1.35053 -1.94947 -0.000164062 -1.15014 -3.55053 2335.68 2.4757e+12 8.14145e-05 0.000135899 3.05468e-20 5.39044e-11 -16263.1 0 0 3.34062e-18 0 0 8.71515e-10 0 0 0 0 0 0 649667 649667 649667 649667 
0.092 1.34972 -1.95028 -0.000158676 -1.15014 -3.54972 2410.56 2.4046e+12 8.14191e-05 0.000135499 3.15254e-20 5.22024e-11 -16263 0 0 3.3458e-18 0 0 8.71512e-10 0 0 0 0 0 0 650058 650058 650058 650058 
0.0925 1.3489 -1.9511 -0.000153449 -1.15014 -3.5489 2487.84 2.33552e+12 8.14238e-05 0.000135103 3.25353e-20 5.05545e-11 -16262.9 0 0 3.35098e-18 0 0 8.71509e-10 0 0 0 0 0 0 650446 650446 650446 650446 
0.093 1.34809 -1.95191 -0.000148377 -1.15014 -3.54809 2567.57 2.26841e+12 8.14284e-05 0.00013471 3.35773e-20 4.8959e-11 -16262.9 0 0 3.35616e-18 0 0 8.71507e-10 0 0 0 0 0 0 650833 650833 650833 650833 
0.0935 1.34728 -1.95272 -0.000143454 -1.15013 -3.54728 2649.84 2.2032e+12 8.14331e-05 0.000134321 3.46527e-20 4.74142e-11 -16262.8 0 0 3.36135e-18 0 0 8.71504e-10 0 0 0 0 0 0 651219 651219 651219 651219 
0.094 1.34646 -1.95354 -0.000138677 -1.15013 -3.54646 2734.73 2.13986e+12 8.14379e-05 0.000133934 3.57623e-20 4.59185e-11 -16262.8 0 0 3.36654e-18 0 0 8.715e-10 0 0 0 0 0 0 651603 651603 651603 651603 
0.0945 1.34565 -1.95435 -0.00013404 -1.15013 -3.54565 2822.33 2.07831e+12 8.14426e-05 0.000133551 3.69074e-20 4.44703e-11 -16262.7 0 0 3.37173e-18 0 0 8.71497e-10 0 0 0 0 0 0 651986 651986 651986 651986 
0.095 1.34484 -1.95516 -0.000129541 -1.15013 -3.54484 2912.71 2.01853e+12 8.14474e-05 0.000133171 3.80889e-20 4.3068e-11 -16262.6 0 0 3.37692e-18 0 0 8.71494e-10 0 0 0 0 0 0 652367 652367 652367 652367 
0.0955 1.34402 -1.95598 -0.000125175 -1.15013 -3.54402 3005.97 1.96044e+12 8.14522e-05 0.000132794 3.93082e-20 4.17103e-11 -16262.6 0 0 3.38211e-18 0 0 8.71491e-10 0 0 0 0 0 0 652747 652747 652747 652747 
0.096 1.34321 -1.95679 -0.000120937 -1.15013 -3.54321 3102.19 1.90401e+12 8.1457e-05 0.00013242 4.05664e-20 4.03957e-11 -16262.5 0 0 3.38731e-18 0 0 8.71487e-10 0 0 0 0 0 0 653126 653126 653126 653126 
0.0965 1.3424 -1.9576 -0.000116825 -1.15013 -3.5424 3201.48 1.84919e+12 8.14619e-05 0.00013205 4.18647e-20 3.91227e-11 -16262.5 0 0 3.39251e-18 0 0 8.71484e-10 0 0 0 0 0 0 653503 653503 653503 653503 
0.097 1.34159 -1.95841 -0.000112834 -1.15013 -3.54159 3303.93 1.79593e+12 8.14668e-05 0.000131682 4.32044e-20 3.78901e-11 -16262.4 0 0 3.39771e-18 0 0 8.7148e-10 0 0 0 0 0 0 653879 653879 653879 653879 
0.0975 1.34077 -1.95923 -0.00010896 -1.15013 -3.54077 3409.64 1.74419e+12 8.14717e-05 0.000131317 4.45869e-20 3.66966e-11 -16262.4 0 0 3.40292e-18 0 0 8.71476e-10 0 0 0 0 0 0 654253 654253 654253 654253 
0.098 1.33996 -1.96004 -0.000105202 -1.15013 -3.53996 3518.72 1.69393e+12 8.14767e-05 0.000130955 4.60135e-20 3.5541e-11 -16262.4 0 0 3.40813e-18 0 0 8.71473e-10 0 0 0 0 0 0 654627 654627 654627 654627 
0.0985 1.33915 -1.96085 -0.000101554 -1.15012 -3.53915 3631.26 1.6451e+12 8.14817e-05 0.000130596 4.74855e-20 3.44219e-11 -16262.3 0 0 3.41334e-18 0 0 8.71469e-10 0 0 0 0 0 0 654999 654999 654999 654999 
0.099 1.33833 -1.96167 -9.80135e-05 -1.15012 -3.53833 3747.39 1.59767e+12 8.14867e-05 0.00013024 4.90046e-20 3.33383e-11 -16262.3 0 0 3.41855e-18 0 0 8.71465e-10 0 0 0 0 0 0 655369 655369 655369 655369 
0.0995 1.33752 -1.96248 -9.45778e-05 -1.15012 -3.53752 3867.22 1.55159e+12 8.14917e-05 0.000129887 5.05721e-20 3.22889e-11 -16262.2 0 0 3.42376e-18 0 0 8.71461e-10 0 0 0 0 0 0 655739 655739 655739 655739 
0.1 1.33671 -1.96329 -9.12435e-05 -1.15012 -3.53671 3990.85 1.50683e+12 8.14968e-05 0.000129537 5.21896e-20 3.12728e-11 -16262.2 0 0 3.42898e-18 0 0 8.71457e-10 0 0 0 0 0 0 656107 656107 656107 656107 
0.1005 1.33589 -1.96411 -8.80077e-05 -1.15012 -3.53589 4118.42 1.46334e+12 8.15019e-05 0.000129189 5.38587e-20 3.02889e-11 -16262.2 0 0 3.4342e-18 0 0 8.71453e-10 0 0 0 0 0 0 656473 656473 656473 656473 
0.101 1.33508 -1.96492 -8.48673e-05 -1.15012 -3.53508 4250.05 1.4211e+12 8.15071e-05 0.000128845 5.5581e-20 2.9336e-11 -16262.1 0 0 3.43942e-18 0 0 8.71449e-10 0 0 0 0 0 0 656839 656839 656839 656839 
0.1015 1.33427 -1.96573 -8.18196e-05 -1.15012 -3.53427 4385.87 1.38006e+12 8.15122e-05 0.000128503 5.73583e-20 2.84134e-11 -16262.1 0 0 3.44464e-18 0 0 8.71444e-10 0 0 0 0 0 0 657203 657203 657203 657203 
0.102 1.33345 -1.96655 -7.88619e-05 -1.15011 -3.53345 4526.01 1.3402e+12 8.15174e-05 0.000128164 5.91923e-20 2.75198e-11 -16262 0 0 3.44987e-18 0 0 8.7144e-10 0 0 0 0 0 0 657566 657566 657566 657566 
0.1025 1.33264 -1.96736 -7.59914e-05 -1.15011 -3.53264 4670.61 1.30148e+12 8.15227e-05 0.000127827 6.10847e-20 2.66545e-11 -16262 0 0 3.45509e-18 0 0 8.71436e-10 0 0 0 0 0 0 657927 657927 657927 657927 
0.103 1.33183 -1.96817 -7.32057e-05 -1.15011 -3.53183 4819.81 1.26386e+12 8.15279e-05 0.000127494 6.30375e-20 2.58166e-11 -16262 0 0 3.46032e-18 0 0 8.71431e-10 0 0 0 0 0 0 658287 658287 658287 658287 
0.1035 1.33101 -1.96899 -7.05022e-05 -1.15011 -3.53101 4973.76 1.22733e+12 8.15332e-05 0.000127162 6.50527e-20 2.50051e-11 -16261.9 0 0 3.46556e-18 0 0 8.71426e-10 0 0 0 0 0 0 658645 658645 658645 658645 
0.104 1.3302 -1.9698 -6.78785e-05 -1.15011 -3.5302 5132.61 1.19183e+12 8.15386e-05 0.000126834 6.7132e-20 2.42193e-11 -16261.9 0 0 3.47079e-18 0 0 8.71422e-10 0 0 0 0 0 0 659003 659003 659003 659003 
0.1045 1.32939 -1.97061 -6.53322e-05 -1.15011 -3.52939 5296.5 1.15736e+12 8.15439e-05 0.000126508 6.92777e-20 2.34582e-11 -16261.9 0 0 3.47603e-18 0 0 8.71417e-10 0 0 0 0 0 0 659358 659358 659358 659358 
0.105 1.32858 -1.97142 -6.2861e-05 -1.1501 -3.52858 5465.62 1.12387e+12 8.15493e-05 0.000126185 7.14919e-20 2.27212e-11 -16261.9 0 0 3.48126e-18 0 0 8.71412e-10 0 0 0 0 0 0 659712 659712 659712 659712 
0.1055 1.32776 -1.97224 -6.04628e-05 -1.1501 -3.52776 5640.11 1.09133e+12 8.15547e-05 0.000125864 7.37767e-20 2.20074e-11 -16261.8 0 0 3.48651e-18 0 0 8.71408e-10 0 0 0 0 0 0 660065 660065 660065 660065 
0.106 1.32695 -1.97305 -5.81353e-05 -1.1501 -3.52695 5820.15 1.05973e+12 8.15602e-05 0.000125546 7.61343e-20 2.13162e-11 -16261.8 0 0 3.49175e-18 0 0 8.71403e-10 0 0 0 0 0 0 660416 660416 660416 660416 
0.1065 1.32614 -1.97386 -5.58765e-05 -1.1501 -3.52614 6005.92 1.02904e+12 8.15657e-05 0.00012523 7.85671e-20 2.06467e-11 -16261.8 0 0 3.49699e-18 0 0 8.71398e-10 0 0 0 0 0 0 660766 660766 660766 660766 
0.107 1.32532 -1.97468 -5.36844e-05 -1.1501 -3.52532 6197.6 9.99225e+11 8.15712e-05 0.000124917 8.10775e-20 1.99984e-11 -16261.7 0 0 3.50224e-18 0 0 8.71393e-10 0 0 0 0 0 0 661114 661114 661114 661114 
0.1075 1.32451 -1.97549 -5.15569e-05 -1.15009 -3.52451 6395.38 9.70265e+11 8.15768e-05 0.000124606 8.3668e-20 1.93705e-11 -16261.7 0 0 3.50749e-18 0 0 8.71388e-10 0 0 0 0 0 0 661460 661460 661460 661460 
0.108 1.3237 -1.9763 -4.94923e-05 -1.15009 -3.5237 6599.45 9.42135e+11 8.15824e-05 0.000124298 8.63411e-20 1.87624e-11 -16261.7 0 0 3.51274e-18 0 0 8.71382e-10 0 0 0 0 0 0 661804 661804 661804 661804 
0.1085 1.32288 -1.97712 -4.74885e-05 -1.15009 -3.52288 6810.01 9.14812e+11 8.1588e-05 0.000123992 8.90995e-20 1.81734e-11 -16261.7 0 0 3.51799e-18 0 0 8.71377e-10 0 0 0 0 0 0 662147 662147 662147 662147 
0.109 1.32207 -1.97793 -4.55439e-05 -1.15009 -3.52207 7027.27 8.88273e+11 8.15937e-05 0.000123689 9.19458e-20 1.7603e-11 -16261.6 0 0 3.52325e-18 0 0 8.71372e-10 0 0 0 0 0 0 662487 662487 662487 662487 
0.1095 1.32126 -1.97874 -4.36567e-05 -1.15008 -3.52126 7251.43 8.62495e+11 8.15994e-05 0.000123387 9.48829e-20 1.70505e-11 -16261.6 0 0 3.5285e-18 0 0 8.71367e-10 0 0 0 0 0 0 662826 662826 662826 662826 
0.11 1.32044 -1.97956 -4.18252e-05 -1.15008 -3.52044 7482.73 8.37457e+11 8.16051e-05 0.000123089 9.79136e-20 1.65155e-11 -16261.6 0 0 3.53376e-18 0 0 8.71361e-10 0 0 0 0 0 0 663163 663163 663163 663163 
0.1105 1.31963 -1.98037 -4.00477e-05 -1.15008 -3.51963 7721.38 8.13137e+11 8.16109e-05 0.000122792 1.01041e-19 1.59972e-11 -16261.6 0 0 3.53902e-18 0 0 8.71356e-10 0 0 0 0 0 0 663498 663498 663498 663498 
0.111 1.31882 -1.98118 -3.83227e-05 -1.15008 -3.51882 7967.62 7.89516e+11 8.16167e-05 0.000122498 1.04268e-19 1.54953e-11 -16261.6 0 0 3.54428e-18 0 0 8.7135e-10 0 0 0 0 0 0 663831 663831 663831 663831 
0.1115 1.31801 -1.98199 -3.66485e-05 -1.15007 -3.51801 8221.7 7.66573e+11 8.16225e-05 0.000122206 1.07598e-19 1.50092e-11 -16261.5 0 0 3.54955e-18 0 0 8.71345e-10 0 0 0 0 0 0 664161 664161 664161 664161 
0.112 1.31719 -1.98281 -3.50238e-05 -1.15007 -3.51719 8483.85 7.44289e+11 8.16284e-05 0.000121916 1.11034e-19 1.45383e-11 -16261.5 0 0 3.55481e-18 0 0 8.71339e-10 0 0 0 0 0 0 664489 664489 664489 664489 
0.1125 1.31638 -1.98362 -3.3447e-05 -1.15007 -3.51638 8754.34 7.22646e+11 8.16343e-05 0.000121629 1.1458e-19 1.40823e-11 -16261.5 0 0 3.56008e-18 0 0 8.71333e-10 0 0 0 0 0 0 664815 664815 664815 664815 
0.113 1.31557 -1.98443 -3.19168e-05 -1.15006 -3.51557 9033.43 7.01624e+11 8.16402e-05 0.000121344 1.18239e-19 1.36406e-11 -16261.5 0 0 3.56535e-18 0 0 8.71328e-10 0 0 0 0 0 0 665139 665139 665139 665139 
0.1135 1.31475 -1.98525 -3.04317e-05 -1.15006 -3.51475 9321.39 6.81207e+11 8.16462e-05 0.000121061 1.22015e-19 1.32127e-11 -16261.5 0 0 3.57062e-18 0 0 8.71322e-10 0 0 0 0 0 0 665460 665460 665460 665460 
0.114 1.31394 -1.98606 -2.89904e-05 -1.15006 -3.51394 9618.51 6.61376e+11 8.16522e-05 0.00012078 1.25911e-19 1.27983e-11 -16261.4 0 0 3.57589e-18 0 0 8.71316e-10 0 0 0 0 0 0 665778 665778 665778 665778 
0.1145 1.31313 -1.98687 -2.75917e-05 -1.15005 -3.51313 9925.08 6.42116e+11 8.16583e-05 0.000120501 1.29931e-19 1.2397e-11 -16261.4 0 0 3.58117e-18 0 0 8.7131e-10 0 0 0 0 0 0 666094 666094 666094 666094 
0.115 1.31231 -1.98769 -2.62343e-05 -1.15005 -3.51231 10241.4 6.2341e+11 8.16644e-05 0.000120225 1.34079e-19 1.20082e-11 -16261.4 0 0 3.58644e-18 0 0 8.71304e-10 0 0 0 0 0 0 666407 666407 666407 666407 
0.1155 1.3115 -1.9885 -2.49169e-05 -1.15005 -3.5115 10567.8 6.05243e+11 8.16705e-05 0.00011995 1.3836e-19 1.16316e-11 -16261.4 0 0 3.59172e-18 0 0 8.71298e-10 0 0 0 0 0 0 666717 666717 666717 666717 
0.116 1.31069 -1.98931 -2.36384e-05 -1.15004 -3.51069 10904.5 5.87598e+11 8.16767e-05 0.000119678 1.42777e-19 1.12669e-11 -16261.4 0 0 3.597e-18 0 0 8.71292e-10 0 0 0 0 0 0 667025 667025 667025 667025 
0.1165 1.30987 -1.99013 -2.23976e-05 -1.15004 -3.50987 11252 5.70461e+11 8.16829e-05 0.000119408 1.47335e-19 1.09136e-11 -16261.4 0 0 3.60228e-18 0 0 8.71286e-10 0 0 0 0 0 0 667329 667329 667329 667329 
0.117 1.30906 -1.99094 -2.11934e-05 -1.15003 -3.50906 11610.5 5.53817e+11 8.16891e-05 0.000119139 1.52038e-19 1.05714e-11 -16261.4 0 0 3.60756e-18 0 0 8.7128e-10 0 0 0 0 0 0 667630 667630 667630 667630 
0.1175 1.30825 -1.99175 -2.00248e-05 -1.15003 -3.50825 11980.4 5.37653e+11 8.16954e-05 0.000118873 1.56892e-19 1.02399e-11 -16261.3 0 0 3.61285e-18 0 0 8.71274e-10 0 0 0 0 0 0 667927 667927 667927 667927 
0.118 1.30744 -1.99256 -1.88907e-05 -1.15003 -3.50744 12362 5.21954e+11 8.17017e-05 0.000118609 1.619e-19 9.91884e-12 -16261.3 0 0 3.61813e-18 0 0 8.71268e-10 0 0 0 0 0 0 668222 668222 668222 668222 
0.1185 1.30662 -1.99338 -1.779e-05 -1.15002 -3.50662 12755.8 5.06708e+11 8.17081e-05 0.000118347 1.67068e-19 9.60782e-12 -16261.3 0 0 3.62342e-18 0 0 8.71261e-10 0 0 0 0 0 0 668512 668512 668512 668512 
0.119 1.30581 -1.99419 -1.67219e-05 -1.15002 -3.50581 13162.1 4.91901e+11 8.17145e-05 0.000118087 1.724e-19 9.30656e-12 -16261.3 0 0 3.62871e-18 0 0 8.71255e-10 0 0 0 0 0 0 668799 668799 668799 668799 
0.1195 1.305 -1.995 -1.56852e-05 -1.15001 -3.505 13581.4 4.77521e+11 8.17209e-05 0.000117828 1.77903e-19 9.01473e-12 -16261.3 0 0 3.634e-18 0 0 8.71249e-10 0 0 0 0 0 0 669082 669082 669082 669082 
0.12 1.30418 -1.99582 -1.46792e-05 -1.15001 -3.50418 14013.9 4.63556e+11 8.17274e-05 0.000117572 1.83581e-19 8.73205e-12 -16261.3 0 0 3.63929e-18 0 0 8.71242e-10 0 0 0 0 0 0 669362 669362 669362 669362 
0.1205 1.30337 -1.99663 -1.37029e-05 -1.15 -3.50337 14460.2 4.49993e+11 8.17339e-05 0.000117318 1.8944e-19 8.45823e-12 -16261.3 0 0 3.64458e-18 0 0 8.71236e-10 0 0 0 0 0 0 669637 669637 669637 669637 
0.121 1.30256 -1.99744 -1.27554e-05 -1.15 -3.50256 14920.7 4.36822e+11 8.17404e-05 0.000117065 1.95485e-19 8.19298e-12 -16261.3 0 0 3.64988e-18 0 0 8.71229e-10 0 0 0 0 0 0 669908 669908 669908 669908 
0.1215 1.30174 -1.99826 -1.18358e-05 -1.14999 -3.50174 15395.8 4.2403e+11 8.1747e-05 0.000116815 2.01724e-19 7.93604e-12 -16261.2 0 0 3.65517e-18 0 0 8.71223e-10 0 0 0 0 0 0 670175 670175 670175 670175 
0.122 1.30093 -1.99907 -1.09434e-05 -1.14999 -3.50093 15886 4.11608e+11 8.17537e-05 0.000116566 2.08161e-19 7.68714e-12 -16261.2 0 0 3.66047e-18 0 0 8.71216e-10 0 0 0 0 0 0 670437 670437 670437 670437 
0.1225 1.30012 -1.99988 -1.00774e-05 -1.14998 -3.50012 16391.8 3.99544e+11 8.17603e-05 0.000116319 2.14804e-19 7.44603e-12 -16261.2 0 0 3.66577e-18 0 0 8.7121e-10 0 0 0 0 0 0 670694 670694 670694 670694 
0.123 1.2993 -2.0007 -9.23686e-06 -1.14997 -3.4993 16913.7 3.87829e+11 8.17671e-05 0.000116074 2.21659e-19 7.21247e-12 -16261.2 0 0 3.67106e-18 0 0 8.71203e-10 0 0 0 0 0 0 670947 670947 670947 670947 
0.1235 1.29849 -2.00151 -8.42119e-06 -1.14997 -3.49849 17452.2 3.76452e+11 8.17738e-05 0.00011583 2.28732e-19 6.98622e-12 -16261.2 0 0 3.67636e-18 0 0 8.71197e-10 0 0 0 0 0 0 671195 671195 671195 671195 
0.124 1.29768 -2.00232 -7.6296e-06 -1.14996 -3.49768 18007.7 3.65403e+11 8.17806e-05 0.000115589 2.3603e-19 6.76704e-12 -16261.2 0 0 3.68167e-18 0 0 8.7119e-10 0 0 0 0 0 0 671437 671437 671437 671437 
0.1245 1.29687 -2.00313 -6.86138e-06 -1.14996 -3.49687 18581 3.54674e+11 8.17875e-05 0.000115349 2.43561e-19 6.55472e-12 -16261.2 0 0 3.68697e-18 0 0 8.71183e-10 0 0 0 0 0 0 671674 671674 671674 671674 
0.125 1.29605 -2.00395 -6.11584e-06 -1.14995 -3.49605 19172.4 3.44255e+11 8.17943e-05 0.000115111 2.51333e-19 6.34904e-12 -16261.2 0 0 3.69227e-18 0 0 8.71177e-10 0 0 0 0 0 0 671906 671906 671906 671906 
0.1255 1.29524 -2.00476 -5.39232e-06 -1.14994 -3.49524 19782.6 3.34137e+11 8.18013e-05 0.000114875 2.59352e-19 6.14979e-12 -16261.2 0 0 3.69757e-18 0 0 8.7117e-10 0 0 0 0 0 0 672132 672132 672132 672132 
0.126 1.29443 -2.00557 -4.69016e-06 -1.14993 -3.49443 20412.3 3.24311e+11 8.18082e-05 0.000114641 2.67626e-19 5.95677e-12 -16261.2 0 0 3.70288e-18 0 0 8.71163e-10 0 0 0 0 0 0 672351 672351 672351 672351 
0.1265 1.29361 -2.00639 -4.00873e-06 -1.14993 -3.49361 21061.9 3.1477e+11 8.18152e-05 0.000114408 2.76165e-19 5.76978e-12 -16261.1 0 0 3.70818e-18 0 0 8.71157e-10 0 0 0 0 0 0 672565 672565 672565 672565 
0.127 1.2928 -2.0072 -3.34743e-06 -1.14992 -3.4928 21732.2 3.05504e+11 8.18223e-05 0.000114177 2.84975e-19 5.58864e-12 -16261.1 0 0 3.71349e-18 0 0 8.7115e-10 0 0 0 0 0 0 672773 672773 672773 672773 
0.1275 1.29199 -2.00801 -2.70566e-06 -1.14991 -3.49199 22423.7 2.96507e+11 8.18294e-05 0.000113947 2.94067e-19 5.41315e-12 -16261.1 0 0 3.71879e-18 0 0 8.71143e-10 0 0 0 0 0 0 672973 672973 672973 672973 
0.128 1.29117 -2.00883 -2.08284e-06 -1.1499 -3.49117 23137.3 2.8777e+11 8.18365e-05 0.00011372 3.03448e-19 5.24314e-12 -16261.1 0 0 3.7241e-18 0 0 8.71136e-10 0 0 0 0 0 0 673167 673167 673167 673167 
0.1285 1.29036 -2.00964 -1.47841e-06 -1.14989 -3.49036 23873.5 2.79286e+11 8.18437e-05 0.000113494 3.13129e-19 5.07845e-12 -16261.1 0 0 3.72941e-18 0 0 8.71129e-10 0 0 0 0 0 0 673355 673355 673355 673355 
0.129 1.28955 -2.01045 -8.91835e-07 -1.14989 -3.48955 24633.1 2.71047e+11 8.18509e-05 0.000113269 3.23118e-19 4.91889e-12 -16261.1 0 0 3.73472e-18 0 0 8.71122e-10 0 0 0 0 0 0 673534 673534 673534 673534 
0.1295 1.28874 -2.01126 -3.22584e-07 -1.14988 -3.48874 25416.8 2.63047e+11 8.18582e-05 0.000113046 3.33425e-19 4.76432e-12 -16261.1 0 0 3.74003e-18 0 0 8.71116e-10 0 0 0 0 0 0 673706 673706 673706 673706 
0.13 1.28792 -2.01208 2.29852e-07 -1.14987 -3.48792 26225.4 2.55279e+11 8.18655e-05 0.000112825 3.44061e-19 4.61457e-12 -16261.1 0 0 3.74533e-18 0 0 8.71109e-10 0 0 0 0 0 0 673871 673871 673871 673871 
0.1305 1.28711 -2.01289 7.65971e-07 -1.14986 -3.48711 27059.8 2.47736e+11 8.18729e-05 0.000112606 3.55036e-19 4.4695e-12 -16261.1 0 0 3.75064e-18 0 0 8.71102e-10 0 0 0 0 0 0 674027 674027 674027 674027 
0.131 1.2863 -2.0137 1.28625e-06 -1.14985 -3.4863 27920.6 2.40411e+11 8.18803e-05 0.000112387 3.66361e-19 4.32895e-12 -16261.1 0 0 3.75595e-18 0 0 8.71095e-10 0 0 0 0 0 0 674176 674176 674176 674176 
0.1315 1.28548 -2.01452 1.79117e-06 -1.14984 -3.48548 28808.7 2.33299e+11 8.18878e-05 0.000112171 3.78047e-19 4.19279e-12 -16261.1 0 0 3.76126e-18 0 0 8.71088e-10 0 0 0 0 0 0 674315 674315 674315 674315 
0.132 1.28467 -2.01533 2.28116e-06 -1.14983 -3.48467 29725.1 2.26392e+11 8.18953e-05 0.000111956 3.90105e-19 4.06087e-12 -16261.1 0 0 3.76657e-18 0 0 8.71081e-10 0 0 0 0 0 0 674446 674446 674446 674446 
0.1325 1.28386 -2.01614 2.75668e-06 -1.14982 -3.48386 30670.6 2.19686e+11 8.19028e-05 0.000111743 4.02548e-19 3.93307e-12 -16261.1 0 0 3.77188e-18 0 0 8.71074e-10 0 0 0 0 0 0 674567 674567 674567 674567 
0.133 1.28304 -2.01696 3.21815e-06 -1.14981 -3.48304 31646.1 2.13175e+11 8.19104e-05 0.000111531 4.15387e-19 3.80925e-12 -16261.1 0 0 3.77719e-18 0 0 8.71067e-10 0 0 0 0 0 0 674679 674679 674679 674679 
0.1335 1.28223 -2.01777 3.66599e-06 -1.14979 -3.48223 32652.6 2.06852e+11 8.1918e-05 0.00011132 4.28636e-19 3.6893e-12 -16261.1 0 0 3.7825e-18 0 0 8.7106e-10 0 0 0 0 0 0 674782 674782 674782 674782 
0.134 1.28142 -2.01858 4.1006e-06 -1.14978 -3.48142 33691 2.00713e+11 8.19257e-05 0.000111111 4.42306e-19 3.57308e-12 -16261 0 0 3.78781e-18 0 0 8.71053e-10 0 0 0 0 0 0 674874 674874 674874 674874 
0.1345 1.2806 -2.0194 4.52236e-06 -1.14977 -3.4806 34762.4 1.94752e+11 8.19335e-05 0.000110904 4.56413e-19 3.46049e-12 -16261 0 0 3.79312e-18 0 0 8.71046e-10 0 0 0 0 0 0 674956 674956 674956 674956 
0.135 1.27979 -2.02021 4.93166e-06 -1.14976 -3.47979 35867.9 1.88963e+11 8.19412e-05 0.000110698 4.70969e-19 3.3514e-12 -16261 0 0 3.79843e-18 0 0 8.71039e-10 0 0 0 0 0 0 675027 675027 675027 675027 
0.1355 1.27898 -2.02102 5.32886e-06 -1.14974 -3.47898 37008.4 1.83343e+11 8.19491e-05 0.000110493 4.85989e-19 3.24571e-12 -16261 0 0 3.80373e-18 0 0 8.71032e-10 0 0 0 0 0 0 675087 675087 675087 675087 
0.136 1.27817 -2.02183 5.71433e-06 -1.14973 -3.47817 38185.2 1.77886e+11 8.19569e-05 0.00011029 5.01488e-19 3.14332e-12 -16261 0 0 3.80904e-18 0 0 8.71025e-10 0 0 0 0 0 0 675135 675135 675135 675135 
0.1365 1.27735 -2.02265 6.0884e-06 -1.14972 -3.47735 39399.4 1.72588e+11 8.19649e-05 0.000110088 5.17481e-19 3.04411e-12 -16261 0 0 3.81435e-18 0 0 8.71018e-10 0 0 0 0 0 0 675171 675171 675171 675171 
0.137 1.27654 -2.02346 6.45142e-06 -1.1497 -3.47654 40652.1 1.67443e+11 8.19728e-05 0.000109888 5.33984e-19 2.948e-12 -16261 0 0 3.81965e-18 0 0 8.71011e-10 0 0 0 0 0 0 675195 675195 675195 675195 
0.1375 1.27573 -2.02427 6.80371e-06 -1.14969 -3.47573 41944.5 1.62448e+11 8.19809e-05 0.000109689 5.51012e-19 2.85487e-12 -16261 0 0 3.82496e-18 0 0 8.71004e-10 0 0 0 0 0 0 675207 675207 675207 675207 
0.138 1.27491 -2.02509 7.14558e-06 -1.14967 -3.47491 43278 1.57598e+11 8.19889e-05 0.000109491 5.68583e-19 2.76465e-12 -16261 0 0 3.83026e-18 0 0 8.70997e-10 0 0 0 0 0 0 675205 675205 675205 675205 
0.1385 1.2741 -2.0259 7.47735e-06 -1.14965 -3.4741 44653.9 1.52889e+11 8.1997e-05 0.000109295 5.86715e-19 2.67723e-12 -16261 0 0 3.83556e-18 0 0 8.70991e-10 0 0 0 0 0 0 675190 675190 675190 675190 
0.139 1.27329 -2.02671 7.79931e-06 -1.14964 -3.47329 46073.4 1.48317e+11 8.20052e-05 0.0001091 6.05424e-19 2.59254e-12 -16261 0 0 3.84087e-18 0 0 8.70984e-10 0 0 0 0 0 0 675161 675161 675161 675161 
0.1395 1.27247 -2.02753 8.11175e-06 -1.14962 -3.47247 47538 1.43878e+11 8.20134e-05 0.000108906 6.24729e-19 2.51048e-12 -16261 0 0 3.84617e-18 0 0 8.70977e-10 0 0 0 0 0 0 675117 675117 675117 675117 
0.14 1.27166 -2.02834 8.41496e-06 -1.1496 -3.47166 49049.1 1.39568e+11 8.20217e-05 0.000108714 6.4465e-19 2.43098e-12 -16261 0 0 3.85146e-18 0 0 8.7097e-10 0 0 0 0 0 0 675059 675059 675059 675059 
0.1405 1.27085 -2.02915 8.7092e-06 -1.14959 -3.47085 50608.1 1.35383e+11 8.203e-05 0.000108523 6.65206e-19 2.35394e-12 -16261 0 0 3.85676e-18 0 0 8.70963e-10 0 0 0 0 0 0 674985 674985 674985 674985 
0.141 1.27003 -2.02997 8.99474e-06 -1.14957 -3.47003 52216.7 1.3132e+11 8.20384e-05 0.000108333 6.86416e-19 2.27931e-12 -16261 0 0 3.86206e-18 0 0 8.70956e-10 0 0 0 0 0 0 674895 674895 674895 674895 
0.1415 1.26922 -2.03078 9.27183e-06 -1.14955 -3.46922 53876.3 1.27376e+11 8.20468e-05 0.000108144 7.08303e-19 2.20699e-12 -16261 0 0 3.86735e-18 0 0 8.70949e-10 0 0 0 0 0 0 674789 674789 674789 674789 
0.142 1.26841 -2.03159 9.54073e-06 -1.14953 -3.46841 55588.6 1.23546e+11 8.20553e-05 0.000107957 7.30887e-19 2.13693e-12 -16261 0 0 3.87264e-18 0 0 8.70942e-10 0 0 0 0 0 0 674666 674666 674666 674666 
0.1425 1.2676 -2.0324 9.80168e-06 -1.14951 -3.4676 57355.2 1.19827e+11 8.20638e-05 0.000107771 7.54191e-19 2.06904e-12 -16261 0 0 3.87793e-18 0 0 8.70936e-10 0 0 0 0 0 0 674526 674526 674526 674526 
0.143 1.26678 -2.03322 1.00549e-05 -1.14948 -3.46678 59177.9 1.16217e+11 8.20724e-05 0.000107586 7.78237e-19 2.00326e-12 -16261 0 0 3.88322e-18 0 0 8.70929e-10 0 0 0 0 0 0 674367 674367 674367 674367 
0.1435 1.26597 -2.03403 1.03007e-05 -1.14946 -3.46597 61058.5 1.12712e+11 8.20811e-05 0.000107403 8.0305e-19 1.93953e-12 -16261 0 0 3.8885e-18 0 0 8.70922e-10 0 0 0 0 0 0 674190 674190 674190 674190 
0.144 1.26516 -2.03484 1.05391e-05 -1.14944 -3.46516 62998.7 1.09309e+11 8.20898e-05 0.00010722 8.28654e-19 1.87778e-12 -16261 0 0 3.89378e-18 0 0 8.70915e-10 0 0 0 0 0 0 673994 673994 673994 673994 
0.1445 1.26434 -2.03566 1.07705e-05 -1.14942 -3.46434 65000.5 1.06005e+11 8.20985e-05 0.000107039 8.55073e-19 1.81795e-12 -16261 0 0 3.89906e-18 0 0 8.70908e-10 0 0 0 0 0 0 673777 673777 673777 673777 
0.145 1.26353 -2.03647 1.09951e-05 -1.14939 -3.46353 67065.9 1.02798e+11 8.21073e-05 0.000106859 8.82334e-19 1.75997e-12 -16261 0 0 3.90434e-18 0 0 8.70902e-10 0 0 0 0 0 0 673540 673540 673540 673540 
0.1455 1.26272 -2.03728 1.1213e-05 -1.14937 -3.46272 69196.8 9.96836e+10 8.21161e-05 0.000106681 9.10464e-19 1.7038e-12 -16261 0 0 3.90961e-18 0 0 8.70895e-10 0 0 0 0 0 0 673282 673282 673282 673282 
0.146 1.2619 -2.0381 1.14245e-05 -1.14934 -3.4619 71395.3 9.66602e+10 8.2125e-05 0.000106503 9.39491e-19 1.64937e-12 -16261 0 0 3.91488e-18 0 0 8.70888e-10 0 0 0 0 0 0 673003 673003 673003 673003 
0.1465 1.26109 -2.03891 1.16297e-05 -1.14931 -3.46109 73663.5 9.3725e+10 8.2134e-05 0.000106326 9.69442e-19 1.59664e-12 -16261 0 0 3.92015e-18 0 0 8.70882e-10 0 0 0 0 0 0 672700 672700 672700 672700 
0.147 1.26028 -2.03972 1.18289e-05 -1.14929 -3.46028 76003.8 9.08754e+10 8.2143e-05 0.000106151 1.00035e-18 1.54554e-12 -16261 0 0 3.92541e-18 0 0 8.70875e-10 0 0 0 0 0 0 672375 672375 672375 672375 
0.1475 1.25947 -2.04053 1.20221e-05 -1.14926 -3.45947 78418.3 8.81088e+10 8.21521e-05 0.000105977 1.03224e-18 1.49603e-12 -16261 0 0 3.93067e-18 0 0 8.70869e-10 0 0 0 0 0 0 672025 672025 672025 672025 
0.148 1.25865 -2.04135 1.22097e-05 -1.14923 -3.45865 80909.4 8.5423e+10 8.21612e-05 0.000105803 1.06515e-18 1.44805e-12 -16261 0 0 3.93592e-18 0 0 8.70862e-10 0 0 0 0 0 0 671651 671651 671651 671651 
0.1485 1.25784 -2.04216 1.23917e-05 -1.1492 -3.45784 83479.5 8.28155e+10 8.21704e-05 0.000105631 1.0991e-18 1.40157e-12 -16260.9 0 0 3.94118e-18 0 0 8.70856e-10 0 0 0 0 0 0 671250 671250 671250 671250 
0.149 1.25703 -2.04297 1.25682e-05 -1.14917 -3.45703 86131.2 8.02841e+10 8.21796e-05 0.00010546 1.13414e-18 1.35653e-12 -16260.9 0 0 3.94642e-18 0 0 8.70849e-10 0 0 0 0 0 0 670824 670824 670824 670824 
0.1495 1.25621 -2.04379 1.27396e-05 -1.14913 -3.45621 88867 7.78265e+10 8.21889e-05 0.00010529 1.17029e-18 1.31288e-12 -16260.9 0 0 3.95166e-18 0 0 8.70843e-10 0 0 0 0 0 0 670370 670370 670370 670370 
0.15 1.2554 -2.0446 1.29059e-05 -1.1491 -3.4554 91689.6 7.54407e+10 8.21983e-05 0.000105121 1.2076e-18 1.27059e-12 -16260.9 0 0 3.9569e-18 0 0 8.70836e-10 0 0 0 0 0 0 669888 669888 669888 669888 
0.1505 1.25459 -2.04541 1.30673e-05 -1.14906 -3.45459 94601.7 7.31245e+10 8.22077e-05 0.000104953 1.24609e-18 1.22962e-12 -16260.9 0 0 3.96213e-18 0 0 8.7083e-10 0 0 0 0 0 0 669377 669377 669377 669377 
0.151 1.25377 -2.04623 1.32239e-05 -1.14903 -3.45377 97606.2 7.08759e+10 8.22172e-05 0.000104786 1.28581e-18 1.18991e-12 -16260.9 0 0 3.96736e-18 0 0 8.70824e-10 0 0 0 0 0 0 668837 668837 668837 668837 
0.1515 1.25296 -2.04704 1.33758e-05 -1.14899 -3.45296 100706 6.8693e+10 8.22267e-05 0.000104621 1.3268e-18 1.15144e-12 -16260.9 0 0 3.97258e-18 0 0 8.70817e-10 0 0 0 0 0 0 668265 668265 668265 668265 
0.152 1.25215 -2.04785 1.35233e-05 -1.14895 -3.45215 103904 6.65739e+10 8.22363e-05 0.000104456 1.36909e-18 1.11416e-12 -16260.9 0 0 3.97779e-18 0 0 8.70811e-10 0 0 0 0 0 0 667661 667661 667661 667661 
0.1525 1.25133 -2.04867 1.36664e-05 -1.14891 -3.45133 107204 6.45166e+10 8.22459e-05 0.000104292 1.41273e-18 1.07803e-12 -16260.9 0 0 3.983e-18 0 0 8.70805e-10 0 0 0 0 0 0 667024 667024 667024 667024 
0.153 1.25052 -2.04948 1.38052e-05 -1.14887 -3.45052 110608 6.25194e+10 8.22556e-05 0.000104129 1.45776e-18 1.04303e-12 -16260.9 0 0 3.9882e-18 0 0 8.70799e-10 0 0 0 0 0 0 666354 666354 666354 666354 
0.1535 1.24971 -2.05029 1.39399e-05 -1.14883 -3.44971 114120 6.05806e+10 8.22654e-05 0.000103967 1.50423e-18 1.00911e-12 -16260.9 0 0 3.9934e-18 0 0 8.70793e-10 0 0 0 0 0 0 665648 665648 665648 665648 
0.154 1.2489 -2.0511 1.40707e-05 -1.14879 -3.4489 117744 5.86985e+10 8.22752e-05 0.000103806 1.55217e-18 9.76244e-13 -16260.9 0 0 3.99859e-18 0 0 8.70787e-10 0 0 0 0 0 0 664906 664906 664906 664906 
0.1545 1.24808 -2.05192 1.41976e-05 -1.14874 -3.44808 121482 5.68713e+10 8.22851e-05 0.000103646 1.60164e-18 9.44397e-13 -16260.9 0 0 4.00377e-18 0 0 8.70781e-10 0 0 0 0 0 0 664126 664126 664126 664126 
0.155 1.24727 -2.05273 1.43207e-05 -1.14869 -3.44727 125339 5.50976e+10 8.22951e-05 0.000103486 1.65269e-18 9.13536e-13 -16260.9 0 0 4.00894e-18 0 0 8.70775e-10 0 0 0 0 0 0 663308 663308 663308 663308 
0.1555 1.24646 -2.05354 1.44401e-05 -1.14865 -3.44646 129319 5.33757e+10 8.23051e-05 0.000103328 1.70537e-18 8.83633e-13 -16260.9 0 0 4.01411e-18 0 0 8.70769e-10 0 0 0 0 0 0 662450 662450 662450 662450 
0.156 1.24564 -2.05436 1.4556e-05 -1.1486 -3.44564 133424 5.17041e+10 8.23151e-05 0.000103171 1.75972e-18 8.54656e-13 -16260.9 0 0 4.01927e-18 0 0 8.70763e-10 0 0 0 0 0 0 661551 661551 661551 661551 
0.1565 1.24483 -2.05517 1.46685e-05 -1.14854 -3.44483 137660 5.00815e+10 8.23253e-05 0.000103014 1.81581e-18 8.26577e-13 -16260.9 0 0 4.02442e-18 0 0 8.70758e-10 0 0 0 0 0 0 660610 660610 660610 660610 
0.157 1.24402 -2.05598 1.47777e-05 -1.14849 -3.44402 142030 4.85063e+10 8.23355e-05 0.000102858 1.87368e-18 7.99369e-13 -16260.9 0 0 4.02956e-18 0 0 8.70752e-10 0 0 0 0 0 0 659625 659625 659625 659625 
0.1575 1.2432 -2.0568 1.48836e-05 -1.14843 -3.4432 146538 4.69771e+10 8.23457e-05 0.000102703 1.93339e-18 7.73003e-13 -16260.9 0 0 4.03469e-18 0 0 8.70746e-10 0 0 0 0 0 0 658594 658594 658594 658594 
0.158 1.24239 -2.05761 1.49864e-05 -1.14838 -3.44239 151190 4.54927e+10 8.2356e-05 0.000102549 1.99501e-18 7.47454e-13 -16260.9 0 0 4.03981e-18 0 0 8.70741e-10 0 0 0 0 0 0 657517 657517 657517 657517 
0.1585 1.24158 -2.05842 1.50861e-05 -1.14832 -3.44158 155989 4.40517e+10 8.23664e-05 0.000102396 2.05859e-18 7.22697e-13 -16260.9 0 0 4.04492e-18 0 0 8.70735e-10 0 0 0 0 0 0 656392 656392 656392 656392 
0.159 1.24077 -2.05923 1.51828e-05 -1.14826 -3.44077 160940 4.26529e+10 8.23769e-05 0.000102244 2.1242e-18 6.98707e-13 -16260.9 0 0 4.05002e-18 0 0 8.7073e-10 0 0 0 0 0 0 655218 655218 655218 655218 
0.1595 1.23995 -2.06005 1.52767e-05 -1.14819 -3.43995 166048 4.1295e+10 8.23874e-05 0.000102092 2.1919e-18 6.75459e-13 -16260.9 0 0 4.05511e-18 0 0 8.70724e-10 0 0 0 0 0 0 653992 653992 653992 653992 
0.16 1.23914 -2.06086 1.53678e-05 -1.14813 -3.43914 171318 3.99769e+10 8.2398e-05 0.000101941 2.26175e-18 6.52932e-13 -16260.9 0 0 4.06019e-18 0 0 8.70719e-10 0 0 0 0 0 0 652713 652713 652713 652713 
0.1605 1.23833 -2.06167 1.54562e-05 -1.14806 -3.43833 176755 3.86973e+10 8.24086e-05 0.000101791 2.33383e-18 6.31102e-13 -16260.9 0 0 4.06526e-18 0 0 8.70714e-10 0 0 0 0 0 0 651379 651379 651379 651379 
0.161 1.23751 -2.06249 1.5542e-05 -1.14799 -3.43751 182364 3.74552e+10 8.24193e-05 0.000101641 2.4082e-18 6.09949e-13 -16260.9 0 0 4.07032e-18 0 0 8.70708e-10 0 0 0 0 0 0 649990 649990 649990 649990 
0.1615 1.2367 -2.0633 1.56253e-05 -1.14792 -3.4367 188151 3.62495e+10 8.24301e-05 0.000101493 2.48495e-18 5.8945e-13 -16260.9 0 0 4.07536e-18 0 0 8.70703e-10 0 0 0 0 0 0 648542 648542 648542 648542 
0.162 1.23589 -2.06411 1.5706e-05 -1.14784 -3.43589 194122 3.5079e+10 8.24409e-05 0.000101345 2.56413e-18 5.69586e-13 -16260.9 0 0 4.08039e-18 0 0 8.70698e-10 0 0 0 0 0 0 647034 647034 647034 647034 
0.1625 1.23507 -2.06493 1.57844e-05 -1.14776 -3.43507 200281 3.39429e+10 8.24519e-05 0.000101197 2.64585e-18 5.50336e-13 -16260.9 0 0 4.08541e-18 0 0 8.70693e-10 0 0 0 0 0 0 645464 645464 645464 645464 
0.163 1.23426 -2.06574 1.58604e-05 -1.14768 -3.43426 206636 3.284e+10 8.24628e-05 0.000101051 2.73016e-18 5.31683e-13 -16260.9 0 0 4.09041e-18 0 0 8.70688e-10 0 0 0 0 0 0 643830 643830 643830 643830 
0.1635 1.23345 -2.06655 1.59342e-05 -1.1476 -3.43345 213193 3.17694e+10 8.24739e-05 0.000100905 2.81716e-18 5.13607e-13 -16260.9 0 0 4.0954e-18 0 0 8.70683e-10 0 0 0 0 0 0 642130 642130 642130 642130 
0.164 1.23263 -2.06737 1.60058e-05 -1.14751 -3.43263 219957 3.07301e+10 8.2485e-05 0.000100759 2.90693e-18 4.9609e-13 -16260.9 0 0 4.10037e-18 0 0 8.70678e-10 0 0 0 0 0 0 640363 640363 640363 640363 
0.1645 1.23182 -2.06818 1.60753e-05 -1.14743 -3.43182 226935 2.97213e+10 8.24962e-05 0.000100615 2.99956e-18 4.79116e-13 -16260.9 0 0 4.10533e-18 0 0 8.70674e-10 0 0 0 0 0 0 638525 638525 638525 638525 
0.165 1.23101 -2.06899 1.61427e-05 -1.14733 -3.43101 234135 2.87421e+10 8.25074e-05 0.000100471 3.09514e-18 4.62666e-13 -16260.9 0 0 4.11027e-18 0 0 8.70669e-10 0 0 0 0 0 0 636614 636614 636614 636614 
0.1655 1.2302 -2.0698 1.62081e-05 -1.14724 -3.4302 241562 2.77915e+10 8.25187e-05 0.000100327 3.19376e-18 4.46726e-13 -16260.9 0 0 4.1152e-18 0 0 8.70664e-10 0 0 0 0 0 0 634629 634629 634629 634629 
0.166 1.22938 -2.07062 1.62715e-05 -1.14714 -3.42938 249225 2.68688e+10 8.25301e-05 0.000100184 3.29553e-18 4.31279e-13 -16260.9 0 0 4.1201e-18 0 0 8.7066e-10 0 0 0 0 0 0 632567 632567 632567 632567 
0.1665 1.22857 -2.07143 1.63331e-05 -1.14704 -3.42857 257131 2.59731e+10 8.25416e-05 0.000100042 3.40054e-18 4.16309e-13 -16260.9 0 0 4.12499e-18 0 0 8.70655e-10 0 0 0 0 0 0 630424 630424 630424 630424 
0.167 1.22776 -2.07224 1.63928e-05 -1.14693 -3.42776 265287 2.51037e+10 8.25531e-05 9.99001e-05 3.50889e-18 4.01803e-13 -16260.9 0 0 4.12986e-18 0 0 8.70651e-10 0 0 0 0 0 0 628200 628200 628200 628200 
0.1675 1.22694 -2.07306 1.64508e-05 -1.14682 -3.42694 273701 2.42597e+10 8.25647e-05 9.97588e-05 3.62069e-18 3.87746e-13 -16260.9 0 0 4.13472e-18 0 0 8.70647e-10 0 0 0 0 0 0 625891 625891 625891 625891 
0.168 1.22613 -2.07387 1.6507e-05 -1.1467 -3.42613 282383 2.34404e+10 8.25764e-05 9.9618e-05 3.73606e-18 3.74123e-13 -16260.9 0 0 4.13955e-18 0 0 8.70642e-10 0 0 0 0 0 0 623494 623494 623494 623494 
0.1685 1.22532 -2.07468 1.65616e-05 -1.14659 -3.42532 291339 2.26452e+10 8.25881e-05 9.94777e-05 3.85509e-18 3.60921e-13 -16260.9 0 0 4.14436e-18 0 0 8.70638e-10 0 0 0 0 0 0 621007 621007 621007 621007 
0.169 1.2245 -2.0755 1.66145e-05 -1.14646 -3.4245 300578 2.18733e+10 8.26e-05 9.93378e-05 3.97792e-18 3.48128e-13 -16260.9 0 0 4.14915e-18 0 0 8.70634e-10 0 0 0 0 0 0 618426 618426 618426 618426 
0.1695 1.22369 -2.07631 1.66659e-05 -1.14634 -3.42369 310111 2.1124e+10 8.26119e-05 9.91984e-05 4.10467e-18 3.3573e-13 -16260.9 0 0 4.15391e-18 0 0 8.7063e-10 0 0 0 0 0 0 615749 615749 615749 615749 
0.17 1.22288 -2.07712 1.67157e-05 -1.1462 -3.42288 319945 2.03966e+10 8.26238e-05 9.90594e-05 4.23544e-18 3.23716e-13 -16260.9 0 0 4.15866e-18 0 0 8.70626e-10 0 0 0 0 0 0 612973 612973 612973 612973 
0.1705 1.22207 -2.07793 1.67641e-05 -1.14607 -3.42207 330091 1.96906e+10 8.26359e-05 9.89208e-05 4.37039e-18 3.12073e-13 -16260.9 0 0 4.16338e-18 0 0 8.70622e-10 0 0 0 0 0 0 610094 610094 610094 610094 
0.171 1.22125 -2.07875 1.6811e-05 -1.14592 -3.42125 340558 1.90052e+10 8.2648e-05 9.87825e-05 4.50963e-18 3.0079e-13 -16260.9 0 0 4.16808e-18 0 0 8.70618e-10 0 0 0 0 0 0 607110 607110 607110 607110 
0.1715 1.22044 -2.07956 1.68565e-05 -1.14578 -3.42044 351356 1.83399e+10 8.26602e-05 9.86446e-05 4.6533e-18 2.89856e-13 -16260.9 0 0 4.17275e-18 0 0 8.70614e-10 0 0 0 0 0 0 604016 604016 604016 604016 
0.172 1.21963 -2.08037 1.69007e-05 -1.14562 -3.41963 362496 1.76942e+10 8.26724e-05 9.8507e-05 4.80156e-18 2.79259e-13 -16260.9 0 0 4.17739e-18 0 0 8.70611e-10 0 0 0 0 0 0 600809 600809 600809 600809 
0.1725 1.21881 -2.08119 1.69435e-05 -1.14547 -3.41881 373990 1.70673e+10 8.26848e-05 9.83698e-05 4.95453e-18 2.68991e-13 -16260.9 0 0 4.18201e-18 0 0 8.70607e-10 0 0 0 0 0 0 597486 597486 597486 597486 
0.173 1.218 -2.082 1.69851e-05 -1.1453 -3.418 385847 1.64588e+10 8.26972e-05 9.82327e-05 5.11237e-18 2.59039e-13 -16260.9 0 0 4.1866e-18 0 0 8.70604e-10 0 0 0 0 0 0 594043 594043 594043 594043 
0.1735 1.21719 -2.08281 1.70254e-05 -1.14513 -3.41719 398079 1.58682e+10 8.27097e-05 9.8096e-05 5.27524e-18 2.49395e-13 -16260.9 0 0 4.19116e-18 0 0 8.706e-10 0 0 0 0 0 0 590475 590475 590475 590475 
0.174 1.21637 -2.08363 1.70645e-05 -1.14495 -3.41637 410699 1.52948e+10 8.27223e-05 9.79594e-05 5.4433e-18 2.4005e-13 -16260.9 0 0 4.19569e-18 0 0 8.70597e-10 0 0 0 0 0 0 586780 586780 586780 586780 
0.1745 1.21556 -2.08444 1.71025e-05 -1.14477 -3.41556 423718 1.47383e+10 8.27349e-05 9.7823e-05 5.61671e-18 2.30993e-13 -16260.9 0 0 4.20018e-18 0 0 8.70594e-10 0 0 0 0 0 0 582953 582953 582953 582953 
0.175 1.21475 -2.08525 1.71393e-05 -1.14457 -3.41475 437149 1.4198e+10 8.27476e-05 9.76868e-05 5.79564e-18 2.22215e-13 -16260.9 0 0 4.20465e-18 0 0 8.7059e-10 0 0 0 0 0 0 578989 578989 578989 578989 
0.1755 1.21393 -2.08607 1.7175e-05 -1.14437 -3.41393 451006 1.36736e+10 8.27604e-05 9.75507e-05 5.98027e-18 2.13709e-13 -16260.9 0 0 4.20908e-18 0 0 8.70587e-10 0 0 0 0 0 0 574885 574885 574885 574885 
0.176 1.21312 -2.08688 1.72097e-05 -1.14417 -3.41312 465301 1.31645e+10 8.27733e-05 9.74147e-05 6.17078e-18 2.05466e-13 -16260.9 0 0 4.21348e-18 0 0 8.70584e-10 0 0 0 0 0 0 570635 570635 570635 570635 
0.1765 1.21231 -2.08769 1.72433e-05 -1.14395 -3.41231 480048 1.26704e+10 8.27863e-05 9.72788e-05 6.36736e-18 1.97477e-13 -16260.9 0 0 4.21784e-18 0 0 8.70581e-10 0 0 0 0 0 0 566235 566235 566235 566235 
0.177 1.2115 -2.0885 1.72759e-05 -1.14373 -3.4115 495263 1.21907e+10 8.27993e-05 9.71429e-05 6.57019e-18 1.89736e-13 -16260.9 0 0 4.22217e-18 0 0 8.70578e-10 0 0 0 0 0 0 561681 561681 561681 561681 
0.1775 1.21068 -2.08932 1.73076e-05 -1.14349 -3.41068 510958 1.1725e+10 8.28125e-05 9.70069e-05 6.77949e-18 1.82233e-13 -16260.9 0 0 4.22646e-18 0 0 8.70576e-10 0 0 0 0 0 0 556967 556967 556967 556967 
0.178 1.20987 -2.09013 1.73383e-05 -1.14325 -3.40987 527151 1.1273e+10 8.28257e-05 9.68709e-05 6.99544e-18 1.74962e-13 -16260.9 0 0 4.23071e-18 0 0 8.70573e-10 0 0 0 0 0 0 552088 552088 552088 552088 
0.1785 1.20906 -2.09094 1.7368e-05 -1.14299 -3.40906 543856 1.08342e+10 8.2839e-05 9.67349e-05 7.21828e-18 1.67916e-13 -16260.9 0 0 4.23491e-18 0 0 8.7057e-10 0 0 0 0 0 0 547039 547039 547039 547039 
0.179 1.20824 -2.09176 1.73969e-05 -1.14273 -3.40824 561090 1.04083e+10 8.28523e-05 9.65986e-05 7.44821e-18 1.61087e-13 -16260.9 0 0 4.23908e-18 0 0 8.70568e-10 0 0 0 0 0 0 541814 541814 541814 541814 
0.1795 1.20743 -2.09257 1.7425e-05 -1.14245 -3.40743 578868 9.99479e+09 8.28658e-05 9.64622e-05 7.68546e-18 1.54469e-13 -16260.9 0 0 4.2432e-18 0 0 8.70565e-10 0 0 0 0 0 0 536408 536408 536408 536408 
0.18 1.20662 -2.09338 1.74521e-05 -1.14217 -3.40662 597210 9.59339e+09 8.28793e-05 9.63255e-05 7.93027e-18 1.48055e-13 -16260.9 0 0 4.24728e-18 0 0 8.70563e-10 0 0 0 0 0 0 530814 530814 530814 530814 
0.1805 1.2058 -2.0942 1.74785e-05 -1.14187 -3.4058 616132 9.20374e+09 8.28929e-05 9.61886e-05 8.18287e-18 1.4184e-13 -16260.9 0 0 4.25131e-18 0 0 8.7056e-10 0 0 0 0 0 0 525027 525027 525027 525027 
0.181 1.20499 -2.09501 1.75041e-05 -1.14155 -3.40499 635652 8.82547e+09 8.29067e-05 9.60513e-05 8.44351e-18 1.35816e-13 -16260.9 0 0 4.25529e-18 0 0 8.70558e-10 0 0 0 0 0 0 519041 519041 519041 519041 
0.1815 1.20418 -2.09582 1.75289e-05 -1.14122 -3.40418 655790 8.45826e+09 8.29204e-05 9.59136e-05 8.71246e-18 1.29979e-13 -16260.9 0 0 4.25922e-18 0 0 8.70556e-10 0 0 0 0 0 0 512849 512849 512849 512849 
0.182 1.20337 -2.09663 1.7553e-05 -1.14088 -3.40337 676565 8.10178e+09 8.29343e-05 9.57754e-05 8.98996e-18 1.24321e-13 -16260.9 0 0 4.26311e-18 0 0 8.70553e-10 0 0 0 0 0 0 506444 506444 506444 506444 
0.1825 1.20255 -2.09745 1.75763e-05 -1.14052 -3.40255 697997 7.75571e+09 8.29483e-05 9.56367e-05 9.2763e-18 1.18838e-13 -16260.9 0 0 4.26693e-18 0 0 8.70551e-10 0 0 0 0 0 0 499820 499820 499820 499820 
0.183 1.20174 -2.09826 1.7599e-05 -1.14015 -3.40174 720107 7.41974e+09 8.29623e-05 9.54974e-05 9.57176e-18 1.13525e-13 -16260.9 0 0 4.27071e-18 0 0 8.70549e-10 0 0 0 0 0 0 492969 492969 492969 492969 
0.1835 1.20093 -2.09907 1.76209e-05 -1.13976 -3.40093 742916 7.09358e+09 8.29765e-05 9.53574e-05 9.87663e-18 1.08375e-13 -16260.9 0 0 4.27443e-18 0 0 8.70547e-10 0 0 0 0 0 0 485884 485884 485884 485884 
0.184 1.20011 -2.09989 1.76423e-05 -1.13935 -3.40011 766447 6.77693e+09 8.29907e-05 9.52167e-05 1.01912e-17 1.03385e-13 -16260.9 0 0 4.27808e-18 0 0 8.70545e-10 0 0 0 0 0 0 478558 478558 478558 478558 
0.1845 1.1993 -2.1007 1.76629e-05 -1.13892 -3.3993 790722 6.46952e+09 8.3005e-05 9.50751e-05 1.05158e-17 9.85482e-14 -16260.9 0 0 4.28168e-18 0 0 8.70544e-10 0 0 0 0 0 0 470982 470982 470982 470982 
0.185 1.19849 -2.10151 1.7683e-05 -1.13846 -3.39849 815764 6.17106e+09 8.30194e-05 9.49325e-05 1.08507e-17 9.3861e-14 -16260.9 0 0 4.28522e-18 0 0 8.70542e-10 0 0 0 0 0 0 463149 463149 463149 463149 
0.1855 1.19767 -2.10233 1.77024e-05 -1.13799 -3.39767 841599 5.8813e+09 8.30339e-05 9.47889e-05 1.11963e-17 8.93184e-14 -16260.9 0 0 4.28869e-18 0 0 8.7054e-10 0 0 0 0 0 0 455050 455050 455050 455050 
0.186 1.19686 -2.10314 1.77213e-05 -1.13749 -3.39686 868250 5.59997e+09 8.30485e-05 9.46442e-05 1.15529e-17 8.4916e-14 -16260.9 0 0 4.29209e-18 0 0 8.70539e-10 0 0 0 0 0 0 446677 446677 446677 446677 
0.1865 1.19605 -2.10395 1.77396e-05 -1.13696 -3.39605 895744 5.32682e+09 8.30632e-05 9.44981e-05 1.19208e-17 8.06495e-14 -16260.9 0 0 4.29543e-18 0 0 8.70537e-10 0 0 0 0 0 0 438020 438020 438020 438020 
0.187 1.19523 -2.10477 1.77573e-05 -1.13641 -3.39523 924108 5.06161e+09 8.30779e-05 9.43507e-05 1.23005e-17 7.65146e-14 -16260.9 0 0 4.29869e-18 0 0 8.70536e-10 0 0 0 0 0 0 429071 429071 429071 429071 
0.1875 1.19442 -2.10558 1.77745e-05 -1.13582 -3.39442 953368 4.80411e+09 8.30928e-05 9.42016e-05 1.26922e-17 7.25073e-14 -16260.9 0 0 4.30188e-18 0 0 8.70534e-10 0 0 0 0 0 0 419819 419819 419819 419819 
0.188 1.19361 -2.10639 1.77912e-05 -1.13521 -3.39361 983553 4.55408e+09 8.31077e-05 9.40509e-05 1.30964e-17 6.86237e-14 -16260.9 0 0 4.305e-18 0 0 8.70533e-10 0 0 0 0 0 0 410256 410256 410256 410256 
0.1885 1.1928 -2.1072 1.78074e-05 -1.13456 -3.3928 1.01469e+06 4.3113e+09 8.31228e-05 9.38982e-05 1.35135e-17 6.48599e-14 -16260.9 0 0 4.30803e-18 0 0 8.70531e-10 0 0 0 0 0 0 400370 400370 400370 400370 
0.189 1.19198 -2.10802 1.78231e-05 -1.13386 -3.39198 1.04682e+06 4.07556e+09 8.31379e-05 9.37435e-05 1.39438e-17 6.12123e-14 -16260.9 0 0 4.31099e-18 0 0 8.7053e-10 0 0 0 0 0 0 390151 390151 390151 390151 
0.1895 1.19117 -2.10883 1.78383e-05 -1.13313 -3.39117 1.07996e+06 3.84663e+09 8.31531e-05 9.35864e-05 1.43879e-17 5.76772e-14 -16260.9 0 0 4.31386e-18 0 0 8.70529e-10 0 0 0 0 0 0 379589 379589 379589 379589 
0.19 1.19036 -2.10964 1.78531e-05 -1.13235 -3.39036 1.11414e+06 3.62433e+09 8.31684e-05 9.34267e-05 1.48461e-17 5.42511e-14 -16260.9 0 0 4.31665e-18 0 0 8.70528e-10 0 0 0 0 0 0 368672 368672 368672 368672 
0.1905 1.18954 -2.11046 1.78674e-05 -1.13153 -3.38954 1.14941e+06 3.40844e+09 8.31838e-05 9.32642e-05 1.53189e-17 5.09308e-14 -16260.9 0 0 4.31934e-18 0 0 8.70527e-10 0 0 0 0 0 0 357388 357388 357388 357388 
0.191 1.18873 -2.11127 1.78813e-05 -1.13064 -3.38873 1.18579e+06 3.19877e+09 8.31994e-05 9.30985e-05 1.58067e-17 4.7713e-14 -16260.9 0 0 4.32195e-18 0 0 8.70526e-10 0 0 0 0 0 0 345726 345726 345726 345726 
0.1915 1.18792 -2.11208 1.78947e-05 -1.1297 -3.38792 1.22332e+06 2.99514e+09 8.3215e-05 9.29293e-05 1.631e-17 4.45944e-14 -16260.9 0 0 4.32445e-18 0 0 8.70525e-10 0 0 0 0 0 0 333672 333672 333672 333672 
0.192 1.1871 -2.1129 1.79078e-05 -1.12869 -3.3871 1.26204e+06 2.79736e+09 8.32307e-05 9.27562e-05 1.68294e-17 4.15721e-14 -16260.9 0 0 4.32686e-18 0 0 8.70524e-10 0 0 0 0 0 0 321215 321215 321215 321215 
0.1925 1.18629 -2.11371 1.79204e-05 -1.12761 -3.38629 1.30198e+06 2.60525e+09 8.32465e-05 9.25786e-05 1.73653e-17 3.8643e-14 -16260.9 0 0 4.32917e-18 0 0 8.70523e-10 0 0 0 0 0 0 308339 308339 308339 308339 
0.193 1.18548 -2.11452 1.79327e-05 -1.12644 -3.38548 1.34318e+06 2.41864e+09 8.32624e-05 9.23961e-05 1.79183e-17 3.58044e-14 -16260.9 0 0 4.33137e-18 0 0 8.70522e-10 0 0 0 0 0 0 295032 295032 295032 295032 
0.1935 1.18467 -2.11533 1.79446e-05 -1.12517 -3.38467 1.38569e+06 2.23736e+09 8.32784e-05 9.22079e-05 1.84888e-17 3.30533e-14 -16260.9 0 0 4.33347e-18 0 0 8.70521e-10 0 0 0 0 0 0 281280 281280 281280 281280 
0.194 1.18385 -2.11615 1.79561e-05 -1.1238 -3.38385 1.42953e+06 2.06124e+09 8.32945e-05 9.20134e-05 1.90776e-17 3.03872e-14 -16260.9 0 0 4.33545e-18 0 0 8.7052e-10 0 0 0 0 0 0 267066 267066 267066 267066 
0.1945 1.18304 -2.11696 1.79673e-05 -1.1223 -3.38304 1.47477e+06 1.89013e+09 8.33107e-05 9.18115e-05 1.9685e-17 2.78034e-14 -16260.9 0 0 4.33731e-18 0 0 8.70518e-10 0 0 0 0 0 0 252377 252377 252377 252377 
0.195 1.18223 -2.11777 1.79782e-05 -1.12067 -3.38223 1.52143e+06 1.72385e+09 8.3327e-05 9.16012e-05 2.03118e-17 2.52995e-14 -16260.9 0 0 4.33906e-18 0 0 8.70517e-10 0 0 0 0 0 0 237195 237195 237195 237195 
0.1955 1.18141 -2.11859 1.79887e-05 -1.11886 -3.38141 1.56956e+06 1.56227e+09 8.33434e-05 9.1381e-05 2.09586e-17 2.28729e-14 -16260.9 0 0 4.34068e-18 0 0 8.70516e-10 0 0 0 0 0 0 221504 221504 221504 221504 
0.196 1.1806 -2.1194 1.79989e-05 -1.11685 -3.3806 1.61922e+06 1.40522e+09 8.33599e-05 9.11492e-05 2.16259e-17 2.05214e-14 -16260.9 0 0 4.34218e-18 0 0 8.70514e-10 0 0 0 0 0 0 205287 205287 205287 205287 
0.1965 1.17979 -2.12021 1.80088e-05 -1.11461 -3.37979 1.67044e+06 1.25256e+09 8.33765e-05 9.09036e-05 2.23145e-17 1.82427e-14 -16260.9 0 0 4.34354e-18 0 0 8.70513e-10 0 0 0 0 0 0 188526 188526 188526 188526 
0.197 1.17897 -2.12103 1.80183e-05 -1.11207 -3.37897 1.72329e+06 1.10414e+09 8.33932e-05 9.06413e-05 2.3025e-17 1.60347e-14 -16260.9 0 0 4.34476e-18 0 0 8.7051e-10 0 0 0 0 0 0 171202 171202 171202 171202 
0.1975 1.17816 -2.12184 1.80276e-05 -1.10916 -3.37816 1.7778e+06 9.59819e+08 8.341e-05 9.03581e-05 2.37581e-17 1.38953e-14 -16260.9 0 0 4.34585e-18 0 0 8.70507e-10 0 0 0 0 0 0 153297 153297 153297 153297 
0.198 1.17735 -2.12265 1.80366e-05 -1.10577 -3.37735 1.83403e+06 8.19458e+08 8.34269e-05 9.00487e-05 2.45145e-17 1.18226e-14 -16260.9 0 0 4.34636e-18 0 0 8.70505e-10 0 0 0 0 0 0 134792 134792 134792 134792 
0.198 1.17735 -2.12265 1.80366e-05 -1.10577 -3.37735 1.83403e+06 8.19458e+08 8.34269e-05 9.00487e-05 2.45145e-17 1.18226e-14 -16260.9 0 0 4.34714e-18 0 0 8.705e-10 0 0 0 0 0 0 134792 134792 134792 134792 
0.198409 1.17668 -2.12332 1.80438e-05 -1.10253 -3.37668 1.88139e+06 7.07292e+08 8.34408e-05 8.97699e-05 2.51518e-17 1.01728e-14 -16260.9 0 0 4.34745e-18 0 0 8.70496e-10 0 0 0 0 0 0 119164 119164 119164 119164 
0.198752 1.17613 -2.12387 1.80497e-05 -1.0994 -3.37613 1.92193e+06 6.15329e+08 8.34525e-05 8.95142e-05 2.56973e-17 8.82489e-15 -16260.9 0 0 4.34792e-18 0 0 8.70489e-10 0 0 0 0 0 0 105755 105755 105755 105755 
0.199038 1.17566 -2.12434 1.80545e-05 -1.09638 -3.37566 1.9565e+06 5.3966e+08 8.34624e-05 8.92801e-05 2.61626e-17 7.71944e-15 -16260.9 0 0 4.34825e-18 0 0 8.7048e-10 0 0 0 0 0 0 94295.8 94295.8 94295.8 94295.8 
0.199277 1.17527 -2.12473 1.80584e-05 -1.09351 -3.37527 1.98588e+06 4.77217e+08 8.34706e-05 8.90666e-05 2.65582e-17 6.80991e-15 -16260.9 0 0 4.34849e-18 0 0 8.7047e-10 0 0 0 0 0 0 84536.8 84536.8 84536.8 84536.8 
0.199478 1.17494 -2.12506 1.80617e-05 -1.09081 -3.37494 2.01079e+06 4.25562e+08 8.34775e-05 8.88727e-05 2.68936e-17 6.05956e-15 -16260.9 0 0 4.34867e-18 0 0 8.70457e-10 0 0 0 0 0 0 76249.3 76249.3 76249.3 76249.3 
0.199645 1.17467 -2.12533 1.80644e-05 -1.08827 -3.37467 2.03187e+06 3.82746e+08 8.34833e-05 8.86974e-05 2.71773e-17 5.43916e-15 -16260.9 0 0 4.34879e-18 0 0 8.70443e-10 0 0 0 0 0 0 69228.3 69228.3 69228.3 69228.3 
0.199785 1.17445 -2.12555 1.80666e-05 -1.08592 -3.37445 2.04966e+06 3.47199e+08 8.34882e-05 8.85398e-05 2.74169e-17 4.92524e-15 -16260.9 0 0 4.34888e-18 0 0 8.70427e-10 0 0 0 0 0 0 63292.5 63292.5 63292.5 63292.5 
0.199902 1.17425 -2.12575 1.80684e-05 -1.08376 -3.37425 2.06465e+06 3.17648e+08 8.34922e-05 8.83987e-05 2.76188e-17 4.49885e-15 -16260.9 0 0 4.34894e-18 0 0 8.70409e-10 0 0 0 0 0 0 58282.7 58282.7 58282.7 58282.7 
0.2 1.1741 -2.1259 1.807e-05 -1.08179 -3.3741 2.07728e+06 2.93054e+08 8.34956e-05 8.82731e-05 2.77888e-17 4.14464e-15 -16260.9 0 0 4.34897e-18 0 0 8.70401e-10 0 0 0 0 0 0 54060.5 54060.5 54060.5 54060.5 