# ASCII 1D datafile generated by TiberCAD
# x Ec Ev eQFermi hQFermi ElPotential eDensity hDensity eMobility hMobility eConductivity hConductivity ElField_x ElField_y ElField_z eCurrentDensity_x eCurrentDensity_y eCurrentDensity_z hCurrentDensity_x hCurrentDensity_y hCurrentDensity_z IonizedDonors IonizedAcceptors IonizedElectronTraps IonizedHoleTraps eNetRecombination eLangevinRecombination hNetRecombination hLangevinRecombination 
0 -0.725 -4.025 -1.91551 -3.3689 -1.475 1.107e+06 3.05919e+14 8.79135e-05 0.000322149 1.55924e-17 1.57897e-08 91564.8 0 0 8.11431e-12 0 0 0.00144656 0 0 0 0 0 0 7.17953e+10 7.17953e+10 7.17953e+10 7.17953e+10 
9.79066e-05 -0.724104 -4.0241 -1.91079 -3.36801 -1.4759 1.28171e+06 3.05914e+14 8.79911e-05 0.000322148 1.80693e-17 1.57894e-08 91565.6 0 0 8.1144e-12 0 0 0.00144656 0 0 0 0 0 0 8.31408e+10 8.31408e+10 8.31408e+10 8.31408e+10 
0.000214985 -0.723031 -4.02303 -1.90591 -3.36693 -1.47697 1.48266e+06 3.05909e+14 8.80705e-05 0.000322148 2.09211e-17 1.57891e-08 91567.5 0 0 8.11463e-12 0 0 0.00144656 0 0 0 0 0 0 9.6193e+10 9.6193e+10 9.6193e+10 9.6193e+10 
0.000354988 -0.721749 -4.02175 -1.90088 -3.36565 -1.47825 1.7121e+06 3.05902e+14 8.81513e-05 0.000322147 2.41808e-17 1.57887e-08 91569.7 0 0 8.1149e-12 0 0 0.00144656 0 0 0 0 0 0 1.11098e+11 1.11098e+11 1.11098e+11 1.11098e+11 
0.000522406 -0.720216 -4.02022 -1.89566 -3.36412 -1.47978 1.97176e+06 3.05895e+14 8.8233e-05 0.000322146 2.78738e-17 1.57883e-08 91572.3 0 0 8.11525e-12 0 0 0.00144656 0 0 0 0 0 0 1.27969e+11 1.27969e+11 1.27969e+11 1.27969e+11 
0.000722606 -0.718383 -4.01838 -1.89023 -3.36228 -1.48162 2.26254e+06 3.05885e+14 8.83149e-05 0.000322144 3.20141e-17 1.57877e-08 91575.5 0 0 8.11571e-12 0 0 0.00144656 0 0 0 0 0 0 1.46865e+11 1.46865e+11 1.46865e+11 1.46865e+11 
0.000962009 -0.716191 -4.01619 -1.88457 -3.36009 -1.48381 2.58409e+06 3.05874e+14 8.83962e-05 0.000322143 3.65976e-17 1.57871e-08 91579.3 0 0 8.11633e-12 0 0 0.00144656 0 0 0 0 0 0 1.67764e+11 1.67764e+11 1.67764e+11 1.67764e+11 
0.00124829 -0.713569 -4.01357 -1.87862 -3.35746 -1.48643 2.93439e+06 3.05861e+14 8.84762e-05 0.000322141 4.15963e-17 1.57863e-08 91583.8 0 0 8.11716e-12 0 0 0.00144656 0 0 0 0 0 0 1.90534e+11 1.90534e+11 1.90534e+11 1.90534e+11 
0.00159063 -0.710434 -4.01043 -1.87235 -3.35433 -1.48957 3.3092e+06 3.05845e+14 8.85538e-05 0.000322139 4.69507e-17 1.57854e-08 91589.2 0 0 8.11827e-12 0 0 0.00144656 0 0 0 0 0 0 2.14899e+11 2.14899e+11 2.14899e+11 2.14899e+11 
0.002 -0.706684 -4.00668 -1.86567 -3.35058 -1.49332 3.70176e+06 3.05826e+14 8.86277e-05 0.000322135 5.2564e-17 1.57842e-08 91592.4 0 0 8.11898e-12 0 0 0.00144656 0 0 0 0 0 0 2.40418e+11 2.40418e+11 2.40418e+11 2.40418e+11 
0.002 -0.706684 -4.00668 -1.86567 -3.35058 -1.49332 3.70176e+06 3.05826e+14 8.86285e-05 0.000322138 5.25645e-17 1.57843e-08 91599.6 0 0 8.12073e-12 0 0 0.00144656 0 0 0 0 0 0 2.4042e+11 2.4042e+11 2.4042e+11 2.4042e+11 
0.0025 -0.702104 -4.0021 -1.85835 -3.34599 -1.4979 4.11037e+06 3.05802e+14 8.86991e-05 0.000322133 5.84132e-17 1.57829e-08 91603.6 0 0 8.1218e-12 0 0 0.00144656 0 0 0 0 0 0 2.6698e+11 2.6698e+11 2.6698e+11 2.6698e+11 
0.003 -0.697524 -3.99752 -1.85168 -3.34141 -1.50248 4.45278e+06 3.05779e+14 8.87547e-05 0.00032213 6.3319e-17 1.57815e-08 91611.5 0 0 8.12402e-12 0 0 0.00144656 0 0 0 0 0 0 2.89236e+11 2.89236e+11 2.89236e+11 2.89236e+11 
0.0035 -0.692943 -3.99294 -1.84546 -3.33683 -1.50706 4.73976e+06 3.05756e+14 8.87988e-05 0.000322127 6.74333e-17 1.57802e-08 91619.4 0 0 8.12641e-12 0 0 0.00144656 0 0 0 0 0 0 3.07884e+11 3.07884e+11 3.07884e+11 3.07884e+11 
0.004 -0.688362 -3.98836 -1.83959 -3.33224 -1.51164 4.98032e+06 3.05732e+14 8.88344e-05 0.000322123 7.08842e-17 1.57788e-08 91627.3 0 0 8.12893e-12 0 0 0.00144656 0 0 0 0 0 0 3.23511e+11 3.23511e+11 3.23511e+11 3.23511e+11 
0.0045 -0.68378 -3.98378 -1.83397 -3.32766 -1.51622 5.18203e+06 3.05709e+14 8.88634e-05 0.00032212 7.37792e-17 1.57774e-08 91635.2 0 0 8.13157e-12 0 0 0.00144656 0 0 0 0 0 0 3.3661e+11 3.3661e+11 3.3661e+11 3.3661e+11 
0.005 -0.679198 -3.9792 -1.82854 -3.32308 -1.5208 5.35122e+06 3.05686e+14 8.88871e-05 0.000322117 7.62084e-17 1.57761e-08 91643.1 0 0 8.1343e-12 0 0 0.00144656 0 0 0 0 0 0 3.4759e+11 3.4759e+11 3.4759e+11 3.4759e+11 
0.0055 -0.674616 -3.97462 -1.82328 -3.31849 -1.52538 5.49318e+06 3.05662e+14 8.89068e-05 0.000322114 7.82474e-17 1.57747e-08 91651 0 0 8.13712e-12 0 0 0.00144656 0 0 0 0 0 0 3.56799e+11 3.56799e+11 3.56799e+11 3.56799e+11 
0.006 -0.670033 -3.97003 -1.81813 -3.31391 -1.52997 5.61235e+06 3.05639e+14 8.89231e-05 0.000322111 7.99596e-17 1.57734e-08 91658.9 0 0 8.14e-12 0 0 0.00144656 0 0 0 0 0 0 3.64523e+11 3.64523e+11 3.64523e+11 3.64523e+11 
0.0065 -0.66545 -3.96545 -1.81309 -3.30932 -1.53455 5.71244e+06 3.05616e+14 8.89368e-05 0.000322108 8.1398e-17 1.5772e-08 91666.8 0 0 8.14294e-12 0 0 0.00144656 0 0 0 0 0 0 3.71005e+11 3.71005e+11 3.71005e+11 3.71005e+11 
0.007 -0.660866 -3.96087 -1.80812 -3.30473 -1.53913 5.79655e+06 3.05592e+14 8.89482e-05 0.000322104 8.26071e-17 1.57706e-08 91674.7 0 0 8.14592e-12 0 0 0.00144656 0 0 0 0 0 0 3.76446e+11 3.76446e+11 3.76446e+11 3.76446e+11 
0.0075 -0.656282 -3.95628 -1.80322 -3.30015 -1.54372 5.86727e+06 3.05569e+14 8.89579e-05 0.000322101 8.36242e-17 1.57693e-08 91682.6 0 0 8.14895e-12 0 0 0.00144656 0 0 0 0 0 0 3.81017e+11 3.81017e+11 3.81017e+11 3.81017e+11 
0.008 -0.651698 -3.9517 -1.79837 -3.29556 -1.5483 5.9268e+06 3.05546e+14 8.89662e-05 0.000322098 8.44804e-17 1.57679e-08 91690.5 0 0 8.15201e-12 0 0 0.00144656 0 0 0 0 0 0 3.84858e+11 3.84858e+11 3.84858e+11 3.84858e+11 
0.0085 -0.647113 -3.94711 -1.79356 -3.29097 -1.55289 5.97695e+06 3.05523e+14 8.89732e-05 0.000322095 8.5202e-17 1.57666e-08 91698.4 0 0 8.1551e-12 0 0 0.00144656 0 0 0 0 0 0 3.88088e+11 3.88088e+11 3.88088e+11 3.88088e+11 
0.009 -0.642528 -3.94253 -1.7888 -3.28639 -1.55747 6.01924e+06 3.05499e+14 8.89792e-05 0.000322092 8.58107e-17 1.57652e-08 91706.3 0 0 8.15821e-12 0 0 0.00144656 0 0 0 0 0 0 3.90807e+11 3.90807e+11 3.90807e+11 3.90807e+11 
0.0095 -0.637943 -3.93794 -1.78405 -3.2818 -1.56206 6.05496e+06 3.05476e+14 8.89845e-05 0.000322089 8.63249e-17 1.57639e-08 91714.2 0 0 8.16134e-12 0 0 0.00144656 0 0 0 0 0 0 3.93098e+11 3.93098e+11 3.93098e+11 3.93098e+11 
0.01 -0.633357 -3.93336 -1.77934 -3.27721 -1.56664 6.08517e+06 3.05453e+14 8.8989e-05 0.000322085 8.676e-17 1.57625e-08 91722.1 0 0 8.16449e-12 0 0 0.00144656 0 0 0 0 0 0 3.9503e+11 3.9503e+11 3.9503e+11 3.9503e+11 
0.0105 -0.628771 -3.92877 -1.77464 -3.27262 -1.57123 6.11077e+06 3.05429e+14 8.89929e-05 0.000322082 8.71288e-17 1.57612e-08 91730 0 0 8.16765e-12 0 0 0.00144656 0 0 0 0 0 0 3.96663e+11 3.96663e+11 3.96663e+11 3.96663e+11 
0.011 -0.624184 -3.92418 -1.76996 -3.26803 -1.57582 6.1325e+06 3.05406e+14 8.89964e-05 0.000322079 8.74422e-17 1.57598e-08 91737.9 0 0 8.17083e-12 0 0 0.00144656 0 0 0 0 0 0 3.98044e+11 3.98044e+11 3.98044e+11 3.98044e+11 
0.0115 -0.619597 -3.9196 -1.7653 -3.26344 -1.5804 6.151e+06 3.05383e+14 8.89995e-05 0.000322076 8.7709e-17 1.57584e-08 91745.8 0 0 8.17401e-12 0 0 0.00144656 0 0 0 0 0 0 3.99214e+11 3.99214e+11 3.99214e+11 3.99214e+11 
0.012 -0.615009 -3.91501 -1.76064 -3.25885 -1.58499 6.1668e+06 3.0536e+14 8.90023e-05 0.000322073 8.7937e-17 1.57571e-08 91753.7 0 0 8.17721e-12 0 0 0.00144656 0 0 0 0 0 0 4.00208e+11 4.00208e+11 4.00208e+11 4.00208e+11 
0.0125 -0.610421 -3.91042 -1.756 -3.25426 -1.58958 6.18032e+06 3.05336e+14 8.90048e-05 0.00032207 8.81323e-17 1.57557e-08 91761.6 0 0 8.18041e-12 0 0 0.00144656 0 0 0 0 0 0 4.01055e+11 4.01055e+11 4.01055e+11 4.01055e+11 
0.013 -0.605833 -3.90583 -1.75136 -3.24967 -1.59417 6.19195e+06 3.05313e+14 8.9007e-05 0.000322067 8.83004e-17 1.57544e-08 91769.5 0 0 8.18361e-12 0 0 0.00144656 0 0 0 0 0 0 4.01778e+11 4.01778e+11 4.01778e+11 4.01778e+11 
0.0135 -0.601244 -3.90124 -1.74673 -3.24508 -1.59876 6.20199e+06 3.0529e+14 8.90091e-05 0.000322063 8.84456e-17 1.5753e-08 91777.4 0 0 8.18683e-12 0 0 0.00144656 0 0 0 0 0 0 4.02398e+11 4.02398e+11 4.02398e+11 4.02398e+11 
0.014 -0.596655 -3.89666 -1.7421 -3.24049 -1.60334 6.2107e+06 3.05267e+14 8.9011e-05 0.00032206 8.85717e-17 1.57517e-08 91785.2 0 0 8.19004e-12 0 0 0.00144656 0 0 0 0 0 0 4.02931e+11 4.02931e+11 4.02931e+11 4.02931e+11 
0.0145 -0.592066 -3.89207 -1.73748 -3.2359 -1.60793 6.21829e+06 3.05244e+14 8.90128e-05 0.000322057 8.86818e-17 1.57503e-08 91793.1 0 0 8.19326e-12 0 0 0.00144656 0 0 0 0 0 0 4.03392e+11 4.03392e+11 4.03392e+11 4.03392e+11 
0.015 -0.587476 -3.88748 -1.73286 -3.2313 -1.61252 6.22495e+06 3.0522e+14 8.90144e-05 0.000322054 8.87784e-17 1.5749e-08 91801 0 0 8.19649e-12 0 0 0.00144656 0 0 0 0 0 0 4.03792e+11 4.03792e+11 4.03792e+11 4.03792e+11 
0.0155 -0.582886 -3.88289 -1.72825 -3.22671 -1.61711 6.23083e+06 3.05197e+14 8.9016e-05 0.000322051 8.88638e-17 1.57476e-08 91808.9 0 0 8.19972e-12 0 0 0.00144656 0 0 0 0 0 0 4.04141e+11 4.04141e+11 4.04141e+11 4.04141e+11 
0.016 -0.578295 -3.8783 -1.72364 -3.22212 -1.6217 6.23606e+06 3.05174e+14 8.90175e-05 0.000322048 8.89398e-17 1.57463e-08 91816.8 0 0 8.20295e-12 0 0 0.00144656 0 0 0 0 0 0 4.04447e+11 4.04447e+11 4.04447e+11 4.04447e+11 
0.0165 -0.573704 -3.8737 -1.71903 -3.21752 -1.6263 6.24074e+06 3.05151e+14 8.90189e-05 0.000322045 8.9008e-17 1.57449e-08 91824.7 0 0 8.20618e-12 0 0 0.00144656 0 0 0 0 0 0 4.04718e+11 4.04718e+11 4.04718e+11 4.04718e+11 
0.017 -0.569113 -3.86911 -1.71442 -3.21293 -1.63089 6.24495e+06 3.05128e+14 8.90203e-05 0.000322041 8.90695e-17 1.57436e-08 91832.6 0 0 8.20941e-12 0 0 0.00144656 0 0 0 0 0 0 4.04959e+11 4.04959e+11 4.04959e+11 4.04959e+11 
0.0175 -0.564521 -3.86452 -1.70981 -3.20834 -1.63548 6.24879e+06 3.05104e+14 8.90216e-05 0.000322038 8.91255e-17 1.57422e-08 91840.5 0 0 8.21265e-12 0 0 0.00144656 0 0 0 0 0 0 4.05175e+11 4.05175e+11 4.05175e+11 4.05175e+11 
0.018 -0.559929 -3.85993 -1.7052 -3.20374 -1.64007 6.2523e+06 3.05081e+14 8.90229e-05 0.000322035 8.91769e-17 1.57409e-08 91848.4 0 0 8.21589e-12 0 0 0.00144656 0 0 0 0 0 0 4.0537e+11 4.0537e+11 4.0537e+11 4.0537e+11 
0.0185 -0.555336 -3.85534 -1.7006 -3.19915 -1.64466 6.25554e+06 3.05058e+14 8.90242e-05 0.000322032 8.92245e-17 1.57395e-08 91856.2 0 0 8.21913e-12 0 0 0.00144656 0 0 0 0 0 0 4.05548e+11 4.05548e+11 4.05548e+11 4.05548e+11 
0.019 -0.550743 -3.85074 -1.69599 -3.19455 -1.64926 6.25856e+06 3.05035e+14 8.90254e-05 0.000322029 8.92688e-17 1.57382e-08 91864.1 0 0 8.22237e-12 0 0 0.00144656 0 0 0 0 0 0 4.05711e+11 4.05711e+11 4.05711e+11 4.05711e+11 
0.0195 -0.54615 -3.84615 -1.69138 -3.18995 -1.65385 6.26139e+06 3.05012e+14 8.90266e-05 0.000322026 8.93103e-17 1.57368e-08 91872 0 0 8.22561e-12 0 0 0.00144656 0 0 0 0 0 0 4.05862e+11 4.05862e+11 4.05862e+11 4.05862e+11 
0.02 -0.541556 -3.84156 -1.68678 -3.18536 -1.65844 6.26407e+06 3.04988e+14 8.90278e-05 0.000322023 8.93497e-17 1.57355e-08 91879.9 0 0 8.22885e-12 0 0 0.00144656 0 0 0 0 0 0 4.06002e+11 4.06002e+11 4.06002e+11 4.06002e+11 
0.0205 -0.536962 -3.83696 -1.68217 -3.18076 -1.66304 6.26661e+06 3.04965e+14 8.9029e-05 0.000322019 8.93871e-17 1.57341e-08 91887.8 0 0 8.23209e-12 0 0 0.00144656 0 0 0 0 0 0 4.06134e+11 4.06134e+11 4.06134e+11 4.06134e+11 
0.021 -0.532367 -3.83237 -1.67757 -3.17616 -1.66763 6.26904e+06 3.04942e+14 8.90302e-05 0.000322016 8.94229e-17 1.57328e-08 91895.7 0 0 8.23534e-12 0 0 0.00144656 0 0 0 0 0 0 4.06259e+11 4.06259e+11 4.06259e+11 4.06259e+11 
0.0215 -0.527772 -3.82777 -1.67297 -3.17157 -1.67223 6.27137e+06 3.04919e+14 8.90313e-05 0.000322013 8.94574e-17 1.57314e-08 91903.5 0 0 8.23859e-12 0 0 0.00144656 0 0 0 0 0 0 4.06377e+11 4.06377e+11 4.06377e+11 4.06377e+11 
0.022 -0.523177 -3.82318 -1.66836 -3.16697 -1.67682 6.27363e+06 3.04896e+14 8.90325e-05 0.00032201 8.94908e-17 1.57301e-08 91911.4 0 0 8.24183e-12 0 0 0.00144656 0 0 0 0 0 0 4.06491e+11 4.06491e+11 4.06491e+11 4.06491e+11 
0.0225 -0.518581 -3.81858 -1.66376 -3.16237 -1.68142 6.27583e+06 3.04873e+14 8.90336e-05 0.000322007 8.95232e-17 1.57287e-08 91919.3 0 0 8.24508e-12 0 0 0.00144656 0 0 0 0 0 0 4.066e+11 4.066e+11 4.066e+11 4.066e+11 
0.023 -0.513985 -3.81398 -1.65915 -3.15777 -1.68602 6.27797e+06 3.0485e+14 8.90347e-05 0.000322004 8.95549e-17 1.57274e-08 91927.2 0 0 8.24833e-12 0 0 0.00144656 0 0 0 0 0 0 4.06706e+11 4.06706e+11 4.06706e+11 4.06706e+11 
0.0235 -0.509388 -3.80939 -1.65455 -3.15317 -1.69061 6.28006e+06 3.04826e+14 8.90359e-05 0.000322001 8.95859e-17 1.57261e-08 91935.1 0 0 8.25158e-12 0 0 0.00144656 0 0 0 0 0 0 4.06809e+11 4.06809e+11 4.06809e+11 4.06809e+11 
0.024 -0.504791 -3.80479 -1.64994 -3.14857 -1.69521 6.28212e+06 3.04803e+14 8.9037e-05 0.000321997 8.96164e-17 1.57247e-08 91943 0 0 8.25483e-12 0 0 0.00144656 0 0 0 0 0 0 4.0691e+11 4.0691e+11 4.0691e+11 4.0691e+11 
0.0245 -0.500194 -3.80019 -1.64533 -3.14397 -1.69981 6.28415e+06 3.0478e+14 8.90381e-05 0.000321994 8.96464e-17 1.57234e-08 91950.8 0 0 8.25808e-12 0 0 0.00144656 0 0 0 0 0 0 4.07008e+11 4.07008e+11 4.07008e+11 4.07008e+11 
0.025 -0.495596 -3.7956 -1.64073 -3.13937 -1.7044 6.28615e+06 3.04757e+14 8.90392e-05 0.000321991 8.96761e-17 1.5722e-08 91958.7 0 0 8.26133e-12 0 0 0.00144656 0 0 0 0 0 0 4.07105e+11 4.07105e+11 4.07105e+11 4.07105e+11 
0.0255 -0.490998 -3.791 -1.63612 -3.13477 -1.709 6.28812e+06 3.04734e+14 8.90403e-05 0.000321988 8.97054e-17 1.57207e-08 91966.6 0 0 8.26459e-12 0 0 0.00144656 0 0 0 0 0 0 4.072e+11 4.072e+11 4.072e+11 4.072e+11 
0.026 -0.4864 -3.7864 -1.63151 -3.13017 -1.7136 6.29008e+06 3.04711e+14 8.90414e-05 0.000321985 8.97344e-17 1.57193e-08 91974.5 0 0 8.26784e-12 0 0 0.00144656 0 0 0 0 0 0 4.07294e+11 4.07294e+11 4.07294e+11 4.07294e+11 
0.0265 -0.481801 -3.7818 -1.62691 -3.12557 -1.7182 6.29203e+06 3.04688e+14 8.90425e-05 0.000321982 8.97633e-17 1.5718e-08 91982.3 0 0 8.27109e-12 0 0 0.00144656 0 0 0 0 0 0 4.07387e+11 4.07387e+11 4.07387e+11 4.07387e+11 
0.027 -0.477201 -3.7772 -1.6223 -3.12097 -1.7228 6.29396e+06 3.04665e+14 8.90436e-05 0.000321979 8.97919e-17 1.57166e-08 91990.2 0 0 8.27435e-12 0 0 0.00144656 0 0 0 0 0 0 4.07479e+11 4.07479e+11 4.07479e+11 4.07479e+11 
0.0275 -0.472602 -3.7726 -1.61769 -3.11637 -1.7274 6.29588e+06 3.04642e+14 8.90447e-05 0.000321976 8.98204e-17 1.57153e-08 91998.1 0 0 8.2776e-12 0 0 0.00144656 0 0 0 0 0 0 4.0757e+11 4.0757e+11 4.0757e+11 4.0757e+11 
0.028 -0.468002 -3.768 -1.61308 -3.11176 -1.732 6.29779e+06 3.04619e+14 8.90458e-05 0.000321972 8.98488e-17 1.5714e-08 92006 0 0 8.28086e-12 0 0 0.00144656 0 0 0 0 0 0 4.07661e+11 4.07661e+11 4.07661e+11 4.07661e+11 
0.0285 -0.463401 -3.7634 -1.60848 -3.10716 -1.7366 6.29969e+06 3.04595e+14 8.90469e-05 0.000321969 8.98771e-17 1.57126e-08 92013.8 0 0 8.28412e-12 0 0 0.00144656 0 0 0 0 0 0 4.07751e+11 4.07751e+11 4.07751e+11 4.07751e+11 
0.029 -0.4588 -3.7588 -1.60387 -3.10256 -1.7412 6.30159e+06 3.04572e+14 8.9048e-05 0.000321966 8.99052e-17 1.57113e-08 92021.7 0 0 8.28737e-12 0 0 0.00144656 0 0 0 0 0 0 4.07841e+11 4.07841e+11 4.07841e+11 4.07841e+11 
0.0295 -0.454199 -3.7542 -1.59926 -3.09795 -1.7458 6.30348e+06 3.04549e+14 8.90491e-05 0.000321963 8.99333e-17 1.57099e-08 92029.6 0 0 8.29063e-12 0 0 0.00144656 0 0 0 0 0 0 4.07931e+11 4.07931e+11 4.07931e+11 4.07931e+11 
0.03 -0.449597 -3.7496 -1.59465 -3.09335 -1.7504 6.30537e+06 3.04526e+14 8.90502e-05 0.00032196 8.99614e-17 1.57086e-08 92037.5 0 0 8.29389e-12 0 0 0.00144656 0 0 0 0 0 0 4.0802e+11 4.0802e+11 4.0802e+11 4.0802e+11 
0.0305 -0.444995 -3.745 -1.59004 -3.08875 -1.755 6.30725e+06 3.04503e+14 8.90513e-05 0.000321957 8.99893e-17 1.57072e-08 92045.3 0 0 8.29715e-12 0 0 0.00144656 0 0 0 0 0 0 4.08109e+11 4.08109e+11 4.08109e+11 4.08109e+11 
0.031 -0.440393 -3.74039 -1.58543 -3.08414 -1.75961 6.30913e+06 3.0448e+14 8.90524e-05 0.000321954 9.00173e-17 1.57059e-08 92053.2 0 0 8.30041e-12 0 0 0.00144656 0 0 0 0 0 0 4.08198e+11 4.08198e+11 4.08198e+11 4.08198e+11 
0.0315 -0.43579 -3.73579 -1.58082 -3.07954 -1.76421 6.31101e+06 3.04457e+14 8.90535e-05 0.000321951 9.00452e-17 1.57046e-08 92061.1 0 0 8.30367e-12 0 0 0.00144656 0 0 0 0 0 0 4.08286e+11 4.08286e+11 4.08286e+11 4.08286e+11 
0.032 -0.431187 -3.73119 -1.57621 -3.07493 -1.76881 6.31288e+06 3.04434e+14 8.90546e-05 0.000321948 9.00731e-17 1.57032e-08 92068.9 0 0 8.30694e-12 0 0 0.00144656 0 0 0 0 0 0 4.08375e+11 4.08375e+11 4.08375e+11 4.08375e+11 
0.0325 -0.426583 -3.72658 -1.5716 -3.07032 -1.77342 6.31476e+06 3.04411e+14 8.90557e-05 0.000321944 9.01009e-17 1.57019e-08 92076.8 0 0 8.3102e-12 0 0 0.00144656 0 0 0 0 0 0 4.08463e+11 4.08463e+11 4.08463e+11 4.08463e+11 
0.033 -0.421979 -3.72198 -1.56698 -3.06572 -1.77802 6.31663e+06 3.04388e+14 8.90568e-05 0.000321941 9.01288e-17 1.57005e-08 92084.7 0 0 8.31346e-12 0 0 0.00144656 0 0 0 0 0 0 4.08551e+11 4.08551e+11 4.08551e+11 4.08551e+11 
0.0335 -0.417374 -3.71737 -1.56237 -3.06111 -1.78263 6.3185e+06 3.04365e+14 8.90579e-05 0.000321938 9.01566e-17 1.56992e-08 92092.5 0 0 8.31673e-12 0 0 0.00144656 0 0 0 0 0 0 4.08639e+11 4.08639e+11 4.08639e+11 4.08639e+11 
0.034 -0.41277 -3.71277 -1.55776 -3.0565 -1.78723 6.32038e+06 3.04342e+14 8.9059e-05 0.000321935 9.01844e-17 1.56979e-08 92100.4 0 0 8.31999e-12 0 0 0.00144656 0 0 0 0 0 0 4.08727e+11 4.08727e+11 4.08727e+11 4.08727e+11 
0.0345 -0.408164 -3.70816 -1.55315 -3.05189 -1.79184 6.32225e+06 3.04319e+14 8.90601e-05 0.000321932 9.02122e-17 1.56965e-08 92108.3 0 0 8.32326e-12 0 0 0.00144656 0 0 0 0 0 0 4.08815e+11 4.08815e+11 4.08815e+11 4.08815e+11 
0.035 -0.403559 -3.70356 -1.54853 -3.04729 -1.79644 6.32412e+06 3.04296e+14 8.90612e-05 0.000321929 9.024e-17 1.56952e-08 92116.1 0 0 8.32652e-12 0 0 0.00144656 0 0 0 0 0 0 4.08903e+11 4.08903e+11 4.08903e+11 4.08903e+11 
0.0355 -0.398953 -3.69895 -1.54392 -3.04268 -1.80105 6.32599e+06 3.04273e+14 8.90623e-05 0.000321926 9.02678e-17 1.56938e-08 92124 0 0 8.32979e-12 0 0 0.00144656 0 0 0 0 0 0 4.08991e+11 4.08991e+11 4.08991e+11 4.08991e+11 
0.036 -0.394346 -3.69435 -1.5393 -3.03807 -1.80565 6.32785e+06 3.0425e+14 8.90634e-05 0.000321923 9.02956e-17 1.56925e-08 92131.9 0 0 8.33306e-12 0 0 0.00144656 0 0 0 0 0 0 4.09079e+11 4.09079e+11 4.09079e+11 4.09079e+11 
0.0365 -0.38974 -3.68974 -1.53469 -3.03346 -1.81026 6.32972e+06 3.04227e+14 8.90645e-05 0.00032192 9.03233e-17 1.56912e-08 92139.7 0 0 8.33633e-12 0 0 0.00144656 0 0 0 0 0 0 4.09167e+11 4.09167e+11 4.09167e+11 4.09167e+11 
0.037 -0.385132 -3.68513 -1.53008 -3.02885 -1.81487 6.33159e+06 3.04204e+14 8.90656e-05 0.000321916 9.03511e-17 1.56898e-08 92147.6 0 0 8.3396e-12 0 0 0.00144656 0 0 0 0 0 0 4.09255e+11 4.09255e+11 4.09255e+11 4.09255e+11 
0.0375 -0.380525 -3.68052 -1.52546 -3.02424 -1.81948 6.33346e+06 3.04181e+14 8.90667e-05 0.000321913 9.03789e-17 1.56885e-08 92155.5 0 0 8.34287e-12 0 0 0.00144656 0 0 0 0 0 0 4.09343e+11 4.09343e+11 4.09343e+11 4.09343e+11 
0.038 -0.375917 -3.67592 -1.52084 -3.01963 -1.82408 6.33533e+06 3.04158e+14 8.90678e-05 0.00032191 9.04067e-17 1.56872e-08 92163.3 0 0 8.34614e-12 0 0 0.00144656 0 0 0 0 0 0 4.09431e+11 4.09431e+11 4.09431e+11 4.09431e+11 
0.0385 -0.371308 -3.67131 -1.51623 -3.01502 -1.82869 6.3372e+06 3.04135e+14 8.90689e-05 0.000321907 9.04345e-17 1.56858e-08 92171.2 0 0 8.34941e-12 0 0 0.00144656 0 0 0 0 0 0 4.09519e+11 4.09519e+11 4.09519e+11 4.09519e+11 
0.039 -0.3667 -3.6667 -1.51161 -3.01041 -1.8333 6.33907e+06 3.04112e+14 8.907e-05 0.000321904 9.04622e-17 1.56845e-08 92179.1 0 0 8.35268e-12 0 0 0.00144656 0 0 0 0 0 0 4.09606e+11 4.09606e+11 4.09606e+11 4.09606e+11 
0.0395 -0.362091 -3.66209 -1.50699 -3.0058 -1.83791 6.34094e+06 3.04089e+14 8.9071e-05 0.000321901 9.049e-17 1.56832e-08 92186.9 0 0 8.35595e-12 0 0 0.00144656 0 0 0 0 0 0 4.09694e+11 4.09694e+11 4.09694e+11 4.09694e+11 
0.04 -0.357481 -3.65748 -1.50238 -3.00118 -1.84252 6.3428e+06 3.04066e+14 8.90721e-05 0.000321898 9.05178e-17 1.56818e-08 92194.8 0 0 8.35923e-12 0 0 0.00144656 0 0 0 0 0 0 4.09782e+11 4.09782e+11 4.09782e+11 4.09782e+11 
0.0405 -0.352871 -3.65287 -1.49776 -2.99657 -1.84713 6.34467e+06 3.04043e+14 8.90732e-05 0.000321895 9.05456e-17 1.56805e-08 92202.6 0 0 8.3625e-12 0 0 0.00144656 0 0 0 0 0 0 4.0987e+11 4.0987e+11 4.0987e+11 4.0987e+11 
0.041 -0.348261 -3.64826 -1.49314 -2.99196 -1.85174 6.34654e+06 3.0402e+14 8.90743e-05 0.000321892 9.05734e-17 1.56791e-08 92210.5 0 0 8.36577e-12 0 0 0.00144656 0 0 0 0 0 0 4.09958e+11 4.09958e+11 4.09958e+11 4.09958e+11 
0.0415 -0.34365 -3.64365 -1.48852 -2.98735 -1.85635 6.34841e+06 3.03997e+14 8.90754e-05 0.000321889 9.06011e-17 1.56778e-08 92218.4 0 0 8.36905e-12 0 0 0.00144656 0 0 0 0 0 0 4.10045e+11 4.10045e+11 4.10045e+11 4.10045e+11 
0.042 -0.339039 -3.63904 -1.4839 -2.98273 -1.86096 6.35028e+06 3.03974e+14 8.90765e-05 0.000321885 9.06289e-17 1.56765e-08 92226.2 0 0 8.37233e-12 0 0 0.00144656 0 0 0 0 0 0 4.10133e+11 4.10133e+11 4.10133e+11 4.10133e+11 
0.0425 -0.334427 -3.63443 -1.47929 -2.97812 -1.86557 6.35215e+06 3.03951e+14 8.90776e-05 0.000321882 9.06567e-17 1.56751e-08 92234.1 0 0 8.3756e-12 0 0 0.00144656 0 0 0 0 0 0 4.10221e+11 4.10221e+11 4.10221e+11 4.10221e+11 
0.043 -0.329816 -3.62982 -1.47467 -2.9735 -1.87018 6.35402e+06 3.03928e+14 8.90787e-05 0.000321879 9.06845e-17 1.56738e-08 92241.9 0 0 8.37888e-12 0 0 0.00144656 0 0 0 0 0 0 4.10309e+11 4.10309e+11 4.10309e+11 4.10309e+11 
0.0435 -0.325203 -3.6252 -1.47005 -2.96889 -1.8748 6.35589e+06 3.03905e+14 8.90798e-05 0.000321876 9.07123e-17 1.56725e-08 92249.8 0 0 8.38216e-12 0 0 0.00144656 0 0 0 0 0 0 4.10396e+11 4.10396e+11 4.10396e+11 4.10396e+11 
0.044 -0.320591 -3.62059 -1.46543 -2.96427 -1.87941 6.35776e+06 3.03883e+14 8.90809e-05 0.000321873 9.07401e-17 1.56711e-08 92257.6 0 0 8.38544e-12 0 0 0.00144656 0 0 0 0 0 0 4.10484e+11 4.10484e+11 4.10484e+11 4.10484e+11 
0.0445 -0.315977 -3.61598 -1.4608 -2.95966 -1.88402 6.35963e+06 3.0386e+14 8.9082e-05 0.00032187 9.07679e-17 1.56698e-08 92265.5 0 0 8.38872e-12 0 0 0.00144656 0 0 0 0 0 0 4.10572e+11 4.10572e+11 4.10572e+11 4.10572e+11 
0.045 -0.311364 -3.61136 -1.45618 -2.95504 -1.88864 6.3615e+06 3.03837e+14 8.90831e-05 0.000321867 9.07957e-17 1.56685e-08 92273.4 0 0 8.392e-12 0 0 0.00144656 0 0 0 0 0 0 4.1066e+11 4.1066e+11 4.1066e+11 4.1066e+11 
0.0455 -0.30675 -3.60675 -1.45156 -2.95043 -1.89325 6.36337e+06 3.03814e+14 8.90842e-05 0.000321864 9.08236e-17 1.56671e-08 92281.2 0 0 8.39528e-12 0 0 0.00144656 0 0 0 0 0 0 4.10748e+11 4.10748e+11 4.10748e+11 4.10748e+11 
0.046 -0.302136 -3.60214 -1.44694 -2.94581 -1.89786 6.36524e+06 3.03791e+14 8.90853e-05 0.000321861 9.08514e-17 1.56658e-08 92289.1 0 0 8.39856e-12 0 0 0.00144656 0 0 0 0 0 0 4.10835e+11 4.10835e+11 4.10835e+11 4.10835e+11 
0.0465 -0.297521 -3.59752 -1.44232 -2.94119 -1.90248 6.36711e+06 3.03768e+14 8.90864e-05 0.000321858 9.08792e-17 1.56645e-08 92296.9 0 0 8.40184e-12 0 0 0.00144656 0 0 0 0 0 0 4.10923e+11 4.10923e+11 4.10923e+11 4.10923e+11 
0.047 -0.292906 -3.59291 -1.4377 -2.93657 -1.90709 6.36898e+06 3.03745e+14 8.90875e-05 0.000321855 9.0907e-17 1.56632e-08 92304.8 0 0 8.40513e-12 0 0 0.00144656 0 0 0 0 0 0 4.11011e+11 4.11011e+11 4.11011e+11 4.11011e+11 
0.0475 -0.288291 -3.58829 -1.43307 -2.93196 -1.91171 6.37085e+06 3.03722e+14 8.90886e-05 0.000321852 9.09348e-17 1.56618e-08 92312.6 0 0 8.40841e-12 0 0 0.00144656 0 0 0 0 0 0 4.11099e+11 4.11099e+11 4.11099e+11 4.11099e+11 
0.048 -0.283675 -3.58367 -1.42845 -2.92734 -1.91633 6.37272e+06 3.03699e+14 8.90897e-05 0.000321848 9.09627e-17 1.56605e-08 92320.5 0 0 8.4117e-12 0 0 0.00144656 0 0 0 0 0 0 4.11186e+11 4.11186e+11 4.11186e+11 4.11186e+11 
0.0485 -0.279059 -3.57906 -1.42382 -2.92272 -1.92094 6.37459e+06 3.03676e+14 8.90908e-05 0.000321845 9.09905e-17 1.56592e-08 92328.3 0 0 8.41498e-12 0 0 0.00144656 0 0 0 0 0 0 4.11274e+11 4.11274e+11 4.11274e+11 4.11274e+11 
0.049 -0.274442 -3.57444 -1.4192 -2.9181 -1.92556 6.37647e+06 3.03654e+14 8.90919e-05 0.000321842 9.10183e-17 1.56578e-08 92336.2 0 0 8.41827e-12 0 0 0.00144656 0 0 0 0 0 0 4.11362e+11 4.11362e+11 4.11362e+11 4.11362e+11 
0.0495 -0.269825 -3.56983 -1.41458 -2.91348 -1.93017 6.37834e+06 3.03631e+14 8.9093e-05 0.000321839 9.10462e-17 1.56565e-08 92344 0 0 8.42155e-12 0 0 0.00144656 0 0 0 0 0 0 4.1145e+11 4.1145e+11 4.1145e+11 4.1145e+11 
0.05 -0.265208 -3.56521 -1.40995 -2.90886 -1.93479 6.38021e+06 3.03608e+14 8.90941e-05 0.000321836 9.1074e-17 1.56552e-08 92351.9 0 0 8.42484e-12 0 0 0.00144656 0 0 0 0 0 0 4.11538e+11 4.11538e+11 4.11538e+11 4.11538e+11 
0.0505 -0.26059 -3.56059 -1.40532 -2.90424 -1.93941 6.38208e+06 3.03585e+14 8.90951e-05 0.000321833 9.11018e-17 1.56539e-08 92359.7 0 0 8.42813e-12 0 0 0.00144656 0 0 0 0 0 0 4.11625e+11 4.11625e+11 4.11625e+11 4.11625e+11 
0.051 -0.255972 -3.55597 -1.4007 -2.89962 -1.94403 6.38395e+06 3.03562e+14 8.90962e-05 0.00032183 9.11297e-17 1.56525e-08 92367.6 0 0 8.43142e-12 0 0 0.00144656 0 0 0 0 0 0 4.11713e+11 4.11713e+11 4.11713e+11 4.11713e+11 
0.0515 -0.251353 -3.55135 -1.39607 -2.895 -1.94865 6.38583e+06 3.03539e+14 8.90973e-05 0.000321827 9.11575e-17 1.56512e-08 92375.4 0 0 8.43471e-12 0 0 0.00144656 0 0 0 0 0 0 4.11801e+11 4.11801e+11 4.11801e+11 4.11801e+11 
0.052 -0.246734 -3.54673 -1.39145 -2.89038 -1.95327 6.3877e+06 3.03516e+14 8.90984e-05 0.000321824 9.11854e-17 1.56499e-08 92383.3 0 0 8.438e-12 0 0 0.00144656 0 0 0 0 0 0 4.11889e+11 4.11889e+11 4.11889e+11 4.11889e+11 
0.0525 -0.242115 -3.54211 -1.38682 -2.88576 -1.95789 6.38957e+06 3.03494e+14 8.90995e-05 0.000321821 9.12133e-17 1.56485e-08 92391.1 0 0 8.44129e-12 0 0 0.00144656 0 0 0 0 0 0 4.11976e+11 4.11976e+11 4.11976e+11 4.11976e+11 
0.053 -0.237495 -3.5375 -1.38219 -2.88113 -1.9625 6.39145e+06 3.03471e+14 8.91006e-05 0.000321818 9.12411e-17 1.56472e-08 92398.9 0 0 8.44458e-12 0 0 0.00144656 0 0 0 0 0 0 4.12064e+11 4.12064e+11 4.12064e+11 4.12064e+11 
0.0535 -0.232875 -3.53287 -1.37756 -2.87651 -1.96713 6.39332e+06 3.03448e+14 8.91017e-05 0.000321815 9.1269e-17 1.56459e-08 92406.8 0 0 8.44787e-12 0 0 0.00144656 0 0 0 0 0 0 4.12152e+11 4.12152e+11 4.12152e+11 4.12152e+11 
0.054 -0.228254 -3.52825 -1.37294 -2.87189 -1.97175 6.39519e+06 3.03425e+14 8.91028e-05 0.000321812 9.12968e-17 1.56446e-08 92414.6 0 0 8.45116e-12 0 0 0.00144656 0 0 0 0 0 0 4.1224e+11 4.1224e+11 4.1224e+11 4.1224e+11 
0.0545 -0.223633 -3.52363 -1.36831 -2.86727 -1.97637 6.39707e+06 3.03402e+14 8.91039e-05 0.000321808 9.13247e-17 1.56432e-08 92422.5 0 0 8.45446e-12 0 0 0.00144656 0 0 0 0 0 0 4.12328e+11 4.12328e+11 4.12328e+11 4.12328e+11 
0.055 -0.219012 -3.51901 -1.36368 -2.86264 -1.98099 6.39894e+06 3.03379e+14 8.9105e-05 0.000321805 9.13526e-17 1.56419e-08 92430.3 0 0 8.45775e-12 0 0 0.00144656 0 0 0 0 0 0 4.12415e+11 4.12415e+11 4.12415e+11 4.12415e+11 
0.0555 -0.21439 -3.51439 -1.35905 -2.85802 -1.98561 6.40081e+06 3.03357e+14 8.91061e-05 0.000321802 9.13805e-17 1.56406e-08 92438.2 0 0 8.46105e-12 0 0 0.00144656 0 0 0 0 0 0 4.12503e+11 4.12503e+11 4.12503e+11 4.12503e+11 
0.056 -0.209768 -3.50977 -1.35442 -2.85339 -1.99023 6.40269e+06 3.03334e+14 8.91072e-05 0.000321799 9.14084e-17 1.56393e-08 92446 0 0 8.46434e-12 0 0 0.00144656 0 0 0 0 0 0 4.12591e+11 4.12591e+11 4.12591e+11 4.12591e+11 
0.0565 -0.205146 -3.50515 -1.34979 -2.84877 -1.99485 6.40456e+06 3.03311e+14 8.91083e-05 0.000321796 9.14362e-17 1.56379e-08 92453.8 0 0 8.46764e-12 0 0 0.00144656 0 0 0 0 0 0 4.12679e+11 4.12679e+11 4.12679e+11 4.12679e+11 
0.057 -0.200523 -3.50052 -1.34516 -2.84414 -1.99948 6.40644e+06 3.03288e+14 8.91094e-05 0.000321793 9.14641e-17 1.56366e-08 92461.7 0 0 8.47094e-12 0 0 0.00144656 0 0 0 0 0 0 4.12767e+11 4.12767e+11 4.12767e+11 4.12767e+11 
0.0575 -0.1959 -3.4959 -1.34053 -2.83952 -2.0041 6.40831e+06 3.03265e+14 8.91105e-05 0.00032179 9.1492e-17 1.56353e-08 92469.5 0 0 8.47424e-12 0 0 0.00144656 0 0 0 0 0 0 4.12854e+11 4.12854e+11 4.12854e+11 4.12854e+11 
0.058 -0.191276 -3.49128 -1.3359 -2.83489 -2.00872 6.41019e+06 3.03243e+14 8.91116e-05 0.000321787 9.15199e-17 1.5634e-08 92477.4 0 0 8.47753e-12 0 0 0.00144656 0 0 0 0 0 0 4.12942e+11 4.12942e+11 4.12942e+11 4.12942e+11 
0.0585 -0.186652 -3.48665 -1.33126 -2.83026 -2.01335 6.41206e+06 3.0322e+14 8.91127e-05 0.000321784 9.15478e-17 1.56326e-08 92485.2 0 0 8.48083e-12 0 0 0.00144656 0 0 0 0 0 0 4.1303e+11 4.1303e+11 4.1303e+11 4.1303e+11 
0.059 -0.182027 -3.48203 -1.32663 -2.82564 -2.01797 6.41394e+06 3.03197e+14 8.91138e-05 0.000321781 9.15757e-17 1.56313e-08 92493 0 0 8.48413e-12 0 0 0.00144656 0 0 0 0 0 0 4.13118e+11 4.13118e+11 4.13118e+11 4.13118e+11 
0.0595 -0.177403 -3.4774 -1.322 -2.82101 -2.0226 6.41581e+06 3.03174e+14 8.91149e-05 0.000321778 9.16036e-17 1.563e-08 92500.9 0 0 8.48743e-12 0 0 0.00144656 0 0 0 0 0 0 4.13206e+11 4.13206e+11 4.13206e+11 4.13206e+11 
0.06 -0.172777 -3.47278 -1.31737 -2.81638 -2.02722 6.41769e+06 3.03152e+14 8.9116e-05 0.000321775 9.16315e-17 1.56287e-08 92508.7 0 0 8.49074e-12 0 0 0.00144656 0 0 0 0 0 0 4.13293e+11 4.13293e+11 4.13293e+11 4.13293e+11 
0.0605 -0.168152 -3.46815 -1.31273 -2.81175 -2.03185 6.41957e+06 3.03129e+14 8.9117e-05 0.000321772 9.16595e-17 1.56274e-08 92516.5 0 0 8.49404e-12 0 0 0.00144656 0 0 0 0 0 0 4.13381e+11 4.13381e+11 4.13381e+11 4.13381e+11 
0.061 -0.163526 -3.46353 -1.3081 -2.80713 -2.03647 6.42144e+06 3.03106e+14 8.91181e-05 0.000321769 9.16874e-17 1.5626e-08 92524.4 0 0 8.49734e-12 0 0 0.00144656 0 0 0 0 0 0 4.13469e+11 4.13469e+11 4.13469e+11 4.13469e+11 
0.0615 -0.158899 -3.4589 -1.30347 -2.8025 -2.0411 6.42332e+06 3.03083e+14 8.91192e-05 0.000321766 9.17153e-17 1.56247e-08 92532.2 0 0 8.50064e-12 0 0 0.00144656 0 0 0 0 0 0 4.13557e+11 4.13557e+11 4.13557e+11 4.13557e+11 
0.062 -0.154273 -3.45427 -1.29883 -2.79787 -2.04573 6.4252e+06 3.03061e+14 8.91203e-05 0.000321763 9.17432e-17 1.56234e-08 92540.1 0 0 8.50395e-12 0 0 0.00144656 0 0 0 0 0 0 4.13645e+11 4.13645e+11 4.13645e+11 4.13645e+11 
0.0625 -0.149645 -3.44965 -1.2942 -2.79324 -2.05035 6.42707e+06 3.03038e+14 8.91214e-05 0.00032176 9.17711e-17 1.56221e-08 92547.9 0 0 8.50725e-12 0 0 0.00144656 0 0 0 0 0 0 4.13732e+11 4.13732e+11 4.13732e+11 4.13732e+11 
0.063 -0.145018 -3.44502 -1.28956 -2.78861 -2.05498 6.42895e+06 3.03015e+14 8.91225e-05 0.000321756 9.17991e-17 1.56207e-08 92555.7 0 0 8.51056e-12 0 0 0.00144656 0 0 0 0 0 0 4.1382e+11 4.1382e+11 4.1382e+11 4.1382e+11 
0.0635 -0.14039 -3.44039 -1.28493 -2.78398 -2.05961 6.43083e+06 3.02992e+14 8.91236e-05 0.000321753 9.1827e-17 1.56194e-08 92563.6 0 0 8.51386e-12 0 0 0.00144656 0 0 0 0 0 0 4.13908e+11 4.13908e+11 4.13908e+11 4.13908e+11 
0.064 -0.135761 -3.43576 -1.28029 -2.77935 -2.06424 6.4327e+06 3.0297e+14 8.91247e-05 0.00032175 9.18549e-17 1.56181e-08 92571.4 0 0 8.51717e-12 0 0 0.00144656 0 0 0 0 0 0 4.13996e+11 4.13996e+11 4.13996e+11 4.13996e+11 
0.0645 -0.131133 -3.43113 -1.27565 -2.77472 -2.06887 6.43458e+06 3.02947e+14 8.91258e-05 0.000321747 9.18829e-17 1.56168e-08 92579.2 0 0 8.52048e-12 0 0 0.00144656 0 0 0 0 0 0 4.14084e+11 4.14084e+11 4.14084e+11 4.14084e+11 
0.065 -0.126503 -3.4265 -1.27102 -2.77008 -2.0735 6.43646e+06 3.02924e+14 8.91269e-05 0.000321744 9.19108e-17 1.56155e-08 92587 0 0 8.52379e-12 0 0 0.00144656 0 0 0 0 0 0 4.14172e+11 4.14172e+11 4.14172e+11 4.14172e+11 
0.0655 -0.121874 -3.42187 -1.26638 -2.76545 -2.07813 6.43834e+06 3.02901e+14 8.9128e-05 0.000321741 9.19388e-17 1.56142e-08 92594.9 0 0 8.5271e-12 0 0 0.00144656 0 0 0 0 0 0 4.14259e+11 4.14259e+11 4.14259e+11 4.14259e+11 
0.066 -0.117244 -3.41724 -1.26174 -2.76082 -2.08276 6.44022e+06 3.02879e+14 8.91291e-05 0.000321738 9.19667e-17 1.56128e-08 92602.7 0 0 8.53041e-12 0 0 0.00144656 0 0 0 0 0 0 4.14347e+11 4.14347e+11 4.14347e+11 4.14347e+11 
0.0665 -0.112614 -3.41261 -1.2571 -2.75619 -2.08739 6.4421e+06 3.02856e+14 8.91302e-05 0.000321735 9.19947e-17 1.56115e-08 92610.5 0 0 8.53372e-12 0 0 0.00144656 0 0 0 0 0 0 4.14435e+11 4.14435e+11 4.14435e+11 4.14435e+11 
0.067 -0.107983 -3.40798 -1.25247 -2.75155 -2.09202 6.44397e+06 3.02833e+14 8.91313e-05 0.000321732 9.20226e-17 1.56102e-08 92618.4 0 0 8.53703e-12 0 0 0.00144656 0 0 0 0 0 0 4.14523e+11 4.14523e+11 4.14523e+11 4.14523e+11 
0.0675 -0.103352 -3.40335 -1.24783 -2.74692 -2.09665 6.44585e+06 3.02811e+14 8.91324e-05 0.000321729 9.20506e-17 1.56089e-08 92626.2 0 0 8.54034e-12 0 0 0.00144656 0 0 0 0 0 0 4.14611e+11 4.14611e+11 4.14611e+11 4.14611e+11 
0.068 -0.0987203 -3.39872 -1.24319 -2.74229 -2.10128 6.44773e+06 3.02788e+14 8.91335e-05 0.000321726 9.20786e-17 1.56076e-08 92634 0 0 8.54365e-12 0 0 0.00144656 0 0 0 0 0 0 4.14698e+11 4.14698e+11 4.14698e+11 4.14698e+11 
0.0685 -0.0940884 -3.39409 -1.23855 -2.73765 -2.10591 6.44961e+06 3.02765e+14 8.91346e-05 0.000321723 9.21065e-17 1.56062e-08 92641.8 0 0 8.54697e-12 0 0 0.00144656 0 0 0 0 0 0 4.14786e+11 4.14786e+11 4.14786e+11 4.14786e+11 
0.069 -0.0894561 -3.38946 -1.23391 -2.73302 -2.11054 6.45149e+06 3.02743e+14 8.91357e-05 0.00032172 9.21345e-17 1.56049e-08 92649.7 0 0 8.55028e-12 0 0 0.00144656 0 0 0 0 0 0 4.14874e+11 4.14874e+11 4.14874e+11 4.14874e+11 
0.0695 -0.0848234 -3.38482 -1.22927 -2.72838 -2.11518 6.45337e+06 3.0272e+14 8.91368e-05 0.000321717 9.21625e-17 1.56036e-08 92657.5 0 0 8.5536e-12 0 0 0.00144656 0 0 0 0 0 0 4.14962e+11 4.14962e+11 4.14962e+11 4.14962e+11 
0.07 -0.0801904 -3.38019 -1.22463 -2.72375 -2.11981 6.45525e+06 3.02697e+14 8.91379e-05 0.000321714 9.21905e-17 1.56023e-08 92665.3 0 0 8.55691e-12 0 0 0.00144656 0 0 0 0 0 0 4.1505e+11 4.1505e+11 4.1505e+11 4.1505e+11 
0.0705 -0.0755569 -3.37556 -1.21999 -2.71911 -2.12444 6.45713e+06 3.02675e+14 8.91389e-05 0.000321711 9.22184e-17 1.5601e-08 92673.2 0 0 8.56023e-12 0 0 0.00144656 0 0 0 0 0 0 4.15138e+11 4.15138e+11 4.15138e+11 4.15138e+11 
0.071 -0.070923 -3.37092 -1.21534 -2.71447 -2.12908 6.45901e+06 3.02652e+14 8.914e-05 0.000321708 9.22464e-17 1.55997e-08 92681 0 0 8.56354e-12 0 0 0.00144656 0 0 0 0 0 0 4.15225e+11 4.15225e+11 4.15225e+11 4.15225e+11 
0.0715 -0.0662888 -3.36629 -1.2107 -2.70984 -2.13371 6.46089e+06 3.02629e+14 8.91411e-05 0.000321705 9.22744e-17 1.55984e-08 92688.8 0 0 8.56686e-12 0 0 0.00144656 0 0 0 0 0 0 4.15313e+11 4.15313e+11 4.15313e+11 4.15313e+11 
0.072 -0.0616542 -3.36165 -1.20606 -2.7052 -2.13835 6.46277e+06 3.02607e+14 8.91422e-05 0.000321702 9.23024e-17 1.5597e-08 92696.6 0 0 8.57018e-12 0 0 0.00144656 0 0 0 0 0 0 4.15401e+11 4.15401e+11 4.15401e+11 4.15401e+11 
0.0725 -0.0570191 -3.35702 -1.20142 -2.70056 -2.14298 6.46465e+06 3.02584e+14 8.91433e-05 0.000321699 9.23304e-17 1.55957e-08 92704.4 0 0 8.5735e-12 0 0 0.00144656 0 0 0 0 0 0 4.15489e+11 4.15489e+11 4.15489e+11 4.15489e+11 
0.073 -0.0523837 -3.35238 -1.19677 -2.69592 -2.14762 6.46653e+06 3.02561e+14 8.91444e-05 0.000321696 9.23584e-17 1.55944e-08 92712.3 0 0 8.57682e-12 0 0 0.00144656 0 0 0 0 0 0 4.15577e+11 4.15577e+11 4.15577e+11 4.15577e+11 
0.0735 -0.0477479 -3.34775 -1.19213 -2.69129 -2.15225 6.46841e+06 3.02539e+14 8.91455e-05 0.000321693 9.23864e-17 1.55931e-08 92720.1 0 0 8.58014e-12 0 0 0.00144656 0 0 0 0 0 0 4.15665e+11 4.15665e+11 4.15665e+11 4.15665e+11 
0.074 -0.0431117 -3.34311 -1.18749 -2.68665 -2.15689 6.4703e+06 3.02516e+14 8.91466e-05 0.00032169 9.24144e-17 1.55918e-08 92727.9 0 0 8.58346e-12 0 0 0.00144656 0 0 0 0 0 0 4.15752e+11 4.15752e+11 4.15752e+11 4.15752e+11 
0.0745 -0.0384751 -3.33848 -1.18284 -2.68201 -2.16152 6.47218e+06 3.02493e+14 8.91477e-05 0.000321687 9.24424e-17 1.55905e-08 92735.7 0 0 8.58678e-12 0 0 0.00144656 0 0 0 0 0 0 4.1584e+11 4.1584e+11 4.1584e+11 4.1584e+11 
0.075 -0.0338381 -3.33384 -1.1782 -2.67737 -2.16616 6.47406e+06 3.02471e+14 8.91488e-05 0.000321684 9.24704e-17 1.55892e-08 92743.5 0 0 8.5901e-12 0 0 0.00144656 0 0 0 0 0 0 4.15928e+11 4.15928e+11 4.15928e+11 4.15928e+11 
0.0755 -0.0292008 -3.3292 -1.17355 -2.67273 -2.1708 6.47594e+06 3.02448e+14 8.91499e-05 0.000321681 9.24984e-17 1.55878e-08 92751.4 0 0 8.59343e-12 0 0 0.00144656 0 0 0 0 0 0 4.16016e+11 4.16016e+11 4.16016e+11 4.16016e+11 
0.076 -0.024563 -3.32456 -1.16891 -2.66809 -2.17544 6.47782e+06 3.02426e+14 8.9151e-05 0.000321678 9.25265e-17 1.55865e-08 92759.2 0 0 8.59675e-12 0 0 0.00144656 0 0 0 0 0 0 4.16104e+11 4.16104e+11 4.16104e+11 4.16104e+11 
0.0765 -0.0199248 -3.31992 -1.16426 -2.66345 -2.18008 6.4797e+06 3.02403e+14 8.91521e-05 0.000321674 9.25545e-17 1.55852e-08 92767 0 0 8.60008e-12 0 0 0.00144656 0 0 0 0 0 0 4.16192e+11 4.16192e+11 4.16192e+11 4.16192e+11 
0.077 -0.0152863 -3.31529 -1.15962 -2.65881 -2.18471 6.48159e+06 3.0238e+14 8.91532e-05 0.000321671 9.25825e-17 1.55839e-08 92774.8 0 0 8.6034e-12 0 0 0.00144656 0 0 0 0 0 0 4.16279e+11 4.16279e+11 4.16279e+11 4.16279e+11 
0.0775 -0.0106474 -3.31065 -1.15497 -2.65417 -2.18935 6.48347e+06 3.02358e+14 8.91543e-05 0.000321668 9.26105e-17 1.55826e-08 92782.6 0 0 8.60673e-12 0 0 0.00144656 0 0 0 0 0 0 4.16367e+11 4.16367e+11 4.16367e+11 4.16367e+11 
0.078 -0.00600803 -3.30601 -1.15032 -2.64952 -2.19399 6.48535e+06 3.02335e+14 8.91554e-05 0.000321665 9.26386e-17 1.55813e-08 92790.4 0 0 8.61005e-12 0 0 0.00144656 0 0 0 0 0 0 4.16455e+11 4.16455e+11 4.16455e+11 4.16455e+11 
0.0785 -0.00136831 -3.30137 -1.14568 -2.64488 -2.19863 6.48724e+06 3.02313e+14 8.91565e-05 0.000321662 9.26666e-17 1.558e-08 92798.3 0 0 8.61338e-12 0 0 0.00144656 0 0 0 0 0 0 4.16543e+11 4.16543e+11 4.16543e+11 4.16543e+11 
0.079 0.00327179 -3.29673 -1.14103 -2.64024 -2.20327 6.48912e+06 3.0229e+14 8.91576e-05 0.000321659 9.26946e-17 1.55787e-08 92806.1 0 0 8.61671e-12 0 0 0.00144656 0 0 0 0 0 0 4.16631e+11 4.16631e+11 4.16631e+11 4.16631e+11 
0.0795 0.00791229 -3.29209 -1.13638 -2.6356 -2.20791 6.491e+06 3.02267e+14 8.91587e-05 0.000321656 9.27227e-17 1.55774e-08 92813.9 0 0 8.62004e-12 0 0 0.00144656 0 0 0 0 0 0 4.16719e+11 4.16719e+11 4.16719e+11 4.16719e+11 
0.08 0.0125532 -3.28745 -1.13173 -2.63095 -2.21255 6.49289e+06 3.02245e+14 8.91597e-05 0.000321653 9.27507e-17 1.5576e-08 92821.7 0 0 8.62337e-12 0 0 0.00144656 0 0 0 0 0 0 4.16807e+11 4.16807e+11 4.16807e+11 4.16807e+11 
0.0805 0.0171945 -3.28281 -1.12708 -2.62631 -2.21719 6.49477e+06 3.02222e+14 8.91608e-05 0.00032165 9.27788e-17 1.55747e-08 92829.5 0 0 8.6267e-12 0 0 0.00144656 0 0 0 0 0 0 4.16894e+11 4.16894e+11 4.16894e+11 4.16894e+11 
0.081 0.0218361 -3.27816 -1.12243 -2.62167 -2.22184 6.49665e+06 3.022e+14 8.91619e-05 0.000321647 9.28068e-17 1.55734e-08 92837.3 0 0 8.63003e-12 0 0 0.00144656 0 0 0 0 0 0 4.16982e+11 4.16982e+11 4.16982e+11 4.16982e+11 
0.0815 0.0264782 -3.27352 -1.11778 -2.61702 -2.22648 6.49854e+06 3.02177e+14 8.9163e-05 0.000321644 9.28349e-17 1.55721e-08 92845.1 0 0 8.63336e-12 0 0 0.00144656 0 0 0 0 0 0 4.1707e+11 4.1707e+11 4.1707e+11 4.1707e+11 
0.082 0.0311206 -3.26888 -1.11313 -2.61238 -2.23112 6.50042e+06 3.02155e+14 8.91641e-05 0.000321641 9.2863e-17 1.55708e-08 92853 0 0 8.63669e-12 0 0 0.00144656 0 0 0 0 0 0 4.17158e+11 4.17158e+11 4.17158e+11 4.17158e+11 
0.0825 0.0357635 -3.26424 -1.10848 -2.60773 -2.23576 6.50231e+06 3.02132e+14 8.91652e-05 0.000321638 9.2891e-17 1.55695e-08 92860.8 0 0 8.64002e-12 0 0 0.00144656 0 0 0 0 0 0 4.17246e+11 4.17246e+11 4.17246e+11 4.17246e+11 
0.083 0.0404067 -3.25959 -1.10383 -2.60309 -2.24041 6.50419e+06 3.02109e+14 8.91663e-05 0.000321635 9.29191e-17 1.55682e-08 92868.6 0 0 8.64336e-12 0 0 0.00144656 0 0 0 0 0 0 4.17334e+11 4.17334e+11 4.17334e+11 4.17334e+11 
0.0835 0.0450503 -3.25495 -1.09918 -2.59844 -2.24505 6.50608e+06 3.02087e+14 8.91674e-05 0.000321632 9.29472e-17 1.55669e-08 92876.4 0 0 8.64669e-12 0 0 0.00144656 0 0 0 0 0 0 4.17422e+11 4.17422e+11 4.17422e+11 4.17422e+11 
0.084 0.0496944 -3.25031 -1.09453 -2.59379 -2.24969 6.50796e+06 3.02064e+14 8.91685e-05 0.000321629 9.29752e-17 1.55656e-08 92884.2 0 0 8.65003e-12 0 0 0.00144656 0 0 0 0 0 0 4.17509e+11 4.17509e+11 4.17509e+11 4.17509e+11 
0.0845 0.0543388 -3.24566 -1.08988 -2.58915 -2.25434 6.50985e+06 3.02042e+14 8.91696e-05 0.000321626 9.30033e-17 1.55643e-08 92892 0 0 8.65336e-12 0 0 0.00144656 0 0 0 0 0 0 4.17597e+11 4.17597e+11 4.17597e+11 4.17597e+11 
0.085 0.0589836 -3.24102 -1.08523 -2.5845 -2.25898 6.51173e+06 3.02019e+14 8.91707e-05 0.000321623 9.30314e-17 1.5563e-08 92899.8 0 0 8.6567e-12 0 0 0.00144656 0 0 0 0 0 0 4.17685e+11 4.17685e+11 4.17685e+11 4.17685e+11 
0.0855 0.0636287 -3.23637 -1.08057 -2.57985 -2.26363 6.51362e+06 3.01997e+14 8.91718e-05 0.00032162 9.30595e-17 1.55617e-08 92907.6 0 0 8.66004e-12 0 0 0.00144656 0 0 0 0 0 0 4.17773e+11 4.17773e+11 4.17773e+11 4.17773e+11 
0.086 0.0682743 -3.23173 -1.07592 -2.5752 -2.26827 6.51551e+06 3.01974e+14 8.91729e-05 0.000321617 9.30876e-17 1.55604e-08 92915.4 0 0 8.66338e-12 0 0 0.00144656 0 0 0 0 0 0 4.17861e+11 4.17861e+11 4.17861e+11 4.17861e+11 
0.0865 0.0729203 -3.22708 -1.07127 -2.57055 -2.27292 6.51739e+06 3.01952e+14 8.9174e-05 0.000321614 9.31157e-17 1.55591e-08 92923.2 0 0 8.66671e-12 0 0 0.00144656 0 0 0 0 0 0 4.17949e+11 4.17949e+11 4.17949e+11 4.17949e+11 
0.087 0.0775666 -3.22243 -1.06661 -2.56591 -2.27757 6.51928e+06 3.01929e+14 8.91751e-05 0.000321611 9.31438e-17 1.55578e-08 92931 0 0 8.67005e-12 0 0 0.00144656 0 0 0 0 0 0 4.18037e+11 4.18037e+11 4.18037e+11 4.18037e+11 
0.0875 0.0822134 -3.21779 -1.06196 -2.56126 -2.28221 6.52117e+06 3.01907e+14 8.91762e-05 0.000321608 9.31719e-17 1.55564e-08 92938.8 0 0 8.67339e-12 0 0 0.00144656 0 0 0 0 0 0 4.18125e+11 4.18125e+11 4.18125e+11 4.18125e+11 
0.088 0.0868605 -3.21314 -1.0573 -2.55661 -2.28686 6.52305e+06 3.01884e+14 8.91773e-05 0.000321605 9.32e-17 1.55551e-08 92946.6 0 0 8.67673e-12 0 0 0.00144656 0 0 0 0 0 0 4.18212e+11 4.18212e+11 4.18212e+11 4.18212e+11 
0.0885 0.0915081 -3.20849 -1.05265 -2.55196 -2.29151 6.52494e+06 3.01862e+14 8.91784e-05 0.000321602 9.32281e-17 1.55538e-08 92954.4 0 0 8.68008e-12 0 0 0.00144656 0 0 0 0 0 0 4.183e+11 4.183e+11 4.183e+11 4.183e+11 
0.089 0.096156 -3.20384 -1.04799 -2.54731 -2.29616 6.52683e+06 3.01839e+14 8.91795e-05 0.000321599 9.32562e-17 1.55525e-08 92962.2 0 0 8.68342e-12 0 0 0.00144656 0 0 0 0 0 0 4.18388e+11 4.18388e+11 4.18388e+11 4.18388e+11 
0.0895 0.100804 -3.1992 -1.04334 -2.54266 -2.3008 6.52871e+06 3.01817e+14 8.91805e-05 0.000321596 9.32843e-17 1.55512e-08 92970 0 0 8.68676e-12 0 0 0.00144656 0 0 0 0 0 0 4.18476e+11 4.18476e+11 4.18476e+11 4.18476e+11 
0.09 0.105453 -3.19455 -1.03868 -2.538 -2.30545 6.5306e+06 3.01794e+14 8.91816e-05 0.000321593 9.33124e-17 1.55499e-08 92977.8 0 0 8.6901e-12 0 0 0.00144656 0 0 0 0 0 0 4.18564e+11 4.18564e+11 4.18564e+11 4.18564e+11 
0.0905 0.110102 -3.1899 -1.03402 -2.53335 -2.3101 6.53249e+06 3.01772e+14 8.91827e-05 0.00032159 9.33405e-17 1.55486e-08 92985.7 0 0 8.69345e-12 0 0 0.00144656 0 0 0 0 0 0 4.18652e+11 4.18652e+11 4.18652e+11 4.18652e+11 
0.091 0.114752 -3.18525 -1.02937 -2.5287 -2.31475 6.53438e+06 3.01749e+14 8.91838e-05 0.000321587 9.33686e-17 1.55473e-08 92993.5 0 0 8.69679e-12 0 0 0.00144656 0 0 0 0 0 0 4.1874e+11 4.1874e+11 4.1874e+11 4.1874e+11 
0.0915 0.119401 -3.1806 -1.02471 -2.52405 -2.3194 6.53626e+06 3.01727e+14 8.91849e-05 0.000321584 9.33968e-17 1.5546e-08 93001.3 0 0 8.70014e-12 0 0 0.00144656 0 0 0 0 0 0 4.18828e+11 4.18828e+11 4.18828e+11 4.18828e+11 
0.092 0.124052 -3.17595 -1.02005 -2.5194 -2.32405 6.53815e+06 3.01705e+14 8.9186e-05 0.000321581 9.34249e-17 1.55447e-08 93009.1 0 0 8.70348e-12 0 0 0.00144656 0 0 0 0 0 0 4.18915e+11 4.18915e+11 4.18915e+11 4.18915e+11 
0.0925 0.128702 -3.1713 -1.01539 -2.51474 -2.3287 6.54004e+06 3.01682e+14 8.91871e-05 0.000321578 9.3453e-17 1.55434e-08 93016.8 0 0 8.70683e-12 0 0 0.00144656 0 0 0 0 0 0 4.19003e+11 4.19003e+11 4.19003e+11 4.19003e+11 
0.093 0.133353 -3.16665 -1.01073 -2.51009 -2.33335 6.54193e+06 3.0166e+14 8.91882e-05 0.000321575 9.34812e-17 1.55421e-08 93024.6 0 0 8.71018e-12 0 0 0.00144656 0 0 0 0 0 0 4.19091e+11 4.19091e+11 4.19091e+11 4.19091e+11 
0.0935 0.138005 -3.162 -1.00608 -2.50544 -2.338 6.54382e+06 3.01637e+14 8.91893e-05 0.000321572 9.35093e-17 1.55408e-08 93032.4 0 0 8.71353e-12 0 0 0.00144656 0 0 0 0 0 0 4.19179e+11 4.19179e+11 4.19179e+11 4.19179e+11 
0.094 0.142657 -3.15734 -1.00142 -2.50078 -2.34266 6.54571e+06 3.01615e+14 8.91904e-05 0.000321569 9.35374e-17 1.55395e-08 93040.2 0 0 8.71688e-12 0 0 0.00144656 0 0 0 0 0 0 4.19267e+11 4.19267e+11 4.19267e+11 4.19267e+11 
0.0945 0.147309 -3.15269 -0.996756 -2.49613 -2.34731 6.5476e+06 3.01592e+14 8.91915e-05 0.000321566 9.35656e-17 1.55382e-08 93048 0 0 8.72023e-12 0 0 0.00144656 0 0 0 0 0 0 4.19355e+11 4.19355e+11 4.19355e+11 4.19355e+11 
0.095 0.151961 -3.14804 -0.992096 -2.49147 -2.35196 6.54949e+06 3.0157e+14 8.91926e-05 0.000321563 9.35937e-17 1.55369e-08 93055.8 0 0 8.72358e-12 0 0 0.00144656 0 0 0 0 0 0 4.19443e+11 4.19443e+11 4.19443e+11 4.19443e+11 
0.0955 0.156614 -3.14339 -0.987436 -2.48682 -2.35661 6.55138e+06 3.01547e+14 8.91937e-05 0.00032156 9.36219e-17 1.55356e-08 93063.6 0 0 8.72693e-12 0 0 0.00144656 0 0 0 0 0 0 4.19531e+11 4.19531e+11 4.19531e+11 4.19531e+11 
0.096 0.161268 -3.13873 -0.982775 -2.48216 -2.36127 6.55327e+06 3.01525e+14 8.91948e-05 0.000321557 9.365e-17 1.55343e-08 93071.4 0 0 8.73028e-12 0 0 0.00144656 0 0 0 0 0 0 4.19618e+11 4.19618e+11 4.19618e+11 4.19618e+11 
0.0965 0.165922 -3.13408 -0.978113 -2.4775 -2.36592 6.55516e+06 3.01503e+14 8.91959e-05 0.000321554 9.36782e-17 1.5533e-08 93079.2 0 0 8.73363e-12 0 0 0.00144656 0 0 0 0 0 0 4.19706e+11 4.19706e+11 4.19706e+11 4.19706e+11 
0.097 0.170576 -3.12942 -0.973452 -2.47285 -2.37058 6.55705e+06 3.0148e+14 8.9197e-05 0.000321551 9.37064e-17 1.55317e-08 93087 0 0 8.73699e-12 0 0 0.00144656 0 0 0 0 0 0 4.19794e+11 4.19794e+11 4.19794e+11 4.19794e+11 
0.0975 0.17523 -3.12477 -0.96879 -2.46819 -2.37523 6.55894e+06 3.01458e+14 8.91981e-05 0.000321548 9.37345e-17 1.55304e-08 93094.8 0 0 8.74034e-12 0 0 0.00144656 0 0 0 0 0 0 4.19882e+11 4.19882e+11 4.19882e+11 4.19882e+11 
0.098 0.179885 -3.12011 -0.964127 -2.46353 -2.37989 6.56083e+06 3.01435e+14 8.91992e-05 0.000321545 9.37627e-17 1.55291e-08 93102.6 0 0 8.7437e-12 0 0 0.00144656 0 0 0 0 0 0 4.1997e+11 4.1997e+11 4.1997e+11 4.1997e+11 
0.0985 0.18454 -3.11546 -0.959464 -2.45888 -2.38454 6.56272e+06 3.01413e+14 8.92002e-05 0.000321542 9.37909e-17 1.55278e-08 93110.4 0 0 8.74705e-12 0 0 0.00144656 0 0 0 0 0 0 4.20058e+11 4.20058e+11 4.20058e+11 4.20058e+11 
0.099 0.189196 -3.1108 -0.954801 -2.45422 -2.3892 6.56461e+06 3.01391e+14 8.92013e-05 0.000321539 9.38191e-17 1.55265e-08 93118.2 0 0 8.75041e-12 0 0 0.00144656 0 0 0 0 0 0 4.20146e+11 4.20146e+11 4.20146e+11 4.20146e+11 
0.0995 0.193852 -3.10615 -0.950137 -2.44956 -2.39385 6.5665e+06 3.01368e+14 8.92024e-05 0.000321536 9.38472e-17 1.55252e-08 93126 0 0 8.75376e-12 0 0 0.00144656 0 0 0 0 0 0 4.20234e+11 4.20234e+11 4.20234e+11 4.20234e+11 
0.1 0.198509 -3.10149 -0.945473 -2.4449 -2.39851 6.56839e+06 3.01346e+14 8.92035e-05 0.000321534 9.38754e-17 1.55239e-08 93133.8 0 0 8.75712e-12 0 0 0.00144656 0 0 0 0 0 0 4.20322e+11 4.20322e+11 4.20322e+11 4.20322e+11 
0.1005 0.203166 -3.09683 -0.940809 -2.44024 -2.40317 6.57028e+06 3.01323e+14 8.92046e-05 0.000321531 9.39036e-17 1.55226e-08 93141.6 0 0 8.76048e-12 0 0 0.00144656 0 0 0 0 0 0 4.2041e+11 4.2041e+11 4.2041e+11 4.2041e+11 
0.101 0.207823 -3.09218 -0.936144 -2.43558 -2.40782 6.57218e+06 3.01301e+14 8.92057e-05 0.000321528 9.39318e-17 1.55213e-08 93149.3 0 0 8.76384e-12 0 0 0.00144656 0 0 0 0 0 0 4.20497e+11 4.20497e+11 4.20497e+11 4.20497e+11 
0.1015 0.212481 -3.08752 -0.931479 -2.43092 -2.41248 6.57407e+06 3.01279e+14 8.92068e-05 0.000321525 9.396e-17 1.552e-08 93157.1 0 0 8.7672e-12 0 0 0.00144656 0 0 0 0 0 0 4.20585e+11 4.20585e+11 4.20585e+11 4.20585e+11 
0.102 0.217139 -3.08286 -0.926813 -2.42626 -2.41714 6.57596e+06 3.01256e+14 8.92079e-05 0.000321522 9.39882e-17 1.55187e-08 93164.9 0 0 8.77056e-12 0 0 0.00144656 0 0 0 0 0 0 4.20673e+11 4.20673e+11 4.20673e+11 4.20673e+11 
0.1025 0.221797 -3.0782 -0.922147 -2.4216 -2.4218 6.57785e+06 3.01234e+14 8.9209e-05 0.000321519 9.40164e-17 1.55175e-08 93172.7 0 0 8.77392e-12 0 0 0.00144656 0 0 0 0 0 0 4.20761e+11 4.20761e+11 4.20761e+11 4.20761e+11 
0.103 0.226456 -3.07354 -0.917481 -2.41694 -2.42646 6.57975e+06 3.01212e+14 8.92101e-05 0.000321516 9.40446e-17 1.55162e-08 93180.5 0 0 8.77728e-12 0 0 0.00144656 0 0 0 0 0 0 4.20849e+11 4.20849e+11 4.20849e+11 4.20849e+11 
0.1035 0.231115 -3.06888 -0.912814 -2.41228 -2.43112 6.58164e+06 3.01189e+14 8.92112e-05 0.000321513 9.40728e-17 1.55149e-08 93188.3 0 0 8.78064e-12 0 0 0.00144656 0 0 0 0 0 0 4.20937e+11 4.20937e+11 4.20937e+11 4.20937e+11 
0.104 0.235775 -3.06423 -0.908147 -2.40761 -2.43577 6.58353e+06 3.01167e+14 8.92123e-05 0.00032151 9.4101e-17 1.55136e-08 93196.1 0 0 8.78401e-12 0 0 0.00144656 0 0 0 0 0 0 4.21025e+11 4.21025e+11 4.21025e+11 4.21025e+11 
0.1045 0.240435 -3.05957 -0.903479 -2.40295 -2.44043 6.58542e+06 3.01145e+14 8.92134e-05 0.000321507 9.41292e-17 1.55123e-08 93203.8 0 0 8.78737e-12 0 0 0.00144656 0 0 0 0 0 0 4.21113e+11 4.21113e+11 4.21113e+11 4.21113e+11 
0.105 0.245095 -3.0549 -0.898812 -2.39829 -2.4451 6.58732e+06 3.01122e+14 8.92145e-05 0.000321504 9.41574e-17 1.5511e-08 93211.6 0 0 8.79074e-12 0 0 0.00144656 0 0 0 0 0 0 4.21201e+11 4.21201e+11 4.21201e+11 4.21201e+11 
0.1055 0.249756 -3.05024 -0.894143 -2.39363 -2.44976 6.58921e+06 3.011e+14 8.92156e-05 0.000321501 9.41857e-17 1.55097e-08 93219.4 0 0 8.7941e-12 0 0 0.00144656 0 0 0 0 0 0 4.21289e+11 4.21289e+11 4.21289e+11 4.21289e+11 
0.106 0.254417 -3.04558 -0.889475 -2.38896 -2.45442 6.59111e+06 3.01078e+14 8.92167e-05 0.000321498 9.42139e-17 1.55084e-08 93227.2 0 0 8.79747e-12 0 0 0.00144656 0 0 0 0 0 0 4.21377e+11 4.21377e+11 4.21377e+11 4.21377e+11 
0.1065 0.259079 -3.04092 -0.884806 -2.3843 -2.45908 6.593e+06 3.01055e+14 8.92178e-05 0.000321495 9.42421e-17 1.55071e-08 93235 0 0 8.80083e-12 0 0 0.00144656 0 0 0 0 0 0 4.21464e+11 4.21464e+11 4.21464e+11 4.21464e+11 
0.107 0.263741 -3.03626 -0.880136 -2.37963 -2.46374 6.59489e+06 3.01033e+14 8.92189e-05 0.000321492 9.42704e-17 1.55058e-08 93242.8 0 0 8.8042e-12 0 0 0.00144656 0 0 0 0 0 0 4.21552e+11 4.21552e+11 4.21552e+11 4.21552e+11 
0.1075 0.268403 -3.0316 -0.875466 -2.37497 -2.4684 6.59679e+06 3.01011e+14 8.92199e-05 0.000321489 9.42986e-17 1.55045e-08 93250.5 0 0 8.80757e-12 0 0 0.00144656 0 0 0 0 0 0 4.2164e+11 4.2164e+11 4.2164e+11 4.2164e+11 
0.108 0.273066 -3.02693 -0.870796 -2.3703 -2.47307 6.59868e+06 3.00988e+14 8.9221e-05 0.000321486 9.43268e-17 1.55032e-08 93258.3 0 0 8.81094e-12 0 0 0.00144656 0 0 0 0 0 0 4.21728e+11 4.21728e+11 4.21728e+11 4.21728e+11 
0.1085 0.277729 -3.02227 -0.866125 -2.36564 -2.47773 6.60058e+06 3.00966e+14 8.92221e-05 0.000321483 9.43551e-17 1.55019e-08 93266.1 0 0 8.81431e-12 0 0 0.00144656 0 0 0 0 0 0 4.21816e+11 4.21816e+11 4.21816e+11 4.21816e+11 
0.109 0.282392 -3.01761 -0.861454 -2.36097 -2.48239 6.60247e+06 3.00944e+14 8.92232e-05 0.00032148 9.43833e-17 1.55006e-08 93273.9 0 0 8.81768e-12 0 0 0.00144656 0 0 0 0 0 0 4.21904e+11 4.21904e+11 4.21904e+11 4.21904e+11 
0.1095 0.287056 -3.01294 -0.856783 -2.35631 -2.48706 6.60437e+06 3.00921e+14 8.92243e-05 0.000321477 9.44116e-17 1.54994e-08 93281.7 0 0 8.82105e-12 0 0 0.00144656 0 0 0 0 0 0 4.21992e+11 4.21992e+11 4.21992e+11 4.21992e+11 
0.11 0.29172 -3.00828 -0.852111 -2.35164 -2.49172 6.60626e+06 3.00899e+14 8.92254e-05 0.000321474 9.44398e-17 1.54981e-08 93289.4 0 0 8.82442e-12 0 0 0.00144656 0 0 0 0 0 0 4.2208e+11 4.2208e+11 4.2208e+11 4.2208e+11 
0.1105 0.296385 -3.00361 -0.847439 -2.34697 -2.49639 6.60816e+06 3.00877e+14 8.92265e-05 0.000321471 9.44681e-17 1.54968e-08 93297.2 0 0 8.82779e-12 0 0 0.00144656 0 0 0 0 0 0 4.22168e+11 4.22168e+11 4.22168e+11 4.22168e+11 
0.111 0.30105 -2.99895 -0.842766 -2.34231 -2.50105 6.61005e+06 3.00855e+14 8.92276e-05 0.000321468 9.44963e-17 1.54955e-08 93305 0 0 8.83117e-12 0 0 0.00144656 0 0 0 0 0 0 4.22256e+11 4.22256e+11 4.22256e+11 4.22256e+11 
0.1115 0.305716 -2.99428 -0.838093 -2.33764 -2.50572 6.61195e+06 3.00832e+14 8.92287e-05 0.000321465 9.45246e-17 1.54942e-08 93312.8 0 0 8.83454e-12 0 0 0.00144656 0 0 0 0 0 0 4.22344e+11 4.22344e+11 4.22344e+11 4.22344e+11 
0.112 0.310381 -2.98962 -0.83342 -2.33297 -2.51038 6.61385e+06 3.0081e+14 8.92298e-05 0.000321462 9.45529e-17 1.54929e-08 93320.6 0 0 8.83791e-12 0 0 0.00144656 0 0 0 0 0 0 4.22432e+11 4.22432e+11 4.22432e+11 4.22432e+11 
0.1125 0.315048 -2.98495 -0.828746 -2.3283 -2.51505 6.61574e+06 3.00788e+14 8.92309e-05 0.000321459 9.45811e-17 1.54916e-08 93328.3 0 0 8.84129e-12 0 0 0.00144656 0 0 0 0 0 0 4.22519e+11 4.22519e+11 4.22519e+11 4.22519e+11 
0.113 0.319714 -2.98029 -0.824072 -2.32363 -2.51971 6.61764e+06 3.00766e+14 8.9232e-05 0.000321456 9.46094e-17 1.54903e-08 93336.1 0 0 8.84466e-12 0 0 0.00144656 0 0 0 0 0 0 4.22607e+11 4.22607e+11 4.22607e+11 4.22607e+11 
0.1135 0.324381 -2.97562 -0.819398 -2.31896 -2.52438 6.61953e+06 3.00743e+14 8.92331e-05 0.000321454 9.46377e-17 1.5489e-08 93343.9 0 0 8.84804e-12 0 0 0.00144656 0 0 0 0 0 0 4.22695e+11 4.22695e+11 4.22695e+11 4.22695e+11 
0.114 0.329049 -2.97095 -0.814723 -2.31429 -2.52905 6.62143e+06 3.00721e+14 8.92342e-05 0.000321451 9.46659e-17 1.54877e-08 93351.7 0 0 8.85142e-12 0 0 0.00144656 0 0 0 0 0 0 4.22783e+11 4.22783e+11 4.22783e+11 4.22783e+11 
0.1145 0.333716 -2.96628 -0.810048 -2.30962 -2.53372 6.62333e+06 3.00699e+14 8.92353e-05 0.000321448 9.46942e-17 1.54865e-08 93359.4 0 0 8.8548e-12 0 0 0.00144656 0 0 0 0 0 0 4.22871e+11 4.22871e+11 4.22871e+11 4.22871e+11 
0.115 0.338385 -2.96162 -0.805372 -2.30495 -2.53838 6.62523e+06 3.00677e+14 8.92364e-05 0.000321445 9.47225e-17 1.54852e-08 93367.2 0 0 8.85817e-12 0 0 0.00144656 0 0 0 0 0 0 4.22959e+11 4.22959e+11 4.22959e+11 4.22959e+11 
0.1155 0.343053 -2.95695 -0.800696 -2.30028 -2.54305 6.62712e+06 3.00654e+14 8.92375e-05 0.000321442 9.47508e-17 1.54839e-08 93375 0 0 8.86155e-12 0 0 0.00144656 0 0 0 0 0 0 4.23047e+11 4.23047e+11 4.23047e+11 4.23047e+11 
0.116 0.347722 -2.95228 -0.796019 -2.29561 -2.54772 6.62902e+06 3.00632e+14 8.92385e-05 0.000321439 9.47791e-17 1.54826e-08 93382.7 0 0 8.86493e-12 0 0 0.00144656 0 0 0 0 0 0 4.23135e+11 4.23135e+11 4.23135e+11 4.23135e+11 
0.1165 0.352391 -2.94761 -0.791343 -2.29094 -2.55239 6.63092e+06 3.0061e+14 8.92396e-05 0.000321436 9.48074e-17 1.54813e-08 93390.5 0 0 8.86831e-12 0 0 0.00144656 0 0 0 0 0 0 4.23223e+11 4.23223e+11 4.23223e+11 4.23223e+11 
0.117 0.357061 -2.94294 -0.786665 -2.28627 -2.55706 6.63282e+06 3.00588e+14 8.92407e-05 0.000321433 9.48357e-17 1.548e-08 93398.3 0 0 8.8717e-12 0 0 0.00144656 0 0 0 0 0 0 4.23311e+11 4.23311e+11 4.23311e+11 4.23311e+11 
0.1175 0.361731 -2.93827 -0.781988 -2.28159 -2.56173 6.63471e+06 3.00565e+14 8.92418e-05 0.00032143 9.4864e-17 1.54787e-08 93406.1 0 0 8.87508e-12 0 0 0.00144656 0 0 0 0 0 0 4.23399e+11 4.23399e+11 4.23399e+11 4.23399e+11 
0.118 0.366402 -2.9336 -0.77731 -2.27692 -2.5664 6.63661e+06 3.00543e+14 8.92429e-05 0.000321427 9.48923e-17 1.54775e-08 93413.8 0 0 8.87846e-12 0 0 0.00144656 0 0 0 0 0 0 4.23487e+11 4.23487e+11 4.23487e+11 4.23487e+11 
0.1185 0.371073 -2.92893 -0.772632 -2.27225 -2.57107 6.63851e+06 3.00521e+14 8.9244e-05 0.000321424 9.49206e-17 1.54762e-08 93421.6 0 0 8.88184e-12 0 0 0.00144656 0 0 0 0 0 0 4.23575e+11 4.23575e+11 4.23575e+11 4.23575e+11 
0.119 0.375744 -2.92426 -0.767953 -2.26757 -2.57574 6.64041e+06 3.00499e+14 8.92451e-05 0.000321421 9.49489e-17 1.54749e-08 93429.4 0 0 8.88523e-12 0 0 0.00144656 0 0 0 0 0 0 4.23663e+11 4.23663e+11 4.23663e+11 4.23663e+11 
0.1195 0.380416 -2.91958 -0.763274 -2.2629 -2.58042 6.64231e+06 3.00477e+14 8.92462e-05 0.000321418 9.49772e-17 1.54736e-08 93437.1 0 0 8.88861e-12 0 0 0.00144656 0 0 0 0 0 0 4.23751e+11 4.23751e+11 4.23751e+11 4.23751e+11 
0.12 0.385088 -2.91491 -0.758594 -2.25822 -2.58509 6.64421e+06 3.00454e+14 8.92473e-05 0.000321415 9.50056e-17 1.54723e-08 93444.9 0 0 8.892e-12 0 0 0.00144656 0 0 0 0 0 0 4.23839e+11 4.23839e+11 4.23839e+11 4.23839e+11 
0.1205 0.38976 -2.91024 -0.753914 -2.25355 -2.58976 6.64611e+06 3.00432e+14 8.92484e-05 0.000321412 9.50339e-17 1.5471e-08 93452.7 0 0 8.89539e-12 0 0 0.00144656 0 0 0 0 0 0 4.23926e+11 4.23926e+11 4.23926e+11 4.23926e+11 
0.121 0.394433 -2.90557 -0.749234 -2.24887 -2.59443 6.64801e+06 3.0041e+14 8.92495e-05 0.000321409 9.50622e-17 1.54697e-08 93460.4 0 0 8.89877e-12 0 0 0.00144656 0 0 0 0 0 0 4.24014e+11 4.24014e+11 4.24014e+11 4.24014e+11 
0.1215 0.399106 -2.90089 -0.744553 -2.2442 -2.59911 6.64991e+06 3.00388e+14 8.92506e-05 0.000321406 9.50905e-17 1.54685e-08 93468.2 0 0 8.90216e-12 0 0 0.00144656 0 0 0 0 0 0 4.24102e+11 4.24102e+11 4.24102e+11 4.24102e+11 
0.122 0.40378 -2.89622 -0.739872 -2.23952 -2.60378 6.65181e+06 3.00366e+14 8.92517e-05 0.000321404 9.51189e-17 1.54672e-08 93476 0 0 8.90555e-12 0 0 0.00144656 0 0 0 0 0 0 4.2419e+11 4.2419e+11 4.2419e+11 4.2419e+11 
0.1225 0.408454 -2.89155 -0.735191 -2.23485 -2.60845 6.65371e+06 3.00343e+14 8.92528e-05 0.000321401 9.51472e-17 1.54659e-08 93483.7 0 0 8.90894e-12 0 0 0.00144656 0 0 0 0 0 0 4.24278e+11 4.24278e+11 4.24278e+11 4.24278e+11 
0.123 0.413128 -2.88687 -0.730509 -2.23017 -2.61313 6.65561e+06 3.00321e+14 8.92539e-05 0.000321398 9.51756e-17 1.54646e-08 93491.5 0 0 8.91233e-12 0 0 0.00144656 0 0 0 0 0 0 4.24366e+11 4.24366e+11 4.24366e+11 4.24366e+11 
0.1235 0.417803 -2.8822 -0.725827 -2.22549 -2.6178 6.65751e+06 3.00299e+14 8.9255e-05 0.000321395 9.52039e-17 1.54633e-08 93499.2 0 0 8.91572e-12 0 0 0.00144656 0 0 0 0 0 0 4.24454e+11 4.24454e+11 4.24454e+11 4.24454e+11 
0.124 0.422478 -2.87752 -0.721144 -2.22081 -2.62248 6.65941e+06 3.00277e+14 8.92561e-05 0.000321392 9.52322e-17 1.54621e-08 93507 0 0 8.91911e-12 0 0 0.00144656 0 0 0 0 0 0 4.24542e+11 4.24542e+11 4.24542e+11 4.24542e+11 
0.1245 0.427154 -2.87285 -0.716461 -2.21614 -2.62715 6.66131e+06 3.00255e+14 8.92571e-05 0.000321389 9.52606e-17 1.54608e-08 93514.8 0 0 8.9225e-12 0 0 0.00144656 0 0 0 0 0 0 4.2463e+11 4.2463e+11 4.2463e+11 4.2463e+11 
0.125 0.431829 -2.86817 -0.711777 -2.21146 -2.63183 6.66321e+06 3.00233e+14 8.92582e-05 0.000321386 9.52889e-17 1.54595e-08 93522.5 0 0 8.92589e-12 0 0 0.00144656 0 0 0 0 0 0 4.24718e+11 4.24718e+11 4.24718e+11 4.24718e+11 
0.1255 0.436506 -2.86349 -0.707094 -2.20678 -2.63651 6.66511e+06 3.00211e+14 8.92593e-05 0.000321383 9.53173e-17 1.54582e-08 93530.3 0 0 8.92929e-12 0 0 0.00144656 0 0 0 0 0 0 4.24806e+11 4.24806e+11 4.24806e+11 4.24806e+11 
0.126 0.441183 -2.85882 -0.70241 -2.2021 -2.64118 6.66701e+06 3.00188e+14 8.92604e-05 0.00032138 9.53457e-17 1.54569e-08 93538.1 0 0 8.93268e-12 0 0 0.00144656 0 0 0 0 0 0 4.24894e+11 4.24894e+11 4.24894e+11 4.24894e+11 
0.1265 0.44586 -2.85414 -0.697725 -2.19742 -2.64586 6.66891e+06 3.00166e+14 8.92615e-05 0.000321377 9.5374e-17 1.54556e-08 93545.8 0 0 8.93608e-12 0 0 0.00144656 0 0 0 0 0 0 4.24982e+11 4.24982e+11 4.24982e+11 4.24982e+11 
0.127 0.450537 -2.84946 -0.69304 -2.19274 -2.65054 6.67082e+06 3.00144e+14 8.92626e-05 0.000321374 9.54024e-17 1.54544e-08 93553.6 0 0 8.93947e-12 0 0 0.00144656 0 0 0 0 0 0 4.2507e+11 4.2507e+11 4.2507e+11 4.2507e+11 
0.1275 0.455215 -2.84479 -0.688355 -2.18806 -2.65521 6.67272e+06 3.00122e+14 8.92637e-05 0.000321371 9.54308e-17 1.54531e-08 93561.3 0 0 8.94287e-12 0 0 0.00144656 0 0 0 0 0 0 4.25158e+11 4.25158e+11 4.25158e+11 4.25158e+11 
0.128 0.459893 -2.84011 -0.683669 -2.18338 -2.65989 6.67462e+06 3.001e+14 8.92648e-05 0.000321368 9.54591e-17 1.54518e-08 93569.1 0 0 8.94627e-12 0 0 0.00144656 0 0 0 0 0 0 4.25246e+11 4.25246e+11 4.25246e+11 4.25246e+11 
0.1285 0.464572 -2.83543 -0.678983 -2.1787 -2.66457 6.67652e+06 3.00078e+14 8.92659e-05 0.000321365 9.54875e-17 1.54505e-08 93576.8 0 0 8.94966e-12 0 0 0.00144656 0 0 0 0 0 0 4.25334e+11 4.25334e+11 4.25334e+11 4.25334e+11 
0.129 0.469251 -2.83075 -0.674296 -2.17402 -2.66925 6.67842e+06 3.00056e+14 8.9267e-05 0.000321363 9.55159e-17 1.54493e-08 93584.6 0 0 8.95306e-12 0 0 0.00144656 0 0 0 0 0 0 4.25422e+11 4.25422e+11 4.25422e+11 4.25422e+11 
0.1295 0.47393 -2.82607 -0.669609 -2.16934 -2.67393 6.68033e+06 3.00034e+14 8.92681e-05 0.00032136 9.55443e-17 1.5448e-08 93592.4 0 0 8.95646e-12 0 0 0.00144656 0 0 0 0 0 0 4.2551e+11 4.2551e+11 4.2551e+11 4.2551e+11 
0.13 0.47861 -2.82139 -0.664922 -2.16465 -2.67861 6.68223e+06 3.00011e+14 8.92692e-05 0.000321357 9.55727e-17 1.54467e-08 93600.1 0 0 8.95986e-12 0 0 0.00144656 0 0 0 0 0 0 4.25598e+11 4.25598e+11 4.25598e+11 4.25598e+11 
0.1305 0.48329 -2.81671 -0.660235 -2.15997 -2.68329 6.68413e+06 2.99989e+14 8.92703e-05 0.000321354 9.56011e-17 1.54454e-08 93607.9 0 0 8.96326e-12 0 0 0.00144656 0 0 0 0 0 0 4.25686e+11 4.25686e+11 4.25686e+11 4.25686e+11 
0.131 0.487971 -2.81203 -0.655547 -2.15529 -2.68797 6.68604e+06 2.99967e+14 8.92714e-05 0.000321351 9.56295e-17 1.54441e-08 93615.6 0 0 8.96666e-12 0 0 0.00144656 0 0 0 0 0 0 4.25774e+11 4.25774e+11 4.25774e+11 4.25774e+11 
0.1315 0.492652 -2.80735 -0.650858 -2.1506 -2.69265 6.68794e+06 2.99945e+14 8.92725e-05 0.000321348 9.56579e-17 1.54429e-08 93623.4 0 0 8.97006e-12 0 0 0.00144656 0 0 0 0 0 0 4.25862e+11 4.25862e+11 4.25862e+11 4.25862e+11 
0.132 0.497333 -2.80267 -0.646169 -2.14592 -2.69733 6.68984e+06 2.99923e+14 8.92736e-05 0.000321345 9.56863e-17 1.54416e-08 93631.1 0 0 8.97347e-12 0 0 0.00144656 0 0 0 0 0 0 4.25949e+11 4.25949e+11 4.25949e+11 4.25949e+11 
0.1325 0.502015 -2.79798 -0.64148 -2.14124 -2.70202 6.69175e+06 2.99901e+14 8.92746e-05 0.000321342 9.57147e-17 1.54403e-08 93638.9 0 0 8.97687e-12 0 0 0.00144656 0 0 0 0 0 0 4.26037e+11 4.26037e+11 4.26037e+11 4.26037e+11 
0.133 0.506697 -2.7933 -0.63679 -2.13655 -2.7067 6.69365e+06 2.99879e+14 8.92757e-05 0.000321339 9.57431e-17 1.5439e-08 93646.6 0 0 8.98027e-12 0 0 0.00144656 0 0 0 0 0 0 4.26125e+11 4.26125e+11 4.26125e+11 4.26125e+11 
0.1335 0.51138 -2.78862 -0.632101 -2.13187 -2.71138 6.69556e+06 2.99857e+14 8.92768e-05 0.000321336 9.57715e-17 1.54378e-08 93654.4 0 0 8.98368e-12 0 0 0.00144656 0 0 0 0 0 0 4.26213e+11 4.26213e+11 4.26213e+11 4.26213e+11 
0.134 0.516063 -2.78394 -0.62741 -2.12718 -2.71606 6.69746e+06 2.99835e+14 8.92779e-05 0.000321333 9.57999e-17 1.54365e-08 93662.1 0 0 8.98708e-12 0 0 0.00144656 0 0 0 0 0 0 4.26301e+11 4.26301e+11 4.26301e+11 4.26301e+11 
0.1345 0.520746 -2.77925 -0.622719 -2.1225 -2.72075 6.69937e+06 2.99813e+14 8.9279e-05 0.00032133 9.58283e-17 1.54352e-08 93669.9 0 0 8.99049e-12 0 0 0.00144656 0 0 0 0 0 0 4.26389e+11 4.26389e+11 4.26389e+11 4.26389e+11 
0.135 0.52543 -2.77457 -0.618028 -2.11781 -2.72543 6.70127e+06 2.99791e+14 8.92801e-05 0.000321328 9.58567e-17 1.54339e-08 93677.6 0 0 8.9939e-12 0 0 0.00144656 0 0 0 0 0 0 4.26477e+11 4.26477e+11 4.26477e+11 4.26477e+11 
0.1355 0.530114 -2.76989 -0.613337 -2.11312 -2.73011 6.70318e+06 2.99769e+14 8.92812e-05 0.000321325 9.58852e-17 1.54327e-08 93685.4 0 0 8.9973e-12 0 0 0.00144656 0 0 0 0 0 0 4.26565e+11 4.26565e+11 4.26565e+11 4.26565e+11 
0.136 0.534798 -2.7652 -0.608645 -2.10844 -2.7348 6.70508e+06 2.99747e+14 8.92823e-05 0.000321322 9.59136e-17 1.54314e-08 93693.1 0 0 9.00071e-12 0 0 0.00144656 0 0 0 0 0 0 4.26653e+11 4.26653e+11 4.26653e+11 4.26653e+11 
0.1365 0.539483 -2.76052 -0.603953 -2.10375 -2.73948 6.70699e+06 2.99725e+14 8.92834e-05 0.000321319 9.5942e-17 1.54301e-08 93700.9 0 0 9.00412e-12 0 0 0.00144656 0 0 0 0 0 0 4.26741e+11 4.26741e+11 4.26741e+11 4.26741e+11 
0.137 0.544168 -2.75583 -0.59926 -2.09906 -2.74417 6.70889e+06 2.99703e+14 8.92845e-05 0.000321316 9.59705e-17 1.54288e-08 93708.6 0 0 9.00753e-12 0 0 0.00144656 0 0 0 0 0 0 4.26829e+11 4.26829e+11 4.26829e+11 4.26829e+11 
0.1375 0.548854 -2.75115 -0.594567 -2.09437 -2.74885 6.7108e+06 2.9968e+14 8.92856e-05 0.000321313 9.59989e-17 1.54276e-08 93716.4 0 0 9.01094e-12 0 0 0.00144656 0 0 0 0 0 0 4.26917e+11 4.26917e+11 4.26917e+11 4.26917e+11 
0.138 0.55354 -2.74646 -0.589873 -2.08969 -2.75354 6.7127e+06 2.99658e+14 8.92867e-05 0.00032131 9.60273e-17 1.54263e-08 93724.1 0 0 9.01435e-12 0 0 0.00144656 0 0 0 0 0 0 4.27005e+11 4.27005e+11 4.27005e+11 4.27005e+11 
0.1385 0.558226 -2.74177 -0.58518 -2.085 -2.75823 6.71461e+06 2.99636e+14 8.92878e-05 0.000321307 9.60558e-17 1.5425e-08 93731.9 0 0 9.01776e-12 0 0 0.00144656 0 0 0 0 0 0 4.27093e+11 4.27093e+11 4.27093e+11 4.27093e+11 
0.139 0.562913 -2.73709 -0.580485 -2.08031 -2.76291 6.71652e+06 2.99614e+14 8.92889e-05 0.000321304 9.60842e-17 1.54237e-08 93739.6 0 0 9.02118e-12 0 0 0.00144656 0 0 0 0 0 0 4.27181e+11 4.27181e+11 4.27181e+11 4.27181e+11 
0.1395 0.5676 -2.7324 -0.575791 -2.07562 -2.7676 6.71842e+06 2.99592e+14 8.929e-05 0.000321301 9.61127e-17 1.54225e-08 93747.4 0 0 9.02459e-12 0 0 0.00144656 0 0 0 0 0 0 4.27269e+11 4.27269e+11 4.27269e+11 4.27269e+11 
0.14 0.572288 -2.72771 -0.571096 -2.07093 -2.77229 6.72033e+06 2.9957e+14 8.92911e-05 0.000321299 9.61411e-17 1.54212e-08 93755.1 0 0 9.028e-12 0 0 0.00144656 0 0 0 0 0 0 4.27357e+11 4.27357e+11 4.27357e+11 4.27357e+11 
0.1405 0.576976 -2.72302 -0.5664 -2.06624 -2.77698 6.72224e+06 2.99548e+14 8.92922e-05 0.000321296 9.61696e-17 1.54199e-08 93762.9 0 0 9.03142e-12 0 0 0.00144656 0 0 0 0 0 0 4.27445e+11 4.27445e+11 4.27445e+11 4.27445e+11 
0.141 0.581664 -2.71834 -0.561705 -2.06155 -2.78166 6.72414e+06 2.99526e+14 8.92932e-05 0.000321293 9.61981e-17 1.54186e-08 93770.6 0 0 9.03483e-12 0 0 0.00144656 0 0 0 0 0 0 4.27533e+11 4.27533e+11 4.27533e+11 4.27533e+11 
0.1415 0.586353 -2.71365 -0.557008 -2.05686 -2.78635 6.72605e+06 2.99504e+14 8.92943e-05 0.00032129 9.62265e-17 1.54174e-08 93778.3 0 0 9.03825e-12 0 0 0.00144656 0 0 0 0 0 0 4.27621e+11 4.27621e+11 4.27621e+11 4.27621e+11 
0.142 0.591042 -2.70896 -0.552312 -2.05216 -2.79104 6.72796e+06 2.99482e+14 8.92954e-05 0.000321287 9.6255e-17 1.54161e-08 93786.1 0 0 9.04166e-12 0 0 0.00144656 0 0 0 0 0 0 4.27709e+11 4.27709e+11 4.27709e+11 4.27709e+11 
0.1425 0.595731 -2.70427 -0.547615 -2.04747 -2.79573 6.72987e+06 2.9946e+14 8.92965e-05 0.000321284 9.62835e-17 1.54148e-08 93793.8 0 0 9.04508e-12 0 0 0.00144656 0 0 0 0 0 0 4.27797e+11 4.27797e+11 4.27797e+11 4.27797e+11 
0.143 0.600421 -2.69958 -0.542918 -2.04278 -2.80042 6.73177e+06 2.99438e+14 8.92976e-05 0.000321281 9.63119e-17 1.54136e-08 93801.6 0 0 9.0485e-12 0 0 0.00144656 0 0 0 0 0 0 4.27885e+11 4.27885e+11 4.27885e+11 4.27885e+11 
0.1435 0.605112 -2.69489 -0.53822 -2.03809 -2.80511 6.73368e+06 2.99416e+14 8.92987e-05 0.000321278 9.63404e-17 1.54123e-08 93809.3 0 0 9.05192e-12 0 0 0.00144656 0 0 0 0 0 0 4.27973e+11 4.27973e+11 4.27973e+11 4.27973e+11 
0.144 0.609802 -2.6902 -0.533522 -2.03339 -2.8098 6.73559e+06 2.99394e+14 8.92998e-05 0.000321275 9.63689e-17 1.5411e-08 93817 0 0 9.05534e-12 0 0 0.00144656 0 0 0 0 0 0 4.28061e+11 4.28061e+11 4.28061e+11 4.28061e+11 
0.1445 0.614493 -2.68551 -0.528824 -2.0287 -2.81449 6.7375e+06 2.99372e+14 8.93009e-05 0.000321272 9.63974e-17 1.54098e-08 93824.8 0 0 9.05876e-12 0 0 0.00144656 0 0 0 0 0 0 4.28149e+11 4.28149e+11 4.28149e+11 4.28149e+11 
0.145 0.619185 -2.68082 -0.524125 -2.02401 -2.81918 6.73941e+06 2.99351e+14 8.9302e-05 0.00032127 9.64259e-17 1.54085e-08 93832.5 0 0 9.06218e-12 0 0 0.00144656 0 0 0 0 0 0 4.28237e+11 4.28237e+11 4.28237e+11 4.28237e+11 
0.1455 0.623877 -2.67612 -0.519425 -2.01931 -2.82388 6.74132e+06 2.99329e+14 8.93031e-05 0.000321267 9.64544e-17 1.54072e-08 93840.3 0 0 9.0656e-12 0 0 0.00144656 0 0 0 0 0 0 4.28325e+11 4.28325e+11 4.28325e+11 4.28325e+11 
0.146 0.628569 -2.67143 -0.514726 -2.01462 -2.82857 6.74323e+06 2.99307e+14 8.93042e-05 0.000321264 9.64829e-17 1.5406e-08 93848 0 0 9.06902e-12 0 0 0.00144656 0 0 0 0 0 0 4.28413e+11 4.28413e+11 4.28413e+11 4.28413e+11 
0.1465 0.633261 -2.66674 -0.510026 -2.00992 -2.83326 6.74513e+06 2.99285e+14 8.93053e-05 0.000321261 9.65114e-17 1.54047e-08 93855.7 0 0 9.07244e-12 0 0 0.00144656 0 0 0 0 0 0 4.28501e+11 4.28501e+11 4.28501e+11 4.28501e+11 
0.147 0.637954 -2.66205 -0.505325 -2.00523 -2.83795 6.74704e+06 2.99263e+14 8.93064e-05 0.000321258 9.65399e-17 1.54034e-08 93863.5 0 0 9.07587e-12 0 0 0.00144656 0 0 0 0 0 0 4.28589e+11 4.28589e+11 4.28589e+11 4.28589e+11 
0.1475 0.642648 -2.65735 -0.500625 -2.00053 -2.84265 6.74895e+06 2.99241e+14 8.93075e-05 0.000321255 9.65684e-17 1.54021e-08 93871.2 0 0 9.07929e-12 0 0 0.00144656 0 0 0 0 0 0 4.28677e+11 4.28677e+11 4.28677e+11 4.28677e+11 
0.148 0.647341 -2.65266 -0.495924 -1.99584 -2.84734 6.75086e+06 2.99219e+14 8.93086e-05 0.000321252 9.65969e-17 1.54009e-08 93878.9 0 0 9.08272e-12 0 0 0.00144656 0 0 0 0 0 0 4.28765e+11 4.28765e+11 4.28765e+11 4.28765e+11 
0.1485 0.652036 -2.64796 -0.491222 -1.99114 -2.85204 6.75277e+06 2.99197e+14 8.93096e-05 0.000321249 9.66254e-17 1.53996e-08 93886.7 0 0 9.08614e-12 0 0 0.00144656 0 0 0 0 0 0 4.28853e+11 4.28853e+11 4.28853e+11 4.28853e+11 
0.149 0.65673 -2.64327 -0.48652 -1.98644 -2.85673 6.75468e+06 2.99175e+14 8.93107e-05 0.000321247 9.66539e-17 1.53983e-08 93894.4 0 0 9.08957e-12 0 0 0.00144656 0 0 0 0 0 0 4.28941e+11 4.28941e+11 4.28941e+11 4.28941e+11 
0.1495 0.661425 -2.63858 -0.481818 -1.98175 -2.86142 6.75659e+06 2.99153e+14 8.93118e-05 0.000321244 9.66824e-17 1.53971e-08 93902.1 0 0 9.093e-12 0 0 0.00144656 0 0 0 0 0 0 4.29029e+11 4.29029e+11 4.29029e+11 4.29029e+11 
0.15 0.66612 -2.63388 -0.477115 -1.97705 -2.86612 6.7585e+06 2.99131e+14 8.93129e-05 0.000321241 9.6711e-17 1.53958e-08 93909.9 0 0 9.09642e-12 0 0 0.00144656 0 0 0 0 0 0 4.29117e+11 4.29117e+11 4.29117e+11 4.29117e+11 
0.1505 0.670816 -2.62918 -0.472412 -1.97235 -2.87082 6.76042e+06 2.99109e+14 8.9314e-05 0.000321238 9.67395e-17 1.53945e-08 93917.6 0 0 9.09985e-12 0 0 0.00144656 0 0 0 0 0 0 4.29205e+11 4.29205e+11 4.29205e+11 4.29205e+11 
0.151 0.675512 -2.62449 -0.467708 -1.96765 -2.87551 6.76233e+06 2.99087e+14 8.93151e-05 0.000321235 9.6768e-17 1.53933e-08 93925.3 0 0 9.10328e-12 0 0 0.00144656 0 0 0 0 0 0 4.29293e+11 4.29293e+11 4.29293e+11 4.29293e+11 
0.1515 0.680209 -2.61979 -0.463005 -1.96295 -2.88021 6.76424e+06 2.99065e+14 8.93162e-05 0.000321232 9.67965e-17 1.5392e-08 93933.1 0 0 9.10671e-12 0 0 0.00144656 0 0 0 0 0 0 4.29381e+11 4.29381e+11 4.29381e+11 4.29381e+11 
0.152 0.684905 -2.61509 -0.4583 -1.95825 -2.88491 6.76615e+06 2.99044e+14 8.93173e-05 0.000321229 9.68251e-17 1.53908e-08 93940.8 0 0 9.11014e-12 0 0 0.00144656 0 0 0 0 0 0 4.29469e+11 4.29469e+11 4.29469e+11 4.29469e+11 
0.1525 0.689603 -2.6104 -0.453596 -1.95355 -2.8896 6.76806e+06 2.99022e+14 8.93184e-05 0.000321226 9.68536e-17 1.53895e-08 93948.5 0 0 9.11357e-12 0 0 0.00144656 0 0 0 0 0 0 4.29557e+11 4.29557e+11 4.29557e+11 4.29557e+11 
0.153 0.6943 -2.6057 -0.448891 -1.94885 -2.8943 6.76997e+06 2.99e+14 8.93195e-05 0.000321223 9.68822e-17 1.53882e-08 93956.3 0 0 9.11701e-12 0 0 0.00144656 0 0 0 0 0 0 4.29645e+11 4.29645e+11 4.29645e+11 4.29645e+11 
0.1535 0.698998 -2.601 -0.444185 -1.94415 -2.899 6.77188e+06 2.98978e+14 8.93206e-05 0.000321221 9.69107e-17 1.5387e-08 93964 0 0 9.12044e-12 0 0 0.00144656 0 0 0 0 0 0 4.29733e+11 4.29733e+11 4.29733e+11 4.29733e+11 
0.154 0.703697 -2.5963 -0.43948 -1.93945 -2.9037 6.7738e+06 2.98956e+14 8.93217e-05 0.000321218 9.69393e-17 1.53857e-08 93971.7 0 0 9.12387e-12 0 0 0.00144656 0 0 0 0 0 0 4.29821e+11 4.29821e+11 4.29821e+11 4.29821e+11 
0.1545 0.708395 -2.5916 -0.434773 -1.93475 -2.9084 6.77571e+06 2.98934e+14 8.93228e-05 0.000321215 9.69678e-17 1.53844e-08 93979.4 0 0 9.12731e-12 0 0 0.00144656 0 0 0 0 0 0 4.29909e+11 4.29909e+11 4.29909e+11 4.29909e+11 
0.155 0.713095 -2.58691 -0.430067 -1.93005 -2.91309 6.77762e+06 2.98912e+14 8.93239e-05 0.000321212 9.69964e-17 1.53832e-08 93987.2 0 0 9.13074e-12 0 0 0.00144656 0 0 0 0 0 0 4.29997e+11 4.29997e+11 4.29997e+11 4.29997e+11 
0.1555 0.717794 -2.58221 -0.42536 -1.92535 -2.91779 6.77953e+06 2.9889e+14 8.9325e-05 0.000321209 9.70249e-17 1.53819e-08 93994.9 0 0 9.13418e-12 0 0 0.00144656 0 0 0 0 0 0 4.30085e+11 4.30085e+11 4.30085e+11 4.30085e+11 
0.156 0.722494 -2.57751 -0.420653 -1.92065 -2.92249 6.78145e+06 2.98868e+14 8.93261e-05 0.000321206 9.70535e-17 1.53806e-08 94002.6 0 0 9.13761e-12 0 0 0.00144656 0 0 0 0 0 0 4.30173e+11 4.30173e+11 4.30173e+11 4.30173e+11 
0.1565 0.727194 -2.57281 -0.415945 -1.91594 -2.92719 6.78336e+06 2.98847e+14 8.93271e-05 0.000321203 9.70821e-17 1.53794e-08 94010.3 0 0 9.14105e-12 0 0 0.00144656 0 0 0 0 0 0 4.30261e+11 4.30261e+11 4.30261e+11 4.30261e+11 
0.157 0.731895 -2.5681 -0.411237 -1.91124 -2.9319 6.78527e+06 2.98825e+14 8.93282e-05 0.000321201 9.71106e-17 1.53781e-08 94018.1 0 0 9.14449e-12 0 0 0.00144656 0 0 0 0 0 0 4.30349e+11 4.30349e+11 4.30349e+11 4.30349e+11 
0.1575 0.736596 -2.5634 -0.406528 -1.90654 -2.9366 6.78719e+06 2.98803e+14 8.93293e-05 0.000321198 9.71392e-17 1.53769e-08 94025.8 0 0 9.14793e-12 0 0 0.00144656 0 0 0 0 0 0 4.30437e+11 4.30437e+11 4.30437e+11 4.30437e+11 
0.158 0.741298 -2.5587 -0.401819 -1.90183 -2.9413 6.7891e+06 2.98781e+14 8.93304e-05 0.000321195 9.71678e-17 1.53756e-08 94033.5 0 0 9.15137e-12 0 0 0.00144656 0 0 0 0 0 0 4.30525e+11 4.30525e+11 4.30525e+11 4.30525e+11 
0.1585 0.746 -2.554 -0.39711 -1.89713 -2.946 6.79101e+06 2.98759e+14 8.93315e-05 0.000321192 9.71964e-17 1.53743e-08 94041.2 0 0 9.15481e-12 0 0 0.00144656 0 0 0 0 0 0 4.30613e+11 4.30613e+11 4.30613e+11 4.30613e+11 
0.159 0.750702 -2.5493 -0.392401 -1.89242 -2.9507 6.79293e+06 2.98737e+14 8.93326e-05 0.000321189 9.72249e-17 1.53731e-08 94049 0 0 9.15825e-12 0 0 0.00144656 0 0 0 0 0 0 4.30701e+11 4.30701e+11 4.30701e+11 4.30701e+11 
0.1595 0.755404 -2.5446 -0.387691 -1.88772 -2.9554 6.79484e+06 2.98716e+14 8.93337e-05 0.000321186 9.72535e-17 1.53718e-08 94056.7 0 0 9.16169e-12 0 0 0.00144656 0 0 0 0 0 0 4.30789e+11 4.30789e+11 4.30789e+11 4.30789e+11 
0.16 0.760107 -2.53989 -0.38298 -1.88301 -2.96011 6.79676e+06 2.98694e+14 8.93348e-05 0.000321183 9.72821e-17 1.53705e-08 94064.4 0 0 9.16513e-12 0 0 0.00144656 0 0 0 0 0 0 4.30877e+11 4.30877e+11 4.30877e+11 4.30877e+11 
0.1605 0.764811 -2.53519 -0.378269 -1.87831 -2.96481 6.79867e+06 2.98672e+14 8.93359e-05 0.00032118 9.73107e-17 1.53693e-08 94072.1 0 0 9.16857e-12 0 0 0.00144656 0 0 0 0 0 0 4.30965e+11 4.30965e+11 4.30965e+11 4.30965e+11 
0.161 0.769515 -2.53049 -0.373558 -1.8736 -2.96951 6.80058e+06 2.9865e+14 8.9337e-05 0.000321178 9.73393e-17 1.5368e-08 94079.9 0 0 9.17202e-12 0 0 0.00144656 0 0 0 0 0 0 4.31053e+11 4.31053e+11 4.31053e+11 4.31053e+11 
0.1615 0.774219 -2.52578 -0.368847 -1.86889 -2.97422 6.8025e+06 2.98628e+14 8.93381e-05 0.000321175 9.73679e-17 1.53668e-08 94087.6 0 0 9.17546e-12 0 0 0.00144656 0 0 0 0 0 0 4.31141e+11 4.31141e+11 4.31141e+11 4.31141e+11 
0.162 0.778923 -2.52108 -0.364135 -1.86419 -2.97892 6.80441e+06 2.98606e+14 8.93392e-05 0.000321172 9.73965e-17 1.53655e-08 94095.3 0 0 9.1789e-12 0 0 0.00144656 0 0 0 0 0 0 4.31229e+11 4.31229e+11 4.31229e+11 4.31229e+11 
0.1625 0.783628 -2.51637 -0.359422 -1.85948 -2.98363 6.80633e+06 2.98584e+14 8.93403e-05 0.000321169 9.74251e-17 1.53642e-08 94103 0 0 9.18235e-12 0 0 0.00144656 0 0 0 0 0 0 4.31317e+11 4.31317e+11 4.31317e+11 4.31317e+11 
0.163 0.788334 -2.51167 -0.35471 -1.85477 -2.98833 6.80825e+06 2.98563e+14 8.93414e-05 0.000321166 9.74537e-17 1.5363e-08 94110.7 0 0 9.1858e-12 0 0 0.00144656 0 0 0 0 0 0 4.31405e+11 4.31405e+11 4.31405e+11 4.31405e+11 
0.1635 0.793039 -2.50696 -0.349997 -1.85006 -2.99304 6.81016e+06 2.98541e+14 8.93425e-05 0.000321163 9.74824e-17 1.53617e-08 94118.4 0 0 9.18924e-12 0 0 0.00144656 0 0 0 0 0 0 4.31493e+11 4.31493e+11 4.31493e+11 4.31493e+11 
0.164 0.797746 -2.50225 -0.345283 -1.84536 -2.99775 6.81208e+06 2.98519e+14 8.93435e-05 0.00032116 9.7511e-17 1.53605e-08 94126.2 0 0 9.19269e-12 0 0 0.00144656 0 0 0 0 0 0 4.31581e+11 4.31581e+11 4.31581e+11 4.31581e+11 
0.1645 0.802452 -2.49755 -0.340569 -1.84065 -3.00245 6.81399e+06 2.98497e+14 8.93446e-05 0.000321158 9.75396e-17 1.53592e-08 94133.9 0 0 9.19614e-12 0 0 0.00144656 0 0 0 0 0 0 4.31669e+11 4.31669e+11 4.31669e+11 4.31669e+11 
0.165 0.807159 -2.49284 -0.335855 -1.83594 -3.00716 6.81591e+06 2.98475e+14 8.93457e-05 0.000321155 9.75682e-17 1.53579e-08 94141.6 0 0 9.19959e-12 0 0 0.00144656 0 0 0 0 0 0 4.31757e+11 4.31757e+11 4.31757e+11 4.31757e+11 
0.1655 0.811866 -2.48813 -0.33114 -1.83123 -3.01187 6.81783e+06 2.98453e+14 8.93468e-05 0.000321152 9.75968e-17 1.53567e-08 94149.3 0 0 9.20304e-12 0 0 0.00144656 0 0 0 0 0 0 4.31845e+11 4.31845e+11 4.31845e+11 4.31845e+11 
0.166 0.816574 -2.48343 -0.326425 -1.82652 -3.01657 6.81974e+06 2.98431e+14 8.93479e-05 0.000321149 9.76255e-17 1.53554e-08 94157 0 0 9.20649e-12 0 0 0.00144656 0 0 0 0 0 0 4.31932e+11 4.31932e+11 4.31932e+11 4.31932e+11 
0.1665 0.821282 -2.47872 -0.32171 -1.82181 -3.02128 6.82166e+06 2.98409e+14 8.9349e-05 0.000321146 9.76541e-17 1.53541e-08 94164.7 0 0 9.20994e-12 0 0 0.00144656 0 0 0 0 0 0 4.3202e+11 4.3202e+11 4.3202e+11 4.3202e+11 
0.167 0.82599 -2.47401 -0.316994 -1.8171 -3.02599 6.82358e+06 2.98388e+14 8.93501e-05 0.000321143 9.76827e-17 1.53529e-08 94172.5 0 0 9.21339e-12 0 0 0.00144656 0 0 0 0 0 0 4.32108e+11 4.32108e+11 4.32108e+11 4.32108e+11 
0.1675 0.830699 -2.4693 -0.312278 -1.81238 -3.0307 6.82549e+06 2.98366e+14 8.93512e-05 0.00032114 9.77114e-17 1.53516e-08 94180.2 0 0 9.21684e-12 0 0 0.00144656 0 0 0 0 0 0 4.32196e+11 4.32196e+11 4.32196e+11 4.32196e+11 
0.168 0.835408 -2.46459 -0.307561 -1.80767 -3.03541 6.82741e+06 2.98344e+14 8.93523e-05 0.000321137 9.774e-17 1.53503e-08 94187.9 0 0 9.2203e-12 0 0 0.00144656 0 0 0 0 0 0 4.32283e+11 4.32283e+11 4.32283e+11 4.32283e+11 
0.1685 0.840118 -2.45988 -0.302844 -1.80296 -3.04012 6.82933e+06 2.98321e+14 8.93534e-05 0.000321134 9.77687e-17 1.53491e-08 94195.6 0 0 9.22375e-12 0 0 0.00144656 0 0 0 0 0 0 4.32371e+11 4.32371e+11 4.32371e+11 4.32371e+11 
0.169 0.844828 -2.45517 -0.298127 -1.79825 -3.04483 6.83125e+06 2.98299e+14 8.93545e-05 0.000321131 9.77973e-17 1.53478e-08 94203.3 0 0 9.2272e-12 0 0 0.00144656 0 0 0 0 0 0 4.32458e+11 4.32458e+11 4.32458e+11 4.32458e+11 
0.1695 0.849538 -2.45046 -0.293409 -1.79354 -3.04954 6.83316e+06 2.98277e+14 8.93556e-05 0.000321128 9.7826e-17 1.53465e-08 94211 0 0 9.23066e-12 0 0 0.00144656 0 0 0 0 0 0 4.32545e+11 4.32545e+11 4.32545e+11 4.32545e+11 
0.17 0.854249 -2.44575 -0.288691 -1.78882 -3.05425 6.83508e+06 2.98255e+14 8.93567e-05 0.000321125 9.78546e-17 1.53452e-08 94218.7 0 0 9.23411e-12 0 0 0.00144656 0 0 0 0 0 0 4.32632e+11 4.32632e+11 4.32632e+11 4.32632e+11 
0.1705 0.85896 -2.44104 -0.283973 -1.78411 -3.05896 6.837e+06 2.98232e+14 8.93578e-05 0.000321122 9.78833e-17 1.53439e-08 94226.4 0 0 9.23757e-12 0 0 0.00144656 0 0 0 0 0 0 4.32719e+11 4.32719e+11 4.32719e+11 4.32719e+11 
0.171 0.863672 -2.43633 -0.279254 -1.7794 -3.06367 6.83892e+06 2.9821e+14 8.93589e-05 0.000321119 9.7912e-17 1.53426e-08 94234.1 0 0 9.24103e-12 0 0 0.00144656 0 0 0 0 0 0 4.32806e+11 4.32806e+11 4.32806e+11 4.32806e+11 
0.1715 0.868384 -2.43162 -0.274535 -1.77468 -3.06838 6.84084e+06 2.98187e+14 8.93599e-05 0.000321116 9.79406e-17 1.53413e-08 94241.9 0 0 9.24449e-12 0 0 0.00144656 0 0 0 0 0 0 4.32892e+11 4.32892e+11 4.32892e+11 4.32892e+11 
0.172 0.873096 -2.4269 -0.269815 -1.76997 -3.0731 6.84276e+06 2.98164e+14 8.9361e-05 0.000321113 9.79693e-17 1.534e-08 94249.6 0 0 9.24795e-12 0 0 0.00144656 0 0 0 0 0 0 4.32978e+11 4.32978e+11 4.32978e+11 4.32978e+11 
0.1725 0.877809 -2.42219 -0.265095 -1.76525 -3.07781 6.84468e+06 2.98141e+14 8.93621e-05 0.00032111 9.7998e-17 1.53386e-08 94257.3 0 0 9.2514e-12 0 0 0.00144656 0 0 0 0 0 0 4.33064e+11 4.33064e+11 4.33064e+11 4.33064e+11 
0.173 0.882522 -2.41748 -0.260375 -1.76054 -3.08252 6.84659e+06 2.98118e+14 8.93632e-05 0.000321107 9.80267e-17 1.53372e-08 94265 0 0 9.25486e-12 0 0 0.00144656 0 0 0 0 0 0 4.33149e+11 4.33149e+11 4.33149e+11 4.33149e+11 
0.1735 0.887235 -2.41276 -0.255654 -1.75582 -3.08724 6.84851e+06 2.98094e+14 8.93643e-05 0.000321103 9.80553e-17 1.53359e-08 94272.7 0 0 9.25833e-12 0 0 0.00144656 0 0 0 0 0 0 4.33234e+11 4.33234e+11 4.33234e+11 4.33234e+11 
0.174 0.891949 -2.40805 -0.250933 -1.7511 -3.09195 6.85043e+06 2.9807e+14 8.93654e-05 0.0003211 9.8084e-17 1.53345e-08 94280.4 0 0 9.26179e-12 0 0 0.00144656 0 0 0 0 0 0 4.33317e+11 4.33317e+11 4.33317e+11 4.33317e+11 
0.1745 0.896663 -2.40334 -0.246211 -1.74639 -3.09666 6.85235e+06 2.98045e+14 8.93665e-05 0.000321096 9.81127e-17 1.5333e-08 94288.1 0 0 9.26525e-12 0 0 0.00144656 0 0 0 0 0 0 4.33401e+11 4.33401e+11 4.33401e+11 4.33401e+11 
0.175 0.901378 -2.39862 -0.241489 -1.74167 -3.10138 6.85427e+06 2.9802e+14 8.93676e-05 0.000321092 9.81414e-17 1.53316e-08 94295.8 0 0 9.26871e-12 0 0 0.00144656 0 0 0 0 0 0 4.33483e+11 4.33483e+11 4.33483e+11 4.33483e+11 
0.1755 0.906093 -2.39391 -0.236767 -1.73695 -3.10609 6.85619e+06 2.97995e+14 8.93687e-05 0.000321088 9.81701e-17 1.533e-08 94303.5 0 0 9.27218e-12 0 0 0.00144656 0 0 0 0 0 0 4.33563e+11 4.33563e+11 4.33563e+11 4.33563e+11 
0.176 0.910808 -2.38919 -0.232044 -1.73223 -3.11081 6.85811e+06 2.97968e+14 8.93698e-05 0.000321084 9.81988e-17 1.53285e-08 94311.2 0 0 9.27564e-12 0 0 0.00144656 0 0 0 0 0 0 4.33643e+11 4.33643e+11 4.33643e+11 4.33643e+11 
0.1765 0.915524 -2.38448 -0.227321 -1.72751 -3.11552 6.86003e+06 2.9794e+14 8.93709e-05 0.00032108 9.82275e-17 1.53268e-08 94318.9 0 0 9.2791e-12 0 0 0.00144656 0 0 0 0 0 0 4.3372e+11 4.3372e+11 4.3372e+11 4.3372e+11 
0.177 0.92024 -2.37976 -0.222598 -1.72279 -3.12024 6.86195e+06 2.97912e+14 8.9372e-05 0.000321075 9.82562e-17 1.53251e-08 94326.6 0 0 9.28257e-12 0 0 0.00144656 0 0 0 0 0 0 4.33796e+11 4.33796e+11 4.33796e+11 4.33796e+11 
0.1775 0.924956 -2.37504 -0.217874 -1.71807 -3.12496 6.86388e+06 2.97881e+14 8.93731e-05 0.00032107 9.82849e-17 1.53233e-08 94334.3 0 0 9.28603e-12 0 0 0.00144656 0 0 0 0 0 0 4.33869e+11 4.33869e+11 4.33869e+11 4.33869e+11 
0.178 0.929673 -2.37033 -0.21315 -1.71335 -3.12967 6.8658e+06 2.97849e+14 8.93742e-05 0.000321064 9.83136e-17 1.53214e-08 94342 0 0 9.2895e-12 0 0 0.00144656 0 0 0 0 0 0 4.33939e+11 4.33939e+11 4.33939e+11 4.33939e+11 
0.1785 0.934391 -2.36561 -0.208425 -1.70863 -3.13439 6.86772e+06 2.97815e+14 8.93753e-05 0.000321058 9.83423e-17 1.53194e-08 94349.7 0 0 9.29297e-12 0 0 0.00144656 0 0 0 0 0 0 4.34006e+11 4.34006e+11 4.34006e+11 4.34006e+11 
0.179 0.939108 -2.36089 -0.2037 -1.70391 -3.13911 6.86964e+06 2.97779e+14 8.93763e-05 0.000321051 9.8371e-17 1.53172e-08 94357.4 0 0 9.29644e-12 0 0 0.00144656 0 0 0 0 0 0 4.34068e+11 4.34068e+11 4.34068e+11 4.34068e+11 
0.1795 0.943826 -2.35617 -0.198975 -1.69919 -3.14383 6.87156e+06 2.9774e+14 8.93774e-05 0.000321043 9.83997e-17 1.53148e-08 94365.1 0 0 9.2999e-12 0 0 0.00144656 0 0 0 0 0 0 4.34125e+11 4.34125e+11 4.34125e+11 4.34125e+11 
0.18 0.948545 -2.35146 -0.194249 -1.69447 -3.14854 6.87348e+06 2.97697e+14 8.93785e-05 0.000321034 9.84285e-17 1.53122e-08 94372.8 0 0 9.30337e-12 0 0 0.00144656 0 0 0 0 0 0 4.34176e+11 4.34176e+11 4.34176e+11 4.34176e+11 
0.1805 0.953264 -2.34674 -0.189523 -1.68974 -3.15326 6.8754e+06 2.9765e+14 8.93796e-05 0.000321025 9.84572e-17 1.53093e-08 94380.5 0 0 9.30684e-12 0 0 0.00144656 0 0 0 0 0 0 4.34219e+11 4.34219e+11 4.34219e+11 4.34219e+11 
0.181 0.957983 -2.34202 -0.184796 -1.68502 -3.15798 6.87732e+06 2.97598e+14 8.93807e-05 0.000321013 9.84859e-17 1.5306e-08 94388.2 0 0 9.31031e-12 0 0 0.00144656 0 0 0 0 0 0 4.34254e+11 4.34254e+11 4.34254e+11 4.34254e+11 
0.1815 0.962702 -2.3373 -0.180069 -1.68029 -3.1627 6.87925e+06 2.97539e+14 8.93818e-05 0.000321 9.85146e-17 1.53024e-08 94395.9 0 0 9.31378e-12 0 0 0.00144656 0 0 0 0 0 0 4.34277e+11 4.34277e+11 4.34277e+11 4.34277e+11 
0.182 0.967422 -2.33258 -0.175342 -1.67556 -3.16742 6.88117e+06 2.97474e+14 8.93829e-05 0.000320985 9.85433e-17 1.52983e-08 94403.6 0 0 9.31725e-12 0 0 0.00144656 0 0 0 0 0 0 4.34288e+11 4.34288e+11 4.34288e+11 4.34288e+11 
0.1825 0.972143 -2.32786 -0.170614 -1.67084 -3.17214 6.88309e+06 2.97399e+14 8.9384e-05 0.000320968 9.85721e-17 1.52937e-08 94411.3 0 0 9.32072e-12 0 0 0.00144656 0 0 0 0 0 0 4.34284e+11 4.34284e+11 4.34284e+11 4.34284e+11 
0.183 0.976864 -2.32314 -0.165886 -1.66611 -3.17686 6.88501e+06 2.97315e+14 8.93851e-05 0.000320947 9.86008e-17 1.52883e-08 94418.9 0 0 9.32419e-12 0 0 0.00144656 0 0 0 0 0 0 4.34261e+11 4.34261e+11 4.34261e+11 4.34261e+11 
0.1835 0.981585 -2.31842 -0.161158 -1.66137 -3.18158 6.88693e+06 2.97217e+14 8.93862e-05 0.000320924 9.86295e-17 1.52822e-08 94426.6 0 0 9.32766e-12 0 0 0.00144656 0 0 0 0 0 0 4.34215e+11 4.34215e+11 4.34215e+11 4.34215e+11 
0.184 0.986306 -2.31369 -0.156429 -1.65664 -3.18631 6.88885e+06 2.97104e+14 8.93873e-05 0.000320896 9.86582e-17 1.52751e-08 94434.3 0 0 9.33113e-12 0 0 0.00144656 0 0 0 0 0 0 4.34143e+11 4.34143e+11 4.34143e+11 4.34143e+11 
0.1845 0.991028 -2.30897 -0.1517 -1.6519 -3.19103 6.89078e+06 2.96974e+14 8.93884e-05 0.000320862 9.8687e-17 1.52668e-08 94442 0 0 9.33459e-12 0 0 0.00144656 0 0 0 0 0 0 4.34039e+11 4.34039e+11 4.34039e+11 4.34039e+11 
0.185 0.99575 -2.30425 -0.14697 -1.64716 -3.19575 6.8927e+06 2.96821e+14 8.93894e-05 0.000320823 9.87157e-17 1.5257e-08 94449.7 0 0 9.33806e-12 0 0 0.00144656 0 0 0 0 0 0 4.33896e+11 4.33896e+11 4.33896e+11 4.33896e+11 
0.1855 1.00047 -2.29953 -0.14224 -1.64242 -3.20047 6.89462e+06 2.96642e+14 8.93905e-05 0.000320777 9.87444e-17 1.52456e-08 94457.3 0 0 9.34153e-12 0 0 0.00144656 0 0 0 0 0 0 4.33708e+11 4.33708e+11 4.33708e+11 4.33708e+11 
0.186 1.0052 -2.2948 -0.13751 -1.63768 -3.2052 6.89654e+06 2.96431e+14 8.93916e-05 0.000320721 9.87731e-17 1.52322e-08 94465 0 0 9.34499e-12 0 0 0.00144656 0 0 0 0 0 0 4.33463e+11 4.33463e+11 4.33463e+11 4.33463e+11 
0.1865 1.00992 -2.29008 -0.132779 -1.63292 -3.20992 6.89846e+06 2.96183e+14 8.93927e-05 0.000320656 9.88018e-17 1.52163e-08 94472.7 0 0 9.34845e-12 0 0 0.00144656 0 0 0 0 0 0 4.33153e+11 4.33153e+11 4.33153e+11 4.33153e+11 
0.187 1.01464 -2.28536 -0.128048 -1.62817 -3.21464 6.90037e+06 2.9589e+14 8.93938e-05 0.000320577 9.88304e-17 1.51975e-08 94480.3 0 0 9.35191e-12 0 0 0.00144656 0 0 0 0 0 0 4.32762e+11 4.32762e+11 4.32762e+11 4.32762e+11 
0.1875 1.01937 -2.28063 -0.123317 -1.62341 -3.21937 6.90229e+06 2.95541e+14 8.93949e-05 0.000320484 9.88591e-17 1.51752e-08 94488 0 0 9.35537e-12 0 0 0.00144656 0 0 0 0 0 0 4.32275e+11 4.32275e+11 4.32275e+11 4.32275e+11 
0.188 1.02409 -2.27591 -0.118585 -1.61864 -3.22409 6.90421e+06 2.95128e+14 8.9396e-05 0.000320372 9.88878e-17 1.51487e-08 94495.6 0 0 9.35882e-12 0 0 0.00144656 0 0 0 0 0 0 4.31674e+11 4.31674e+11 4.31674e+11 4.31674e+11 
0.1885 1.02882 -2.27118 -0.113853 -1.61386 -3.22882 6.90612e+06 2.94636e+14 8.93971e-05 0.000320238 9.89164e-17 1.51171e-08 94503.2 0 0 9.36226e-12 0 0 0.00144656 0 0 0 0 0 0 4.30934e+11 4.30934e+11 4.30934e+11 4.30934e+11 
0.189 1.03354 -2.26646 -0.10912 -1.60907 -3.23354 6.90803e+06 2.94049e+14 8.93981e-05 0.000320078 9.8945e-17 1.50795e-08 94510.8 0 0 9.3657e-12 0 0 0.00144656 0 0 0 0 0 0 4.30028e+11 4.30028e+11 4.30028e+11 4.30028e+11 
0.1895 1.03827 -2.26173 -0.104387 -1.60426 -3.23827 6.90995e+06 2.93349e+14 8.93992e-05 0.000319885 9.89735e-17 1.50345e-08 94518.4 0 0 9.36913e-12 0 0 0.00144656 0 0 0 0 0 0 4.28923e+11 4.28923e+11 4.28923e+11 4.28923e+11 
0.19 1.04299 -2.25701 -0.0996537 -1.59944 -3.24299 6.91185e+06 2.92513e+14 8.94003e-05 0.000319655 9.9002e-17 1.49809e-08 94526 0 0 9.37255e-12 0 0 0.00144656 0 0 0 0 0 0 4.27578e+11 4.27578e+11 4.27578e+11 4.27578e+11 
0.1905 1.04772 -2.25228 -0.09492 -1.5946 -3.24772 6.91376e+06 2.91513e+14 8.94014e-05 0.000319378 9.90305e-17 1.49167e-08 94533.5 0 0 9.37596e-12 0 0 0.00144656 0 0 0 0 0 0 4.25946e+11 4.25946e+11 4.25946e+11 4.25946e+11 
0.191 1.05245 -2.24755 -0.0901859 -1.58974 -3.25245 6.91566e+06 2.90316e+14 8.94024e-05 0.000319045 9.90589e-17 1.484e-08 94541.1 0 0 9.37936e-12 0 0 0.00144656 0 0 0 0 0 0 4.23969e+11 4.23969e+11 4.23969e+11 4.23969e+11 
0.1915 1.05717 -2.24283 -0.0854515 -1.58485 -3.25717 6.91755e+06 2.88882e+14 8.94035e-05 0.000318645 9.90872e-17 1.47481e-08 94548.5 0 0 9.38274e-12 0 0 0.00144656 0 0 0 0 0 0 4.21578e+11 4.21578e+11 4.21578e+11 4.21578e+11 
0.192 1.0619 -2.2381 -0.0807168 -1.57993 -3.2619 6.91944e+06 2.87162e+14 8.94046e-05 0.000318163 9.91155e-17 1.46382e-08 94556 0 0 9.38609e-12 0 0 0.00144656 0 0 0 0 0 0 4.18688e+11 4.18688e+11 4.18688e+11 4.18688e+11 
0.1925 1.06663 -2.23337 -0.0759817 -1.57497 -3.26663 6.92132e+06 2.85098e+14 8.94056e-05 0.000317582 9.91436e-17 1.45064e-08 94563.4 0 0 9.38942e-12 0 0 0.00144656 0 0 0 0 0 0 4.15201e+11 4.15201e+11 4.15201e+11 4.15201e+11 
0.193 1.07136 -2.22864 -0.0712462 -1.56995 -3.27136 6.92319e+06 2.8262e+14 8.94067e-05 0.00031688 9.91716e-17 1.43486e-08 94570.7 0 0 9.39272e-12 0 0 0.00144656 0 0 0 0 0 0 4.10994e+11 4.10994e+11 4.10994e+11 4.10994e+11 
0.1935 1.07609 -2.22391 -0.0665105 -1.56488 -3.27609 6.92506e+06 2.79641e+14 8.94077e-05 0.000316032 9.91994e-17 1.41593e-08 94578 0 0 9.39599e-12 0 0 0.00144656 0 0 0 0 0 0 4.05924e+11 4.05924e+11 4.05924e+11 4.05924e+11 
0.194 1.08082 -2.21918 -0.0617744 -1.55973 -3.28082 6.9269e+06 2.76058e+14 8.94087e-05 0.000315004 9.9227e-17 1.39324e-08 94585.2 0 0 9.39921e-12 0 0 0.00144656 0 0 0 0 0 0 3.99815e+11 3.99815e+11 3.99815e+11 3.99815e+11 
0.1945 1.08555 -2.21445 -0.057038 -1.55449 -3.28555 6.92874e+06 2.71744e+14 8.94098e-05 0.000313756 9.92544e-17 1.36604e-08 94592.2 0 0 9.40237e-12 0 0 0.00144656 0 0 0 0 0 0 3.92456e+11 3.92456e+11 3.92456e+11 3.92456e+11 
0.195 1.09028 -2.20972 -0.0523014 -1.54913 -3.29028 6.93055e+06 2.66543e+14 8.94108e-05 0.000312236 9.92815e-17 1.3334e-08 94599.2 0 0 9.40547e-12 0 0 0.00144656 0 0 0 0 0 0 3.83595e+11 3.83595e+11 3.83595e+11 3.83595e+11 
0.1955 1.09501 -2.20499 -0.0475645 -1.54362 -3.29501 6.93235e+06 2.60265e+14 8.94117e-05 0.000310378 9.93083e-17 1.29425e-08 94606 0 0 9.40849e-12 0 0 0.00144656 0 0 0 0 0 0 3.72925e+11 3.72925e+11 3.72925e+11 3.72925e+11 
0.196 1.09974 -2.20026 -0.0428274 -1.53793 -3.29974 6.93411e+06 2.52675e+14 8.94127e-05 0.000308098 9.93346e-17 1.24727e-08 94612.6 0 0 9.41142e-12 0 0 0.00144656 0 0 0 0 0 0 3.60076e+11 3.60076e+11 3.60076e+11 3.60076e+11 
0.1965 1.10447 -2.19553 -0.03809 -1.532 -3.30447 6.93585e+06 2.43479e+14 8.94136e-05 0.000305282 9.93605e-17 1.1909e-08 94619.1 0 0 9.41424e-12 0 0 0.00144656 0 0 0 0 0 0 3.44602e+11 3.44602e+11 3.44602e+11 3.44602e+11 
0.197 1.1092 -2.1908 -0.0333525 -1.52575 -3.3092 6.93754e+06 2.3231e+14 8.94145e-05 0.000301781 9.93858e-17 1.12324e-08 94625.2 0 0 9.41691e-12 0 0 0.00144656 0 0 0 0 0 0 3.25958e+11 3.25958e+11 3.25958e+11 3.25958e+11 
0.1975 1.11393 -2.18607 -0.0286149 -1.51907 -3.31393 6.93919e+06 2.187e+14 8.94154e-05 0.000297384 9.94103e-17 1.04202e-08 94631 0 0 9.41943e-12 0 0 0.00144655 0 0 0 0 0 0 3.03485e+11 3.03485e+11 3.03485e+11 3.03485e+11 
0.198 1.11866 -2.18134 -0.0238772 -1.51179 -3.31866 6.94078e+06 2.02044e+14 8.94158e-05 0.000291785 9.94337e-17 9.44534e-09 94633.9 0 0 9.42064e-12 0 0 0.00144655 0 0 0 0 0 0 2.76376e+11 2.76376e+11 2.76376e+11 2.76376e+11 
0.198 1.11866 -2.18134 -0.0238772 -1.51179 -3.31866 6.94078e+06 2.02044e+14 8.94164e-05 0.000291786 9.94343e-17 9.4454e-09 94638.6 0 0 9.42265e-12 0 0 0.00144655 0 0 0 0 0 0 2.76378e+11 2.76378e+11 2.76378e+11 2.76378e+11 
0.198409 1.12254 -2.17746 -0.0199982 -1.50519 -3.32254 6.94203e+06 1.85592e+14 8.94167e-05 0.000285992 9.94526e-17 8.504e-09 94640.6 0 0 9.42347e-12 0 0 0.00144655 0 0 0 0 0 0 2.5006e+11 2.5006e+11 2.5006e+11 2.5006e+11 
0.198752 1.12578 -2.17422 -0.0167545 -1.49904 -3.32578 6.94304e+06 1.69437e+14 8.94172e-05 0.000280009 9.94676e-17 7.60135e-09 94643.7 0 0 9.42477e-12 0 0 0.00144655 0 0 0 0 0 0 2.24688e+11 2.24688e+11 2.24688e+11 2.24688e+11 
0.199038 1.12849 -2.17151 -0.0140419 -1.49327 -3.32849 6.94385e+06 1.53903e+14 8.94176e-05 0.000273938 9.94796e-17 6.75477e-09 94646.1 0 0 9.42574e-12 0 0 0.00144654 0 0 0 0 0 0 2.00758e+11 2.00758e+11 2.00758e+11 2.00758e+11 
0.199277 1.13075 -2.16925 -0.0117736 -1.48783 -3.33075 6.9445e+06 1.3923e+14 8.94179e-05 0.000267866 9.94892e-17 5.97533e-09 94647.9 0 0 9.42647e-12 0 0 0.00144654 0 0 0 0 0 0 1.786e+11 1.786e+11 1.786e+11 1.786e+11 
0.199478 1.13265 -2.16735 -0.00987672 -1.48268 -3.33265 6.94503e+06 1.25577e+14 8.94181e-05 0.000261871 9.9497e-17 5.26874e-09 94649.3 0 0 9.42701e-12 0 0 0.00144653 0 0 0 0 0 0 1.58395e+11 1.58395e+11 1.58395e+11 1.58395e+11 
0.199645 1.13423 -2.16577 -0.00829051 -1.47779 -3.33423 6.94545e+06 1.13034e+14 8.94182e-05 0.000256015 9.95033e-17 4.63644e-09 94650.3 0 0 9.4274e-12 0 0 0.00144651 0 0 0 0 0 0 1.40206e+11 1.40206e+11 1.40206e+11 1.40206e+11 
0.199785 1.13556 -2.16444 -0.00696406 -1.47314 -3.33556 6.9458e+06 1.01637e+14 8.94184e-05 0.00025035 9.95084e-17 4.07672e-09 94651.1 0 0 9.4277e-12 0 0 0.00144649 0 0 0 0 0 0 1.24009e+11 1.24009e+11 1.24009e+11 1.24009e+11 
0.199902 1.13666 -2.16334 -0.00585484 -1.46872 -3.33666 6.94608e+06 9.13796e+13 8.94185e-05 0.000244916 9.95125e-17 3.58573e-09 94651.7 0 0 9.42792e-12 0 0 0.00144647 0 0 0 0 0 0 1.09715e+11 1.09715e+11 1.09715e+11 1.09715e+11 
0.2 1.13759 -2.16241 -0.00492727 -1.46452 -3.33759 6.94631e+06 8.22223e+13 8.94185e-05 0.000239746 9.95159e-17 3.15829e-09 94651.9 0 0 9.42801e-12 0 0 0.00144645 0 0 0 0 0 0 9.71965e+10 9.71965e+10 9.71965e+10 9.71965e+10 