# ASCII 1D datafile generated by TiberCAD
# x Ec Ev eQFermi hQFermi ElPotential eDensity hDensity eMobility hMobility eConductivity hConductivity ElField_x ElField_y ElField_z eCurrentDensity_x eCurrentDensity_y eCurrentDensity_z hCurrentDensity_x hCurrentDensity_y hCurrentDensity_z IonizedDonors IonizedAcceptors IonizedElectronTraps IonizedHoleTraps eNetRecombination eLangevinRecombination hNetRecombination hLangevinRecombination 
0 0.45 -2.85 -0.779394 -2.19626 -2.65 248963 3.28749e+14 8.3033e-05 0.000312398 3.31212e-18 1.64544e-08 33892.8 0 0 1.03376e-12 0 0 0.000559832 0 0 0 0 0 0 1.67326e+10 1.67326e+10 1.67326e+10 1.67326e+10 
9.79066e-05 0.450332 -2.84967 -0.776489 -2.19593 -2.65033 274815 3.28736e+14 8.30698e-05 0.000312395 3.65766e-18 1.64536e-08 33893.6 0 0 1.03378e-12 0 0 0.000559832 0 0 0 0 0 0 1.84709e+10 1.84709e+10 1.84709e+10 1.84709e+10 
0.000214985 0.450729 -2.84927 -0.773355 -2.19553 -2.65073 305279 3.2872e+14 8.31097e-05 0.000312392 4.06507e-18 1.64527e-08 33895.6 0 0 1.03384e-12 0 0 0.000559832 0 0 0 0 0 0 2.05195e+10 2.05195e+10 2.05195e+10 2.05195e+10 
0.000354988 0.451203 -2.8488 -0.769992 -2.19505 -2.6512 341079 3.28702e+14 8.31528e-05 0.000312387 4.54412e-18 1.64515e-08 33898 0 0 1.03391e-12 0 0 0.000559832 0 0 0 0 0 0 2.29267e+10 2.29267e+10 2.29267e+10 2.29267e+10 
0.000522406 0.451771 -2.84823 -0.766404 -2.19448 -2.65177 383009 3.2868e+14 8.31988e-05 0.000312382 5.10556e-18 1.64502e-08 33900.8 0 0 1.034e-12 0 0 0.000559832 0 0 0 0 0 0 2.57461e+10 2.57461e+10 2.57461e+10 2.57461e+10 
0.000722606 0.452449 -2.84755 -0.762594 -2.1938 -2.65245 431925 3.28654e+14 8.32478e-05 0.000312376 5.761e-18 1.64485e-08 33904.2 0 0 1.0341e-12 0 0 0.000559832 0 0 0 0 0 0 2.90351e+10 2.90351e+10 2.90351e+10 2.90351e+10 
0.000962009 0.453261 -2.84674 -0.758563 -2.19299 -2.65326 488727 3.28622e+14 8.32993e-05 0.000312369 6.52263e-18 1.64466e-08 33908.3 0 0 1.03423e-12 0 0 0.000559832 0 0 0 0 0 0 3.2854e+10 3.2854e+10 3.2854e+10 3.2854e+10 
0.00124829 0.454232 -2.84577 -0.754311 -2.19201 -2.65423 554315 3.28585e+14 8.33531e-05 0.000312361 7.40276e-18 1.64442e-08 33913.2 0 0 1.0344e-12 0 0 0.000559832 0 0 0 0 0 0 3.72631e+10 3.72631e+10 3.72631e+10 3.72631e+10 
0.00159063 0.455393 -2.84461 -0.749832 -2.19085 -2.65539 629547 3.2854e+14 8.3409e-05 0.00031235 8.41309e-18 1.64415e-08 33919 0 0 1.03462e-12 0 0 0.000559832 0 0 0 0 0 0 4.23196e+10 4.23196e+10 4.23196e+10 4.23196e+10 
0.002 0.456782 -2.84322 -0.745119 -2.18945 -2.65678 715159 3.28486e+14 8.34663e-05 0.000312337 9.56374e-18 1.64381e-08 33922.5 0 0 1.03476e-12 0 0 0.000559832 0 0 0 0 0 0 4.80721e+10 4.80721e+10 4.80721e+10 4.80721e+10 
0.002 0.456782 -2.84322 -0.745119 -2.18945 -2.65678 715159 3.28486e+14 8.34666e-05 0.000312338 9.56377e-18 1.64382e-08 33930.2 0 0 1.03511e-12 0 0 0.000559832 0 0 0 0 0 0 4.80723e+10 4.80723e+10 4.80723e+10 4.80723e+10 
0.0025 0.458478 -2.84152 -0.740058 -2.18775 -2.65848 813657 3.28421e+14 8.35261e-05 0.000312323 1.08887e-17 1.64341e-08 33934.4 0 0 1.03533e-12 0 0 0.000559832 0 0 0 0 0 0 5.46883e+10 5.46883e+10 5.46883e+10 5.46883e+10 
0.003 0.460175 -2.83982 -0.73556 -2.18605 -2.66018 905932 3.28355e+14 8.3577e-05 0.000312308 1.2131e-17 1.643e-08 33942.9 0 0 1.0358e-12 0 0 0.000559832 0 0 0 0 0 0 6.08838e+10 6.08838e+10 6.08838e+10 6.08838e+10 
0.0035 0.461873 -2.83813 -0.731485 -2.18434 -2.66187 992380 3.2829e+14 8.36211e-05 0.000312293 1.32956e-17 1.64259e-08 33951.4 0 0 1.03631e-12 0 0 0.000559832 0 0 0 0 0 0 6.66853e+10 6.66853e+10 6.66853e+10 6.66853e+10 
0.004 0.46357 -2.83643 -0.727741 -2.18264 -2.66357 1.07338e+06 3.28225e+14 8.36598e-05 0.000312278 1.43874e-17 1.64219e-08 33959.9 0 0 1.03686e-12 0 0 0.000559832 0 0 0 0 0 0 7.21178e+10 7.21178e+10 7.21178e+10 7.21178e+10 
0.0045 0.465269 -2.83473 -0.72426 -2.18093 -2.66527 1.14927e+06 3.28159e+14 8.3694e-05 0.000312263 1.54109e-17 1.64178e-08 33968.4 0 0 1.03746e-12 0 0 0.000559832 0 0 0 0 0 0 7.72053e+10 7.72053e+10 7.72053e+10 7.72053e+10 
0.005 0.466967 -2.83303 -0.720995 -2.17923 -2.66697 1.22039e+06 3.28094e+14 8.37245e-05 0.000312248 1.63706e-17 1.64137e-08 33976.8 0 0 1.0381e-12 0 0 0.000559832 0 0 0 0 0 0 8.197e+10 8.197e+10 8.197e+10 8.197e+10 
0.0055 0.468666 -2.83133 -0.717908 -2.17752 -2.66867 1.28705e+06 3.28029e+14 8.37518e-05 0.000312233 1.72704e-17 1.64097e-08 33985.3 0 0 1.03877e-12 0 0 0.000559832 0 0 0 0 0 0 8.64328e+10 8.64328e+10 8.64328e+10 8.64328e+10 
0.006 0.470366 -2.82963 -0.714971 -2.17582 -2.67037 1.34953e+06 3.27963e+14 8.37765e-05 0.000312218 1.81142e-17 1.64056e-08 33993.8 0 0 1.03947e-12 0 0 0.000559832 0 0 0 0 0 0 9.06132e+10 9.06132e+10 9.06132e+10 9.06132e+10 
0.0065 0.472066 -2.82793 -0.712162 -2.17411 -2.67207 1.40811e+06 3.27898e+14 8.37988e-05 0.000312203 1.89055e-17 1.64016e-08 34002.3 0 0 1.04021e-12 0 0 0.000559832 0 0 0 0 0 0 9.45295e+10 9.45295e+10 9.45295e+10 9.45295e+10 
0.007 0.473766 -2.82623 -0.709463 -2.1724 -2.67377 1.46304e+06 3.27833e+14 8.38191e-05 0.000312188 1.96477e-17 1.63976e-08 34010.8 0 0 1.04098e-12 0 0 0.000559832 0 0 0 0 0 0 9.81988e+10 9.81988e+10 9.81988e+10 9.81988e+10 
0.0075 0.475467 -2.82453 -0.706859 -2.1707 -2.67547 1.51456e+06 3.27768e+14 8.38377e-05 0.000312173 2.0344e-17 1.63935e-08 34019.2 0 0 1.04178e-12 0 0 0.000559832 0 0 0 0 0 0 1.01637e+11 1.01637e+11 1.01637e+11 1.01637e+11 
0.008 0.477168 -2.82283 -0.704338 -2.16899 -2.67717 1.56288e+06 3.27703e+14 8.38546e-05 0.000312158 2.09973e-17 1.63895e-08 34027.7 0 0 1.04261e-12 0 0 0.000559832 0 0 0 0 0 0 1.04859e+11 1.04859e+11 1.04859e+11 1.04859e+11 
0.0085 0.478869 -2.82113 -0.70189 -2.16728 -2.67887 1.60821e+06 3.27638e+14 8.38702e-05 0.000312143 2.16103e-17 1.63854e-08 34036.2 0 0 1.04345e-12 0 0 0.000559832 0 0 0 0 0 0 1.0788e+11 1.0788e+11 1.0788e+11 1.0788e+11 
0.009 0.480572 -2.81943 -0.699507 -2.16557 -2.68057 1.65074e+06 3.27573e+14 8.38845e-05 0.000312128 2.21857e-17 1.63814e-08 34044.6 0 0 1.04433e-12 0 0 0.000559832 0 0 0 0 0 0 1.10711e+11 1.10711e+11 1.10711e+11 1.10711e+11 
0.0095 0.482274 -2.81773 -0.697181 -2.16386 -2.68227 1.69067e+06 3.27508e+14 8.38977e-05 0.000312113 2.27258e-17 1.63774e-08 34053.1 0 0 1.04522e-12 0 0 0.000559832 0 0 0 0 0 0 1.13365e+11 1.13365e+11 1.13365e+11 1.13365e+11 
0.01 0.483977 -2.81602 -0.694905 -2.16215 -2.68398 1.72814e+06 3.27443e+14 8.39099e-05 0.000312098 2.32329e-17 1.63733e-08 34061.6 0 0 1.04614e-12 0 0 0.000559832 0 0 0 0 0 0 1.15854e+11 1.15854e+11 1.15854e+11 1.15854e+11 
0.0105 0.48568 -2.81432 -0.692676 -2.16044 -2.68568 1.76333e+06 3.27379e+14 8.39211e-05 0.000312083 2.37092e-17 1.63693e-08 34070 0 0 1.04707e-12 0 0 0.000559832 0 0 0 0 0 0 1.18189e+11 1.18189e+11 1.18189e+11 1.18189e+11 
0.011 0.487384 -2.81262 -0.690487 -2.15873 -2.68738 1.79638e+06 3.27314e+14 8.39316e-05 0.000312068 2.41565e-17 1.63653e-08 34078.5 0 0 1.04802e-12 0 0 0.000559832 0 0 0 0 0 0 1.20379e+11 1.20379e+11 1.20379e+11 1.20379e+11 
0.0115 0.489088 -2.81091 -0.688336 -2.15702 -2.68909 1.82742e+06 3.27249e+14 8.39413e-05 0.000312053 2.45768e-17 1.63613e-08 34087 0 0 1.04899e-12 0 0 0.000559832 0 0 0 0 0 0 1.22433e+11 1.22433e+11 1.22433e+11 1.22433e+11 
0.012 0.490793 -2.80921 -0.686218 -2.15531 -2.69079 1.85659e+06 3.27184e+14 8.39503e-05 0.000312038 2.49718e-17 1.63573e-08 34095.4 0 0 1.04997e-12 0 0 0.000559832 0 0 0 0 0 0 1.24361e+11 1.24361e+11 1.24361e+11 1.24361e+11 
0.0125 0.492498 -2.8075 -0.68413 -2.1536 -2.6925 1.88401e+06 3.2712e+14 8.39587e-05 0.000312023 2.53432e-17 1.63532e-08 34103.9 0 0 1.05097e-12 0 0 0.000559832 0 0 0 0 0 0 1.26171e+11 1.26171e+11 1.26171e+11 1.26171e+11 
0.013 0.494203 -2.8058 -0.68207 -2.15189 -2.6942 1.90979e+06 3.27055e+14 8.39666e-05 0.000312008 2.56924e-17 1.63492e-08 34112.3 0 0 1.05199e-12 0 0 0.000559832 0 0 0 0 0 0 1.2787e+11 1.2787e+11 1.2787e+11 1.2787e+11 
0.0135 0.495909 -2.80409 -0.680034 -2.15018 -2.69591 1.93404e+06 3.2699e+14 8.39739e-05 0.000311994 2.60208e-17 1.63452e-08 34120.8 0 0 1.05301e-12 0 0 0.000559832 0 0 0 0 0 0 1.29465e+11 1.29465e+11 1.29465e+11 1.29465e+11 
0.014 0.497615 -2.80239 -0.678022 -2.14846 -2.69761 1.95685e+06 3.26926e+14 8.39807e-05 0.000311979 2.63299e-17 1.63412e-08 34129.2 0 0 1.05405e-12 0 0 0.000559832 0 0 0 0 0 0 1.30964e+11 1.30964e+11 1.30964e+11 1.30964e+11 
0.0145 0.499322 -2.80068 -0.67603 -2.14675 -2.69932 1.97832e+06 3.26861e+14 8.39871e-05 0.000311964 2.66208e-17 1.63372e-08 34137.7 0 0 1.0551e-12 0 0 0.000559832 0 0 0 0 0 0 1.32372e+11 1.32372e+11 1.32372e+11 1.32372e+11 
0.015 0.501029 -2.79897 -0.674058 -2.14504 -2.70103 1.99854e+06 3.26797e+14 8.39931e-05 0.000311949 2.68947e-17 1.63332e-08 34146.1 0 0 1.05617e-12 0 0 0.000559832 0 0 0 0 0 0 1.33695e+11 1.33695e+11 1.33695e+11 1.33695e+11 
0.0155 0.502736 -2.79726 -0.672103 -2.14332 -2.70274 2.01758e+06 3.26732e+14 8.39987e-05 0.000311934 2.71528e-17 1.63292e-08 34154.6 0 0 1.05724e-12 0 0 0.000559832 0 0 0 0 0 0 1.34939e+11 1.34939e+11 1.34939e+11 1.34939e+11 
0.016 0.504444 -2.79556 -0.670164 -2.14161 -2.70444 2.03552e+06 3.26668e+14 8.4004e-05 0.000311919 2.7396e-17 1.63252e-08 34163 0 0 1.05832e-12 0 0 0.000559832 0 0 0 0 0 0 1.36109e+11 1.36109e+11 1.36109e+11 1.36109e+11 
0.0165 0.506153 -2.79385 -0.668239 -2.13989 -2.70615 2.05243e+06 3.26604e+14 8.4009e-05 0.000311904 2.76252e-17 1.63212e-08 34171.5 0 0 1.05941e-12 0 0 0.000559832 0 0 0 0 0 0 1.37209e+11 1.37209e+11 1.37209e+11 1.37209e+11 
0.017 0.507861 -2.79214 -0.666328 -2.13818 -2.70786 2.06838e+06 3.26539e+14 8.40137e-05 0.00031189 2.78415e-17 1.63172e-08 34179.9 0 0 1.06051e-12 0 0 0.000559832 0 0 0 0 0 0 1.38245e+11 1.38245e+11 1.38245e+11 1.38245e+11 
0.0175 0.509571 -2.79043 -0.66443 -2.13646 -2.70957 2.08344e+06 3.26475e+14 8.40181e-05 0.000311875 2.80456e-17 1.63133e-08 34188.4 0 0 1.06162e-12 0 0 0.000559832 0 0 0 0 0 0 1.3922e+11 1.3922e+11 1.3922e+11 1.3922e+11 
0.018 0.51128 -2.78872 -0.662542 -2.13475 -2.71128 2.09765e+06 3.26411e+14 8.40223e-05 0.00031186 2.82383e-17 1.63093e-08 34196.8 0 0 1.06273e-12 0 0 0.000559832 0 0 0 0 0 0 1.40138e+11 1.40138e+11 1.40138e+11 1.40138e+11 
0.0185 0.51299 -2.78701 -0.660666 -2.13303 -2.71299 2.11107e+06 3.26347e+14 8.40262e-05 0.000311845 2.84203e-17 1.63053e-08 34205.2 0 0 1.06385e-12 0 0 0.000559832 0 0 0 0 0 0 1.41003e+11 1.41003e+11 1.41003e+11 1.41003e+11 
0.019 0.514701 -2.7853 -0.658799 -2.13131 -2.7147 2.12376e+06 3.26282e+14 8.40299e-05 0.00031183 2.85924e-17 1.63013e-08 34213.7 0 0 1.06498e-12 0 0 0.000559832 0 0 0 0 0 0 1.41819e+11 1.41819e+11 1.41819e+11 1.41819e+11 
0.0195 0.516412 -2.78359 -0.656941 -2.1296 -2.71641 2.13576e+06 3.26218e+14 8.40334e-05 0.000311816 2.87552e-17 1.62973e-08 34222.1 0 0 1.06611e-12 0 0 0.000559832 0 0 0 0 0 0 1.42588e+11 1.42588e+11 1.42588e+11 1.42588e+11 
0.02 0.518123 -2.78188 -0.655091 -2.12788 -2.71812 2.14712e+06 3.26154e+14 8.40367e-05 0.000311801 2.89092e-17 1.62934e-08 34230.5 0 0 1.06725e-12 0 0 0.000559832 0 0 0 0 0 0 1.43314e+11 1.43314e+11 1.43314e+11 1.43314e+11 
0.0205 0.519835 -2.78017 -0.653249 -2.12616 -2.71983 2.15787e+06 3.2609e+14 8.40399e-05 0.000311786 2.90551e-17 1.62894e-08 34239 0 0 1.0684e-12 0 0 0.000559832 0 0 0 0 0 0 1.43999e+11 1.43999e+11 1.43999e+11 1.43999e+11 
0.021 0.521547 -2.77845 -0.651413 -2.12444 -2.72155 2.16806e+06 3.26026e+14 8.40429e-05 0.000311771 2.91933e-17 1.62854e-08 34247.4 0 0 1.06955e-12 0 0 0.000559832 0 0 0 0 0 0 1.44647e+11 1.44647e+11 1.44647e+11 1.44647e+11 
0.0215 0.523259 -2.77674 -0.649585 -2.12272 -2.72326 2.17772e+06 3.25962e+14 8.40458e-05 0.000311757 2.93244e-17 1.62815e-08 34255.8 0 0 1.07071e-12 0 0 0.000559832 0 0 0 0 0 0 1.45259e+11 1.45259e+11 1.45259e+11 1.45259e+11 
0.022 0.524972 -2.77503 -0.647762 -2.121 -2.72497 2.18689e+06 3.25898e+14 8.40485e-05 0.000311742 2.94489e-17 1.62775e-08 34264.2 0 0 1.07187e-12 0 0 0.000559832 0 0 0 0 0 0 1.45837e+11 1.45837e+11 1.45837e+11 1.45837e+11 
0.0225 0.526686 -2.77331 -0.645945 -2.11928 -2.72669 2.1956e+06 3.25834e+14 8.40511e-05 0.000311727 2.95671e-17 1.62735e-08 34272.7 0 0 1.07303e-12 0 0 0.000559832 0 0 0 0 0 0 1.46385e+11 1.46385e+11 1.46385e+11 1.46385e+11 
0.023 0.5284 -2.7716 -0.644133 -2.11756 -2.7284 2.20388e+06 3.25771e+14 8.40536e-05 0.000311712 2.96794e-17 1.62696e-08 34281.1 0 0 1.0742e-12 0 0 0.000559832 0 0 0 0 0 0 1.46903e+11 1.46903e+11 1.46903e+11 1.46903e+11 
0.0235 0.530114 -2.76989 -0.642325 -2.11584 -2.73011 2.21175e+06 3.25707e+14 8.40559e-05 0.000311698 2.97863e-17 1.62656e-08 34289.5 0 0 1.07538e-12 0 0 0.000559832 0 0 0 0 0 0 1.47395e+11 1.47395e+11 1.47395e+11 1.47395e+11 
0.024 0.531829 -2.76817 -0.640522 -2.11412 -2.73183 2.21925e+06 3.25643e+14 8.40582e-05 0.000311683 2.9888e-17 1.62617e-08 34297.9 0 0 1.07656e-12 0 0 0.000559832 0 0 0 0 0 0 1.47861e+11 1.47861e+11 1.47861e+11 1.47861e+11 
0.0245 0.533544 -2.76646 -0.638723 -2.1124 -2.73354 2.22639e+06 3.25579e+14 8.40603e-05 0.000311668 2.9985e-17 1.62577e-08 34306.3 0 0 1.07774e-12 0 0 0.000559832 0 0 0 0 0 0 1.48303e+11 1.48303e+11 1.48303e+11 1.48303e+11 
0.025 0.535259 -2.76474 -0.636928 -2.11068 -2.73526 2.23321e+06 3.25516e+14 8.40624e-05 0.000311654 3.00775e-17 1.62538e-08 34314.8 0 0 1.07892e-12 0 0 0.000559832 0 0 0 0 0 0 1.48723e+11 1.48723e+11 1.48723e+11 1.48723e+11 
0.0255 0.536975 -2.76302 -0.635136 -2.10896 -2.73698 2.23971e+06 3.25452e+14 8.40644e-05 0.000311639 3.01659e-17 1.62498e-08 34323.2 0 0 1.08011e-12 0 0 0.000559832 0 0 0 0 0 0 1.49122e+11 1.49122e+11 1.49122e+11 1.49122e+11 
0.026 0.538692 -2.76131 -0.633347 -2.10723 -2.73869 2.24593e+06 3.25388e+14 8.40663e-05 0.000311624 3.02503e-17 1.62459e-08 34331.6 0 0 1.0813e-12 0 0 0.000559832 0 0 0 0 0 0 1.49502e+11 1.49502e+11 1.49502e+11 1.49502e+11 
0.0265 0.540408 -2.75959 -0.631561 -2.10551 -2.74041 2.25188e+06 3.25325e+14 8.40682e-05 0.00031161 3.03311e-17 1.6242e-08 34340 0 0 1.08249e-12 0 0 0.000559832 0 0 0 0 0 0 1.49864e+11 1.49864e+11 1.49864e+11 1.49864e+11 
0.027 0.542126 -2.75787 -0.629778 -2.10379 -2.74213 2.25757e+06 3.25261e+14 8.40699e-05 0.000311595 3.04084e-17 1.6238e-08 34348.4 0 0 1.08369e-12 0 0 0.000559832 0 0 0 0 0 0 1.50209e+11 1.50209e+11 1.50209e+11 1.50209e+11 
0.0275 0.543843 -2.75616 -0.627997 -2.10206 -2.74384 2.26303e+06 3.25198e+14 8.40717e-05 0.00031158 3.04825e-17 1.62341e-08 34356.8 0 0 1.08489e-12 0 0 0.000559832 0 0 0 0 0 0 1.50537e+11 1.50537e+11 1.50537e+11 1.50537e+11 
0.028 0.545561 -2.75444 -0.626219 -2.10034 -2.74556 2.26827e+06 3.25134e+14 8.40733e-05 0.000311566 3.05537e-17 1.62302e-08 34365.2 0 0 1.08609e-12 0 0 0.000559832 0 0 0 0 0 0 1.50851e+11 1.50851e+11 1.50851e+11 1.50851e+11 
0.0285 0.54728 -2.75272 -0.624443 -2.09861 -2.74728 2.2733e+06 3.25071e+14 8.40749e-05 0.000311551 3.06221e-17 1.62262e-08 34373.6 0 0 1.0873e-12 0 0 0.000559832 0 0 0 0 0 0 1.51152e+11 1.51152e+11 1.51152e+11 1.51152e+11 
0.029 0.548999 -2.751 -0.622668 -2.09689 -2.749 2.27814e+06 3.25008e+14 8.40765e-05 0.000311536 3.06878e-17 1.62223e-08 34382 0 0 1.0885e-12 0 0 0.000559832 0 0 0 0 0 0 1.51439e+11 1.51439e+11 1.51439e+11 1.51439e+11 
0.0295 0.550718 -2.74928 -0.620895 -2.09516 -2.75072 2.2828e+06 3.24944e+14 8.4078e-05 0.000311522 3.07511e-17 1.62184e-08 34390.4 0 0 1.08971e-12 0 0 0.000559832 0 0 0 0 0 0 1.51714e+11 1.51714e+11 1.51714e+11 1.51714e+11 
0.03 0.552438 -2.74756 -0.619124 -2.09344 -2.75244 2.28729e+06 3.24881e+14 8.40794e-05 0.000311507 3.08121e-17 1.62145e-08 34398.8 0 0 1.09092e-12 0 0 0.000559832 0 0 0 0 0 0 1.51978e+11 1.51978e+11 1.51978e+11 1.51978e+11 
0.0305 0.554158 -2.74584 -0.617355 -2.09171 -2.75416 2.29162e+06 3.24818e+14 8.40809e-05 0.000311493 3.0871e-17 1.62105e-08 34407.2 0 0 1.09214e-12 0 0 0.000559832 0 0 0 0 0 0 1.52231e+11 1.52231e+11 1.52231e+11 1.52231e+11 
0.031 0.555878 -2.74412 -0.615587 -2.08998 -2.75588 2.2958e+06 3.24754e+14 8.40822e-05 0.000311478 3.09279e-17 1.62066e-08 34415.6 0 0 1.09335e-12 0 0 0.000559832 0 0 0 0 0 0 1.52474e+11 1.52474e+11 1.52474e+11 1.52474e+11 
0.0315 0.557599 -2.7424 -0.61382 -2.08825 -2.7576 2.29985e+06 3.24691e+14 8.40836e-05 0.000311463 3.09829e-17 1.62027e-08 34424 0 0 1.09457e-12 0 0 0.000559832 0 0 0 0 0 0 1.52708e+11 1.52708e+11 1.52708e+11 1.52708e+11 
0.032 0.559321 -2.74068 -0.612054 -2.08653 -2.75932 2.30377e+06 3.24628e+14 8.40849e-05 0.000311449 3.10362e-17 1.61988e-08 34432.4 0 0 1.09579e-12 0 0 0.000559832 0 0 0 0 0 0 1.52933e+11 1.52933e+11 1.52933e+11 1.52933e+11 
0.0325 0.561043 -2.73896 -0.610289 -2.0848 -2.76104 2.30757e+06 3.24565e+14 8.40862e-05 0.000311434 3.10878e-17 1.61949e-08 34440.8 0 0 1.09701e-12 0 0 0.000559832 0 0 0 0 0 0 1.5315e+11 1.5315e+11 1.5315e+11 1.5315e+11 
0.033 0.562765 -2.73724 -0.608525 -2.08307 -2.76276 2.31125e+06 3.24502e+14 8.40874e-05 0.00031142 3.11379e-17 1.6191e-08 34449.2 0 0 1.09823e-12 0 0 0.000559832 0 0 0 0 0 0 1.5336e+11 1.5336e+11 1.5336e+11 1.5336e+11 
0.0335 0.564488 -2.73551 -0.606762 -2.08134 -2.76449 2.31483e+06 3.24439e+14 8.40886e-05 0.000311405 3.11866e-17 1.61871e-08 34457.6 0 0 1.09946e-12 0 0 0.000559832 0 0 0 0 0 0 1.53563e+11 1.53563e+11 1.53563e+11 1.53563e+11 
0.034 0.566211 -2.73379 -0.605 -2.07961 -2.76621 2.31831e+06 3.24376e+14 8.40898e-05 0.00031139 3.1234e-17 1.61832e-08 34466 0 0 1.10068e-12 0 0 0.000559832 0 0 0 0 0 0 1.53759e+11 1.53759e+11 1.53759e+11 1.53759e+11 
0.0345 0.567934 -2.73207 -0.603238 -2.07788 -2.76793 2.3217e+06 3.24313e+14 8.4091e-05 0.000311376 3.12801e-17 1.61793e-08 34474.3 0 0 1.10191e-12 0 0 0.000559832 0 0 0 0 0 0 1.53948e+11 1.53948e+11 1.53948e+11 1.53948e+11 
0.035 0.569658 -2.73034 -0.601477 -2.07615 -2.76966 2.32501e+06 3.2425e+14 8.40922e-05 0.000311361 3.1325e-17 1.61754e-08 34482.7 0 0 1.10314e-12 0 0 0.000559832 0 0 0 0 0 0 1.54132e+11 1.54132e+11 1.54132e+11 1.54132e+11 
0.0355 0.571382 -2.72862 -0.599716 -2.07442 -2.77138 2.32823e+06 3.24187e+14 8.40933e-05 0.000311347 3.13689e-17 1.61715e-08 34491.1 0 0 1.10437e-12 0 0 0.000559832 0 0 0 0 0 0 1.54311e+11 1.54311e+11 1.54311e+11 1.54311e+11 
0.036 0.573107 -2.72689 -0.597956 -2.07269 -2.77311 2.33138e+06 3.24124e+14 8.40944e-05 0.000311332 3.14117e-17 1.61676e-08 34499.5 0 0 1.1056e-12 0 0 0.000559832 0 0 0 0 0 0 1.54484e+11 1.54484e+11 1.54484e+11 1.54484e+11 
0.0365 0.574832 -2.72517 -0.596196 -2.07096 -2.77483 2.33446e+06 3.24062e+14 8.40955e-05 0.000311318 3.14536e-17 1.61637e-08 34507.9 0 0 1.10683e-12 0 0 0.000559832 0 0 0 0 0 0 1.54653e+11 1.54653e+11 1.54653e+11 1.54653e+11 
0.037 0.576558 -2.72344 -0.594437 -2.06923 -2.77656 2.33747e+06 3.23999e+14 8.40966e-05 0.000311303 3.14946e-17 1.61599e-08 34516.2 0 0 1.10807e-12 0 0 0.000559832 0 0 0 0 0 0 1.54818e+11 1.54818e+11 1.54818e+11 1.54818e+11 
0.0375 0.578284 -2.72172 -0.592678 -2.06749 -2.77828 2.34043e+06 3.23936e+14 8.40976e-05 0.000311289 3.15348e-17 1.6156e-08 34524.6 0 0 1.1093e-12 0 0 0.000559832 0 0 0 0 0 0 1.54978e+11 1.54978e+11 1.54978e+11 1.54978e+11 
0.038 0.58001 -2.71999 -0.590919 -2.06576 -2.78001 2.34332e+06 3.23873e+14 8.40987e-05 0.000311274 3.15742e-17 1.61521e-08 34533 0 0 1.11054e-12 0 0 0.000559832 0 0 0 0 0 0 1.55134e+11 1.55134e+11 1.55134e+11 1.55134e+11 
0.0385 0.581737 -2.71826 -0.589161 -2.06403 -2.78174 2.34616e+06 3.23811e+14 8.40997e-05 0.00031126 3.16129e-17 1.61482e-08 34541.4 0 0 1.11178e-12 0 0 0.000559832 0 0 0 0 0 0 1.55287e+11 1.55287e+11 1.55287e+11 1.55287e+11 
0.039 0.583465 -2.71654 -0.587403 -2.06229 -2.78346 2.34896e+06 3.23748e+14 8.41007e-05 0.000311245 3.16509e-17 1.61444e-08 34549.7 0 0 1.11301e-12 0 0 0.000559832 0 0 0 0 0 0 1.55437e+11 1.55437e+11 1.55437e+11 1.55437e+11 
0.0395 0.585192 -2.71481 -0.585644 -2.06056 -2.78519 2.3517e+06 3.23686e+14 8.41017e-05 0.000311231 3.16883e-17 1.61405e-08 34558.1 0 0 1.11425e-12 0 0 0.000559832 0 0 0 0 0 0 1.55583e+11 1.55583e+11 1.55583e+11 1.55583e+11 
0.04 0.58692 -2.71308 -0.583886 -2.05883 -2.78692 2.3544e+06 3.23623e+14 8.41027e-05 0.000311217 3.17251e-17 1.61366e-08 34566.5 0 0 1.1155e-12 0 0 0.000559832 0 0 0 0 0 0 1.55726e+11 1.55726e+11 1.55726e+11 1.55726e+11 
0.0405 0.588649 -2.71135 -0.582128 -2.05709 -2.78865 2.35706e+06 3.23561e+14 8.41037e-05 0.000311202 3.17613e-17 1.61328e-08 34574.8 0 0 1.11674e-12 0 0 0.000559832 0 0 0 0 0 0 1.55867e+11 1.55867e+11 1.55867e+11 1.55867e+11 
0.041 0.590378 -2.70962 -0.58037 -2.05536 -2.79038 2.35969e+06 3.23498e+14 8.41047e-05 0.000311188 3.1797e-17 1.61289e-08 34583.2 0 0 1.11798e-12 0 0 0.000559832 0 0 0 0 0 0 1.56005e+11 1.56005e+11 1.56005e+11 1.56005e+11 
0.0415 0.592107 -2.70789 -0.578612 -2.05362 -2.79211 2.36228e+06 3.23436e+14 8.41057e-05 0.000311173 3.18323e-17 1.6125e-08 34591.6 0 0 1.11923e-12 0 0 0.000559832 0 0 0 0 0 0 1.56141e+11 1.56141e+11 1.56141e+11 1.56141e+11 
0.042 0.593837 -2.70616 -0.576854 -2.05188 -2.79384 2.36483e+06 3.23373e+14 8.41066e-05 0.000311159 3.1867e-17 1.61212e-08 34599.9 0 0 1.12047e-12 0 0 0.000559832 0 0 0 0 0 0 1.56274e+11 1.56274e+11 1.56274e+11 1.56274e+11 
0.0425 0.595567 -2.70443 -0.575096 -2.05015 -2.79557 2.36736e+06 3.23311e+14 8.41076e-05 0.000311144 3.19014e-17 1.61173e-08 34608.3 0 0 1.12172e-12 0 0 0.000559832 0 0 0 0 0 0 1.56405e+11 1.56405e+11 1.56405e+11 1.56405e+11 
0.043 0.597298 -2.7027 -0.573338 -2.04841 -2.7973 2.36985e+06 3.23249e+14 8.41085e-05 0.00031113 3.19354e-17 1.61135e-08 34616.6 0 0 1.12297e-12 0 0 0.000559832 0 0 0 0 0 0 1.56535e+11 1.56535e+11 1.56535e+11 1.56535e+11 
0.0435 0.599029 -2.70097 -0.57158 -2.04667 -2.79903 2.37232e+06 3.23186e+14 8.41095e-05 0.000311116 3.1969e-17 1.61096e-08 34625 0 0 1.12422e-12 0 0 0.000559832 0 0 0 0 0 0 1.56662e+11 1.56662e+11 1.56662e+11 1.56662e+11 
0.044 0.60076 -2.69924 -0.569821 -2.04494 -2.80076 2.37476e+06 3.23124e+14 8.41104e-05 0.000311101 3.20023e-17 1.61058e-08 34633.3 0 0 1.12547e-12 0 0 0.000559832 0 0 0 0 0 0 1.56788e+11 1.56788e+11 1.56788e+11 1.56788e+11 
0.0445 0.602492 -2.69751 -0.568063 -2.0432 -2.80249 2.37718e+06 3.23062e+14 8.41113e-05 0.000311087 3.20353e-17 1.61019e-08 34641.7 0 0 1.12672e-12 0 0 0.000559832 0 0 0 0 0 0 1.56912e+11 1.56912e+11 1.56912e+11 1.56912e+11 
0.045 0.604224 -2.69578 -0.566304 -2.04146 -2.80422 2.37958e+06 3.23e+14 8.41122e-05 0.000311072 3.2068e-17 1.60981e-08 34650 0 0 1.12797e-12 0 0 0.000559832 0 0 0 0 0 0 1.57035e+11 1.57035e+11 1.57035e+11 1.57035e+11 
0.0455 0.605957 -2.69404 -0.564545 -2.03972 -2.80596 2.38196e+06 3.22938e+14 8.41131e-05 0.000311058 3.21004e-17 1.60942e-08 34658.4 0 0 1.12922e-12 0 0 0.000559832 0 0 0 0 0 0 1.57156e+11 1.57156e+11 1.57156e+11 1.57156e+11 
0.046 0.60769 -2.69231 -0.562786 -2.03798 -2.80769 2.38432e+06 3.22876e+14 8.4114e-05 0.000311044 3.21325e-17 1.60904e-08 34666.7 0 0 1.13048e-12 0 0 0.000559832 0 0 0 0 0 0 1.57277e+11 1.57277e+11 1.57277e+11 1.57277e+11 
0.0465 0.609424 -2.69058 -0.561027 -2.03624 -2.80942 2.38666e+06 3.22814e+14 8.4115e-05 0.000311029 3.21644e-17 1.60866e-08 34675.1 0 0 1.13173e-12 0 0 0.000559832 0 0 0 0 0 0 1.57395e+11 1.57395e+11 1.57395e+11 1.57395e+11 
0.047 0.611158 -2.68884 -0.559268 -2.0345 -2.81116 2.38899e+06 3.22752e+14 8.41158e-05 0.000311015 3.21961e-17 1.60827e-08 34683.4 0 0 1.13299e-12 0 0 0.000559832 0 0 0 0 0 0 1.57513e+11 1.57513e+11 1.57513e+11 1.57513e+11 
0.0475 0.612892 -2.68711 -0.557508 -2.03276 -2.81289 2.3913e+06 3.2269e+14 8.41167e-05 0.000311001 3.22276e-17 1.60789e-08 34691.8 0 0 1.13424e-12 0 0 0.000559832 0 0 0 0 0 0 1.5763e+11 1.5763e+11 1.5763e+11 1.5763e+11 
0.048 0.614627 -2.68537 -0.555748 -2.03102 -2.81463 2.39359e+06 3.22628e+14 8.41176e-05 0.000310986 3.22588e-17 1.60751e-08 34700.1 0 0 1.1355e-12 0 0 0.000559832 0 0 0 0 0 0 1.57745e+11 1.57745e+11 1.57745e+11 1.57745e+11 
0.0485 0.616362 -2.68364 -0.553988 -2.02928 -2.81636 2.39588e+06 3.22566e+14 8.41185e-05 0.000310972 3.22899e-17 1.60713e-08 34708.4 0 0 1.13676e-12 0 0 0.000559832 0 0 0 0 0 0 1.5786e+11 1.5786e+11 1.5786e+11 1.5786e+11 
0.049 0.618098 -2.6819 -0.552228 -2.02753 -2.8181 2.39815e+06 3.22504e+14 8.41194e-05 0.000310958 3.23209e-17 1.60674e-08 34716.8 0 0 1.13802e-12 0 0 0.000559832 0 0 0 0 0 0 1.57974e+11 1.57974e+11 1.57974e+11 1.57974e+11 
0.0495 0.619834 -2.68017 -0.550467 -2.02579 -2.81983 2.4004e+06 3.22442e+14 8.41203e-05 0.000310943 3.23517e-17 1.60636e-08 34725.1 0 0 1.13928e-12 0 0 0.000559832 0 0 0 0 0 0 1.58087e+11 1.58087e+11 1.58087e+11 1.58087e+11 
0.05 0.62157 -2.67843 -0.548706 -2.02405 -2.82157 2.40265e+06 3.2238e+14 8.41212e-05 0.000310929 3.23823e-17 1.60598e-08 34733.5 0 0 1.14054e-12 0 0 0.000559832 0 0 0 0 0 0 1.582e+11 1.582e+11 1.582e+11 1.582e+11 
0.0505 0.623307 -2.67669 -0.546945 -2.02231 -2.82331 2.40489e+06 3.22319e+14 8.4122e-05 0.000310915 3.24128e-17 1.6056e-08 34741.8 0 0 1.1418e-12 0 0 0.000559832 0 0 0 0 0 0 1.58311e+11 1.58311e+11 1.58311e+11 1.58311e+11 
0.051 0.625045 -2.67496 -0.545184 -2.02056 -2.82504 2.40712e+06 3.22257e+14 8.41229e-05 0.0003109 3.24432e-17 1.60522e-08 34750.1 0 0 1.14307e-12 0 0 0.000559832 0 0 0 0 0 0 1.58422e+11 1.58422e+11 1.58422e+11 1.58422e+11 
0.0515 0.626782 -2.67322 -0.543422 -2.01882 -2.82678 2.40934e+06 3.22195e+14 8.41238e-05 0.000310886 3.24734e-17 1.60484e-08 34758.4 0 0 1.14433e-12 0 0 0.000559832 0 0 0 0 0 0 1.58533e+11 1.58533e+11 1.58533e+11 1.58533e+11 
0.052 0.62852 -2.67148 -0.54166 -2.01707 -2.82852 2.41155e+06 3.22134e+14 8.41246e-05 0.000310872 3.25036e-17 1.60446e-08 34766.8 0 0 1.14559e-12 0 0 0.000559832 0 0 0 0 0 0 1.58642e+11 1.58642e+11 1.58642e+11 1.58642e+11 
0.0525 0.630259 -2.66974 -0.539897 -2.01533 -2.83026 2.41376e+06 3.22072e+14 8.41255e-05 0.000310858 3.25336e-17 1.60408e-08 34775.1 0 0 1.14686e-12 0 0 0.000559832 0 0 0 0 0 0 1.58752e+11 1.58752e+11 1.58752e+11 1.58752e+11 
0.053 0.631998 -2.668 -0.538135 -2.01358 -2.832 2.41595e+06 3.22011e+14 8.41264e-05 0.000310843 3.25636e-17 1.6037e-08 34783.4 0 0 1.14813e-12 0 0 0.000559832 0 0 0 0 0 0 1.58861e+11 1.58861e+11 1.58861e+11 1.58861e+11 
0.0535 0.633737 -2.66626 -0.536372 -2.01184 -2.83374 2.41814e+06 3.21949e+14 8.41272e-05 0.000310829 3.25934e-17 1.60332e-08 34791.8 0 0 1.14939e-12 0 0 0.000559832 0 0 0 0 0 0 1.58969e+11 1.58969e+11 1.58969e+11 1.58969e+11 
0.054 0.635477 -2.66452 -0.534608 -2.01009 -2.83548 2.42033e+06 3.21888e+14 8.41281e-05 0.000310815 3.26232e-17 1.60294e-08 34800.1 0 0 1.15066e-12 0 0 0.000559832 0 0 0 0 0 0 1.59077e+11 1.59077e+11 1.59077e+11 1.59077e+11 
0.0545 0.637217 -2.66278 -0.532844 -2.00835 -2.83722 2.42251e+06 3.21826e+14 8.41289e-05 0.000310801 3.2653e-17 1.60256e-08 34808.4 0 0 1.15193e-12 0 0 0.000559832 0 0 0 0 0 0 1.59184e+11 1.59184e+11 1.59184e+11 1.59184e+11 
0.055 0.638958 -2.66104 -0.53108 -2.0066 -2.83896 2.42469e+06 3.21765e+14 8.41298e-05 0.000310786 3.26826e-17 1.60218e-08 34816.7 0 0 1.1532e-12 0 0 0.000559832 0 0 0 0 0 0 1.59291e+11 1.59291e+11 1.59291e+11 1.59291e+11 
0.0555 0.640699 -2.6593 -0.529316 -2.00485 -2.8407 2.42686e+06 3.21703e+14 8.41306e-05 0.000310772 3.27122e-17 1.6018e-08 34825 0 0 1.15447e-12 0 0 0.000559832 0 0 0 0 0 0 1.59398e+11 1.59398e+11 1.59398e+11 1.59398e+11 
0.056 0.64244 -2.65756 -0.527551 -2.0031 -2.84244 2.42902e+06 3.21642e+14 8.41315e-05 0.000310758 3.27417e-17 1.60142e-08 34833.3 0 0 1.15574e-12 0 0 0.000559832 0 0 0 0 0 0 1.59505e+11 1.59505e+11 1.59505e+11 1.59505e+11 
0.0565 0.644182 -2.65582 -0.525786 -2.00136 -2.84418 2.43118e+06 3.21581e+14 8.41324e-05 0.000310744 3.27712e-17 1.60104e-08 34841.7 0 0 1.15702e-12 0 0 0.000559832 0 0 0 0 0 0 1.59611e+11 1.59611e+11 1.59611e+11 1.59611e+11 
0.057 0.645925 -2.65408 -0.524021 -1.99961 -2.84592 2.43334e+06 3.21519e+14 8.41332e-05 0.00031073 3.28006e-17 1.60066e-08 34850 0 0 1.15829e-12 0 0 0.000559832 0 0 0 0 0 0 1.59717e+11 1.59717e+11 1.59717e+11 1.59717e+11 
0.0575 0.647667 -2.65233 -0.522255 -1.99786 -2.84767 2.4355e+06 3.21458e+14 8.4134e-05 0.000310715 3.283e-17 1.60029e-08 34858.3 0 0 1.15956e-12 0 0 0.000559832 0 0 0 0 0 0 1.59822e+11 1.59822e+11 1.59822e+11 1.59822e+11 
0.058 0.64941 -2.65059 -0.520489 -1.99611 -2.84941 2.43765e+06 3.21397e+14 8.41349e-05 0.000310701 3.28593e-17 1.59991e-08 34866.6 0 0 1.16084e-12 0 0 0.000559832 0 0 0 0 0 0 1.59928e+11 1.59928e+11 1.59928e+11 1.59928e+11 
0.0585 0.651154 -2.64885 -0.518722 -1.99436 -2.85115 2.4398e+06 3.21336e+14 8.41357e-05 0.000310687 3.28886e-17 1.59953e-08 34874.9 0 0 1.16211e-12 0 0 0.000559832 0 0 0 0 0 0 1.60033e+11 1.60033e+11 1.60033e+11 1.60033e+11 
0.059 0.652898 -2.6471 -0.516955 -1.99261 -2.8529 2.44195e+06 3.21275e+14 8.41366e-05 0.000310673 3.29179e-17 1.59915e-08 34883.2 0 0 1.16339e-12 0 0 0.000559832 0 0 0 0 0 0 1.60138e+11 1.60138e+11 1.60138e+11 1.60138e+11 
0.0595 0.654642 -2.64536 -0.515188 -1.99086 -2.85464 2.44409e+06 3.21214e+14 8.41374e-05 0.000310659 3.29471e-17 1.59878e-08 34891.5 0 0 1.16467e-12 0 0 0.000559832 0 0 0 0 0 0 1.60242e+11 1.60242e+11 1.60242e+11 1.60242e+11 
0.06 0.656387 -2.64361 -0.51342 -1.98911 -2.85639 2.44623e+06 3.21153e+14 8.41383e-05 0.000310645 3.29763e-17 1.5984e-08 34899.8 0 0 1.16595e-12 0 0 0.000559832 0 0 0 0 0 0 1.60347e+11 1.60347e+11 1.60347e+11 1.60347e+11 
0.0605 0.658132 -2.64187 -0.511652 -1.98736 -2.85813 2.44837e+06 3.21092e+14 8.41391e-05 0.000310631 3.30055e-17 1.59802e-08 34908.1 0 0 1.16723e-12 0 0 0.000559832 0 0 0 0 0 0 1.60451e+11 1.60451e+11 1.60451e+11 1.60451e+11 
0.061 0.659878 -2.64012 -0.509884 -1.9856 -2.85988 2.45051e+06 3.21031e+14 8.414e-05 0.000310616 3.30347e-17 1.59765e-08 34916.4 0 0 1.16851e-12 0 0 0.000559832 0 0 0 0 0 0 1.60556e+11 1.60556e+11 1.60556e+11 1.60556e+11 
0.0615 0.661624 -2.63838 -0.508115 -1.98385 -2.86162 2.45265e+06 3.2097e+14 8.41408e-05 0.000310602 3.30638e-17 1.59727e-08 34924.7 0 0 1.16979e-12 0 0 0.000559832 0 0 0 0 0 0 1.6066e+11 1.6066e+11 1.6066e+11 1.6066e+11 
0.062 0.66337 -2.63663 -0.506346 -1.9821 -2.86337 2.45478e+06 3.20909e+14 8.41416e-05 0.000310588 3.30929e-17 1.5969e-08 34933 0 0 1.17107e-12 0 0 0.000559832 0 0 0 0 0 0 1.60764e+11 1.60764e+11 1.60764e+11 1.60764e+11 
0.0625 0.665117 -2.63488 -0.504576 -1.98035 -2.86512 2.45691e+06 3.20848e+14 8.41425e-05 0.000310574 3.3122e-17 1.59652e-08 34941.3 0 0 1.17235e-12 0 0 0.000559832 0 0 0 0 0 0 1.60867e+11 1.60867e+11 1.60867e+11 1.60867e+11 
0.063 0.666864 -2.63314 -0.502806 -1.97859 -2.86686 2.45905e+06 3.20787e+14 8.41433e-05 0.00031056 3.31511e-17 1.59615e-08 34949.6 0 0 1.17363e-12 0 0 0.000559832 0 0 0 0 0 0 1.60971e+11 1.60971e+11 1.60971e+11 1.60971e+11 
0.0635 0.668612 -2.63139 -0.501036 -1.97684 -2.86861 2.46118e+06 3.20726e+14 8.41442e-05 0.000310546 3.31802e-17 1.59577e-08 34957.9 0 0 1.17492e-12 0 0 0.000559832 0 0 0 0 0 0 1.61075e+11 1.61075e+11 1.61075e+11 1.61075e+11 
0.064 0.67036 -2.62964 -0.499265 -1.97508 -2.87036 2.46331e+06 3.20666e+14 8.4145e-05 0.000310532 3.32092e-17 1.5954e-08 34966.2 0 0 1.1762e-12 0 0 0.000559832 0 0 0 0 0 0 1.61178e+11 1.61178e+11 1.61178e+11 1.61178e+11 
0.0645 0.672109 -2.62789 -0.497494 -1.97333 -2.87211 2.46544e+06 3.20605e+14 8.41458e-05 0.000310518 3.32383e-17 1.59502e-08 34974.5 0 0 1.17749e-12 0 0 0.000559832 0 0 0 0 0 0 1.61282e+11 1.61282e+11 1.61282e+11 1.61282e+11 
0.065 0.673858 -2.62614 -0.495723 -1.97157 -2.87386 2.46757e+06 3.20544e+14 8.41467e-05 0.000310504 3.32673e-17 1.59465e-08 34982.7 0 0 1.17878e-12 0 0 0.000559832 0 0 0 0 0 0 1.61385e+11 1.61385e+11 1.61385e+11 1.61385e+11 
0.0655 0.675607 -2.62439 -0.493951 -1.96982 -2.87561 2.4697e+06 3.20484e+14 8.41475e-05 0.00031049 3.32963e-17 1.59427e-08 34991 0 0 1.18006e-12 0 0 0.000559832 0 0 0 0 0 0 1.61488e+11 1.61488e+11 1.61488e+11 1.61488e+11 
0.066 0.677357 -2.62264 -0.492178 -1.96806 -2.87736 2.47182e+06 3.20423e+14 8.41484e-05 0.000310475 3.33253e-17 1.5939e-08 34999.3 0 0 1.18135e-12 0 0 0.000559832 0 0 0 0 0 0 1.61591e+11 1.61591e+11 1.61591e+11 1.61591e+11 
0.0665 0.679107 -2.62089 -0.490406 -1.96631 -2.87911 2.47395e+06 3.20362e+14 8.41492e-05 0.000310461 3.33544e-17 1.59353e-08 35007.6 0 0 1.18264e-12 0 0 0.000559832 0 0 0 0 0 0 1.61694e+11 1.61694e+11 1.61694e+11 1.61694e+11 
0.067 0.680858 -2.61914 -0.488633 -1.96455 -2.88086 2.47608e+06 3.20302e+14 8.415e-05 0.000310447 3.33834e-17 1.59315e-08 35015.9 0 0 1.18393e-12 0 0 0.000559832 0 0 0 0 0 0 1.61797e+11 1.61797e+11 1.61797e+11 1.61797e+11 
0.0675 0.682609 -2.61739 -0.486859 -1.96279 -2.88261 2.47821e+06 3.20241e+14 8.41509e-05 0.000310433 3.34124e-17 1.59278e-08 35024.2 0 0 1.18522e-12 0 0 0.000559832 0 0 0 0 0 0 1.619e+11 1.619e+11 1.619e+11 1.619e+11 
0.068 0.68436 -2.61564 -0.485086 -1.96104 -2.88436 2.48033e+06 3.20181e+14 8.41517e-05 0.000310419 3.34414e-17 1.59241e-08 35032.4 0 0 1.18651e-12 0 0 0.000559832 0 0 0 0 0 0 1.62003e+11 1.62003e+11 1.62003e+11 1.62003e+11 
0.0685 0.686112 -2.61389 -0.483311 -1.95928 -2.88611 2.48246e+06 3.2012e+14 8.41525e-05 0.000310405 3.34704e-17 1.59204e-08 35040.7 0 0 1.18781e-12 0 0 0.000559832 0 0 0 0 0 0 1.62106e+11 1.62106e+11 1.62106e+11 1.62106e+11 
0.069 0.687864 -2.61214 -0.481537 -1.95752 -2.88786 2.48459e+06 3.2006e+14 8.41534e-05 0.000310391 3.34994e-17 1.59166e-08 35049 0 0 1.1891e-12 0 0 0.000559832 0 0 0 0 0 0 1.62209e+11 1.62209e+11 1.62209e+11 1.62209e+11 
0.0695 0.689617 -2.61038 -0.479762 -1.95576 -2.88962 2.48671e+06 3.2e+14 8.41542e-05 0.000310377 3.35284e-17 1.59129e-08 35057.3 0 0 1.19039e-12 0 0 0.000559832 0 0 0 0 0 0 1.62312e+11 1.62312e+11 1.62312e+11 1.62312e+11 
0.07 0.69137 -2.60863 -0.477986 -1.954 -2.89137 2.48884e+06 3.19939e+14 8.4155e-05 0.000310363 3.35574e-17 1.59092e-08 35065.5 0 0 1.19169e-12 0 0 0.000559832 0 0 0 0 0 0 1.62415e+11 1.62415e+11 1.62415e+11 1.62415e+11 
0.0705 0.693123 -2.60688 -0.476211 -1.95224 -2.89312 2.49096e+06 3.19879e+14 8.41559e-05 0.000310349 3.35864e-17 1.59055e-08 35073.8 0 0 1.19298e-12 0 0 0.000559832 0 0 0 0 0 0 1.62517e+11 1.62517e+11 1.62517e+11 1.62517e+11 
0.071 0.694877 -2.60512 -0.474434 -1.95048 -2.89488 2.49309e+06 3.19819e+14 8.41567e-05 0.000310335 3.36154e-17 1.59018e-08 35082.1 0 0 1.19428e-12 0 0 0.000559832 0 0 0 0 0 0 1.6262e+11 1.6262e+11 1.6262e+11 1.6262e+11 
0.0715 0.696631 -2.60337 -0.472658 -1.94872 -2.89663 2.49522e+06 3.19759e+14 8.41575e-05 0.000310321 3.36444e-17 1.58981e-08 35090.3 0 0 1.19558e-12 0 0 0.000559832 0 0 0 0 0 0 1.62723e+11 1.62723e+11 1.62723e+11 1.62723e+11 
0.072 0.698386 -2.60161 -0.470881 -1.94696 -2.89839 2.49734e+06 3.19698e+14 8.41584e-05 0.000310307 3.36734e-17 1.58944e-08 35098.6 0 0 1.19687e-12 0 0 0.000559832 0 0 0 0 0 0 1.62825e+11 1.62825e+11 1.62825e+11 1.62825e+11 
0.0725 0.700141 -2.59986 -0.469103 -1.9452 -2.90014 2.49947e+06 3.19638e+14 8.41592e-05 0.000310293 3.37024e-17 1.58906e-08 35106.9 0 0 1.19817e-12 0 0 0.000559832 0 0 0 0 0 0 1.62928e+11 1.62928e+11 1.62928e+11 1.62928e+11 
0.073 0.701897 -2.5981 -0.467326 -1.94344 -2.9019 2.5016e+06 3.19578e+14 8.416e-05 0.000310279 3.37315e-17 1.58869e-08 35115.1 0 0 1.19947e-12 0 0 0.000559832 0 0 0 0 0 0 1.6303e+11 1.6303e+11 1.6303e+11 1.6303e+11 
0.0735 0.703653 -2.59635 -0.465547 -1.94167 -2.90365 2.50373e+06 3.19518e+14 8.41609e-05 0.000310265 3.37605e-17 1.58832e-08 35123.4 0 0 1.20077e-12 0 0 0.000559832 0 0 0 0 0 0 1.63133e+11 1.63133e+11 1.63133e+11 1.63133e+11 
0.074 0.705409 -2.59459 -0.463769 -1.93991 -2.90541 2.50586e+06 3.19458e+14 8.41617e-05 0.000310252 3.37895e-17 1.58795e-08 35131.6 0 0 1.20208e-12 0 0 0.000559832 0 0 0 0 0 0 1.63236e+11 1.63236e+11 1.63236e+11 1.63236e+11 
0.0745 0.707166 -2.59283 -0.46199 -1.93815 -2.90717 2.50798e+06 3.19398e+14 8.41625e-05 0.000310238 3.38185e-17 1.58758e-08 35139.9 0 0 1.20338e-12 0 0 0.000559832 0 0 0 0 0 0 1.63338e+11 1.63338e+11 1.63338e+11 1.63338e+11 
0.075 0.708923 -2.59108 -0.460211 -1.93639 -2.90892 2.51011e+06 3.19338e+14 8.41634e-05 0.000310224 3.38476e-17 1.58722e-08 35148.2 0 0 1.20468e-12 0 0 0.000559832 0 0 0 0 0 0 1.63441e+11 1.63441e+11 1.63441e+11 1.63441e+11 
0.0755 0.710681 -2.58932 -0.458431 -1.93462 -2.91068 2.51224e+06 3.19278e+14 8.41642e-05 0.00031021 3.38766e-17 1.58685e-08 35156.4 0 0 1.20598e-12 0 0 0.000559832 0 0 0 0 0 0 1.63543e+11 1.63543e+11 1.63543e+11 1.63543e+11 
0.076 0.712439 -2.58756 -0.456651 -1.93286 -2.91244 2.51437e+06 3.19218e+14 8.4165e-05 0.000310196 3.39057e-17 1.58648e-08 35164.7 0 0 1.20729e-12 0 0 0.000559832 0 0 0 0 0 0 1.63646e+11 1.63646e+11 1.63646e+11 1.63646e+11 
0.0765 0.714197 -2.5858 -0.45487 -1.93109 -2.9142 2.5165e+06 3.19158e+14 8.41659e-05 0.000310182 3.39347e-17 1.58611e-08 35172.9 0 0 1.20859e-12 0 0 0.000559832 0 0 0 0 0 0 1.63748e+11 1.63748e+11 1.63748e+11 1.63748e+11 
0.077 0.715956 -2.58404 -0.453089 -1.92933 -2.91596 2.51863e+06 3.19099e+14 8.41667e-05 0.000310168 3.39638e-17 1.58574e-08 35181.2 0 0 1.2099e-12 0 0 0.000559832 0 0 0 0 0 0 1.63851e+11 1.63851e+11 1.63851e+11 1.63851e+11 
0.0775 0.717715 -2.58228 -0.451308 -1.92756 -2.91772 2.52076e+06 3.19039e+14 8.41675e-05 0.000310154 3.39929e-17 1.58537e-08 35189.4 0 0 1.21121e-12 0 0 0.000559832 0 0 0 0 0 0 1.63953e+11 1.63953e+11 1.63953e+11 1.63953e+11 
0.078 0.719475 -2.58052 -0.449526 -1.9258 -2.91948 2.5229e+06 3.18979e+14 8.41683e-05 0.00031014 3.4022e-17 1.585e-08 35197.7 0 0 1.21252e-12 0 0 0.000559832 0 0 0 0 0 0 1.64056e+11 1.64056e+11 1.64056e+11 1.64056e+11 
0.0785 0.721235 -2.57876 -0.447744 -1.92403 -2.92124 2.52503e+06 3.18919e+14 8.41692e-05 0.000310126 3.40511e-17 1.58464e-08 35205.9 0 0 1.21382e-12 0 0 0.000559832 0 0 0 0 0 0 1.64158e+11 1.64158e+11 1.64158e+11 1.64158e+11 
0.079 0.722996 -2.577 -0.445961 -1.92226 -2.923 2.52716e+06 3.1886e+14 8.417e-05 0.000310113 3.40802e-17 1.58427e-08 35214.1 0 0 1.21513e-12 0 0 0.000559832 0 0 0 0 0 0 1.64261e+11 1.64261e+11 1.64261e+11 1.64261e+11 
0.0795 0.724757 -2.57524 -0.444178 -1.9205 -2.92476 2.52929e+06 3.188e+14 8.41708e-05 0.000310099 3.41093e-17 1.5839e-08 35222.4 0 0 1.21644e-12 0 0 0.000559832 0 0 0 0 0 0 1.64363e+11 1.64363e+11 1.64363e+11 1.64363e+11 
0.08 0.726518 -2.57348 -0.442395 -1.91873 -2.92652 2.53143e+06 3.1874e+14 8.41717e-05 0.000310085 3.41384e-17 1.58354e-08 35230.6 0 0 1.21776e-12 0 0 0.000559832 0 0 0 0 0 0 1.64466e+11 1.64466e+11 1.64466e+11 1.64466e+11 
0.0805 0.72828 -2.57172 -0.440611 -1.91696 -2.92828 2.53356e+06 3.18681e+14 8.41725e-05 0.000310071 3.41675e-17 1.58317e-08 35238.9 0 0 1.21907e-12 0 0 0.000559832 0 0 0 0 0 0 1.64568e+11 1.64568e+11 1.64568e+11 1.64568e+11 
0.081 0.730042 -2.56996 -0.438827 -1.91519 -2.93004 2.5357e+06 3.18621e+14 8.41733e-05 0.000310057 3.41966e-17 1.5828e-08 35247.1 0 0 1.22038e-12 0 0 0.000559832 0 0 0 0 0 0 1.64671e+11 1.64671e+11 1.64671e+11 1.64671e+11 
0.0815 0.731804 -2.5682 -0.437042 -1.91342 -2.9318 2.53783e+06 3.18562e+14 8.41741e-05 0.000310043 3.42258e-17 1.58244e-08 35255.3 0 0 1.22169e-12 0 0 0.000559832 0 0 0 0 0 0 1.64773e+11 1.64773e+11 1.64773e+11 1.64773e+11 
0.082 0.733567 -2.56643 -0.435257 -1.91166 -2.93357 2.53997e+06 3.18502e+14 8.4175e-05 0.000310029 3.42549e-17 1.58207e-08 35263.6 0 0 1.22301e-12 0 0 0.000559832 0 0 0 0 0 0 1.64876e+11 1.64876e+11 1.64876e+11 1.64876e+11 
0.0825 0.735331 -2.56467 -0.433472 -1.90989 -2.93533 2.54211e+06 3.18443e+14 8.41758e-05 0.000310016 3.42841e-17 1.5817e-08 35271.8 0 0 1.22432e-12 0 0 0.000559832 0 0 0 0 0 0 1.64978e+11 1.64978e+11 1.64978e+11 1.64978e+11 
0.083 0.737095 -2.56291 -0.431686 -1.90812 -2.93709 2.54425e+06 3.18383e+14 8.41766e-05 0.000310002 3.43133e-17 1.58134e-08 35280 0 0 1.22564e-12 0 0 0.000559832 0 0 0 0 0 0 1.65081e+11 1.65081e+11 1.65081e+11 1.65081e+11 
0.0835 0.738859 -2.56114 -0.4299 -1.90635 -2.93886 2.54638e+06 3.18324e+14 8.41775e-05 0.000309988 3.43424e-17 1.58097e-08 35288.3 0 0 1.22696e-12 0 0 0.000559832 0 0 0 0 0 0 1.65183e+11 1.65183e+11 1.65183e+11 1.65183e+11 
0.084 0.740623 -2.55938 -0.428114 -1.90458 -2.94062 2.54852e+06 3.18265e+14 8.41783e-05 0.000309974 3.43716e-17 1.58061e-08 35296.5 0 0 1.22828e-12 0 0 0.000559832 0 0 0 0 0 0 1.65286e+11 1.65286e+11 1.65286e+11 1.65286e+11 
0.0845 0.742388 -2.55761 -0.426327 -1.9028 -2.94239 2.55066e+06 3.18205e+14 8.41791e-05 0.00030996 3.44008e-17 1.58024e-08 35304.7 0 0 1.22959e-12 0 0 0.000559832 0 0 0 0 0 0 1.65388e+11 1.65388e+11 1.65388e+11 1.65388e+11 
0.085 0.744154 -2.55585 -0.424539 -1.90103 -2.94415 2.5528e+06 3.18146e+14 8.41799e-05 0.000309947 3.443e-17 1.57988e-08 35312.9 0 0 1.23091e-12 0 0 0.000559832 0 0 0 0 0 0 1.65491e+11 1.65491e+11 1.65491e+11 1.65491e+11 
0.0855 0.74592 -2.55408 -0.422752 -1.89926 -2.94592 2.55495e+06 3.18087e+14 8.41808e-05 0.000309933 3.44593e-17 1.57951e-08 35321.2 0 0 1.23223e-12 0 0 0.000559832 0 0 0 0 0 0 1.65593e+11 1.65593e+11 1.65593e+11 1.65593e+11 
0.086 0.747686 -2.55231 -0.420963 -1.89749 -2.94769 2.55709e+06 3.18028e+14 8.41816e-05 0.000309919 3.44885e-17 1.57915e-08 35329.4 0 0 1.23355e-12 0 0 0.000559832 0 0 0 0 0 0 1.65696e+11 1.65696e+11 1.65696e+11 1.65696e+11 
0.0865 0.749453 -2.55055 -0.419175 -1.89572 -2.94945 2.55923e+06 3.17968e+14 8.41824e-05 0.000309905 3.45177e-17 1.57879e-08 35337.6 0 0 1.23488e-12 0 0 0.000559832 0 0 0 0 0 0 1.65798e+11 1.65798e+11 1.65798e+11 1.65798e+11 
0.087 0.75122 -2.54878 -0.417386 -1.89394 -2.95122 2.56137e+06 3.17909e+14 8.41833e-05 0.000309892 3.4547e-17 1.57842e-08 35345.8 0 0 1.2362e-12 0 0 0.000559832 0 0 0 0 0 0 1.65901e+11 1.65901e+11 1.65901e+11 1.65901e+11 
0.0875 0.752987 -2.54701 -0.415597 -1.89217 -2.95299 2.56352e+06 3.1785e+14 8.41841e-05 0.000309878 3.45762e-17 1.57806e-08 35354 0 0 1.23752e-12 0 0 0.000559832 0 0 0 0 0 0 1.66003e+11 1.66003e+11 1.66003e+11 1.66003e+11 
0.088 0.754755 -2.54524 -0.413807 -1.89039 -2.95476 2.56566e+06 3.17791e+14 8.41849e-05 0.000309864 3.46055e-17 1.5777e-08 35362.3 0 0 1.23885e-12 0 0 0.000559832 0 0 0 0 0 0 1.66106e+11 1.66106e+11 1.66106e+11 1.66106e+11 
0.0885 0.756523 -2.54348 -0.412017 -1.88862 -2.95652 2.56781e+06 3.17732e+14 8.41857e-05 0.00030985 3.46348e-17 1.57733e-08 35370.5 0 0 1.24017e-12 0 0 0.000559832 0 0 0 0 0 0 1.66209e+11 1.66209e+11 1.66209e+11 1.66209e+11 
0.089 0.758292 -2.54171 -0.410226 -1.88685 -2.95829 2.56995e+06 3.17673e+14 8.41866e-05 0.000309837 3.46641e-17 1.57697e-08 35378.7 0 0 1.2415e-12 0 0 0.000559832 0 0 0 0 0 0 1.66311e+11 1.66311e+11 1.66311e+11 1.66311e+11 
0.0895 0.760061 -2.53994 -0.408435 -1.88507 -2.96006 2.5721e+06 3.17614e+14 8.41874e-05 0.000309823 3.46934e-17 1.57661e-08 35386.9 0 0 1.24282e-12 0 0 0.000559832 0 0 0 0 0 0 1.66414e+11 1.66414e+11 1.66414e+11 1.66414e+11 
0.09 0.761831 -2.53817 -0.406644 -1.88329 -2.96183 2.57425e+06 3.17555e+14 8.41882e-05 0.000309809 3.47227e-17 1.57625e-08 35395.1 0 0 1.24415e-12 0 0 0.000559832 0 0 0 0 0 0 1.66516e+11 1.66516e+11 1.66516e+11 1.66516e+11 
0.0905 0.763601 -2.5364 -0.404852 -1.88152 -2.9636 2.5764e+06 3.17496e+14 8.4189e-05 0.000309796 3.4752e-17 1.57588e-08 35403.3 0 0 1.24548e-12 0 0 0.000559832 0 0 0 0 0 0 1.66619e+11 1.66619e+11 1.66619e+11 1.66619e+11 
0.091 0.765371 -2.53463 -0.40306 -1.87974 -2.96537 2.57855e+06 3.17437e+14 8.41899e-05 0.000309782 3.47813e-17 1.57552e-08 35411.5 0 0 1.24681e-12 0 0 0.000559832 0 0 0 0 0 0 1.66722e+11 1.66722e+11 1.66722e+11 1.66722e+11 
0.0915 0.767142 -2.53286 -0.401267 -1.87796 -2.96714 2.5807e+06 3.17379e+14 8.41907e-05 0.000309768 3.48107e-17 1.57516e-08 35419.7 0 0 1.24814e-12 0 0 0.000559832 0 0 0 0 0 0 1.66824e+11 1.66824e+11 1.66824e+11 1.66824e+11 
0.092 0.768913 -2.53109 -0.399474 -1.87619 -2.96891 2.58285e+06 3.1732e+14 8.41915e-05 0.000309754 3.484e-17 1.5748e-08 35427.9 0 0 1.24947e-12 0 0 0.000559832 0 0 0 0 0 0 1.66927e+11 1.66927e+11 1.66927e+11 1.66927e+11 
0.0925 0.770685 -2.52932 -0.397681 -1.87441 -2.97068 2.585e+06 3.17261e+14 8.41923e-05 0.000309741 3.48694e-17 1.57444e-08 35436.1 0 0 1.2508e-12 0 0 0.000559832 0 0 0 0 0 0 1.67029e+11 1.67029e+11 1.67029e+11 1.67029e+11 
0.093 0.772457 -2.52754 -0.395887 -1.87263 -2.97246 2.58715e+06 3.17202e+14 8.41932e-05 0.000309727 3.48987e-17 1.57408e-08 35444.3 0 0 1.25213e-12 0 0 0.000559832 0 0 0 0 0 0 1.67132e+11 1.67132e+11 1.67132e+11 1.67132e+11 
0.0935 0.774229 -2.52577 -0.394093 -1.87085 -2.97423 2.5893e+06 3.17144e+14 8.4194e-05 0.000309713 3.49281e-17 1.57372e-08 35452.5 0 0 1.25347e-12 0 0 0.000559832 0 0 0 0 0 0 1.67235e+11 1.67235e+11 1.67235e+11 1.67235e+11 
0.094 0.776002 -2.524 -0.392299 -1.86907 -2.976 2.59146e+06 3.17085e+14 8.41948e-05 0.0003097 3.49575e-17 1.57336e-08 35460.7 0 0 1.2548e-12 0 0 0.000559832 0 0 0 0 0 0 1.67338e+11 1.67338e+11 1.67338e+11 1.67338e+11 
0.0945 0.777775 -2.52222 -0.390504 -1.8673 -2.97778 2.59361e+06 3.17026e+14 8.41956e-05 0.000309686 3.49869e-17 1.573e-08 35468.9 0 0 1.25614e-12 0 0 0.000559832 0 0 0 0 0 0 1.6744e+11 1.6744e+11 1.6744e+11 1.6744e+11 
0.095 0.779549 -2.52045 -0.388708 -1.86552 -2.97955 2.59577e+06 3.16968e+14 8.41965e-05 0.000309673 3.50163e-17 1.57264e-08 35477.1 0 0 1.25747e-12 0 0 0.000559832 0 0 0 0 0 0 1.67543e+11 1.67543e+11 1.67543e+11 1.67543e+11 
0.0955 0.781323 -2.51868 -0.386913 -1.86374 -2.98132 2.59792e+06 3.16909e+14 8.41973e-05 0.000309659 3.50458e-17 1.57228e-08 35485.3 0 0 1.25881e-12 0 0 0.000559832 0 0 0 0 0 0 1.67646e+11 1.67646e+11 1.67646e+11 1.67646e+11 
0.096 0.783097 -2.5169 -0.385116 -1.86195 -2.9831 2.60008e+06 3.16851e+14 8.41981e-05 0.000309645 3.50752e-17 1.57192e-08 35493.5 0 0 1.26015e-12 0 0 0.000559832 0 0 0 0 0 0 1.67748e+11 1.67748e+11 1.67748e+11 1.67748e+11 
0.0965 0.784872 -2.51513 -0.38332 -1.86017 -2.98487 2.60224e+06 3.16792e+14 8.41989e-05 0.000309632 3.51046e-17 1.57156e-08 35501.7 0 0 1.26148e-12 0 0 0.000559832 0 0 0 0 0 0 1.67851e+11 1.67851e+11 1.67851e+11 1.67851e+11 
0.097 0.786648 -2.51335 -0.381523 -1.85839 -2.98665 2.60439e+06 3.16734e+14 8.41998e-05 0.000309618 3.51341e-17 1.5712e-08 35509.9 0 0 1.26282e-12 0 0 0.000559832 0 0 0 0 0 0 1.67954e+11 1.67954e+11 1.67954e+11 1.67954e+11 
0.0975 0.788423 -2.51158 -0.379726 -1.85661 -2.98842 2.60655e+06 3.16675e+14 8.42006e-05 0.000309604 3.51636e-17 1.57084e-08 35518.1 0 0 1.26416e-12 0 0 0.000559832 0 0 0 0 0 0 1.68057e+11 1.68057e+11 1.68057e+11 1.68057e+11 
0.098 0.790199 -2.5098 -0.377928 -1.85483 -2.9902 2.60871e+06 3.16617e+14 8.42014e-05 0.000309591 3.51931e-17 1.57048e-08 35526.3 0 0 1.2655e-12 0 0 0.000559832 0 0 0 0 0 0 1.68159e+11 1.68159e+11 1.68159e+11 1.68159e+11 
0.0985 0.791976 -2.50802 -0.37613 -1.85305 -2.99198 2.61087e+06 3.16559e+14 8.42022e-05 0.000309577 3.52225e-17 1.57012e-08 35534.4 0 0 1.26685e-12 0 0 0.000559832 0 0 0 0 0 0 1.68262e+11 1.68262e+11 1.68262e+11 1.68262e+11 
0.099 0.793753 -2.50625 -0.374331 -1.85126 -2.99375 2.61303e+06 3.165e+14 8.42031e-05 0.000309564 3.5252e-17 1.56976e-08 35542.6 0 0 1.26819e-12 0 0 0.000559832 0 0 0 0 0 0 1.68365e+11 1.68365e+11 1.68365e+11 1.68365e+11 
0.0995 0.79553 -2.50447 -0.372532 -1.84948 -2.99553 2.6152e+06 3.16442e+14 8.42039e-05 0.00030955 3.52816e-17 1.56941e-08 35550.8 0 0 1.26953e-12 0 0 0.000559832 0 0 0 0 0 0 1.68468e+11 1.68468e+11 1.68468e+11 1.68468e+11 
0.1 0.797308 -2.50269 -0.370733 -1.8477 -2.99731 2.61736e+06 3.16384e+14 8.42047e-05 0.000309537 3.53111e-17 1.56905e-08 35559 0 0 1.27087e-12 0 0 0.000559832 0 0 0 0 0 0 1.68571e+11 1.68571e+11 1.68571e+11 1.68571e+11 
0.1005 0.799086 -2.50091 -0.368933 -1.84591 -2.99909 2.61952e+06 3.16326e+14 8.42055e-05 0.000309523 3.53406e-17 1.56869e-08 35567.2 0 0 1.27222e-12 0 0 0.000559832 0 0 0 0 0 0 1.68673e+11 1.68673e+11 1.68673e+11 1.68673e+11 
0.101 0.800865 -2.49914 -0.367133 -1.84413 -3.00086 2.62169e+06 3.16267e+14 8.42064e-05 0.000309509 3.53702e-17 1.56833e-08 35575.3 0 0 1.27357e-12 0 0 0.000559832 0 0 0 0 0 0 1.68776e+11 1.68776e+11 1.68776e+11 1.68776e+11 
0.1015 0.802644 -2.49736 -0.365332 -1.84234 -3.00264 2.62385e+06 3.16209e+14 8.42072e-05 0.000309496 3.53997e-17 1.56798e-08 35583.5 0 0 1.27491e-12 0 0 0.000559832 0 0 0 0 0 0 1.68879e+11 1.68879e+11 1.68879e+11 1.68879e+11 
0.102 0.804423 -2.49558 -0.363531 -1.84056 -3.00442 2.62602e+06 3.16151e+14 8.4208e-05 0.000309482 3.54293e-17 1.56762e-08 35591.7 0 0 1.27626e-12 0 0 0.000559832 0 0 0 0 0 0 1.68982e+11 1.68982e+11 1.68982e+11 1.68982e+11 
0.1025 0.806203 -2.4938 -0.36173 -1.83877 -3.0062 2.62818e+06 3.16093e+14 8.42088e-05 0.000309469 3.54589e-17 1.56726e-08 35599.9 0 0 1.27761e-12 0 0 0.000559832 0 0 0 0 0 0 1.69085e+11 1.69085e+11 1.69085e+11 1.69085e+11 
0.103 0.807983 -2.49202 -0.359928 -1.83698 -3.00798 2.63035e+06 3.16035e+14 8.42096e-05 0.000309455 3.54884e-17 1.56691e-08 35608 0 0 1.27896e-12 0 0 0.000559832 0 0 0 0 0 0 1.69188e+11 1.69188e+11 1.69188e+11 1.69188e+11 
0.1035 0.809764 -2.49024 -0.358126 -1.8352 -3.00976 2.63252e+06 3.15977e+14 8.42105e-05 0.000309442 3.5518e-17 1.56655e-08 35616.2 0 0 1.28031e-12 0 0 0.000559832 0 0 0 0 0 0 1.69291e+11 1.69291e+11 1.69291e+11 1.69291e+11 
0.104 0.811545 -2.48846 -0.356324 -1.83341 -3.01154 2.63469e+06 3.15919e+14 8.42113e-05 0.000309428 3.55477e-17 1.5662e-08 35624.4 0 0 1.28166e-12 0 0 0.000559832 0 0 0 0 0 0 1.69394e+11 1.69394e+11 1.69394e+11 1.69394e+11 
0.1045 0.813326 -2.48667 -0.354521 -1.83162 -3.01333 2.63686e+06 3.15861e+14 8.42121e-05 0.000309415 3.55773e-17 1.56584e-08 35632.5 0 0 1.28301e-12 0 0 0.000559832 0 0 0 0 0 0 1.69497e+11 1.69497e+11 1.69497e+11 1.69497e+11 
0.105 0.815108 -2.48489 -0.352717 -1.82984 -3.01511 2.63903e+06 3.15803e+14 8.42129e-05 0.000309401 3.56069e-17 1.56548e-08 35640.7 0 0 1.28436e-12 0 0 0.000559832 0 0 0 0 0 0 1.696e+11 1.696e+11 1.696e+11 1.696e+11 
0.1055 0.81689 -2.48311 -0.350914 -1.82805 -3.01689 2.6412e+06 3.15745e+14 8.42138e-05 0.000309388 3.56365e-17 1.56513e-08 35648.9 0 0 1.28571e-12 0 0 0.000559832 0 0 0 0 0 0 1.69702e+11 1.69702e+11 1.69702e+11 1.69702e+11 
0.106 0.818673 -2.48133 -0.34911 -1.82626 -3.01867 2.64337e+06 3.15687e+14 8.42146e-05 0.000309374 3.56662e-17 1.56477e-08 35657 0 0 1.28707e-12 0 0 0.000559832 0 0 0 0 0 0 1.69805e+11 1.69805e+11 1.69805e+11 1.69805e+11 
0.1065 0.820456 -2.47954 -0.347305 -1.82447 -3.02046 2.64554e+06 3.15629e+14 8.42154e-05 0.000309361 3.56959e-17 1.56442e-08 35665.2 0 0 1.28842e-12 0 0 0.000559832 0 0 0 0 0 0 1.69908e+11 1.69908e+11 1.69908e+11 1.69908e+11 
0.107 0.822239 -2.47776 -0.3455 -1.82268 -3.02224 2.64772e+06 3.15572e+14 8.42162e-05 0.000309347 3.57255e-17 1.56406e-08 35673.3 0 0 1.28978e-12 0 0 0.000559832 0 0 0 0 0 0 1.70011e+11 1.70011e+11 1.70011e+11 1.70011e+11 
0.1075 0.824023 -2.47598 -0.343695 -1.82089 -3.02402 2.64989e+06 3.15514e+14 8.4217e-05 0.000309334 3.57552e-17 1.56371e-08 35681.5 0 0 1.29113e-12 0 0 0.000559832 0 0 0 0 0 0 1.70114e+11 1.70114e+11 1.70114e+11 1.70114e+11 
0.108 0.825807 -2.47419 -0.341889 -1.8191 -3.02581 2.65207e+06 3.15456e+14 8.42179e-05 0.00030932 3.57849e-17 1.56336e-08 35689.7 0 0 1.29249e-12 0 0 0.000559832 0 0 0 0 0 0 1.70217e+11 1.70217e+11 1.70217e+11 1.70217e+11 
0.1085 0.827592 -2.47241 -0.340083 -1.81731 -3.02759 2.65424e+06 3.15398e+14 8.42187e-05 0.000309307 3.58146e-17 1.563e-08 35697.8 0 0 1.29385e-12 0 0 0.000559832 0 0 0 0 0 0 1.7032e+11 1.7032e+11 1.7032e+11 1.7032e+11 
0.109 0.829377 -2.47062 -0.338277 -1.81552 -3.02938 2.65642e+06 3.15341e+14 8.42195e-05 0.000309293 3.58444e-17 1.56265e-08 35706 0 0 1.29521e-12 0 0 0.000559832 0 0 0 0 0 0 1.70423e+11 1.70423e+11 1.70423e+11 1.70423e+11 
0.1095 0.831163 -2.46884 -0.33647 -1.81373 -3.03116 2.6586e+06 3.15283e+14 8.42203e-05 0.00030928 3.58741e-17 1.56229e-08 35714.1 0 0 1.29657e-12 0 0 0.000559832 0 0 0 0 0 0 1.70526e+11 1.70526e+11 1.70526e+11 1.70526e+11 
0.11 0.832949 -2.46705 -0.334662 -1.81194 -3.03295 2.66078e+06 3.15225e+14 8.42212e-05 0.000309266 3.59038e-17 1.56194e-08 35722.3 0 0 1.29793e-12 0 0 0.000559832 0 0 0 0 0 0 1.70629e+11 1.70629e+11 1.70629e+11 1.70629e+11 
0.1105 0.834735 -2.46527 -0.332855 -1.81014 -3.03473 2.66295e+06 3.15168e+14 8.4222e-05 0.000309253 3.59336e-17 1.56159e-08 35730.4 0 0 1.29929e-12 0 0 0.000559832 0 0 0 0 0 0 1.70733e+11 1.70733e+11 1.70733e+11 1.70733e+11 
0.111 0.836522 -2.46348 -0.331046 -1.80835 -3.03652 2.66513e+06 3.1511e+14 8.42228e-05 0.00030924 3.59633e-17 1.56123e-08 35738.6 0 0 1.30065e-12 0 0 0.000559832 0 0 0 0 0 0 1.70836e+11 1.70836e+11 1.70836e+11 1.70836e+11 
0.1115 0.838309 -2.46169 -0.329238 -1.80656 -3.03831 2.66731e+06 3.15053e+14 8.42236e-05 0.000309226 3.59931e-17 1.56088e-08 35746.7 0 0 1.30201e-12 0 0 0.000559832 0 0 0 0 0 0 1.70939e+11 1.70939e+11 1.70939e+11 1.70939e+11 
0.112 0.840096 -2.4599 -0.327429 -1.80476 -3.0401 2.6695e+06 3.14995e+14 8.42244e-05 0.000309213 3.60229e-17 1.56053e-08 35754.8 0 0 1.30338e-12 0 0 0.000559832 0 0 0 0 0 0 1.71042e+11 1.71042e+11 1.71042e+11 1.71042e+11 
0.1125 0.841884 -2.45812 -0.32562 -1.80297 -3.04188 2.67168e+06 3.14938e+14 8.42253e-05 0.000309199 3.60527e-17 1.56018e-08 35763 0 0 1.30474e-12 0 0 0.000559832 0 0 0 0 0 0 1.71145e+11 1.71145e+11 1.71145e+11 1.71145e+11 
0.113 0.843673 -2.45633 -0.32381 -1.80118 -3.04367 2.67386e+06 3.1488e+14 8.42261e-05 0.000309186 3.60825e-17 1.55982e-08 35771.1 0 0 1.30611e-12 0 0 0.000559832 0 0 0 0 0 0 1.71248e+11 1.71248e+11 1.71248e+11 1.71248e+11 
0.1135 0.845461 -2.45454 -0.322 -1.79938 -3.04546 2.67604e+06 3.14823e+14 8.42269e-05 0.000309173 3.61123e-17 1.55947e-08 35779.3 0 0 1.30747e-12 0 0 0.000559832 0 0 0 0 0 0 1.71351e+11 1.71351e+11 1.71351e+11 1.71351e+11 
0.114 0.847251 -2.45275 -0.32019 -1.79759 -3.04725 2.67823e+06 3.14765e+14 8.42277e-05 0.000309159 3.61421e-17 1.55912e-08 35787.4 0 0 1.30884e-12 0 0 0.000559832 0 0 0 0 0 0 1.71454e+11 1.71454e+11 1.71454e+11 1.71454e+11 
0.1145 0.84904 -2.45096 -0.318379 -1.79579 -3.04904 2.68041e+06 3.14708e+14 8.42285e-05 0.000309146 3.6172e-17 1.55877e-08 35795.5 0 0 1.31021e-12 0 0 0.000559832 0 0 0 0 0 0 1.71557e+11 1.71557e+11 1.71557e+11 1.71557e+11 
0.115 0.85083 -2.44917 -0.316567 -1.79399 -3.05083 2.6826e+06 3.14651e+14 8.42294e-05 0.000309132 3.62018e-17 1.55842e-08 35803.7 0 0 1.31158e-12 0 0 0.000559832 0 0 0 0 0 0 1.7166e+11 1.7166e+11 1.7166e+11 1.7166e+11 
0.1155 0.85262 -2.44738 -0.314756 -1.7922 -3.05262 2.68479e+06 3.14593e+14 8.42302e-05 0.000309119 3.62317e-17 1.55807e-08 35811.8 0 0 1.31294e-12 0 0 0.000559832 0 0 0 0 0 0 1.71764e+11 1.71764e+11 1.71764e+11 1.71764e+11 
0.116 0.854411 -2.44559 -0.312944 -1.7904 -3.05441 2.68697e+06 3.14536e+14 8.4231e-05 0.000309106 3.62616e-17 1.55771e-08 35819.9 0 0 1.31431e-12 0 0 0.000559832 0 0 0 0 0 0 1.71867e+11 1.71867e+11 1.71867e+11 1.71867e+11 
0.1165 0.856202 -2.4438 -0.311131 -1.7886 -3.0562 2.68916e+06 3.14479e+14 8.42318e-05 0.000309092 3.62914e-17 1.55736e-08 35828.1 0 0 1.31569e-12 0 0 0.000559832 0 0 0 0 0 0 1.7197e+11 1.7197e+11 1.7197e+11 1.7197e+11 
0.117 0.857994 -2.44201 -0.309318 -1.78681 -3.05799 2.69135e+06 3.14422e+14 8.42326e-05 0.000309079 3.63213e-17 1.55701e-08 35836.2 0 0 1.31706e-12 0 0 0.000559832 0 0 0 0 0 0 1.72073e+11 1.72073e+11 1.72073e+11 1.72073e+11 
0.1175 0.859786 -2.44021 -0.307505 -1.78501 -3.05979 2.69354e+06 3.14364e+14 8.42335e-05 0.000309066 3.63512e-17 1.55666e-08 35844.3 0 0 1.31843e-12 0 0 0.000559832 0 0 0 0 0 0 1.72176e+11 1.72176e+11 1.72176e+11 1.72176e+11 
0.118 0.861579 -2.43842 -0.305691 -1.78321 -3.06158 2.69573e+06 3.14307e+14 8.42343e-05 0.000309052 3.63812e-17 1.55631e-08 35852.4 0 0 1.3198e-12 0 0 0.000559832 0 0 0 0 0 0 1.72279e+11 1.72279e+11 1.72279e+11 1.72279e+11 
0.1185 0.863371 -2.43663 -0.303877 -1.78141 -3.06337 2.69792e+06 3.1425e+14 8.42351e-05 0.000309039 3.64111e-17 1.55596e-08 35860.6 0 0 1.32118e-12 0 0 0.000559832 0 0 0 0 0 0 1.72383e+11 1.72383e+11 1.72383e+11 1.72383e+11 
0.119 0.865165 -2.43484 -0.302063 -1.77961 -3.06516 2.70011e+06 3.14193e+14 8.42359e-05 0.000309025 3.6441e-17 1.55561e-08 35868.7 0 0 1.32255e-12 0 0 0.000559832 0 0 0 0 0 0 1.72486e+11 1.72486e+11 1.72486e+11 1.72486e+11 
0.1195 0.866958 -2.43304 -0.300248 -1.77781 -3.06696 2.70231e+06 3.14136e+14 8.42367e-05 0.000309012 3.6471e-17 1.55526e-08 35876.8 0 0 1.32393e-12 0 0 0.000559832 0 0 0 0 0 0 1.72589e+11 1.72589e+11 1.72589e+11 1.72589e+11 
0.12 0.868752 -2.43125 -0.298433 -1.77601 -3.06875 2.7045e+06 3.14079e+14 8.42375e-05 0.000308999 3.65009e-17 1.55491e-08 35884.9 0 0 1.32531e-12 0 0 0.000559832 0 0 0 0 0 0 1.72692e+11 1.72692e+11 1.72692e+11 1.72692e+11 
0.1205 0.870547 -2.42945 -0.296617 -1.77421 -3.07055 2.70669e+06 3.14022e+14 8.42384e-05 0.000308985 3.65309e-17 1.55456e-08 35893.1 0 0 1.32668e-12 0 0 0.000559832 0 0 0 0 0 0 1.72795e+11 1.72795e+11 1.72795e+11 1.72795e+11 
0.121 0.872342 -2.42766 -0.294801 -1.77241 -3.07234 2.70889e+06 3.13965e+14 8.42392e-05 0.000308972 3.65609e-17 1.55421e-08 35901.2 0 0 1.32806e-12 0 0 0.000559832 0 0 0 0 0 0 1.72899e+11 1.72899e+11 1.72899e+11 1.72899e+11 
0.1215 0.874137 -2.42586 -0.292985 -1.77061 -3.07414 2.71108e+06 3.13907e+14 8.424e-05 0.000308959 3.65909e-17 1.55386e-08 35909.3 0 0 1.32944e-12 0 0 0.000559832 0 0 0 0 0 0 1.73002e+11 1.73002e+11 1.73002e+11 1.73002e+11 
0.122 0.875932 -2.42407 -0.291168 -1.76881 -3.07593 2.71328e+06 3.1385e+14 8.42408e-05 0.000308945 3.66209e-17 1.55351e-08 35917.4 0 0 1.33082e-12 0 0 0.000559832 0 0 0 0 0 0 1.73105e+11 1.73105e+11 1.73105e+11 1.73105e+11 
0.1225 0.877729 -2.42227 -0.289351 -1.76701 -3.07773 2.71548e+06 3.13793e+14 8.42416e-05 0.000308932 3.66509e-17 1.55316e-08 35925.5 0 0 1.3322e-12 0 0 0.000559832 0 0 0 0 0 0 1.73208e+11 1.73208e+11 1.73208e+11 1.73208e+11 
0.123 0.879525 -2.42047 -0.287533 -1.7652 -3.07953 2.71768e+06 3.13736e+14 8.42425e-05 0.000308919 3.66809e-17 1.55281e-08 35933.6 0 0 1.33358e-12 0 0 0.000559832 0 0 0 0 0 0 1.73311e+11 1.73311e+11 1.73311e+11 1.73311e+11 
0.1235 0.881322 -2.41868 -0.285715 -1.7634 -3.08132 2.71988e+06 3.13679e+14 8.42433e-05 0.000308906 3.67109e-17 1.55247e-08 35941.7 0 0 1.33497e-12 0 0 0.000559832 0 0 0 0 0 0 1.73415e+11 1.73415e+11 1.73415e+11 1.73415e+11 
0.124 0.883119 -2.41688 -0.283897 -1.7616 -3.08312 2.72208e+06 3.13622e+14 8.42441e-05 0.000308892 3.6741e-17 1.55212e-08 35949.8 0 0 1.33635e-12 0 0 0.000559832 0 0 0 0 0 0 1.73518e+11 1.73518e+11 1.73518e+11 1.73518e+11 
0.1245 0.884917 -2.41508 -0.282078 -1.75979 -3.08492 2.72428e+06 3.13565e+14 8.42449e-05 0.000308879 3.67711e-17 1.55177e-08 35957.9 0 0 1.33773e-12 0 0 0.000559832 0 0 0 0 0 0 1.73621e+11 1.73621e+11 1.73621e+11 1.73621e+11 
0.125 0.886715 -2.41328 -0.280259 -1.75799 -3.08672 2.72648e+06 3.13509e+14 8.42457e-05 0.000308866 3.68011e-17 1.55142e-08 35966 0 0 1.33912e-12 0 0 0.000559832 0 0 0 0 0 0 1.73724e+11 1.73724e+11 1.73724e+11 1.73724e+11 
0.1255 0.888514 -2.41149 -0.278439 -1.75619 -3.08851 2.72868e+06 3.13452e+14 8.42465e-05 0.000308852 3.68312e-17 1.55107e-08 35974.2 0 0 1.34051e-12 0 0 0.000559832 0 0 0 0 0 0 1.73827e+11 1.73827e+11 1.73827e+11 1.73827e+11 
0.126 0.890312 -2.40969 -0.276619 -1.75438 -3.09031 2.73088e+06 3.13395e+14 8.42474e-05 0.000308839 3.68613e-17 1.55072e-08 35982.3 0 0 1.34189e-12 0 0 0.000559832 0 0 0 0 0 0 1.73931e+11 1.73931e+11 1.73931e+11 1.73931e+11 
0.1265 0.892112 -2.40789 -0.274799 -1.75258 -3.09211 2.73309e+06 3.13338e+14 8.42482e-05 0.000308826 3.68914e-17 1.55037e-08 35990.4 0 0 1.34328e-12 0 0 0.000559832 0 0 0 0 0 0 1.74034e+11 1.74034e+11 1.74034e+11 1.74034e+11 
0.127 0.893911 -2.40609 -0.272978 -1.75077 -3.09391 2.73529e+06 3.13281e+14 8.4249e-05 0.000308812 3.69215e-17 1.55002e-08 35998.5 0 0 1.34467e-12 0 0 0.000559832 0 0 0 0 0 0 1.74137e+11 1.74137e+11 1.74137e+11 1.74137e+11 
0.1275 0.895712 -2.40429 -0.271157 -1.74896 -3.09571 2.73749e+06 3.13224e+14 8.42498e-05 0.000308799 3.69516e-17 1.54968e-08 36006.6 0 0 1.34606e-12 0 0 0.000559832 0 0 0 0 0 0 1.7424e+11 1.7424e+11 1.7424e+11 1.7424e+11 
0.128 0.897512 -2.40249 -0.269335 -1.74716 -3.09751 2.7397e+06 3.13167e+14 8.42506e-05 0.000308786 3.69818e-17 1.54933e-08 36014.6 0 0 1.34745e-12 0 0 0.000559832 0 0 0 0 0 0 1.74343e+11 1.74343e+11 1.74343e+11 1.74343e+11 
0.1285 0.899313 -2.40069 -0.267513 -1.74535 -3.09931 2.74191e+06 3.1311e+14 8.42514e-05 0.000308772 3.70119e-17 1.54898e-08 36022.7 0 0 1.34884e-12 0 0 0.000559832 0 0 0 0 0 0 1.74446e+11 1.74446e+11 1.74446e+11 1.74446e+11 
0.129 0.901114 -2.39889 -0.265691 -1.74354 -3.10111 2.74411e+06 3.13053e+14 8.42523e-05 0.000308759 3.70421e-17 1.54863e-08 36030.8 0 0 1.35023e-12 0 0 0.000559832 0 0 0 0 0 0 1.74549e+11 1.74549e+11 1.74549e+11 1.74549e+11 
0.1295 0.902916 -2.39708 -0.263868 -1.74173 -3.10292 2.74632e+06 3.12996e+14 8.42531e-05 0.000308746 3.70722e-17 1.54828e-08 36038.9 0 0 1.35162e-12 0 0 0.000559832 0 0 0 0 0 0 1.74653e+11 1.74653e+11 1.74653e+11 1.74653e+11 
0.13 0.904718 -2.39528 -0.262045 -1.73993 -3.10472 2.74853e+06 3.12939e+14 8.42539e-05 0.000308732 3.71024e-17 1.54793e-08 36047 0 0 1.35302e-12 0 0 0.000559832 0 0 0 0 0 0 1.74756e+11 1.74756e+11 1.74756e+11 1.74756e+11 
0.1305 0.906521 -2.39348 -0.260221 -1.73812 -3.10652 2.75074e+06 3.12882e+14 8.42547e-05 0.000308719 3.71326e-17 1.54758e-08 36055.1 0 0 1.35441e-12 0 0 0.000559832 0 0 0 0 0 0 1.74859e+11 1.74859e+11 1.74859e+11 1.74859e+11 
0.131 0.908324 -2.39168 -0.258397 -1.73631 -3.10832 2.75295e+06 3.12825e+14 8.42555e-05 0.000308706 3.71628e-17 1.54723e-08 36063.2 0 0 1.3558e-12 0 0 0.000559832 0 0 0 0 0 0 1.74962e+11 1.74962e+11 1.74962e+11 1.74962e+11 
0.1315 0.910127 -2.38987 -0.256573 -1.7345 -3.11013 2.75516e+06 3.12768e+14 8.42563e-05 0.000308692 3.7193e-17 1.54688e-08 36071.3 0 0 1.3572e-12 0 0 0.000559832 0 0 0 0 0 0 1.75065e+11 1.75065e+11 1.75065e+11 1.75065e+11 
0.132 0.911931 -2.38807 -0.254748 -1.73269 -3.11193 2.75737e+06 3.12711e+14 8.42572e-05 0.000308679 3.72232e-17 1.54654e-08 36079.4 0 0 1.3586e-12 0 0 0.000559832 0 0 0 0 0 0 1.75168e+11 1.75168e+11 1.75168e+11 1.75168e+11 
0.1325 0.913735 -2.38626 -0.252923 -1.73088 -3.11374 2.75959e+06 3.12653e+14 8.4258e-05 0.000308665 3.72534e-17 1.54619e-08 36087.4 0 0 1.35999e-12 0 0 0.000559832 0 0 0 0 0 0 1.75271e+11 1.75271e+11 1.75271e+11 1.75271e+11 
0.133 0.91554 -2.38446 -0.251098 -1.72907 -3.11554 2.7618e+06 3.12596e+14 8.42588e-05 0.000308652 3.72837e-17 1.54584e-08 36095.5 0 0 1.36139e-12 0 0 0.000559832 0 0 0 0 0 0 1.75373e+11 1.75373e+11 1.75373e+11 1.75373e+11 
0.1335 0.917345 -2.38266 -0.249272 -1.72726 -3.11734 2.76402e+06 3.12539e+14 8.42596e-05 0.000308639 3.73139e-17 1.54549e-08 36103.6 0 0 1.36279e-12 0 0 0.000559832 0 0 0 0 0 0 1.75476e+11 1.75476e+11 1.75476e+11 1.75476e+11 
0.134 0.91915 -2.38085 -0.247445 -1.72545 -3.11915 2.76623e+06 3.12482e+14 8.42604e-05 0.000308625 3.73442e-17 1.54513e-08 36111.7 0 0 1.36419e-12 0 0 0.000559832 0 0 0 0 0 0 1.75579e+11 1.75579e+11 1.75579e+11 1.75579e+11 
0.1345 0.920956 -2.37904 -0.245619 -1.72364 -3.12096 2.76845e+06 3.12424e+14 8.42612e-05 0.000308612 3.73745e-17 1.54478e-08 36119.8 0 0 1.36559e-12 0 0 0.000559832 0 0 0 0 0 0 1.75682e+11 1.75682e+11 1.75682e+11 1.75682e+11 
0.135 0.922762 -2.37724 -0.243792 -1.72182 -3.12276 2.77066e+06 3.12367e+14 8.4262e-05 0.000308598 3.74048e-17 1.54443e-08 36127.8 0 0 1.36699e-12 0 0 0.000559832 0 0 0 0 0 0 1.75784e+11 1.75784e+11 1.75784e+11 1.75784e+11 
0.1355 0.924569 -2.37543 -0.241964 -1.72001 -3.12457 2.77288e+06 3.12309e+14 8.42629e-05 0.000308585 3.74351e-17 1.54408e-08 36135.9 0 0 1.3684e-12 0 0 0.000559832 0 0 0 0 0 0 1.75887e+11 1.75887e+11 1.75887e+11 1.75887e+11 
0.136 0.926376 -2.37362 -0.240136 -1.7182 -3.12638 2.7751e+06 3.12252e+14 8.42637e-05 0.000308571 3.74654e-17 1.54373e-08 36144 0 0 1.3698e-12 0 0 0.000559832 0 0 0 0 0 0 1.7599e+11 1.7599e+11 1.7599e+11 1.7599e+11 
0.1365 0.928183 -2.37182 -0.238308 -1.71638 -3.12818 2.77732e+06 3.12194e+14 8.42645e-05 0.000308558 3.74957e-17 1.54338e-08 36152.1 0 0 1.3712e-12 0 0 0.000559832 0 0 0 0 0 0 1.76092e+11 1.76092e+11 1.76092e+11 1.76092e+11 
0.137 0.929991 -2.37001 -0.236479 -1.71457 -3.12999 2.77954e+06 3.12136e+14 8.42653e-05 0.000308544 3.7526e-17 1.54302e-08 36160.1 0 0 1.37261e-12 0 0 0.000559832 0 0 0 0 0 0 1.76194e+11 1.76194e+11 1.76194e+11 1.76194e+11 
0.1375 0.931799 -2.3682 -0.23465 -1.71276 -3.1318 2.78176e+06 3.12079e+14 8.42661e-05 0.000308531 3.75564e-17 1.54267e-08 36168.2 0 0 1.37401e-12 0 0 0.000559832 0 0 0 0 0 0 1.76297e+11 1.76297e+11 1.76297e+11 1.76297e+11 
0.138 0.933608 -2.36639 -0.232821 -1.71094 -3.13361 2.78398e+06 3.12021e+14 8.42669e-05 0.000308517 3.75867e-17 1.54231e-08 36176.3 0 0 1.37542e-12 0 0 0.000559832 0 0 0 0 0 0 1.76399e+11 1.76399e+11 1.76399e+11 1.76399e+11 
0.1385 0.935417 -2.36458 -0.230991 -1.70913 -3.13542 2.7862e+06 3.11962e+14 8.42677e-05 0.000308503 3.76171e-17 1.54196e-08 36184.3 0 0 1.37683e-12 0 0 0.000559832 0 0 0 0 0 0 1.76501e+11 1.76501e+11 1.76501e+11 1.76501e+11 
0.139 0.937226 -2.36277 -0.229161 -1.70731 -3.13723 2.78842e+06 3.11904e+14 8.42686e-05 0.00030849 3.76474e-17 1.5416e-08 36192.4 0 0 1.37823e-12 0 0 0.000559832 0 0 0 0 0 0 1.76603e+11 1.76603e+11 1.76603e+11 1.76603e+11 
0.1395 0.939036 -2.36096 -0.22733 -1.70549 -3.13904 2.79065e+06 3.11846e+14 8.42694e-05 0.000308476 3.76778e-17 1.54124e-08 36200.5 0 0 1.37964e-12 0 0 0.000559832 0 0 0 0 0 0 1.76705e+11 1.76705e+11 1.76705e+11 1.76705e+11 
0.14 0.940846 -2.35915 -0.225499 -1.70368 -3.14085 2.79287e+06 3.11787e+14 8.42702e-05 0.000308462 3.77082e-17 1.54089e-08 36208.5 0 0 1.38105e-12 0 0 0.000559832 0 0 0 0 0 0 1.76807e+11 1.76807e+11 1.76807e+11 1.76807e+11 
0.1405 0.942657 -2.35734 -0.223667 -1.70186 -3.14266 2.79509e+06 3.11728e+14 8.4271e-05 0.000308448 3.77386e-17 1.54053e-08 36216.6 0 0 1.38246e-12 0 0 0.000559832 0 0 0 0 0 0 1.76908e+11 1.76908e+11 1.76908e+11 1.76908e+11 
0.141 0.944468 -2.35553 -0.221836 -1.70004 -3.14447 2.79732e+06 3.11669e+14 8.42718e-05 0.000308434 3.7769e-17 1.54017e-08 36224.6 0 0 1.38388e-12 0 0 0.000559832 0 0 0 0 0 0 1.7701e+11 1.7701e+11 1.7701e+11 1.7701e+11 
0.1415 0.946279 -2.35372 -0.220003 -1.69823 -3.14628 2.79955e+06 3.1161e+14 8.42726e-05 0.00030842 3.77995e-17 1.5398e-08 36232.7 0 0 1.38529e-12 0 0 0.000559832 0 0 0 0 0 0 1.77111e+11 1.77111e+11 1.77111e+11 1.77111e+11 
0.142 0.948091 -2.35191 -0.218171 -1.69641 -3.14809 2.80177e+06 3.11551e+14 8.42734e-05 0.000308406 3.78299e-17 1.53944e-08 36240.7 0 0 1.3867e-12 0 0 0.000559832 0 0 0 0 0 0 1.77212e+11 1.77212e+11 1.77212e+11 1.77212e+11 
0.1425 0.949903 -2.3501 -0.216338 -1.69459 -3.1499 2.804e+06 3.11491e+14 8.42743e-05 0.000308392 3.78603e-17 1.53908e-08 36248.8 0 0 1.38811e-12 0 0 0.000559832 0 0 0 0 0 0 1.77313e+11 1.77313e+11 1.77313e+11 1.77313e+11 
0.143 0.951716 -2.34828 -0.214504 -1.69277 -3.15172 2.80623e+06 3.11431e+14 8.42751e-05 0.000308378 3.78908e-17 1.53871e-08 36256.8 0 0 1.38953e-12 0 0 0.000559832 0 0 0 0 0 0 1.77414e+11 1.77414e+11 1.77414e+11 1.77414e+11 
0.1435 0.953529 -2.34647 -0.212671 -1.69095 -3.15353 2.80846e+06 3.11371e+14 8.42759e-05 0.000308364 3.79213e-17 1.53834e-08 36264.9 0 0 1.39094e-12 0 0 0.000559832 0 0 0 0 0 0 1.77515e+11 1.77515e+11 1.77515e+11 1.77515e+11 
0.144 0.955342 -2.34466 -0.210836 -1.68913 -3.15534 2.81069e+06 3.1131e+14 8.42767e-05 0.00030835 3.79517e-17 1.53797e-08 36272.9 0 0 1.39236e-12 0 0 0.000559832 0 0 0 0 0 0 1.77615e+11 1.77615e+11 1.77615e+11 1.77615e+11 
0.1445 0.957156 -2.34284 -0.209002 -1.68731 -3.15716 2.81292e+06 3.1125e+14 8.42775e-05 0.000308335 3.79822e-17 1.5376e-08 36281 0 0 1.39378e-12 0 0 0.000559832 0 0 0 0 0 0 1.77715e+11 1.77715e+11 1.77715e+11 1.77715e+11 
0.145 0.95897 -2.34103 -0.207167 -1.68549 -3.15897 2.81515e+06 3.11188e+14 8.42783e-05 0.000308321 3.80127e-17 1.53722e-08 36289 0 0 1.39519e-12 0 0 0.000559832 0 0 0 0 0 0 1.77815e+11 1.77815e+11 1.77815e+11 1.77815e+11 
0.1455 0.960785 -2.33921 -0.205331 -1.68367 -3.16079 2.81738e+06 3.11127e+14 8.42791e-05 0.000308306 3.80432e-17 1.53685e-08 36297.1 0 0 1.39661e-12 0 0 0.000559832 0 0 0 0 0 0 1.77914e+11 1.77914e+11 1.77914e+11 1.77914e+11 
0.146 0.9626 -2.3374 -0.203496 -1.68185 -3.1626 2.81962e+06 3.11065e+14 8.42799e-05 0.000308292 3.80737e-17 1.53647e-08 36305.1 0 0 1.39803e-12 0 0 0.000559832 0 0 0 0 0 0 1.78014e+11 1.78014e+11 1.78014e+11 1.78014e+11 
0.1465 0.964416 -2.33558 -0.20166 -1.68003 -3.16442 2.82185e+06 3.11002e+14 8.42808e-05 0.000308277 3.81043e-17 1.53608e-08 36313.2 0 0 1.39945e-12 0 0 0.000559832 0 0 0 0 0 0 1.78112e+11 1.78112e+11 1.78112e+11 1.78112e+11 
0.147 0.966232 -2.33377 -0.199823 -1.6782 -3.16623 2.82409e+06 3.10939e+14 8.42816e-05 0.000308262 3.81348e-17 1.5357e-08 36321.2 0 0 1.40087e-12 0 0 0.000559832 0 0 0 0 0 0 1.78211e+11 1.78211e+11 1.78211e+11 1.78211e+11 
0.1475 0.968048 -2.33195 -0.197986 -1.67638 -3.16805 2.82632e+06 3.10875e+14 8.42824e-05 0.000308247 3.81654e-17 1.53531e-08 36329.2 0 0 1.40229e-12 0 0 0.000559832 0 0 0 0 0 0 1.78309e+11 1.78309e+11 1.78309e+11 1.78309e+11 
0.148 0.969864 -2.33014 -0.196149 -1.67456 -3.16986 2.82856e+06 3.10811e+14 8.42832e-05 0.000308232 3.81959e-17 1.53491e-08 36337.3 0 0 1.40372e-12 0 0 0.000559832 0 0 0 0 0 0 1.78407e+11 1.78407e+11 1.78407e+11 1.78407e+11 
0.1485 0.971681 -2.32832 -0.194311 -1.67273 -3.17168 2.83079e+06 3.10747e+14 8.4284e-05 0.000308216 3.82265e-17 1.53452e-08 36345.3 0 0 1.40514e-12 0 0 0.000559832 0 0 0 0 0 0 1.78504e+11 1.78504e+11 1.78504e+11 1.78504e+11 
0.149 0.973499 -2.3265 -0.192473 -1.67091 -3.1735 2.83303e+06 3.10681e+14 8.42848e-05 0.000308201 3.82571e-17 1.53412e-08 36353.3 0 0 1.40656e-12 0 0 0.000559832 0 0 0 0 0 0 1.78601e+11 1.78601e+11 1.78601e+11 1.78601e+11 
0.1495 0.975317 -2.32468 -0.190634 -1.66908 -3.17532 2.83527e+06 3.10615e+14 8.42856e-05 0.000308185 3.82877e-17 1.53371e-08 36361.4 0 0 1.40799e-12 0 0 0.000559832 0 0 0 0 0 0 1.78697e+11 1.78697e+11 1.78697e+11 1.78697e+11 
0.15 0.977135 -2.32286 -0.188796 -1.66726 -3.17714 2.83751e+06 3.10548e+14 8.42864e-05 0.000308169 3.83183e-17 1.5333e-08 36369.4 0 0 1.40941e-12 0 0 0.000559832 0 0 0 0 0 0 1.78793e+11 1.78793e+11 1.78793e+11 1.78793e+11 
0.1505 0.978954 -2.32105 -0.186956 -1.66543 -3.17895 2.83975e+06 3.1048e+14 8.42872e-05 0.000308153 3.83489e-17 1.53289e-08 36377.4 0 0 1.41084e-12 0 0 0.000559832 0 0 0 0 0 0 1.78888e+11 1.78888e+11 1.78888e+11 1.78888e+11 
0.151 0.980773 -2.31923 -0.185117 -1.66361 -3.18077 2.84199e+06 3.10411e+14 8.42881e-05 0.000308136 3.83795e-17 1.53247e-08 36385.4 0 0 1.41227e-12 0 0 0.000559832 0 0 0 0 0 0 1.78982e+11 1.78982e+11 1.78982e+11 1.78982e+11 
0.1515 0.982592 -2.31741 -0.183277 -1.66178 -3.18259 2.84423e+06 3.10342e+14 8.42889e-05 0.00030812 3.84101e-17 1.53204e-08 36393.5 0 0 1.4137e-12 0 0 0.000559832 0 0 0 0 0 0 1.79076e+11 1.79076e+11 1.79076e+11 1.79076e+11 
0.152 0.984412 -2.31559 -0.181436 -1.65995 -3.18441 2.84647e+06 3.10271e+14 8.42897e-05 0.000308103 3.84408e-17 1.53161e-08 36401.5 0 0 1.41512e-12 0 0 0.000559832 0 0 0 0 0 0 1.79169e+11 1.79169e+11 1.79169e+11 1.79169e+11 
0.1525 0.986232 -2.31377 -0.179595 -1.65812 -3.18623 2.84871e+06 3.10199e+14 8.42905e-05 0.000308085 3.84714e-17 1.53117e-08 36409.5 0 0 1.41655e-12 0 0 0.000559832 0 0 0 0 0 0 1.79261e+11 1.79261e+11 1.79261e+11 1.79261e+11 
0.153 0.988053 -2.31195 -0.177754 -1.6563 -3.18805 2.85095e+06 3.10126e+14 8.42913e-05 0.000308068 3.85021e-17 1.53072e-08 36417.5 0 0 1.41798e-12 0 0 0.000559832 0 0 0 0 0 0 1.79352e+11 1.79352e+11 1.79352e+11 1.79352e+11 
0.1535 0.989874 -2.31013 -0.175912 -1.65447 -3.18987 2.8532e+06 3.10052e+14 8.42921e-05 0.00030805 3.85328e-17 1.53026e-08 36425.5 0 0 1.41941e-12 0 0 0.000559832 0 0 0 0 0 0 1.79442e+11 1.79442e+11 1.79442e+11 1.79442e+11 
0.154 0.991696 -2.3083 -0.17407 -1.65264 -3.1917 2.85544e+06 3.09976e+14 8.42929e-05 0.000308032 3.85634e-17 1.5298e-08 36433.6 0 0 1.42085e-12 0 0 0.000559832 0 0 0 0 0 0 1.79532e+11 1.79532e+11 1.79532e+11 1.79532e+11 
0.1545 0.993518 -2.30648 -0.172228 -1.65081 -3.19352 2.85769e+06 3.09899e+14 8.42937e-05 0.000308013 3.85941e-17 1.52932e-08 36441.6 0 0 1.42228e-12 0 0 0.000559832 0 0 0 0 0 0 1.7962e+11 1.7962e+11 1.7962e+11 1.7962e+11 
0.155 0.99534 -2.30466 -0.170385 -1.64898 -3.19534 2.85993e+06 3.0982e+14 8.42945e-05 0.000307994 3.86248e-17 1.52884e-08 36449.6 0 0 1.42371e-12 0 0 0.000559832 0 0 0 0 0 0 1.79707e+11 1.79707e+11 1.79707e+11 1.79707e+11 
0.1555 0.997163 -2.30284 -0.168542 -1.64715 -3.19716 2.86218e+06 3.09739e+14 8.42953e-05 0.000307975 3.86555e-17 1.52835e-08 36457.6 0 0 1.42514e-12 0 0 0.000559832 0 0 0 0 0 0 1.79793e+11 1.79793e+11 1.79793e+11 1.79793e+11 
0.156 0.998986 -2.30101 -0.166698 -1.64531 -3.19899 2.86443e+06 3.09657e+14 8.42962e-05 0.000307955 3.86863e-17 1.52784e-08 36465.6 0 0 1.42658e-12 0 0 0.000559832 0 0 0 0 0 0 1.79877e+11 1.79877e+11 1.79877e+11 1.79877e+11 
0.1565 1.00081 -2.29919 -0.164854 -1.64348 -3.20081 2.86667e+06 3.09573e+14 8.4297e-05 0.000307934 3.8717e-17 1.52732e-08 36473.6 0 0 1.42801e-12 0 0 0.000559832 0 0 0 0 0 0 1.7996e+11 1.7996e+11 1.7996e+11 1.7996e+11 
0.157 1.00263 -2.29737 -0.16301 -1.64165 -3.20263 2.86892e+06 3.09486e+14 8.42978e-05 0.000307913 3.87477e-17 1.52679e-08 36481.6 0 0 1.42945e-12 0 0 0.000559832 0 0 0 0 0 0 1.80042e+11 1.80042e+11 1.80042e+11 1.80042e+11 
0.1575 1.00446 -2.29554 -0.161165 -1.63981 -3.20446 2.87117e+06 3.09397e+14 8.42986e-05 0.000307891 3.87785e-17 1.52624e-08 36489.6 0 0 1.43088e-12 0 0 0.000559832 0 0 0 0 0 0 1.80121e+11 1.80121e+11 1.80121e+11 1.80121e+11 
0.158 1.00628 -2.29372 -0.15932 -1.63798 -3.20628 2.87342e+06 3.09306e+14 8.42994e-05 0.000307869 3.88092e-17 1.52568e-08 36497.6 0 0 1.43232e-12 0 0 0.000559832 0 0 0 0 0 0 1.80199e+11 1.80199e+11 1.80199e+11 1.80199e+11 
0.1585 1.00811 -2.29189 -0.157475 -1.63615 -3.20811 2.87567e+06 3.09212e+14 8.43002e-05 0.000307846 3.884e-17 1.52511e-08 36505.6 0 0 1.43376e-12 0 0 0.000559832 0 0 0 0 0 0 1.80275e+11 1.80275e+11 1.80275e+11 1.80275e+11 
0.159 1.00993 -2.29007 -0.155629 -1.63431 -3.20993 2.87792e+06 3.09115e+14 8.4301e-05 0.000307822 3.88707e-17 1.52451e-08 36513.6 0 0 1.4352e-12 0 0 0.000559832 0 0 0 0 0 0 1.80349e+11 1.80349e+11 1.80349e+11 1.80349e+11 
0.1595 1.01176 -2.28824 -0.153782 -1.63247 -3.21176 2.88017e+06 3.09015e+14 8.43018e-05 0.000307798 3.89015e-17 1.5239e-08 36521.6 0 0 1.43664e-12 0 0 0.000559832 0 0 0 0 0 0 1.80421e+11 1.80421e+11 1.80421e+11 1.80421e+11 
0.16 1.01358 -2.28642 -0.151936 -1.63064 -3.21358 2.88242e+06 3.08911e+14 8.43026e-05 0.000307773 3.89323e-17 1.52326e-08 36529.6 0 0 1.43807e-12 0 0 0.000559832 0 0 0 0 0 0 1.80491e+11 1.80491e+11 1.80491e+11 1.80491e+11 
0.1605 1.01541 -2.28459 -0.150089 -1.6288 -3.21541 2.88468e+06 3.08805e+14 8.43034e-05 0.000307746 3.89631e-17 1.5226e-08 36537.5 0 0 1.43951e-12 0 0 0.000559832 0 0 0 0 0 0 1.80557e+11 1.80557e+11 1.80557e+11 1.80557e+11 
0.161 1.01724 -2.28276 -0.148241 -1.62696 -3.21724 2.88693e+06 3.08694e+14 8.43042e-05 0.000307719 3.89939e-17 1.52192e-08 36545.5 0 0 1.44095e-12 0 0 0.000559832 0 0 0 0 0 0 1.80621e+11 1.80621e+11 1.80621e+11 1.80621e+11 
0.1615 1.01907 -2.28093 -0.146393 -1.62512 -3.21907 2.88918e+06 3.08579e+14 8.4305e-05 0.000307691 3.90247e-17 1.52122e-08 36553.5 0 0 1.4424e-12 0 0 0.000559832 0 0 0 0 0 0 1.80683e+11 1.80683e+11 1.80683e+11 1.80683e+11 
0.162 1.02089 -2.27911 -0.144545 -1.62328 -3.22089 2.89143e+06 3.0846e+14 8.43059e-05 0.000307661 3.90555e-17 1.52048e-08 36561.5 0 0 1.44384e-12 0 0 0.000559832 0 0 0 0 0 0 1.8074e+11 1.8074e+11 1.8074e+11 1.8074e+11 
0.1625 1.02272 -2.27728 -0.142696 -1.62144 -3.22272 2.89369e+06 3.08336e+14 8.43067e-05 0.00030763 3.90863e-17 1.51972e-08 36569.4 0 0 1.44528e-12 0 0 0.000559832 0 0 0 0 0 0 1.80795e+11 1.80795e+11 1.80795e+11 1.80795e+11 
0.163 1.02455 -2.27545 -0.140847 -1.6196 -3.22455 2.89594e+06 3.08207e+14 8.43075e-05 0.000307598 3.91172e-17 1.51893e-08 36577.4 0 0 1.44672e-12 0 0 0.000559832 0 0 0 0 0 0 1.80846e+11 1.80846e+11 1.80846e+11 1.80846e+11 
0.1635 1.02638 -2.27362 -0.138998 -1.61775 -3.22638 2.8982e+06 3.08073e+14 8.43083e-05 0.000307565 3.9148e-17 1.5181e-08 36585.4 0 0 1.44816e-12 0 0 0.000559832 0 0 0 0 0 0 1.80892e+11 1.80892e+11 1.80892e+11 1.80892e+11 
0.164 1.02821 -2.27179 -0.137148 -1.61591 -3.22821 2.90045e+06 3.07932e+14 8.43091e-05 0.00030753 3.91788e-17 1.51724e-08 36593.3 0 0 1.44961e-12 0 0 0.000559832 0 0 0 0 0 0 1.80935e+11 1.80935e+11 1.80935e+11 1.80935e+11 
0.1645 1.03004 -2.26996 -0.135298 -1.61406 -3.23004 2.90271e+06 3.07786e+14 8.43099e-05 0.000307493 3.92097e-17 1.51633e-08 36601.3 0 0 1.45105e-12 0 0 0.000559832 0 0 0 0 0 0 1.80973e+11 1.80973e+11 1.80973e+11 1.80973e+11 
0.165 1.03187 -2.26813 -0.133447 -1.61222 -3.23187 2.90496e+06 3.07633e+14 8.43107e-05 0.000307455 3.92405e-17 1.51539e-08 36609.3 0 0 1.45249e-12 0 0 0.000559832 0 0 0 0 0 0 1.81006e+11 1.81006e+11 1.81006e+11 1.81006e+11 
0.1655 1.0337 -2.2663 -0.131596 -1.61037 -3.2337 2.90722e+06 3.07472e+14 8.43115e-05 0.000307415 3.92714e-17 1.5144e-08 36617.2 0 0 1.45394e-12 0 0 0.000559832 0 0 0 0 0 0 1.81034e+11 1.81034e+11 1.81034e+11 1.81034e+11 
0.166 1.03553 -2.26447 -0.129745 -1.60852 -3.23553 2.90948e+06 3.07304e+14 8.43123e-05 0.000307372 3.93022e-17 1.51336e-08 36625.2 0 0 1.45538e-12 0 0 0.000559832 0 0 0 0 0 0 1.81056e+11 1.81056e+11 1.81056e+11 1.81056e+11 
0.1665 1.03736 -2.26264 -0.127893 -1.60667 -3.23736 2.91173e+06 3.07127e+14 8.43131e-05 0.000307328 3.93331e-17 1.51227e-08 36633.1 0 0 1.45682e-12 0 0 0.000559832 0 0 0 0 0 0 1.81072e+11 1.81072e+11 1.81072e+11 1.81072e+11 
0.167 1.03919 -2.26081 -0.126041 -1.60482 -3.23919 2.91399e+06 3.06941e+14 8.43139e-05 0.000307281 3.93639e-17 1.51113e-08 36641 0 0 1.45827e-12 0 0 0.000559832 0 0 0 0 0 0 1.81081e+11 1.81081e+11 1.81081e+11 1.81081e+11 
0.1675 1.04103 -2.25897 -0.124189 -1.60296 -3.24103 2.91625e+06 3.06746e+14 8.43147e-05 0.000307232 3.93948e-17 1.50992e-08 36649 0 0 1.45971e-12 0 0 0.000559832 0 0 0 0 0 0 1.81084e+11 1.81084e+11 1.81084e+11 1.81084e+11 
0.168 1.04286 -2.25714 -0.122336 -1.60111 -3.24286 2.9185e+06 3.0654e+14 8.43155e-05 0.00030718 3.94257e-17 1.50866e-08 36656.9 0 0 1.46116e-12 0 0 0.000559832 0 0 0 0 0 0 1.81079e+11 1.81079e+11 1.81079e+11 1.81079e+11 
0.1685 1.04469 -2.25531 -0.120483 -1.59925 -3.24469 2.92076e+06 3.06323e+14 8.43163e-05 0.000307125 3.94565e-17 1.50732e-08 36664.8 0 0 1.4626e-12 0 0 0.000559832 0 0 0 0 0 0 1.81065e+11 1.81065e+11 1.81065e+11 1.81065e+11 
0.169 1.04653 -2.25347 -0.118629 -1.59739 -3.24653 2.92302e+06 3.06094e+14 8.43171e-05 0.000307067 3.94874e-17 1.50591e-08 36672.7 0 0 1.46404e-12 0 0 0.000559832 0 0 0 0 0 0 1.81043e+11 1.81043e+11 1.81043e+11 1.81043e+11 
0.1695 1.04836 -2.25164 -0.116775 -1.59554 -3.24836 2.92528e+06 3.05852e+14 8.43179e-05 0.000307005 3.95183e-17 1.50442e-08 36680.6 0 0 1.46549e-12 0 0 0.000559832 0 0 0 0 0 0 1.81012e+11 1.81012e+11 1.81012e+11 1.81012e+11 
0.17 1.05019 -2.24981 -0.114921 -1.59367 -3.25019 2.92753e+06 3.05597e+14 8.43187e-05 0.00030694 3.95491e-17 1.50284e-08 36688.5 0 0 1.46693e-12 0 0 0.000559832 0 0 0 0 0 0 1.80971e+11 1.80971e+11 1.80971e+11 1.80971e+11 
0.1705 1.05203 -2.24797 -0.113066 -1.59181 -3.25203 2.92979e+06 3.05326e+14 8.43195e-05 0.000306871 3.958e-17 1.50117e-08 36696.4 0 0 1.46838e-12 0 0 0.000559832 0 0 0 0 0 0 1.80918e+11 1.80918e+11 1.80918e+11 1.80918e+11 
0.171 1.05386 -2.24614 -0.111211 -1.58994 -3.25386 2.93204e+06 3.0504e+14 8.43203e-05 0.000306798 3.96108e-17 1.49941e-08 36704.3 0 0 1.46982e-12 0 0 0.000559832 0 0 0 0 0 0 1.80854e+11 1.80854e+11 1.80854e+11 1.80854e+11 
0.1715 1.0557 -2.2443 -0.109355 -1.58808 -3.2557 2.9343e+06 3.04736e+14 8.43211e-05 0.000306721 3.96417e-17 1.49754e-08 36712.2 0 0 1.47126e-12 0 0 0.000559832 0 0 0 0 0 0 1.80778e+11 1.80778e+11 1.80778e+11 1.80778e+11 
0.172 1.05753 -2.24247 -0.107499 -1.58621 -3.25753 2.93656e+06 3.04414e+14 8.43219e-05 0.000306638 3.96725e-17 1.49555e-08 36720.1 0 0 1.4727e-12 0 0 0.000559832 0 0 0 0 0 0 1.80688e+11 1.80688e+11 1.80688e+11 1.80688e+11 
0.1725 1.05937 -2.24063 -0.105643 -1.58433 -3.25937 2.93881e+06 3.04072e+14 8.43227e-05 0.000306551 3.97034e-17 1.49344e-08 36727.9 0 0 1.47414e-12 0 0 0.000559832 0 0 0 0 0 0 1.80583e+11 1.80583e+11 1.80583e+11 1.80583e+11 
0.173 1.06121 -2.23879 -0.103786 -1.58246 -3.26121 2.94107e+06 3.03709e+14 8.43235e-05 0.000306458 3.97342e-17 1.49121e-08 36735.8 0 0 1.47558e-12 0 0 0.000559832 0 0 0 0 0 0 1.80463e+11 1.80463e+11 1.80463e+11 1.80463e+11 
0.1735 1.06304 -2.23696 -0.101929 -1.58058 -3.26304 2.94332e+06 3.03323e+14 8.43243e-05 0.000306358 3.9765e-17 1.48883e-08 36743.6 0 0 1.47702e-12 0 0 0.000559832 0 0 0 0 0 0 1.80327e+11 1.80327e+11 1.80327e+11 1.80327e+11 
0.174 1.06488 -2.23512 -0.100072 -1.5787 -3.26488 2.94557e+06 3.02912e+14 8.43251e-05 0.000306253 3.97958e-17 1.4863e-08 36751.5 0 0 1.47846e-12 0 0 0.000559832 0 0 0 0 0 0 1.80172e+11 1.80172e+11 1.80172e+11 1.80172e+11 
0.1745 1.06672 -2.23328 -0.0982144 -1.57681 -3.26672 2.94782e+06 3.02475e+14 8.43259e-05 0.00030614 3.98266e-17 1.48361e-08 36759.3 0 0 1.47989e-12 0 0 0.000559832 0 0 0 0 0 0 1.79998e+11 1.79998e+11 1.79998e+11 1.79998e+11 
0.175 1.06856 -2.23144 -0.0963563 -1.57492 -3.26856 2.95007e+06 3.0201e+14 8.43267e-05 0.00030602 3.98574e-17 1.48075e-08 36767.1 0 0 1.48133e-12 0 0 0.000559832 0 0 0 0 0 0 1.79803e+11 1.79803e+11 1.79803e+11 1.79803e+11 
0.1755 1.0704 -2.2296 -0.0944978 -1.57303 -3.2704 2.95232e+06 3.01514e+14 8.43275e-05 0.000305892 3.98882e-17 1.4777e-08 36774.9 0 0 1.48276e-12 0 0 0.000559832 0 0 0 0 0 0 1.79586e+11 1.79586e+11 1.79586e+11 1.79586e+11 
0.176 1.07224 -2.22776 -0.092639 -1.57113 -3.27224 2.95457e+06 3.00985e+14 8.43283e-05 0.000305755 3.99189e-17 1.47444e-08 36782.7 0 0 1.48419e-12 0 0 0.000559832 0 0 0 0 0 0 1.79345e+11 1.79345e+11 1.79345e+11 1.79345e+11 
0.1765 1.07407 -2.22593 -0.0907798 -1.56923 -3.27407 2.95682e+06 3.00421e+14 8.43291e-05 0.000305608 3.99496e-17 1.47098e-08 36790.5 0 0 1.48562e-12 0 0 0.000559832 0 0 0 0 0 0 1.79078e+11 1.79078e+11 1.79078e+11 1.79078e+11 
0.177 1.07591 -2.22409 -0.0889202 -1.56733 -3.27591 2.95906e+06 2.99819e+14 8.43299e-05 0.000305452 3.99803e-17 1.46728e-08 36798.2 0 0 1.48705e-12 0 0 0.000559832 0 0 0 0 0 0 1.78784e+11 1.78784e+11 1.78784e+11 1.78784e+11 
0.1775 1.07775 -2.22225 -0.0870603 -1.56542 -3.27775 2.9613e+06 2.99176e+14 8.43306e-05 0.000305285 4.0011e-17 1.46333e-08 36806 0 0 1.48847e-12 0 0 0.000559832 0 0 0 0 0 0 1.7846e+11 1.7846e+11 1.7846e+11 1.7846e+11 
0.178 1.07959 -2.22041 -0.0852001 -1.5635 -3.27959 2.96354e+06 2.9849e+14 8.43314e-05 0.000305106 4.00417e-17 1.45912e-08 36813.7 0 0 1.4899e-12 0 0 0.000559832 0 0 0 0 0 0 1.78103e+11 1.78103e+11 1.78103e+11 1.78103e+11 
0.1785 1.08144 -2.21856 -0.0833395 -1.56158 -3.28144 2.96578e+06 2.97756e+14 8.43322e-05 0.000304914 4.00723e-17 1.45462e-08 36821.4 0 0 1.49131e-12 0 0 0.000559832 0 0 0 0 0 0 1.77713e+11 1.77713e+11 1.77713e+11 1.77713e+11 
0.179 1.08328 -2.21672 -0.0814785 -1.55965 -3.28328 2.96802e+06 2.96972e+14 8.4333e-05 0.000304709 4.01029e-17 1.44981e-08 36829.1 0 0 1.49273e-12 0 0 0.000559832 0 0 0 0 0 0 1.77285e+11 1.77285e+11 1.77285e+11 1.77285e+11 
0.1795 1.08512 -2.21488 -0.0796172 -1.55772 -3.28512 2.97025e+06 2.96133e+14 8.43338e-05 0.000304489 4.01334e-17 1.44467e-08 36836.8 0 0 1.49414e-12 0 0 0.000559832 0 0 0 0 0 0 1.76817e+11 1.76817e+11 1.76817e+11 1.76817e+11 
0.18 1.08696 -2.21304 -0.0777556 -1.55578 -3.28696 2.97248e+06 2.95235e+14 8.43346e-05 0.000304253 4.01639e-17 1.43917e-08 36844.4 0 0 1.49555e-12 0 0 0.000559832 0 0 0 0 0 0 1.76307e+11 1.76307e+11 1.76307e+11 1.76307e+11 
0.1805 1.0888 -2.2112 -0.0758936 -1.55383 -3.2888 2.97471e+06 2.94274e+14 8.43353e-05 0.000304 4.01944e-17 1.4333e-08 36852 0 0 1.49695e-12 0 0 0.000559832 0 0 0 0 0 0 1.75751e+11 1.75751e+11 1.75751e+11 1.75751e+11 
0.181 1.09065 -2.20935 -0.0740313 -1.55187 -3.29065 2.97693e+06 2.93245e+14 8.43361e-05 0.000303729 4.02248e-17 1.42701e-08 36859.6 0 0 1.49835e-12 0 0 0.000559832 0 0 0 0 0 0 1.75145e+11 1.75145e+11 1.75145e+11 1.75145e+11 
0.1815 1.09249 -2.20751 -0.0721687 -1.54991 -3.29249 2.97915e+06 2.92143e+14 8.43369e-05 0.000303437 4.02551e-17 1.42028e-08 36867.2 0 0 1.49975e-12 0 0 0.000559832 0 0 0 0 0 0 1.74486e+11 1.74486e+11 1.74486e+11 1.74486e+11 
0.182 1.09433 -2.20567 -0.0703057 -1.54793 -3.29433 2.98137e+06 2.90962e+14 8.43377e-05 0.000303124 4.02854e-17 1.41308e-08 36874.7 0 0 1.50114e-12 0 0 0.000559832 0 0 0 0 0 0 1.7377e+11 1.7377e+11 1.7377e+11 1.7377e+11 
0.1825 1.09618 -2.20382 -0.0684424 -1.54594 -3.29618 2.98358e+06 2.89696e+14 8.43384e-05 0.000302788 4.03157e-17 1.40537e-08 36882.2 0 0 1.50252e-12 0 0 0.000559832 0 0 0 0 0 0 1.72992e+11 1.72992e+11 1.72992e+11 1.72992e+11 
0.183 1.09802 -2.20198 -0.0665788 -1.54395 -3.29802 2.98578e+06 2.88339e+14 8.43392e-05 0.000302426 4.03458e-17 1.39712e-08 36889.7 0 0 1.5039e-12 0 0 0.000559832 0 0 0 0 0 0 1.72148e+11 1.72148e+11 1.72148e+11 1.72148e+11 
0.1835 1.09987 -2.20013 -0.0647149 -1.54194 -3.29987 2.98798e+06 2.86884e+14 8.434e-05 0.000302037 4.03759e-17 1.38828e-08 36897.1 0 0 1.50527e-12 0 0 0.000559832 0 0 0 0 0 0 1.71233e+11 1.71233e+11 1.71233e+11 1.71233e+11 
0.184 1.10171 -2.19829 -0.0628507 -1.53991 -3.30171 2.99017e+06 2.85322e+14 8.43407e-05 0.000301619 4.04059e-17 1.37881e-08 36904.5 0 0 1.50663e-12 0 0 0.000559832 0 0 0 0 0 0 1.70242e+11 1.70242e+11 1.70242e+11 1.70242e+11 
0.1845 1.10356 -2.19644 -0.0609861 -1.53788 -3.30356 2.99236e+06 2.83646e+14 8.43415e-05 0.000301168 4.04358e-17 1.36866e-08 36911.9 0 0 1.50798e-12 0 0 0.000559832 0 0 0 0 0 0 1.69168e+11 1.69168e+11 1.69168e+11 1.69168e+11 
0.185 1.1054 -2.1946 -0.0591213 -1.53582 -3.3054 2.99454e+06 2.81847e+14 8.43422e-05 0.000300682 4.04656e-17 1.35779e-08 36919.2 0 0 1.50933e-12 0 0 0.000559832 0 0 0 0 0 0 1.68006e+11 1.68006e+11 1.68006e+11 1.68006e+11 
0.1855 1.10725 -2.19275 -0.0572563 -1.53375 -3.30725 2.99671e+06 2.79915e+14 8.4343e-05 0.000300159 4.04953e-17 1.34613e-08 36926.5 0 0 1.51066e-12 0 0 0.000559832 0 0 0 0 0 0 1.66749e+11 1.66749e+11 1.66749e+11 1.66749e+11 
0.186 1.10909 -2.19091 -0.0553909 -1.53166 -3.30909 2.99888e+06 2.7784e+14 8.43437e-05 0.000299594 4.05249e-17 1.33364e-08 36933.7 0 0 1.51199e-12 0 0 0.000559832 0 0 0 0 0 0 1.65389e+11 1.65389e+11 1.65389e+11 1.65389e+11 
0.1865 1.11094 -2.18906 -0.0535252 -1.52955 -3.31094 3.00103e+06 2.75609e+14 8.43445e-05 0.000298985 4.05544e-17 1.32024e-08 36940.8 0 0 1.5133e-12 0 0 0.000559832 0 0 0 0 0 0 1.63919e+11 1.63919e+11 1.63919e+11 1.63919e+11 
0.187 1.11279 -2.18721 -0.0516594 -1.52742 -3.31279 3.00318e+06 2.73212e+14 8.43452e-05 0.000298326 4.05838e-17 1.30588e-08 36947.9 0 0 1.5146e-12 0 0 0.000559832 0 0 0 0 0 0 1.62331e+11 1.62331e+11 1.62331e+11 1.62331e+11 
0.1875 1.11464 -2.18536 -0.0497932 -1.52527 -3.31464 3.00531e+06 2.70635e+14 8.43459e-05 0.000297615 4.0613e-17 1.29047e-08 36954.9 0 0 1.51589e-12 0 0 0.000559832 0 0 0 0 0 0 1.60615e+11 1.60615e+11 1.60615e+11 1.60615e+11 
0.188 1.11648 -2.18352 -0.0479268 -1.52308 -3.31648 3.00743e+06 2.67862e+14 8.43467e-05 0.000296845 4.0642e-17 1.27395e-08 36961.9 0 0 1.51716e-12 0 0 0.000559832 0 0 0 0 0 0 1.58761e+11 1.58761e+11 1.58761e+11 1.58761e+11 
0.1885 1.11833 -2.18167 -0.0460602 -1.52087 -3.31833 3.00955e+06 2.64879e+14 8.43474e-05 0.000296012 4.06709e-17 1.25622e-08 36968.8 0 0 1.51842e-12 0 0 0.000559832 0 0 0 0 0 0 1.5676e+11 1.5676e+11 1.5676e+11 1.5676e+11 
0.189 1.12018 -2.17982 -0.0441934 -1.51862 -3.32018 3.01164e+06 2.61668e+14 8.43481e-05 0.000295109 4.06996e-17 1.23721e-08 36975.6 0 0 1.51966e-12 0 0 0.000559832 0 0 0 0 0 0 1.546e+11 1.546e+11 1.546e+11 1.546e+11 
0.1895 1.12203 -2.17797 -0.0423264 -1.51634 -3.32203 3.01373e+06 2.58209e+14 8.43488e-05 0.00029413 4.07281e-17 1.21681e-08 36982.3 0 0 1.52089e-12 0 0 0.000559832 0 0 0 0 0 0 1.52269e+11 1.52269e+11 1.52269e+11 1.52269e+11 
0.19 1.12388 -2.17612 -0.0404592 -1.51402 -3.32388 3.0158e+06 2.54484e+14 8.43495e-05 0.000293067 4.07564e-17 1.19491e-08 36988.9 0 0 1.52209e-12 0 0 0.000559832 0 0 0 0 0 0 1.49753e+11 1.49753e+11 1.49753e+11 1.49753e+11 
0.1905 1.12573 -2.17427 -0.0385918 -1.51166 -3.32573 3.01785e+06 2.50468e+14 8.43502e-05 0.000291911 4.07845e-17 1.17142e-08 36995.5 0 0 1.52327e-12 0 0 0.000559832 0 0 0 0 0 0 1.47039e+11 1.47039e+11 1.47039e+11 1.47039e+11 
0.191 1.12758 -2.17242 -0.0367242 -1.50924 -3.32758 3.01989e+06 2.46137e+14 8.43509e-05 0.000290652 4.08123e-17 1.1462e-08 37001.9 0 0 1.52443e-12 0 0 0.000559832 0 0 0 0 0 0 1.44111e+11 1.44111e+11 1.44111e+11 1.44111e+11 
0.1915 1.12943 -2.17057 -0.0348565 -1.50677 -3.32943 3.0219e+06 2.41464e+14 8.43516e-05 0.00028928 4.08399e-17 1.11914e-08 37008.2 0 0 1.52557e-12 0 0 0.000559832 0 0 0 0 0 0 1.40952e+11 1.40952e+11 1.40952e+11 1.40952e+11 
0.192 1.13128 -2.16872 -0.0329887 -1.50423 -3.33128 3.0239e+06 2.3642e+14 8.43522e-05 0.000287783 4.08672e-17 1.09008e-08 37014.4 0 0 1.52668e-12 0 0 0.000559831 0 0 0 0 0 0 1.37545e+11 1.37545e+11 1.37545e+11 1.37545e+11 
0.1925 1.13313 -2.16687 -0.0311208 -1.50163 -3.33313 3.02587e+06 2.3097e+14 8.43529e-05 0.000286144 4.08941e-17 1.05889e-08 37020.4 0 0 1.52777e-12 0 0 0.000559831 0 0 0 0 0 0 1.3387e+11 1.3387e+11 1.3387e+11 1.3387e+11 
0.193 1.13498 -2.16502 -0.0292528 -1.49894 -3.33498 3.02782e+06 2.25078e+14 8.43535e-05 0.000284348 4.09208e-17 1.0254e-08 37026.3 0 0 1.52882e-12 0 0 0.000559831 0 0 0 0 0 0 1.29907e+11 1.29907e+11 1.29907e+11 1.29907e+11 
0.1935 1.13683 -2.16317 -0.0273848 -1.49617 -3.33683 3.02974e+06 2.18703e+14 8.43542e-05 0.000282374 4.09471e-17 9.89442e-09 37032 0 0 1.52984e-12 0 0 0.000559831 0 0 0 0 0 0 1.25631e+11 1.25631e+11 1.25631e+11 1.25631e+11 
0.194 1.13868 -2.16132 -0.0255167 -1.49328 -3.33868 3.03164e+06 2.11799e+14 8.43548e-05 0.0002802 4.0973e-17 9.5083e-09 37037.6 0 0 1.53082e-12 0 0 0.000559831 0 0 0 0 0 0 1.2102e+11 1.2102e+11 1.2102e+11 1.2102e+11 
0.1945 1.14054 -2.15946 -0.0236486 -1.49027 -3.34054 3.0335e+06 2.04315e+14 8.43554e-05 0.000277797 4.09985e-17 9.09364e-09 37043 0 0 1.53177e-12 0 0 0.00055983 0 0 0 0 0 0 1.16046e+11 1.16046e+11 1.16046e+11 1.16046e+11 
0.195 1.14239 -2.15761 -0.0217805 -1.48712 -3.34239 3.03533e+06 1.96192e+14 8.4356e-05 0.000275131 4.10236e-17 8.64831e-09 37048.2 0 0 1.53267e-12 0 0 0.00055983 0 0 0 0 0 0 1.10679e+11 1.10679e+11 1.10679e+11 1.10679e+11 
0.1955 1.14424 -2.15576 -0.0199125 -1.48379 -3.34424 3.03713e+06 1.87363e+14 8.43565e-05 0.000272161 4.10482e-17 8.16998e-09 37053.1 0 0 1.53353e-12 0 0 0.000559829 0 0 0 0 0 0 1.04887e+11 1.04887e+11 1.04887e+11 1.04887e+11 
0.196 1.14609 -2.15391 -0.0180446 -1.48025 -3.34609 3.03889e+06 1.77752e+14 8.43571e-05 0.000268836 4.10722e-17 7.65619e-09 37057.8 0 0 1.53434e-12 0 0 0.000559828 0 0 0 0 0 0 9.86361e+10 9.86361e+10 9.86361e+10 9.86361e+10 
0.1965 1.14795 -2.15205 -0.0161768 -1.47646 -3.34795 3.04062e+06 1.67269e+14 8.43576e-05 0.000265089 4.10958e-17 7.10424e-09 37062.3 0 0 1.5351e-12 0 0 0.000559827 0 0 0 0 0 0 9.18865e+10 9.18865e+10 9.18865e+10 9.18865e+10 
0.197 1.1498 -2.1502 -0.0143091 -1.47234 -3.3498 3.04229e+06 1.55808e+14 8.43581e-05 0.000260835 4.11187e-17 6.51128e-09 37066.5 0 0 1.53581e-12 0 0 0.000559825 0 0 0 0 0 0 8.45955e+10 8.45955e+10 8.45955e+10 8.45955e+10 
0.1975 1.15165 -2.14835 -0.0124417 -1.46782 -3.35165 3.04392e+06 1.43243e+14 8.43586e-05 0.000255956 4.1141e-17 5.87421e-09 37070.3 0 0 1.53645e-12 0 0 0.000559822 0 0 0 0 0 0 7.67153e+10 7.67153e+10 7.67153e+10 7.67153e+10 
0.198 1.15351 -2.14649 -0.0105745 -1.46276 -3.35351 3.04551e+06 1.29417e+14 8.4359e-05 0.000250289 4.11625e-17 5.18973e-09 37072.2 0 0 1.53676e-12 0 0 0.00055982 0 0 0 0 0 0 6.81921e+10 6.81921e+10 6.81921e+10 6.81921e+10 
0.198 1.15351 -2.14649 -0.0105745 -1.46276 -3.35351 3.04551e+06 1.29417e+14 8.43592e-05 0.000250289 4.11626e-17 5.18974e-09 37075.2 0 0 1.53725e-12 0 0 0.000559814 0 0 0 0 0 0 6.81922e+10 6.81922e+10 6.81922e+10 6.81922e+10 
0.198409 1.15503 -2.14497 -0.00904599 -1.45808 -3.35503 3.04676e+06 1.17016e+14 8.43595e-05 0.000244895 4.11797e-17 4.59131e-09 37076.5 0 0 1.53745e-12 0 0 0.00055981 0 0 0 0 0 0 6.0689e+10 6.0689e+10 6.0689e+10 6.0689e+10 
0.198752 1.15629 -2.14371 -0.00776795 -1.45365 -3.35629 3.04778e+06 1.05787e+14 8.43597e-05 0.000239711 4.11936e-17 4.06286e-09 37078.4 0 0 1.53776e-12 0 0 0.000559801 0 0 0 0 0 0 5.40195e+10 5.40195e+10 5.40195e+10 5.40195e+10 
0.199038 1.15736 -2.14264 -0.00669932 -1.44947 -3.35736 3.04861e+06 9.57133e+13 8.436e-05 0.000234774 4.1205e-17 3.60024e-09 37079.9 0 0 1.538e-12 0 0 0.000559789 0 0 0 0 0 0 4.81438e+10 4.81438e+10 4.81438e+10 4.81438e+10 
0.199277 1.15824 -2.14176 -0.00580578 -1.44552 -3.35824 3.04929e+06 8.67481e+13 8.43602e-05 0.00023011 4.12142e-17 3.1982e-09 37081.1 0 0 1.53817e-12 0 0 0.000559774 0 0 0 0 0 0 4.30062e+10 4.30062e+10 4.30062e+10 4.30062e+10 
0.199478 1.15899 -2.14101 -0.00505864 -1.44182 -3.35899 3.04985e+06 7.88256e+13 8.43603e-05 0.000225739 4.12218e-17 2.85092e-09 37081.9 0 0 1.5383e-12 0 0 0.000559755 0 0 0 0 0 0 3.85425e+10 3.85425e+10 3.85425e+10 3.85425e+10 
0.199645 1.15961 -2.14039 -0.0044339 -1.43835 -3.35961 3.0503e+06 7.1868e+13 8.43604e-05 0.000221676 4.12281e-17 2.55249e-09 37082.6 0 0 1.5384e-12 0 0 0.000559731 0 0 0 0 0 0 3.46852e+10 3.46852e+10 3.46852e+10 3.46852e+10 
0.199785 1.16013 -2.13987 -0.00391151 -1.43512 -3.36013 3.05068e+06 6.57915e+13 8.43605e-05 0.000217925 4.12332e-17 2.29714e-09 37083.1 0 0 1.53847e-12 0 0 0.000559703 0 0 0 0 0 0 3.13673e+10 3.13673e+10 3.13673e+10 3.13673e+10 
0.199902 1.16056 -2.13944 -0.00347469 -1.43212 -3.36056 3.05099e+06 6.05107e+13 8.43606e-05 0.000214488 4.12374e-17 2.07944e-09 37083.4 0 0 1.53853e-12 0 0 0.00055967 0 0 0 0 0 0 2.85245e+10 2.85245e+10 2.85245e+10 2.85245e+10 
0.2 1.16092 -2.13908 -0.00310942 -1.42937 -3.36092 3.05125e+06 5.59416e+13 8.43607e-05 0.000211362 4.12409e-17 1.8944e-09 37083.6 0 0 1.53855e-12 0 0 0.000559654 0 0 0 0 0 0 2.6097e+10 2.6097e+10 2.6097e+10 2.6097e+10 