# ASCII 1D datafile generated by TiberCAD
# x Ec Ev eQFermi hQFermi ElPotential eDensity hDensity eMobility hMobility eConductivity hConductivity ElField_x ElField_y ElField_z eCurrentDensity_x eCurrentDensity_y eCurrentDensity_z hCurrentDensity_x hCurrentDensity_y hCurrentDensity_z IonizedDonors IonizedAcceptors IonizedElectronTraps IonizedHoleTraps eNetRecombination eLangevinRecombination hNetRecombination hLangevinRecombination 
0 0.775 -2.525 -0.476939 -1.87235 -2.975 104686 3.39819e+14 8.22744e-05 0.000313354 1.38003e-18 1.70606e-08 18101.3 0 0 3.26513e-13 0 0 0.000312981 0 0 0 0 0 0 7.27638e+09 7.27638e+09 7.27638e+09 7.27638e+09 
9.79066e-05 0.775177 -2.52482 -0.474714 -1.87217 -2.97518 113260 3.39795e+14 8.22988e-05 0.000313348 1.49349e-18 1.7059e-08 18102.2 0 0 3.26528e-13 0 0 0.000312981 0 0 0 0 0 0 7.87214e+09 7.87214e+09 7.87214e+09 7.87214e+09 
0.000214985 0.775389 -2.52461 -0.472265 -1.87196 -2.97539 123432 3.39765e+14 8.2326e-05 0.000313341 1.62816e-18 1.70571e-08 18104.2 0 0 3.26561e-13 0 0 0.000312981 0 0 0 0 0 0 8.57885e+09 8.57885e+09 8.57885e+09 8.57885e+09 
0.000354988 0.775643 -2.52436 -0.469588 -1.8717 -2.97564 135482 3.3973e+14 8.2356e-05 0.000313332 1.78775e-18 1.70549e-08 18106.7 0 0 3.26598e-13 0 0 0.000312981 0 0 0 0 0 0 9.41591e+09 9.41591e+09 9.41591e+09 9.41591e+09 
0.000522406 0.775946 -2.52405 -0.466683 -1.87139 -2.97595 149731 3.39687e+14 8.23888e-05 0.000313322 1.97656e-18 1.70522e-08 18109.6 0 0 3.26639e-13 0 0 0.000312981 0 0 0 0 0 0 1.04055e+10 1.04055e+10 1.04055e+10 1.04055e+10 
0.000722606 0.776308 -2.52369 -0.463551 -1.87102 -2.97631 166545 3.39637e+14 8.24245e-05 0.00031331 2.19945e-18 1.7049e-08 18113.1 0 0 3.26686e-13 0 0 0.000312981 0 0 0 0 0 0 1.1573e+10 1.1573e+10 1.1573e+10 1.1573e+10 
0.000962009 0.776742 -2.52326 -0.460195 -1.87059 -2.97674 186335 3.39576e+14 8.24629e-05 0.000313296 2.46194e-18 1.70452e-08 18117.3 0 0 3.26744e-13 0 0 0.000312981 0 0 0 0 0 0 1.29466e+10 1.29466e+10 1.29466e+10 1.29466e+10 
0.00124829 0.777261 -2.52274 -0.456619 -1.87006 -2.97726 209558 3.39504e+14 8.25041e-05 0.000313279 2.77014e-18 1.70407e-08 18122.4 0 0 3.26815e-13 0 0 0.000312981 0 0 0 0 0 0 1.45579e+10 1.45579e+10 1.45579e+10 1.45579e+10 
0.00159063 0.777881 -2.52212 -0.452826 -1.86943 -2.97788 236712 3.39418e+14 8.25478e-05 0.000313258 3.13074e-18 1.70352e-08 18128.4 0 0 3.26907e-13 0 0 0.000312981 0 0 0 0 0 0 1.64411e+10 1.64411e+10 1.64411e+10 1.64411e+10 
0.002 0.778624 -2.52138 -0.44882 -1.86868 -2.97862 268328 3.39315e+14 8.25939e-05 0.000313233 3.55087e-18 1.70287e-08 18132 0 0 3.26964e-13 0 0 0.000312981 0 0 0 0 0 0 1.86324e+10 1.86324e+10 1.86324e+10 1.86324e+10 
0.002 0.778624 -2.52138 -0.44882 -1.86868 -2.97862 268328 3.39315e+14 8.25941e-05 0.000313234 3.55088e-18 1.70287e-08 18140 0 0 3.27104e-13 0 0 0.000312981 0 0 0 0 0 0 1.86324e+10 1.86324e+10 1.86324e+10 1.86324e+10 
0.0025 0.779531 -2.52047 -0.444515 -1.86776 -2.97953 305723 3.39189e+14 8.26433e-05 0.000313204 4.04813e-18 1.70208e-08 18144.3 0 0 3.27191e-13 0 0 0.000312981 0 0 0 0 0 0 2.12222e+10 2.12222e+10 2.12222e+10 2.12222e+10 
0.003 0.780438 -2.51956 -0.440699 -1.86684 -2.98044 341841 3.39063e+14 8.26865e-05 0.000313174 4.52874e-18 1.70128e-08 18153.1 0 0 3.27373e-13 0 0 0.000312981 0 0 0 0 0 0 2.37214e+10 2.37214e+10 2.37214e+10 2.37214e+10 
0.0035 0.781346 -2.51865 -0.43726 -1.86592 -2.98135 376727 3.38938e+14 8.27249e-05 0.000313144 4.99321e-18 1.70049e-08 18161.9 0 0 3.27574e-13 0 0 0.000312981 0 0 0 0 0 0 2.61331e+10 2.61331e+10 2.61331e+10 2.61331e+10 
0.004 0.782254 -2.51775 -0.43412 -1.865 -2.98225 410423 3.38812e+14 8.27594e-05 0.000313114 5.44209e-18 1.6997e-08 18170.6 0 0 3.27793e-13 0 0 0.000312981 0 0 0 0 0 0 2.84604e+10 2.84604e+10 2.84604e+10 2.84604e+10 
0.0045 0.783163 -2.51684 -0.431223 -1.86408 -2.98316 442972 3.38687e+14 8.27907e-05 0.000313084 5.8759e-18 1.69891e-08 18179.4 0 0 3.2803e-13 0 0 0.000312981 0 0 0 0 0 0 3.07063e+10 3.07063e+10 3.07063e+10 3.07063e+10 
0.005 0.784072 -2.51593 -0.428527 -1.86316 -2.98407 474418 3.38562e+14 8.28192e-05 0.000313055 6.29517e-18 1.69812e-08 18188.1 0 0 3.28285e-13 0 0 0.000312981 0 0 0 0 0 0 3.28738e+10 3.28738e+10 3.28738e+10 3.28738e+10 
0.0055 0.784982 -2.51502 -0.425999 -1.86223 -2.98498 504798 3.38437e+14 8.28454e-05 0.000313025 6.70041e-18 1.69733e-08 18196.9 0 0 3.28556e-13 0 0 0.000312981 0 0 0 0 0 0 3.49657e+10 3.49657e+10 3.49657e+10 3.49657e+10 
0.006 0.785892 -2.51411 -0.423616 -1.86131 -2.98589 534153 3.38312e+14 8.28695e-05 0.000312995 7.09212e-18 1.69655e-08 18205.6 0 0 3.28844e-13 0 0 0.000312981 0 0 0 0 0 0 3.69849e+10 3.69849e+10 3.69849e+10 3.69849e+10 
0.0065 0.786802 -2.5132 -0.421357 -1.86039 -2.9868 562520 3.38188e+14 8.28918e-05 0.000312965 7.47076e-18 1.69576e-08 18214.4 0 0 3.29147e-13 0 0 0.000312981 0 0 0 0 0 0 3.89339e+10 3.89339e+10 3.89339e+10 3.89339e+10 
0.007 0.787713 -2.51229 -0.419206 -1.85947 -2.98771 589935 3.38063e+14 8.29126e-05 0.000312936 7.83681e-18 1.69498e-08 18223.1 0 0 3.29465e-13 0 0 0.000312981 0 0 0 0 0 0 4.08154e+10 4.08154e+10 4.08154e+10 4.08154e+10 
0.0075 0.788625 -2.51138 -0.417149 -1.85854 -2.98862 616432 3.37939e+14 8.29319e-05 0.000312906 8.19072e-18 1.69419e-08 18231.9 0 0 3.29799e-13 0 0 0.000312981 0 0 0 0 0 0 4.26319e+10 4.26319e+10 4.26319e+10 4.26319e+10 
0.008 0.789536 -2.51046 -0.415176 -1.85762 -2.98954 642046 3.37815e+14 8.295e-05 0.000312877 8.53291e-18 1.69341e-08 18240.6 0 0 3.30146e-13 0 0 0.000312981 0 0 0 0 0 0 4.43857e+10 4.43857e+10 4.43857e+10 4.43857e+10 
0.0085 0.790449 -2.50955 -0.413278 -1.8567 -2.99045 666808 3.3769e+14 8.2967e-05 0.000312847 8.86381e-18 1.69263e-08 18249.3 0 0 3.30507e-13 0 0 0.000312981 0 0 0 0 0 0 4.60791e+10 4.60791e+10 4.60791e+10 4.60791e+10 
0.009 0.791361 -2.50864 -0.411445 -1.85577 -2.99136 690749 3.37567e+14 8.2983e-05 0.000312818 9.18382e-18 1.69185e-08 18258 0 0 3.30881e-13 0 0 0.000312981 0 0 0 0 0 0 4.77144e+10 4.77144e+10 4.77144e+10 4.77144e+10 
0.0095 0.792275 -2.50773 -0.409673 -1.85485 -2.99227 713900 3.37443e+14 8.2998e-05 0.000312788 9.49333e-18 1.69107e-08 18266.8 0 0 3.31268e-13 0 0 0.000312981 0 0 0 0 0 0 4.92937e+10 4.92937e+10 4.92937e+10 4.92937e+10 
0.01 0.793188 -2.50681 -0.407954 -1.85392 -2.99319 736288 3.37319e+14 8.30121e-05 0.000312759 9.79272e-18 1.69029e-08 18275.5 0 0 3.31668e-13 0 0 0.000312981 0 0 0 0 0 0 5.0819e+10 5.0819e+10 5.0819e+10 5.0819e+10 
0.0105 0.794102 -2.5059 -0.406284 -1.85299 -2.9941 757943 3.37196e+14 8.30255e-05 0.000312729 1.00823e-17 1.68951e-08 18284.2 0 0 3.32079e-13 0 0 0.000312981 0 0 0 0 0 0 5.22923e+10 5.22923e+10 5.22923e+10 5.22923e+10 
0.011 0.795017 -2.50498 -0.404659 -1.85207 -2.99502 778890 3.37072e+14 8.30382e-05 0.0003127 1.03626e-17 1.68873e-08 18292.9 0 0 3.32502e-13 0 0 0.000312981 0 0 0 0 0 0 5.37156e+10 5.37156e+10 5.37156e+10 5.37156e+10 
0.0115 0.795931 -2.50407 -0.403074 -1.85114 -2.99593 799155 3.36949e+14 8.30502e-05 0.00031267 1.06337e-17 1.68796e-08 18301.6 0 0 3.32936e-13 0 0 0.000312981 0 0 0 0 0 0 5.50906e+10 5.50906e+10 5.50906e+10 5.50906e+10 
0.012 0.796847 -2.50315 -0.401527 -1.85021 -2.99685 818763 3.36826e+14 8.30616e-05 0.000312641 1.08961e-17 1.68718e-08 18310.3 0 0 3.33381e-13 0 0 0.000312981 0 0 0 0 0 0 5.64191e+10 5.64191e+10 5.64191e+10 5.64191e+10 
0.0125 0.797762 -2.50224 -0.400014 -1.84929 -2.99776 837738 3.36703e+14 8.30724e-05 0.000312612 1.11501e-17 1.68641e-08 18319.1 0 0 3.33836e-13 0 0 0.000312981 0 0 0 0 0 0 5.77029e+10 5.77029e+10 5.77029e+10 5.77029e+10 
0.013 0.798679 -2.50132 -0.398532 -1.84836 -2.99868 856103 3.3658e+14 8.30827e-05 0.000312582 1.13959e-17 1.68563e-08 18327.8 0 0 3.34301e-13 0 0 0.000312981 0 0 0 0 0 0 5.89435e+10 5.89435e+10 5.89435e+10 5.89435e+10 
0.0135 0.799595 -2.5004 -0.397079 -1.84743 -2.9996 873881 3.36458e+14 8.30926e-05 0.000312553 1.1634e-17 1.68486e-08 18336.5 0 0 3.34776e-13 0 0 0.000312981 0 0 0 0 0 0 6.01426e+10 6.01426e+10 6.01426e+10 6.01426e+10 
0.014 0.800512 -2.49949 -0.395654 -1.8465 -3.00051 891092 3.36335e+14 8.31019e-05 0.000312524 1.18644e-17 1.68409e-08 18345.1 0 0 3.35261e-13 0 0 0.000312981 0 0 0 0 0 0 6.13017e+10 6.13017e+10 6.13017e+10 6.13017e+10 
0.0145 0.80143 -2.49857 -0.394253 -1.84557 -3.00143 907757 3.36213e+14 8.31109e-05 0.000312495 1.20876e-17 1.68332e-08 18353.8 0 0 3.35754e-13 0 0 0.000312981 0 0 0 0 0 0 6.24222e+10 6.24222e+10 6.24222e+10 6.24222e+10 
0.015 0.802348 -2.49765 -0.392875 -1.84464 -3.00235 923896 3.3609e+14 8.31194e-05 0.000312465 1.23038e-17 1.68255e-08 18362.5 0 0 3.36256e-13 0 0 0.000312981 0 0 0 0 0 0 6.35056e+10 6.35056e+10 6.35056e+10 6.35056e+10 
0.0155 0.803266 -2.49673 -0.391519 -1.84371 -3.00327 939528 3.35968e+14 8.31276e-05 0.000312436 1.25132e-17 1.68178e-08 18371.2 0 0 3.36767e-13 0 0 0.000312981 0 0 0 0 0 0 6.45532e+10 6.45532e+10 6.45532e+10 6.45532e+10 
0.016 0.804185 -2.49582 -0.390183 -1.84278 -3.00418 954672 3.35846e+14 8.31354e-05 0.000312407 1.27161e-17 1.68102e-08 18379.9 0 0 3.37286e-13 0 0 0.000312981 0 0 0 0 0 0 6.55664e+10 6.55664e+10 6.55664e+10 6.55664e+10 
0.0165 0.805104 -2.4949 -0.388866 -1.84185 -3.0051 969345 3.35724e+14 8.31429e-05 0.000312378 1.29127e-17 1.68025e-08 18388.6 0 0 3.37813e-13 0 0 0.000312981 0 0 0 0 0 0 6.65464e+10 6.65464e+10 6.65464e+10 6.65464e+10 
0.017 0.806024 -2.49398 -0.387567 -1.84092 -3.00602 983564 3.35603e+14 8.31501e-05 0.000312349 1.31032e-17 1.67948e-08 18397.3 0 0 3.38347e-13 0 0 0.000312981 0 0 0 0 0 0 6.74943e+10 6.74943e+10 6.74943e+10 6.74943e+10 
0.0175 0.806944 -2.49306 -0.386284 -1.83998 -3.00694 997347 3.35481e+14 8.3157e-05 0.00031232 1.32879e-17 1.67872e-08 18405.9 0 0 3.38889e-13 0 0 0.000312981 0 0 0 0 0 0 6.84115e+10 6.84115e+10 6.84115e+10 6.84115e+10 
0.018 0.807864 -2.49214 -0.385016 -1.83905 -3.00786 1.01071e+06 3.3536e+14 8.31636e-05 0.000312291 1.3467e-17 1.67796e-08 18414.6 0 0 3.39438e-13 0 0 0.000312981 0 0 0 0 0 0 6.9299e+10 6.9299e+10 6.9299e+10 6.9299e+10 
0.0185 0.808785 -2.49121 -0.383763 -1.83812 -3.00879 1.02366e+06 3.35239e+14 8.31699e-05 0.000312262 1.36407e-17 1.67719e-08 18423.3 0 0 3.39994e-13 0 0 0.000312981 0 0 0 0 0 0 7.01579e+10 7.01579e+10 7.01579e+10 7.01579e+10 
0.019 0.809706 -2.49029 -0.382523 -1.83719 -3.00971 1.03623e+06 3.35117e+14 8.3176e-05 0.000312233 1.38091e-17 1.67643e-08 18431.9 0 0 3.40557e-13 0 0 0.000312981 0 0 0 0 0 0 7.09892e+10 7.09892e+10 7.09892e+10 7.09892e+10 
0.0195 0.810628 -2.48937 -0.381296 -1.83625 -3.01063 1.04842e+06 3.34996e+14 8.31819e-05 0.000312204 1.39725e-17 1.67567e-08 18440.6 0 0 3.41126e-13 0 0 0.000312981 0 0 0 0 0 0 7.17941e+10 7.17941e+10 7.17941e+10 7.17941e+10 
0.02 0.811551 -2.48845 -0.380082 -1.83532 -3.01155 1.06024e+06 3.34875e+14 8.31876e-05 0.000312175 1.41311e-17 1.67491e-08 18449.3 0 0 3.41702e-13 0 0 0.000312981 0 0 0 0 0 0 7.25734e+10 7.25734e+10 7.25734e+10 7.25734e+10 
0.0205 0.812473 -2.48753 -0.378878 -1.83438 -3.01247 1.07172e+06 3.34755e+14 8.3193e-05 0.000312146 1.4285e-17 1.67415e-08 18457.9 0 0 3.42284e-13 0 0 0.000312981 0 0 0 0 0 0 7.3328e+10 7.3328e+10 7.3328e+10 7.3328e+10 
0.021 0.813396 -2.4866 -0.377685 -1.83345 -3.0134 1.08285e+06 3.34634e+14 8.31983e-05 0.000312117 1.44343e-17 1.6734e-08 18466.6 0 0 3.42871e-13 0 0 0.000312981 0 0 0 0 0 0 7.4059e+10 7.4059e+10 7.4059e+10 7.4059e+10 
0.0215 0.81432 -2.48568 -0.376503 -1.83251 -3.01432 1.09367e+06 3.34514e+14 8.32033e-05 0.000312088 1.45794e-17 1.67264e-08 18475.2 0 0 3.43465e-13 0 0 0.000312981 0 0 0 0 0 0 7.47671e+10 7.47671e+10 7.47671e+10 7.47671e+10 
0.022 0.815244 -2.48476 -0.375329 -1.83158 -3.01524 1.10417e+06 3.34393e+14 8.32082e-05 0.00031206 1.47202e-17 1.67188e-08 18483.9 0 0 3.44063e-13 0 0 0.000312981 0 0 0 0 0 0 7.54533e+10 7.54533e+10 7.54533e+10 7.54533e+10 
0.0225 0.816168 -2.48383 -0.374165 -1.83064 -3.01617 1.11437e+06 3.34273e+14 8.32129e-05 0.000312031 1.4857e-17 1.67113e-08 18492.5 0 0 3.44668e-13 0 0 0.000312981 0 0 0 0 0 0 7.61182e+10 7.61182e+10 7.61182e+10 7.61182e+10 
0.023 0.817093 -2.48291 -0.373009 -1.8297 -3.01709 1.12428e+06 3.34153e+14 8.32175e-05 0.000312002 1.49899e-17 1.67037e-08 18501.1 0 0 3.45277e-13 0 0 0.000312981 0 0 0 0 0 0 7.67627e+10 7.67627e+10 7.67627e+10 7.67627e+10 
0.0235 0.818018 -2.48198 -0.371861 -1.82877 -3.01802 1.1339e+06 3.34033e+14 8.32219e-05 0.000311973 1.51191e-17 1.66962e-08 18509.8 0 0 3.45892e-13 0 0 0.000312981 0 0 0 0 0 0 7.73876e+10 7.73876e+10 7.73876e+10 7.73876e+10 
0.024 0.818944 -2.48106 -0.370721 -1.82783 -3.01894 1.14326e+06 3.33913e+14 8.32261e-05 0.000311945 1.52447e-17 1.66887e-08 18518.4 0 0 3.46511e-13 0 0 0.000312981 0 0 0 0 0 0 7.79936e+10 7.79936e+10 7.79936e+10 7.79936e+10 
0.0245 0.81987 -2.48013 -0.369588 -1.82689 -3.01987 1.15236e+06 3.33794e+14 8.32302e-05 0.000311916 1.53668e-17 1.66812e-08 18527 0 0 3.47135e-13 0 0 0.000312981 0 0 0 0 0 0 7.85813e+10 7.85813e+10 7.85813e+10 7.85813e+10 
0.025 0.820797 -2.4792 -0.368462 -1.82595 -3.0208 1.16121e+06 3.33674e+14 8.32342e-05 0.000311887 1.54855e-17 1.66737e-08 18535.7 0 0 3.47764e-13 0 0 0.000312981 0 0 0 0 0 0 7.91515e+10 7.91515e+10 7.91515e+10 7.91515e+10 
0.0255 0.821724 -2.47828 -0.367342 -1.82502 -3.02172 1.16982e+06 3.33555e+14 8.32381e-05 0.000311859 1.56011e-17 1.66662e-08 18544.3 0 0 3.48397e-13 0 0 0.000312981 0 0 0 0 0 0 7.97047e+10 7.97047e+10 7.97047e+10 7.97047e+10 
0.026 0.822651 -2.47735 -0.366229 -1.82408 -3.02265 1.1782e+06 3.33436e+14 8.32418e-05 0.00031183 1.57135e-17 1.66587e-08 18552.9 0 0 3.49035e-13 0 0 0.000312981 0 0 0 0 0 0 8.02417e+10 8.02417e+10 8.02417e+10 8.02417e+10 
0.0265 0.823579 -2.47642 -0.365121 -1.82314 -3.02358 1.18635e+06 3.33316e+14 8.32455e-05 0.000311802 1.58229e-17 1.66512e-08 18561.5 0 0 3.49677e-13 0 0 0.000312981 0 0 0 0 0 0 8.0763e+10 8.0763e+10 8.0763e+10 8.0763e+10 
0.027 0.824507 -2.47549 -0.364019 -1.8222 -3.02451 1.19429e+06 3.33198e+14 8.3249e-05 0.000311773 1.59294e-17 1.66437e-08 18570.1 0 0 3.50322e-13 0 0 0.000312981 0 0 0 0 0 0 8.12691e+10 8.12691e+10 8.12691e+10 8.12691e+10 
0.0275 0.825436 -2.47456 -0.362922 -1.82126 -3.02544 1.20202e+06 3.33079e+14 8.32524e-05 0.000311745 1.60332e-17 1.66363e-08 18578.8 0 0 3.50972e-13 0 0 0.000312981 0 0 0 0 0 0 8.17607e+10 8.17607e+10 8.17607e+10 8.17607e+10 
0.028 0.826365 -2.47363 -0.36183 -1.82032 -3.02637 1.20955e+06 3.3296e+14 8.32557e-05 0.000311716 1.61343e-17 1.66288e-08 18587.4 0 0 3.51626e-13 0 0 0.000312981 0 0 0 0 0 0 8.22383e+10 8.22383e+10 8.22383e+10 8.22383e+10 
0.0285 0.827295 -2.47271 -0.360742 -1.81937 -3.02729 1.21688e+06 3.32841e+14 8.32589e-05 0.000311688 1.62328e-17 1.66214e-08 18596 0 0 3.52283e-13 0 0 0.000312981 0 0 0 0 0 0 8.27024e+10 8.27024e+10 8.27024e+10 8.27024e+10 
0.029 0.828225 -2.47178 -0.359659 -1.81843 -3.02822 1.22404e+06 3.32723e+14 8.32621e-05 0.000311659 1.63288e-17 1.6614e-08 18604.6 0 0 3.52944e-13 0 0 0.000312981 0 0 0 0 0 0 8.31535e+10 8.31535e+10 8.31535e+10 8.31535e+10 
0.0295 0.829155 -2.47084 -0.358581 -1.81749 -3.02916 1.23101e+06 3.32605e+14 8.32651e-05 0.000311631 1.64224e-17 1.66065e-08 18613.2 0 0 3.53609e-13 0 0 0.000312981 0 0 0 0 0 0 8.35921e+10 8.35921e+10 8.35921e+10 8.35921e+10 
0.03 0.830086 -2.46991 -0.357506 -1.81655 -3.03009 1.23781e+06 3.32486e+14 8.32681e-05 0.000311603 1.65137e-17 1.65991e-08 18621.8 0 0 3.54277e-13 0 0 0.000312981 0 0 0 0 0 0 8.40187e+10 8.40187e+10 8.40187e+10 8.40187e+10 
0.0305 0.831017 -2.46898 -0.356435 -1.8156 -3.03102 1.24444e+06 3.32368e+14 8.32709e-05 0.000311574 1.66028e-17 1.65917e-08 18630.4 0 0 3.54948e-13 0 0 0.000312981 0 0 0 0 0 0 8.44336e+10 8.44336e+10 8.44336e+10 8.44336e+10 
0.031 0.831949 -2.46805 -0.355368 -1.81466 -3.03195 1.25092e+06 3.3225e+14 8.32737e-05 0.000311546 1.66897e-17 1.65843e-08 18638.9 0 0 3.55623e-13 0 0 0.000312981 0 0 0 0 0 0 8.48373e+10 8.48373e+10 8.48373e+10 8.48373e+10 
0.0315 0.832881 -2.46712 -0.354304 -1.81372 -3.03288 1.25724e+06 3.32133e+14 8.32765e-05 0.000311518 1.67746e-17 1.65769e-08 18647.5 0 0 3.56301e-13 0 0 0.000312981 0 0 0 0 0 0 8.52303e+10 8.52303e+10 8.52303e+10 8.52303e+10 
0.032 0.833814 -2.46619 -0.353244 -1.81277 -3.03381 1.26341e+06 3.32015e+14 8.32791e-05 0.000311489 1.68575e-17 1.65696e-08 18656.1 0 0 3.56982e-13 0 0 0.000312981 0 0 0 0 0 0 8.56129e+10 8.56129e+10 8.56129e+10 8.56129e+10 
0.0325 0.834747 -2.46525 -0.352187 -1.81183 -3.03475 1.26945e+06 3.31897e+14 8.32817e-05 0.000311461 1.69385e-17 1.65622e-08 18664.7 0 0 3.57665e-13 0 0 0.000312981 0 0 0 0 0 0 8.59856e+10 8.59856e+10 8.59856e+10 8.59856e+10 
0.033 0.83568 -2.46432 -0.351132 -1.81088 -3.03568 1.27534e+06 3.3178e+14 8.32842e-05 0.000311433 1.70177e-17 1.65548e-08 18673.3 0 0 3.58352e-13 0 0 0.000312981 0 0 0 0 0 0 8.63486e+10 8.63486e+10 8.63486e+10 8.63486e+10 
0.0335 0.836614 -2.46339 -0.350081 -1.80994 -3.03661 1.2811e+06 3.31663e+14 8.32867e-05 0.000311405 1.70951e-17 1.65475e-08 18681.9 0 0 3.59042e-13 0 0 0.000312981 0 0 0 0 0 0 8.67024e+10 8.67024e+10 8.67024e+10 8.67024e+10 
0.034 0.837549 -2.46245 -0.349032 -1.80899 -3.03755 1.28674e+06 3.31545e+14 8.32891e-05 0.000311377 1.71708e-17 1.65401e-08 18690.4 0 0 3.59734e-13 0 0 0.000312981 0 0 0 0 0 0 8.70473e+10 8.70473e+10 8.70473e+10 8.70473e+10 
0.0345 0.838483 -2.46152 -0.347986 -1.80805 -3.03848 1.29225e+06 3.31428e+14 8.32915e-05 0.000311348 1.72448e-17 1.65328e-08 18699 0 0 3.60429e-13 0 0 0.000312981 0 0 0 0 0 0 8.73836e+10 8.73836e+10 8.73836e+10 8.73836e+10 
0.035 0.839419 -2.46058 -0.346942 -1.8071 -3.03942 1.29764e+06 3.31312e+14 8.32938e-05 0.00031132 1.73173e-17 1.65255e-08 18707.6 0 0 3.61127e-13 0 0 0.000312981 0 0 0 0 0 0 8.77116e+10 8.77116e+10 8.77116e+10 8.77116e+10 
0.0355 0.840354 -2.45965 -0.3459 -1.80615 -3.04035 1.30292e+06 3.31195e+14 8.3296e-05 0.000311292 1.73882e-17 1.65182e-08 18716.1 0 0 3.61828e-13 0 0 0.000312981 0 0 0 0 0 0 8.80317e+10 8.80317e+10 8.80317e+10 8.80317e+10 
0.036 0.84129 -2.45871 -0.344861 -1.8052 -3.04129 1.30809e+06 3.31078e+14 8.32982e-05 0.000311264 1.74577e-17 1.65109e-08 18724.7 0 0 3.6253e-13 0 0 0.000312981 0 0 0 0 0 0 8.83441e+10 8.83441e+10 8.83441e+10 8.83441e+10 
0.0365 0.842227 -2.45777 -0.343824 -1.80426 -3.04223 1.31316e+06 3.30962e+14 8.33004e-05 0.000311236 1.75257e-17 1.65036e-08 18733.2 0 0 3.63236e-13 0 0 0.000312981 0 0 0 0 0 0 8.86492e+10 8.86492e+10 8.86492e+10 8.86492e+10 
0.037 0.843163 -2.45684 -0.342788 -1.80331 -3.04316 1.31812e+06 3.30845e+14 8.33025e-05 0.000311208 1.75924e-17 1.64963e-08 18741.8 0 0 3.63943e-13 0 0 0.000312981 0 0 0 0 0 0 8.89471e+10 8.89471e+10 8.89471e+10 8.89471e+10 
0.0375 0.844101 -2.4559 -0.341755 -1.80236 -3.0441 1.32299e+06 3.30729e+14 8.33046e-05 0.00031118 1.76578e-17 1.6489e-08 18750.3 0 0 3.64653e-13 0 0 0.000312981 0 0 0 0 0 0 8.92382e+10 8.92382e+10 8.92382e+10 8.92382e+10 
0.038 0.845038 -2.45496 -0.340723 -1.80141 -3.04504 1.32776e+06 3.30613e+14 8.33066e-05 0.000311152 1.77219e-17 1.64817e-08 18758.9 0 0 3.65366e-13 0 0 0.000312981 0 0 0 0 0 0 8.95228e+10 8.95228e+10 8.95228e+10 8.95228e+10 
0.0385 0.845977 -2.45402 -0.339693 -1.80046 -3.04598 1.33244e+06 3.30497e+14 8.33086e-05 0.000311124 1.77848e-17 1.64745e-08 18767.4 0 0 3.6608e-13 0 0 0.000312981 0 0 0 0 0 0 8.9801e+10 8.9801e+10 8.9801e+10 8.9801e+10 
0.039 0.846915 -2.45308 -0.338665 -1.79951 -3.04692 1.33703e+06 3.30381e+14 8.33105e-05 0.000311096 1.78465e-17 1.64672e-08 18776 0 0 3.66797e-13 0 0 0.000312981 0 0 0 0 0 0 9.00731e+10 9.00731e+10 9.00731e+10 9.00731e+10 
0.0395 0.847854 -2.45215 -0.337638 -1.79856 -3.04785 1.34154e+06 3.30265e+14 8.33124e-05 0.000311068 1.79072e-17 1.646e-08 18784.5 0 0 3.67516e-13 0 0 0.000312981 0 0 0 0 0 0 9.03394e+10 9.03394e+10 9.03394e+10 9.03394e+10 
0.04 0.848794 -2.45121 -0.336612 -1.79761 -3.04879 1.34597e+06 3.3015e+14 8.33143e-05 0.000311041 1.79667e-17 1.64527e-08 18793.1 0 0 3.68237e-13 0 0 0.000312981 0 0 0 0 0 0 9.06e+10 9.06e+10 9.06e+10 9.06e+10 
0.0405 0.849734 -2.45027 -0.335588 -1.79666 -3.04973 1.35033e+06 3.30034e+14 8.33161e-05 0.000311013 1.80252e-17 1.64455e-08 18801.6 0 0 3.6896e-13 0 0 0.000312981 0 0 0 0 0 0 9.08551e+10 9.08551e+10 9.08551e+10 9.08551e+10 
0.041 0.850674 -2.44933 -0.334565 -1.7957 -3.05067 1.3546e+06 3.29919e+14 8.33179e-05 0.000310985 1.80827e-17 1.64383e-08 18810.1 0 0 3.69685e-13 0 0 0.000312981 0 0 0 0 0 0 9.11051e+10 9.11051e+10 9.11051e+10 9.11051e+10 
0.0415 0.851615 -2.44839 -0.333544 -1.79475 -3.05161 1.35881e+06 3.29804e+14 8.33197e-05 0.000310957 1.81392e-17 1.64311e-08 18818.6 0 0 3.70412e-13 0 0 0.000312981 0 0 0 0 0 0 9.135e+10 9.135e+10 9.135e+10 9.135e+10 
0.042 0.852556 -2.44744 -0.332523 -1.7938 -3.05256 1.36294e+06 3.29688e+14 8.33215e-05 0.00031093 1.81948e-17 1.64239e-08 18827.2 0 0 3.71141e-13 0 0 0.000312981 0 0 0 0 0 0 9.159e+10 9.159e+10 9.159e+10 9.159e+10 
0.0425 0.853497 -2.4465 -0.331504 -1.79285 -3.0535 1.36701e+06 3.29573e+14 8.33232e-05 0.000310902 1.82495e-17 1.64167e-08 18835.7 0 0 3.71871e-13 0 0 0.000312981 0 0 0 0 0 0 9.18254e+10 9.18254e+10 9.18254e+10 9.18254e+10 
0.043 0.854439 -2.44556 -0.330486 -1.79189 -3.05444 1.37102e+06 3.29458e+14 8.33249e-05 0.000310874 1.83033e-17 1.64095e-08 18844.2 0 0 3.72604e-13 0 0 0.000312981 0 0 0 0 0 0 9.20562e+10 9.20562e+10 9.20562e+10 9.20562e+10 
0.0435 0.855382 -2.44462 -0.329468 -1.79094 -3.05538 1.37496e+06 3.29344e+14 8.33265e-05 0.000310846 1.83564e-17 1.64023e-08 18852.7 0 0 3.73338e-13 0 0 0.000312981 0 0 0 0 0 0 9.22828e+10 9.22828e+10 9.22828e+10 9.22828e+10 
0.044 0.856325 -2.44368 -0.328452 -1.78999 -3.05632 1.37885e+06 3.29229e+14 8.33282e-05 0.000310819 1.84086e-17 1.63952e-08 18861.2 0 0 3.74075e-13 0 0 0.000312981 0 0 0 0 0 0 9.25052e+10 9.25052e+10 9.25052e+10 9.25052e+10 
0.0445 0.857268 -2.44273 -0.327436 -1.78903 -3.05727 1.38267e+06 3.29115e+14 8.33298e-05 0.000310791 1.846e-17 1.6388e-08 18869.7 0 0 3.74813e-13 0 0 0.000312981 0 0 0 0 0 0 9.27236e+10 9.27236e+10 9.27236e+10 9.27236e+10 
0.045 0.858212 -2.44179 -0.326421 -1.78808 -3.05821 1.38645e+06 3.29e+14 8.33314e-05 0.000310764 1.85107e-17 1.63809e-08 18878.2 0 0 3.75552e-13 0 0 0.000312981 0 0 0 0 0 0 9.29381e+10 9.29381e+10 9.29381e+10 9.29381e+10 
0.0455 0.859156 -2.44084 -0.325407 -1.78712 -3.05916 1.39017e+06 3.28886e+14 8.33329e-05 0.000310736 1.85608e-17 1.63737e-08 18886.8 0 0 3.76294e-13 0 0 0.000312981 0 0 0 0 0 0 9.31489e+10 9.31489e+10 9.31489e+10 9.31489e+10 
0.046 0.8601 -2.4399 -0.324394 -1.78616 -3.0601 1.39383e+06 3.28772e+14 8.33345e-05 0.000310708 1.86101e-17 1.63666e-08 18895.3 0 0 3.77037e-13 0 0 0.000312981 0 0 0 0 0 0 9.33562e+10 9.33562e+10 9.33562e+10 9.33562e+10 
0.0465 0.861045 -2.43895 -0.323381 -1.78521 -3.06105 1.39745e+06 3.28658e+14 8.3336e-05 0.000310681 1.86588e-17 1.63595e-08 18903.8 0 0 3.77781e-13 0 0 0.000312981 0 0 0 0 0 0 9.356e+10 9.356e+10 9.356e+10 9.356e+10 
0.047 0.861991 -2.43801 -0.322369 -1.78425 -3.06199 1.40103e+06 3.28544e+14 8.33375e-05 0.000310653 1.87068e-17 1.63523e-08 18912.2 0 0 3.78528e-13 0 0 0.000312981 0 0 0 0 0 0 9.37605e+10 9.37605e+10 9.37605e+10 9.37605e+10 
0.0475 0.862936 -2.43706 -0.321358 -1.78329 -3.06294 1.40456e+06 3.2843e+14 8.3339e-05 0.000310626 1.87542e-17 1.63452e-08 18920.7 0 0 3.79275e-13 0 0 0.000312981 0 0 0 0 0 0 9.39578e+10 9.39578e+10 9.39578e+10 9.39578e+10 
0.048 0.863883 -2.43612 -0.320347 -1.78234 -3.06388 1.40804e+06 3.28317e+14 8.33404e-05 0.000310598 1.88011e-17 1.63381e-08 18929.2 0 0 3.80025e-13 0 0 0.000312981 0 0 0 0 0 0 9.41521e+10 9.41521e+10 9.41521e+10 9.41521e+10 
0.0485 0.864829 -2.43517 -0.319336 -1.78138 -3.06483 1.41148e+06 3.28203e+14 8.33419e-05 0.000310571 1.88474e-17 1.6331e-08 18937.7 0 0 3.80776e-13 0 0 0.000312981 0 0 0 0 0 0 9.43434e+10 9.43434e+10 9.43434e+10 9.43434e+10 
0.049 0.865776 -2.43422 -0.318327 -1.78042 -3.06578 1.41488e+06 3.2809e+14 8.33433e-05 0.000310544 1.88931e-17 1.6324e-08 18946.2 0 0 3.81528e-13 0 0 0.000312981 0 0 0 0 0 0 9.45319e+10 9.45319e+10 9.45319e+10 9.45319e+10 
0.0495 0.866724 -2.43328 -0.317317 -1.77946 -3.06672 1.41825e+06 3.27976e+14 8.33447e-05 0.000310516 1.89384e-17 1.63169e-08 18954.7 0 0 3.82282e-13 0 0 0.000312981 0 0 0 0 0 0 9.47176e+10 9.47176e+10 9.47176e+10 9.47176e+10 
0.05 0.867672 -2.43233 -0.316308 -1.7785 -3.06767 1.42157e+06 3.27863e+14 8.33461e-05 0.000310489 1.89831e-17 1.63098e-08 18963.1 0 0 3.83037e-13 0 0 0.000312981 0 0 0 0 0 0 9.49008e+10 9.49008e+10 9.49008e+10 9.49008e+10 
0.0505 0.86862 -2.43138 -0.315299 -1.77754 -3.06862 1.42486e+06 3.2775e+14 8.33475e-05 0.000310462 1.90273e-17 1.63028e-08 18971.6 0 0 3.83794e-13 0 0 0.000312981 0 0 0 0 0 0 9.50814e+10 9.50814e+10 9.50814e+10 9.50814e+10 
0.051 0.869569 -2.43043 -0.314291 -1.77658 -3.06957 1.42812e+06 3.27637e+14 8.33489e-05 0.000310434 1.90711e-17 1.62957e-08 18980.1 0 0 3.84553e-13 0 0 0.000312981 0 0 0 0 0 0 9.52595e+10 9.52595e+10 9.52595e+10 9.52595e+10 
0.0515 0.870518 -2.42948 -0.313283 -1.77562 -3.07052 1.43134e+06 3.27524e+14 8.33502e-05 0.000310407 1.91145e-17 1.62887e-08 18988.6 0 0 3.85312e-13 0 0 0.000312981 0 0 0 0 0 0 9.54354e+10 9.54354e+10 9.54354e+10 9.54354e+10 
0.052 0.871468 -2.42853 -0.312275 -1.77466 -3.07147 1.43453e+06 3.27412e+14 8.33516e-05 0.00031038 1.91574e-17 1.62816e-08 18997 0 0 3.86073e-13 0 0 0.000312981 0 0 0 0 0 0 9.5609e+10 9.5609e+10 9.5609e+10 9.5609e+10 
0.0525 0.872418 -2.42758 -0.311268 -1.7737 -3.07242 1.4377e+06 3.27299e+14 8.33529e-05 0.000310353 1.91999e-17 1.62746e-08 19005.5 0 0 3.86836e-13 0 0 0.000312981 0 0 0 0 0 0 9.57804e+10 9.57804e+10 9.57804e+10 9.57804e+10 
0.053 0.873368 -2.42663 -0.31026 -1.77274 -3.07337 1.44083e+06 3.27187e+14 8.33542e-05 0.000310325 1.92421e-17 1.62676e-08 19013.9 0 0 3.87599e-13 0 0 0.000312981 0 0 0 0 0 0 9.59497e+10 9.59497e+10 9.59497e+10 9.59497e+10 
0.0535 0.874319 -2.42568 -0.309253 -1.77178 -3.07432 1.44393e+06 3.27074e+14 8.33555e-05 0.000310298 1.92838e-17 1.62606e-08 19022.4 0 0 3.88364e-13 0 0 0.000312981 0 0 0 0 0 0 9.61171e+10 9.61171e+10 9.61171e+10 9.61171e+10 
0.054 0.875271 -2.42473 -0.308246 -1.77081 -3.07527 1.44701e+06 3.26962e+14 8.33568e-05 0.000310271 1.93252e-17 1.62536e-08 19030.9 0 0 3.89131e-13 0 0 0.000312981 0 0 0 0 0 0 9.62825e+10 9.62825e+10 9.62825e+10 9.62825e+10 
0.0545 0.876222 -2.42378 -0.30724 -1.76985 -3.07622 1.45006e+06 3.2685e+14 8.33581e-05 0.000310244 1.93662e-17 1.62466e-08 19039.3 0 0 3.89898e-13 0 0 0.000312981 0 0 0 0 0 0 9.64461e+10 9.64461e+10 9.64461e+10 9.64461e+10 
0.055 0.877175 -2.42283 -0.306233 -1.76889 -3.07717 1.45308e+06 3.26738e+14 8.33594e-05 0.000310217 1.94069e-17 1.62396e-08 19047.8 0 0 3.90667e-13 0 0 0.000312981 0 0 0 0 0 0 9.66078e+10 9.66078e+10 9.66078e+10 9.66078e+10 
0.0555 0.878127 -2.42187 -0.305227 -1.76792 -3.07813 1.45608e+06 3.26626e+14 8.33606e-05 0.00031019 1.94473e-17 1.62326e-08 19056.2 0 0 3.91438e-13 0 0 0.000312981 0 0 0 0 0 0 9.67679e+10 9.67679e+10 9.67679e+10 9.67679e+10 
0.056 0.87908 -2.42092 -0.30422 -1.76696 -3.07908 1.45906e+06 3.26514e+14 8.33619e-05 0.000310163 1.94874e-17 1.62257e-08 19064.6 0 0 3.92209e-13 0 0 0.000312981 0 0 0 0 0 0 9.69263e+10 9.69263e+10 9.69263e+10 9.69263e+10 
0.0565 0.880034 -2.41997 -0.303214 -1.76599 -3.08003 1.46202e+06 3.26403e+14 8.33631e-05 0.000310136 1.95272e-17 1.62187e-08 19073.1 0 0 3.92982e-13 0 0 0.000312981 0 0 0 0 0 0 9.70832e+10 9.70832e+10 9.70832e+10 9.70832e+10 
0.057 0.880988 -2.41901 -0.302208 -1.76503 -3.08099 1.46496e+06 3.26291e+14 8.33643e-05 0.000310109 1.95667e-17 1.62117e-08 19081.5 0 0 3.93756e-13 0 0 0.000312981 0 0 0 0 0 0 9.72385e+10 9.72385e+10 9.72385e+10 9.72385e+10 
0.0575 0.881942 -2.41806 -0.301202 -1.76406 -3.08194 1.46787e+06 3.2618e+14 8.33656e-05 0.000310082 1.96059e-17 1.62048e-08 19090 0 0 3.94531e-13 0 0 0.000312981 0 0 0 0 0 0 9.73923e+10 9.73923e+10 9.73923e+10 9.73923e+10 
0.058 0.882897 -2.4171 -0.300195 -1.7631 -3.0829 1.47077e+06 3.26069e+14 8.33668e-05 0.000310055 1.96448e-17 1.61979e-08 19098.4 0 0 3.95308e-13 0 0 0.000312981 0 0 0 0 0 0 9.75448e+10 9.75448e+10 9.75448e+10 9.75448e+10 
0.0585 0.883852 -2.41615 -0.299189 -1.76213 -3.08385 1.47364e+06 3.25957e+14 8.3368e-05 0.000310028 1.96836e-17 1.61909e-08 19106.8 0 0 3.96085e-13 0 0 0.000312981 0 0 0 0 0 0 9.76959e+10 9.76959e+10 9.76959e+10 9.76959e+10 
0.059 0.884807 -2.41519 -0.298183 -1.76116 -3.08481 1.4765e+06 3.25846e+14 8.33692e-05 0.000310001 1.9722e-17 1.6184e-08 19115.2 0 0 3.96864e-13 0 0 0.000312981 0 0 0 0 0 0 9.78456e+10 9.78456e+10 9.78456e+10 9.78456e+10 
0.0595 0.885763 -2.41424 -0.297177 -1.7602 -3.08576 1.47934e+06 3.25735e+14 8.33704e-05 0.000309974 1.97603e-17 1.61771e-08 19123.7 0 0 3.97644e-13 0 0 0.000312981 0 0 0 0 0 0 9.79942e+10 9.79942e+10 9.79942e+10 9.79942e+10 
0.06 0.88672 -2.41328 -0.296171 -1.75923 -3.08672 1.48217e+06 3.25625e+14 8.33715e-05 0.000309947 1.97983e-17 1.61702e-08 19132.1 0 0 3.98426e-13 0 0 0.000312981 0 0 0 0 0 0 9.81415e+10 9.81415e+10 9.81415e+10 9.81415e+10 
0.0605 0.887676 -2.41232 -0.295165 -1.75826 -3.08768 1.48498e+06 3.25514e+14 8.33727e-05 0.00030992 1.98361e-17 1.61633e-08 19140.5 0 0 3.99208e-13 0 0 0.000312981 0 0 0 0 0 0 9.82877e+10 9.82877e+10 9.82877e+10 9.82877e+10 
0.061 0.888634 -2.41137 -0.294158 -1.75729 -3.08863 1.48777e+06 3.25403e+14 8.33739e-05 0.000309893 1.98737e-17 1.61564e-08 19148.9 0 0 3.99991e-13 0 0 0.000312981 0 0 0 0 0 0 9.84327e+10 9.84327e+10 9.84327e+10 9.84327e+10 
0.0615 0.889591 -2.41041 -0.293152 -1.75632 -3.08959 1.49055e+06 3.25293e+14 8.3375e-05 0.000309867 1.99111e-17 1.61495e-08 19157.3 0 0 4.00776e-13 0 0 0.000312981 0 0 0 0 0 0 9.85767e+10 9.85767e+10 9.85767e+10 9.85767e+10 
0.062 0.890549 -2.40945 -0.292145 -1.75535 -3.09055 1.49332e+06 3.25182e+14 8.33762e-05 0.00030984 1.99483e-17 1.61426e-08 19165.7 0 0 4.01562e-13 0 0 0.000312981 0 0 0 0 0 0 9.87196e+10 9.87196e+10 9.87196e+10 9.87196e+10 
0.0625 0.891508 -2.40849 -0.291139 -1.75438 -3.09151 1.49607e+06 3.25072e+14 8.33774e-05 0.000309813 1.99854e-17 1.61358e-08 19174.1 0 0 4.02349e-13 0 0 0.000312981 0 0 0 0 0 0 9.88616e+10 9.88616e+10 9.88616e+10 9.88616e+10 
0.063 0.892467 -2.40753 -0.290132 -1.75341 -3.09247 1.49881e+06 3.24962e+14 8.33785e-05 0.000309786 2.00222e-17 1.61289e-08 19182.5 0 0 4.03137e-13 0 0 0.000312981 0 0 0 0 0 0 9.90026e+10 9.90026e+10 9.90026e+10 9.90026e+10 
0.0635 0.893426 -2.40657 -0.289125 -1.75244 -3.09343 1.50154e+06 3.24852e+14 8.33796e-05 0.00030976 2.00589e-17 1.61221e-08 19190.9 0 0 4.03926e-13 0 0 0.000312981 0 0 0 0 0 0 9.91427e+10 9.91427e+10 9.91427e+10 9.91427e+10 
0.064 0.894386 -2.40561 -0.288118 -1.75147 -3.09439 1.50425e+06 3.24742e+14 8.33808e-05 0.000309733 2.00955e-17 1.61152e-08 19199.3 0 0 4.04716e-13 0 0 0.000312981 0 0 0 0 0 0 9.92819e+10 9.92819e+10 9.92819e+10 9.92819e+10 
0.0645 0.895346 -2.40465 -0.287111 -1.7505 -3.09535 1.50695e+06 3.24632e+14 8.33819e-05 0.000309706 2.01319e-17 1.61084e-08 19207.7 0 0 4.05508e-13 0 0 0.000312981 0 0 0 0 0 0 9.94203e+10 9.94203e+10 9.94203e+10 9.94203e+10 
0.065 0.896307 -2.40369 -0.286104 -1.74953 -3.09631 1.50965e+06 3.24522e+14 8.3383e-05 0.00030968 2.01681e-17 1.61015e-08 19216.1 0 0 4.063e-13 0 0 0.000312981 0 0 0 0 0 0 9.95579e+10 9.95579e+10 9.95579e+10 9.95579e+10 
0.0655 0.897268 -2.40273 -0.285097 -1.74856 -3.09727 1.51233e+06 3.24413e+14 8.33841e-05 0.000309653 2.02042e-17 1.60947e-08 19224.5 0 0 4.07094e-13 0 0 0.000312981 0 0 0 0 0 0 9.96947e+10 9.96947e+10 9.96947e+10 9.96947e+10 
0.066 0.898229 -2.40177 -0.284089 -1.74759 -3.09823 1.515e+06 3.24303e+14 8.33852e-05 0.000309626 2.02402e-17 1.60879e-08 19232.9 0 0 4.07889e-13 0 0 0.000312981 0 0 0 0 0 0 9.98307e+10 9.98307e+10 9.98307e+10 9.98307e+10 
0.0665 0.899191 -2.40081 -0.283082 -1.74661 -3.09919 1.51767e+06 3.24194e+14 8.33863e-05 0.0003096 2.02761e-17 1.60811e-08 19241.3 0 0 4.08684e-13 0 0 0.000312981 0 0 0 0 0 0 9.9966e+10 9.9966e+10 9.9966e+10 9.9966e+10 
0.067 0.900153 -2.39985 -0.282074 -1.74564 -3.10015 1.52032e+06 3.24085e+14 8.33874e-05 0.000309573 2.03118e-17 1.60743e-08 19249.6 0 0 4.09481e-13 0 0 0.000312981 0 0 0 0 0 0 1.00101e+11 1.00101e+11 1.00101e+11 1.00101e+11 
0.0675 0.901116 -2.39888 -0.281066 -1.74467 -3.10112 1.52297e+06 3.23975e+14 8.33885e-05 0.000309547 2.03474e-17 1.60675e-08 19258 0 0 4.10279e-13 0 0 0.000312981 0 0 0 0 0 0 1.00235e+11 1.00235e+11 1.00235e+11 1.00235e+11 
0.068 0.902079 -2.39792 -0.280057 -1.74369 -3.10208 1.52561e+06 3.23866e+14 8.33896e-05 0.00030952 2.03829e-17 1.60607e-08 19266.4 0 0 4.11078e-13 0 0 0.000312981 0 0 0 0 0 0 1.00368e+11 1.00368e+11 1.00368e+11 1.00368e+11 
0.0685 0.903043 -2.39696 -0.279049 -1.74272 -3.10304 1.52824e+06 3.23757e+14 8.33907e-05 0.000309494 2.04184e-17 1.60539e-08 19274.8 0 0 4.11878e-13 0 0 0.000312981 0 0 0 0 0 0 1.00501e+11 1.00501e+11 1.00501e+11 1.00501e+11 
0.069 0.904007 -2.39599 -0.27804 -1.74174 -3.10401 1.53086e+06 3.23649e+14 8.33918e-05 0.000309467 2.04537e-17 1.60472e-08 19283.1 0 0 4.12679e-13 0 0 0.000312981 0 0 0 0 0 0 1.00633e+11 1.00633e+11 1.00633e+11 1.00633e+11 
0.0695 0.904971 -2.39503 -0.277031 -1.74077 -3.10497 1.53348e+06 3.2354e+14 8.33929e-05 0.000309441 2.04889e-17 1.60404e-08 19291.5 0 0 4.13481e-13 0 0 0.000312981 0 0 0 0 0 0 1.00764e+11 1.00764e+11 1.00764e+11 1.00764e+11 
0.07 0.905936 -2.39406 -0.276022 -1.73979 -3.10594 1.53608e+06 3.23431e+14 8.3394e-05 0.000309414 2.0524e-17 1.60336e-08 19299.9 0 0 4.14284e-13 0 0 0.000312981 0 0 0 0 0 0 1.00895e+11 1.00895e+11 1.00895e+11 1.00895e+11 
0.0705 0.906901 -2.3931 -0.275013 -1.73881 -3.1069 1.53869e+06 3.23323e+14 8.33951e-05 0.000309388 2.0559e-17 1.60269e-08 19308.2 0 0 4.15088e-13 0 0 0.000312981 0 0 0 0 0 0 1.01026e+11 1.01026e+11 1.01026e+11 1.01026e+11 
0.071 0.907866 -2.39213 -0.274003 -1.73784 -3.10787 1.54128e+06 3.23214e+14 8.33961e-05 0.000309361 2.0594e-17 1.60202e-08 19316.6 0 0 4.15894e-13 0 0 0.000312981 0 0 0 0 0 0 1.01156e+11 1.01156e+11 1.01156e+11 1.01156e+11 
0.0715 0.908833 -2.39117 -0.272993 -1.73686 -3.10883 1.54387e+06 3.23106e+14 8.33972e-05 0.000309335 2.06289e-17 1.60134e-08 19324.9 0 0 4.167e-13 0 0 0.000312981 0 0 0 0 0 0 1.01285e+11 1.01285e+11 1.01285e+11 1.01285e+11 
0.072 0.909799 -2.3902 -0.271983 -1.73588 -3.1098 1.54646e+06 3.22997e+14 8.33983e-05 0.000309309 2.06637e-17 1.60067e-08 19333.3 0 0 4.17507e-13 0 0 0.000312981 0 0 0 0 0 0 1.01414e+11 1.01414e+11 1.01414e+11 1.01414e+11 
0.0725 0.910766 -2.38923 -0.270973 -1.73491 -3.11077 1.54904e+06 3.22889e+14 8.33993e-05 0.000309282 2.06984e-17 1.6e-08 19341.6 0 0 4.18315e-13 0 0 0.000312981 0 0 0 0 0 0 1.01543e+11 1.01543e+11 1.01543e+11 1.01543e+11 
0.073 0.911733 -2.38827 -0.269962 -1.73393 -3.11173 1.55161e+06 3.22781e+14 8.34004e-05 0.000309256 2.0733e-17 1.59933e-08 19350 0 0 4.19125e-13 0 0 0.000312981 0 0 0 0 0 0 1.01671e+11 1.01671e+11 1.01671e+11 1.01671e+11 
0.0735 0.912701 -2.3873 -0.268951 -1.73295 -3.1127 1.55418e+06 3.22673e+14 8.34014e-05 0.00030923 2.07676e-17 1.59865e-08 19358.3 0 0 4.19935e-13 0 0 0.000312981 0 0 0 0 0 0 1.01799e+11 1.01799e+11 1.01799e+11 1.01799e+11 
0.074 0.913669 -2.38633 -0.26794 -1.73197 -3.11367 1.55675e+06 3.22566e+14 8.34025e-05 0.000309203 2.08022e-17 1.59798e-08 19366.7 0 0 4.20746e-13 0 0 0.000312981 0 0 0 0 0 0 1.01926e+11 1.01926e+11 1.01926e+11 1.01926e+11 
0.0745 0.914637 -2.38536 -0.266929 -1.73099 -3.11464 1.55931e+06 3.22458e+14 8.34036e-05 0.000309177 2.08367e-17 1.59732e-08 19375 0 0 4.21559e-13 0 0 0.000312981 0 0 0 0 0 0 1.02053e+11 1.02053e+11 1.02053e+11 1.02053e+11 
0.075 0.915606 -2.38439 -0.265917 -1.73001 -3.11561 1.56186e+06 3.2235e+14 8.34046e-05 0.000309151 2.08711e-17 1.59665e-08 19383.3 0 0 4.22372e-13 0 0 0.000312981 0 0 0 0 0 0 1.0218e+11 1.0218e+11 1.0218e+11 1.0218e+11 
0.0755 0.916576 -2.38342 -0.264905 -1.72903 -3.11658 1.56442e+06 3.22243e+14 8.34057e-05 0.000309125 2.09055e-17 1.59598e-08 19391.7 0 0 4.23186e-13 0 0 0.000312981 0 0 0 0 0 0 1.02306e+11 1.02306e+11 1.02306e+11 1.02306e+11 
0.076 0.917546 -2.38245 -0.263893 -1.72805 -3.11755 1.56696e+06 3.22135e+14 8.34067e-05 0.000309099 2.09398e-17 1.59531e-08 19400 0 0 4.24002e-13 0 0 0.000312981 0 0 0 0 0 0 1.02432e+11 1.02432e+11 1.02432e+11 1.02432e+11 
0.0765 0.918516 -2.38148 -0.26288 -1.72707 -3.11852 1.56951e+06 3.22028e+14 8.34077e-05 0.000309072 2.09741e-17 1.59464e-08 19408.3 0 0 4.24818e-13 0 0 0.000312981 0 0 0 0 0 0 1.02558e+11 1.02558e+11 1.02558e+11 1.02558e+11 
0.077 0.919486 -2.38051 -0.261867 -1.72609 -3.11949 1.57205e+06 3.2192e+14 8.34088e-05 0.000309046 2.10083e-17 1.59398e-08 19416.6 0 0 4.25635e-13 0 0 0.000312981 0 0 0 0 0 0 1.02683e+11 1.02683e+11 1.02683e+11 1.02683e+11 
0.0775 0.920457 -2.37954 -0.260854 -1.7251 -3.12046 1.57459e+06 3.21813e+14 8.34098e-05 0.00030902 2.10425e-17 1.59331e-08 19425 0 0 4.26454e-13 0 0 0.000312981 0 0 0 0 0 0 1.02808e+11 1.02808e+11 1.02808e+11 1.02808e+11 
0.078 0.921429 -2.37857 -0.25984 -1.72412 -3.12143 1.57713e+06 3.21706e+14 8.34109e-05 0.000308994 2.10766e-17 1.59265e-08 19433.3 0 0 4.27273e-13 0 0 0.000312981 0 0 0 0 0 0 1.02933e+11 1.02933e+11 1.02933e+11 1.02933e+11 
0.0785 0.922401 -2.3776 -0.258827 -1.72314 -3.1224 1.57966e+06 3.21599e+14 8.34119e-05 0.000308968 2.11108e-17 1.59198e-08 19441.6 0 0 4.28093e-13 0 0 0.000312981 0 0 0 0 0 0 1.03057e+11 1.03057e+11 1.03057e+11 1.03057e+11 
0.079 0.923373 -2.37663 -0.257813 -1.72216 -3.12337 1.58219e+06 3.21492e+14 8.34129e-05 0.000308942 2.11448e-17 1.59132e-08 19449.9 0 0 4.28915e-13 0 0 0.000312981 0 0 0 0 0 0 1.03182e+11 1.03182e+11 1.03182e+11 1.03182e+11 
0.0795 0.924346 -2.37565 -0.256798 -1.72117 -3.12435 1.58472e+06 3.21385e+14 8.3414e-05 0.000308916 2.11789e-17 1.59066e-08 19458.2 0 0 4.29737e-13 0 0 0.000312981 0 0 0 0 0 0 1.03306e+11 1.03306e+11 1.03306e+11 1.03306e+11 
0.08 0.925319 -2.37468 -0.255784 -1.72019 -3.12532 1.58725e+06 3.21279e+14 8.3415e-05 0.00030889 2.12129e-17 1.58999e-08 19466.5 0 0 4.3056e-13 0 0 0.000312981 0 0 0 0 0 0 1.03429e+11 1.03429e+11 1.03429e+11 1.03429e+11 
0.0805 0.926292 -2.37371 -0.254769 -1.7192 -3.12629 1.58977e+06 3.21172e+14 8.3416e-05 0.000308864 2.12469e-17 1.58933e-08 19474.8 0 0 4.31385e-13 0 0 0.000312981 0 0 0 0 0 0 1.03553e+11 1.03553e+11 1.03553e+11 1.03553e+11 
0.081 0.927266 -2.37273 -0.253753 -1.71822 -3.12727 1.59229e+06 3.21066e+14 8.3417e-05 0.000308838 2.12809e-17 1.58867e-08 19483.1 0 0 4.3221e-13 0 0 0.000312981 0 0 0 0 0 0 1.03676e+11 1.03676e+11 1.03676e+11 1.03676e+11 
0.0815 0.928241 -2.37176 -0.252738 -1.71723 -3.12824 1.59481e+06 3.20959e+14 8.34181e-05 0.000308812 2.13148e-17 1.58801e-08 19491.4 0 0 4.33036e-13 0 0 0.000312981 0 0 0 0 0 0 1.03799e+11 1.03799e+11 1.03799e+11 1.03799e+11 
0.082 0.929216 -2.37078 -0.251722 -1.71625 -3.12922 1.59733e+06 3.20853e+14 8.34191e-05 0.000308786 2.13487e-17 1.58735e-08 19499.7 0 0 4.33863e-13 0 0 0.000312981 0 0 0 0 0 0 1.03922e+11 1.03922e+11 1.03922e+11 1.03922e+11 
0.0825 0.930191 -2.36981 -0.250705 -1.71526 -3.13019 1.59985e+06 3.20746e+14 8.34201e-05 0.00030876 2.13827e-17 1.58669e-08 19508 0 0 4.34691e-13 0 0 0.000312981 0 0 0 0 0 0 1.04045e+11 1.04045e+11 1.04045e+11 1.04045e+11 
0.083 0.931166 -2.36883 -0.249689 -1.71428 -3.13117 1.60236e+06 3.2064e+14 8.34211e-05 0.000308734 2.14165e-17 1.58603e-08 19516.3 0 0 4.35521e-13 0 0 0.000312981 0 0 0 0 0 0 1.04167e+11 1.04167e+11 1.04167e+11 1.04167e+11 
0.0835 0.932142 -2.36786 -0.248672 -1.71329 -3.13214 1.60488e+06 3.20534e+14 8.34221e-05 0.000308708 2.14504e-17 1.58538e-08 19524.6 0 0 4.36351e-13 0 0 0.000312981 0 0 0 0 0 0 1.04289e+11 1.04289e+11 1.04289e+11 1.04289e+11 
0.084 0.933119 -2.36688 -0.247654 -1.7123 -3.13312 1.60739e+06 3.20428e+14 8.34232e-05 0.000308682 2.14843e-17 1.58472e-08 19532.9 0 0 4.37182e-13 0 0 0.000312981 0 0 0 0 0 0 1.04411e+11 1.04411e+11 1.04411e+11 1.04411e+11 
0.0845 0.934096 -2.3659 -0.246637 -1.71131 -3.1341 1.6099e+06 3.20322e+14 8.34242e-05 0.000308656 2.15181e-17 1.58406e-08 19541.1 0 0 4.38014e-13 0 0 0.000312981 0 0 0 0 0 0 1.04533e+11 1.04533e+11 1.04533e+11 1.04533e+11 
0.085 0.935073 -2.36493 -0.245619 -1.71033 -3.13507 1.61241e+06 3.20216e+14 8.34252e-05 0.00030863 2.15519e-17 1.5834e-08 19549.4 0 0 4.38847e-13 0 0 0.000312981 0 0 0 0 0 0 1.04655e+11 1.04655e+11 1.04655e+11 1.04655e+11 
0.0855 0.936051 -2.36395 -0.244601 -1.70934 -3.13605 1.61492e+06 3.2011e+14 8.34262e-05 0.000308604 2.15857e-17 1.58275e-08 19557.7 0 0 4.39681e-13 0 0 0.000312981 0 0 0 0 0 0 1.04777e+11 1.04777e+11 1.04777e+11 1.04777e+11 
0.086 0.937029 -2.36297 -0.243582 -1.70835 -3.13703 1.61743e+06 3.20004e+14 8.34272e-05 0.000308578 2.16195e-17 1.58209e-08 19566 0 0 4.40516e-13 0 0 0.000312981 0 0 0 0 0 0 1.04898e+11 1.04898e+11 1.04898e+11 1.04898e+11 
0.0865 0.938007 -2.36199 -0.242563 -1.70736 -3.13801 1.61994e+06 3.19899e+14 8.34282e-05 0.000308552 2.16533e-17 1.58144e-08 19574.2 0 0 4.41352e-13 0 0 0.000312981 0 0 0 0 0 0 1.0502e+11 1.0502e+11 1.0502e+11 1.0502e+11 
0.087 0.938986 -2.36101 -0.241544 -1.70637 -3.13899 1.62245e+06 3.19793e+14 8.34292e-05 0.000308527 2.16871e-17 1.58078e-08 19582.5 0 0 4.42189e-13 0 0 0.000312981 0 0 0 0 0 0 1.05141e+11 1.05141e+11 1.05141e+11 1.05141e+11 
0.0875 0.939965 -2.36003 -0.240524 -1.70538 -3.13997 1.62496e+06 3.19688e+14 8.34302e-05 0.000308501 2.17209e-17 1.58013e-08 19590.8 0 0 4.43026e-13 0 0 0.000312981 0 0 0 0 0 0 1.05262e+11 1.05262e+11 1.05262e+11 1.05262e+11 
0.088 0.940945 -2.35905 -0.239504 -1.70439 -3.14095 1.62746e+06 3.19582e+14 8.34312e-05 0.000308475 2.17547e-17 1.57947e-08 19599 0 0 4.43865e-13 0 0 0.000312981 0 0 0 0 0 0 1.05383e+11 1.05383e+11 1.05383e+11 1.05383e+11 
0.0885 0.941925 -2.35807 -0.238484 -1.7034 -3.14193 1.62997e+06 3.19477e+14 8.34323e-05 0.000308449 2.17884e-17 1.57882e-08 19607.3 0 0 4.44705e-13 0 0 0.000312981 0 0 0 0 0 0 1.05504e+11 1.05504e+11 1.05504e+11 1.05504e+11 
0.089 0.942906 -2.35709 -0.237463 -1.70241 -3.14291 1.63248e+06 3.19371e+14 8.34333e-05 0.000308423 2.18222e-17 1.57817e-08 19615.6 0 0 4.45546e-13 0 0 0.000312981 0 0 0 0 0 0 1.05624e+11 1.05624e+11 1.05624e+11 1.05624e+11 
0.0895 0.943887 -2.35611 -0.236442 -1.70141 -3.14389 1.63498e+06 3.19266e+14 8.34343e-05 0.000308398 2.18559e-17 1.57752e-08 19623.8 0 0 4.46387e-13 0 0 0.000312981 0 0 0 0 0 0 1.05745e+11 1.05745e+11 1.05745e+11 1.05745e+11 
0.09 0.944868 -2.35513 -0.235421 -1.70042 -3.14487 1.63749e+06 3.19161e+14 8.34353e-05 0.000308372 2.18897e-17 1.57686e-08 19632.1 0 0 4.4723e-13 0 0 0.000312981 0 0 0 0 0 0 1.05865e+11 1.05865e+11 1.05865e+11 1.05865e+11 
0.0905 0.94585 -2.35415 -0.234399 -1.69943 -3.14585 1.64e+06 3.19056e+14 8.34363e-05 0.000308346 2.19235e-17 1.57621e-08 19640.3 0 0 4.48074e-13 0 0 0.000312981 0 0 0 0 0 0 1.05986e+11 1.05986e+11 1.05986e+11 1.05986e+11 
0.091 0.946832 -2.35317 -0.233377 -1.69844 -3.14683 1.6425e+06 3.1895e+14 8.34373e-05 0.00030832 2.19572e-17 1.57556e-08 19648.6 0 0 4.48918e-13 0 0 0.000312981 0 0 0 0 0 0 1.06106e+11 1.06106e+11 1.06106e+11 1.06106e+11 
0.0915 0.947815 -2.35219 -0.232354 -1.69744 -3.14781 1.64501e+06 3.18845e+14 8.34383e-05 0.000308295 2.1991e-17 1.57491e-08 19656.8 0 0 4.49764e-13 0 0 0.000312981 0 0 0 0 0 0 1.06226e+11 1.06226e+11 1.06226e+11 1.06226e+11 
0.092 0.948798 -2.3512 -0.231332 -1.69645 -3.1488 1.64751e+06 3.1874e+14 8.34393e-05 0.000308269 2.20248e-17 1.57426e-08 19665 0 0 4.5061e-13 0 0 0.000312981 0 0 0 0 0 0 1.06346e+11 1.06346e+11 1.06346e+11 1.06346e+11 
0.0925 0.949781 -2.35022 -0.230308 -1.69546 -3.14978 1.65002e+06 3.18635e+14 8.34403e-05 0.000308243 2.20585e-17 1.57361e-08 19673.3 0 0 4.51458e-13 0 0 0.000312981 0 0 0 0 0 0 1.06466e+11 1.06466e+11 1.06466e+11 1.06466e+11 
0.093 0.950765 -2.34923 -0.229285 -1.69446 -3.15077 1.65253e+06 3.1853e+14 8.34413e-05 0.000308217 2.20923e-17 1.57296e-08 19681.5 0 0 4.52306e-13 0 0 0.000312981 0 0 0 0 0 0 1.06586e+11 1.06586e+11 1.06586e+11 1.06586e+11 
0.0935 0.95175 -2.34825 -0.228261 -1.69347 -3.15175 1.65503e+06 3.18425e+14 8.34423e-05 0.000308192 2.21261e-17 1.57231e-08 19689.8 0 0 4.53155e-13 0 0 0.000312981 0 0 0 0 0 0 1.06706e+11 1.06706e+11 1.06706e+11 1.06706e+11 
0.094 0.952734 -2.34727 -0.227237 -1.69247 -3.15273 1.65754e+06 3.18321e+14 8.34432e-05 0.000308166 2.21599e-17 1.57166e-08 19698 0 0 4.54006e-13 0 0 0.000312981 0 0 0 0 0 0 1.06826e+11 1.06826e+11 1.06826e+11 1.06826e+11 
0.0945 0.953719 -2.34628 -0.226212 -1.69147 -3.15372 1.66005e+06 3.18216e+14 8.34442e-05 0.00030814 2.21936e-17 1.57102e-08 19706.2 0 0 4.54857e-13 0 0 0.000312981 0 0 0 0 0 0 1.06945e+11 1.06945e+11 1.06945e+11 1.06945e+11 
0.095 0.954705 -2.3453 -0.225187 -1.69048 -3.1547 1.66255e+06 3.18111e+14 8.34452e-05 0.000308114 2.22274e-17 1.57037e-08 19714.4 0 0 4.55709e-13 0 0 0.000312981 0 0 0 0 0 0 1.07065e+11 1.07065e+11 1.07065e+11 1.07065e+11 
0.0955 0.955691 -2.34431 -0.224162 -1.68948 -3.15569 1.66506e+06 3.18006e+14 8.34462e-05 0.000308089 2.22612e-17 1.56972e-08 19722.7 0 0 4.56562e-13 0 0 0.000312981 0 0 0 0 0 0 1.07184e+11 1.07184e+11 1.07184e+11 1.07184e+11 
0.096 0.956677 -2.34332 -0.223136 -1.68848 -3.15668 1.66757e+06 3.17902e+14 8.34472e-05 0.000308063 2.2295e-17 1.56907e-08 19730.9 0 0 4.57416e-13 0 0 0.000312981 0 0 0 0 0 0 1.07304e+11 1.07304e+11 1.07304e+11 1.07304e+11 
0.0965 0.957664 -2.34234 -0.22211 -1.68749 -3.15766 1.67008e+06 3.17797e+14 8.34482e-05 0.000308037 2.23289e-17 1.56842e-08 19739.1 0 0 4.58272e-13 0 0 0.000312981 0 0 0 0 0 0 1.07423e+11 1.07423e+11 1.07423e+11 1.07423e+11 
0.097 0.958651 -2.34135 -0.221084 -1.68649 -3.15865 1.67259e+06 3.17692e+14 8.34492e-05 0.000308012 2.23627e-17 1.56778e-08 19747.3 0 0 4.59127e-13 0 0 0.000312981 0 0 0 0 0 0 1.07542e+11 1.07542e+11 1.07542e+11 1.07542e+11 
0.0975 0.959639 -2.34036 -0.220057 -1.68549 -3.15964 1.6751e+06 3.17588e+14 8.34502e-05 0.000307986 2.23965e-17 1.56713e-08 19755.5 0 0 4.59984e-13 0 0 0.000312981 0 0 0 0 0 0 1.07661e+11 1.07661e+11 1.07661e+11 1.07661e+11 
0.098 0.960627 -2.33937 -0.21903 -1.68449 -3.16063 1.67761e+06 3.17483e+14 8.34512e-05 0.00030796 2.24304e-17 1.56648e-08 19763.7 0 0 4.60842e-13 0 0 0.000312981 0 0 0 0 0 0 1.0778e+11 1.0778e+11 1.0778e+11 1.0778e+11 
0.0985 0.961615 -2.33838 -0.218003 -1.68349 -3.16162 1.68013e+06 3.17378e+14 8.34522e-05 0.000307935 2.24642e-17 1.56583e-08 19771.9 0 0 4.61701e-13 0 0 0.000312981 0 0 0 0 0 0 1.07899e+11 1.07899e+11 1.07899e+11 1.07899e+11 
0.099 0.962604 -2.3374 -0.216975 -1.68249 -3.1626 1.68264e+06 3.17274e+14 8.34532e-05 0.000307909 2.24981e-17 1.56519e-08 19780.1 0 0 4.62561e-13 0 0 0.000312981 0 0 0 0 0 0 1.08018e+11 1.08018e+11 1.08018e+11 1.08018e+11 
0.0995 0.963593 -2.33641 -0.215947 -1.68149 -3.16359 1.68515e+06 3.17169e+14 8.34541e-05 0.000307883 2.2532e-17 1.56454e-08 19788.3 0 0 4.63422e-13 0 0 0.000312981 0 0 0 0 0 0 1.08137e+11 1.08137e+11 1.08137e+11 1.08137e+11 
0.1 0.964583 -2.33542 -0.214918 -1.68049 -3.16458 1.68767e+06 3.17064e+14 8.34551e-05 0.000307857 2.25658e-17 1.56389e-08 19796.5 0 0 4.64283e-13 0 0 0.000312981 0 0 0 0 0 0 1.08256e+11 1.08256e+11 1.08256e+11 1.08256e+11 
0.1005 0.965573 -2.33443 -0.213889 -1.67949 -3.16557 1.69018e+06 3.1696e+14 8.34561e-05 0.000307832 2.25997e-17 1.56325e-08 19804.7 0 0 4.65146e-13 0 0 0.000312981 0 0 0 0 0 0 1.08375e+11 1.08375e+11 1.08375e+11 1.08375e+11 
0.101 0.966563 -2.33344 -0.21286 -1.67849 -3.16656 1.6927e+06 3.16855e+14 8.34571e-05 0.000307806 2.26337e-17 1.5626e-08 19812.9 0 0 4.6601e-13 0 0 0.000312981 0 0 0 0 0 0 1.08493e+11 1.08493e+11 1.08493e+11 1.08493e+11 
0.1015 0.967554 -2.33245 -0.21183 -1.67749 -3.16755 1.69522e+06 3.1675e+14 8.34581e-05 0.00030778 2.26676e-17 1.56195e-08 19821.1 0 0 4.66874e-13 0 0 0.000312981 0 0 0 0 0 0 1.08612e+11 1.08612e+11 1.08612e+11 1.08612e+11 
0.102 0.968545 -2.33145 -0.2108 -1.67649 -3.16855 1.69773e+06 3.16646e+14 8.34591e-05 0.000307754 2.27015e-17 1.56131e-08 19829.3 0 0 4.67739e-13 0 0 0.000312981 0 0 0 0 0 0 1.0873e+11 1.0873e+11 1.0873e+11 1.0873e+11 
0.1025 0.969537 -2.33046 -0.20977 -1.67548 -3.16954 1.70025e+06 3.16541e+14 8.346e-05 0.000307729 2.27355e-17 1.56066e-08 19837.5 0 0 4.68606e-13 0 0 0.000312981 0 0 0 0 0 0 1.08849e+11 1.08849e+11 1.08849e+11 1.08849e+11 
0.103 0.970529 -2.32947 -0.208739 -1.67448 -3.17053 1.70277e+06 3.16436e+14 8.3461e-05 0.000307703 2.27694e-17 1.56001e-08 19845.7 0 0 4.69473e-13 0 0 0.000312981 0 0 0 0 0 0 1.08967e+11 1.08967e+11 1.08967e+11 1.08967e+11 
0.1035 0.971522 -2.32848 -0.207708 -1.67348 -3.17152 1.70529e+06 3.16332e+14 8.3462e-05 0.000307677 2.28034e-17 1.55937e-08 19853.8 0 0 4.70341e-13 0 0 0.000312981 0 0 0 0 0 0 1.09085e+11 1.09085e+11 1.09085e+11 1.09085e+11 
0.104 0.972514 -2.32749 -0.206677 -1.67247 -3.17251 1.70782e+06 3.16227e+14 8.3463e-05 0.000307651 2.28374e-17 1.55872e-08 19862 0 0 4.71211e-13 0 0 0.000312981 0 0 0 0 0 0 1.09204e+11 1.09204e+11 1.09204e+11 1.09204e+11 
0.1045 0.973508 -2.32649 -0.205645 -1.67147 -3.17351 1.71034e+06 3.16122e+14 8.3464e-05 0.000307626 2.28714e-17 1.55807e-08 19870.2 0 0 4.72081e-13 0 0 0.000312981 0 0 0 0 0 0 1.09322e+11 1.09322e+11 1.09322e+11 1.09322e+11 
0.105 0.974501 -2.3255 -0.204613 -1.67046 -3.1745 1.71286e+06 3.16017e+14 8.3465e-05 0.0003076 2.29054e-17 1.55742e-08 19878.4 0 0 4.72952e-13 0 0 0.000312981 0 0 0 0 0 0 1.0944e+11 1.0944e+11 1.0944e+11 1.0944e+11 
0.1055 0.975496 -2.3245 -0.20358 -1.66946 -3.1755 1.71539e+06 3.15912e+14 8.34659e-05 0.000307574 2.29395e-17 1.55678e-08 19886.5 0 0 4.73824e-13 0 0 0.000312981 0 0 0 0 0 0 1.09558e+11 1.09558e+11 1.09558e+11 1.09558e+11 
0.106 0.97649 -2.32351 -0.202547 -1.66845 -3.17649 1.71791e+06 3.15807e+14 8.34669e-05 0.000307548 2.29735e-17 1.55613e-08 19894.7 0 0 4.74697e-13 0 0 0.000312981 0 0 0 0 0 0 1.09676e+11 1.09676e+11 1.09676e+11 1.09676e+11 
0.1065 0.977485 -2.32251 -0.201514 -1.66745 -3.17749 1.72044e+06 3.15702e+14 8.34679e-05 0.000307522 2.30076e-17 1.55548e-08 19902.9 0 0 4.75571e-13 0 0 0.000312981 0 0 0 0 0 0 1.09793e+11 1.09793e+11 1.09793e+11 1.09793e+11 
0.107 0.97848 -2.32152 -0.20048 -1.66644 -3.17848 1.72297e+06 3.15597e+14 8.34689e-05 0.000307496 2.30417e-17 1.55483e-08 19911 0 0 4.76446e-13 0 0 0.000312981 0 0 0 0 0 0 1.09911e+11 1.09911e+11 1.09911e+11 1.09911e+11 
0.1075 0.979476 -2.32052 -0.199446 -1.66544 -3.17948 1.7255e+06 3.15491e+14 8.34698e-05 0.00030747 2.30758e-17 1.55418e-08 19919.2 0 0 4.77321e-13 0 0 0.000312981 0 0 0 0 0 0 1.10029e+11 1.10029e+11 1.10029e+11 1.10029e+11 
0.108 0.980472 -2.31953 -0.198412 -1.66443 -3.18047 1.72803e+06 3.15386e+14 8.34708e-05 0.000307444 2.31099e-17 1.55353e-08 19927.3 0 0 4.78198e-13 0 0 0.000312981 0 0 0 0 0 0 1.10146e+11 1.10146e+11 1.10146e+11 1.10146e+11 
0.1085 0.981469 -2.31853 -0.197377 -1.66342 -3.18147 1.73056e+06 3.15281e+14 8.34718e-05 0.000307418 2.31441e-17 1.55288e-08 19935.5 0 0 4.79076e-13 0 0 0.000312981 0 0 0 0 0 0 1.10264e+11 1.10264e+11 1.10264e+11 1.10264e+11 
0.109 0.982466 -2.31753 -0.196342 -1.66241 -3.18247 1.7331e+06 3.15175e+14 8.34728e-05 0.000307392 2.31782e-17 1.55223e-08 19943.6 0 0 4.79954e-13 0 0 0.000312981 0 0 0 0 0 0 1.10381e+11 1.10381e+11 1.10381e+11 1.10381e+11 
0.1095 0.983463 -2.31654 -0.195306 -1.6614 -3.18346 1.73563e+06 3.15069e+14 8.34737e-05 0.000307366 2.32124e-17 1.55157e-08 19951.8 0 0 4.80834e-13 0 0 0.000312981 0 0 0 0 0 0 1.10498e+11 1.10498e+11 1.10498e+11 1.10498e+11 
0.11 0.984461 -2.31554 -0.19427 -1.6604 -3.18446 1.73817e+06 3.14963e+14 8.34747e-05 0.00030734 2.32466e-17 1.55092e-08 19959.9 0 0 4.81714e-13 0 0 0.000312981 0 0 0 0 0 0 1.10616e+11 1.10616e+11 1.10616e+11 1.10616e+11 
0.1105 0.985459 -2.31454 -0.193234 -1.65939 -3.18546 1.74071e+06 3.14857e+14 8.34757e-05 0.000307314 2.32808e-17 1.55027e-08 19968.1 0 0 4.82596e-13 0 0 0.000312981 0 0 0 0 0 0 1.10733e+11 1.10733e+11 1.10733e+11 1.10733e+11 
0.111 0.986458 -2.31354 -0.192197 -1.65838 -3.18646 1.74325e+06 3.14751e+14 8.34767e-05 0.000307288 2.3315e-17 1.54961e-08 19976.2 0 0 4.83478e-13 0 0 0.000312981 0 0 0 0 0 0 1.1085e+11 1.1085e+11 1.1085e+11 1.1085e+11 
0.1115 0.987457 -2.31254 -0.19116 -1.65737 -3.18746 1.74578e+06 3.14645e+14 8.34776e-05 0.000307261 2.33492e-17 1.54896e-08 19984.3 0 0 4.84361e-13 0 0 0.000312981 0 0 0 0 0 0 1.10966e+11 1.10966e+11 1.10966e+11 1.10966e+11 
0.112 0.988456 -2.31154 -0.190123 -1.65636 -3.18846 1.74833e+06 3.14539e+14 8.34786e-05 0.000307235 2.33835e-17 1.5483e-08 19992.5 0 0 4.85245e-13 0 0 0.000312981 0 0 0 0 0 0 1.11083e+11 1.11083e+11 1.11083e+11 1.11083e+11 
0.1125 0.989456 -2.31054 -0.189085 -1.65535 -3.18946 1.75087e+06 3.14432e+14 8.34796e-05 0.000307209 2.34178e-17 1.54764e-08 20000.6 0 0 4.86131e-13 0 0 0.000312981 0 0 0 0 0 0 1.112e+11 1.112e+11 1.112e+11 1.112e+11 
0.113 0.990456 -2.30954 -0.188047 -1.65433 -3.19046 1.75341e+06 3.14325e+14 8.34806e-05 0.000307182 2.34521e-17 1.54698e-08 20008.7 0 0 4.87017e-13 0 0 0.000312981 0 0 0 0 0 0 1.11316e+11 1.11316e+11 1.11316e+11 1.11316e+11 
0.1135 0.991457 -2.30854 -0.187008 -1.65332 -3.19146 1.75596e+06 3.14218e+14 8.34815e-05 0.000307156 2.34864e-17 1.54632e-08 20016.8 0 0 4.87903e-13 0 0 0.000312981 0 0 0 0 0 0 1.11433e+11 1.11433e+11 1.11433e+11 1.11433e+11 
0.114 0.992458 -2.30754 -0.18597 -1.65231 -3.19246 1.7585e+06 3.14111e+14 8.34825e-05 0.000307129 2.35207e-17 1.54566e-08 20025 0 0 4.88791e-13 0 0 0.000312981 0 0 0 0 0 0 1.11549e+11 1.11549e+11 1.11549e+11 1.11549e+11 
0.1145 0.993459 -2.30654 -0.18493 -1.6513 -3.19346 1.76105e+06 3.14003e+14 8.34835e-05 0.000307103 2.35551e-17 1.545e-08 20033.1 0 0 4.8968e-13 0 0 0.000312981 0 0 0 0 0 0 1.11665e+11 1.11665e+11 1.11665e+11 1.11665e+11 
0.115 0.994461 -2.30554 -0.183891 -1.65028 -3.19446 1.7636e+06 3.13896e+14 8.34844e-05 0.000307076 2.35894e-17 1.54433e-08 20041.2 0 0 4.9057e-13 0 0 0.000312981 0 0 0 0 0 0 1.11781e+11 1.11781e+11 1.11781e+11 1.11781e+11 
0.1155 0.995464 -2.30454 -0.182851 -1.64927 -3.19546 1.76615e+06 3.13788e+14 8.34854e-05 0.000307049 2.36238e-17 1.54367e-08 20049.3 0 0 4.91461e-13 0 0 0.000312981 0 0 0 0 0 0 1.11897e+11 1.11897e+11 1.11897e+11 1.11897e+11 
0.116 0.996466 -2.30353 -0.18181 -1.64826 -3.19647 1.7687e+06 3.13679e+14 8.34864e-05 0.000307023 2.36582e-17 1.543e-08 20057.4 0 0 4.92352e-13 0 0 0.000312981 0 0 0 0 0 0 1.12012e+11 1.12012e+11 1.12012e+11 1.12012e+11 
0.1165 0.997469 -2.30253 -0.18077 -1.64724 -3.19747 1.77126e+06 3.13571e+14 8.34873e-05 0.000306996 2.36927e-17 1.54233e-08 20065.5 0 0 4.93245e-13 0 0 0.000312981 0 0 0 0 0 0 1.12128e+11 1.12128e+11 1.12128e+11 1.12128e+11 
0.117 0.998473 -2.30153 -0.179728 -1.64623 -3.19847 1.77381e+06 3.13462e+14 8.34883e-05 0.000306969 2.37271e-17 1.54166e-08 20073.6 0 0 4.94138e-13 0 0 0.000312981 0 0 0 0 0 0 1.12243e+11 1.12243e+11 1.12243e+11 1.12243e+11 
0.1175 0.999477 -2.30052 -0.178687 -1.64521 -3.19948 1.77637e+06 3.13353e+14 8.34893e-05 0.000306942 2.37616e-17 1.54099e-08 20081.7 0 0 4.95032e-13 0 0 0.000312981 0 0 0 0 0 0 1.12358e+11 1.12358e+11 1.12358e+11 1.12358e+11 
0.118 1.00048 -2.29952 -0.177645 -1.6442 -3.20048 1.77892e+06 3.13243e+14 8.34902e-05 0.000306915 2.37961e-17 1.54032e-08 20089.8 0 0 4.95928e-13 0 0 0.000312981 0 0 0 0 0 0 1.12473e+11 1.12473e+11 1.12473e+11 1.12473e+11 
0.1185 1.00149 -2.29851 -0.176603 -1.64318 -3.20149 1.78148e+06 3.13133e+14 8.34912e-05 0.000306887 2.38306e-17 1.53964e-08 20097.9 0 0 4.96824e-13 0 0 0.000312981 0 0 0 0 0 0 1.12588e+11 1.12588e+11 1.12588e+11 1.12588e+11 
0.119 1.00249 -2.29751 -0.17556 -1.64216 -3.20249 1.78404e+06 3.13023e+14 8.34922e-05 0.00030686 2.38651e-17 1.53896e-08 20106 0 0 4.97721e-13 0 0 0.000312981 0 0 0 0 0 0 1.12702e+11 1.12702e+11 1.12702e+11 1.12702e+11 
0.1195 1.0035 -2.2965 -0.174517 -1.64115 -3.2035 1.78661e+06 3.12913e+14 8.34931e-05 0.000306833 2.38996e-17 1.53828e-08 20114.1 0 0 4.98619e-13 0 0 0.000312981 0 0 0 0 0 0 1.12816e+11 1.12816e+11 1.12816e+11 1.12816e+11 
0.12 1.0045 -2.2955 -0.173474 -1.64013 -3.2045 1.78917e+06 3.12802e+14 8.34941e-05 0.000306805 2.39342e-17 1.53759e-08 20122.2 0 0 4.99518e-13 0 0 0.000312981 0 0 0 0 0 0 1.12931e+11 1.12931e+11 1.12931e+11 1.12931e+11 
0.1205 1.00551 -2.29449 -0.17243 -1.63911 -3.20551 1.79173e+06 3.1269e+14 8.34951e-05 0.000306777 2.39688e-17 1.53691e-08 20130.3 0 0 5.00417e-13 0 0 0.000312981 0 0 0 0 0 0 1.13044e+11 1.13044e+11 1.13044e+11 1.13044e+11 
0.121 1.00652 -2.29348 -0.171386 -1.63809 -3.20652 1.7943e+06 3.12578e+14 8.3496e-05 0.00030675 2.40034e-17 1.53622e-08 20138.4 0 0 5.01318e-13 0 0 0.000312981 0 0 0 0 0 0 1.13158e+11 1.13158e+11 1.13158e+11 1.13158e+11 
0.1215 1.00752 -2.29248 -0.170342 -1.63707 -3.20752 1.79687e+06 3.12466e+14 8.3497e-05 0.000306722 2.4038e-17 1.53553e-08 20146.4 0 0 5.0222e-13 0 0 0.000312981 0 0 0 0 0 0 1.13271e+11 1.13271e+11 1.13271e+11 1.13271e+11 
0.122 1.00853 -2.29147 -0.169297 -1.63605 -3.20853 1.79944e+06 3.12353e+14 8.3498e-05 0.000306694 2.40726e-17 1.53483e-08 20154.5 0 0 5.03122e-13 0 0 0.000312981 0 0 0 0 0 0 1.13384e+11 1.13384e+11 1.13384e+11 1.13384e+11 
0.1225 1.00954 -2.29046 -0.168252 -1.63503 -3.20954 1.80201e+06 3.1224e+14 8.34989e-05 0.000306665 2.41073e-17 1.53413e-08 20162.6 0 0 5.04026e-13 0 0 0.000312981 0 0 0 0 0 0 1.13497e+11 1.13497e+11 1.13497e+11 1.13497e+11 
0.123 1.01055 -2.28945 -0.167206 -1.63401 -3.21055 1.80458e+06 3.12126e+14 8.34999e-05 0.000306637 2.4142e-17 1.53343e-08 20170.7 0 0 5.0493e-13 0 0 0.000312981 0 0 0 0 0 0 1.1361e+11 1.1361e+11 1.1361e+11 1.1361e+11 
0.1235 1.01155 -2.28845 -0.16616 -1.63299 -3.21155 1.80715e+06 3.12011e+14 8.35008e-05 0.000306609 2.41767e-17 1.53273e-08 20178.7 0 0 5.05835e-13 0 0 0.000312981 0 0 0 0 0 0 1.13722e+11 1.13722e+11 1.13722e+11 1.13722e+11 
0.124 1.01256 -2.28744 -0.165114 -1.63197 -3.21256 1.80972e+06 3.11896e+14 8.35018e-05 0.00030658 2.42114e-17 1.53202e-08 20186.8 0 0 5.06741e-13 0 0 0.000312981 0 0 0 0 0 0 1.13834e+11 1.13834e+11 1.13834e+11 1.13834e+11 
0.1245 1.01357 -2.28643 -0.164067 -1.63095 -3.21357 1.8123e+06 3.1178e+14 8.35028e-05 0.000306551 2.42461e-17 1.53131e-08 20194.8 0 0 5.07648e-13 0 0 0.000312981 0 0 0 0 0 0 1.13945e+11 1.13945e+11 1.13945e+11 1.13945e+11 
0.125 1.01458 -2.28542 -0.16302 -1.62993 -3.21458 1.81488e+06 3.11664e+14 8.35037e-05 0.000306522 2.42809e-17 1.53059e-08 20202.9 0 0 5.08556e-13 0 0 0.000312981 0 0 0 0 0 0 1.14057e+11 1.14057e+11 1.14057e+11 1.14057e+11 
0.1255 1.01559 -2.28441 -0.161973 -1.62891 -3.21559 1.81746e+06 3.11547e+14 8.35047e-05 0.000306493 2.43157e-17 1.52987e-08 20211 0 0 5.09465e-13 0 0 0.000312981 0 0 0 0 0 0 1.14168e+11 1.14168e+11 1.14168e+11 1.14168e+11 
0.126 1.0166 -2.2834 -0.160925 -1.62788 -3.2166 1.82004e+06 3.11429e+14 8.35056e-05 0.000306464 2.43505e-17 1.52914e-08 20219 0 0 5.10374e-13 0 0 0.000312981 0 0 0 0 0 0 1.14278e+11 1.14278e+11 1.14278e+11 1.14278e+11 
0.1265 1.01762 -2.28238 -0.159877 -1.62686 -3.21762 1.82262e+06 3.1131e+14 8.35066e-05 0.000306434 2.43853e-17 1.52841e-08 20227.1 0 0 5.11285e-13 0 0 0.000312981 0 0 0 0 0 0 1.14388e+11 1.14388e+11 1.14388e+11 1.14388e+11 
0.127 1.01863 -2.28137 -0.158828 -1.62583 -3.21863 1.8252e+06 3.11191e+14 8.35076e-05 0.000306404 2.44201e-17 1.52768e-08 20235.1 0 0 5.12196e-13 0 0 0.000312981 0 0 0 0 0 0 1.14498e+11 1.14498e+11 1.14498e+11 1.14498e+11 
0.1275 1.01964 -2.28036 -0.157779 -1.62481 -3.21964 1.82779e+06 3.1107e+14 8.35085e-05 0.000306374 2.4455e-17 1.52694e-08 20243.2 0 0 5.13108e-13 0 0 0.000312981 0 0 0 0 0 0 1.14607e+11 1.14607e+11 1.14607e+11 1.14607e+11 
0.128 1.02065 -2.27935 -0.15673 -1.62378 -3.22065 1.83037e+06 3.10949e+14 8.35095e-05 0.000306344 2.44899e-17 1.52619e-08 20251.2 0 0 5.14022e-13 0 0 0.000312981 0 0 0 0 0 0 1.14716e+11 1.14716e+11 1.14716e+11 1.14716e+11 
0.1285 1.02166 -2.27834 -0.155681 -1.62276 -3.22166 1.83296e+06 3.10827e+14 8.35104e-05 0.000306314 2.45248e-17 1.52544e-08 20259.2 0 0 5.14936e-13 0 0 0.000312981 0 0 0 0 0 0 1.14824e+11 1.14824e+11 1.14824e+11 1.14824e+11 
0.129 1.02268 -2.27732 -0.154631 -1.62173 -3.22268 1.83555e+06 3.10704e+14 8.35114e-05 0.000306283 2.45597e-17 1.52469e-08 20267.3 0 0 5.1585e-13 0 0 0.000312981 0 0 0 0 0 0 1.14932e+11 1.14932e+11 1.14932e+11 1.14932e+11 
0.1295 1.02369 -2.27631 -0.15358 -1.62071 -3.22369 1.83814e+06 3.1058e+14 8.35124e-05 0.000306252 2.45946e-17 1.52393e-08 20275.3 0 0 5.16766e-13 0 0 0.000312981 0 0 0 0 0 0 1.1504e+11 1.1504e+11 1.1504e+11 1.1504e+11 
0.13 1.02471 -2.27529 -0.152529 -1.61968 -3.22471 1.84073e+06 3.10455e+14 8.35133e-05 0.000306221 2.46296e-17 1.52316e-08 20283.3 0 0 5.17683e-13 0 0 0.000312981 0 0 0 0 0 0 1.15147e+11 1.15147e+11 1.15147e+11 1.15147e+11 
0.1305 1.02572 -2.27428 -0.151478 -1.61865 -3.22572 1.84332e+06 3.10329e+14 8.35143e-05 0.000306189 2.46646e-17 1.52238e-08 20291.3 0 0 5.186e-13 0 0 0.000312981 0 0 0 0 0 0 1.15253e+11 1.15253e+11 1.15253e+11 1.15253e+11 
0.131 1.02673 -2.27327 -0.150427 -1.61762 -3.22673 1.84592e+06 3.10202e+14 8.35152e-05 0.000306158 2.46996e-17 1.5216e-08 20299.4 0 0 5.19518e-13 0 0 0.000312981 0 0 0 0 0 0 1.15359e+11 1.15359e+11 1.15359e+11 1.15359e+11 
0.1315 1.02775 -2.27225 -0.149375 -1.61659 -3.22775 1.84851e+06 3.10074e+14 8.35162e-05 0.000306126 2.47346e-17 1.52081e-08 20307.4 0 0 5.20437e-13 0 0 0.000312981 0 0 0 0 0 0 1.15464e+11 1.15464e+11 1.15464e+11 1.15464e+11 
0.132 1.02876 -2.27124 -0.148323 -1.61557 -3.22876 1.85111e+06 3.09944e+14 8.35171e-05 0.000306093 2.47696e-17 1.52001e-08 20315.4 0 0 5.21357e-13 0 0 0.000312981 0 0 0 0 0 0 1.15568e+11 1.15568e+11 1.15568e+11 1.15568e+11 
0.1325 1.02978 -2.27022 -0.14727 -1.61454 -3.22978 1.85371e+06 3.09813e+14 8.35181e-05 0.00030606 2.48047e-17 1.51921e-08 20323.4 0 0 5.22278e-13 0 0 0.000312981 0 0 0 0 0 0 1.15672e+11 1.15672e+11 1.15672e+11 1.15672e+11 
0.133 1.0308 -2.2692 -0.146217 -1.61351 -3.2308 1.85631e+06 3.09681e+14 8.3519e-05 0.000306027 2.48397e-17 1.5184e-08 20331.4 0 0 5.232e-13 0 0 0.000312981 0 0 0 0 0 0 1.15776e+11 1.15776e+11 1.15776e+11 1.15776e+11 
0.1335 1.03181 -2.26819 -0.145164 -1.61247 -3.23181 1.85891e+06 3.09547e+14 8.352e-05 0.000305994 2.48748e-17 1.51757e-08 20339.4 0 0 5.24122e-13 0 0 0.000312981 0 0 0 0 0 0 1.15878e+11 1.15878e+11 1.15878e+11 1.15878e+11 
0.134 1.03283 -2.26717 -0.14411 -1.61144 -3.23283 1.86151e+06 3.09412e+14 8.35209e-05 0.00030596 2.49099e-17 1.51674e-08 20347.4 0 0 5.25045e-13 0 0 0.000312981 0 0 0 0 0 0 1.1598e+11 1.1598e+11 1.1598e+11 1.1598e+11 
0.1345 1.03385 -2.26615 -0.143056 -1.61041 -3.23385 1.86411e+06 3.09276e+14 8.35219e-05 0.000305926 2.49451e-17 1.5159e-08 20355.4 0 0 5.25969e-13 0 0 0.000312981 0 0 0 0 0 0 1.16081e+11 1.16081e+11 1.16081e+11 1.16081e+11 
0.135 1.03487 -2.26513 -0.142002 -1.60938 -3.23487 1.86672e+06 3.09137e+14 8.35228e-05 0.000305891 2.49802e-17 1.51505e-08 20363.4 0 0 5.26894e-13 0 0 0.000312981 0 0 0 0 0 0 1.16181e+11 1.16181e+11 1.16181e+11 1.16181e+11 
0.1355 1.03589 -2.26411 -0.140947 -1.60834 -3.23589 1.86933e+06 3.08997e+14 8.35238e-05 0.000305856 2.50154e-17 1.51419e-08 20371.4 0 0 5.2782e-13 0 0 0.000312981 0 0 0 0 0 0 1.1628e+11 1.1628e+11 1.1628e+11 1.1628e+11 
0.136 1.0369 -2.2631 -0.139892 -1.60731 -3.2369 1.87193e+06 3.08856e+14 8.35247e-05 0.00030582 2.50506e-17 1.51332e-08 20379.4 0 0 5.28746e-13 0 0 0.000312981 0 0 0 0 0 0 1.16379e+11 1.16379e+11 1.16379e+11 1.16379e+11 
0.1365 1.03792 -2.26208 -0.138836 -1.60628 -3.23792 1.87454e+06 3.08712e+14 8.35257e-05 0.000305784 2.50858e-17 1.51244e-08 20387.4 0 0 5.29673e-13 0 0 0.000312981 0 0 0 0 0 0 1.16477e+11 1.16477e+11 1.16477e+11 1.16477e+11 
0.137 1.03894 -2.26106 -0.13778 -1.60524 -3.23894 1.87715e+06 3.08567e+14 8.35266e-05 0.000305747 2.5121e-17 1.51155e-08 20395.3 0 0 5.30601e-13 0 0 0.000312981 0 0 0 0 0 0 1.16573e+11 1.16573e+11 1.16573e+11 1.16573e+11 
0.1375 1.03996 -2.26004 -0.136724 -1.60421 -3.23996 1.87977e+06 3.08419e+14 8.35276e-05 0.00030571 2.51562e-17 1.51064e-08 20403.3 0 0 5.3153e-13 0 0 0.000312981 0 0 0 0 0 0 1.16669e+11 1.16669e+11 1.16669e+11 1.16669e+11 
0.138 1.04098 -2.25902 -0.135667 -1.60317 -3.24098 1.88238e+06 3.0827e+14 8.35285e-05 0.000305673 2.51915e-17 1.50973e-08 20411.3 0 0 5.32459e-13 0 0 0.000312981 0 0 0 0 0 0 1.16763e+11 1.16763e+11 1.16763e+11 1.16763e+11 
0.1385 1.042 -2.258 -0.13461 -1.60213 -3.242 1.88499e+06 3.08118e+14 8.35295e-05 0.000305635 2.52268e-17 1.5088e-08 20419.3 0 0 5.33389e-13 0 0 0.000312981 0 0 0 0 0 0 1.16857e+11 1.16857e+11 1.16857e+11 1.16857e+11 
0.139 1.04302 -2.25698 -0.133553 -1.6011 -3.24302 1.88761e+06 3.07965e+14 8.35304e-05 0.000305596 2.52621e-17 1.50785e-08 20427.2 0 0 5.3432e-13 0 0 0.000312981 0 0 0 0 0 0 1.16949e+11 1.16949e+11 1.16949e+11 1.16949e+11 
0.1395 1.04405 -2.25595 -0.132495 -1.60006 -3.24405 1.89023e+06 3.07809e+14 8.35314e-05 0.000305556 2.52974e-17 1.50689e-08 20435.2 0 0 5.35252e-13 0 0 0.000312982 0 0 0 0 0 0 1.1704e+11 1.1704e+11 1.1704e+11 1.1704e+11 
0.14 1.04507 -2.25493 -0.131437 -1.59902 -3.24507 1.89285e+06 3.0765e+14 8.35323e-05 0.000305516 2.53327e-17 1.50592e-08 20443.1 0 0 5.36184e-13 0 0 0.000312982 0 0 0 0 0 0 1.1713e+11 1.1713e+11 1.1713e+11 1.1713e+11 
0.1405 1.04609 -2.25391 -0.130379 -1.59798 -3.24609 1.89547e+06 3.07489e+14 8.35333e-05 0.000305476 2.53681e-17 1.50493e-08 20451.1 0 0 5.37118e-13 0 0 0.000312982 0 0 0 0 0 0 1.17219e+11 1.17219e+11 1.17219e+11 1.17219e+11 
0.141 1.04711 -2.25289 -0.12932 -1.59694 -3.24711 1.89809e+06 3.07325e+14 8.35342e-05 0.000305434 2.54034e-17 1.50392e-08 20459 0 0 5.38051e-13 0 0 0.000312982 0 0 0 0 0 0 1.17306e+11 1.17306e+11 1.17306e+11 1.17306e+11 
0.1415 1.04814 -2.25186 -0.128261 -1.5959 -3.24814 1.90071e+06 3.07158e+14 8.35352e-05 0.000305392 2.54388e-17 1.5029e-08 20467 0 0 5.38986e-13 0 0 0.000312982 0 0 0 0 0 0 1.17392e+11 1.17392e+11 1.17392e+11 1.17392e+11 
0.142 1.04916 -2.25084 -0.127201 -1.59486 -3.24916 1.90333e+06 3.06989e+14 8.35361e-05 0.000305349 2.54742e-17 1.50186e-08 20474.9 0 0 5.39921e-13 0 0 0.000312982 0 0 0 0 0 0 1.17477e+11 1.17477e+11 1.17477e+11 1.17477e+11 
0.1425 1.05018 -2.24982 -0.126141 -1.59381 -3.25018 1.90596e+06 3.06816e+14 8.35371e-05 0.000305306 2.55096e-17 1.5008e-08 20482.8 0 0 5.40857e-13 0 0 0.000312982 0 0 0 0 0 0 1.1756e+11 1.1756e+11 1.1756e+11 1.1756e+11 
0.143 1.05121 -2.24879 -0.125081 -1.59277 -3.25121 1.90858e+06 3.06641e+14 8.3538e-05 0.000305261 2.5545e-17 1.49973e-08 20490.8 0 0 5.41794e-13 0 0 0.000312982 0 0 0 0 0 0 1.17641e+11 1.17641e+11 1.17641e+11 1.17641e+11 
0.1435 1.05223 -2.24777 -0.12402 -1.59173 -3.25223 1.91121e+06 3.06462e+14 8.35389e-05 0.000305216 2.55805e-17 1.49863e-08 20498.7 0 0 5.42731e-13 0 0 0.000312982 0 0 0 0 0 0 1.17721e+11 1.17721e+11 1.17721e+11 1.17721e+11 
0.144 1.05326 -2.24674 -0.122959 -1.59068 -3.25326 1.91384e+06 3.0628e+14 8.35399e-05 0.00030517 2.56159e-17 1.49751e-08 20506.6 0 0 5.43668e-13 0 0 0.000312982 0 0 0 0 0 0 1.17799e+11 1.17799e+11 1.17799e+11 1.17799e+11 
0.1445 1.05428 -2.24572 -0.121898 -1.58964 -3.25428 1.91646e+06 3.06094e+14 8.35408e-05 0.000305123 2.56514e-17 1.49637e-08 20514.5 0 0 5.44607e-13 0 0 0.000312982 0 0 0 0 0 0 1.17875e+11 1.17875e+11 1.17875e+11 1.17875e+11 
0.145 1.05531 -2.24469 -0.120836 -1.58859 -3.25531 1.91909e+06 3.05904e+14 8.35418e-05 0.000305075 2.56869e-17 1.49521e-08 20522.4 0 0 5.45546e-13 0 0 0.000312982 0 0 0 0 0 0 1.1795e+11 1.1795e+11 1.1795e+11 1.1795e+11 
0.1455 1.05634 -2.24366 -0.119774 -1.58754 -3.25634 1.92173e+06 3.05711e+14 8.35427e-05 0.000305025 2.57224e-17 1.49402e-08 20530.3 0 0 5.46485e-13 0 0 0.000312982 0 0 0 0 0 0 1.18022e+11 1.18022e+11 1.18022e+11 1.18022e+11 
0.146 1.05736 -2.24264 -0.118711 -1.5865 -3.25736 1.92436e+06 3.05513e+14 8.35436e-05 0.000304975 2.57579e-17 1.49281e-08 20538.2 0 0 5.47426e-13 0 0 0.000312982 0 0 0 0 0 0 1.18092e+11 1.18092e+11 1.18092e+11 1.18092e+11 
0.1465 1.05839 -2.24161 -0.117649 -1.58545 -3.25839 1.92699e+06 3.05311e+14 8.35446e-05 0.000304924 2.57935e-17 1.49157e-08 20546.1 0 0 5.48366e-13 0 0 0.000312982 0 0 0 0 0 0 1.1816e+11 1.1816e+11 1.1816e+11 1.1816e+11 
0.147 1.05942 -2.24058 -0.116585 -1.5844 -3.25942 1.92963e+06 3.05105e+14 8.35455e-05 0.000304872 2.5829e-17 1.49031e-08 20554 0 0 5.49307e-13 0 0 0.000312982 0 0 0 0 0 0 1.18226e+11 1.18226e+11 1.18226e+11 1.18226e+11 
0.1475 1.06045 -2.23955 -0.115522 -1.58335 -3.26045 1.93226e+06 3.04895e+14 8.35465e-05 0.000304818 2.58646e-17 1.48902e-08 20561.9 0 0 5.50249e-13 0 0 0.000312982 0 0 0 0 0 0 1.1829e+11 1.1829e+11 1.1829e+11 1.1829e+11 
0.148 1.06147 -2.23853 -0.114458 -1.5823 -3.26147 1.9349e+06 3.04679e+14 8.35474e-05 0.000304763 2.59002e-17 1.4877e-08 20569.8 0 0 5.51191e-13 0 0 0.000312982 0 0 0 0 0 0 1.18351e+11 1.18351e+11 1.18351e+11 1.18351e+11 
0.1485 1.0625 -2.2375 -0.113394 -1.58124 -3.2625 1.93753e+06 3.04459e+14 8.35483e-05 0.000304707 2.59357e-17 1.48635e-08 20577.7 0 0 5.52134e-13 0 0 0.000312982 0 0 0 0 0 0 1.1841e+11 1.1841e+11 1.1841e+11 1.1841e+11 
0.149 1.06353 -2.23647 -0.112329 -1.58019 -3.26353 1.94017e+06 3.04233e+14 8.35493e-05 0.000304649 2.59713e-17 1.48497e-08 20585.5 0 0 5.53077e-13 0 0 0.000312982 0 0 0 0 0 0 1.18466e+11 1.18466e+11 1.18466e+11 1.18466e+11 
0.1495 1.06456 -2.23544 -0.111264 -1.57914 -3.26456 1.94281e+06 3.04002e+14 8.35502e-05 0.00030459 2.6007e-17 1.48355e-08 20593.4 0 0 5.54021e-13 0 0 0.000312982 0 0 0 0 0 0 1.18519e+11 1.18519e+11 1.18519e+11 1.18519e+11 
0.15 1.06559 -2.23441 -0.110199 -1.57808 -3.26559 1.94545e+06 3.03765e+14 8.35511e-05 0.00030453 2.60426e-17 1.4821e-08 20601.2 0 0 5.54965e-13 0 0 0.000312982 0 0 0 0 0 0 1.1857e+11 1.1857e+11 1.1857e+11 1.1857e+11 
0.1505 1.06662 -2.23338 -0.109133 -1.57702 -3.26662 1.94809e+06 3.03523e+14 8.35521e-05 0.000304468 2.60782e-17 1.48062e-08 20609.1 0 0 5.55909e-13 0 0 0.000312982 0 0 0 0 0 0 1.18617e+11 1.18617e+11 1.18617e+11 1.18617e+11 
0.151 1.06765 -2.23235 -0.108067 -1.57597 -3.26765 1.95073e+06 3.03274e+14 8.3553e-05 0.000304404 2.61139e-17 1.4791e-08 20616.9 0 0 5.56854e-13 0 0 0.000312982 0 0 0 0 0 0 1.18662e+11 1.18662e+11 1.18662e+11 1.18662e+11 
0.1515 1.06868 -2.23132 -0.107001 -1.57491 -3.26868 1.95337e+06 3.03019e+14 8.3554e-05 0.000304339 2.61495e-17 1.47753e-08 20624.8 0 0 5.57799e-13 0 0 0.000312982 0 0 0 0 0 0 1.18703e+11 1.18703e+11 1.18703e+11 1.18703e+11 
0.152 1.06971 -2.23029 -0.105934 -1.57385 -3.26971 1.95601e+06 3.02757e+14 8.35549e-05 0.000304272 2.61852e-17 1.47593e-08 20632.6 0 0 5.58745e-13 0 0 0.000312982 0 0 0 0 0 0 1.1874e+11 1.1874e+11 1.1874e+11 1.1874e+11 
0.1525 1.07075 -2.22925 -0.104867 -1.57279 -3.27075 1.95866e+06 3.02489e+14 8.35558e-05 0.000304203 2.62209e-17 1.47429e-08 20640.4 0 0 5.59691e-13 0 0 0.000312982 0 0 0 0 0 0 1.18774e+11 1.18774e+11 1.18774e+11 1.18774e+11 
0.153 1.07178 -2.22822 -0.1038 -1.57172 -3.27178 1.9613e+06 3.02213e+14 8.35567e-05 0.000304132 2.62565e-17 1.4726e-08 20648.2 0 0 5.60637e-13 0 0 0.000312982 0 0 0 0 0 0 1.18805e+11 1.18805e+11 1.18805e+11 1.18805e+11 
0.1535 1.07281 -2.22719 -0.102732 -1.57066 -3.27281 1.96394e+06 3.01929e+14 8.35577e-05 0.000304059 2.62922e-17 1.47087e-08 20656.1 0 0 5.61583e-13 0 0 0.000312982 0 0 0 0 0 0 1.18831e+11 1.18831e+11 1.18831e+11 1.18831e+11 
0.154 1.07384 -2.22616 -0.101664 -1.5696 -3.27384 1.96659e+06 3.01638e+14 8.35586e-05 0.000303984 2.63279e-17 1.46909e-08 20663.9 0 0 5.62529e-13 0 0 0.000312982 0 0 0 0 0 0 1.18854e+11 1.18854e+11 1.18854e+11 1.18854e+11 
0.1545 1.07488 -2.22512 -0.100595 -1.56853 -3.27488 1.96923e+06 3.01338e+14 8.35595e-05 0.000303907 2.63636e-17 1.46726e-08 20671.6 0 0 5.63476e-13 0 0 0.000312982 0 0 0 0 0 0 1.18872e+11 1.18872e+11 1.18872e+11 1.18872e+11 
0.155 1.07591 -2.22409 -0.0995263 -1.56746 -3.27591 1.97188e+06 3.0103e+14 8.35605e-05 0.000303828 2.63993e-17 1.46537e-08 20679.4 0 0 5.64422e-13 0 0 0.000312982 0 0 0 0 0 0 1.18886e+11 1.18886e+11 1.18886e+11 1.18886e+11 
0.1555 1.07695 -2.22305 -0.0984571 -1.5664 -3.27695 1.97453e+06 3.00713e+14 8.35614e-05 0.000303746 2.64351e-17 1.46344e-08 20687.2 0 0 5.65369e-13 0 0 0.000312982 0 0 0 0 0 0 1.18895e+11 1.18895e+11 1.18895e+11 1.18895e+11 
0.156 1.07798 -2.22202 -0.0973876 -1.56533 -3.27798 1.97717e+06 3.00387e+14 8.35623e-05 0.000303662 2.64708e-17 1.46144e-08 20695 0 0 5.66316e-13 0 0 0.000312982 0 0 0 0 0 0 1.189e+11 1.189e+11 1.189e+11 1.189e+11 
0.1565 1.07901 -2.22099 -0.0963177 -1.56425 -3.27901 1.97982e+06 3.00051e+14 8.35632e-05 0.000303575 2.65065e-17 1.45939e-08 20702.7 0 0 5.67263e-13 0 0 0.000312982 0 0 0 0 0 0 1.189e+11 1.189e+11 1.189e+11 1.189e+11 
0.157 1.08005 -2.21995 -0.0952475 -1.56318 -3.28005 1.98247e+06 2.99705e+14 8.35642e-05 0.000303486 2.65422e-17 1.45728e-08 20710.5 0 0 5.6821e-13 0 0 0.000312982 0 0 0 0 0 0 1.18894e+11 1.18894e+11 1.18894e+11 1.18894e+11 
0.1575 1.08109 -2.21891 -0.0941769 -1.56211 -3.28109 1.98511e+06 2.99348e+14 8.35651e-05 0.000303394 2.6578e-17 1.4551e-08 20718.2 0 0 5.69157e-13 0 0 0.000312982 0 0 0 0 0 0 1.18883e+11 1.18883e+11 1.18883e+11 1.18883e+11 
0.158 1.08212 -2.21788 -0.093106 -1.56103 -3.28212 1.98776e+06 2.98981e+14 8.3566e-05 0.000303299 2.66137e-17 1.45286e-08 20726 0 0 5.70103e-13 0 0 0.000312982 0 0 0 0 0 0 1.18867e+11 1.18867e+11 1.18867e+11 1.18867e+11 
0.1585 1.08316 -2.21684 -0.0920348 -1.55995 -3.28316 1.99041e+06 2.98602e+14 8.35669e-05 0.000303201 2.66494e-17 1.45055e-08 20733.7 0 0 5.7105e-13 0 0 0.000312982 0 0 0 0 0 0 1.18844e+11 1.18844e+11 1.18844e+11 1.18844e+11 
0.159 1.0842 -2.2158 -0.0909632 -1.55887 -3.2842 1.99305e+06 2.98211e+14 8.35679e-05 0.000303099 2.66852e-17 1.44817e-08 20741.4 0 0 5.71996e-13 0 0 0.000312982 0 0 0 0 0 0 1.18815e+11 1.18815e+11 1.18815e+11 1.18815e+11 
0.1595 1.08523 -2.21477 -0.0898913 -1.55779 -3.28523 1.9957e+06 2.97807e+14 8.35688e-05 0.000302994 2.67209e-17 1.44571e-08 20749.1 0 0 5.72942e-13 0 0 0.000312982 0 0 0 0 0 0 1.1878e+11 1.1878e+11 1.1878e+11 1.1878e+11 
0.16 1.08627 -2.21373 -0.088819 -1.55671 -3.28627 1.99835e+06 2.97391e+14 8.35697e-05 0.000302886 2.67566e-17 1.44317e-08 20756.8 0 0 5.73888e-13 0 0 0.000312982 0 0 0 0 0 0 1.18739e+11 1.18739e+11 1.18739e+11 1.18739e+11 
0.1605 1.08731 -2.21269 -0.0877465 -1.55562 -3.28731 2.00099e+06 2.96961e+14 8.35706e-05 0.000302774 2.67923e-17 1.44055e-08 20764.5 0 0 5.74833e-13 0 0 0.000312982 0 0 0 0 0 0 1.1869e+11 1.1869e+11 1.1869e+11 1.1869e+11 
0.161 1.08835 -2.21165 -0.0866735 -1.55453 -3.28835 2.00364e+06 2.96517e+14 8.35715e-05 0.000302659 2.68281e-17 1.43785e-08 20772.2 0 0 5.75778e-13 0 0 0.000312982 0 0 0 0 0 0 1.18634e+11 1.18634e+11 1.18634e+11 1.18634e+11 
0.1615 1.08939 -2.21061 -0.0856003 -1.55344 -3.28939 2.00628e+06 2.96058e+14 8.35724e-05 0.000302539 2.68638e-17 1.43506e-08 20779.8 0 0 5.76723e-13 0 0 0.000312982 0 0 0 0 0 0 1.1857e+11 1.1857e+11 1.1857e+11 1.1857e+11 
0.162 1.09042 -2.20958 -0.0845267 -1.55235 -3.29042 2.00893e+06 2.95584e+14 8.35734e-05 0.000302416 2.68995e-17 1.43217e-08 20787.5 0 0 5.77667e-13 0 0 0.000312982 0 0 0 0 0 0 1.18499e+11 1.18499e+11 1.18499e+11 1.18499e+11 
0.1625 1.09146 -2.20854 -0.0834528 -1.55126 -3.29146 2.01157e+06 2.95093e+14 8.35743e-05 0.000302288 2.69352e-17 1.42919e-08 20795.1 0 0 5.7861e-13 0 0 0.000312982 0 0 0 0 0 0 1.18419e+11 1.18419e+11 1.18419e+11 1.18419e+11 
0.163 1.0925 -2.2075 -0.0823785 -1.55016 -3.2925 2.01422e+06 2.94586e+14 8.35752e-05 0.000302155 2.69709e-17 1.42611e-08 20802.7 0 0 5.79553e-13 0 0 0.000312982 0 0 0 0 0 0 1.1833e+11 1.1833e+11 1.1833e+11 1.1833e+11 
0.1635 1.09354 -2.20646 -0.081304 -1.54906 -3.29354 2.01686e+06 2.94062e+14 8.35761e-05 0.000302018 2.70066e-17 1.42292e-08 20810.3 0 0 5.80495e-13 0 0 0.000312982 0 0 0 0 0 0 1.18233e+11 1.18233e+11 1.18233e+11 1.18233e+11 
0.164 1.09458 -2.20542 -0.0802291 -1.54796 -3.29458 2.0195e+06 2.93519e+14 8.3577e-05 0.000301876 2.70422e-17 1.41963e-08 20817.9 0 0 5.81436e-13 0 0 0.000312982 0 0 0 0 0 0 1.18126e+11 1.18126e+11 1.18126e+11 1.18126e+11 
0.1645 1.09563 -2.20437 -0.0791539 -1.54686 -3.29563 2.02214e+06 2.92958e+14 8.35779e-05 0.000301728 2.70779e-17 1.41622e-08 20825.5 0 0 5.82376e-13 0 0 0.000312982 0 0 0 0 0 0 1.18009e+11 1.18009e+11 1.18009e+11 1.18009e+11 
0.165 1.09667 -2.20333 -0.0780783 -1.54575 -3.29667 2.02478e+06 2.92376e+14 8.35788e-05 0.000301576 2.71135e-17 1.4127e-08 20833.1 0 0 5.83315e-13 0 0 0.000312982 0 0 0 0 0 0 1.17882e+11 1.17882e+11 1.17882e+11 1.17882e+11 
0.1655 1.09771 -2.20229 -0.0770025 -1.54464 -3.29771 2.02742e+06 2.91774e+14 8.35797e-05 0.000301417 2.71492e-17 1.40905e-08 20840.6 0 0 5.84254e-13 0 0 0.000312982 0 0 0 0 0 0 1.17745e+11 1.17745e+11 1.17745e+11 1.17745e+11 
0.166 1.09875 -2.20125 -0.0759263 -1.54353 -3.29875 2.03006e+06 2.91151e+14 8.35806e-05 0.000301253 2.71848e-17 1.40527e-08 20848.2 0 0 5.85191e-13 0 0 0.000312982 0 0 0 0 0 0 1.17596e+11 1.17596e+11 1.17596e+11 1.17596e+11 
0.1665 1.09979 -2.20021 -0.0748498 -1.54242 -3.29979 2.03269e+06 2.90505e+14 8.35815e-05 0.000301083 2.72204e-17 1.40136e-08 20855.7 0 0 5.86127e-13 0 0 0.000312982 0 0 0 0 0 0 1.17436e+11 1.17436e+11 1.17436e+11 1.17436e+11 
0.167 1.10084 -2.19916 -0.0737731 -1.5413 -3.30084 2.03533e+06 2.89835e+14 8.35824e-05 0.000300906 2.72559e-17 1.39731e-08 20863.2 0 0 5.87061e-13 0 0 0.000312982 0 0 0 0 0 0 1.17263e+11 1.17263e+11 1.17263e+11 1.17263e+11 
0.1675 1.10188 -2.19812 -0.072696 -1.54018 -3.30188 2.03796e+06 2.89141e+14 8.35833e-05 0.000300722 2.72915e-17 1.39311e-08 20870.7 0 0 5.87994e-13 0 0 0.000312982 0 0 0 0 0 0 1.17078e+11 1.17078e+11 1.17078e+11 1.17078e+11 
0.168 1.10292 -2.19708 -0.0716186 -1.53905 -3.30292 2.04059e+06 2.88421e+14 8.35842e-05 0.000300532 2.7327e-17 1.38876e-08 20878.1 0 0 5.88926e-13 0 0 0.000312982 0 0 0 0 0 0 1.1688e+11 1.1688e+11 1.1688e+11 1.1688e+11 
0.1685 1.10397 -2.19603 -0.0705408 -1.53792 -3.30397 2.04322e+06 2.87675e+14 8.35851e-05 0.000300334 2.73625e-17 1.38426e-08 20885.6 0 0 5.89856e-13 0 0 0.000312982 0 0 0 0 0 0 1.16668e+11 1.16668e+11 1.16668e+11 1.16668e+11 
0.169 1.10501 -2.19499 -0.0694628 -1.53679 -3.30501 2.04584e+06 2.86901e+14 8.3586e-05 0.000300128 2.73979e-17 1.37959e-08 20893 0 0 5.90784e-13 0 0 0.000312982 0 0 0 0 0 0 1.16441e+11 1.16441e+11 1.16441e+11 1.16441e+11 
0.1695 1.10606 -2.19394 -0.0683845 -1.53565 -3.30606 2.04847e+06 2.86098e+14 8.35869e-05 0.000299915 2.74334e-17 1.37475e-08 20900.4 0 0 5.91711e-13 0 0 0.000312982 0 0 0 0 0 0 1.162e+11 1.162e+11 1.162e+11 1.162e+11 
0.17 1.1071 -2.1929 -0.0673059 -1.53451 -3.3071 2.05109e+06 2.85265e+14 8.35878e-05 0.000299692 2.74687e-17 1.36973e-08 20907.8 0 0 5.92635e-13 0 0 0.000312982 0 0 0 0 0 0 1.15942e+11 1.15942e+11 1.15942e+11 1.15942e+11 
0.1705 1.10815 -2.19185 -0.066227 -1.53337 -3.30815 2.05371e+06 2.844e+14 8.35887e-05 0.000299461 2.75041e-17 1.36452e-08 20915.1 0 0 5.93557e-13 0 0 0.000312982 0 0 0 0 0 0 1.15669e+11 1.15669e+11 1.15669e+11 1.15669e+11 
0.171 1.10919 -2.19081 -0.0651479 -1.53222 -3.30919 2.05632e+06 2.83502e+14 8.35896e-05 0.000299221 2.75394e-17 1.35912e-08 20922.5 0 0 5.94477e-13 0 0 0.000312982 0 0 0 0 0 0 1.15378e+11 1.15378e+11 1.15378e+11 1.15378e+11 
0.1715 1.11024 -2.18976 -0.0640684 -1.53107 -3.31024 2.05893e+06 2.82569e+14 8.35905e-05 0.000298971 2.75747e-17 1.35352e-08 20929.8 0 0 5.95395e-13 0 0 0.000312982 0 0 0 0 0 0 1.1507e+11 1.1507e+11 1.1507e+11 1.1507e+11 
0.172 1.11129 -2.18871 -0.0629887 -1.52991 -3.31129 2.06154e+06 2.816e+14 8.35914e-05 0.000298711 2.76099e-17 1.34771e-08 20937.1 0 0 5.9631e-13 0 0 0.000312982 0 0 0 0 0 0 1.14743e+11 1.14743e+11 1.14743e+11 1.14743e+11 
0.1725 1.11233 -2.18767 -0.0619086 -1.52874 -3.31233 2.06415e+06 2.80594e+14 8.35922e-05 0.00029844 2.76451e-17 1.34167e-08 20944.4 0 0 5.97223e-13 0 0 0.000312982 0 0 0 0 0 0 1.14397e+11 1.14397e+11 1.14397e+11 1.14397e+11 
0.173 1.11338 -2.18662 -0.0608283 -1.52758 -3.31338 2.06675e+06 2.79549e+14 8.35931e-05 0.000298158 2.76803e-17 1.33541e-08 20951.6 0 0 5.98132e-13 0 0 0.000312982 0 0 0 0 0 0 1.1403e+11 1.1403e+11 1.1403e+11 1.1403e+11 
0.1735 1.11443 -2.18557 -0.0597478 -1.5264 -3.31443 2.06935e+06 2.78462e+14 8.3594e-05 0.000297865 2.77153e-17 1.32891e-08 20958.8 0 0 5.99039e-13 0 0 0.000312982 0 0 0 0 0 0 1.13643e+11 1.13643e+11 1.13643e+11 1.13643e+11 
0.174 1.11548 -2.18452 -0.0586669 -1.52522 -3.31548 2.07194e+06 2.77333e+14 8.35949e-05 0.000297559 2.77504e-17 1.32216e-08 20966 0 0 5.99942e-13 0 0 0.000312982 0 0 0 0 0 0 1.13233e+11 1.13233e+11 1.13233e+11 1.13233e+11 
0.1745 1.11653 -2.18347 -0.0575859 -1.52403 -3.31653 2.07453e+06 2.76159e+14 8.35957e-05 0.00029724 2.77853e-17 1.31515e-08 20973.2 0 0 6.00842e-13 0 0 0.000312982 0 0 0 0 0 0 1.128e+11 1.128e+11 1.128e+11 1.128e+11 
0.175 1.11757 -2.18243 -0.0565045 -1.52284 -3.31757 2.07712e+06 2.74938e+14 8.35966e-05 0.000296908 2.78202e-17 1.30787e-08 20980.3 0 0 6.01739e-13 0 0 0.000312982 0 0 0 0 0 0 1.12344e+11 1.12344e+11 1.12344e+11 1.12344e+11 
0.1755 1.11862 -2.18138 -0.0554229 -1.52164 -3.31862 2.0797e+06 2.73668e+14 8.35975e-05 0.000296561 2.78551e-17 1.30031e-08 20987.4 0 0 6.02632e-13 0 0 0.000312982 0 0 0 0 0 0 1.11862e+11 1.11862e+11 1.11862e+11 1.11862e+11 
0.176 1.11967 -2.18033 -0.054341 -1.52043 -3.31967 2.08227e+06 2.72347e+14 8.35983e-05 0.0002962 2.78898e-17 1.29246e-08 20994.4 0 0 6.03521e-13 0 0 0.000312982 0 0 0 0 0 0 1.11354e+11 1.11354e+11 1.11354e+11 1.11354e+11 
0.1765 1.12072 -2.17928 -0.053259 -1.51922 -3.32072 2.08484e+06 2.70972e+14 8.35992e-05 0.000295823 2.79245e-17 1.2843e-08 21001.4 0 0 6.04405e-13 0 0 0.000312982 0 0 0 0 0 0 1.10819e+11 1.10819e+11 1.10819e+11 1.10819e+11 
0.177 1.12177 -2.17823 -0.0521766 -1.518 -3.32177 2.0874e+06 2.69542e+14 8.36e-05 0.000295429 2.79592e-17 1.27582e-08 21008.4 0 0 6.05286e-13 0 0 0.000312982 0 0 0 0 0 0 1.10255e+11 1.10255e+11 1.10255e+11 1.10255e+11 
0.1775 1.12282 -2.17718 -0.0510941 -1.51676 -3.32282 2.08996e+06 2.68053e+14 8.36009e-05 0.000295018 2.79937e-17 1.26701e-08 21015.4 0 0 6.06162e-13 0 0 0.000312982 0 0 0 0 0 0 1.09662e+11 1.09662e+11 1.09662e+11 1.09662e+11 
0.178 1.12388 -2.17612 -0.0500113 -1.51553 -3.32388 2.09251e+06 2.66504e+14 8.36017e-05 0.000294589 2.80281e-17 1.25785e-08 21022.3 0 0 6.07032e-13 0 0 0.000312982 0 0 0 0 0 0 1.09037e+11 1.09037e+11 1.09037e+11 1.09037e+11 
0.1785 1.12493 -2.17507 -0.0489283 -1.51428 -3.32493 2.09505e+06 2.6489e+14 8.36026e-05 0.00029414 2.80625e-17 1.24833e-08 21029.2 0 0 6.07898e-13 0 0 0.000312982 0 0 0 0 0 0 1.0838e+11 1.0838e+11 1.0838e+11 1.0838e+11 
0.179 1.12598 -2.17402 -0.047845 -1.51302 -3.32598 2.09759e+06 2.63209e+14 8.36034e-05 0.000293672 2.80967e-17 1.23844e-08 21036 0 0 6.08759e-13 0 0 0.000312982 0 0 0 0 0 0 1.07689e+11 1.07689e+11 1.07689e+11 1.07689e+11 
0.1795 1.12703 -2.17297 -0.0467616 -1.51175 -3.32703 2.10012e+06 2.61459e+14 8.36043e-05 0.000293182 2.81309e-17 1.22815e-08 21042.8 0 0 6.09614e-13 0 0 0.000312982 0 0 0 0 0 0 1.06963e+11 1.06963e+11 1.06963e+11 1.06963e+11 
0.18 1.12808 -2.17192 -0.045678 -1.51047 -3.32808 2.10264e+06 2.59635e+14 8.36051e-05 0.000292669 2.81649e-17 1.21745e-08 21049.5 0 0 6.10463e-13 0 0 0.000312982 0 0 0 0 0 0 1.062e+11 1.062e+11 1.062e+11 1.062e+11 
0.1805 1.12914 -2.17086 -0.0445941 -1.50918 -3.32914 2.10515e+06 2.57735e+14 8.36059e-05 0.000292133 2.81989e-17 1.20633e-08 21056.2 0 0 6.11305e-13 0 0 0.000312982 0 0 0 0 0 0 1.05399e+11 1.05399e+11 1.05399e+11 1.05399e+11 
0.181 1.13019 -2.16981 -0.0435101 -1.50787 -3.33019 2.10765e+06 2.55755e+14 8.36068e-05 0.000291572 2.82327e-17 1.19476e-08 21062.8 0 0 6.12141e-13 0 0 0.000312982 0 0 0 0 0 0 1.04557e+11 1.04557e+11 1.04557e+11 1.04557e+11 
0.1815 1.13124 -2.16876 -0.0424259 -1.50656 -3.33124 2.11015e+06 2.5369e+14 8.36076e-05 0.000290984 2.82664e-17 1.18272e-08 21069.4 0 0 6.12971e-13 0 0 0.000312982 0 0 0 0 0 0 1.03674e+11 1.03674e+11 1.03674e+11 1.03674e+11 
0.182 1.1323 -2.1677 -0.0413416 -1.50523 -3.3323 2.11263e+06 2.51538e+14 8.36084e-05 0.000290369 2.82999e-17 1.17021e-08 21075.9 0 0 6.13793e-13 0 0 0.000312982 0 0 0 0 0 0 1.02746e+11 1.02746e+11 1.02746e+11 1.02746e+11 
0.1825 1.13335 -2.16665 -0.0402571 -1.50388 -3.33335 2.1151e+06 2.49293e+14 8.36092e-05 0.000289724 2.83333e-17 1.15719e-08 21082.4 0 0 6.14607e-13 0 0 0.000312982 0 0 0 0 0 0 1.01773e+11 1.01773e+11 1.01773e+11 1.01773e+11 
0.183 1.1344 -2.1656 -0.0391724 -1.50252 -3.3344 2.11757e+06 2.46951e+14 8.361e-05 0.000289048 2.83666e-17 1.14365e-08 21088.8 0 0 6.15414e-13 0 0 0.000312982 0 0 0 0 0 0 1.00752e+11 1.00752e+11 1.00752e+11 1.00752e+11 
0.1835 1.13546 -2.16454 -0.0380875 -1.50115 -3.33546 2.12002e+06 2.44509e+14 8.36108e-05 0.000288338 2.83997e-17 1.12955e-08 21095.2 0 0 6.16212e-13 0 0 0.000312982 0 0 0 0 0 0 9.96807e+10 9.96807e+10 9.96807e+10 9.96807e+10 
0.184 1.13651 -2.16349 -0.0370026 -1.49975 -3.33651 2.12246e+06 2.41959e+14 8.36116e-05 0.000287594 2.84327e-17 1.11489e-08 21101.5 0 0 6.17002e-13 0 0 0.000312982 0 0 0 0 0 0 9.85575e+10 9.85575e+10 9.85575e+10 9.85575e+10 
0.1845 1.13757 -2.16243 -0.0359175 -1.49834 -3.33757 2.12489e+06 2.39299e+14 8.36124e-05 0.000286812 2.84655e-17 1.09963e-08 21107.7 0 0 6.17782e-13 0 0 0.000312982 0 0 0 0 0 0 9.73798e+10 9.73798e+10 9.73798e+10 9.73798e+10 
0.185 1.13862 -2.16138 -0.0348323 -1.4969 -3.33862 2.1273e+06 2.36521e+14 8.36132e-05 0.00028599 2.84981e-17 1.08375e-08 21113.8 0 0 6.18553e-13 0 0 0.000312982 0 0 0 0 0 0 9.61452e+10 9.61452e+10 9.61452e+10 9.61452e+10 
0.1855 1.13968 -2.16032 -0.033747 -1.49545 -3.33968 2.1297e+06 2.3362e+14 8.3614e-05 0.000285126 2.85305e-17 1.06723e-08 21119.9 0 0 6.19314e-13 0 0 0.000312982 0 0 0 0 0 0 9.48512e+10 9.48512e+10 9.48512e+10 9.48512e+10 
0.186 1.14074 -2.15926 -0.0326616 -1.49397 -3.34074 2.13209e+06 2.3059e+14 8.36148e-05 0.000284218 2.85628e-17 1.05003e-08 21125.9 0 0 6.20064e-13 0 0 0.000312982 0 0 0 0 0 0 9.34951e+10 9.34951e+10 9.34951e+10 9.34951e+10 
0.1865 1.14179 -2.15821 -0.0315761 -1.49247 -3.34179 2.13446e+06 2.27424e+14 8.36155e-05 0.000283261 2.85948e-17 1.03213e-08 21131.8 0 0 6.20803e-13 0 0 0.000312982 0 0 0 0 0 0 9.20741e+10 9.20741e+10 9.20741e+10 9.20741e+10 
0.187 1.14285 -2.15715 -0.0304906 -1.49094 -3.34285 2.13682e+06 2.24115e+14 8.36163e-05 0.000282253 2.86266e-17 1.01349e-08 21137.7 0 0 6.2153e-13 0 0 0.000312982 0 0 0 0 0 0 9.05853e+10 9.05853e+10 9.05853e+10 9.05853e+10 
0.1875 1.14391 -2.15609 -0.0294049 -1.48938 -3.34391 2.13916e+06 2.20655e+14 8.36171e-05 0.00028119 2.86582e-17 9.94089e-09 21143.4 0 0 6.22246e-13 0 0 0.000312982 0 0 0 0 0 0 8.90255e+10 8.90255e+10 8.90255e+10 8.90255e+10 
0.188 1.14496 -2.15504 -0.0283193 -1.48779 -3.34496 2.14148e+06 2.17038e+14 8.36178e-05 0.000280069 2.86896e-17 9.73891e-09 21149.1 0 0 6.22949e-13 0 0 0.000312982 0 0 0 0 0 0 8.73918e+10 8.73918e+10 8.73918e+10 8.73918e+10 
0.1885 1.14602 -2.15398 -0.0272336 -1.48616 -3.34602 2.14379e+06 2.13253e+14 8.36186e-05 0.000278884 2.87207e-17 9.52862e-09 21154.6 0 0 6.23638e-13 0 0 0.000312982 0 0 0 0 0 0 8.56805e+10 8.56805e+10 8.56805e+10 8.56805e+10 
0.189 1.14708 -2.15292 -0.0261479 -1.4845 -3.34708 2.14607e+06 2.09293e+14 8.36193e-05 0.000277631 2.87516e-17 9.30966e-09 21160.1 0 0 6.24314e-13 0 0 0.000312982 0 0 0 0 0 0 8.38883e+10 8.38883e+10 8.38883e+10 8.38883e+10 
0.1895 1.14814 -2.15186 -0.0250622 -1.4828 -3.34814 2.14834e+06 2.05147e+14 8.362e-05 0.000276306 2.87822e-17 9.08166e-09 21165.5 0 0 6.24974e-13 0 0 0.000312982 0 0 0 0 0 0 8.20114e+10 8.20114e+10 8.20114e+10 8.20114e+10 
0.19 1.1492 -2.1508 -0.0239765 -1.48106 -3.3492 2.15058e+06 2.00805e+14 8.36207e-05 0.000274901 2.88126e-17 8.84424e-09 21170.7 0 0 6.2562e-13 0 0 0.000312982 0 0 0 0 0 0 8.0046e+10 8.0046e+10 8.0046e+10 8.0046e+10 
0.1905 1.15025 -2.14975 -0.0228908 -1.47926 -3.35025 2.15281e+06 1.96255e+14 8.36214e-05 0.00027341 2.88426e-17 8.59699e-09 21175.8 0 0 6.2625e-13 0 0 0.000312981 0 0 0 0 0 0 7.79878e+10 7.79878e+10 7.79878e+10 7.79878e+10 
0.191 1.15131 -2.14869 -0.0218052 -1.47741 -3.35131 2.15501e+06 1.91486e+14 8.36221e-05 0.000271826 2.88723e-17 8.33948e-09 21180.8 0 0 6.26862e-13 0 0 0.000312981 0 0 0 0 0 0 7.58327e+10 7.58327e+10 7.58327e+10 7.58327e+10 
0.1915 1.15237 -2.14763 -0.0207197 -1.47551 -3.35237 2.15719e+06 1.86485e+14 8.36228e-05 0.00027014 2.89018e-17 8.07128e-09 21185.7 0 0 6.27458e-13 0 0 0.000312981 0 0 0 0 0 0 7.35761e+10 7.35761e+10 7.35761e+10 7.35761e+10 
0.192 1.15343 -2.14657 -0.0196342 -1.47353 -3.35343 2.15934e+06 1.81236e+14 8.36235e-05 0.000268343 2.89308e-17 7.79194e-09 21190.5 0 0 6.28034e-13 0 0 0.000312981 0 0 0 0 0 0 7.12132e+10 7.12132e+10 7.12132e+10 7.12132e+10 
0.1925 1.15449 -2.14551 -0.0185489 -1.47149 -3.35449 2.16147e+06 1.75725e+14 8.36242e-05 0.000266424 2.89596e-17 7.50095e-09 21195.1 0 0 6.28592e-13 0 0 0.00031298 0 0 0 0 0 0 6.87389e+10 6.87389e+10 6.87389e+10 6.87389e+10 
0.193 1.15555 -2.14445 -0.0174636 -1.46936 -3.35555 2.16357e+06 1.69934e+14 8.36248e-05 0.00026437 2.89879e-17 7.19783e-09 21199.6 0 0 6.2913e-13 0 0 0.00031298 0 0 0 0 0 0 6.61479e+10 6.61479e+10 6.61479e+10 6.61479e+10 
0.1935 1.15661 -2.14339 -0.0163785 -1.46713 -3.35661 2.16564e+06 1.63844e+14 8.36255e-05 0.000262166 2.90159e-17 6.88205e-09 21203.9 0 0 6.29646e-13 0 0 0.000312979 0 0 0 0 0 0 6.34345e+10 6.34345e+10 6.34345e+10 6.34345e+10 
0.194 1.15767 -2.14233 -0.0152936 -1.4648 -3.35767 2.16768e+06 1.57436e+14 8.36261e-05 0.000259794 2.90435e-17 6.55307e-09 21208 0 0 6.3014e-13 0 0 0.000312978 0 0 0 0 0 0 6.05927e+10 6.05927e+10 6.05927e+10 6.05927e+10 
0.1945 1.15873 -2.14127 -0.0142089 -1.46235 -3.35873 2.16969e+06 1.50686e+14 8.36267e-05 0.000257235 2.90707e-17 6.2103e-09 21212 0 0 6.30611e-13 0 0 0.000312977 0 0 0 0 0 0 5.76159e+10 5.76159e+10 5.76159e+10 5.76159e+10 
0.195 1.15979 -2.14021 -0.0131244 -1.45976 -3.35979 2.17167e+06 1.43567e+14 8.36273e-05 0.000254463 2.90974e-17 5.85316e-09 21215.8 0 0 6.31058e-13 0 0 0.000312976 0 0 0 0 0 0 5.44974e+10 5.44974e+10 5.44974e+10 5.44974e+10 
0.1955 1.16085 -2.13915 -0.0120401 -1.457 -3.36085 2.17362e+06 1.36051e+14 8.36279e-05 0.000251448 2.91237e-17 5.48101e-09 21219.4 0 0 6.31479e-13 0 0 0.000312974 0 0 0 0 0 0 5.12297e+10 5.12297e+10 5.12297e+10 5.12297e+10 
0.196 1.16191 -2.13809 -0.0109561 -1.45404 -3.36191 2.17553e+06 1.28104e+14 8.36285e-05 0.000248152 2.91495e-17 5.09319e-09 21222.8 0 0 6.31874e-13 0 0 0.000312972 0 0 0 0 0 0 4.78048e+10 4.78048e+10 4.78048e+10 4.78048e+10 
0.1965 1.16298 -2.13702 -0.00987239 -1.45084 -3.36298 2.1774e+06 1.19687e+14 8.36291e-05 0.000244527 2.91748e-17 4.68904e-09 21226 0 0 6.32241e-13 0 0 0.000312969 0 0 0 0 0 0 4.4214e+10 4.4214e+10 4.4214e+10 4.4214e+10 
0.197 1.16404 -2.13596 -0.00878901 -1.44734 -3.36404 2.17924e+06 1.10754e+14 8.36296e-05 0.000240511 2.91996e-17 4.26782e-09 21229 0 0 6.32578e-13 0 0 0.000312965 0 0 0 0 0 0 4.04476e+10 4.04476e+10 4.04476e+10 4.04476e+10 
0.1975 1.1651 -2.1349 -0.00770598 -1.44348 -3.3651 2.18103e+06 1.01251e+14 8.36302e-05 0.000236021 2.92238e-17 3.82879e-09 21231.8 0 0 6.32885e-13 0 0 0.000312958 0 0 0 0 0 0 3.6495e+10 3.6495e+10 3.6495e+10 3.6495e+10 
0.198 1.16616 -2.13384 -0.00662335 -1.43913 -3.36616 2.18279e+06 9.1111e+13 8.36306e-05 0.000230942 2.92475e-17 3.3712e-09 21233.1 0 0 6.3303e-13 0 0 0.000312954 0 0 0 0 0 0 3.23442e+10 3.23442e+10 3.23442e+10 3.23442e+10 
0.198 1.16616 -2.13384 -0.00662335 -1.43913 -3.36616 2.18279e+06 9.1111e+13 8.36307e-05 0.000230942 2.92475e-17 3.3712e-09 21235.2 0 0 6.33265e-13 0 0 0.000312943 0 0 0 0 0 0 3.23442e+10 3.23442e+10 3.23442e+10 3.23442e+10 
0.198409 1.16703 -2.13297 -0.00573726 -1.4351 -3.36703 2.18419e+06 8.22702e+13 8.36311e-05 0.000226229 2.92664e-17 2.98196e-09 21236.1 0 0 6.33359e-13 0 0 0.000312935 0 0 0 0 0 0 2.87867e+10 2.87867e+10 2.87867e+10 2.87867e+10 
0.198752 1.16776 -2.13224 -0.00499651 -1.43129 -3.36776 2.18534e+06 7.44574e+13 8.36314e-05 0.000221802 2.92819e-17 2.64596e-09 21237.5 0 0 6.33508e-13 0 0 0.000312918 0 0 0 0 0 0 2.56943e+10 2.56943e+10 2.56943e+10 2.56943e+10 
0.199038 1.16836 -2.13164 -0.00437722 -1.42771 -3.36836 2.18628e+06 6.75949e+13 8.36317e-05 0.000217672 2.92947e-17 2.35737e-09 21238.5 0 0 6.33619e-13 0 0 0.000312898 0 0 0 0 0 0 2.30207e+10 2.30207e+10 2.30207e+10 2.30207e+10 
0.199277 1.16887 -2.13113 -0.00385947 -1.42436 -3.36887 2.18706e+06 6.15994e+13 8.36319e-05 0.000213849 2.93051e-17 2.11054e-09 21239.3 0 0 6.33702e-13 0 0 0.000312873 0 0 0 0 0 0 2.072e+10 2.072e+10 2.072e+10 2.072e+10 
0.199478 1.1693 -2.1307 -0.0034266 -1.42123 -3.3693 2.1877e+06 5.63869e+13 8.36321e-05 0.000210334 2.93138e-17 1.90019e-09 21239.9 0 0 6.33766e-13 0 0 0.000312844 0 0 0 0 0 0 1.8748e+10 1.8748e+10 1.8748e+10 1.8748e+10 
0.199645 1.16965 -2.13035 -0.00306467 -1.41834 -3.36965 2.18823e+06 5.18745e+13 8.36322e-05 0.000207124 2.9321e-17 1.72145e-09 21240.4 0 0 6.33813e-13 0 0 0.00031281 0 0 0 0 0 0 1.70635e+10 1.70635e+10 1.70635e+10 1.70635e+10 
0.199785 1.16995 -2.13005 -0.00276205 -1.41568 -3.36995 2.18867e+06 4.79836e+13 8.36323e-05 0.000204213 2.93269e-17 1.56996e-09 21240.8 0 0 6.3385e-13 0 0 0.000312771 0 0 0 0 0 0 1.56288e+10 1.56288e+10 1.56288e+10 1.56288e+10 
0.199902 1.1702 -2.1298 -0.00250902 -1.41325 -3.3702 2.18903e+06 4.46405e+13 8.36324e-05 0.000201592 2.93318e-17 1.44183e-09 21241 0 0 6.33878e-13 0 0 0.000312729 0 0 0 0 0 0 1.44099e+10 1.44099e+10 1.44099e+10 1.44099e+10 
0.2 1.17041 -2.12959 -0.00229745 -1.41104 -3.37041 2.18934e+06 4.17773e+13 8.36325e-05 0.000199248 2.93359e-17 1.33366e-09 21241.2 0 0 6.33889e-13 0 0 0.000312709 0 0 0 0 0 0 1.33767e+10 1.33767e+10 1.33767e+10 1.33767e+10 