# ASCII 1D datafile generated by TiberCAD
# x Ec Ev eQFermi hQFermi ElPotential eDensity hDensity eMobility hMobility eConductivity hConductivity ElField_x ElField_y ElField_z eCurrentDensity_x eCurrentDensity_y eCurrentDensity_z hCurrentDensity_x hCurrentDensity_y hCurrentDensity_z IonizedDonors IonizedAcceptors IonizedElectronTraps IonizedHoleTraps eNetRecombination eLangevinRecombination hNetRecombination hLangevinRecombination 
0 -5.2 -8.5 -6.32749 -7.83988 3 1.23317e+07 2.70419e+14 0.000158805 0.000553726 3.13759e-16 2.39906e-08 312912 0 0 3.47219e-10 0 0 0.00750752 0 0 0 0 0 0 1.22845e+12 1.22845e+12 1.22845e+12 1.22845e+12 
9.79066e-05 -5.19694 -8.49694 -6.31799 -7.83681 2.99694 1.57631e+07 2.70417e+14 0.000159183 0.000553726 4.0202e-16 2.39905e-08 312912 0 0 3.47221e-10 0 0 0.00750752 0 0 0 0 0 0 1.57109e+12 1.57109e+12 1.57109e+12 1.57109e+12 
0.000214985 -5.19327 -8.49327 -6.30892 -7.83315 2.99327 1.93674e+07 2.70414e+14 0.000159516 0.000553728 4.94978e-16 2.39904e-08 312914 0 0 3.47226e-10 0 0 0.00750752 0 0 0 0 0 0 1.93122e+12 1.93122e+12 1.93122e+12 1.93122e+12 
0.000354988 -5.18889 -8.48889 -6.29997 -7.82877 2.98889 2.30584e+07 2.70411e+14 0.00015981 0.000553731 5.90395e-16 2.39902e-08 312916 0 0 3.47232e-10 0 0 0.00750752 0 0 0 0 0 0 2.3002e+12 2.3002e+12 2.3002e+12 2.3002e+12 
0.000522406 -5.18365 -8.48365 -6.29085 -7.82353 2.98365 2.6726e+07 2.70408e+14 0.000160067 0.000553734 6.85404e-16 2.399e-08 312918 0 0 3.47239e-10 0 0 0.00750752 0 0 0 0 0 0 2.66701e+12 2.66701e+12 2.66701e+12 2.66701e+12 
0.000722606 -5.17739 -8.47739 -6.28134 -7.81726 2.97739 3.02418e+07 2.70404e+14 0.000160289 0.000553738 7.76643e-16 2.39898e-08 312921 0 0 3.47248e-10 0 0 0.00750752 0 0 0 0 0 0 3.01876e+12 3.01876e+12 3.01876e+12 3.01876e+12 
0.000962009 -5.1699 -8.4699 -6.27119 -7.80977 2.9699 3.34703e+07 2.70399e+14 0.000160476 0.000553742 8.60558e-16 2.39896e-08 312924 0 0 3.4726e-10 0 0 0.00750752 0 0 0 0 0 0 3.34186e+12 3.34186e+12 3.34186e+12 3.34186e+12 
0.00124829 -5.16094 -8.46094 -6.26011 -7.80081 2.96094 3.62863e+07 2.70393e+14 0.000160628 0.000553748 9.33847e-16 2.39893e-08 312928 0 0 3.47276e-10 0 0 0.00750752 0 0 0 0 0 0 3.62375e+12 3.62375e+12 3.62375e+12 3.62375e+12 
0.00159063 -5.15023 -8.45023 -6.24777 -7.7901 2.95023 3.85954e+07 2.70385e+14 0.000160748 0.000553754 9.9401e-16 2.39889e-08 312933 0 0 3.47297e-10 0 0 0.00750752 0 0 0 0 0 0 3.85492e+12 3.85492e+12 3.85492e+12 3.85492e+12 
0.002 -5.13742 -8.43742 -6.23379 -7.77729 2.93742 4.03532e+07 2.70377e+14 0.000160834 0.000553755 1.03984e-15 2.39882e-08 312936 0 0 3.47309e-10 0 0 0.00750752 0 0 0 0 0 0 4.03086e+12 4.03086e+12 4.03086e+12 4.03086e+12 
0.002 -5.13742 -8.43742 -6.23379 -7.77729 2.93742 4.03532e+07 2.70377e+14 0.000160838 0.000553768 1.03987e-15 2.39888e-08 312942 0 0 3.47339e-10 0 0 0.00750752 0 0 0 0 0 0 4.03096e+12 4.03096e+12 4.03096e+12 4.03096e+12 
0.0025 -5.12177 -8.42177 -6.21735 -7.76164 2.92177 4.15966e+07 2.70366e+14 0.000160899 0.00055377 1.07231e-15 2.39879e-08 312946 0 0 3.47355e-10 0 0 0.00750752 0 0 0 0 0 0 4.15536e+12 4.15536e+12 4.15536e+12 4.15536e+12 
0.003 -5.10612 -8.40612 -6.20128 -7.74599 2.90612 4.22651e+07 2.70356e+14 0.000160934 0.000553779 1.08978e-15 2.39874e-08 312953 0 0 3.47389e-10 0 0 0.00750752 0 0 0 0 0 0 4.22223e+12 4.22223e+12 4.22223e+12 4.22223e+12 
0.0035 -5.09047 -8.39047 -6.18541 -7.73034 2.89047 4.26249e+07 2.70345e+14 0.000160954 0.000553789 1.0992e-15 2.39868e-08 312960 0 0 3.47423e-10 0 0 0.00750752 0 0 0 0 0 0 4.2582e+12 4.2582e+12 4.2582e+12 4.2582e+12 
0.004 -5.07482 -8.37482 -6.16964 -7.71469 2.87482 4.28191e+07 2.70335e+14 0.000160967 0.000553798 1.1043e-15 2.39863e-08 312967 0 0 3.47457e-10 0 0 0.00750752 0 0 0 0 0 0 4.27756e+12 4.27756e+12 4.27756e+12 4.27756e+12 
0.0045 -5.05918 -8.35918 -6.15393 -7.69904 2.85918 4.29244e+07 2.70324e+14 0.000160976 0.000553807 1.10707e-15 2.39858e-08 312974 0 0 3.47491e-10 0 0 0.00750752 0 0 0 0 0 0 4.28802e+12 4.28802e+12 4.28802e+12 4.28802e+12 
0.005 -5.04353 -8.34353 -6.13824 -7.68339 2.84353 4.29819e+07 2.70313e+14 0.000160983 0.000553816 1.1086e-15 2.39852e-08 312981 0 0 3.47525e-10 0 0 0.00750752 0 0 0 0 0 0 4.29369e+12 4.29369e+12 4.29369e+12 4.29369e+12 
0.0055 -5.02788 -8.32788 -6.12258 -7.66774 2.82788 4.30138e+07 2.70303e+14 0.000160989 0.000553825 1.10947e-15 2.39847e-08 312988 0 0 3.4756e-10 0 0 0.00750752 0 0 0 0 0 0 4.2968e+12 4.2968e+12 4.2968e+12 4.2968e+12 
0.006 -5.01223 -8.31223 -6.10692 -7.65209 2.81223 4.30319e+07 2.70292e+14 0.000160994 0.000553835 1.10997e-15 2.39842e-08 312995 0 0 3.47594e-10 0 0 0.00750752 0 0 0 0 0 0 4.29853e+12 4.29853e+12 4.29853e+12 4.29853e+12 
0.0065 -4.99658 -8.29658 -6.09126 -7.63644 2.79658 4.30426e+07 2.70282e+14 0.000160999 0.000553844 1.11028e-15 2.39836e-08 313002 0 0 3.47628e-10 0 0 0.00750752 0 0 0 0 0 0 4.29951e+12 4.29951e+12 4.29951e+12 4.29951e+12 
0.007 -4.98093 -8.28093 -6.0756 -7.62079 2.78093 4.30493e+07 2.70271e+14 0.000161003 0.000553853 1.11048e-15 2.39831e-08 313009 0 0 3.47663e-10 0 0 0.00750752 0 0 0 0 0 0 4.3001e+12 4.3001e+12 4.3001e+12 4.3001e+12 
0.0075 -4.96528 -8.26528 -6.05995 -7.60513 2.76528 4.30539e+07 2.70261e+14 0.000161008 0.000553862 1.11063e-15 2.39825e-08 313016 0 0 3.47697e-10 0 0 0.00750752 0 0 0 0 0 0 4.30047e+12 4.30047e+12 4.30047e+12 4.30047e+12 
0.008 -4.94963 -8.24963 -6.0443 -7.58948 2.74963 4.30574e+07 2.7025e+14 0.000161012 0.000553872 1.11075e-15 2.3982e-08 313023 0 0 3.47732e-10 0 0 0.00750752 0 0 0 0 0 0 4.30074e+12 4.30074e+12 4.30074e+12 4.30074e+12 
0.0085 -4.93398 -8.23398 -6.02864 -7.57383 2.73398 4.30602e+07 2.7024e+14 0.000161016 0.000553881 1.11085e-15 2.39815e-08 313030 0 0 3.47766e-10 0 0 0.00750752 0 0 0 0 0 0 4.30093e+12 4.30093e+12 4.30093e+12 4.30093e+12 
0.009 -4.91832 -8.21832 -6.01299 -7.55818 2.71832 4.30627e+07 2.70229e+14 0.000161021 0.00055389 1.11095e-15 2.39809e-08 313037 0 0 3.478e-10 0 0 0.00750752 0 0 0 0 0 0 4.3011e+12 4.3011e+12 4.3011e+12 4.3011e+12 
0.0095 -4.90267 -8.20267 -5.99734 -7.54252 2.70267 4.30651e+07 2.70219e+14 0.000161025 0.000553899 1.11104e-15 2.39804e-08 313044 0 0 3.47835e-10 0 0 0.00750752 0 0 0 0 0 0 4.30125e+12 4.30125e+12 4.30125e+12 4.30125e+12 
0.01 -4.88702 -8.18702 -5.98168 -7.52687 2.68702 4.30673e+07 2.70208e+14 0.00016103 0.000553908 1.11113e-15 2.39799e-08 313051 0 0 3.47869e-10 0 0 0.00750752 0 0 0 0 0 0 4.30139e+12 4.30139e+12 4.30139e+12 4.30139e+12 
0.0105 -4.87137 -8.17137 -5.96603 -7.51122 2.67137 4.30695e+07 2.70198e+14 0.000161034 0.000553918 1.11121e-15 2.39793e-08 313058 0 0 3.47904e-10 0 0 0.00750752 0 0 0 0 0 0 4.30152e+12 4.30152e+12 4.30152e+12 4.30152e+12 
0.011 -4.85571 -8.15571 -5.95038 -7.49556 2.65571 4.30717e+07 2.70187e+14 0.000161038 0.000553927 1.1113e-15 2.39788e-08 313065 0 0 3.47938e-10 0 0 0.00750752 0 0 0 0 0 0 4.30165e+12 4.30165e+12 4.30165e+12 4.30165e+12 
0.0115 -4.84006 -8.14006 -5.93472 -7.47991 2.64006 4.30738e+07 2.70177e+14 0.000161043 0.000553936 1.11139e-15 2.39783e-08 313072 0 0 3.47972e-10 0 0 0.00750752 0 0 0 0 0 0 4.30178e+12 4.30178e+12 4.30178e+12 4.30178e+12 
0.012 -4.82441 -8.12441 -5.91907 -7.46425 2.62441 4.3076e+07 2.70166e+14 0.000161047 0.000553945 1.11147e-15 2.39777e-08 313079 0 0 3.48007e-10 0 0 0.00750752 0 0 0 0 0 0 4.30191e+12 4.30191e+12 4.30191e+12 4.30191e+12 
0.0125 -4.80875 -8.10875 -5.90341 -7.4486 2.60875 4.30781e+07 2.70156e+14 0.000161051 0.000553954 1.11156e-15 2.39772e-08 313086 0 0 3.48041e-10 0 0 0.00750752 0 0 0 0 0 0 4.30203e+12 4.30203e+12 4.30203e+12 4.30203e+12 
0.013 -4.7931 -8.0931 -5.88776 -7.43294 2.5931 4.30803e+07 2.70145e+14 0.000161056 0.000553964 1.11164e-15 2.39767e-08 313093 0 0 3.48076e-10 0 0 0.00750752 0 0 0 0 0 0 4.30216e+12 4.30216e+12 4.30216e+12 4.30216e+12 
0.0135 -4.77744 -8.07744 -5.8721 -7.41728 2.57744 4.30824e+07 2.70135e+14 0.00016106 0.000553973 1.11173e-15 2.39761e-08 313100 0 0 3.4811e-10 0 0 0.00750752 0 0 0 0 0 0 4.30229e+12 4.30229e+12 4.30229e+12 4.30229e+12 
0.014 -4.76179 -8.06179 -5.85644 -7.40163 2.56179 4.30845e+07 2.70124e+14 0.000161064 0.000553982 1.11181e-15 2.39756e-08 313107 0 0 3.48145e-10 0 0 0.00750752 0 0 0 0 0 0 4.30242e+12 4.30242e+12 4.30242e+12 4.30242e+12 
0.0145 -4.74613 -8.04613 -5.84079 -7.38597 2.54613 4.30867e+07 2.70114e+14 0.000161069 0.000553991 1.1119e-15 2.39751e-08 313114 0 0 3.48179e-10 0 0 0.00750752 0 0 0 0 0 0 4.30254e+12 4.30254e+12 4.30254e+12 4.30254e+12 
0.015 -4.73048 -8.03048 -5.82513 -7.37031 2.53048 4.30888e+07 2.70103e+14 0.000161073 0.000554001 1.11198e-15 2.39745e-08 313121 0 0 3.48213e-10 0 0 0.00750752 0 0 0 0 0 0 4.30267e+12 4.30267e+12 4.30267e+12 4.30267e+12 
0.0155 -4.71482 -8.01482 -5.80947 -7.35466 2.51482 4.30909e+07 2.70092e+14 0.000161078 0.00055401 1.11207e-15 2.3974e-08 313127 0 0 3.48248e-10 0 0 0.00750752 0 0 0 0 0 0 4.3028e+12 4.3028e+12 4.3028e+12 4.3028e+12 
0.016 -4.69916 -7.99916 -5.79381 -7.339 2.49916 4.30931e+07 2.70082e+14 0.000161082 0.000554019 1.11215e-15 2.39735e-08 313134 0 0 3.48282e-10 0 0 0.00750752 0 0 0 0 0 0 4.30292e+12 4.30292e+12 4.30292e+12 4.30292e+12 
0.0165 -4.68351 -7.98351 -5.77816 -7.32334 2.48351 4.30952e+07 2.70071e+14 0.000161086 0.000554028 1.11224e-15 2.39729e-08 313141 0 0 3.48317e-10 0 0 0.00750752 0 0 0 0 0 0 4.30305e+12 4.30305e+12 4.30305e+12 4.30305e+12 
0.017 -4.66785 -7.96785 -5.7625 -7.30768 2.46785 4.30973e+07 2.70061e+14 0.000161091 0.000554037 1.11232e-15 2.39724e-08 313148 0 0 3.48351e-10 0 0 0.00750752 0 0 0 0 0 0 4.30318e+12 4.30318e+12 4.30318e+12 4.30318e+12 
0.0175 -4.65219 -7.95219 -5.74684 -7.29202 2.45219 4.30995e+07 2.7005e+14 0.000161095 0.000554047 1.11241e-15 2.39719e-08 313155 0 0 3.48385e-10 0 0 0.00750752 0 0 0 0 0 0 4.30331e+12 4.30331e+12 4.30331e+12 4.30331e+12 
0.018 -4.63653 -7.93653 -5.73118 -7.27636 2.43653 4.31016e+07 2.7004e+14 0.000161099 0.000554056 1.11249e-15 2.39713e-08 313162 0 0 3.4842e-10 0 0 0.00750752 0 0 0 0 0 0 4.30343e+12 4.30343e+12 4.30343e+12 4.30343e+12 
0.0185 -4.62088 -7.92088 -5.71552 -7.2607 2.42088 4.31037e+07 2.70029e+14 0.000161104 0.000554065 1.11258e-15 2.39708e-08 313169 0 0 3.48454e-10 0 0 0.00750752 0 0 0 0 0 0 4.30356e+12 4.30356e+12 4.30356e+12 4.30356e+12 
0.019 -4.60522 -7.90522 -5.69986 -7.24504 2.40522 4.31058e+07 2.70019e+14 0.000161108 0.000554074 1.11266e-15 2.39702e-08 313176 0 0 3.48489e-10 0 0 0.00750752 0 0 0 0 0 0 4.30369e+12 4.30369e+12 4.30369e+12 4.30369e+12 
0.0195 -4.58956 -7.88956 -5.6842 -7.22938 2.38956 4.3108e+07 2.70008e+14 0.000161112 0.000554084 1.11275e-15 2.39697e-08 313183 0 0 3.48523e-10 0 0 0.00750752 0 0 0 0 0 0 4.30381e+12 4.30381e+12 4.30381e+12 4.30381e+12 
0.02 -4.5739 -7.8739 -5.66854 -7.21372 2.3739 4.31101e+07 2.69998e+14 0.000161117 0.000554093 1.11283e-15 2.39692e-08 313190 0 0 3.48558e-10 0 0 0.00750752 0 0 0 0 0 0 4.30394e+12 4.30394e+12 4.30394e+12 4.30394e+12 
0.0205 -4.55824 -7.85824 -5.65288 -7.19806 2.35824 4.31122e+07 2.69987e+14 0.000161121 0.000554102 1.11292e-15 2.39686e-08 313197 0 0 3.48592e-10 0 0 0.00750752 0 0 0 0 0 0 4.30407e+12 4.30407e+12 4.30407e+12 4.30407e+12 
0.021 -4.54258 -7.84258 -5.63722 -7.1824 2.34258 4.31144e+07 2.69977e+14 0.000161125 0.000554111 1.113e-15 2.39681e-08 313204 0 0 3.48626e-10 0 0 0.00750752 0 0 0 0 0 0 4.3042e+12 4.3042e+12 4.3042e+12 4.3042e+12 
0.0215 -4.52692 -7.82692 -5.62155 -7.16674 2.32692 4.31165e+07 2.69966e+14 0.00016113 0.00055412 1.11309e-15 2.39676e-08 313211 0 0 3.48661e-10 0 0 0.00750752 0 0 0 0 0 0 4.30432e+12 4.30432e+12 4.30432e+12 4.30432e+12 
0.022 -4.51126 -7.81126 -5.60589 -7.15108 2.31126 4.31186e+07 2.69956e+14 0.000161134 0.00055413 1.11317e-15 2.3967e-08 313218 0 0 3.48695e-10 0 0 0.00750752 0 0 0 0 0 0 4.30445e+12 4.30445e+12 4.30445e+12 4.30445e+12 
0.0225 -4.4956 -7.7956 -5.59023 -7.13541 2.2956 4.31208e+07 2.69945e+14 0.000161139 0.000554139 1.11326e-15 2.39665e-08 313225 0 0 3.4873e-10 0 0 0.00750752 0 0 0 0 0 0 4.30458e+12 4.30458e+12 4.30458e+12 4.30458e+12 
0.023 -4.47994 -7.77994 -5.57457 -7.11975 2.27994 4.31229e+07 2.69935e+14 0.000161143 0.000554148 1.11334e-15 2.3966e-08 313232 0 0 3.48764e-10 0 0 0.00750752 0 0 0 0 0 0 4.3047e+12 4.3047e+12 4.3047e+12 4.3047e+12 
0.0235 -4.46427 -7.76427 -5.5589 -7.10409 2.26427 4.3125e+07 2.69924e+14 0.000161147 0.000554157 1.11343e-15 2.39654e-08 313239 0 0 3.48799e-10 0 0 0.00750752 0 0 0 0 0 0 4.30483e+12 4.30483e+12 4.30483e+12 4.30483e+12 
0.024 -4.44861 -7.74861 -5.54324 -7.08843 2.24861 4.31272e+07 2.69914e+14 0.000161152 0.000554166 1.11351e-15 2.39649e-08 313246 0 0 3.48833e-10 0 0 0.00750752 0 0 0 0 0 0 4.30496e+12 4.30496e+12 4.30496e+12 4.30496e+12 
0.0245 -4.43295 -7.73295 -5.52758 -7.07276 2.23295 4.31293e+07 2.69903e+14 0.000161156 0.000554176 1.1136e-15 2.39644e-08 313253 0 0 3.48867e-10 0 0 0.00750752 0 0 0 0 0 0 4.30508e+12 4.30508e+12 4.30508e+12 4.30508e+12 
0.025 -4.41729 -7.71729 -5.51191 -7.0571 2.21729 4.31314e+07 2.69893e+14 0.00016116 0.000554185 1.11368e-15 2.39638e-08 313260 0 0 3.48902e-10 0 0 0.00750752 0 0 0 0 0 0 4.30521e+12 4.30521e+12 4.30521e+12 4.30521e+12 
0.0255 -4.40162 -7.70162 -5.49625 -7.04143 2.20162 4.31336e+07 2.69882e+14 0.000161165 0.000554194 1.11377e-15 2.39633e-08 313267 0 0 3.48936e-10 0 0 0.00750752 0 0 0 0 0 0 4.30534e+12 4.30534e+12 4.30534e+12 4.30534e+12 
0.026 -4.38596 -7.68596 -5.48058 -7.02577 2.18596 4.31357e+07 2.69872e+14 0.000161169 0.000554203 1.11385e-15 2.39628e-08 313274 0 0 3.48971e-10 0 0 0.00750752 0 0 0 0 0 0 4.30546e+12 4.30546e+12 4.30546e+12 4.30546e+12 
0.0265 -4.3703 -7.6703 -5.46492 -7.0101 2.1703 4.31378e+07 2.69861e+14 0.000161173 0.000554213 1.11394e-15 2.39622e-08 313281 0 0 3.49005e-10 0 0 0.00750752 0 0 0 0 0 0 4.30559e+12 4.30559e+12 4.30559e+12 4.30559e+12 
0.027 -4.35463 -7.65463 -5.44925 -6.99444 2.15463 4.31399e+07 2.69851e+14 0.000161178 0.000554222 1.11403e-15 2.39617e-08 313288 0 0 3.4904e-10 0 0 0.00750752 0 0 0 0 0 0 4.30572e+12 4.30572e+12 4.30572e+12 4.30572e+12 
0.0275 -4.33897 -7.63897 -5.43359 -6.97877 2.13897 4.31421e+07 2.6984e+14 0.000161182 0.000554231 1.11411e-15 2.39612e-08 313295 0 0 3.49074e-10 0 0 0.00750752 0 0 0 0 0 0 4.30585e+12 4.30585e+12 4.30585e+12 4.30585e+12 
0.028 -4.3233 -7.6233 -5.41792 -6.96311 2.1233 4.31442e+07 2.6983e+14 0.000161186 0.00055424 1.1142e-15 2.39606e-08 313302 0 0 3.49109e-10 0 0 0.00750752 0 0 0 0 0 0 4.30597e+12 4.30597e+12 4.30597e+12 4.30597e+12 
0.0285 -4.30764 -7.60764 -5.40225 -6.94744 2.10764 4.31463e+07 2.69819e+14 0.000161191 0.000554249 1.11428e-15 2.39601e-08 313309 0 0 3.49143e-10 0 0 0.00750752 0 0 0 0 0 0 4.3061e+12 4.3061e+12 4.3061e+12 4.3061e+12 
0.029 -4.29197 -7.59197 -5.38659 -6.93177 2.09197 4.31485e+07 2.69809e+14 0.000161195 0.000554259 1.11437e-15 2.39596e-08 313316 0 0 3.49177e-10 0 0 0.00750752 0 0 0 0 0 0 4.30623e+12 4.30623e+12 4.30623e+12 4.30623e+12 
0.0295 -4.2763 -7.5763 -5.37092 -6.91611 2.0763 4.31506e+07 2.69798e+14 0.000161199 0.000554268 1.11445e-15 2.3959e-08 313323 0 0 3.49212e-10 0 0 0.00750752 0 0 0 0 0 0 4.30635e+12 4.30635e+12 4.30635e+12 4.30635e+12 
0.03 -4.26064 -7.56064 -5.35525 -6.90044 2.06064 4.31527e+07 2.69788e+14 0.000161204 0.000554277 1.11454e-15 2.39585e-08 313330 0 0 3.49246e-10 0 0 0.00750752 0 0 0 0 0 0 4.30648e+12 4.30648e+12 4.30648e+12 4.30648e+12 
0.0305 -4.24497 -7.54497 -5.33958 -6.88477 2.04497 4.31549e+07 2.69777e+14 0.000161208 0.000554286 1.11462e-15 2.3958e-08 313337 0 0 3.49281e-10 0 0 0.00750752 0 0 0 0 0 0 4.30661e+12 4.30661e+12 4.30661e+12 4.30661e+12 
0.031 -4.2293 -7.5293 -5.32392 -6.8691 2.0293 4.3157e+07 2.69767e+14 0.000161213 0.000554296 1.11471e-15 2.39574e-08 313344 0 0 3.49315e-10 0 0 0.00750752 0 0 0 0 0 0 4.30673e+12 4.30673e+12 4.30673e+12 4.30673e+12 
0.0315 -4.21364 -7.51364 -5.30825 -6.85343 2.01364 4.31591e+07 2.69756e+14 0.000161217 0.000554305 1.11479e-15 2.39569e-08 313351 0 0 3.4935e-10 0 0 0.00750752 0 0 0 0 0 0 4.30686e+12 4.30686e+12 4.30686e+12 4.30686e+12 
0.032 -4.19797 -7.49797 -5.29258 -6.83776 1.99797 4.31612e+07 2.69746e+14 0.000161221 0.000554314 1.11488e-15 2.39564e-08 313358 0 0 3.49384e-10 0 0 0.00750752 0 0 0 0 0 0 4.30699e+12 4.30699e+12 4.30699e+12 4.30699e+12 
0.0325 -4.1823 -7.4823 -5.27691 -6.82209 1.9823 4.31634e+07 2.69735e+14 0.000161226 0.000554323 1.11496e-15 2.39558e-08 313365 0 0 3.49419e-10 0 0 0.00750752 0 0 0 0 0 0 4.30711e+12 4.30711e+12 4.30711e+12 4.30711e+12 
0.033 -4.16663 -7.46663 -5.26124 -6.80643 1.96663 4.31655e+07 2.69725e+14 0.00016123 0.000554332 1.11505e-15 2.39553e-08 313372 0 0 3.49453e-10 0 0 0.00750752 0 0 0 0 0 0 4.30724e+12 4.30724e+12 4.30724e+12 4.30724e+12 
0.0335 -4.15096 -7.45096 -5.24557 -6.79076 1.95096 4.31676e+07 2.69714e+14 0.000161234 0.000554342 1.11513e-15 2.39548e-08 313379 0 0 3.49487e-10 0 0 0.00750752 0 0 0 0 0 0 4.30737e+12 4.30737e+12 4.30737e+12 4.30737e+12 
0.034 -4.1353 -7.4353 -5.2299 -6.77508 1.9353 4.31698e+07 2.69704e+14 0.000161239 0.000554351 1.11522e-15 2.39542e-08 313386 0 0 3.49522e-10 0 0 0.00750752 0 0 0 0 0 0 4.30749e+12 4.30749e+12 4.30749e+12 4.30749e+12 
0.0345 -4.11963 -7.41963 -5.21423 -6.75941 1.91963 4.31719e+07 2.69694e+14 0.000161243 0.00055436 1.1153e-15 2.39537e-08 313393 0 0 3.49556e-10 0 0 0.00750752 0 0 0 0 0 0 4.30762e+12 4.30762e+12 4.30762e+12 4.30762e+12 
0.035 -4.10396 -7.40396 -5.19856 -6.74374 1.90396 4.3174e+07 2.69683e+14 0.000161247 0.000554369 1.11539e-15 2.39532e-08 313400 0 0 3.49591e-10 0 0 0.00750752 0 0 0 0 0 0 4.30775e+12 4.30775e+12 4.30775e+12 4.30775e+12 
0.0355 -4.08829 -7.38829 -5.18289 -6.72807 1.88829 4.31762e+07 2.69673e+14 0.000161252 0.000554379 1.11547e-15 2.39526e-08 313407 0 0 3.49625e-10 0 0 0.00750752 0 0 0 0 0 0 4.30787e+12 4.30787e+12 4.30787e+12 4.30787e+12 
0.036 -4.07262 -7.37262 -5.16721 -6.7124 1.87262 4.31783e+07 2.69662e+14 0.000161256 0.000554388 1.11556e-15 2.39521e-08 313414 0 0 3.4966e-10 0 0 0.00750752 0 0 0 0 0 0 4.308e+12 4.308e+12 4.308e+12 4.308e+12 
0.0365 -4.05694 -7.35694 -5.15154 -6.69673 1.85694 4.31804e+07 2.69652e+14 0.00016126 0.000554397 1.11564e-15 2.39516e-08 313420 0 0 3.49694e-10 0 0 0.00750752 0 0 0 0 0 0 4.30813e+12 4.30813e+12 4.30813e+12 4.30813e+12 
0.037 -4.04127 -7.34127 -5.13587 -6.68106 1.84127 4.31825e+07 2.69641e+14 0.000161265 0.000554406 1.11573e-15 2.3951e-08 313427 0 0 3.49729e-10 0 0 0.00750752 0 0 0 0 0 0 4.30825e+12 4.30825e+12 4.30825e+12 4.30825e+12 
0.0375 -4.0256 -7.3256 -5.1202 -6.66538 1.8256 4.31847e+07 2.69631e+14 0.000161269 0.000554415 1.11581e-15 2.39505e-08 313434 0 0 3.49763e-10 0 0 0.00750752 0 0 0 0 0 0 4.30838e+12 4.30838e+12 4.30838e+12 4.30838e+12 
0.038 -4.00993 -7.30993 -5.10452 -6.64971 1.80993 4.31868e+07 2.6962e+14 0.000161274 0.000554425 1.1159e-15 2.395e-08 313441 0 0 3.49798e-10 0 0 0.00750752 0 0 0 0 0 0 4.30851e+12 4.30851e+12 4.30851e+12 4.30851e+12 
0.0385 -3.99426 -7.29426 -5.08885 -6.63404 1.79426 4.31889e+07 2.6961e+14 0.000161278 0.000554434 1.11598e-15 2.39495e-08 313448 0 0 3.49832e-10 0 0 0.00750752 0 0 0 0 0 0 4.30863e+12 4.30863e+12 4.30863e+12 4.30863e+12 
0.039 -3.97859 -7.27859 -5.07318 -6.61836 1.77859 4.31911e+07 2.69599e+14 0.000161282 0.000554443 1.11607e-15 2.39489e-08 313455 0 0 3.49866e-10 0 0 0.00750752 0 0 0 0 0 0 4.30876e+12 4.30876e+12 4.30876e+12 4.30876e+12 
0.0395 -3.96291 -7.26291 -5.0575 -6.60269 1.76291 4.31932e+07 2.69589e+14 0.000161287 0.000554452 1.11615e-15 2.39484e-08 313462 0 0 3.49901e-10 0 0 0.00750752 0 0 0 0 0 0 4.30889e+12 4.30889e+12 4.30889e+12 4.30889e+12 
0.04 -3.94724 -7.24724 -5.04183 -6.58701 1.74724 4.31953e+07 2.69578e+14 0.000161291 0.000554462 1.11624e-15 2.39479e-08 313469 0 0 3.49935e-10 0 0 0.00750752 0 0 0 0 0 0 4.30901e+12 4.30901e+12 4.30901e+12 4.30901e+12 
0.0405 -3.93157 -7.23157 -5.02615 -6.57134 1.73157 4.31974e+07 2.69568e+14 0.000161295 0.000554471 1.11632e-15 2.39473e-08 313476 0 0 3.4997e-10 0 0 0.00750752 0 0 0 0 0 0 4.30914e+12 4.30914e+12 4.30914e+12 4.30914e+12 
0.041 -3.91589 -7.21589 -5.01048 -6.55566 1.71589 4.31996e+07 2.69557e+14 0.0001613 0.00055448 1.11641e-15 2.39468e-08 313483 0 0 3.50004e-10 0 0 0.00750752 0 0 0 0 0 0 4.30927e+12 4.30927e+12 4.30927e+12 4.30927e+12 
0.0415 -3.90022 -7.20022 -4.9948 -6.53999 1.70022 4.32017e+07 2.69547e+14 0.000161304 0.000554489 1.11649e-15 2.39463e-08 313490 0 0 3.50039e-10 0 0 0.00750752 0 0 0 0 0 0 4.30939e+12 4.30939e+12 4.30939e+12 4.30939e+12 
0.042 -3.88454 -7.18454 -4.97912 -6.52431 1.68454 4.32038e+07 2.69536e+14 0.000161308 0.000554498 1.11658e-15 2.39457e-08 313497 0 0 3.50073e-10 0 0 0.00750752 0 0 0 0 0 0 4.30952e+12 4.30952e+12 4.30952e+12 4.30952e+12 
0.0425 -3.86887 -7.16887 -4.96345 -6.50863 1.66887 4.32059e+07 2.69526e+14 0.000161313 0.000554508 1.11666e-15 2.39452e-08 313504 0 0 3.50108e-10 0 0 0.00750752 0 0 0 0 0 0 4.30965e+12 4.30965e+12 4.30965e+12 4.30965e+12 
0.043 -3.85319 -7.15319 -4.94777 -6.49296 1.65319 4.32081e+07 2.69515e+14 0.000161317 0.000554517 1.11675e-15 2.39447e-08 313511 0 0 3.50142e-10 0 0 0.00750752 0 0 0 0 0 0 4.30977e+12 4.30977e+12 4.30977e+12 4.30977e+12 
0.0435 -3.83752 -7.13752 -4.93209 -6.47728 1.63752 4.32102e+07 2.69505e+14 0.000161321 0.000554526 1.11683e-15 2.39441e-08 313518 0 0 3.50177e-10 0 0 0.00750752 0 0 0 0 0 0 4.3099e+12 4.3099e+12 4.3099e+12 4.3099e+12 
0.044 -3.82184 -7.12184 -4.91642 -6.4616 1.62184 4.32123e+07 2.69494e+14 0.000161326 0.000554535 1.11692e-15 2.39436e-08 313525 0 0 3.50211e-10 0 0 0.00750752 0 0 0 0 0 0 4.31003e+12 4.31003e+12 4.31003e+12 4.31003e+12 
0.0445 -3.80616 -7.10616 -4.90074 -6.44593 1.60616 4.32145e+07 2.69484e+14 0.00016133 0.000554545 1.117e-15 2.39431e-08 313532 0 0 3.50246e-10 0 0 0.00750752 0 0 0 0 0 0 4.31015e+12 4.31015e+12 4.31015e+12 4.31015e+12 
0.045 -3.79049 -7.09049 -4.88506 -6.43025 1.59049 4.32166e+07 2.69474e+14 0.000161335 0.000554554 1.11709e-15 2.39425e-08 313539 0 0 3.5028e-10 0 0 0.00750752 0 0 0 0 0 0 4.31028e+12 4.31028e+12 4.31028e+12 4.31028e+12 
0.0455 -3.77481 -7.07481 -4.86938 -6.41457 1.57481 4.32187e+07 2.69463e+14 0.000161339 0.000554563 1.11718e-15 2.3942e-08 313546 0 0 3.50315e-10 0 0 0.00750752 0 0 0 0 0 0 4.31041e+12 4.31041e+12 4.31041e+12 4.31041e+12 
0.046 -3.75913 -7.05913 -4.8537 -6.39889 1.55913 4.32208e+07 2.69453e+14 0.000161343 0.000554572 1.11726e-15 2.39415e-08 313553 0 0 3.50349e-10 0 0 0.00750752 0 0 0 0 0 0 4.31053e+12 4.31053e+12 4.31053e+12 4.31053e+12 
0.0465 -3.74345 -7.04345 -4.83803 -6.38321 1.54345 4.3223e+07 2.69442e+14 0.000161348 0.000554581 1.11735e-15 2.39409e-08 313560 0 0 3.50384e-10 0 0 0.00750752 0 0 0 0 0 0 4.31066e+12 4.31066e+12 4.31066e+12 4.31066e+12 
0.047 -3.72778 -7.02778 -4.82235 -6.36753 1.52778 4.32251e+07 2.69432e+14 0.000161352 0.000554591 1.11743e-15 2.39404e-08 313567 0 0 3.50418e-10 0 0 0.00750752 0 0 0 0 0 0 4.31078e+12 4.31078e+12 4.31078e+12 4.31078e+12 
0.0475 -3.7121 -7.0121 -4.80667 -6.35185 1.5121 4.32272e+07 2.69421e+14 0.000161356 0.0005546 1.11752e-15 2.39399e-08 313574 0 0 3.50453e-10 0 0 0.00750752 0 0 0 0 0 0 4.31091e+12 4.31091e+12 4.31091e+12 4.31091e+12 
0.048 -3.69642 -6.99642 -4.79099 -6.33617 1.49642 4.32293e+07 2.69411e+14 0.000161361 0.000554609 1.1176e-15 2.39393e-08 313581 0 0 3.50487e-10 0 0 0.00750752 0 0 0 0 0 0 4.31104e+12 4.31104e+12 4.31104e+12 4.31104e+12 
0.0485 -3.68074 -6.98074 -4.77531 -6.32049 1.48074 4.32315e+07 2.694e+14 0.000161365 0.000554618 1.11769e-15 2.39388e-08 313588 0 0 3.50521e-10 0 0 0.00750752 0 0 0 0 0 0 4.31116e+12 4.31116e+12 4.31116e+12 4.31116e+12 
0.049 -3.66506 -6.96506 -4.75962 -6.30481 1.46506 4.32336e+07 2.6939e+14 0.000161369 0.000554628 1.11777e-15 2.39383e-08 313595 0 0 3.50556e-10 0 0 0.00750752 0 0 0 0 0 0 4.31129e+12 4.31129e+12 4.31129e+12 4.31129e+12 
0.0495 -3.64938 -6.94938 -4.74394 -6.28913 1.44938 4.32357e+07 2.69379e+14 0.000161374 0.000554637 1.11786e-15 2.39377e-08 313602 0 0 3.5059e-10 0 0 0.00750752 0 0 0 0 0 0 4.31142e+12 4.31142e+12 4.31142e+12 4.31142e+12 
0.05 -3.6337 -6.9337 -4.72826 -6.27345 1.4337 4.32378e+07 2.69369e+14 0.000161378 0.000554646 1.11794e-15 2.39372e-08 313609 0 0 3.50625e-10 0 0 0.00750752 0 0 0 0 0 0 4.31154e+12 4.31154e+12 4.31154e+12 4.31154e+12 
0.0505 -3.61802 -6.91802 -4.71258 -6.25777 1.41802 4.324e+07 2.69358e+14 0.000161382 0.000554655 1.11803e-15 2.39367e-08 313616 0 0 3.50659e-10 0 0 0.00750752 0 0 0 0 0 0 4.31167e+12 4.31167e+12 4.31167e+12 4.31167e+12 
0.051 -3.60234 -6.90234 -4.6969 -6.24208 1.40234 4.32421e+07 2.69348e+14 0.000161387 0.000554664 1.11811e-15 2.39362e-08 313623 0 0 3.50694e-10 0 0 0.00750752 0 0 0 0 0 0 4.3118e+12 4.3118e+12 4.3118e+12 4.3118e+12 
0.0515 -3.58666 -6.88666 -4.68121 -6.2264 1.38666 4.32442e+07 2.69338e+14 0.000161391 0.000554674 1.1182e-15 2.39356e-08 313629 0 0 3.50728e-10 0 0 0.00750752 0 0 0 0 0 0 4.31192e+12 4.31192e+12 4.31192e+12 4.31192e+12 
0.052 -3.57098 -6.87098 -4.66553 -6.21072 1.37098 4.32463e+07 2.69327e+14 0.000161396 0.000554683 1.11828e-15 2.39351e-08 313636 0 0 3.50763e-10 0 0 0.00750752 0 0 0 0 0 0 4.31205e+12 4.31205e+12 4.31205e+12 4.31205e+12 
0.0525 -3.55529 -6.85529 -4.64985 -6.19504 1.35529 4.32485e+07 2.69317e+14 0.0001614 0.000554692 1.11837e-15 2.39346e-08 313643 0 0 3.50797e-10 0 0 0.00750752 0 0 0 0 0 0 4.31217e+12 4.31217e+12 4.31217e+12 4.31217e+12 
0.053 -3.53961 -6.83961 -4.63417 -6.17935 1.33961 4.32506e+07 2.69306e+14 0.000161404 0.000554701 1.11845e-15 2.3934e-08 313650 0 0 3.50832e-10 0 0 0.00750752 0 0 0 0 0 0 4.3123e+12 4.3123e+12 4.3123e+12 4.3123e+12 
0.0535 -3.52393 -6.82393 -4.61848 -6.16367 1.32393 4.32527e+07 2.69296e+14 0.000161409 0.000554711 1.11854e-15 2.39335e-08 313657 0 0 3.50866e-10 0 0 0.00750752 0 0 0 0 0 0 4.31243e+12 4.31243e+12 4.31243e+12 4.31243e+12 
0.054 -3.50825 -6.80825 -4.6028 -6.14798 1.30825 4.32548e+07 2.69285e+14 0.000161413 0.00055472 1.11862e-15 2.3933e-08 313664 0 0 3.50901e-10 0 0 0.00750752 0 0 0 0 0 0 4.31255e+12 4.31255e+12 4.31255e+12 4.31255e+12 
0.0545 -3.49256 -6.79256 -4.58711 -6.1323 1.29256 4.3257e+07 2.69275e+14 0.000161417 0.000554729 1.11871e-15 2.39324e-08 313671 0 0 3.50935e-10 0 0 0.00750752 0 0 0 0 0 0 4.31268e+12 4.31268e+12 4.31268e+12 4.31268e+12 
0.055 -3.47688 -6.77688 -4.57143 -6.11661 1.27688 4.32591e+07 2.69264e+14 0.000161422 0.000554738 1.11879e-15 2.39319e-08 313678 0 0 3.5097e-10 0 0 0.00750752 0 0 0 0 0 0 4.31281e+12 4.31281e+12 4.31281e+12 4.31281e+12 
0.0555 -3.46119 -6.76119 -4.55574 -6.10093 1.26119 4.32612e+07 2.69254e+14 0.000161426 0.000554747 1.11888e-15 2.39314e-08 313685 0 0 3.51004e-10 0 0 0.00750752 0 0 0 0 0 0 4.31293e+12 4.31293e+12 4.31293e+12 4.31293e+12 
0.056 -3.44551 -6.74551 -4.54006 -6.08524 1.24551 4.32633e+07 2.69243e+14 0.00016143 0.000554757 1.11896e-15 2.39308e-08 313692 0 0 3.51039e-10 0 0 0.00750752 0 0 0 0 0 0 4.31306e+12 4.31306e+12 4.31306e+12 4.31306e+12 
0.0565 -3.42983 -6.72983 -4.52437 -6.06956 1.22983 4.32655e+07 2.69233e+14 0.000161435 0.000554766 1.11905e-15 2.39303e-08 313699 0 0 3.51073e-10 0 0 0.00750752 0 0 0 0 0 0 4.31318e+12 4.31318e+12 4.31318e+12 4.31318e+12 
0.057 -3.41414 -6.71414 -4.50868 -6.05387 1.21414 4.32676e+07 2.69223e+14 0.000161439 0.000554775 1.11913e-15 2.39298e-08 313706 0 0 3.51108e-10 0 0 0.00750752 0 0 0 0 0 0 4.31331e+12 4.31331e+12 4.31331e+12 4.31331e+12 
0.0575 -3.39845 -6.69845 -4.493 -6.03818 1.19845 4.32697e+07 2.69212e+14 0.000161443 0.000554784 1.11922e-15 2.39293e-08 313713 0 0 3.51142e-10 0 0 0.00750752 0 0 0 0 0 0 4.31344e+12 4.31344e+12 4.31344e+12 4.31344e+12 
0.058 -3.38277 -6.68277 -4.47731 -6.0225 1.18277 4.32718e+07 2.69202e+14 0.000161448 0.000554794 1.1193e-15 2.39287e-08 313720 0 0 3.51177e-10 0 0 0.00750752 0 0 0 0 0 0 4.31356e+12 4.31356e+12 4.31356e+12 4.31356e+12 
0.0585 -3.36708 -6.66708 -4.46162 -6.00681 1.16708 4.3274e+07 2.69191e+14 0.000161452 0.000554803 1.11939e-15 2.39282e-08 313727 0 0 3.51211e-10 0 0 0.00750752 0 0 0 0 0 0 4.31369e+12 4.31369e+12 4.31369e+12 4.31369e+12 
0.059 -3.3514 -6.6514 -4.44593 -5.99112 1.1514 4.32761e+07 2.69181e+14 0.000161457 0.000554812 1.11947e-15 2.39277e-08 313734 0 0 3.51246e-10 0 0 0.00750752 0 0 0 0 0 0 4.31381e+12 4.31381e+12 4.31381e+12 4.31381e+12 
0.0595 -3.33571 -6.63571 -4.43025 -5.97543 1.13571 4.32782e+07 2.6917e+14 0.000161461 0.000554821 1.11956e-15 2.39271e-08 313741 0 0 3.5128e-10 0 0 0.00750752 0 0 0 0 0 0 4.31394e+12 4.31394e+12 4.31394e+12 4.31394e+12 
0.06 -3.32002 -6.62002 -4.41456 -5.95975 1.12002 4.32803e+07 2.6916e+14 0.000161465 0.00055483 1.11964e-15 2.39266e-08 313748 0 0 3.51315e-10 0 0 0.00750752 0 0 0 0 0 0 4.31407e+12 4.31407e+12 4.31407e+12 4.31407e+12 
0.0605 -3.30433 -6.60433 -4.39887 -5.94406 1.10433 4.32825e+07 2.69149e+14 0.00016147 0.00055484 1.11973e-15 2.39261e-08 313755 0 0 3.51349e-10 0 0 0.00750752 0 0 0 0 0 0 4.31419e+12 4.31419e+12 4.31419e+12 4.31419e+12 
0.061 -3.28865 -6.58865 -4.38318 -5.92837 1.08865 4.32846e+07 2.69139e+14 0.000161474 0.000554849 1.11981e-15 2.39255e-08 313762 0 0 3.51384e-10 0 0 0.00750752 0 0 0 0 0 0 4.31432e+12 4.31432e+12 4.31432e+12 4.31432e+12 
0.0615 -3.27296 -6.57296 -4.36749 -5.91268 1.07296 4.32867e+07 2.69129e+14 0.000161478 0.000554858 1.1199e-15 2.3925e-08 313769 0 0 3.51418e-10 0 0 0.00750752 0 0 0 0 0 0 4.31445e+12 4.31445e+12 4.31445e+12 4.31445e+12 
0.062 -3.25727 -6.55727 -4.3518 -5.89699 1.05727 4.32888e+07 2.69118e+14 0.000161483 0.000554867 1.11998e-15 2.39245e-08 313776 0 0 3.51453e-10 0 0 0.00750752 0 0 0 0 0 0 4.31457e+12 4.31457e+12 4.31457e+12 4.31457e+12 
0.0625 -3.24158 -6.54158 -4.33611 -5.8813 1.04158 4.3291e+07 2.69108e+14 0.000161487 0.000554877 1.12007e-15 2.39239e-08 313783 0 0 3.51487e-10 0 0 0.00750752 0 0 0 0 0 0 4.3147e+12 4.3147e+12 4.3147e+12 4.3147e+12 
0.063 -3.22589 -6.52589 -4.32042 -5.86561 1.02589 4.32931e+07 2.69097e+14 0.000161491 0.000554886 1.12016e-15 2.39234e-08 313790 0 0 3.51522e-10 0 0 0.00750752 0 0 0 0 0 0 4.31482e+12 4.31482e+12 4.31482e+12 4.31482e+12 
0.0635 -3.2102 -6.5102 -4.30473 -5.84992 1.0102 4.32952e+07 2.69087e+14 0.000161496 0.000554895 1.12024e-15 2.39229e-08 313797 0 0 3.51556e-10 0 0 0.00750752 0 0 0 0 0 0 4.31495e+12 4.31495e+12 4.31495e+12 4.31495e+12 
0.064 -3.19451 -6.49451 -4.28904 -5.83422 0.994512 4.32973e+07 2.69076e+14 0.0001615 0.000554904 1.12033e-15 2.39224e-08 313803 0 0 3.51591e-10 0 0 0.00750752 0 0 0 0 0 0 4.31508e+12 4.31508e+12 4.31508e+12 4.31508e+12 
0.0645 -3.17882 -6.47882 -4.27335 -5.81853 0.978821 4.32994e+07 2.69066e+14 0.000161504 0.000554913 1.12041e-15 2.39218e-08 313810 0 0 3.51625e-10 0 0 0.00750752 0 0 0 0 0 0 4.3152e+12 4.3152e+12 4.3152e+12 4.3152e+12 
0.065 -3.16313 -6.46313 -4.25765 -5.80284 0.963131 4.33016e+07 2.69056e+14 0.000161509 0.000554923 1.1205e-15 2.39213e-08 313817 0 0 3.5166e-10 0 0 0.00750752 0 0 0 0 0 0 4.31533e+12 4.31533e+12 4.31533e+12 4.31533e+12 
0.0655 -3.14744 -6.44744 -4.24196 -5.78715 0.94744 4.33037e+07 2.69045e+14 0.000161513 0.000554932 1.12058e-15 2.39208e-08 313824 0 0 3.51694e-10 0 0 0.00750752 0 0 0 0 0 0 4.31545e+12 4.31545e+12 4.31545e+12 4.31545e+12 
0.066 -3.13175 -6.43175 -4.22627 -5.77146 0.931748 4.33058e+07 2.69035e+14 0.000161518 0.000554941 1.12067e-15 2.39202e-08 313831 0 0 3.51729e-10 0 0 0.00750752 0 0 0 0 0 0 4.31558e+12 4.31558e+12 4.31558e+12 4.31558e+12 
0.0665 -3.11606 -6.41606 -4.21058 -5.75576 0.916056 4.33079e+07 2.69024e+14 0.000161522 0.00055495 1.12075e-15 2.39197e-08 313838 0 0 3.51764e-10 0 0 0.00750752 0 0 0 0 0 0 4.31571e+12 4.31571e+12 4.31571e+12 4.31571e+12 
0.067 -3.10036 -6.40036 -4.19488 -5.74007 0.900364 4.33101e+07 2.69014e+14 0.000161526 0.00055496 1.12084e-15 2.39192e-08 313845 0 0 3.51798e-10 0 0 0.00750752 0 0 0 0 0 0 4.31583e+12 4.31583e+12 4.31583e+12 4.31583e+12 
0.0675 -3.08467 -6.38467 -4.17919 -5.72438 0.884672 4.33122e+07 2.69003e+14 0.000161531 0.000554969 1.12092e-15 2.39186e-08 313852 0 0 3.51833e-10 0 0 0.00750752 0 0 0 0 0 0 4.31596e+12 4.31596e+12 4.31596e+12 4.31596e+12 
0.068 -3.06898 -6.36898 -4.16349 -5.70868 0.868979 4.33143e+07 2.68993e+14 0.000161535 0.000554978 1.12101e-15 2.39181e-08 313859 0 0 3.51867e-10 0 0 0.00750752 0 0 0 0 0 0 4.31608e+12 4.31608e+12 4.31608e+12 4.31608e+12 
0.0685 -3.05329 -6.35329 -4.1478 -5.69299 0.853286 4.33164e+07 2.68982e+14 0.000161539 0.000554987 1.12109e-15 2.39176e-08 313866 0 0 3.51902e-10 0 0 0.00750752 0 0 0 0 0 0 4.31621e+12 4.31621e+12 4.31621e+12 4.31621e+12 
0.069 -3.03759 -6.33759 -4.13211 -5.67729 0.837593 4.33185e+07 2.68972e+14 0.000161544 0.000554996 1.12118e-15 2.39171e-08 313873 0 0 3.51936e-10 0 0 0.00750752 0 0 0 0 0 0 4.31634e+12 4.31634e+12 4.31634e+12 4.31634e+12 
0.0695 -3.0219 -6.3219 -4.11641 -5.6616 0.821899 4.33207e+07 2.68962e+14 0.000161548 0.000555006 1.12126e-15 2.39165e-08 313880 0 0 3.51971e-10 0 0 0.00750752 0 0 0 0 0 0 4.31646e+12 4.31646e+12 4.31646e+12 4.31646e+12 
0.07 -3.0062 -6.3062 -4.10071 -5.6459 0.806205 4.33228e+07 2.68951e+14 0.000161552 0.000555015 1.12135e-15 2.3916e-08 313887 0 0 3.52005e-10 0 0 0.00750752 0 0 0 0 0 0 4.31659e+12 4.31659e+12 4.31659e+12 4.31659e+12 
0.0705 -2.99051 -6.29051 -4.08502 -5.63021 0.79051 4.33249e+07 2.68941e+14 0.000161557 0.000555024 1.12143e-15 2.39155e-08 313894 0 0 3.5204e-10 0 0 0.00750752 0 0 0 0 0 0 4.31671e+12 4.31671e+12 4.31671e+12 4.31671e+12 
0.071 -2.97482 -6.27482 -4.06932 -5.61451 0.774815 4.3327e+07 2.6893e+14 0.000161561 0.000555033 1.12152e-15 2.39149e-08 313901 0 0 3.52074e-10 0 0 0.00750752 0 0 0 0 0 0 4.31684e+12 4.31684e+12 4.31684e+12 4.31684e+12 
0.0715 -2.95912 -6.25912 -4.05363 -5.59881 0.75912 4.33292e+07 2.6892e+14 0.000161565 0.000555043 1.1216e-15 2.39144e-08 313908 0 0 3.52109e-10 0 0 0.00750752 0 0 0 0 0 0 4.31696e+12 4.31696e+12 4.31696e+12 4.31696e+12 
0.072 -2.94342 -6.24342 -4.03793 -5.58312 0.743424 4.33313e+07 2.6891e+14 0.00016157 0.000555052 1.12169e-15 2.39139e-08 313915 0 0 3.52143e-10 0 0 0.00750752 0 0 0 0 0 0 4.31709e+12 4.31709e+12 4.31709e+12 4.31709e+12 
0.0725 -2.92773 -6.22773 -4.02223 -5.56742 0.727728 4.33334e+07 2.68899e+14 0.000161574 0.000555061 1.12177e-15 2.39134e-08 313922 0 0 3.52178e-10 0 0 0.00750752 0 0 0 0 0 0 4.31722e+12 4.31722e+12 4.31722e+12 4.31722e+12 
0.073 -2.91203 -6.21203 -4.00653 -5.55172 0.712032 4.33355e+07 2.68889e+14 0.000161579 0.00055507 1.12186e-15 2.39128e-08 313929 0 0 3.52212e-10 0 0 0.00750752 0 0 0 0 0 0 4.31734e+12 4.31734e+12 4.31734e+12 4.31734e+12 
0.0735 -2.89634 -6.19634 -3.99084 -5.53602 0.696336 4.33376e+07 2.68878e+14 0.000161583 0.00055508 1.12194e-15 2.39123e-08 313936 0 0 3.52247e-10 0 0 0.00750752 0 0 0 0 0 0 4.31747e+12 4.31747e+12 4.31747e+12 4.31747e+12 
0.074 -2.88064 -6.18064 -3.97514 -5.52033 0.680639 4.33398e+07 2.68868e+14 0.000161587 0.000555089 1.12203e-15 2.39118e-08 313943 0 0 3.52281e-10 0 0 0.00750752 0 0 0 0 0 0 4.31759e+12 4.31759e+12 4.31759e+12 4.31759e+12 
0.0745 -2.86494 -6.16494 -3.95944 -5.50463 0.664941 4.33419e+07 2.68857e+14 0.000161592 0.000555098 1.12211e-15 2.39112e-08 313949 0 0 3.52316e-10 0 0 0.00750752 0 0 0 0 0 0 4.31772e+12 4.31772e+12 4.31772e+12 4.31772e+12 
0.075 -2.84924 -6.14924 -3.94374 -5.48893 0.649244 4.3344e+07 2.68847e+14 0.000161596 0.000555107 1.1222e-15 2.39107e-08 313956 0 0 3.5235e-10 0 0 0.00750752 0 0 0 0 0 0 4.31784e+12 4.31784e+12 4.31784e+12 4.31784e+12 
0.0755 -2.83355 -6.13355 -3.92804 -5.47323 0.633546 4.33461e+07 2.68837e+14 0.0001616 0.000555116 1.12228e-15 2.39102e-08 313963 0 0 3.52385e-10 0 0 0.00750752 0 0 0 0 0 0 4.31797e+12 4.31797e+12 4.31797e+12 4.31797e+12 
0.076 -2.81785 -6.11785 -3.91234 -5.45753 0.617847 4.33482e+07 2.68826e+14 0.000161605 0.000555126 1.12237e-15 2.39096e-08 313970 0 0 3.5242e-10 0 0 0.00750752 0 0 0 0 0 0 4.3181e+12 4.3181e+12 4.3181e+12 4.3181e+12 
0.0765 -2.80215 -6.10215 -3.89664 -5.44183 0.602149 4.33504e+07 2.68816e+14 0.000161609 0.000555135 1.12245e-15 2.39091e-08 313977 0 0 3.52454e-10 0 0 0.00750752 0 0 0 0 0 0 4.31822e+12 4.31822e+12 4.31822e+12 4.31822e+12 
0.077 -2.78645 -6.08645 -3.88094 -5.42613 0.58645 4.33525e+07 2.68805e+14 0.000161613 0.000555144 1.12254e-15 2.39086e-08 313984 0 0 3.52489e-10 0 0 0.00750752 0 0 0 0 0 0 4.31835e+12 4.31835e+12 4.31835e+12 4.31835e+12 
0.0775 -2.77075 -6.07075 -3.86524 -5.41043 0.57075 4.33546e+07 2.68795e+14 0.000161618 0.000555153 1.12262e-15 2.39081e-08 313991 0 0 3.52523e-10 0 0 0.00750752 0 0 0 0 0 0 4.31847e+12 4.31847e+12 4.31847e+12 4.31847e+12 
0.078 -2.75505 -6.05505 -3.84954 -5.39473 0.555051 4.33567e+07 2.68784e+14 0.000161622 0.000555163 1.12271e-15 2.39075e-08 313998 0 0 3.52558e-10 0 0 0.00750752 0 0 0 0 0 0 4.3186e+12 4.3186e+12 4.3186e+12 4.3186e+12 
0.0785 -2.73935 -6.03935 -3.83384 -5.37903 0.53935 4.33588e+07 2.68774e+14 0.000161626 0.000555172 1.1228e-15 2.3907e-08 314005 0 0 3.52592e-10 0 0 0.00750752 0 0 0 0 0 0 4.31872e+12 4.31872e+12 4.31872e+12 4.31872e+12 
0.079 -2.72365 -6.02365 -3.81814 -5.36333 0.52365 4.3361e+07 2.68764e+14 0.000161631 0.000555181 1.12288e-15 2.39065e-08 314012 0 0 3.52627e-10 0 0 0.00750752 0 0 0 0 0 0 4.31885e+12 4.31885e+12 4.31885e+12 4.31885e+12 
0.0795 -2.70795 -6.00795 -3.80243 -5.34762 0.507949 4.33631e+07 2.68753e+14 0.000161635 0.00055519 1.12297e-15 2.39059e-08 314019 0 0 3.52661e-10 0 0 0.00750752 0 0 0 0 0 0 4.31898e+12 4.31898e+12 4.31898e+12 4.31898e+12 
0.08 -2.69225 -5.99225 -3.78673 -5.33192 0.492248 4.33652e+07 2.68743e+14 0.00016164 0.000555199 1.12305e-15 2.39054e-08 314026 0 0 3.52696e-10 0 0 0.00750752 0 0 0 0 0 0 4.3191e+12 4.3191e+12 4.3191e+12 4.3191e+12 
0.0805 -2.67655 -5.97655 -3.77103 -5.31622 0.476547 4.33673e+07 2.68732e+14 0.000161644 0.000555209 1.12314e-15 2.39049e-08 314033 0 0 3.5273e-10 0 0 0.00750752 0 0 0 0 0 0 4.31923e+12 4.31923e+12 4.31923e+12 4.31923e+12 
0.081 -2.66084 -5.96084 -3.75533 -5.30052 0.460845 4.33694e+07 2.68722e+14 0.000161648 0.000555218 1.12322e-15 2.39044e-08 314040 0 0 3.52765e-10 0 0 0.00750752 0 0 0 0 0 0 4.31935e+12 4.31935e+12 4.31935e+12 4.31935e+12 
0.0815 -2.64514 -5.94514 -3.73962 -5.28481 0.445143 4.33716e+07 2.68712e+14 0.000161653 0.000555227 1.12331e-15 2.39038e-08 314047 0 0 3.528e-10 0 0 0.00750752 0 0 0 0 0 0 4.31948e+12 4.31948e+12 4.31948e+12 4.31948e+12 
0.082 -2.62944 -5.92944 -3.72392 -5.26911 0.42944 4.33737e+07 2.68701e+14 0.000161657 0.000555236 1.12339e-15 2.39033e-08 314054 0 0 3.52834e-10 0 0 0.00750752 0 0 0 0 0 0 4.3196e+12 4.3196e+12 4.3196e+12 4.3196e+12 
0.0825 -2.61374 -5.91374 -3.70822 -5.2534 0.413737 4.33758e+07 2.68691e+14 0.000161661 0.000555246 1.12348e-15 2.39028e-08 314061 0 0 3.52869e-10 0 0 0.00750752 0 0 0 0 0 0 4.31973e+12 4.31973e+12 4.31973e+12 4.31973e+12 
0.083 -2.59803 -5.89803 -3.69251 -5.2377 0.398034 4.33779e+07 2.6868e+14 0.000161666 0.000555255 1.12356e-15 2.39022e-08 314068 0 0 3.52903e-10 0 0 0.00750752 0 0 0 0 0 0 4.31986e+12 4.31986e+12 4.31986e+12 4.31986e+12 
0.0835 -2.58233 -5.88233 -3.67681 -5.22199 0.382331 4.338e+07 2.6867e+14 0.00016167 0.000555264 1.12365e-15 2.39017e-08 314075 0 0 3.52938e-10 0 0 0.00750752 0 0 0 0 0 0 4.31998e+12 4.31998e+12 4.31998e+12 4.31998e+12 
0.084 -2.56663 -5.86663 -3.6611 -5.20629 0.366627 4.33821e+07 2.6866e+14 0.000161674 0.000555273 1.12373e-15 2.39012e-08 314081 0 0 3.52972e-10 0 0 0.00750752 0 0 0 0 0 0 4.32011e+12 4.32011e+12 4.32011e+12 4.32011e+12 
0.0845 -2.55092 -5.85092 -3.6454 -5.19058 0.350922 4.33843e+07 2.68649e+14 0.000161679 0.000555283 1.12382e-15 2.39007e-08 314088 0 0 3.53007e-10 0 0 0.00750752 0 0 0 0 0 0 4.32023e+12 4.32023e+12 4.32023e+12 4.32023e+12 
0.085 -2.53522 -5.83522 -3.62969 -5.17488 0.335218 4.33864e+07 2.68639e+14 0.000161683 0.000555292 1.1239e-15 2.39001e-08 314095 0 0 3.53041e-10 0 0 0.00750752 0 0 0 0 0 0 4.32036e+12 4.32036e+12 4.32036e+12 4.32036e+12 
0.0855 -2.51951 -5.81951 -3.61398 -5.15917 0.319513 4.33885e+07 2.68628e+14 0.000161688 0.000555301 1.12399e-15 2.38996e-08 314102 0 0 3.53076e-10 0 0 0.00750752 0 0 0 0 0 0 4.32048e+12 4.32048e+12 4.32048e+12 4.32048e+12 
0.086 -2.50381 -5.80381 -3.59828 -5.14347 0.303808 4.33906e+07 2.68618e+14 0.000161692 0.00055531 1.12407e-15 2.38991e-08 314109 0 0 3.53111e-10 0 0 0.00750752 0 0 0 0 0 0 4.32061e+12 4.32061e+12 4.32061e+12 4.32061e+12 
0.0865 -2.4881 -5.7881 -3.58257 -5.12776 0.288102 4.33927e+07 2.68608e+14 0.000161696 0.000555319 1.12416e-15 2.38985e-08 314116 0 0 3.53145e-10 0 0 0.00750752 0 0 0 0 0 0 4.32073e+12 4.32073e+12 4.32073e+12 4.32073e+12 
0.087 -2.4724 -5.7724 -3.56686 -5.11205 0.272396 4.33949e+07 2.68597e+14 0.000161701 0.000555329 1.12424e-15 2.3898e-08 314123 0 0 3.5318e-10 0 0 0.00750752 0 0 0 0 0 0 4.32086e+12 4.32086e+12 4.32086e+12 4.32086e+12 
0.0875 -2.45669 -5.75669 -3.55115 -5.09634 0.25669 4.3397e+07 2.68587e+14 0.000161705 0.000555338 1.12433e-15 2.38975e-08 314130 0 0 3.53214e-10 0 0 0.00750752 0 0 0 0 0 0 4.32099e+12 4.32099e+12 4.32099e+12 4.32099e+12 
0.088 -2.44098 -5.74098 -3.53545 -5.08064 0.240983 4.33991e+07 2.68576e+14 0.000161709 0.000555347 1.12441e-15 2.3897e-08 314137 0 0 3.53249e-10 0 0 0.00750752 0 0 0 0 0 0 4.32111e+12 4.32111e+12 4.32111e+12 4.32111e+12 
0.0885 -2.42528 -5.72528 -3.51974 -5.06493 0.225276 4.34012e+07 2.68566e+14 0.000161714 0.000555356 1.1245e-15 2.38964e-08 314144 0 0 3.53283e-10 0 0 0.00750752 0 0 0 0 0 0 4.32124e+12 4.32124e+12 4.32124e+12 4.32124e+12 
0.089 -2.40957 -5.70957 -3.50403 -5.04922 0.209569 4.34033e+07 2.68556e+14 0.000161718 0.000555366 1.12458e-15 2.38959e-08 314151 0 0 3.53318e-10 0 0 0.00750752 0 0 0 0 0 0 4.32136e+12 4.32136e+12 4.32136e+12 4.32136e+12 
0.0895 -2.39386 -5.69386 -3.48832 -5.03351 0.193861 4.34054e+07 2.68545e+14 0.000161722 0.000555375 1.12467e-15 2.38954e-08 314158 0 0 3.53352e-10 0 0 0.00750752 0 0 0 0 0 0 4.32149e+12 4.32149e+12 4.32149e+12 4.32149e+12 
0.09 -2.37815 -5.67815 -3.47261 -5.0178 0.178153 4.34076e+07 2.68535e+14 0.000161727 0.000555384 1.12475e-15 2.38948e-08 314165 0 0 3.53387e-10 0 0 0.00750752 0 0 0 0 0 0 4.32161e+12 4.32161e+12 4.32161e+12 4.32161e+12 
0.0905 -2.36244 -5.66244 -3.4569 -5.00209 0.162444 4.34097e+07 2.68524e+14 0.000161731 0.000555393 1.12484e-15 2.38943e-08 314172 0 0 3.53422e-10 0 0 0.00750752 0 0 0 0 0 0 4.32174e+12 4.32174e+12 4.32174e+12 4.32174e+12 
0.091 -2.34674 -5.64674 -3.44119 -4.98638 0.146736 4.34118e+07 2.68514e+14 0.000161735 0.000555403 1.12492e-15 2.38938e-08 314179 0 0 3.53456e-10 0 0 0.00750752 0 0 0 0 0 0 4.32186e+12 4.32186e+12 4.32186e+12 4.32186e+12 
0.0915 -2.33103 -5.63103 -3.42548 -4.97067 0.131026 4.34139e+07 2.68504e+14 0.00016174 0.000555412 1.12501e-15 2.38933e-08 314186 0 0 3.53491e-10 0 0 0.00750752 0 0 0 0 0 0 4.32199e+12 4.32199e+12 4.32199e+12 4.32199e+12 
0.092 -2.31532 -5.61532 -3.40977 -4.95496 0.115317 4.3416e+07 2.68493e+14 0.000161744 0.000555421 1.12509e-15 2.38927e-08 314193 0 0 3.53525e-10 0 0 0.00750752 0 0 0 0 0 0 4.32211e+12 4.32211e+12 4.32211e+12 4.32211e+12 
0.0925 -2.29961 -5.59961 -3.39406 -4.93925 0.0996072 4.34182e+07 2.68483e+14 0.000161749 0.00055543 1.12518e-15 2.38922e-08 314199 0 0 3.5356e-10 0 0 0.00750752 0 0 0 0 0 0 4.32224e+12 4.32224e+12 4.32224e+12 4.32224e+12 
0.093 -2.2839 -5.5839 -3.37835 -4.92354 0.0838971 4.34203e+07 2.68472e+14 0.000161753 0.000555439 1.12527e-15 2.38917e-08 314206 0 0 3.53594e-10 0 0 0.00750752 0 0 0 0 0 0 4.32236e+12 4.32236e+12 4.32236e+12 4.32236e+12 
0.0935 -2.26819 -5.56819 -3.36264 -4.90783 0.0681866 4.34224e+07 2.68462e+14 0.000161757 0.000555449 1.12535e-15 2.38912e-08 314213 0 0 3.53629e-10 0 0 0.00750752 0 0 0 0 0 0 4.32249e+12 4.32249e+12 4.32249e+12 4.32249e+12 
0.094 -2.25248 -5.55248 -3.34692 -4.89211 0.0524757 4.34245e+07 2.68452e+14 0.000161762 0.000555458 1.12544e-15 2.38906e-08 314220 0 0 3.53664e-10 0 0 0.00750752 0 0 0 0 0 0 4.32262e+12 4.32262e+12 4.32262e+12 4.32262e+12 
0.0945 -2.23676 -5.53676 -3.33121 -4.8764 0.0367645 4.34266e+07 2.68441e+14 0.000161766 0.000555467 1.12552e-15 2.38901e-08 314227 0 0 3.53698e-10 0 0 0.00750752 0 0 0 0 0 0 4.32274e+12 4.32274e+12 4.32274e+12 4.32274e+12 
0.095 -2.22105 -5.52105 -3.3155 -4.86069 0.021053 4.34287e+07 2.68431e+14 0.00016177 0.000555476 1.12561e-15 2.38896e-08 314234 0 0 3.53733e-10 0 0 0.00750752 0 0 0 0 0 0 4.32287e+12 4.32287e+12 4.32287e+12 4.32287e+12 
0.0955 -2.20534 -5.50534 -3.29979 -4.84497 0.00534113 4.34309e+07 2.6842e+14 0.000161775 0.000555486 1.12569e-15 2.3889e-08 314241 0 0 3.53767e-10 0 0 0.00750752 0 0 0 0 0 0 4.32299e+12 4.32299e+12 4.32299e+12 4.32299e+12 
0.096 -2.18963 -5.48963 -3.28407 -4.82926 -0.0103711 4.3433e+07 2.6841e+14 0.000161779 0.000555495 1.12578e-15 2.38885e-08 314248 0 0 3.53802e-10 0 0 0.00750752 0 0 0 0 0 0 4.32312e+12 4.32312e+12 4.32312e+12 4.32312e+12 
0.0965 -2.17392 -5.47392 -3.26836 -4.81355 -0.0260837 4.34351e+07 2.684e+14 0.000161783 0.000555504 1.12586e-15 2.3888e-08 314255 0 0 3.53836e-10 0 0 0.00750752 0 0 0 0 0 0 4.32324e+12 4.32324e+12 4.32324e+12 4.32324e+12 
0.097 -2.1582 -5.4582 -3.25264 -4.79783 -0.0417966 4.34372e+07 2.68389e+14 0.000161788 0.000555513 1.12595e-15 2.38875e-08 314262 0 0 3.53871e-10 0 0 0.00750752 0 0 0 0 0 0 4.32337e+12 4.32337e+12 4.32337e+12 4.32337e+12 
0.0975 -2.14249 -5.44249 -3.23693 -4.78212 -0.0575099 4.34393e+07 2.68379e+14 0.000161792 0.000555523 1.12603e-15 2.38869e-08 314269 0 0 3.53906e-10 0 0 0.00750752 0 0 0 0 0 0 4.32349e+12 4.32349e+12 4.32349e+12 4.32349e+12 
0.098 -2.12678 -5.42678 -3.22121 -4.7664 -0.0732235 4.34414e+07 2.68369e+14 0.000161796 0.000555532 1.12612e-15 2.38864e-08 314276 0 0 3.5394e-10 0 0 0.00750752 0 0 0 0 0 0 4.32362e+12 4.32362e+12 4.32362e+12 4.32362e+12 
0.0985 -2.11106 -5.41106 -3.2055 -4.75069 -0.0889375 4.34435e+07 2.68358e+14 0.000161801 0.000555541 1.1262e-15 2.38859e-08 314283 0 0 3.53975e-10 0 0 0.00750752 0 0 0 0 0 0 4.32374e+12 4.32374e+12 4.32374e+12 4.32374e+12 
0.099 -2.09535 -5.39535 -3.18978 -4.73497 -0.104652 4.34457e+07 2.68348e+14 0.000161805 0.00055555 1.12629e-15 2.38854e-08 314290 0 0 3.54009e-10 0 0 0.00750752 0 0 0 0 0 0 4.32387e+12 4.32387e+12 4.32387e+12 4.32387e+12 
0.0995 -2.07963 -5.37963 -3.17407 -4.71926 -0.120366 4.34478e+07 2.68337e+14 0.00016181 0.000555559 1.12637e-15 2.38848e-08 314297 0 0 3.54044e-10 0 0 0.00750752 0 0 0 0 0 0 4.32399e+12 4.32399e+12 4.32399e+12 4.32399e+12 
0.1 -2.06392 -5.36392 -3.15835 -4.70354 -0.136081 4.34499e+07 2.68327e+14 0.000161814 0.000555569 1.12646e-15 2.38843e-08 314304 0 0 3.54079e-10 0 0 0.00750752 0 0 0 0 0 0 4.32412e+12 4.32412e+12 4.32412e+12 4.32412e+12 
0.1005 -2.0482 -5.3482 -3.14263 -4.68782 -0.151797 4.3452e+07 2.68317e+14 0.000161818 0.000555578 1.12654e-15 2.38838e-08 314311 0 0 3.54113e-10 0 0 0.00750752 0 0 0 0 0 0 4.32424e+12 4.32424e+12 4.32424e+12 4.32424e+12 
0.101 -2.03249 -5.33249 -3.12692 -4.67211 -0.167512 4.34541e+07 2.68306e+14 0.000161823 0.000555587 1.12663e-15 2.38832e-08 314317 0 0 3.54148e-10 0 0 0.00750752 0 0 0 0 0 0 4.32437e+12 4.32437e+12 4.32437e+12 4.32437e+12 
0.1015 -2.01677 -5.31677 -3.1112 -4.65639 -0.183229 4.34562e+07 2.68296e+14 0.000161827 0.000555596 1.12671e-15 2.38827e-08 314324 0 0 3.54182e-10 0 0 0.00750752 0 0 0 0 0 0 4.32449e+12 4.32449e+12 4.32449e+12 4.32449e+12 
0.102 -2.00106 -5.30106 -3.09548 -4.64067 -0.198945 4.34584e+07 2.68286e+14 0.000161831 0.000555606 1.1268e-15 2.38822e-08 314331 0 0 3.54217e-10 0 0 0.00750752 0 0 0 0 0 0 4.32462e+12 4.32462e+12 4.32462e+12 4.32462e+12 
0.1025 -1.98534 -5.28534 -3.07976 -4.62495 -0.214662 4.34605e+07 2.68275e+14 0.000161836 0.000555615 1.12688e-15 2.38817e-08 314338 0 0 3.54251e-10 0 0 0.00750752 0 0 0 0 0 0 4.32474e+12 4.32474e+12 4.32474e+12 4.32474e+12 
0.103 -1.96962 -5.26962 -3.06405 -4.60924 -0.230379 4.34626e+07 2.68265e+14 0.00016184 0.000555624 1.12697e-15 2.38811e-08 314345 0 0 3.54286e-10 0 0 0.00750752 0 0 0 0 0 0 4.32487e+12 4.32487e+12 4.32487e+12 4.32487e+12 
0.1035 -1.9539 -5.2539 -3.04833 -4.59352 -0.246096 4.34647e+07 2.68254e+14 0.000161844 0.000555633 1.12705e-15 2.38806e-08 314352 0 0 3.54321e-10 0 0 0.00750752 0 0 0 0 0 0 4.32499e+12 4.32499e+12 4.32499e+12 4.32499e+12 
0.104 -1.93819 -5.23819 -3.03261 -4.5778 -0.261814 4.34668e+07 2.68244e+14 0.000161849 0.000555643 1.12714e-15 2.38801e-08 314359 0 0 3.54355e-10 0 0 0.00750752 0 0 0 0 0 0 4.32512e+12 4.32512e+12 4.32512e+12 4.32512e+12 
0.1045 -1.92247 -5.22247 -3.01689 -4.56208 -0.277532 4.34689e+07 2.68234e+14 0.000161853 0.000555652 1.12722e-15 2.38796e-08 314366 0 0 3.5439e-10 0 0 0.00750752 0 0 0 0 0 0 4.32524e+12 4.32524e+12 4.32524e+12 4.32524e+12 
0.105 -1.90675 -5.20675 -3.00117 -4.54636 -0.293251 4.3471e+07 2.68223e+14 0.000161857 0.000555661 1.12731e-15 2.3879e-08 314373 0 0 3.54424e-10 0 0 0.00750752 0 0 0 0 0 0 4.32537e+12 4.32537e+12 4.32537e+12 4.32537e+12 
0.1055 -1.89103 -5.19103 -2.98545 -4.53064 -0.308969 4.34732e+07 2.68213e+14 0.000161862 0.00055567 1.12739e-15 2.38785e-08 314380 0 0 3.54459e-10 0 0 0.00750752 0 0 0 0 0 0 4.32549e+12 4.32549e+12 4.32549e+12 4.32549e+12 
0.106 -1.87531 -5.17531 -2.96973 -4.51492 -0.324689 4.34753e+07 2.68203e+14 0.000161866 0.000555679 1.12748e-15 2.3878e-08 314387 0 0 3.54494e-10 0 0 0.00750752 0 0 0 0 0 0 4.32562e+12 4.32562e+12 4.32562e+12 4.32562e+12 
0.1065 -1.85959 -5.15959 -2.95401 -4.4992 -0.340408 4.34774e+07 2.68192e+14 0.000161871 0.000555689 1.12757e-15 2.38775e-08 314394 0 0 3.54528e-10 0 0 0.00750752 0 0 0 0 0 0 4.32574e+12 4.32574e+12 4.32574e+12 4.32574e+12 
0.107 -1.84387 -5.14387 -2.93829 -4.48348 -0.356128 4.34795e+07 2.68182e+14 0.000161875 0.000555698 1.12765e-15 2.38769e-08 314401 0 0 3.54563e-10 0 0 0.00750752 0 0 0 0 0 0 4.32587e+12 4.32587e+12 4.32587e+12 4.32587e+12 
0.1075 -1.82815 -5.12815 -2.92257 -4.46776 -0.371848 4.34816e+07 2.68171e+14 0.000161879 0.000555707 1.12774e-15 2.38764e-08 314408 0 0 3.54597e-10 0 0 0.00750752 0 0 0 0 0 0 4.32599e+12 4.32599e+12 4.32599e+12 4.32599e+12 
0.108 -1.81243 -5.11243 -2.90684 -4.45203 -0.387569 4.34837e+07 2.68161e+14 0.000161884 0.000555716 1.12782e-15 2.38759e-08 314415 0 0 3.54632e-10 0 0 0.00750752 0 0 0 0 0 0 4.32612e+12 4.32612e+12 4.32612e+12 4.32612e+12 
0.1085 -1.79671 -5.09671 -2.89112 -4.43631 -0.40329 4.34858e+07 2.68151e+14 0.000161888 0.000555726 1.12791e-15 2.38753e-08 314421 0 0 3.54667e-10 0 0 0.00750752 0 0 0 0 0 0 4.32624e+12 4.32624e+12 4.32624e+12 4.32624e+12 
0.109 -1.78099 -5.08099 -2.8754 -4.42059 -0.419011 4.3488e+07 2.6814e+14 0.000161892 0.000555735 1.12799e-15 2.38748e-08 314428 0 0 3.54701e-10 0 0 0.00750752 0 0 0 0 0 0 4.32637e+12 4.32637e+12 4.32637e+12 4.32637e+12 
0.1095 -1.76527 -5.06527 -2.85968 -4.40487 -0.434732 4.34901e+07 2.6813e+14 0.000161897 0.000555744 1.12808e-15 2.38743e-08 314435 0 0 3.54736e-10 0 0 0.00750752 0 0 0 0 0 0 4.32649e+12 4.32649e+12 4.32649e+12 4.32649e+12 
0.11 -1.74955 -5.04955 -2.84395 -4.38914 -0.450454 4.34922e+07 2.6812e+14 0.000161901 0.000555753 1.12816e-15 2.38738e-08 314442 0 0 3.5477e-10 0 0 0.00750752 0 0 0 0 0 0 4.32662e+12 4.32662e+12 4.32662e+12 4.32662e+12 
0.1105 -1.73382 -5.03382 -2.82823 -4.37342 -0.466177 4.34943e+07 2.68109e+14 0.000161905 0.000555763 1.12825e-15 2.38732e-08 314449 0 0 3.54805e-10 0 0 0.00750752 0 0 0 0 0 0 4.32674e+12 4.32674e+12 4.32674e+12 4.32674e+12 
0.111 -1.7181 -5.0181 -2.81251 -4.3577 -0.481899 4.34964e+07 2.68099e+14 0.00016191 0.000555772 1.12833e-15 2.38727e-08 314456 0 0 3.5484e-10 0 0 0.00750752 0 0 0 0 0 0 4.32687e+12 4.32687e+12 4.32687e+12 4.32687e+12 
0.1115 -1.70238 -5.00238 -2.79678 -4.34197 -0.497622 4.34985e+07 2.68089e+14 0.000161914 0.000555781 1.12842e-15 2.38722e-08 314463 0 0 3.54874e-10 0 0 0.00750752 0 0 0 0 0 0 4.32699e+12 4.32699e+12 4.32699e+12 4.32699e+12 
0.112 -1.68665 -4.98665 -2.78106 -4.32625 -0.513346 4.35006e+07 2.68078e+14 0.000161919 0.00055579 1.1285e-15 2.38717e-08 314470 0 0 3.54909e-10 0 0 0.00750752 0 0 0 0 0 0 4.32712e+12 4.32712e+12 4.32712e+12 4.32712e+12 
0.1125 -1.67093 -4.97093 -2.76533 -4.31052 -0.529069 4.35027e+07 2.68068e+14 0.000161923 0.000555799 1.12859e-15 2.38711e-08 314477 0 0 3.54944e-10 0 0 0.00750752 0 0 0 0 0 0 4.32724e+12 4.32724e+12 4.32724e+12 4.32724e+12 
0.113 -1.65521 -4.95521 -2.74961 -4.2948 -0.544793 4.35049e+07 2.68057e+14 0.000161927 0.000555809 1.12867e-15 2.38706e-08 314484 0 0 3.54978e-10 0 0 0.00750752 0 0 0 0 0 0 4.32737e+12 4.32737e+12 4.32737e+12 4.32737e+12 
0.1135 -1.63948 -4.93948 -2.73388 -4.27907 -0.560518 4.3507e+07 2.68047e+14 0.000161932 0.000555818 1.12876e-15 2.38701e-08 314491 0 0 3.55013e-10 0 0 0.00750752 0 0 0 0 0 0 4.32749e+12 4.32749e+12 4.32749e+12 4.32749e+12 
0.114 -1.62376 -4.92376 -2.71815 -4.26334 -0.576242 4.35091e+07 2.68037e+14 0.000161936 0.000555827 1.12884e-15 2.38696e-08 314498 0 0 3.55047e-10 0 0 0.00750752 0 0 0 0 0 0 4.32762e+12 4.32762e+12 4.32762e+12 4.32762e+12 
0.1145 -1.60803 -4.90803 -2.70243 -4.24762 -0.591967 4.35112e+07 2.68026e+14 0.00016194 0.000555836 1.12893e-15 2.3869e-08 314505 0 0 3.55082e-10 0 0 0.00750752 0 0 0 0 0 0 4.32774e+12 4.32774e+12 4.32774e+12 4.32774e+12 
0.115 -1.59231 -4.89231 -2.6867 -4.23189 -0.607693 4.35133e+07 2.68016e+14 0.000161945 0.000555846 1.12901e-15 2.38685e-08 314512 0 0 3.55117e-10 0 0 0.00750752 0 0 0 0 0 0 4.32787e+12 4.32787e+12 4.32787e+12 4.32787e+12 
0.1155 -1.57658 -4.87658 -2.67097 -4.21616 -0.623419 4.35154e+07 2.68006e+14 0.000161949 0.000555855 1.1291e-15 2.3868e-08 314518 0 0 3.55151e-10 0 0 0.00750752 0 0 0 0 0 0 4.32799e+12 4.32799e+12 4.32799e+12 4.32799e+12 
0.116 -1.56086 -4.86086 -2.65525 -4.20044 -0.639145 4.35175e+07 2.67995e+14 0.000161953 0.000555864 1.12918e-15 2.38675e-08 314525 0 0 3.55186e-10 0 0 0.00750752 0 0 0 0 0 0 4.32812e+12 4.32812e+12 4.32812e+12 4.32812e+12 
0.1165 -1.54513 -4.84513 -2.63952 -4.18471 -0.654871 4.35196e+07 2.67985e+14 0.000161958 0.000555873 1.12927e-15 2.38669e-08 314532 0 0 3.5522e-10 0 0 0.00750752 0 0 0 0 0 0 4.32824e+12 4.32824e+12 4.32824e+12 4.32824e+12 
0.117 -1.5294 -4.8294 -2.62379 -4.16898 -0.670598 4.35218e+07 2.67975e+14 0.000161962 0.000555883 1.12935e-15 2.38664e-08 314539 0 0 3.55255e-10 0 0 0.00750752 0 0 0 0 0 0 4.32837e+12 4.32837e+12 4.32837e+12 4.32837e+12 
0.1175 -1.51367 -4.81367 -2.60806 -4.15325 -0.686325 4.35239e+07 2.67964e+14 0.000161966 0.000555892 1.12944e-15 2.38659e-08 314546 0 0 3.5529e-10 0 0 0.00750752 0 0 0 0 0 0 4.32849e+12 4.32849e+12 4.32849e+12 4.32849e+12 
0.118 -1.49795 -4.79795 -2.59233 -4.13752 -0.702052 4.3526e+07 2.67954e+14 0.000161971 0.000555901 1.12952e-15 2.38654e-08 314553 0 0 3.55324e-10 0 0 0.00750752 0 0 0 0 0 0 4.32862e+12 4.32862e+12 4.32862e+12 4.32862e+12 
0.1185 -1.48222 -4.78222 -2.57661 -4.1218 -0.71778 4.35281e+07 2.67944e+14 0.000161975 0.00055591 1.12961e-15 2.38648e-08 314560 0 0 3.55359e-10 0 0 0.00750752 0 0 0 0 0 0 4.32874e+12 4.32874e+12 4.32874e+12 4.32874e+12 
0.119 -1.46649 -4.76649 -2.56088 -4.10607 -0.733508 4.35302e+07 2.67933e+14 0.00016198 0.000555919 1.1297e-15 2.38643e-08 314567 0 0 3.55394e-10 0 0 0.00750752 0 0 0 0 0 0 4.32887e+12 4.32887e+12 4.32887e+12 4.32887e+12 
0.1195 -1.45076 -4.75076 -2.54515 -4.09034 -0.749237 4.35323e+07 2.67923e+14 0.000161984 0.000555929 1.12978e-15 2.38638e-08 314574 0 0 3.55428e-10 0 0 0.00750752 0 0 0 0 0 0 4.32899e+12 4.32899e+12 4.32899e+12 4.32899e+12 
0.12 -1.43503 -4.73503 -2.52942 -4.07461 -0.764966 4.35344e+07 2.67913e+14 0.000161988 0.000555938 1.12987e-15 2.38633e-08 314581 0 0 3.55463e-10 0 0 0.00750752 0 0 0 0 0 0 4.32912e+12 4.32912e+12 4.32912e+12 4.32912e+12 
0.1205 -1.4193 -4.7193 -2.51369 -4.05888 -0.780695 4.35365e+07 2.67902e+14 0.000161993 0.000555947 1.12995e-15 2.38627e-08 314588 0 0 3.55497e-10 0 0 0.00750752 0 0 0 0 0 0 4.32924e+12 4.32924e+12 4.32924e+12 4.32924e+12 
0.121 -1.40358 -4.70358 -2.49795 -4.04315 -0.796425 4.35386e+07 2.67892e+14 0.000161997 0.000555956 1.13004e-15 2.38622e-08 314595 0 0 3.55532e-10 0 0 0.00750752 0 0 0 0 0 0 4.32937e+12 4.32937e+12 4.32937e+12 4.32937e+12 
0.1215 -1.38785 -4.68785 -2.48222 -4.02741 -0.812155 4.35408e+07 2.67881e+14 0.000162001 0.000555966 1.13012e-15 2.38617e-08 314602 0 0 3.55567e-10 0 0 0.00750752 0 0 0 0 0 0 4.32949e+12 4.32949e+12 4.32949e+12 4.32949e+12 
0.122 -1.37212 -4.67212 -2.46649 -4.01168 -0.827885 4.35429e+07 2.67871e+14 0.000162006 0.000555975 1.13021e-15 2.38612e-08 314609 0 0 3.55601e-10 0 0 0.00750752 0 0 0 0 0 0 4.32961e+12 4.32961e+12 4.32961e+12 4.32961e+12 
0.1225 -1.35638 -4.65638 -2.45076 -3.99595 -0.843615 4.3545e+07 2.67861e+14 0.00016201 0.000555984 1.13029e-15 2.38606e-08 314615 0 0 3.55636e-10 0 0 0.00750752 0 0 0 0 0 0 4.32974e+12 4.32974e+12 4.32974e+12 4.32974e+12 
0.123 -1.34065 -4.64065 -2.43503 -3.98022 -0.859346 4.35471e+07 2.6785e+14 0.000162014 0.000555993 1.13038e-15 2.38601e-08 314622 0 0 3.55671e-10 0 0 0.00750752 0 0 0 0 0 0 4.32986e+12 4.32986e+12 4.32986e+12 4.32986e+12 
0.1235 -1.32492 -4.62492 -2.4193 -3.96449 -0.875078 4.35492e+07 2.6784e+14 0.000162019 0.000556003 1.13046e-15 2.38596e-08 314629 0 0 3.55705e-10 0 0 0.00750752 0 0 0 0 0 0 4.32999e+12 4.32999e+12 4.32999e+12 4.32999e+12 
0.124 -1.30919 -4.60919 -2.40356 -3.94875 -0.890809 4.35513e+07 2.6783e+14 0.000162023 0.000556012 1.13055e-15 2.38591e-08 314636 0 0 3.5574e-10 0 0 0.00750752 0 0 0 0 0 0 4.33011e+12 4.33011e+12 4.33011e+12 4.33011e+12 
0.1245 -1.29346 -4.59346 -2.38783 -3.93302 -0.906541 4.35534e+07 2.67819e+14 0.000162028 0.000556021 1.13063e-15 2.38585e-08 314643 0 0 3.55774e-10 0 0 0.00750752 0 0 0 0 0 0 4.33024e+12 4.33024e+12 4.33024e+12 4.33024e+12 
0.125 -1.27773 -4.57773 -2.3721 -3.91729 -0.922274 4.35555e+07 2.67809e+14 0.000162032 0.00055603 1.13072e-15 2.3858e-08 314650 0 0 3.55809e-10 0 0 0.00750752 0 0 0 0 0 0 4.33036e+12 4.33036e+12 4.33036e+12 4.33036e+12 
0.1255 -1.26199 -4.56199 -2.35636 -3.90155 -0.938006 4.35576e+07 2.67799e+14 0.000162036 0.00055604 1.1308e-15 2.38575e-08 314657 0 0 3.55844e-10 0 0 0.00750752 0 0 0 0 0 0 4.33049e+12 4.33049e+12 4.33049e+12 4.33049e+12 
0.126 -1.24626 -4.54626 -2.34063 -3.88582 -0.953739 4.35597e+07 2.67788e+14 0.000162041 0.000556049 1.13089e-15 2.3857e-08 314664 0 0 3.55878e-10 0 0 0.00750752 0 0 0 0 0 0 4.33061e+12 4.33061e+12 4.33061e+12 4.33061e+12 
0.1265 -1.23053 -4.53053 -2.32489 -3.87008 -0.969473 4.35619e+07 2.67778e+14 0.000162045 0.000556058 1.13097e-15 2.38564e-08 314671 0 0 3.55913e-10 0 0 0.00750752 0 0 0 0 0 0 4.33074e+12 4.33074e+12 4.33074e+12 4.33074e+12 
0.127 -1.21479 -4.51479 -2.30916 -3.85435 -0.985206 4.3564e+07 2.67768e+14 0.000162049 0.000556067 1.13106e-15 2.38559e-08 314678 0 0 3.55948e-10 0 0 0.00750752 0 0 0 0 0 0 4.33086e+12 4.33086e+12 4.33086e+12 4.33086e+12 
0.1275 -1.19906 -4.49906 -2.29342 -3.83861 -1.00094 4.35661e+07 2.67757e+14 0.000162054 0.000556076 1.13114e-15 2.38554e-08 314685 0 0 3.55982e-10 0 0 0.00750752 0 0 0 0 0 0 4.33099e+12 4.33099e+12 4.33099e+12 4.33099e+12 
0.128 -1.18333 -4.48333 -2.27769 -3.82288 -1.01667 4.35682e+07 2.67747e+14 0.000162058 0.000556086 1.13123e-15 2.38549e-08 314692 0 0 3.56017e-10 0 0 0.00750752 0 0 0 0 0 0 4.33111e+12 4.33111e+12 4.33111e+12 4.33111e+12 
0.1285 -1.16759 -4.46759 -2.26195 -3.80714 -1.03241 4.35703e+07 2.67737e+14 0.000162062 0.000556095 1.13131e-15 2.38543e-08 314699 0 0 3.56052e-10 0 0 0.00750752 0 0 0 0 0 0 4.33123e+12 4.33123e+12 4.33123e+12 4.33123e+12 
0.129 -1.15186 -4.45186 -2.24621 -3.7914 -1.04814 4.35724e+07 2.67726e+14 0.000162067 0.000556104 1.1314e-15 2.38538e-08 314705 0 0 3.56086e-10 0 0 0.00750752 0 0 0 0 0 0 4.33136e+12 4.33136e+12 4.33136e+12 4.33136e+12 
0.1295 -1.13612 -4.43612 -2.23048 -3.77567 -1.06388 4.35745e+07 2.67716e+14 0.000162071 0.000556113 1.13148e-15 2.38533e-08 314712 0 0 3.56121e-10 0 0 0.00750752 0 0 0 0 0 0 4.33148e+12 4.33148e+12 4.33148e+12 4.33148e+12 
0.13 -1.12038 -4.42038 -2.21474 -3.75993 -1.07962 4.35766e+07 2.67706e+14 0.000162075 0.000556123 1.13157e-15 2.38528e-08 314719 0 0 3.56156e-10 0 0 0.00750752 0 0 0 0 0 0 4.33161e+12 4.33161e+12 4.33161e+12 4.33161e+12 
0.1305 -1.10465 -4.40465 -2.199 -3.74419 -1.09535 4.35787e+07 2.67695e+14 0.00016208 0.000556132 1.13165e-15 2.38522e-08 314726 0 0 3.5619e-10 0 0 0.00750752 0 0 0 0 0 0 4.33173e+12 4.33173e+12 4.33173e+12 4.33173e+12 
0.131 -1.08891 -4.38891 -2.18327 -3.72846 -1.11109 4.35808e+07 2.67685e+14 0.000162084 0.000556141 1.13174e-15 2.38517e-08 314733 0 0 3.56225e-10 0 0 0.00750752 0 0 0 0 0 0 4.33186e+12 4.33186e+12 4.33186e+12 4.33186e+12 
0.1315 -1.07317 -4.37317 -2.16753 -3.71272 -1.12683 4.3583e+07 2.67675e+14 0.000162089 0.00055615 1.13183e-15 2.38512e-08 314740 0 0 3.56259e-10 0 0 0.00750752 0 0 0 0 0 0 4.33198e+12 4.33198e+12 4.33198e+12 4.33198e+12 
0.132 -1.05744 -4.35744 -2.15179 -3.69698 -1.14256 4.35851e+07 2.67664e+14 0.000162093 0.00055616 1.13191e-15 2.38507e-08 314747 0 0 3.56294e-10 0 0 0.00750752 0 0 0 0 0 0 4.33211e+12 4.33211e+12 4.33211e+12 4.33211e+12 
0.1325 -1.0417 -4.3417 -2.13605 -3.68124 -1.1583 4.35872e+07 2.67654e+14 0.000162097 0.000556169 1.132e-15 2.38501e-08 314754 0 0 3.56329e-10 0 0 0.00750752 0 0 0 0 0 0 4.33223e+12 4.33223e+12 4.33223e+12 4.33223e+12 
0.133 -1.02596 -4.32596 -2.12031 -3.6655 -1.17404 4.35893e+07 2.67644e+14 0.000162102 0.000556178 1.13208e-15 2.38496e-08 314761 0 0 3.56363e-10 0 0 0.00750752 0 0 0 0 0 0 4.33235e+12 4.33235e+12 4.33235e+12 4.33235e+12 
0.1335 -1.01022 -4.31022 -2.10457 -3.64976 -1.18978 4.35914e+07 2.67633e+14 0.000162106 0.000556187 1.13217e-15 2.38491e-08 314768 0 0 3.56398e-10 0 0 0.00750752 0 0 0 0 0 0 4.33248e+12 4.33248e+12 4.33248e+12 4.33248e+12 
0.134 -0.994485 -4.29449 -2.08883 -3.63402 -1.20551 4.35935e+07 2.67623e+14 0.00016211 0.000556197 1.13225e-15 2.38486e-08 314775 0 0 3.56433e-10 0 0 0.00750752 0 0 0 0 0 0 4.3326e+12 4.3326e+12 4.3326e+12 4.3326e+12 
0.1345 -0.978746 -4.27875 -2.07309 -3.61828 -1.22125 4.35956e+07 2.67613e+14 0.000162115 0.000556206 1.13234e-15 2.3848e-08 314782 0 0 3.56467e-10 0 0 0.00750752 0 0 0 0 0 0 4.33273e+12 4.33273e+12 4.33273e+12 4.33273e+12 
0.135 -0.963007 -4.26301 -2.05735 -3.60254 -1.23699 4.35977e+07 2.67602e+14 0.000162119 0.000556215 1.13242e-15 2.38475e-08 314788 0 0 3.56502e-10 0 0 0.00750752 0 0 0 0 0 0 4.33285e+12 4.33285e+12 4.33285e+12 4.33285e+12 
0.1355 -0.947268 -4.24727 -2.04161 -3.5868 -1.25273 4.35998e+07 2.67592e+14 0.000162123 0.000556224 1.13251e-15 2.3847e-08 314795 0 0 3.56537e-10 0 0 0.00750752 0 0 0 0 0 0 4.33298e+12 4.33298e+12 4.33298e+12 4.33298e+12 
0.136 -0.931528 -4.23153 -2.02587 -3.57106 -1.26847 4.36019e+07 2.67582e+14 0.000162128 0.000556234 1.13259e-15 2.38465e-08 314802 0 0 3.56571e-10 0 0 0.00750752 0 0 0 0 0 0 4.3331e+12 4.3331e+12 4.3331e+12 4.3331e+12 
0.1365 -0.915787 -4.21579 -2.01013 -3.55532 -1.28421 4.3604e+07 2.67572e+14 0.000162132 0.000556243 1.13268e-15 2.38459e-08 314809 0 0 3.56606e-10 0 0 0.00750752 0 0 0 0 0 0 4.33323e+12 4.33323e+12 4.33323e+12 4.33323e+12 
0.137 -0.900047 -4.20005 -1.99439 -3.53958 -1.29995 4.36061e+07 2.67561e+14 0.000162137 0.000556252 1.13276e-15 2.38454e-08 314816 0 0 3.56641e-10 0 0 0.00750752 0 0 0 0 0 0 4.33335e+12 4.33335e+12 4.33335e+12 4.33335e+12 
0.1375 -0.884306 -4.18431 -1.97864 -3.52383 -1.31569 4.36082e+07 2.67551e+14 0.000162141 0.000556261 1.13285e-15 2.38449e-08 314823 0 0 3.56675e-10 0 0 0.00750752 0 0 0 0 0 0 4.33347e+12 4.33347e+12 4.33347e+12 4.33347e+12 
0.138 -0.868564 -4.16856 -1.9629 -3.50809 -1.33144 4.36104e+07 2.67541e+14 0.000162145 0.00055627 1.13293e-15 2.38444e-08 314830 0 0 3.5671e-10 0 0 0.00750752 0 0 0 0 0 0 4.3336e+12 4.3336e+12 4.3336e+12 4.3336e+12 
0.1385 -0.852823 -4.15282 -1.94716 -3.49235 -1.34718 4.36125e+07 2.6753e+14 0.00016215 0.00055628 1.13302e-15 2.38439e-08 314837 0 0 3.56745e-10 0 0 0.00750752 0 0 0 0 0 0 4.33372e+12 4.33372e+12 4.33372e+12 4.33372e+12 
0.139 -0.837081 -4.13708 -1.93141 -3.47661 -1.36292 4.36146e+07 2.6752e+14 0.000162154 0.000556289 1.1331e-15 2.38433e-08 314844 0 0 3.56779e-10 0 0 0.00750752 0 0 0 0 0 0 4.33385e+12 4.33385e+12 4.33385e+12 4.33385e+12 
0.1395 -0.821338 -4.12134 -1.91567 -3.46086 -1.37866 4.36167e+07 2.6751e+14 0.000162158 0.000556298 1.13319e-15 2.38428e-08 314851 0 0 3.56814e-10 0 0 0.00750752 0 0 0 0 0 0 4.33397e+12 4.33397e+12 4.33397e+12 4.33397e+12 
0.14 -0.805596 -4.1056 -1.89993 -3.44512 -1.3944 4.36188e+07 2.67499e+14 0.000162163 0.000556307 1.13327e-15 2.38423e-08 314858 0 0 3.56849e-10 0 0 0.00750752 0 0 0 0 0 0 4.3341e+12 4.3341e+12 4.3341e+12 4.3341e+12 
0.1405 -0.789853 -4.08985 -1.88418 -3.42937 -1.41015 4.36209e+07 2.67489e+14 0.000162167 0.000556317 1.13336e-15 2.38418e-08 314865 0 0 3.56883e-10 0 0 0.00750752 0 0 0 0 0 0 4.33422e+12 4.33422e+12 4.33422e+12 4.33422e+12 
0.141 -0.774109 -4.07411 -1.86844 -3.41363 -1.42589 4.3623e+07 2.67479e+14 0.000162171 0.000556326 1.13344e-15 2.38412e-08 314871 0 0 3.56918e-10 0 0 0.00750752 0 0 0 0 0 0 4.33434e+12 4.33434e+12 4.33434e+12 4.33434e+12 
0.1415 -0.758365 -4.05837 -1.85269 -3.39788 -1.44163 4.36251e+07 2.67468e+14 0.000162176 0.000556335 1.13353e-15 2.38407e-08 314878 0 0 3.56953e-10 0 0 0.00750752 0 0 0 0 0 0 4.33447e+12 4.33447e+12 4.33447e+12 4.33447e+12 
0.142 -0.742621 -4.04262 -1.83695 -3.38214 -1.45738 4.36272e+07 2.67458e+14 0.00016218 0.000556344 1.13361e-15 2.38402e-08 314885 0 0 3.56987e-10 0 0 0.00750752 0 0 0 0 0 0 4.33459e+12 4.33459e+12 4.33459e+12 4.33459e+12 
0.1425 -0.726877 -4.02688 -1.8212 -3.36639 -1.47312 4.36293e+07 2.67448e+14 0.000162184 0.000556354 1.1337e-15 2.38397e-08 314892 0 0 3.57022e-10 0 0 0.00750752 0 0 0 0 0 0 4.33472e+12 4.33472e+12 4.33472e+12 4.33472e+12 
0.143 -0.711132 -4.01113 -1.80546 -3.35065 -1.48887 4.36314e+07 2.67437e+14 0.000162189 0.000556363 1.13379e-15 2.38391e-08 314899 0 0 3.57057e-10 0 0 0.00750752 0 0 0 0 0 0 4.33484e+12 4.33484e+12 4.33484e+12 4.33484e+12 
0.1435 -0.695387 -3.99539 -1.78971 -3.3349 -1.50461 4.36335e+07 2.67427e+14 0.000162193 0.000556372 1.13387e-15 2.38386e-08 314906 0 0 3.57091e-10 0 0 0.00750752 0 0 0 0 0 0 4.33496e+12 4.33496e+12 4.33496e+12 4.33496e+12 
0.144 -0.679642 -3.97964 -1.77396 -3.31915 -1.52036 4.36356e+07 2.67417e+14 0.000162198 0.000556381 1.13396e-15 2.38381e-08 314913 0 0 3.57126e-10 0 0 0.00750752 0 0 0 0 0 0 4.33509e+12 4.33509e+12 4.33509e+12 4.33509e+12 
0.1445 -0.663896 -3.9639 -1.75822 -3.30341 -1.5361 4.36377e+07 2.67406e+14 0.000162202 0.000556391 1.13404e-15 2.38376e-08 314920 0 0 3.57161e-10 0 0 0.00750752 0 0 0 0 0 0 4.33521e+12 4.33521e+12 4.33521e+12 4.33521e+12 
0.145 -0.64815 -3.94815 -1.74247 -3.28766 -1.55185 4.36399e+07 2.67396e+14 0.000162206 0.0005564 1.13413e-15 2.3837e-08 314927 0 0 3.57195e-10 0 0 0.00750752 0 0 0 0 0 0 4.33534e+12 4.33534e+12 4.33534e+12 4.33534e+12 
0.1455 -0.632403 -3.9324 -1.72672 -3.27191 -1.5676 4.3642e+07 2.67386e+14 0.000162211 0.000556409 1.13421e-15 2.38365e-08 314934 0 0 3.5723e-10 0 0 0.00750752 0 0 0 0 0 0 4.33546e+12 4.33546e+12 4.33546e+12 4.33546e+12 
0.146 -0.616656 -3.91666 -1.71097 -3.25616 -1.58334 4.36441e+07 2.67376e+14 0.000162215 0.000556418 1.1343e-15 2.3836e-08 314941 0 0 3.57265e-10 0 0 0.00750752 0 0 0 0 0 0 4.33559e+12 4.33559e+12 4.33559e+12 4.33559e+12 
0.1465 -0.600909 -3.90091 -1.69522 -3.24041 -1.59909 4.36462e+07 2.67365e+14 0.000162219 0.000556428 1.13438e-15 2.38355e-08 314947 0 0 3.57299e-10 0 0 0.00750752 0 0 0 0 0 0 4.33571e+12 4.33571e+12 4.33571e+12 4.33571e+12 
0.147 -0.585161 -3.88516 -1.67947 -3.22467 -1.61484 4.36483e+07 2.67355e+14 0.000162224 0.000556437 1.13447e-15 2.3835e-08 314954 0 0 3.57334e-10 0 0 0.00750752 0 0 0 0 0 0 4.33583e+12 4.33583e+12 4.33583e+12 4.33583e+12 
0.1475 -0.569414 -3.86941 -1.66373 -3.20892 -1.63059 4.36504e+07 2.67345e+14 0.000162228 0.000556446 1.13455e-15 2.38344e-08 314961 0 0 3.57369e-10 0 0 0.00750752 0 0 0 0 0 0 4.33596e+12 4.33596e+12 4.33596e+12 4.33596e+12 
0.148 -0.553665 -3.85367 -1.64798 -3.19317 -1.64633 4.36525e+07 2.67334e+14 0.000162232 0.000556455 1.13464e-15 2.38339e-08 314968 0 0 3.57403e-10 0 0 0.00750752 0 0 0 0 0 0 4.33608e+12 4.33608e+12 4.33608e+12 4.33608e+12 
0.1485 -0.537917 -3.83792 -1.63223 -3.17742 -1.66208 4.36546e+07 2.67324e+14 0.000162237 0.000556464 1.13472e-15 2.38334e-08 314975 0 0 3.57438e-10 0 0 0.00750752 0 0 0 0 0 0 4.33621e+12 4.33621e+12 4.33621e+12 4.33621e+12 
0.149 -0.522168 -3.82217 -1.61648 -3.16167 -1.67783 4.36567e+07 2.67314e+14 0.000162241 0.000556474 1.13481e-15 2.38329e-08 314982 0 0 3.57473e-10 0 0 0.00750752 0 0 0 0 0 0 4.33633e+12 4.33633e+12 4.33633e+12 4.33633e+12 
0.1495 -0.506419 -3.80642 -1.60073 -3.14592 -1.69358 4.36588e+07 2.67303e+14 0.000162246 0.000556483 1.13489e-15 2.38323e-08 314989 0 0 3.57507e-10 0 0 0.00750752 0 0 0 0 0 0 4.33645e+12 4.33645e+12 4.33645e+12 4.33645e+12 
0.15 -0.490669 -3.79067 -1.58497 -3.13017 -1.70933 4.36609e+07 2.67293e+14 0.00016225 0.000556492 1.13498e-15 2.38318e-08 314996 0 0 3.57542e-10 0 0 0.00750752 0 0 0 0 0 0 4.33658e+12 4.33658e+12 4.33658e+12 4.33658e+12 
0.1505 -0.474919 -3.77492 -1.56922 -3.11441 -1.72508 4.3663e+07 2.67283e+14 0.000162254 0.000556501 1.13506e-15 2.38313e-08 315003 0 0 3.57577e-10 0 0 0.00750752 0 0 0 0 0 0 4.3367e+12 4.3367e+12 4.3367e+12 4.3367e+12 
0.151 -0.459169 -3.75917 -1.55347 -3.09866 -1.74083 4.36651e+07 2.67273e+14 0.000162259 0.000556511 1.13515e-15 2.38308e-08 315010 0 0 3.57612e-10 0 0 0.00750752 0 0 0 0 0 0 4.33683e+12 4.33683e+12 4.33683e+12 4.33683e+12 
0.1515 -0.443418 -3.74342 -1.53772 -3.08291 -1.75658 4.36672e+07 2.67262e+14 0.000162263 0.00055652 1.13523e-15 2.38303e-08 315017 0 0 3.57646e-10 0 0 0.00750752 0 0 0 0 0 0 4.33695e+12 4.33695e+12 4.33695e+12 4.33695e+12 
0.152 -0.427667 -3.72767 -1.52197 -3.06716 -1.77233 4.36693e+07 2.67252e+14 0.000162267 0.000556529 1.13532e-15 2.38297e-08 315023 0 0 3.57681e-10 0 0 0.00750752 0 0 0 0 0 0 4.33707e+12 4.33707e+12 4.33707e+12 4.33707e+12 
0.1525 -0.411916 -3.71192 -1.50621 -3.05141 -1.78808 4.36714e+07 2.67242e+14 0.000162272 0.000556538 1.1354e-15 2.38292e-08 315030 0 0 3.57716e-10 0 0 0.00750752 0 0 0 0 0 0 4.3372e+12 4.3372e+12 4.3372e+12 4.3372e+12 
0.153 -0.396164 -3.69616 -1.49046 -3.03565 -1.80384 4.36735e+07 2.67231e+14 0.000162276 0.000556548 1.13549e-15 2.38287e-08 315037 0 0 3.5775e-10 0 0 0.00750752 0 0 0 0 0 0 4.33732e+12 4.33732e+12 4.33732e+12 4.33732e+12 
0.1535 -0.380412 -3.68041 -1.47471 -3.0199 -1.81959 4.36756e+07 2.67221e+14 0.00016228 0.000556557 1.13557e-15 2.38282e-08 315044 0 0 3.57785e-10 0 0 0.00750752 0 0 0 0 0 0 4.33745e+12 4.33745e+12 4.33745e+12 4.33745e+12 
0.154 -0.364659 -3.66466 -1.45895 -3.00415 -1.83534 4.36777e+07 2.67211e+14 0.000162285 0.000556566 1.13566e-15 2.38276e-08 315051 0 0 3.5782e-10 0 0 0.00750752 0 0 0 0 0 0 4.33757e+12 4.33757e+12 4.33757e+12 4.33757e+12 
0.1545 -0.348907 -3.64891 -1.4432 -2.98839 -1.85109 4.36798e+07 2.672e+14 0.000162289 0.000556575 1.13575e-15 2.38271e-08 315058 0 0 3.57854e-10 0 0 0.00750752 0 0 0 0 0 0 4.33769e+12 4.33769e+12 4.33769e+12 4.33769e+12 
0.155 -0.333154 -3.63315 -1.42745 -2.97264 -1.86685 4.36819e+07 2.6719e+14 0.000162293 0.000556585 1.13583e-15 2.38266e-08 315065 0 0 3.57889e-10 0 0 0.00750752 0 0 0 0 0 0 4.33782e+12 4.33782e+12 4.33782e+12 4.33782e+12 
0.1555 -0.3174 -3.6174 -1.41169 -2.95688 -1.8826 4.36841e+07 2.6718e+14 0.000162298 0.000556594 1.13592e-15 2.38261e-08 315072 0 0 3.57924e-10 0 0 0.00750752 0 0 0 0 0 0 4.33794e+12 4.33794e+12 4.33794e+12 4.33794e+12 
0.156 -0.301646 -3.60165 -1.39594 -2.94113 -1.89835 4.36862e+07 2.6717e+14 0.000162302 0.000556603 1.136e-15 2.38256e-08 315079 0 0 3.57958e-10 0 0 0.00750752 0 0 0 0 0 0 4.33807e+12 4.33807e+12 4.33807e+12 4.33807e+12 
0.1565 -0.285892 -3.58589 -1.38018 -2.92537 -1.91411 4.36883e+07 2.67159e+14 0.000162307 0.000556612 1.13609e-15 2.3825e-08 315086 0 0 3.57993e-10 0 0 0.00750752 0 0 0 0 0 0 4.33819e+12 4.33819e+12 4.33819e+12 4.33819e+12 
0.157 -0.270138 -3.57014 -1.36443 -2.90962 -1.92986 4.36904e+07 2.67149e+14 0.000162311 0.000556622 1.13617e-15 2.38245e-08 315093 0 0 3.58028e-10 0 0 0.00750752 0 0 0 0 0 0 4.33831e+12 4.33831e+12 4.33831e+12 4.33831e+12 
0.1575 -0.254383 -3.55438 -1.34867 -2.89386 -1.94562 4.36925e+07 2.67139e+14 0.000162315 0.000556631 1.13626e-15 2.3824e-08 315099 0 0 3.58063e-10 0 0 0.00750752 0 0 0 0 0 0 4.33844e+12 4.33844e+12 4.33844e+12 4.33844e+12 
0.158 -0.238628 -3.53863 -1.33291 -2.8781 -1.96137 4.36946e+07 2.67128e+14 0.00016232 0.00055664 1.13634e-15 2.38235e-08 315106 0 0 3.58097e-10 0 0 0.00750752 0 0 0 0 0 0 4.33856e+12 4.33856e+12 4.33856e+12 4.33856e+12 
0.1585 -0.222872 -3.52287 -1.31716 -2.86235 -1.97713 4.36967e+07 2.67118e+14 0.000162324 0.000556649 1.13643e-15 2.38229e-08 315113 0 0 3.58132e-10 0 0 0.00750752 0 0 0 0 0 0 4.33868e+12 4.33868e+12 4.33868e+12 4.33868e+12 
0.159 -0.207117 -3.50712 -1.3014 -2.84659 -1.99288 4.36988e+07 2.67108e+14 0.000162328 0.000556658 1.13651e-15 2.38224e-08 315120 0 0 3.58167e-10 0 0 0.00750752 0 0 0 0 0 0 4.33881e+12 4.33881e+12 4.33881e+12 4.33881e+12 
0.1595 -0.19136 -3.49136 -1.28564 -2.83083 -2.00864 4.37009e+07 2.67098e+14 0.000162333 0.000556668 1.1366e-15 2.38219e-08 315127 0 0 3.58201e-10 0 0 0.00750752 0 0 0 0 0 0 4.33893e+12 4.33893e+12 4.33893e+12 4.33893e+12 
0.16 -0.175604 -3.4756 -1.26988 -2.81508 -2.0244 4.3703e+07 2.67087e+14 0.000162337 0.000556677 1.13668e-15 2.38214e-08 315134 0 0 3.58236e-10 0 0 0.00750752 0 0 0 0 0 0 4.33906e+12 4.33906e+12 4.33906e+12 4.33906e+12 
0.1605 -0.159847 -3.45985 -1.25413 -2.79932 -2.04015 4.37051e+07 2.67077e+14 0.000162341 0.000556686 1.13677e-15 2.38209e-08 315141 0 0 3.58271e-10 0 0 0.00750752 0 0 0 0 0 0 4.33918e+12 4.33918e+12 4.33918e+12 4.33918e+12 
0.161 -0.14409 -3.44409 -1.23837 -2.78356 -2.05591 4.37072e+07 2.67067e+14 0.000162346 0.000556695 1.13685e-15 2.38203e-08 315148 0 0 3.58305e-10 0 0 0.00750752 0 0 0 0 0 0 4.3393e+12 4.3393e+12 4.3393e+12 4.3393e+12 
0.1615 -0.128332 -3.42833 -1.22261 -2.7678 -2.07167 4.37093e+07 2.67056e+14 0.00016235 0.000556705 1.13694e-15 2.38198e-08 315155 0 0 3.5834e-10 0 0 0.00750752 0 0 0 0 0 0 4.33943e+12 4.33943e+12 4.33943e+12 4.33943e+12 
0.162 -0.112574 -3.41257 -1.20685 -2.75204 -2.08743 4.37114e+07 2.67046e+14 0.000162355 0.000556714 1.13702e-15 2.38193e-08 315162 0 0 3.58375e-10 0 0 0.00750752 0 0 0 0 0 0 4.33955e+12 4.33955e+12 4.33955e+12 4.33955e+12 
0.1625 -0.0968161 -3.39682 -1.19109 -2.73628 -2.10318 4.37135e+07 2.67036e+14 0.000162359 0.000556723 1.13711e-15 2.38188e-08 315169 0 0 3.5841e-10 0 0 0.00750752 0 0 0 0 0 0 4.33968e+12 4.33968e+12 4.33968e+12 4.33968e+12 
0.163 -0.0810575 -3.38106 -1.17533 -2.72052 -2.11894 4.37156e+07 2.67026e+14 0.000162363 0.000556732 1.13719e-15 2.38182e-08 315175 0 0 3.58444e-10 0 0 0.00750752 0 0 0 0 0 0 4.3398e+12 4.3398e+12 4.3398e+12 4.3398e+12 
0.1635 -0.0652986 -3.3653 -1.15957 -2.70476 -2.1347 4.37177e+07 2.67015e+14 0.000162368 0.000556742 1.13728e-15 2.38177e-08 315182 0 0 3.58479e-10 0 0 0.00750752 0 0 0 0 0 0 4.33992e+12 4.33992e+12 4.33992e+12 4.33992e+12 
0.164 -0.0495393 -3.34954 -1.14381 -2.689 -2.15046 4.37198e+07 2.67005e+14 0.000162372 0.000556751 1.13736e-15 2.38172e-08 315189 0 0 3.58514e-10 0 0 0.00750752 0 0 0 0 0 0 4.34005e+12 4.34005e+12 4.34005e+12 4.34005e+12 
0.1645 -0.0337797 -3.33378 -1.12805 -2.67324 -2.16622 4.37219e+07 2.66995e+14 0.000162376 0.00055676 1.13745e-15 2.38167e-08 315196 0 0 3.58548e-10 0 0 0.00750752 0 0 0 0 0 0 4.34017e+12 4.34017e+12 4.34017e+12 4.34017e+12 
0.165 -0.0180197 -3.31802 -1.11229 -2.65748 -2.18198 4.3724e+07 2.66984e+14 0.000162381 0.000556769 1.13753e-15 2.38162e-08 315203 0 0 3.58583e-10 0 0 0.00750752 0 0 0 0 0 0 4.34029e+12 4.34029e+12 4.34029e+12 4.34029e+12 
0.1655 -0.00225937 -3.30226 -1.09653 -2.64172 -2.19774 4.37261e+07 2.66974e+14 0.000162385 0.000556779 1.13762e-15 2.38156e-08 315210 0 0 3.58618e-10 0 0 0.00750752 0 0 0 0 0 0 4.34042e+12 4.34042e+12 4.34042e+12 4.34042e+12 
0.166 0.0135013 -3.2865 -1.08076 -2.62596 -2.2135 4.37282e+07 2.66964e+14 0.000162389 0.000556788 1.13771e-15 2.38151e-08 315217 0 0 3.58653e-10 0 0 0.00750752 0 0 0 0 0 0 4.34054e+12 4.34054e+12 4.34054e+12 4.34054e+12 
0.1665 0.0292623 -3.27074 -1.065 -2.61019 -2.22926 4.37303e+07 2.66954e+14 0.000162394 0.000556797 1.13779e-15 2.38146e-08 315224 0 0 3.58687e-10 0 0 0.00750752 0 0 0 0 0 0 4.34066e+12 4.34066e+12 4.34066e+12 4.34066e+12 
0.167 0.0450237 -3.25498 -1.04924 -2.59443 -2.24502 4.37324e+07 2.66943e+14 0.000162398 0.000556806 1.13788e-15 2.38141e-08 315231 0 0 3.58722e-10 0 0 0.00750752 0 0 0 0 0 0 4.34079e+12 4.34079e+12 4.34079e+12 4.34079e+12 
0.1675 0.0607854 -3.23921 -1.03348 -2.57867 -2.26079 4.37345e+07 2.66933e+14 0.000162402 0.000556816 1.13796e-15 2.38136e-08 315238 0 0 3.58757e-10 0 0 0.00750752 0 0 0 0 0 0 4.34091e+12 4.34091e+12 4.34091e+12 4.34091e+12 
0.168 0.0765474 -3.22345 -1.01771 -2.5629 -2.27655 4.37366e+07 2.66923e+14 0.000162407 0.000556825 1.13805e-15 2.3813e-08 315244 0 0 3.58791e-10 0 0 0.00750752 0 0 0 0 0 0 4.34104e+12 4.34104e+12 4.34104e+12 4.34104e+12 
0.1685 0.0923098 -3.20769 -1.00195 -2.54714 -2.29231 4.37387e+07 2.66913e+14 0.000162411 0.000556834 1.13813e-15 2.38125e-08 315251 0 0 3.58826e-10 0 0 0.00750752 0 0 0 0 0 0 4.34116e+12 4.34116e+12 4.34116e+12 4.34116e+12 
0.169 0.108073 -3.19193 -0.986185 -2.53138 -2.30807 4.37408e+07 2.66902e+14 0.000162416 0.000556843 1.13822e-15 2.3812e-08 315258 0 0 3.58861e-10 0 0 0.00750752 0 0 0 0 0 0 4.34128e+12 4.34128e+12 4.34128e+12 4.34128e+12 
0.1695 0.123836 -3.17616 -0.970421 -2.51561 -2.32384 4.37429e+07 2.66892e+14 0.00016242 0.000556853 1.1383e-15 2.38115e-08 315265 0 0 3.58896e-10 0 0 0.00750752 0 0 0 0 0 0 4.34141e+12 4.34141e+12 4.34141e+12 4.34141e+12 
0.17 0.139599 -3.1604 -0.954656 -2.49985 -2.3396 4.3745e+07 2.66882e+14 0.000162424 0.000556862 1.13839e-15 2.38109e-08 315272 0 0 3.5893e-10 0 0 0.00750752 0 0 0 0 0 0 4.34153e+12 4.34153e+12 4.34153e+12 4.34153e+12 
0.1705 0.155363 -3.14464 -0.938891 -2.48408 -2.35536 4.37471e+07 2.66872e+14 0.000162429 0.000556871 1.13847e-15 2.38104e-08 315279 0 0 3.58965e-10 0 0 0.00750752 0 0 0 0 0 0 4.34165e+12 4.34165e+12 4.34165e+12 4.34165e+12 
0.171 0.171127 -3.12887 -0.923125 -2.46832 -2.37113 4.37492e+07 2.66861e+14 0.000162433 0.00055688 1.13856e-15 2.38099e-08 315286 0 0 3.59e-10 0 0 0.00750752 0 0 0 0 0 0 4.34178e+12 4.34178e+12 4.34178e+12 4.34178e+12 
0.1715 0.186891 -3.11311 -0.90736 -2.45255 -2.38689 4.37513e+07 2.66851e+14 0.000162437 0.00055689 1.13864e-15 2.38094e-08 315293 0 0 3.59035e-10 0 0 0.00750752 0 0 0 0 0 0 4.3419e+12 4.3419e+12 4.3419e+12 4.3419e+12 
0.172 0.202656 -3.09734 -0.891594 -2.43679 -2.40266 4.37534e+07 2.66841e+14 0.000162442 0.000556899 1.13873e-15 2.38089e-08 315300 0 0 3.59069e-10 0 0 0.00750752 0 0 0 0 0 0 4.34202e+12 4.34202e+12 4.34202e+12 4.34202e+12 
0.1725 0.218421 -3.08158 -0.875827 -2.42102 -2.41842 4.37555e+07 2.6683e+14 0.000162446 0.000556908 1.13881e-15 2.38083e-08 315307 0 0 3.59104e-10 0 0 0.00750752 0 0 0 0 0 0 4.34215e+12 4.34215e+12 4.34215e+12 4.34215e+12 
0.173 0.234187 -3.06581 -0.860061 -2.40525 -2.43419 4.37576e+07 2.6682e+14 0.00016245 0.000556917 1.1389e-15 2.38078e-08 315313 0 0 3.59139e-10 0 0 0.00750752 0 0 0 0 0 0 4.34227e+12 4.34227e+12 4.34227e+12 4.34227e+12 
0.1735 0.249953 -3.05005 -0.844293 -2.38949 -2.44995 4.37597e+07 2.6681e+14 0.000162455 0.000556927 1.13898e-15 2.38073e-08 315320 0 0 3.59173e-10 0 0 0.00750752 0 0 0 0 0 0 4.34239e+12 4.34239e+12 4.34239e+12 4.34239e+12 
0.174 0.265719 -3.03428 -0.828526 -2.37372 -2.46572 4.37618e+07 2.668e+14 0.000162459 0.000556936 1.13907e-15 2.38068e-08 315327 0 0 3.59208e-10 0 0 0.00750752 0 0 0 0 0 0 4.34252e+12 4.34252e+12 4.34252e+12 4.34252e+12 
0.1745 0.281485 -3.01851 -0.812758 -2.35795 -2.48149 4.37639e+07 2.66789e+14 0.000162464 0.000556945 1.13915e-15 2.38063e-08 315334 0 0 3.59243e-10 0 0 0.00750752 0 0 0 0 0 0 4.34264e+12 4.34264e+12 4.34264e+12 4.34264e+12 
0.175 0.297252 -3.00275 -0.79699 -2.34218 -2.49725 4.3766e+07 2.66779e+14 0.000162468 0.000556954 1.13924e-15 2.38057e-08 315341 0 0 3.59278e-10 0 0 0.00750752 0 0 0 0 0 0 4.34276e+12 4.34276e+12 4.34276e+12 4.34276e+12 
0.1755 0.31302 -2.98698 -0.781222 -2.32641 -2.51302 4.37681e+07 2.66769e+14 0.000162472 0.000556963 1.13932e-15 2.38052e-08 315348 0 0 3.59312e-10 0 0 0.00750752 0 0 0 0 0 0 4.34289e+12 4.34289e+12 4.34289e+12 4.34289e+12 
0.176 0.328787 -2.97121 -0.765453 -2.31064 -2.52879 4.37702e+07 2.66759e+14 0.000162477 0.000556973 1.13941e-15 2.38047e-08 315355 0 0 3.59347e-10 0 0 0.00750752 0 0 0 0 0 0 4.34301e+12 4.34301e+12 4.34301e+12 4.34301e+12 
0.1765 0.344555 -2.95544 -0.749684 -2.29488 -2.54456 4.37723e+07 2.66748e+14 0.000162481 0.000556982 1.1395e-15 2.38042e-08 315362 0 0 3.59382e-10 0 0 0.00750752 0 0 0 0 0 0 4.34314e+12 4.34314e+12 4.34314e+12 4.34314e+12 
0.177 0.360323 -2.93968 -0.733914 -2.27911 -2.56032 4.37744e+07 2.66738e+14 0.000162485 0.000556991 1.13958e-15 2.38037e-08 315369 0 0 3.59417e-10 0 0 0.00750752 0 0 0 0 0 0 4.34326e+12 4.34326e+12 4.34326e+12 4.34326e+12 
0.1775 0.376092 -2.92391 -0.718144 -2.26334 -2.57609 4.37765e+07 2.66728e+14 0.00016249 0.000557 1.13967e-15 2.38031e-08 315375 0 0 3.59451e-10 0 0 0.00750752 0 0 0 0 0 0 4.34338e+12 4.34338e+12 4.34338e+12 4.34338e+12 
0.178 0.391861 -2.90814 -0.702374 -2.24757 -2.59186 4.37786e+07 2.66718e+14 0.000162494 0.00055701 1.13975e-15 2.38026e-08 315382 0 0 3.59486e-10 0 0 0.00750752 0 0 0 0 0 0 4.34351e+12 4.34351e+12 4.34351e+12 4.34351e+12 
0.1785 0.40763 -2.89237 -0.686603 -2.2318 -2.60763 4.37807e+07 2.66707e+14 0.000162498 0.000557019 1.13984e-15 2.38021e-08 315389 0 0 3.59521e-10 0 0 0.00750752 0 0 0 0 0 0 4.34363e+12 4.34363e+12 4.34363e+12 4.34363e+12 
0.179 0.4234 -2.8766 -0.670833 -2.21602 -2.6234 4.37828e+07 2.66697e+14 0.000162503 0.000557028 1.13992e-15 2.38016e-08 315396 0 0 3.59556e-10 0 0 0.00750752 0 0 0 0 0 0 4.34375e+12 4.34375e+12 4.34375e+12 4.34375e+12 
0.1795 0.43917 -2.86083 -0.655061 -2.20025 -2.63917 4.37849e+07 2.66687e+14 0.000162507 0.000557037 1.14001e-15 2.38011e-08 315403 0 0 3.5959e-10 0 0 0.00750752 0 0 0 0 0 0 4.34388e+12 4.34388e+12 4.34388e+12 4.34388e+12 
0.18 0.45494 -2.84506 -0.63929 -2.18448 -2.65494 4.3787e+07 2.66677e+14 0.000162512 0.000557047 1.14009e-15 2.38005e-08 315410 0 0 3.59625e-10 0 0 0.00750752 0 0 0 0 0 0 4.344e+12 4.344e+12 4.344e+12 4.344e+12 
0.1805 0.470711 -2.82929 -0.623518 -2.16871 -2.67071 4.37891e+07 2.66666e+14 0.000162516 0.000557056 1.14018e-15 2.38e-08 315417 0 0 3.5966e-10 0 0 0.00750752 0 0 0 0 0 0 4.34412e+12 4.34412e+12 4.34412e+12 4.34412e+12 
0.181 0.486482 -2.81352 -0.607745 -2.15294 -2.68648 4.37912e+07 2.66656e+14 0.00016252 0.000557065 1.14026e-15 2.37995e-08 315424 0 0 3.59695e-10 0 0 0.00750752 0 0 0 0 0 0 4.34425e+12 4.34425e+12 4.34425e+12 4.34425e+12 
0.1815 0.502253 -2.79775 -0.591973 -2.13716 -2.70225 4.37933e+07 2.66646e+14 0.000162525 0.000557074 1.14035e-15 2.3799e-08 315431 0 0 3.59729e-10 0 0 0.00750752 0 0 0 0 0 0 4.34437e+12 4.34437e+12 4.34437e+12 4.34437e+12 
0.182 0.518025 -2.78198 -0.5762 -2.12139 -2.71802 4.37954e+07 2.66636e+14 0.000162529 0.000557084 1.14043e-15 2.37985e-08 315438 0 0 3.59764e-10 0 0 0.00750752 0 0 0 0 0 0 4.34449e+12 4.34449e+12 4.34449e+12 4.34449e+12 
0.1825 0.533797 -2.7662 -0.560427 -2.10562 -2.7338 4.37975e+07 2.66625e+14 0.000162533 0.000557093 1.14052e-15 2.37979e-08 315444 0 0 3.59799e-10 0 0 0.00750752 0 0 0 0 0 0 4.34462e+12 4.34462e+12 4.34462e+12 4.34462e+12 
0.183 0.549569 -2.75043 -0.544653 -2.08985 -2.74957 4.37996e+07 2.66615e+14 0.000162538 0.000557102 1.1406e-15 2.37974e-08 315451 0 0 3.59834e-10 0 0 0.00750752 0 0 0 0 0 0 4.34474e+12 4.34474e+12 4.34474e+12 4.34474e+12 
0.1835 0.565342 -2.73466 -0.528879 -2.07407 -2.76534 4.38017e+07 2.66605e+14 0.000162542 0.000557111 1.14069e-15 2.37969e-08 315458 0 0 3.59868e-10 0 0 0.00750752 0 0 0 0 0 0 4.34486e+12 4.34486e+12 4.34486e+12 4.34486e+12 
0.184 0.581115 -2.71888 -0.513105 -2.0583 -2.78112 4.38038e+07 2.66595e+14 0.000162546 0.000557121 1.14077e-15 2.37964e-08 315465 0 0 3.59903e-10 0 0 0.00750752 0 0 0 0 0 0 4.34499e+12 4.34499e+12 4.34499e+12 4.34499e+12 
0.1845 0.596889 -2.70311 -0.49733 -2.04252 -2.79689 4.38059e+07 2.66584e+14 0.000162551 0.00055713 1.14086e-15 2.37959e-08 315472 0 0 3.59938e-10 0 0 0.00750752 0 0 0 0 0 0 4.34511e+12 4.34511e+12 4.34511e+12 4.34511e+12 
0.185 0.612662 -2.68734 -0.481555 -2.02675 -2.81266 4.3808e+07 2.66574e+14 0.000162555 0.000557139 1.14094e-15 2.37953e-08 315479 0 0 3.59973e-10 0 0 0.00750752 0 0 0 0 0 0 4.34523e+12 4.34523e+12 4.34523e+12 4.34523e+12 
0.1855 0.628436 -2.67156 -0.46578 -2.01097 -2.82844 4.38101e+07 2.66564e+14 0.000162559 0.000557148 1.14103e-15 2.37948e-08 315486 0 0 3.60007e-10 0 0 0.00750752 0 0 0 0 0 0 4.34535e+12 4.34535e+12 4.34535e+12 4.34535e+12 
0.186 0.644211 -2.65579 -0.450004 -1.9952 -2.84421 4.38122e+07 2.66554e+14 0.000162564 0.000557158 1.14111e-15 2.37943e-08 315493 0 0 3.60042e-10 0 0 0.00750752 0 0 0 0 0 0 4.34548e+12 4.34548e+12 4.34548e+12 4.34548e+12 
0.1865 0.659986 -2.64001 -0.434228 -1.97942 -2.85999 4.38143e+07 2.66543e+14 0.000162568 0.000557167 1.1412e-15 2.37938e-08 315500 0 0 3.60077e-10 0 0 0.00750752 0 0 0 0 0 0 4.3456e+12 4.3456e+12 4.3456e+12 4.3456e+12 
0.187 0.675761 -2.62424 -0.418451 -1.96364 -2.87576 4.38164e+07 2.66533e+14 0.000162573 0.000557176 1.14129e-15 2.37933e-08 315506 0 0 3.60112e-10 0 0 0.00750752 0 0 0 0 0 0 4.34572e+12 4.34572e+12 4.34572e+12 4.34572e+12 
0.1875 0.691536 -2.60846 -0.402675 -1.94787 -2.89154 4.38185e+07 2.66523e+14 0.000162577 0.000557185 1.14137e-15 2.37927e-08 315513 0 0 3.60146e-10 0 0 0.00750752 0 0 0 0 0 0 4.34585e+12 4.34585e+12 4.34585e+12 4.34585e+12 
0.188 0.707312 -2.59269 -0.386897 -1.93209 -2.90731 4.38206e+07 2.66513e+14 0.000162581 0.000557195 1.14146e-15 2.37922e-08 315520 0 0 3.60181e-10 0 0 0.00750752 0 0 0 0 0 0 4.34597e+12 4.34597e+12 4.34597e+12 4.34597e+12 
0.1885 0.723088 -2.57691 -0.37112 -1.91631 -2.92309 4.38227e+07 2.66502e+14 0.000162586 0.000557204 1.14154e-15 2.37917e-08 315527 0 0 3.60216e-10 0 0 0.00750752 0 0 0 0 0 0 4.34609e+12 4.34609e+12 4.34609e+12 4.34609e+12 
0.189 0.738865 -2.56114 -0.355342 -1.90053 -2.93886 4.38248e+07 2.66492e+14 0.00016259 0.000557213 1.14163e-15 2.37912e-08 315534 0 0 3.60251e-10 0 0 0.00750752 0 0 0 0 0 0 4.34621e+12 4.34621e+12 4.34621e+12 4.34621e+12 
0.1895 0.754642 -2.54536 -0.339564 -1.88476 -2.95464 4.38269e+07 2.66482e+14 0.000162594 0.000557222 1.14171e-15 2.37906e-08 315541 0 0 3.60285e-10 0 0 0.00750752 0 0 0 0 0 0 4.34633e+12 4.34633e+12 4.34633e+12 4.34633e+12 
0.19 0.770419 -2.52958 -0.323786 -1.86898 -2.97042 4.3829e+07 2.66471e+14 0.000162599 0.000557231 1.1418e-15 2.37901e-08 315548 0 0 3.6032e-10 0 0 0.00750752 0 0 0 0 0 0 4.34645e+12 4.34645e+12 4.34645e+12 4.34645e+12 
0.1905 0.786197 -2.5138 -0.308007 -1.8532 -2.9862 4.38311e+07 2.6646e+14 0.000162603 0.00055724 1.14188e-15 2.37895e-08 315555 0 0 3.60355e-10 0 0 0.00750752 0 0 0 0 0 0 4.34657e+12 4.34657e+12 4.34657e+12 4.34657e+12 
0.191 0.801974 -2.49803 -0.292228 -1.83742 -3.00197 4.38332e+07 2.66449e+14 0.000162607 0.000557249 1.14197e-15 2.37889e-08 315562 0 0 3.6039e-10 0 0 0.00750752 0 0 0 0 0 0 4.34667e+12 4.34667e+12 4.34667e+12 4.34667e+12 
0.1915 0.817753 -2.48225 -0.276448 -1.82164 -3.01775 4.38353e+07 2.66438e+14 0.000162612 0.000557258 1.14205e-15 2.37882e-08 315568 0 0 3.60424e-10 0 0 0.00750752 0 0 0 0 0 0 4.34677e+12 4.34677e+12 4.34677e+12 4.34677e+12 
0.192 0.833531 -2.46647 -0.260668 -1.80586 -3.03353 4.38374e+07 2.66424e+14 0.000162616 0.000557265 1.14214e-15 2.37874e-08 315575 0 0 3.60459e-10 0 0 0.00750752 0 0 0 0 0 0 4.34683e+12 4.34683e+12 4.34683e+12 4.34683e+12 
0.1925 0.84931 -2.45069 -0.244888 -1.79008 -3.04931 4.38395e+07 2.66409e+14 0.000162621 0.000557272 1.14222e-15 2.37862e-08 315582 0 0 3.60494e-10 0 0 0.00750752 0 0 0 0 0 0 4.34685e+12 4.34685e+12 4.34685e+12 4.34685e+12 
0.193 0.865089 -2.43491 -0.229108 -1.7743 -3.06509 4.38415e+07 2.66388e+14 0.000162625 0.000557275 1.14231e-15 2.37846e-08 315589 0 0 3.60529e-10 0 0 0.00750752 0 0 0 0 0 0 4.34677e+12 4.34677e+12 4.34677e+12 4.34677e+12 
0.1935 0.880869 -2.41913 -0.213327 -1.75851 -3.08087 4.38436e+07 2.66359e+14 0.000162629 0.000557275 1.14239e-15 2.37819e-08 315596 0 0 3.60564e-10 0 0 0.00750752 0 0 0 0 0 0 4.34652e+12 4.34652e+12 4.34652e+12 4.34652e+12 
0.194 0.896649 -2.40335 -0.197545 -1.74273 -3.09665 4.38457e+07 2.66313e+14 0.000162634 0.000557265 1.14248e-15 2.37774e-08 315603 0 0 3.60598e-10 0 0 0.00750752 0 0 0 0 0 0 4.34594e+12 4.34594e+12 4.34594e+12 4.34594e+12 
0.1945 0.912429 -2.38757 -0.181764 -1.72694 -3.11243 4.38478e+07 2.66235e+14 0.000162638 0.000557239 1.14256e-15 2.37693e-08 315610 0 0 3.60633e-10 0 0 0.00750752 0 0 0 0 0 0 4.34475e+12 4.34475e+12 4.34475e+12 4.34475e+12 
0.195 0.92821 -2.37179 -0.165982 -1.71114 -3.12821 4.38499e+07 2.66099e+14 0.000162642 0.000557182 1.14265e-15 2.37547e-08 315617 0 0 3.60668e-10 0 0 0.00750752 0 0 0 0 0 0 4.34242e+12 4.34242e+12 4.34242e+12 4.34242e+12 
0.1955 0.943991 -2.35601 -0.1502 -1.69533 -3.14399 4.3852e+07 2.65852e+14 0.000162647 0.000557067 1.14273e-15 2.37278e-08 315624 0 0 3.60703e-10 0 0 0.00750752 0 0 0 0 0 0 4.33794e+12 4.33794e+12 4.33794e+12 4.33794e+12 
0.196 0.959772 -2.34023 -0.134417 -1.67949 -3.15977 4.38541e+07 2.654e+14 0.000162651 0.000556843 1.14282e-15 2.3678e-08 315630 0 0 3.60737e-10 0 0 0.00750752 0 0 0 0 0 0 4.32945e+12 4.32945e+12 4.32945e+12 4.32945e+12 
0.1965 0.975554 -2.32445 -0.118634 -1.66361 -3.17555 4.38562e+07 2.64562e+14 0.000162655 0.000556416 1.1429e-15 2.35851e-08 315637 0 0 3.60772e-10 0 0 0.00750752 0 0 0 0 0 0 4.31345e+12 4.31345e+12 4.31345e+12 4.31345e+12 
0.197 0.991336 -2.30866 -0.102851 -1.64763 -3.19134 4.38583e+07 2.63001e+14 0.00016266 0.000555605 1.14299e-15 2.34117e-08 315644 0 0 3.60806e-10 0 0 0.00750752 0 0 0 0 0 0 4.28338e+12 4.28338e+12 4.28338e+12 4.28338e+12 
0.1975 1.00712 -2.29288 -0.0870673 -1.63149 -3.20712 4.38604e+07 2.60079e+14 0.000162664 0.000554067 1.14307e-15 2.30876e-08 315651 0 0 3.6084e-10 0 0 0.00750752 0 0 0 0 0 0 4.22696e+12 4.22696e+12 4.22696e+12 4.22696e+12 
0.198 1.0229 -2.2771 -0.0712833 -1.61501 -3.2229 4.38624e+07 2.54594e+14 0.000162666 0.000551134 1.14314e-15 2.2481e-08 315654 0 0 3.60857e-10 0 0 0.00750752 0 0 0 0 0 0 4.12108e+12 4.12108e+12 4.12108e+12 4.12108e+12 
0.198 1.0229 -2.2771 -0.0712833 -1.61501 -3.2229 4.38624e+07 2.54594e+14 0.00016267 0.000551147 1.14317e-15 2.24815e-08 315660 0 0 3.60887e-10 0 0 0.00750752 0 0 0 0 0 0 4.12117e+12 4.12117e+12 4.12117e+12 4.12117e+12 
0.198409 1.03582 -2.26418 -0.0583601 -1.60108 -3.23582 4.38641e+07 2.46749e+14 0.000162671 0.000546884 1.14322e-15 2.16203e-08 315663 0 0 3.609e-10 0 0 0.00750752 0 0 0 0 0 0 3.97049e+12 3.97049e+12 3.97049e+12 3.97049e+12 
0.198752 1.04663 -2.25337 -0.0475529 -1.58887 -3.24663 4.38654e+07 2.36299e+14 0.000162674 0.00054109 1.14328e-15 2.04853e-08 315667 0 0 3.60921e-10 0 0 0.00750752 0 0 0 0 0 0 3.77142e+12 3.77142e+12 3.77142e+12 3.77142e+12 
0.199038 1.05567 -2.24433 -0.0385152 -1.57801 -3.25567 4.38665e+07 2.23341e+14 0.000162676 0.000533697 1.14332e-15 1.90974e-08 315670 0 0 3.60938e-10 0 0 0.00750751 0 0 0 0 0 0 3.52726e+12 3.52726e+12 3.52726e+12 3.52726e+12 
0.199277 1.06322 -2.23678 -0.0309574 -1.56819 -3.26322 4.38674e+07 2.08189e+14 0.000162678 0.000524736 1.14335e-15 1.75028e-08 315673 0 0 3.60951e-10 0 0 0.00750751 0 0 0 0 0 0 3.24572e+12 3.24572e+12 3.24572e+12 3.24572e+12 
0.199478 1.06954 -2.23046 -0.0246372 -1.55915 -3.26954 4.38681e+07 1.91304e+14 0.000162679 0.0005143 1.14338e-15 1.57635e-08 315675 0 0 3.60961e-10 0 0 0.00750749 0 0 0 0 0 0 2.93726e+12 2.93726e+12 2.93726e+12 2.93726e+12 
0.199645 1.07483 -2.22517 -0.0193519 -1.55069 -3.27483 4.38686e+07 1.73222e+14 0.00016268 0.000502523 1.1434e-15 1.39466e-08 315677 0 0 3.60968e-10 0 0 0.00750746 0 0 0 0 0 0 2.61339e+12 2.61339e+12 2.61339e+12 2.61339e+12 
0.199785 1.07925 -2.22075 -0.014932 -1.54262 -3.27925 4.38691e+07 1.54478e+14 0.000162681 0.000489541 1.14342e-15 1.21162e-08 315678 0 0 3.60974e-10 0 0 0.0075074 0 0 0 0 0 0 2.28515e+12 2.28515e+12 2.28515e+12 2.28515e+12 
0.199902 1.08294 -2.21706 -0.0112359 -1.53479 -3.28294 4.38694e+07 1.35563e+14 0.000162682 0.000475476 1.14343e-15 1.03272e-08 315679 0 0 3.60978e-10 0 0 0.0075073 0 0 0 0 0 0 1.96212e+12 1.96212e+12 1.96212e+12 1.96212e+12 
0.2 1.08604 -2.21396 -0.00814506 -1.52703 -3.28604 4.38697e+07 1.16886e+14 0.000162682 0.000460409 1.14344e-15 8.6222e-09 315679 0 0 3.60979e-10 0 0 0.00750725 0 0 0 0 0 0 1.65186e+12 1.65186e+12 1.65186e+12 1.65186e+12 