# DOI:10.1063/1.4994211 
# | wavelength | n | k
211.0 1.815463 0.939565
211.5 1.826901 0.931285
212.0 1.836219 0.924173
212.5 1.844057 0.918091
213.0 1.850954 0.912721
213.5 1.857385 0.907618
214.0 1.863660 0.902023
214.5 1.869768 0.895381
215.0 1.875847 0.888795
215.5 1.881276 0.881899
216.0 1.884490 0.872214
216.5 1.886681 0.863030
217.0 1.887546 0.854467
217.5 1.886724 0.845795
218.0 1.885744 0.837144
218.5 1.886210 0.827849
219.0 1.890499 0.819751
219.5 1.896913 0.811655
220.0 1.903034 0.803736
220.5 1.906356 0.795610
221.0 1.906858 0.787614
221.5 1.906283 0.780063
222.0 1.905859 0.771950
222.5 1.905803 0.762886
223.0 1.905219 0.754030
223.5 1.902764 0.745762
224.0 1.897903 0.737821
224.5 1.892569 0.730022
225.0 1.888825 0.721571
225.5 1.888850 0.713979
226.0 1.890537 0.705768
226.5 1.891848 0.697711
227.0 1.890435 0.688903
227.5 1.886889 0.680434
228.0 1.882362 0.672284
228.5 1.878639 0.666364
229.0 1.875682 0.661701
229.5 1.872774 0.657006
230.0 1.869584 0.652102
230.5 1.865894 0.646960
231.0 1.861702 0.641970
231.5 1.856857 0.637083
232.0 1.851310 0.632085
232.5 1.845469 0.627157
233.0 1.839707 0.622255
233.5 1.834833 0.618828
234.0 1.830378 0.615241
234.5 1.826367 0.611488
235.0 1.822766 0.607644
235.5 1.818987 0.603854
236.0 1.814254 0.600364
236.5 1.807864 0.597383
237.0 1.800195 0.594794
237.5 1.792330 0.592247
238.0 1.785622 0.590201
238.5 1.780355 0.588661
239.0 1.775594 0.586945
239.5 1.770673 0.585344
240.0 1.765236 0.584087
240.5 1.759381 0.582961
241.0 1.753344 0.581971
241.5 1.747508 0.581747
242.0 1.741606 0.581543
242.5 1.735588 0.581377
243.0 1.729581 0.581694
243.5 1.723610 0.582058
244.0 1.717870 0.582346
244.5 1.712773 0.583170
245.0 1.708041 0.584191
245.5 1.703230 0.585245
246.0 1.698073 0.586640
246.5 1.692597 0.588363
247.0 1.687124 0.590096
247.5 1.682203 0.592130
248.0 1.678128 0.594880
248.5 1.674277 0.597563
249.0 1.670271 0.600205
249.5 1.665715 0.602373
250.0 1.660991 0.604613
250.5 1.656326 0.606844
251.0 1.652073 0.609432
251.5 1.648097 0.611962
252.0 1.644347 0.614420
252.5 1.641020 0.617457
253.0 1.637872 0.620680
253.5 1.634721 0.623917
254.0 1.631548 0.627419
254.5 1.628371 0.631125
255.0 1.625273 0.634816
255.5 1.622376 0.638370
256.0 1.619711 0.641719
256.5 1.617231 0.645006
257.0 1.614861 0.648323
257.5 1.612603 0.651914
258.0 1.610309 0.655530
258.5 1.607944 0.659186
259.0 1.605521 0.662929
259.5 1.603145 0.666665
260.0 1.600975 0.670326
260.5 1.599177 0.673940
261.0 1.597641 0.677478
261.5 1.596177 0.680992
262.0 1.594782 0.684947
262.5 1.593404 0.689220
263.0 1.592061 0.693485
263.5 1.590823 0.697547
264.0 1.589700 0.701325
264.5 1.588700 0.705054
265.0 1.587837 0.709001
265.5 1.587328 0.713828
266.0 1.586762 0.718683
266.5 1.586105 0.723556
267.0 1.584899 0.727438
267.5 1.583721 0.731312
268.0 1.582703 0.735118
268.5 1.582376 0.739711
269.0 1.582346 0.744392
269.5 1.582396 0.749035
270.0 1.582468 0.753816
270.5 1.582584 0.758660
271.0 1.582867 0.763424
271.5 1.583402 0.767888
272.0 1.584150 0.772029
272.5 1.584981 0.776126
273.0 1.585712 0.780363
273.5 1.586345 0.784933
274.0 1.586983 0.789497
274.5 1.587878 0.793942
275.0 1.589267 0.798348
275.5 1.590937 0.802603
276.0 1.592702 0.806802
276.5 1.594558 0.811316
277.0 1.596407 0.815878
277.5 1.598322 0.820396
278.0 1.600228 0.824509
278.5 1.602237 0.828373
279.0 1.604414 0.832140
279.5 1.606873 0.836064
280.0 1.609580 0.840170
280.5 1.612338 0.844235
281.0 1.615011 0.848157
281.5 1.617488 0.851745
282.0 1.620025 0.855292
282.5 1.622715 0.858755
283.0 1.625665 0.862153
283.5 1.628868 0.865403
284.0 1.632347 0.868494
284.5 1.636074 0.871377
285.0 1.639952 0.874159
285.5 1.643824 0.876932
286.0 1.647422 0.879513
286.5 1.650914 0.882011
287.0 1.654562 0.884416
287.5 1.658465 0.886435
288.0 1.662599 0.888108
288.5 1.666804 0.889735
289.0 1.670806 0.891402
289.5 1.674485 0.893113
290.0 1.678044 0.894881
290.5 1.681640 0.896592
291.0 1.685327 0.898060
291.5 1.689166 0.899442
292.0 1.693115 0.900758
292.5 1.696918 0.901619
293.0 1.700755 0.902429
293.5 1.704616 0.903223
294.0 1.708418 0.903896
294.5 1.712198 0.904530
295.0 1.715983 0.905158
295.5 1.719599 0.905434
296.0 1.723103 0.905432
296.5 1.726654 0.905404
297.0 1.730272 0.905343
297.5 1.733938 0.905257
298.0 1.737585 0.905182
298.5 1.741124 0.905128
299.0 1.744489 0.905013
299.5 1.747839 0.904906
300.0 1.751293 0.904746
300.5 1.754705 0.904091
301.0 1.758139 0.903417
301.5 1.761403 0.902834
302.0 1.764125 0.902023
302.5 1.766549 0.901238
303.0 1.768928 0.900480
303.5 1.771461 0.899677
304.0 1.774152 0.898817
304.5 1.776862 0.897951
305.0 1.779341 0.896913
305.5 1.781514 0.895612
306.0 1.783661 0.894326
306.5 1.785894 0.892978
307.0 1.788236 0.891496
307.5 1.790616 0.890000
308.0 1.792905 0.888548
308.5 1.794931 0.887026
309.0 1.796795 0.885587
309.5 1.798547 0.884207
310.0 1.800145 0.882691
310.5 1.801672 0.881170
311.0 1.803146 0.879678
311.5 1.804440 0.877957
312.0 1.805577 0.876131
312.5 1.806572 0.874376
313.0 1.807319 0.872598
313.5 1.807855 0.870745
314.0 1.808418 0.868879
314.5 1.809210 0.866969
315.0 1.810299 0.865098
315.5 1.811355 0.863246
316.0 1.812086 0.861546
316.5 1.812272 0.860039
317.0 1.812082 0.858711
317.5 1.811726 0.857461
318.0 1.811293 0.855994
318.5 1.810894 0.854471
319.0 1.810515 0.852937
319.5 1.810284 0.851744
320.0 1.810066 0.850737
320.5 1.809726 0.849786
321.0 1.809184 0.848875
321.5 1.808414 0.848008
322.0 1.807458 0.847228
322.5 1.806396 0.846645
323.0 1.805347 0.846419
323.5 1.804235 0.846222
324.0 1.803119 0.845998
324.5 1.801948 0.845516
325.0 1.800812 0.845016
325.5 1.799684 0.844513
326.0 1.798762 0.844512
326.5 1.797793 0.844592
327.0 1.796708 0.844726
327.5 1.795516 0.845041
328.0 1.794227 0.845452
328.5 1.792909 0.845878
329.0 1.791770 0.846536
329.5 1.790819 0.847395
330.0 1.789906 0.848237
330.5 1.788954 0.849007
331.0 1.787888 0.849654
331.5 1.786741 0.850340
332.0 1.785502 0.851145
332.5 1.784326 0.852396
333.0 1.783122 0.853662
333.5 1.781999 0.854891
334.0 1.781125 0.856227
334.5 1.780366 0.857523
335.0 1.779622 0.858813
335.5 1.779010 0.860543
336.0 1.778427 0.862431
336.5 1.777887 0.864299
337.0 1.777354 0.865880
337.5 1.776812 0.867246
338.0 1.776208 0.868642
338.5 1.775519 0.870374
339.0 1.774832 0.872616
339.5 1.774144 0.874860
340.0 1.773659 0.876986
340.5 1.773455 0.878884
341.0 1.773424 0.880697
341.5 1.773385 0.882513
342.0 1.773282 0.884545
342.5 1.773130 0.886607
343.0 1.773072 0.888622
343.5 1.773140 0.890352
344.0 1.773335 0.891956
344.5 1.773531 0.893559
345.0 1.773738 0.895530
345.5 1.773924 0.897766
346.0 1.774124 0.899994
346.5 1.774502 0.902199
347.0 1.775077 0.904405
347.5 1.775646 0.906612
348.0 1.776012 0.908862
348.5 1.776060 0.911050
349.0 1.776096 0.913244
349.5 1.776371 0.915315
350.0 1.777077 0.917243
350.5 1.777998 0.919058
351.0 1.778872 0.920896
351.5 1.779615 0.923143
352.0 1.780162 0.925562
352.5 1.780636 0.928017
353.0 1.781103 0.930283
353.5 1.781627 0.932408
354.0 1.782202 0.934506
354.5 1.782817 0.936673
355.0 1.783485 0.938932
355.5 1.784223 0.941153
356.0 1.785109 0.943317
356.5 1.786179 0.945456
357.0 1.787320 0.947554
357.5 1.788437 0.949668
358.0 1.789501 0.951903
358.5 1.790502 0.954169
359.0 1.791493 0.956437
359.5 1.792433 0.958520
360.0 1.793409 0.960550
360.5 1.794437 0.962550
361.0 1.795529 0.964537
361.5 1.796707 0.966487
362.0 1.798009 0.968367
362.5 1.799486 0.970186
363.0 1.801109 0.971964
363.5 1.802752 0.973728
364.0 1.804289 0.975511
364.5 1.805659 0.977290
365.0 1.806998 0.979083
365.5 1.808412 0.980823
366.0 1.809923 0.982404
366.5 1.811484 0.983955
367.0 1.812979 0.985540
367.5 1.814439 0.987425
368.0 1.815838 0.989372
368.5 1.817296 0.991283
369.0 1.818965 0.993156
369.5 1.820763 0.994990
370.0 1.822506 0.996850
370.5 1.824070 0.998893
371.0 1.825464 1.001114
371.5 1.826827 1.003347
372.0 1.828341 1.005491
372.5 1.830038 1.007521
373.0 1.831732 1.009549
373.5 1.833221 1.011702
374.0 1.834441 1.014114
374.5 1.835521 1.016600
375.0 1.836688 1.019034
375.5 1.838106 1.021307
376.0 1.839703 1.023475
376.5 1.841323 1.025627
377.0 1.842898 1.027951
377.5 1.844430 1.030346
378.0 1.846032 1.032698
378.5 1.847710 1.034715
379.0 1.849516 1.036428
379.5 1.851485 1.038046
380.0 1.853589 1.039674
380.5 1.855812 1.041390
381.0 1.858062 1.043087
381.5 1.860300 1.044739
382.0 1.862413 1.046202
382.5 1.864470 1.047692
383.0 1.866432 1.049232
383.5 1.868450 1.051114
384.0 1.870477 1.052995
384.5 1.872656 1.054786
385.0 1.875014 1.056258
385.5 1.877533 1.057571
386.0 1.880063 1.058874
386.5 1.882489 1.060358
387.0 1.884779 1.062004
387.5 1.887000 1.063685
388.0 1.889255 1.065334
388.5 1.891584 1.066925
389.0 1.893948 1.068491
389.5 1.896277 1.070020
390.0 1.898470 1.071413
390.5 1.900613 1.072830
391.0 1.902712 1.074272
391.5 1.904877 1.075932
392.0 1.906996 1.077615
392.5 1.909067 1.079321
393.0 1.910995 1.080878
393.5 1.912892 1.082399
394.0 1.914830 1.083893
394.5 1.916957 1.085514
395.0 1.919220 1.087196
395.5 1.921506 1.088862
396.0 1.923729 1.090486
396.5 1.925851 1.092066
397.0 1.927917 1.093675
397.5 1.929886 1.095235
398.0 1.931670 1.096557
398.5 1.933447 1.097882
399.0 1.935263 1.099210
399.5 1.937480 1.101117
400.0 1.939747 1.102991
400.5 1.942057 1.104836
401.0 1.944285 1.106458
401.5 1.946503 1.108039
402.0 1.948702 1.109627
402.5 1.950772 1.111094
403.0 1.952743 1.112518
403.5 1.954655 1.113974
404.0 1.956588 1.115602
404.5 1.958593 1.117398
405.0 1.960661 1.119155
405.5 1.962861 1.120799
406.0 1.965189 1.122280
406.5 1.967582 1.123720
407.0 1.969929 1.125184
407.5 1.972159 1.126719
408.0 1.974312 1.128294
408.5 1.976452 1.129873
409.0 1.978602 1.131357
409.5 1.980829 1.132783
410.0 1.983164 1.134145
410.5 1.985651 1.135482
411.0 1.988189 1.136815
411.5 1.990622 1.138205
412.0 1.992822 1.139742
412.5 1.994848 1.141390
413.0 1.996938 1.142999
413.5 1.999371 1.144475
414.0 2.002242 1.145848
414.5 2.005238 1.147146
415.0 2.008072 1.148507
415.5 2.010516 1.149903
416.0 2.012811 1.151382
416.5 2.015171 1.152819
417.0 2.017918 1.154388
417.5 2.020830 1.155890
418.0 2.023736 1.157391
418.5 2.026365 1.158731
419.0 2.028851 1.160041
419.5 2.031380 1.161323
420.0 2.034160 1.162637
420.5 2.037174 1.163960
421.0 2.040237 1.165253
421.5 2.043208 1.166559
422.0 2.046040 1.167879
422.5 2.048856 1.169205
423.0 2.051765 1.170485
423.5 2.054837 1.171730
424.0 2.057949 1.172948
424.5 2.060985 1.174206
425.0 2.063756 1.175356
425.5 2.066462 1.176534
426.0 2.069238 1.177669
426.5 2.072285 1.178842
427.0 2.075498 1.179976
427.5 2.078731 1.181096
428.0 2.081828 1.182198
428.5 2.084808 1.183300
429.0 2.087792 1.184396
429.5 2.090888 1.185447
430.0 2.094119 1.186449
430.5 2.097392 1.187425
431.0 2.100645 1.188470
431.5 2.103911 1.189749
432.0 2.107131 1.191050
432.5 2.110362 1.192335
433.0 2.113478 1.193268
433.5 2.116671 1.194154
434.0 2.119948 1.194991
434.5 2.123262 1.195688
435.0 2.126630 1.196324
435.5 2.130033 1.196938
436.0 2.133498 1.197648
436.5 2.136978 1.198425
437.0 2.140423 1.199219
437.5 2.143874 1.200147
438.0 2.147361 1.201233
438.5 2.150849 1.202314
439.0 2.154333 1.203274
439.5 2.157733 1.203915
440.0 2.161186 1.204525
440.5 2.164671 1.205121
441.0 2.168246 1.205848
441.5 2.171841 1.206562
442.0 2.175469 1.207256
442.5 2.178982 1.207646
443.0 2.182487 1.207983
443.5 2.185971 1.208329
444.0 2.189439 1.208765
444.5 2.192899 1.209244
445.0 2.196399 1.209699
445.5 2.199980 1.210057
446.0 2.203631 1.210320
446.5 2.207293 1.210577
447.0 2.210925 1.210959
447.5 2.214593 1.211615
448.0 2.218291 1.212253
448.5 2.222125 1.212751
449.0 2.225965 1.212725
449.5 2.229888 1.212654
450.0 2.233715 1.212635
450.5 2.237244 1.212635
451.0 2.240583 1.212720
451.5 2.243865 1.212835
452.0 2.247249 1.212992
452.5 2.250731 1.213135
453.0 2.254262 1.213251
453.5 2.257815 1.213367
454.0 2.261411 1.213471
454.5 2.265119 1.213514
455.0 2.269013 1.213453
455.5 2.273075 1.213291
456.0 2.277152 1.213123
456.5 2.281050 1.213004
457.0 2.284558 1.212775
457.5 2.287907 1.212632
458.0 2.291229 1.212504
458.5 2.294698 1.212463
459.0 2.298238 1.212392
459.5 2.301803 1.212309
460.0 2.305165 1.211864
460.5 2.308490 1.211298
461.0 2.311899 1.210690
461.5 2.315542 1.210187
462.0 2.319346 1.209785
462.5 2.323084 1.209419
463.0 2.326551 1.209067
463.5 2.329694 1.208651
464.0 2.332805 1.208252
464.5 2.336115 1.207796
465.0 2.339820 1.207371
465.5 2.343706 1.206854
466.0 2.347621 1.206324
466.5 2.351307 1.205598
467.0 2.354846 1.204945
467.5 2.358221 1.204377
468.0 2.361357 1.203773
468.5 2.364371 1.203189
469.0 2.367384 1.202607
469.5 2.370539 1.202061
470.0 2.373831 1.201516
470.5 2.377178 1.200946
471.0 2.380523 1.200379
471.5 2.383862 1.199818
472.0 2.387255 1.199231
472.5 2.390738 1.198534
473.0 2.394251 1.197612
473.5 2.397734 1.196707
474.0 2.401027 1.195895
474.5 2.403975 1.195065
475.0 2.406862 1.194266
475.5 2.409967 1.193362
476.0 2.413625 1.192488
476.5 2.417563 1.191544
477.0 2.421413 1.190646
477.5 2.424833 1.189895
478.0 2.427865 1.189299
478.5 2.430795 1.188754
479.0 2.433857 1.188057
479.5 2.437122 1.187163
480.0 2.440499 1.186217
480.5 2.443842 1.185270
481.0 2.447056 1.184335
481.5 2.450189 1.183441
482.0 2.453273 1.182562
482.5 2.456274 1.181574
483.0 2.459230 1.180610
483.5 2.462106 1.179687
484.0 2.464916 1.178867
484.5 2.467741 1.178052
485.0 2.470720 1.177165
485.5 2.473968 1.176124
486.0 2.477409 1.174982
486.5 2.480849 1.173845
487.0 2.484064 1.172748
487.5 2.487027 1.171705
488.0 2.489908 1.170703
488.5 2.492882 1.169730
489.0 2.496048 1.168825
489.5 2.499280 1.167891
490.0 2.502498 1.166956
490.5 2.505623 1.165985
491.0 2.508714 1.165032
491.5 2.511813 1.164078
492.0 2.514828 1.162844
492.5 2.517848 1.161586
493.0 2.520842 1.160343
493.5 2.523848 1.159294
494.0 2.526809 1.158330
494.5 2.529713 1.157394
495.0 2.532500 1.156319
495.5 2.535226 1.155103
496.0 2.538037 1.153851
496.5 2.541068 1.152649
497.0 2.544349 1.151595
497.5 2.547643 1.150536
498.0 2.550772 1.149472
498.5 2.553551 1.148181
499.0 2.556235 1.146935
499.5 2.558961 1.145673
500.0 2.561945 1.144590
500.5 2.565060 1.143461
501.0 2.568245 1.142304
501.5 2.571406 1.141049
502.0 2.574539 1.139777
502.5 2.577634 1.138525
503.0 2.580603 1.137152
503.5 2.583468 1.135710
504.0 2.586286 1.134293
504.5 2.589138 1.133039
505.0 2.592083 1.131990
505.5 2.595097 1.130914
506.0 2.598197 1.129666
506.5 2.601270 1.127918
507.0 2.604450 1.126128
507.5 2.607671 1.124333
508.0 2.611013 1.122889
508.5 2.614290 1.121476
509.0 2.617469 1.120110
509.5 2.620587 1.118936
510.0 2.623659 1.117814
510.5 2.626769 1.116678
511.0 2.629880 1.115203
511.5 2.633023 1.113546
512.0 2.636155 1.111898
512.5 2.639181 1.110318
513.0 2.642096 1.108811
513.5 2.644988 1.107317
514.0 2.647943 1.105746
514.5 2.650980 1.104007
515.0 2.654102 1.102236
515.5 2.657253 1.100456
516.0 2.660380 1.098666
516.5 2.663487 1.096887
517.0 2.666581 1.095119
517.5 2.669672 1.093384
518.0 2.672749 1.091662
518.5 2.675802 1.089953
519.0 2.678742 1.088041
519.5 2.681649 1.086033
520.0 2.684619 1.084004
520.5 2.687717 1.081968
521.0 2.690908 1.079940
521.5 2.694061 1.077931
522.0 2.697057 1.075987
522.5 2.699878 1.074114
523.0 2.702674 1.072254
523.5 2.705590 1.070296
524.0 2.708609 1.067973
524.5 2.711699 1.065627
525.0 2.714679 1.063329
525.5 2.717496 1.061337
526.0 2.720162 1.059419
526.5 2.722827 1.057506
527.0 2.725532 1.055300
527.5 2.728325 1.052968
528.0 2.731145 1.050630
528.5 2.733898 1.048306
529.0 2.736582 1.045998
529.5 2.739277 1.043691
530.0 2.742061 1.041365
530.5 2.744953 1.039021
531.0 2.747870 1.036673
531.5 2.750731 1.034356
532.0 2.753486 1.032105
532.5 2.756139 1.029896
533.0 2.758709 1.027723
533.5 2.761035 1.025046
534.0 2.763395 1.022346
534.5 2.765899 1.019597
535.0 2.768628 1.016780
535.5 2.771486 1.013923
536.0 2.774303 1.011086
536.5 2.776978 1.008489
537.0 2.779489 1.006069
537.5 2.781924 1.003682
538.0 2.784340 1.001102
538.5 2.786744 0.998234
539.0 2.789160 0.995366
539.5 2.791527 0.992584
540.0 2.793851 0.990043
540.5 2.796089 0.987537
541.0 2.798279 0.985047
541.5 2.800445 0.982511
542.0 2.802659 0.979962
542.5 2.804979 0.977380
543.0 2.807360 0.974529
543.5 2.809754 0.971634
544.0 2.812004 0.968794
544.5 2.813909 0.965909
545.0 2.815563 0.963029
545.5 2.817210 0.960154
546.0 2.819145 0.957457
546.5 2.821405 0.954926
547.0 2.823771 0.952364
547.5 2.826028 0.949597
548.0 2.828007 0.946403
548.5 2.829878 0.943249
549.0 2.831678 0.940187
549.5 2.833555 0.937579
550.0 2.835416 0.934980
550.5 2.837313 0.932373
551.0 2.839211 0.929518
551.5 2.841145 0.926628
552.0 2.843063 0.923748
552.5 2.844896 0.920832
553.0 2.846671 0.917912
553.5 2.848448 0.914995
554.0 2.850310 0.912176
554.5 2.852210 0.909443
555.0 2.854009 0.906745
555.5 2.855542 0.903951
556.0 2.856762 0.900895
556.5 2.857964 0.897847
557.0 2.859363 0.894781
557.5 2.861118 0.891849
558.0 2.862995 0.888884
558.5 2.864788 0.885948
559.0 2.866286 0.882903
559.5 2.867618 0.879909
560.0 2.868915 0.876928
560.5 2.870339 0.874084
561.0 2.871830 0.871265
561.5 2.873295 0.868457
562.0 2.874637 0.865619
562.5 2.875854 0.862778
563.0 2.876999 0.859961
563.5 2.878113 0.857150
564.0 2.879235 0.854334
564.5 2.880402 0.851506
565.0 2.881642 0.848645
565.5 2.882946 0.845715
566.0 2.884254 0.842787
566.5 2.885486 0.839897
567.0 2.886641 0.837243
567.5 2.887712 0.834616
568.0 2.888767 0.831995
568.5 2.889811 0.829180
569.0 2.890873 0.826325
569.5 2.891915 0.823478
570.0 2.892884 0.820611
570.5 2.893803 0.817738
571.0 2.894733 0.814865
571.5 2.895752 0.812063
572.0 2.896872 0.809349
572.5 2.898019 0.806629
573.0 2.899138 0.803886
573.5 2.900186 0.801088
574.0 2.901180 0.798306
574.5 2.902119 0.795541
575.0 2.903006 0.792792
575.5 2.903855 0.790056
576.0 2.904678 0.787327
576.5 2.905512 0.784687
577.0 2.906343 0.782058
577.5 2.907173 0.779432
578.0 2.907980 0.776725
578.5 2.908769 0.773995
579.0 2.909526 0.771273
579.5 2.910228 0.768533
580.0 2.910899 0.765774
580.5 2.911610 0.763005
581.0 2.912451 0.760331
581.5 2.913441 0.757854
582.0 2.914412 0.755384
582.5 2.915234 0.752907
583.0 2.915813 0.750290
583.5 2.916294 0.747699
584.0 2.916788 0.745106
584.5 2.917411 0.742582
585.0 2.918121 0.740043
585.5 2.918869 0.737495
586.0 2.919600 0.734921
586.5 2.920292 0.732352
587.0 2.920925 0.729799
587.5 2.921477 0.727251
588.0 2.921963 0.724709
588.5 2.922431 0.722172
589.0 2.922929 0.719646
589.5 2.923465 0.717135
590.0 2.923998 0.714626
590.5 2.924506 0.712192
591.0 2.925022 0.710002
591.5 2.925546 0.707811
592.0 2.926139 0.705573
592.5 2.926734 0.702841
593.0 2.927389 0.700096
593.5 2.928033 0.697355
594.0 2.928679 0.694968
594.5 2.929252 0.692644
595.0 2.929757 0.690337
595.5 2.930162 0.687846
596.0 2.930520 0.685276
596.5 2.930883 0.682705
597.0 2.931328 0.680316
597.5 2.931856 0.678118
598.0 2.932387 0.675920
598.5 2.932857 0.673601
599.0 2.933227 0.671017
599.5 2.933599 0.668433
600.0 2.934030 0.665895
600.5 2.934601 0.663704
601.0 2.935162 0.661516
601.5 2.935632 0.659350
602.0 2.935963 0.657215
602.5 2.936277 0.655084
603.0 2.936745 0.652920
603.5 2.937533 0.650773
604.0 2.938545 0.648613
604.5 2.939561 0.646453
605.0 2.940295 0.644000
605.5 2.940695 0.641317
606.0 2.940888 0.638679
606.5 2.940982 0.636251
607.0 2.941090 0.634178
607.5 2.941228 0.632099
608.0 2.941476 0.629941
608.5 2.941840 0.627533
609.0 2.942288 0.625108
609.5 2.942728 0.622696
610.0 2.943161 0.620662
610.5 2.943517 0.618646
611.0 2.943819 0.616641
611.5 2.944049 0.614431
612.0 2.944281 0.612179
612.5 2.944564 0.609917
613.0 2.944921 0.607578
613.5 2.945319 0.605196
614.0 2.945671 0.602824
614.5 2.945881 0.600438
615.0 2.945969 0.598020
615.5 2.946111 0.595592
616.0 2.946511 0.593281
616.5 2.947300 0.591398
617.0 2.948241 0.589484
617.5 2.949169 0.587542
618.0 2.949857 0.585161
618.5 2.950335 0.582822
619.0 2.950554 0.580535
619.5 2.950504 0.578333
620.0 2.950326 0.576159
620.5 2.950221 0.573970
621.0 2.950354 0.571629
621.5 2.950756 0.569190
622.0 2.951354 0.566714
622.5 2.952099 0.564398
623.0 2.952916 0.562243
623.5 2.953704 0.560093
624.0 2.954401 0.557985
624.5 2.954979 0.555946
625.0 2.955447 0.553928
625.5 2.955812 0.551821
626.0 2.956040 0.549245
626.5 2.956289 0.546666
627.0 2.956632 0.544070
627.5 2.957136 0.541600
628.0 2.957661 0.539135
628.5 2.958050 0.536695
629.0 2.958173 0.534275
629.5 2.958164 0.531872
630.0 2.958273 0.529447
630.5 2.958764 0.527109
631.0 2.959577 0.524825
631.5 2.960410 0.522539
632.0 2.960966 0.520204
632.5 2.961202 0.517798
633.0 2.961390 0.515400
633.5 2.961812 0.513046
634.0 2.962636 0.510941
634.5 2.963635 0.508807
635.0 2.964592 0.506659
635.5 2.965210 0.503804
636.0 2.965592 0.500990
636.5 2.965745 0.498215
637.0 2.965777 0.495958
637.5 2.965795 0.493803
638.0 2.966014 0.491614
638.5 2.966589 0.489088
639.0 2.967396 0.486399
639.5 2.968098 0.483729
640.0 2.968307 0.480905
640.5 2.968015 0.477890
641.0 2.967639 0.474888
641.5 2.967593 0.471959
642.0 2.968065 0.469261
642.5 2.968749 0.466530
643.0 2.969342 0.463772
643.5 2.969571 0.460649
644.0 2.969540 0.457567
644.5 2.969335 0.454512
645.0 2.969074 0.451626
645.5 2.968848 0.448743
646.0 2.968777 0.445837
646.5 2.968932 0.442676
647.0 2.969245 0.439411
647.5 2.969532 0.436149
648.0 2.969569 0.432655
648.5 2.969324 0.428985
649.0 2.968913 0.425339
649.5 2.968466 0.421993
650.0 2.968058 0.419154
650.5 2.967599 0.416322
651.0 2.967053 0.413398
651.5 2.966404 0.410144
652.0 2.965800 0.406882
652.5 2.965351 0.403595
653.0 2.965042 0.399978
653.5 2.964612 0.396377
654.0 2.963679 0.392841
654.5 2.961928 0.389220
655.0 2.959702 0.385622
655.5 2.957568 0.382006
656.0 2.956125 0.378946
656.5 2.955273 0.376139
657.0 2.954536 0.373315
657.5 2.953501 0.370684
658.0 2.952009 0.368288
658.5 2.950177 0.365932
659.0 2.948164 0.363660
659.5 2.946100 0.361528
660.0 2.944042 0.359393
660.5 2.942056 0.357225
661.0 2.940167 0.354850
661.5 2.938378 0.352461
662.0 2.936651 0.350060
662.5 2.935005 0.348139
663.0 2.933319 0.346261
663.5 2.931513 0.344396
664.0 2.929563 0.342826
664.5 2.927571 0.341361
665.0 2.925749 0.339874
665.5 2.924291 0.338248
666.0 2.923164 0.336519
666.5 2.922148 0.334775
667.0 2.921029 0.333168
667.5 2.919703 0.331790
668.0 2.918194 0.330431
668.5 2.916569 0.329132
669.0 2.914926 0.328005
669.5 2.913385 0.326866
670.0 2.912094 0.325691
670.5 2.911120 0.324310
671.0 2.910359 0.322905
671.5 2.909638 0.321495
672.0 2.908783 0.319906
672.5 2.907793 0.318295
673.0 2.906704 0.316695
673.5 2.905593 0.315476
674.0 2.904519 0.314469
674.5 2.903567 0.313449
675.0 2.902814 0.312164
675.5 2.902207 0.310608
676.0 2.901564 0.309056
676.5 2.900685 0.307665
677.0 2.899525 0.306594
677.5 2.898238 0.305536
678.0 2.897028 0.304410
678.5 2.896003 0.302913
679.0 2.895156 0.301396
679.5 2.894417 0.299867
680.0 2.893687 0.298116
680.5 2.892898 0.296357
681.0 2.891958 0.294612
681.5 2.890809 0.293066
682.0 2.889520 0.291596
682.5 2.888250 0.290122
683.0 2.887173 0.288795
683.5 2.886294 0.287565
684.0 2.885491 0.286327
684.5 2.884649 0.285059
685.0 2.883727 0.283755
685.5 2.882773 0.282453
686.0 2.881833 0.281100
686.5 2.880920 0.279594
687.0 2.880018 0.278085
687.5 2.879089 0.276591
688.0 2.878134 0.275350
688.5 2.877152 0.274110
689.0 2.876178 0.272869
689.5 2.875232 0.271526
690.0 2.874305 0.270161
690.5 2.873366 0.268796
691.0 2.872393 0.267524
691.5 2.871396 0.266294
692.0 2.870408 0.265062
692.5 2.869465 0.263783
693.0 2.868560 0.262449
693.5 2.867643 0.261115
694.0 2.866658 0.259785
694.5 2.865577 0.258457
695.0 2.864425 0.257135
695.5 2.863236 0.255842
696.0 2.862050 0.254683
696.5 2.860893 0.253520
697.0 2.859801 0.252350
697.5 2.858776 0.250905
698.0 2.857801 0.249443
698.5 2.856823 0.247981
699.0 2.855827 0.246910
699.5 2.854789 0.245980
700.0 2.853724 0.245052
700.5 2.852653 0.244061
701.0 2.851596 0.243022
701.5 2.850572 0.241979
702.0 2.849597 0.240962
702.5 2.848671 0.239984
703.0 2.847775 0.239003
703.5 2.846891 0.238018
704.0 2.846001 0.237024
704.5 2.845094 0.236032
705.0 2.844154 0.235040
705.5 2.843161 0.233982
706.0 2.842087 0.232930
706.5 2.840898 0.231887
707.0 2.839586 0.230938
707.5 2.838253 0.230000
708.0 2.837047 0.229052
708.5 2.836087 0.227942
709.0 2.835301 0.226747
709.5 2.834477 0.225555
710.0 2.833420 0.224532
710.5 2.832119 0.223676
711.0 2.830753 0.222825
711.5 2.829516 0.221940
712.0 2.828489 0.220994
712.5 2.827583 0.220037
713.0 2.826687 0.219104
713.5 2.825735 0.218330
714.0 2.824724 0.217561
714.5 2.823677 0.216795
715.0 2.822623 0.216140
715.5 2.821557 0.215486
716.0 2.820477 0.214832
716.5 2.819384 0.214113
717.0 2.818322 0.213375
717.5 2.817350 0.212629
718.0 2.816513 0.211795
718.5 2.815782 0.210909
719.0 2.815075 0.210021
719.5 2.814309 0.209189
720.0 2.813446 0.208442
720.5 2.812498 0.207701
721.0 2.811490 0.206972
721.5 2.810441 0.206275
722.0 2.809360 0.205580
722.5 2.808256 0.204892
723.0 2.807144 0.204240
723.5 2.806034 0.203589
724.0 2.804941 0.202935
724.5 2.803880 0.202273
725.0 2.802860 0.201607
725.5 2.801886 0.200938
726.0 2.800963 0.200243
726.5 2.800059 0.199536
727.0 2.799126 0.198831
727.5 2.798117 0.198169
728.0 2.797040 0.197544
728.5 2.795945 0.196920
729.0 2.794894 0.196323
729.5 2.793921 0.195770
730.0 2.793028 0.195212
730.5 2.792218 0.194644
731.0 2.791479 0.194055
731.5 2.790765 0.193465
732.0 2.790027 0.192876
732.5 2.789237 0.192311
733.0 2.788437 0.191747
733.5 2.787693 0.191179
734.0 2.787062 0.190701
734.5 2.786502 0.190242
735.0 2.785934 0.189783
735.5 2.785278 0.189247
736.0 2.784519 0.188677
736.5 2.783677 0.188113
737.0 2.782770 0.187603
737.5 2.781810 0.187141
738.0 2.780803 0.186682
738.5 2.779754 0.186224
739.0 2.778698 0.185763
739.5 2.777712 0.185297
740.0 2.776878 0.184813
740.5 2.776232 0.184256
741.0 2.775693 0.183692
741.5 2.775150 0.183128
742.0 2.774522 0.182649
742.5 2.773825 0.182181
743.0 2.773111 0.181713
743.5 2.772430 0.181308
744.0 2.771765 0.180916
744.5 2.771077 0.180525
745.0 2.770329 0.180093
745.5 2.769531 0.179635
746.0 2.768733 0.179177
746.5 2.767980 0.178715
747.0 2.767276 0.178250
747.5 2.766582 0.177783
748.0 2.765855 0.177332
748.5 2.765081 0.176935
749.0 2.764303 0.176538
749.5 2.763570 0.176136
750.0 2.762916 0.175708
750.5 2.762319 0.175275
751.0 2.761743 0.174841
751.5 2.761164 0.174479
752.0 2.760584 0.174127
752.5 2.760018 0.173774
753.0 2.759474 0.173324
753.5 2.758931 0.172831
754.0 2.758342 0.172341
754.5 2.757666 0.171926
755.0 2.756911 0.171568
755.5 2.756130 0.171210
756.0 2.755382 0.170862
756.5 2.754695 0.170529
757.0 2.754058 0.170193
757.5 2.753453 0.169837
758.0 2.752861 0.169414
758.5 2.752256 0.168992
759.0 2.751611 0.168576
759.5 2.750913 0.168212
760.0 2.750197 0.167848
760.5 2.749510 0.167483
761.0 2.748880 0.167020
761.5 2.748271 0.166545
762.0 2.747622 0.166073
762.5 2.746880 0.165631
763.0 2.746110 0.165200
763.5 2.745439 0.164763
764.0 2.744997 0.164384
764.5 2.744804 0.164055
765.0 2.744782 0.163715
765.5 2.744854 0.163372
766.0 2.744937 0.163035
766.5 2.744937 0.162703
767.0 2.744761 0.162383
767.5 2.744365 0.162085
768.0 2.743809 0.161795
768.5 2.743169 0.161511
769.0 2.742509 0.161194
769.5 2.741860 0.160874
770.0 2.741243 0.160552
770.5 2.740677 0.160249
771.0 2.740162 0.159946
771.5 2.739697 0.159641
772.0 2.739276 0.159318
772.5 2.738877 0.158986
773.0 2.738466 0.158655
773.5 2.738011 0.158342
774.0 2.737504 0.158050
774.5 2.736964 0.157760
775.0 2.736410 0.157460
775.5 2.735860 0.157135
776.0 2.735324 0.156809
776.5 2.734814 0.156487
777.0 2.734335 0.156210
777.5 2.733873 0.155933
778.0 2.733412 0.155655
778.5 2.732936 0.155303
779.0 2.732452 0.154949
779.5 2.731968 0.154595
780.0 2.731491 0.154251
780.5 2.731024 0.153910
781.0 2.730567 0.153568
781.5 2.730122 0.153245
782.0 2.729688 0.152934
782.5 2.729263 0.152622
783.0 2.728845 0.152287
783.5 2.728443 0.151924
784.0 2.728084 0.151557
784.5 2.727792 0.151206
785.0 2.727551 0.150904
785.5 2.727266 0.150604
786.0 2.726839 0.150312
786.5 2.726222 0.150036
787.0 2.725526 0.149763
787.5 2.724895 0.149487
788.0 2.724440 0.149120
788.5 2.724145 0.148733
789.0 2.723940 0.148342
789.5 2.723759 0.147962
790.0 2.723581 0.147586
790.5 2.723409 0.147210
791.0 2.723246 0.146865
791.5 2.723084 0.146543
792.0 2.722902 0.146223
792.5 2.722682 0.145925
793.0 2.722401 0.145656
793.5 2.722030 0.145392
794.0 2.721540 0.145122
794.5 2.720941 0.144806
795.0 2.720334 0.144490
795.5 2.719832 0.144169
796.0 2.719508 0.143860
796.5 2.719300 0.143546
797.0 2.719114 0.143229
797.5 2.718869 0.142855
798.0 2.718590 0.142473
798.5 2.718336 0.142089
799.0 2.718164 0.141728
799.5 2.718050 0.141377
800.0 2.717927 0.141027
800.5 2.717730 0.140721
801.0 2.717446 0.140462
801.5 2.717111 0.140206
802.0 2.716766 0.139939
802.5 2.716432 0.139652
803.0 2.716107 0.139364
803.5 2.715787 0.139069
804.0 2.715466 0.138738
804.5 2.715146 0.138407
805.0 2.714826 0.138077
805.5 2.714507 0.137762
806.0 2.714192 0.137448
806.5 2.713888 0.137132
807.0 2.713596 0.136783
807.5 2.713314 0.136429
808.0 2.713040 0.136075
808.5 2.712768 0.135707
809.0 2.712514 0.135334
809.5 2.712300 0.134959
810.0 2.712148 0.134595
810.5 2.712038 0.134245
811.0 2.711902 0.133897
811.5 2.711673 0.133545
812.0 2.711340 0.133188
812.5 2.710973 0.132832
813.0 2.710644 0.132479
813.5 2.710398 0.132143
814.0 2.710207 0.131804
814.5 2.710035 0.131464
815.0 2.709857 0.131147
815.5 2.709683 0.130830
816.0 2.709532 0.130512
816.5 2.709415 0.130127
817.0 2.709306 0.129733
817.5 2.709163 0.129340
818.0 2.708945 0.128945
818.5 2.708634 0.128552
819.0 2.708228 0.128163
819.5 2.707724 0.127656
820.0 2.707185 0.127041
820.5 2.706741 0.126420
821.0 2.706517 0.125854
821.5 2.706569 0.125381
822.0 2.706843 0.124899
822.5 2.707285 0.124408
823.0 2.707840 0.123904
823.5 2.708460 0.123397
824.0 2.709095 0.122891
824.5 2.709694 0.122329
825.0 2.710222 0.121767
825.5 2.710643 0.121210
826.0 2.710931 0.120756
826.5 2.711075 0.120323
827.0 2.711076 0.119896
827.5 2.710944 0.119490
828.0 2.710755 0.119094
828.5 2.710633 0.118695
829.0 2.710696 0.118257
829.5 2.710951 0.117775
830.0 2.711282 0.117290
830.5 2.711569 0.116808
831.0 2.711718 0.116334
831.5 2.711680 0.115867
832.0 2.711409 0.115425
832.5 2.710911 0.115090
833.0 2.710322 0.114759
833.5 2.709802 0.114424
834.0 2.709478 0.113923
834.5 2.709371 0.113412
835.0 2.709466 0.112893
835.5 2.709743 0.112359
836.0 2.710146 0.111818
836.5 2.710607 0.111275
837.0 2.711058 0.110775
837.5 2.711433 0.110297
838.0 2.711666 0.109825
838.5 2.711697 0.109353
839.0 2.711532 0.108881
839.5 2.711245 0.108415
840.0 2.710906 0.107915
840.5 2.710590 0.107351
841.0 2.710377 0.106782
841.5 2.710344 0.106201
842.0 2.710517 0.105587
842.5 2.710803 0.104969
843.0 2.711090 0.104351
843.5 2.711288 0.103774
844.0 2.711424 0.103202
844.5 2.711553 0.102629
845.0 2.711730 0.102338
845.5 2.711896 0.102095
846.0 2.711966 0.101855
846.5 2.711852 0.101339
847.0 2.711567 0.100661
847.5 2.711188 0.099987
848.0 2.710783 0.099290
848.5 2.710404 0.098569
849.0 2.710084 0.097846
849.5 2.709855 0.097154
850.0 2.709726 0.096560
850.5 2.709660 0.095963
851.0 2.709616 0.095357
851.5 2.709557 0.094680
852.0 2.709468 0.094004
852.5 2.709336 0.093330
853.0 2.709144 0.092484
853.5 2.708908 0.091629
854.0 2.708645 0.090776
854.5 2.708370 0.089892
855.0 2.708117 0.088998
855.5 2.707923 0.088102
856.0 2.707823 0.087239
856.5 2.707788 0.086397
857.0 2.707739 0.085556
857.5 2.707591 0.084542
858.0 2.707337 0.083366
858.5 2.707035 0.082191
859.0 2.706743 0.081057
859.5 2.706496 0.080013
860.0 2.706281 0.078968
860.5 2.706086 0.077928
861.0 2.705904 0.076911
861.5 2.705739 0.075893
862.0 2.705597 0.074874
862.5 2.705473 0.073864
863.0 2.705318 0.072854
863.5 2.705068 0.071846
864.0 2.704673 0.070660
864.5 2.704190 0.069446
865.0 2.703709 0.068232
865.5 2.703317 0.067007
866.0 2.703036 0.065773
866.5 2.702847 0.064536
867.0 2.702724 0.063304
867.5 2.702624 0.062079
868.0 2.702479 0.060855
868.5 2.702221 0.059626
869.0 2.701818 0.058381
869.5 2.701297 0.057139
870.0 2.700694 0.055905
870.5 2.700046 0.054713
871.0 2.699406 0.053521
871.5 2.698826 0.052327
872.0 2.698340 0.050853
872.5 2.697923 0.049364
873.0 2.697526 0.047875
873.5 2.697107 0.046634
874.0 2.696634 0.045425
874.5 2.696085 0.044216
875.0 2.695444 0.043016
875.5 2.694728 0.041821
876.0 2.693976 0.040625
876.5 2.693224 0.039239
877.0 2.692464 0.037642
877.5 2.691648 0.036044
878.0 2.690721 0.034535
878.5 2.689683 0.033172
879.0 2.688608 0.031809
879.5 2.687577 0.030436
880.0 2.686675 0.029008
880.5 2.686001 0.027577
881.0 2.685657 0.026147
881.5 2.685705 0.025192
882.0 2.686027 0.024234
882.5 2.686471 0.023276
883.0 2.686903 0.022403
883.5 2.687296 0.021544
884.0 2.687663 0.020685
884.5 2.688010 0.019848
885.0 2.688294 0.019021
885.5 2.688448 0.018195
886.0 2.688401 0.017365
886.5 2.688083 0.016534
887.0 2.687424 0.015704
887.5 2.686356 0.014915
888.0 2.684917 0.014183
888.5 2.683283 0.013452
889.0 2.681640 0.012741
889.5 2.680093 0.012104
890.0 2.678579 0.011466
890.5 2.677016 0.010824
891.0 2.675327 0.010057
891.5 2.673471 0.009289
892.0 2.671413 0.008521
892.5 2.669153 0.007610
893.0 2.666859 0.006691
893.5 2.664745 0.005771
894.0 2.663009 0.004915
894.5 2.661684 0.004080
895.0 2.660719 0.003243
895.5 2.660062 0.002448
896.0 2.659648 0.001692
896.5 2.659402 0.000935
897.0 2.659248 0.000423
897.5 2.659107 0.000267
898.0 2.658892 0.000111
898.5 2.658516 0.000000
899.0 2.657898 0.000000
899.5 2.656965 0.000000
900.0 2.655644 0.000000
900.5 2.653900 0.000000
901.0 2.651842 0.000000
901.5 2.649611 0.000000
902.0 2.647338 0.000000
902.5 2.645101 0.000000
903.0 2.642958 0.000000
903.5 2.640971 0.000000
904.0 2.639243 0.000000
904.5 2.637896 0.000000
905.0 2.637047 0.000000
905.5 2.636673 0.000000
906.0 2.636640 0.000000
906.5 2.636808 0.000000
907.0 2.637053 0.000000
907.5 2.637271 0.000000
908.0 2.637358 0.000000
908.5 2.637212 0.000000
909.0 2.636738 0.000000
909.5 2.635837 0.000000
910.0 2.634454 0.000000
910.5 2.632637 0.000000
911.0 2.630451 0.000000
911.5 2.627970 0.000000
912.0 2.625322 0.000000
912.5 2.622644 0.000000
913.0 2.620076 0.000000
913.5 2.617729 0.000000
914.0 2.615710 0.000000
914.5 2.614115 0.000000
915.0 2.612952 0.000000
915.5 2.612158 0.000000
916.0 2.611675 0.000000
916.5 2.611442 0.000000
917.0 2.611407 0.000000
917.5 2.611515 0.000000
918.0 2.611713 0.000000
918.5 2.611951 0.000000
919.0 2.612179 0.000000
919.5 2.612347 0.000000
920.0 2.612400 0.000000
920.5 2.612285 0.000000
921.0 2.611967 0.000000
921.5 2.611487 0.000000
922.0 2.610903 0.000000
922.5 2.610270 0.000000
923.0 2.609616 0.000000
923.5 2.608959 0.000000
924.0 2.608315 0.000000
924.5 2.607681 0.000000
925.0 2.607044 0.000000
925.5 2.606389 0.000000
926.0 2.605697 0.000000
926.5 2.604940 0.000000
927.0 2.604093 0.000000
927.5 2.603132 0.000000
928.0 2.602042 0.000000
928.5 2.600807 0.000000
929.0 2.599439 0.000000
929.5 2.597995 0.000000
930.0 2.596536 0.000000
930.5 2.595116 0.000000
931.0 2.593749 0.000000
931.5 2.592448 0.000000
932.0 2.591225 0.000000
932.5 2.590099 0.000000
933.0 2.589091 0.000000
933.5 2.588209 0.000000
934.0 2.587344 0.000000
934.5 2.586337 0.000000
935.0 2.585035 0.000000
935.5 2.583471 0.000000
936.0 2.581833 0.000000
936.5 2.580312 0.000000
937.0 2.579031 0.000000
937.5 2.578039 0.000000
938.0 2.577379 0.000000
938.5 2.577010 0.000000
939.0 2.576768 0.000000
939.5 2.576475 0.000000
940.0 2.576027 0.000000
940.5 2.575476 0.000000
941.0 2.574894 0.000000
941.5 2.574334 0.000000
942.0 2.573754 0.000000
942.5 2.573083 0.000000
943.0 2.572263 0.000000
943.5 2.571342 0.000000
944.0 2.570417 0.000000
944.5 2.569580 0.000000
945.0 2.568840 0.000000
945.5 2.568147 0.000000
946.0 2.567450 0.000000
946.5 2.566708 0.000000
947.0 2.565888 0.000000
947.5 2.564959 0.000000
948.0 2.563950 0.000000
948.5 2.562956 0.000000
949.0 2.562078 0.000000
949.5 2.561382 0.000000
950.0 2.560856 0.000000
950.5 2.560482 0.000000
951.0 2.560227 0.000000
951.5 2.560019 0.000000
952.0 2.559776 0.000000
952.5 2.559436 0.000000
953.0 2.559021 0.000000
953.5 2.558576 0.000000
954.0 2.558145 0.000000
954.5 2.557751 0.000000
955.0 2.557407 0.000000
955.5 2.557126 0.000000
956.0 2.556893 0.000000
956.5 2.556679 0.000000
957.0 2.556455 0.000000
957.5 2.556180 0.000000
958.0 2.555799 0.000000
958.5 2.555257 0.000000
959.0 2.554543 0.000000
959.5 2.553717 0.000000
960.0 2.552847 0.000000
960.5 2.551975 0.000000
961.0 2.551087 0.000000
961.5 2.550163 0.000000
962.0 2.549185 0.000000
962.5 2.548146 0.000000
963.0 2.547045 0.000000
963.5 2.545885 0.000000
964.0 2.544698 0.000000
964.5 2.543532 0.000000
965.0 2.542432 0.000000
965.5 2.541415 0.000000
966.0 2.540481 0.000000
966.5 2.539628 0.000000
967.0 2.538852 0.000000
967.5 2.538141 0.000000
968.0 2.537487 0.000000
968.5 2.536851 0.000000
969.0 2.536148 0.000000
969.5 2.535289 0.000000
970.0 2.534283 0.000000
970.5 2.533303 0.000000
971.0 2.532540 0.000000
971.5 2.532100 0.000000
972.0 2.531829 0.000000
972.5 2.531525 0.000000
973.0 2.531027 0.000000
973.5 2.530387 0.000000
974.0 2.529729 0.000000
974.5 2.529156 0.000000
975.0 2.528631 0.000000
975.5 2.528060 0.000000
976.0 2.527363 0.000000
976.5 2.526598 0.000000
977.0 2.525923 0.000000
977.5 2.525496 0.000000
978.0 2.525405 0.000000
978.5 2.525676 0.000000
979.0 2.526332 0.000000
979.5 2.527278 0.000000
980.0 2.528230 0.000000
980.5 2.528886 0.000000
981.0 2.529109 0.000000
981.5 2.529107 0.000000
982.0 2.529134 0.000000
982.5 2.529402 0.000000
983.0 2.529932 0.000000
983.5 2.530691 0.000000
984.0 2.531621 0.000000
984.5 2.532522 0.000000
985.0 2.533132 0.000000
985.5 2.533213 0.000000
986.0 2.532724 0.000000
986.5 2.531742 0.000000
987.0 2.530349 0.000000
987.5 2.528721 0.000000
988.0 2.527113 0.000000
988.5 2.525775 0.000000
989.0 2.524765 0.000000
989.5 2.523912 0.000000
990.0 2.523031 0.000000
990.5 2.522053 0.000000
991.0 2.521115 0.000000
991.5 2.520380 0.000000
992.0 2.519966 0.000000
992.5 2.519871 0.000000
993.0 2.520072 0.000000
993.5 2.520529 0.000000
994.0 2.521124 0.000000
994.5 2.521714 0.000000
995.0 2.522190 0.000000
995.5 2.522615 0.000000
996.0 2.523107 0.000000
996.5 2.523771 0.000000
997.0 2.524579 0.000000
997.5 2.525421 0.000000
998.0 2.526191 0.000000
998.5 2.526803 0.000000
999.0 2.527193 0.000000
999.5 2.527297 0.000000
1000.0 2.527092 0.000000
1000.5 2.526596 0.000000
1001.0 2.525829 0.000000
1001.5 2.524811 0.000000
1002.0 2.523563 0.000000
1002.5 2.522106 0.000000
1003.0 2.520460 0.000000
1003.5 2.518645 0.000000
1004.0 2.516681 0.000000
1004.5 2.514590 0.000000
1005.0 2.512392 0.000000
1005.5 2.510106 0.000000
1006.0 2.507755 0.000000
1006.5 2.505358 0.000000
1007.0 2.502936 0.000000
1007.5 2.500510 0.000000
1008.0 2.498102 0.000000
1008.5 2.495731 0.000000
1009.0 2.493420 0.000000
1009.5 2.491190 0.000000
1010.0 2.489060 0.000000
1010.5 2.487054 0.000000
1011.0 2.485192 0.000000
1011.5 2.483495 0.000000
1012.0 2.481986 0.000000
1012.5 2.480685 0.000000
1013.0 2.479613 0.000000
1013.5 2.478766 0.000000
1014.0 2.478119 0.000000
1014.5 2.477644 0.000000
1015.0 2.477314 0.000000
1015.5 2.477102 0.000000
1016.0 2.476982 0.000000
1016.5 2.476924 0.000000
1017.0 2.476897 0.000000
1017.5 2.476864 0.000000
1018.0 2.476791 0.000000
1018.5 2.476641 0.000000
1019.0 2.476380 0.000000
1019.5 2.475970 0.000000
1020.0 2.475393 0.000000
1020.5 2.474690 0.000000
1021.0 2.473915 0.000000
1021.5 2.473122 0.000000
1022.0 2.472366 0.000000
1022.5 2.471702 0.000000
1023.0 2.471184 0.000000
1023.5 2.470840 0.000000
1024.0 2.470660 0.000000
1024.5 2.470625 0.000000
1025.0 2.470720 0.000000
1025.5 2.470926 0.000000
1026.0 2.471228 0.000000
1026.5 2.471607 0.000000
1027.0 2.472024 0.000000
1027.5 2.472416 0.000000
1028.0 2.472721 0.000000
1028.5 2.472879 0.000000
1029.0 2.472827 0.000000
1029.5 2.472503 0.000000
1030.0 2.471856 0.000000
1030.5 2.470939 0.000000
1031.0 2.469863 0.000000
1031.5 2.468743 0.000000
1032.0 2.467691 0.000000
1032.5 2.466822 0.000000
1033.0 2.466250 0.000000
1033.5 2.466048 0.000000
1034.0 2.466143 0.000000
1034.5 2.466427 0.000000
1035.0 2.466792 0.000000
1035.5 2.467129 0.000000
1036.0 2.467330 0.000000
1036.5 2.467288 0.000000
1037.0 2.466959 0.000000
1037.5 2.466410 0.000000
1038.0 2.465721 0.000000
1038.5 2.464971 0.000000
1039.0 2.464239 0.000000
1039.5 2.463603 0.000000
1040.0 2.463142 0.000000
1040.5 2.462870 0.000000
1041.0 2.462749 0.000000
1041.5 2.462733 0.000000
1042.0 2.462781 0.000000
1042.5 2.462848 0.000000
1043.0 2.462891 0.000000
1043.5 2.462870 0.000000
1044.0 2.462786 0.000000
1044.5 2.462662 0.000000
1045.0 2.462522 0.000000
1045.5 2.462392 0.000000
1046.0 2.462295 0.000000
1046.5 2.462255 0.000000
1047.0 2.462288 0.000000
1047.5 2.462369 0.000000
1048.0 2.462462 0.000000
1048.5 2.462533 0.000000
1049.0 2.462548 0.000000
1049.5 2.462472 0.000000
1050.0 2.462269 0.000000
1050.5 2.461929 0.000000
1051.0 2.461484 0.000000
1051.5 2.460969 0.000000
1052.0 2.460422 0.000000
1052.5 2.459880 0.000000
1053.0 2.459378 0.000000
1053.5 2.458954 0.000000
1054.0 2.458616 0.000000
1054.5 2.458350 0.000000
1055.0 2.458138 0.000000
1055.5 2.457963 0.000000
1056.0 2.457807 0.000000
1056.5 2.457654 0.000000
1057.0 2.457488 0.000000
1057.5 2.457302 0.000000
1058.0 2.457101 0.000000
1058.5 2.456885 0.000000
1059.0 2.456658 0.000000
1059.5 2.456422 0.000000
1060.0 2.456179 0.000000
1060.5 2.455932 0.000000
1061.0 2.455683 0.000000
1061.5 2.455434 0.000000
1062.0 2.455188 0.000000
1062.5 2.454947 0.000000
1063.0 2.454712 0.000000
1063.5 2.454486 0.000000
1064.0 2.454273 0.000000
1064.5 2.454075 0.000000
1065.0 2.453898 0.000000
1065.5 2.453745 0.000000
1066.0 2.453622 0.000000
1066.5 2.453532 0.000000
1067.0 2.453480 0.000000
1067.5 2.453458 0.000000
1068.0 2.453440 0.000000
1068.5 2.453397 0.000000
1069.0 2.453298 0.000000
1069.5 2.453116 0.000000
1070.0 2.452821 0.000000
1070.5 2.452389 0.000000
1071.0 2.451839 0.000000
1071.5 2.451221 0.000000
1072.0 2.450586 0.000000
1072.5 2.449985 0.000000
1073.0 2.449466 0.000000
1073.5 2.449081 0.000000
1074.0 2.448872 0.000000
1074.5 2.448824 0.000000
1075.0 2.448898 0.000000
1075.5 2.449053 0.000000
1076.0 2.449250 0.000000
1076.5 2.449450 0.000000
1077.0 2.449611 0.000000
1077.5 2.449707 0.000000
1078.0 2.449742 0.000000
1078.5 2.449727 0.000000
1079.0 2.449674 0.000000
1079.5 2.449594 0.000000
1080.0 2.449498 0.000000
1080.5 2.449398 0.000000
1081.0 2.449298 0.000000
1081.5 2.449193 0.000000
1082.0 2.449077 0.000000
1082.5 2.448945 0.000000
1083.0 2.448790 0.000000
1083.5 2.448608 0.000000
1084.0 2.448391 0.000000
1084.5 2.448145 0.000000
1085.0 2.447880 0.000000
1085.5 2.447608 0.000000
1086.0 2.447340 0.000000
1086.5 2.447089 0.000000
1087.0 2.446867 0.000000
1087.5 2.446682 0.000000
1088.0 2.446529 0.000000
1088.5 2.446391 0.000000
1089.0 2.446252 0.000000
1089.5 2.446096 0.000000
1090.0 2.445906 0.000000
1090.5 2.445666 0.000000
1091.0 2.445365 0.000000
1091.5 2.445012 0.000000
1092.0 2.444623 0.000000
1092.5 2.444213 0.000000
1093.0 2.443796 0.000000
1093.5 2.443387 0.000000
1094.0 2.443001 0.000000
1094.5 2.442649 0.000000
1095.0 2.442329 0.000000
1095.5 2.442035 0.000000
1096.0 2.441763 0.000000
1096.5 2.441509 0.000000
1097.0 2.441267 0.000000
1097.5 2.441032 0.000000
1098.0 2.440804 0.000000
1098.5 2.440589 0.000000
1099.0 2.440392 0.000000
1099.5 2.440220 0.000000
1100.0 2.440078 0.000000
1100.5 2.439973 0.000000
1101.0 2.439910 0.000000
1101.5 2.439887 0.000000
1102.0 2.439895 0.000000
1102.5 2.439925 0.000000
1103.0 2.439971 0.000000
1103.5 2.440022 0.000000
1104.0 2.440072 0.000000
1104.5 2.440113 0.000000
1105.0 2.440143 0.000000
1105.5 2.440165 0.000000
1106.0 2.440180 0.000000
1106.5 2.440189 0.000000
1107.0 2.440194 0.000000
1107.5 2.440197 0.000000
1108.0 2.440197 0.000000
1108.5 2.440188 0.000000
1109.0 2.440162 0.000000
1109.5 2.440111 0.000000
1110.0 2.440026 0.000000
1110.5 2.439899 0.000000
1111.0 2.439721 0.000000
1111.5 2.439489 0.000000
1112.0 2.439213 0.000000
1112.5 2.438903 0.000000
1113.0 2.438571 0.000000
1113.5 2.438227 0.000000
1114.0 2.437882 0.000000
1114.5 2.437547 0.000000
1115.0 2.437228 0.000000
1115.5 2.436920 0.000000
1116.0 2.436620 0.000000
1116.5 2.436324 0.000000
1117.0 2.436029 0.000000
1117.5 2.435729 0.000000
1118.0 2.435422 0.000000
1118.5 2.435113 0.000000
1119.0 2.434812 0.000000
1119.5 2.434533 0.000000
1120.0 2.434285 0.000000
1120.5 2.434081 0.000000
1121.0 2.433933 0.000000
1121.5 2.433849 0.000000
1122.0 2.433817 0.000000
1122.5 2.433819 0.000000
1123.0 2.433835 0.000000
1123.5 2.433847 0.000000
1124.0 2.433836 0.000000
1124.5 2.433783 0.000000
1125.0 2.433675 0.000000
1125.5 2.433523 0.000000
1126.0 2.433342 0.000000
1126.5 2.433150 0.000000
1127.0 2.432962 0.000000
1127.5 2.432797 0.000000
1128.0 2.432670 0.000000
1128.5 2.432587 0.000000
1129.0 2.432535 0.000000
1129.5 2.432497 0.000000
1130.0 2.432457 0.000000
1130.5 2.432397 0.000000
1131.0 2.432300 0.000000
1131.5 2.432152 0.000000
1132.0 2.431948 0.000000
1132.5 2.431704 0.000000
1133.0 2.431435 0.000000
1133.5 2.431157 0.000000
1134.0 2.430885 0.000000
1134.5 2.430636 0.000000
1135.0 2.430422 0.000000
1135.5 2.430246 0.000000
1136.0 2.430099 0.000000
1136.5 2.429971 0.000000
1137.0 2.429854 0.000000
1137.5 2.429737 0.000000
1138.0 2.429611 0.000000
1138.5 2.429471 0.000000
1139.0 2.429319 0.000000
1139.5 2.429165 0.000000
1140.0 2.429016 0.000000
1140.5 2.428880 0.000000
1141.0 2.428765 0.000000
1141.5 2.428679 0.000000
1142.0 2.428627 0.000000
1142.5 2.428595 0.000000
1143.0 2.428567 0.000000
1143.5 2.428528 0.000000
1144.0 2.428461 0.000000
1144.5 2.428351 0.000000
1145.0 2.428180 0.000000
1145.5 2.427947 0.000000
1146.0 2.427675 0.000000
1146.5 2.427388 0.000000
1147.0 2.427113 0.000000
1147.5 2.426874 0.000000
1148.0 2.426696 0.000000
1148.5 2.426604 0.000000
1149.0 2.426596 0.000000
1149.5 2.426640 0.000000
1150.0 2.426706 0.000000
1150.5 2.426761 0.000000
1151.0 2.426774 0.000000
1151.5 2.426714 0.000000
1152.0 2.426553 0.000000
1152.5 2.426298 0.000000
1153.0 2.425983 0.000000
1153.5 2.425640 0.000000
1154.0 2.425302 0.000000
1154.5 2.425002 0.000000
1155.0 2.424773 0.000000
1155.5 2.424644 0.000000
1156.0 2.424599 0.000000
1156.5 2.424607 0.000000
1157.0 2.424637 0.000000
1157.5 2.424657 0.000000
1158.0 2.424634 0.000000
1158.5 2.424536 0.000000
1159.0 2.424345 0.000000
1159.5 2.424077 0.000000
1160.0 2.423756 0.000000
1160.5 2.423405 0.000000
1161.0 2.423048 0.000000
1161.5 2.422708 0.000000
1162.0 2.422409 0.000000
1162.5 2.422165 0.000000
1163.0 2.421973 0.000000
1163.5 2.421824 0.000000
1164.0 2.421709 0.000000
1164.5 2.421620 0.000000
1165.0 2.421550 0.000000
1165.5 2.421489 0.000000
1166.0 2.421435 0.000000
1166.5 2.421393 0.000000
1167.0 2.421368 0.000000
1167.5 2.421363 0.000000
1168.0 2.421385 0.000000
1168.5 2.421438 0.000000
1169.0 2.421526 0.000000
1169.5 2.421644 0.000000
1170.0 2.421776 0.000000
1170.5 2.421908 0.000000
1171.0 2.422026 0.000000
1171.5 2.422114 0.000000
1172.0 2.422158 0.000000
1172.5 2.422145 0.000000
1173.0 2.422079 0.000000
1173.5 2.421972 0.000000
1174.0 2.421837 0.000000
1174.5 2.421688 0.000000
1175.0 2.421537 0.000000
1175.5 2.421396 0.000000
1176.0 2.421276 0.000000
1176.5 2.421173 0.000000
1177.0 2.421074 0.000000
1177.5 2.420970 0.000000
1178.0 2.420848 0.000000
1178.5 2.420698 0.000000
1179.0 2.420508 0.000000
1179.5 2.420275 0.000000
1180.0 2.420012 0.000000
1180.5 2.419736 0.000000
1181.0 2.419463 0.000000
1181.5 2.419210 0.000000
1182.0 2.418994 0.000000
1182.5 2.418832 0.000000
1183.0 2.418726 0.000000
1183.5 2.418664 0.000000
1184.0 2.418630 0.000000
1184.5 2.418609 0.000000
1185.0 2.418587 0.000000
1185.5 2.418548 0.000000
1186.0 2.418479 0.000000
1186.5 2.418374 0.000000
1187.0 2.418243 0.000000
1187.5 2.418098 0.000000
1188.0 2.417949 0.000000
1188.5 2.417807 0.000000
1189.0 2.417683 0.000000
1189.5 2.417587 0.000000
1190.0 2.417514 0.000000
1190.5 2.417446 0.000000
1191.0 2.417363 0.000000
1191.5 2.417247 0.000000
1192.0 2.417079 0.000000
1192.5 2.416841 0.000000
1193.0 2.416521 0.000000
1193.5 2.416146 0.000000
1194.0 2.415752 0.000000
1194.5 2.415379 0.000000
1195.0 2.415063 0.000000
1195.5 2.414843 0.000000
1196.0 2.414756 0.000000
1196.5 2.414825 0.000000
1197.0 2.415009 0.000000
1197.5 2.415256 0.000000
1198.0 2.415513 0.000000
1198.5 2.415726 0.000000
1199.0 2.415842 0.000000
1199.5 2.415809 0.000000
1200.0 2.415595 0.000000
1200.5 2.415238 0.000000
1201.0 2.414790 0.000000
1201.5 2.414303 0.000000
1202.0 2.413829 0.000000
1202.5 2.413419 0.000000
1203.0 2.413125 0.000000
1203.5 2.412966 0.000000
1204.0 2.412917 0.000000
1204.5 2.412946 0.000000
1205.0 2.413022 0.000000
1205.5 2.413114 0.000000
1206.0 2.413192 0.000000
1206.5 2.413225 0.000000
1207.0 2.413205 0.000000
1207.5 2.413147 0.000000
1208.0 2.413062 0.000000
1208.5 2.412963 0.000000
1209.0 2.412865 0.000000
1209.5 2.412779 0.000000
1210.0 2.412718 0.000000
1210.5 2.412677 0.000000
1211.0 2.412641 0.000000
1211.5 2.412596 0.000000
1212.0 2.412529 0.000000
1212.5 2.412425 0.000000
1213.0 2.412270 0.000000
1213.5 2.412055 0.000000
1214.0 2.411793 0.000000
1214.5 2.411511 0.000000
1215.0 2.411232 0.000000
1215.5 2.410981 0.000000
1216.0 2.410782 0.000000
1216.5 2.410661 0.000000
1217.0 2.410633 0.000000
1217.5 2.410679 0.000000
1218.0 2.410768 0.000000
1218.5 2.410871 0.000000
1219.0 2.410956 0.000000
1219.5 2.410994 0.000000
1220.0 2.410954 0.000000
1220.5 2.410824 0.000000
1221.0 2.410625 0.000000
1221.5 2.410385 0.000000
1222.0 2.410128 0.000000
1222.5 2.409879 0.000000
1223.0 2.409666 0.000000
1223.5 2.409513 0.000000
1224.0 2.409431 0.000000
1224.5 2.409401 0.000000
1225.0 2.409405 0.000000
1225.5 2.409422 0.000000
1226.0 2.409431 0.000000
1226.5 2.409412 0.000000
1227.0 2.409346 0.000000
1227.5 2.409230 0.000000
1228.0 2.409080 0.000000
1228.5 2.408913 0.000000
1229.0 2.408745 0.000000
1229.5 2.408592 0.000000
1230.0 2.408471 0.000000
1230.5 2.408396 0.000000
1231.0 2.408362 0.000000
1231.5 2.408354 0.000000
1232.0 2.408353 0.000000
1232.5 2.408344 0.000000
1233.0 2.408309 0.000000
1233.5 2.408232 0.000000
1234.0 2.408098 0.000000
1234.5 2.407914 0.000000
1235.0 2.407694 0.000000
1235.5 2.407454 0.000000
1236.0 2.407206 0.000000
1236.5 2.406967 0.000000
1237.0 2.406751 0.000000
1237.5 2.406569 0.000000
1238.0 2.406423 0.000000
1238.5 2.406309 0.000000
1239.0 2.406224 0.000000
1239.5 2.406166 0.000000
1240.0 2.406132 0.000000
1240.5 2.406118 0.000000
1241.0 2.406120 0.000000
1241.5 2.406130 0.000000
1242.0 2.406140 0.000000
1242.5 2.406139 0.000000
1243.0 2.406121 0.000000
1243.5 2.406075 0.000000
1244.0 2.405994 0.000000
1244.5 2.405874 0.000000
1245.0 2.405723 0.000000
1245.5 2.405547 0.000000
1246.0 2.405355 0.000000
1246.5 2.405152 0.000000
1247.0 2.404947 0.000000
1247.5 2.404746 0.000000
1248.0 2.404550 0.000000
1248.5 2.404351 0.000000
1249.0 2.404141 0.000000
1249.5 2.403912 0.000000
1250.0 2.403658 0.000000
1250.5 2.403370 0.000000
1251.0 2.403043 0.000000
1251.5 2.402692 0.000000
1252.0 2.402347 0.000000
1252.5 2.402038 0.000000
1253.0 2.401794 0.000000
1253.5 2.401647 0.000000
1254.0 2.401624 0.000000
1254.5 2.401751 0.000000
1255.0 2.402008 0.000000
1255.5 2.402356 0.000000
1256.0 2.402755 0.000000
1256.5 2.403167 0.000000
1257.0 2.403553 0.000000
1257.5 2.403875 0.000000
1258.0 2.404101 0.000000
1258.5 2.404234 0.000000
1259.0 2.404288 0.000000
1259.5 2.404277 0.000000
1260.0 2.404213 0.000000
1260.5 2.404109 0.000000
1261.0 2.403979 0.000000
1261.5 2.403835 0.000000
1262.0 2.403686 0.000000
1262.5 2.403542 0.000000
1263.0 2.403410 0.000000
1263.5 2.403299 0.000000
1264.0 2.403219 0.000000
1264.5 2.403179 0.000000
1265.0 2.403176 0.000000
1265.5 2.403191 0.000000
1266.0 2.403202 0.000000
1266.5 2.403188 0.000000
1267.0 2.403126 0.000000
1267.5 2.402995 0.000000
1268.0 2.402775 0.000000
1268.5 2.402468 0.000000
1269.0 2.402110 0.000000
1269.5 2.401739 0.000000
1270.0 2.401390 0.000000
1270.5 2.401102 0.000000
1271.0 2.400911 0.000000
1271.5 2.400851 0.000000
1272.0 2.400913 0.000000
1272.5 2.401054 0.000000
1273.0 2.401226 0.000000
1273.5 2.401386 0.000000
1274.0 2.401487 0.000000
1274.5 2.401484 0.000000
1275.0 2.401338 0.000000
1275.5 2.401064 0.000000
1276.0 2.400709 0.000000
1276.5 2.400320 0.000000
1277.0 2.399945 0.000000
1277.5 2.399632 0.000000
1278.0 2.399427 0.000000
1278.5 2.399370 0.000000
1279.0 2.399439 0.000000
1279.5 2.399594 0.000000
1280.0 2.399792 0.000000
1280.5 2.399994 0.000000
1281.0 2.400157 0.000000
1281.5 2.400242 0.000000
1282.0 2.400218 0.000000
1282.5 2.400102 0.000000
1283.0 2.399921 0.000000
1283.5 2.399703 0.000000
1284.0 2.399474 0.000000
1284.5 2.399263 0.000000
1285.0 2.399096 0.000000
1285.5 2.398989 0.000000
1286.0 2.398926 0.000000
1286.5 2.398887 0.000000
1287.0 2.398851 0.000000
1287.5 2.398799 0.000000
1288.0 2.398710 0.000000
1288.5 2.398564 0.000000
1289.0 2.398358 0.000000
1289.5 2.398114 0.000000
1290.0 2.397858 0.000000
1290.5 2.397616 0.000000
1291.0 2.397412 0.000000
1291.5 2.397272 0.000000
1292.0 2.397221 0.000000
1292.5 2.397255 0.000000
1293.0 2.397344 0.000000
1293.5 2.397451 0.000000
1294.0 2.397543 0.000000
1294.5 2.397586 0.000000
1295.0 2.397545 0.000000
1295.5 2.397388 0.000000
1296.0 2.397130 0.000000
1296.5 2.396815 0.000000
1297.0 2.396492 0.000000
1297.5 2.396208 0.000000
1298.0 2.396010 0.000000
1298.5 2.395947 0.000000
1299.0 2.396059 0.000000
1299.5 2.396325 0.000000
1300.0 2.396690 0.000000
1300.5 2.397098 0.000000
1301.0 2.397496 0.000000
1301.5 2.397826 0.000000
1302.0 2.398036 0.000000
1302.5 2.398079 0.000000
1303.0 2.397970 0.000000
1303.5 2.397743 0.000000
1304.0 2.397433 0.000000
1304.5 2.397074 0.000000
1305.0 2.396700 0.000000
1305.5 2.396346 0.000000
1306.0 2.396040 0.000000
1306.5 2.395788 0.000000
1307.0 2.395590 0.000000
1307.5 2.395447 0.000000
1308.0 2.395361 0.000000
1308.5 2.395331 0.000000
1309.0 2.395358 0.000000
1309.5 2.395439 0.000000
1310.0 2.395554 0.000000
1310.5 2.395683 0.000000
1311.0 2.395806 0.000000
1311.5 2.395904 0.000000
1312.0 2.395955 0.000000
1312.5 2.395940 0.000000
1313.0 2.395852 0.000000
1313.5 2.395701 0.000000
1314.0 2.395502 0.000000
1314.5 2.395268 0.000000
1315.0 2.395015 0.000000
1315.5 2.394755 0.000000
1316.0 2.394504 0.000000
1316.5 2.394273 0.000000
1317.0 2.394077 0.000000
1317.5 2.393928 0.000000
1318.0 2.393840 0.000000
1318.5 2.393825 0.000000
1319.0 2.393896 0.000000
1319.5 2.394064 0.000000
1320.0 2.394310 0.000000
1320.5 2.394591 0.000000
1321.0 2.394862 0.000000
1321.5 2.395080 0.000000
1322.0 2.395201 0.000000
1322.5 2.395180 0.000000
1323.0 2.394980 0.000000
1323.5 2.394624 0.000000
1324.0 2.394169 0.000000
1324.5 2.393673 0.000000
1325.0 2.393193 0.000000
1325.5 2.392785 0.000000
1326.0 2.392509 0.000000
1326.5 2.392409 0.000000
1327.0 2.392465 0.000000
1327.5 2.392628 0.000000
1328.0 2.392848 0.000000
1328.5 2.393076 0.000000
1329.0 2.393264 0.000000
1329.5 2.393364 0.000000
1330.0 2.393336 0.000000
1330.5 2.393191 0.000000
1331.0 2.392948 0.000000
1331.5 2.392627 0.000000
1332.0 2.392247 0.000000
1332.5 2.391831 0.000000
1333.0 2.391396 0.000000
1333.5 2.390964 0.000000
1334.0 2.390556 0.000000
1334.5 2.390192 0.000000
1335.0 2.389893 0.000000
1335.5 2.389681 0.000000
1336.0 2.389575 0.000000
1336.5 2.389597 0.000000
1337.0 2.389747 0.000000
1337.5 2.389989 0.000000
1338.0 2.390281 0.000000
1338.5 2.390583 0.000000
1339.0 2.390855 0.000000
1339.5 2.391054 0.000000
1340.0 2.391143 0.000000
1340.5 2.391113 0.000000
1341.0 2.391004 0.000000
1341.5 2.390857 0.000000
1342.0 2.390712 0.000000
1342.5 2.390610 0.000000
1343.0 2.390592 0.000000
1343.5 2.390698 0.000000
1344.0 2.390914 0.000000
1344.5 2.391184 0.000000
1345.0 2.391452 0.000000
1345.5 2.391657 0.000000
1346.0 2.391744 0.000000
1346.5 2.391654 0.000000
1347.0 2.391335 0.000000
1347.5 2.390813 0.000000
1348.0 2.390162 0.000000
1348.5 2.389458 0.000000
1349.0 2.388778 0.000000
1349.5 2.388198 0.000000
1350.0 2.387793 0.000000
1350.5 2.387629 0.000000
1351.0 2.387684 0.000000
1351.5 2.387898 0.000000
1352.0 2.388211 0.000000
1352.5 2.388563 0.000000
1353.0 2.388894 0.000000
1353.5 2.389144 0.000000
1354.0 2.389264 0.000000
1354.5 2.389261 0.000000
1355.0 2.389160 0.000000
1355.5 2.388986 0.000000
1356.0 2.388762 0.000000
1356.5 2.388514 0.000000
1357.0 2.388266 0.000000
1357.5 2.388039 0.000000
1358.0 2.387844 0.000000
1358.5 2.387690 0.000000
1359.0 2.387584 0.000000
1359.5 2.387536 0.000000
1360.0 2.387554 0.000000
1360.5 2.387647 0.000000
1361.0 2.387815 0.000000
1361.5 2.388042 0.000000
1362.0 2.388310 0.000000
1362.5 2.388600 0.000000
1363.0 2.388893 0.000000
1363.5 2.389170 0.000000
1364.0 2.389414 0.000000
1364.5 2.389610 0.000000
1365.0 2.389752 0.000000
1365.5 2.389835 0.000000
1366.0 2.389855 0.000000
1366.5 2.389805 0.000000
1367.0 2.389681 0.000000
1367.5 2.389478 0.000000
1368.0 2.389209 0.000000
1368.5 2.388906 0.000000
1369.0 2.388604 0.000000
1369.5 2.388338 0.000000
1370.0 2.388140 0.000000
1370.5 2.388046 0.000000
1371.0 2.388086 0.000000
1371.5 2.388252 0.000000
1372.0 2.388497 0.000000
1372.5 2.388776 0.000000
1373.0 2.389042 0.000000
1373.5 2.389251 0.000000
1374.0 2.389356 0.000000
1374.5 2.389315 0.000000
1375.0 2.389130 0.000000
1375.5 2.388830 0.000000
1376.0 2.388443 0.000000
1376.5 2.388000 0.000000
1377.0 2.387529 0.000000
1377.5 2.387059 0.000000
1378.0 2.386616 0.000000
1378.5 2.386205 0.000000
1379.0 2.385820 0.000000
1379.5 2.385457 0.000000
1380.0 2.385108 0.000000
1380.5 2.384770 0.000000
1381.0 2.384437 0.000000
1381.5 2.384109 0.000000
1382.0 2.383817 0.000000
1382.5 2.383600 0.000000
1383.0 2.383498 0.000000
1383.5 2.383550 0.000000
1384.0 2.383795 0.000000
1384.5 2.384272 0.000000
1385.0 2.384988 0.000000
1385.5 2.385842 0.000000
1386.0 2.386710 0.000000
1386.5 2.387468 0.000000
1387.0 2.387992 0.000000
1387.5 2.388161 0.000000
1388.0 2.387850 0.000000
1388.5 2.387021 0.000000
1389.0 2.385836 0.000000
1389.5 2.384486 0.000000
1390.0 2.383162 0.000000
1390.5 2.382056 0.000000
1391.0 2.381360 0.000000
1391.5 2.381263 0.000000
1392.0 2.381809 0.000000
1392.5 2.382812 0.000000
1393.0 2.384064 0.000000
1393.5 2.385362 0.000000
1394.0 2.386497 0.000000
1394.5 2.387267 0.000000
1395.0 2.387471 0.000000
1395.5 2.387078 0.000000
1396.0 2.386255 0.000000
1396.5 2.385177 0.000000
1397.0 2.384023 0.000000
1397.5 2.382968 0.000000
1398.0 2.382191 0.000000
1398.5 2.381860 0.000000
1399.0 2.381991 0.000000
1399.5 2.382467 0.000000
1400.0 2.383165 0.000000
1400.5 2.383964 0.000000
1401.0 2.384740 0.000000
1401.5 2.385373 0.000000
1402.0 2.385750 0.000000
1402.5 2.385864 0.000000
1403.0 2.385769 0.000000
1403.5 2.385519 0.000000
1404.0 2.385171 0.000000
1404.5 2.384780 0.000000
1405.0 2.384399 0.000000
1405.5 2.384080 0.000000
1406.0 2.383831 0.000000
1406.5 2.383644 0.000000
1407.0 2.383509 0.000000
1407.5 2.383416 0.000000
1408.0 2.383358 0.000000
1408.5 2.383325 0.000000
1409.0 2.383308 0.000000
1409.5 2.383302 0.000000
1410.0 2.383303 0.000000
1410.5 2.383306 0.000000
1411.0 2.383307 0.000000
1411.5 2.383301 0.000000
1412.0 2.383285 0.000000
1412.5 2.383254 0.000000
1413.0 2.383215 0.000000
1413.5 2.383173 0.000000
1414.0 2.383133 0.000000
1414.5 2.383102 0.000000
1415.0 2.383086 0.000000
1415.5 2.383091 0.000000
1416.0 2.383116 0.000000
1416.5 2.383148 0.000000
1417.0 2.383171 0.000000
1417.5 2.383169 0.000000
1418.0 2.383126 0.000000
1418.5 2.383025 0.000000
1419.0 2.382852 0.000000
1419.5 2.382605 0.000000
1420.0 2.382314 0.000000
1420.5 2.382009 0.000000
1421.0 2.381721 0.000000
1421.5 2.381482 0.000000
1422.0 2.381322 0.000000
1422.5 2.381271 0.000000
1423.0 2.381337 0.000000
1423.5 2.381495 0.000000
1424.0 2.381717 0.000000
1424.5 2.381978 0.000000
1425.0 2.382249 0.000000
1425.5 2.382506 0.000000
1426.0 2.382721 0.000000
1426.5 2.382885 0.000000
1427.0 2.383002 0.000000
1427.5 2.383079 0.000000
1428.0 2.383120 0.000000
1428.5 2.383131 0.000000
1429.0 2.383119 0.000000
1429.5 2.383087 0.000000
1430.0 2.383028 0.000000
1430.5 2.382927 0.000000
1431.0 2.382768 0.000000
1431.5 2.382535 0.000000
1432.0 2.382212 0.000000
1432.5 2.381783 0.000000
1433.0 2.381238 0.000000
1433.5 2.380619 0.000000
1434.0 2.379991 0.000000
1434.5 2.379420 0.000000
1435.0 2.378972 0.000000
1435.5 2.378713 0.000000
1436.0 2.378709 0.000000
1436.5 2.379007 0.000000
1437.0 2.379540 0.000000
1437.5 2.380203 0.000000
1438.0 2.380886 0.000000
1438.5 2.381483 0.000000
1439.0 2.381885 0.000000
1439.5 2.381987 0.000000
1440.0 2.381716 0.000000
1440.5 2.381149 0.000000
1441.0 2.380399 0.000000
1441.5 2.379579 0.000000
1442.0 2.378802 0.000000
1442.5 2.378180 0.000000
1443.0 2.377828 0.000000
1443.5 2.377816 0.000000
1444.0 2.378084 0.000000
1444.5 2.378549 0.000000
1445.0 2.379130 0.000000
1445.5 2.379743 0.000000
1446.0 2.380306 0.000000
1446.5 2.380737 0.000000
1447.0 2.380984 0.000000
1447.5 2.381062 0.000000
1448.0 2.380995 0.000000
1448.5 2.380805 0.000000
1449.0 2.380515 0.000000
1449.5 2.380146 0.000000
1450.0 2.379723 0.000000
1450.5 2.379275 0.000000
1451.0 2.378844 0.000000
1451.5 2.378475 0.000000
1452.0 2.378209 0.000000
1452.5 2.378092 0.000000
1453.0 2.378165 0.000000
1453.5 2.378471 0.000000
1454.0 2.378984 0.000000
1454.5 2.379611 0.000000
1455.0 2.380253 0.000000
1455.5 2.380813 0.000000
1456.0 2.381191 0.000000
1456.5 2.381292 0.000000
1457.0 2.381022 0.000000
1457.5 2.380404 0.000000
1458.0 2.379554 0.000000
1458.5 2.378591 0.000000
1459.0 2.377634 0.000000
1459.5 2.376803 0.000000
1460.0 2.376216 0.000000
1460.5 2.375983 0.000000
1461.0 2.376085 0.000000
1461.5 2.376425 0.000000
1462.0 2.376903 0.000000
1462.5 2.377418 0.000000
1463.0 2.377873 0.000000
1463.5 2.378168 0.000000
1464.0 2.378216 0.000000
1464.5 2.378040 0.000000
1465.0 2.377712 0.000000
1465.5 2.377307 0.000000
1466.0 2.376895 0.000000
1466.5 2.376552 0.000000
1467.0 2.376349 0.000000
1467.5 2.376346 0.000000
1468.0 2.376518 0.000000
1468.5 2.376821 0.000000
1469.0 2.377207 0.000000
1469.5 2.377629 0.000000
1470.0 2.378040 0.000000
1470.5 2.378394 0.000000
1471.0 2.378656 0.000000
1471.5 2.378833 0.000000
1472.0 2.378943 0.000000
1472.5 2.379004 0.000000
1473.0 2.379033 0.000000
1473.5 2.379048 0.000000
1474.0 2.379066 0.000000
1474.5 2.379097 0.000000
1475.0 2.379127 0.000000
1475.5 2.379142 0.000000
1476.0 2.379125 0.000000
1476.5 2.379060 0.000000
1477.0 2.378932 0.000000
1477.5 2.378724 0.000000
1478.0 2.378436 0.000000
1478.5 2.378096 0.000000
1479.0 2.377738 0.000000
1479.5 2.377393 0.000000
1480.0 2.377096 0.000000
1480.5 2.376878 0.000000
1481.0 2.376772 0.000000
1481.5 2.376786 0.000000
1482.0 2.376891 0.000000
1482.5 2.377054 0.000000
1483.0 2.377244 0.000000
1483.5 2.377427 0.000000
1484.0 2.377572 0.000000
1484.5 2.377648 0.000000
1485.0 2.377642 0.000000
1485.5 2.377564 0.000000
1486.0 2.377425 0.000000
1486.5 2.377235 0.000000
1487.0 2.377006 0.000000
1487.5 2.376748 0.000000
1488.0 2.376472 0.000000
1488.5 2.376199 0.000000
1489.0 2.375959 0.000000
1489.5 2.375780 0.000000
1490.0 2.375692 0.000000
1490.5 2.375725 0.000000
1491.0 2.375909 0.000000
1491.5 2.376266 0.000000
1492.0 2.376762 0.000000
1492.5 2.377324 0.000000
1493.0 2.377882 0.000000
1493.5 2.378362 0.000000
1494.0 2.378692 0.000000
1494.5 2.378802 0.000000
1495.0 2.378631 0.000000
1495.5 2.378219 0.000000
1496.0 2.377651 0.000000
1496.5 2.377014 0.000000
1497.0 2.376393 0.000000
1497.5 2.375874 0.000000
1498.0 2.375542 0.000000
1498.5 2.375465 0.000000
1499.0 2.375610 0.000000
1499.5 2.375918 0.000000
1500.0 2.376326 0.000000
1500.5 2.376772 0.000000
1501.0 2.377197 0.000000
1501.5 2.377537 0.000000
1502.0 2.377749 0.000000
1502.5 2.377840 0.000000
1503.0 2.377834 0.000000
1503.5 2.377753 0.000000
1504.0 2.377620 0.000000
1504.5 2.377456 0.000000
1505.0 2.377285 0.000000
1505.5 2.377121 0.000000
1506.0 2.376962 0.000000
1506.5 2.376803 0.000000
1507.0 2.376637 0.000000
1507.5 2.376458 0.000000
1508.0 2.376263 0.000000
1508.5 2.376044 0.000000
1509.0 2.375803 0.000000
1509.5 2.375556 0.000000
1510.0 2.375320 0.000000
1510.5 2.375113 0.000000
1511.0 2.374952 0.000000
1511.5 2.374855 0.000000
1512.0 2.374839 0.000000
1512.5 2.374900 0.000000
1513.0 2.375004 0.000000
1513.5 2.375113 0.000000
1514.0 2.375191 0.000000
1514.5 2.375201 0.000000
1515.0 2.375104 0.000000
1515.5 2.374867 0.000000
1516.0 2.374502 0.000000
1516.5 2.374073 0.000000
1517.0 2.373646 0.000000
1517.5 2.373290 0.000000
1518.0 2.373069 0.000000
1518.5 2.373053 0.000000
1519.0 2.373301 0.000000
1519.5 2.373793 0.000000
1520.0 2.374438 0.000000
1520.5 2.375142 0.000000
1521.0 2.375811 0.000000
1521.5 2.376355 0.000000
1522.0 2.376678 0.000000
1522.5 2.376698 0.000000
1523.0 2.376438 0.000000
1523.5 2.375989 0.000000
1524.0 2.375440 0.000000
1524.5 2.374886 0.000000
1525.0 2.374416 0.000000
1525.5 2.374123 0.000000
1526.0 2.374083 0.000000
1526.5 2.374254 0.000000
1527.0 2.374535 0.000000
1527.5 2.374829 0.000000
1528.0 2.375035 0.000000
1528.5 2.375054 0.000000
1529.0 2.374786 0.000000
1529.5 2.374160 0.000000
1530.0 2.373256 0.000000
1530.5 2.372206 0.000000
1531.0 2.371142 0.000000
1531.5 2.370197 0.000000
1532.0 2.369503 0.000000
1532.5 2.369193 0.000000
1533.0 2.369354 0.000000
1533.5 2.369901 0.000000
1534.0 2.370707 0.000000
1534.5 2.371646 0.000000
1535.0 2.372591 0.000000
1535.5 2.373416 0.000000
1536.0 2.373995 0.000000
1536.5 2.374248 0.000000
1537.0 2.374232 0.000000
1537.5 2.374026 0.000000
1538.0 2.373710 0.000000
1538.5 2.373364 0.000000
1539.0 2.373068 0.000000
1539.5 2.372903 0.000000
1540.0 2.372911 0.000000
1540.5 2.373060 0.000000
1541.0 2.373303 0.000000
1541.5 2.373597 0.000000
1542.0 2.373896 0.000000
1542.5 2.374155 0.000000
1543.0 2.374330 0.000000
1543.5 2.374395 0.000000
1544.0 2.374354 0.000000
1544.5 2.374213 0.000000
1545.0 2.373981 0.000000
1545.5 2.373664 0.000000
1546.0 2.373268 0.000000
1546.5 2.372802 0.000000
1547.0 2.372286 0.000000
1547.5 2.371761 0.000000
1548.0 2.371266 0.000000
1548.5 2.370842 0.000000
1549.0 2.370529 0.000000
1549.5 2.370367 0.000000
1550.0 2.370395 0.000000
1550.5 2.370610 0.000000
1551.0 2.370974 0.000000
1551.5 2.371448 0.000000
1552.0 2.371992 0.000000
1552.5 2.372567 0.000000
1553.0 2.373133 0.000000
1553.5 2.373652 0.000000
1554.0 2.374104 0.000000
1554.5 2.374481 0.000000
1555.0 2.374776 0.000000
1555.5 2.374980 0.000000
1556.0 2.375088 0.000000
1556.5 2.375090 0.000000
1557.0 2.374983 0.000000
1557.5 2.374786 0.000000
1558.0 2.374530 0.000000
1558.5 2.374249 0.000000
1559.0 2.373972 0.000000
1559.5 2.373733 0.000000
1560.0 2.373563 0.000000
1560.5 2.373485 0.000000
1561.0 2.373472 0.000000
1561.5 2.373482 0.000000
1562.0 2.373468 0.000000
1562.5 2.373388 0.000000
1563.0 2.373196 0.000000
1563.5 2.372848 0.000000
1564.0 2.372322 0.000000
1564.5 2.371679 0.000000
1565.0 2.371004 0.000000
1565.5 2.370382 0.000000
1566.0 2.369897 0.000000
1566.5 2.369635 0.000000
1567.0 2.369681 0.000000
1567.5 2.370078 0.000000
1568.0 2.370745 0.000000
1568.5 2.371571 0.000000
1569.0 2.372450 0.000000
1569.5 2.373272 0.000000
1570.0 2.373929 0.000000
1570.5 2.374312 0.000000
1571.0 2.374369 0.000000
1571.5 2.374159 0.000000
1572.0 2.373758 0.000000
1572.5 2.373245 0.000000
1573.0 2.372693 0.000000
1573.5 2.372181 0.000000
1574.0 2.371784 0.000000
1574.5 2.371545 0.000000
1575.0 2.371451 0.000000
1575.5 2.371485 0.000000
1576.0 2.371630 0.000000
1576.5 2.371868 0.000000
1577.0 2.372182 0.000000
1577.5 2.372553 0.000000
1578.0 2.372956 0.000000
1578.5 2.373351 0.000000
1579.0 2.373701 0.000000
1579.5 2.373965 0.000000
1580.0 2.374105 0.000000
1580.5 2.374082 0.000000
1581.0 2.373859 0.000000
1581.5 2.373443 0.000000
1582.0 2.372885 0.000000
1582.5 2.372237 0.000000
1583.0 2.371552 0.000000
1583.5 2.370882 0.000000
1584.0 2.370279 0.000000
1584.5 2.369794 0.000000
1585.0 2.369444 0.000000
1585.5 2.369222 0.000000
1586.0 2.369120 0.000000
1586.5 2.369130 0.000000
1587.0 2.369244 0.000000
1587.5 2.369454 0.000000
1588.0 2.369750 0.000000
1588.5 2.370110 0.000000
1589.0 2.370506 0.000000
1589.5 2.370908 0.000000
1590.0 2.371287 0.000000
1590.5 2.371616 0.000000
1591.0 2.371864 0.000000
1591.5 2.372007 0.000000
1592.0 2.372043 0.000000
1592.5 2.371982 0.000000
1593.0 2.371833 0.000000
1593.5 2.371604 0.000000
1594.0 2.371305 0.000000
1594.5 2.370945 0.000000
1595.0 2.370536 0.000000
1595.5 2.370104 0.000000
1596.0 2.369678 0.000000
1596.5 2.369289 0.000000
1597.0 2.368967 0.000000
1597.5 2.368741 0.000000
1598.0 2.368642 0.000000
1598.5 2.368687 0.000000
1599.0 2.368854 0.000000
1599.5 2.369107 0.000000
1600.0 2.369414 0.000000
1600.5 2.369741 0.000000
1601.0 2.370055 0.000000
1601.5 2.370322 0.000000
1602.0 2.370521 0.000000
1602.5 2.370658 0.000000
1603.0 2.370743 0.000000
1603.5 2.370789 0.000000
1604.0 2.370807 0.000000
1604.5 2.370806 0.000000
1605.0 2.370800 0.000000
1605.5 2.370794 0.000000
1606.0 2.370791 0.000000
1606.5 2.370790 0.000000
1607.0 2.370790 0.000000
1607.5 2.370794 0.000000
1608.0 2.370799 0.000000
1608.5 2.370807 0.000000
1609.0 2.370805 0.000000
1609.5 2.370765 0.000000
1610.0 2.370659 0.000000
1610.5 2.370459 0.000000
1611.0 2.370135 0.000000
1611.5 2.369659 0.000000
1612.0 2.369004 0.000000
1612.5 2.368212 0.000000
1613.0 2.367387 0.000000
1613.5 2.366639 0.000000
1614.0 2.366077 0.000000
1614.5 2.365809 0.000000
1615.0 2.365946 0.000000
1615.5 2.366583 0.000000
1616.0 2.367661 0.000000
1616.5 2.368998 0.000000
1617.0 2.370411 0.000000
1617.5 2.371720 0.000000
1618.0 2.372741 0.000000
1618.5 2.373294 0.000000
1619.0 2.373217 0.000000
1619.5 2.372558 0.000000
1620.0 2.371493 0.000000
1620.5 2.370195 0.000000
1621.0 2.368842 0.000000
1621.5 2.367609 0.000000
1622.0 2.366673 0.000000
1622.5 2.366189 0.000000
1623.0 2.366160 0.000000
1623.5 2.366517 0.000000
1624.0 2.367192 0.000000
1624.5 2.368116 0.000000
1625.0 2.369219 0.000000
1625.5 2.370432 0.000000
1626.0 2.371687 0.000000
1626.5 2.372902 0.000000
1627.0 2.373999 0.000000
1627.5 2.374896 0.000000
1628.0 2.375511 0.000000
1628.5 2.375765 0.000000
1629.0 2.375576 0.000000
1629.5 2.374909 0.000000
1630.0 2.373896 0.000000
1630.5 2.372708 0.000000
1631.0 2.371518 0.000000
1631.5 2.370497 0.000000
1632.0 2.369816 0.000000
1632.5 2.369648 0.000000
1633.0 2.370074 0.000000
1633.5 2.370923 0.000000
1634.0 2.371982 0.000000
1634.5 2.373037 0.000000
1635.0 2.373875 0.000000
1635.5 2.374283 0.000000
1636.0 2.374049 0.000000
1636.5 2.373096 0.000000
1637.0 2.371616 0.000000
1637.5 2.369839 0.000000
1638.0 2.367992 0.000000
1638.5 2.366304 0.000000
1639.0 2.365006 0.000000
1639.5 2.364325 0.000000
1640.0 2.364338 0.000000
1640.5 2.364910 0.000000
1641.0 2.365884 0.000000
1641.5 2.367105 0.000000
1642.0 2.368417 0.000000
1642.5 2.369667 0.000000
1643.0 2.370703 0.000000
1643.5 2.371470 0.000000
1644.0 2.372010 0.000000
1644.5 2.372370 0.000000
1645.0 2.372597 0.000000
1645.5 2.372736 0.000000
1646.0 2.372834 0.000000
1646.5 2.372933 0.000000
1647.0 2.373026 0.000000
1647.5 2.373065 0.000000
1648.0 2.373001 0.000000
1648.5 2.372785 0.000000
1649.0 2.372368 0.000000
1649.5 2.371702 0.000000
1650.0 2.370745 0.000000
1650.5 2.369549 0.000000
1651.0 2.368218 0.000000
1651.5 2.366860 0.000000
1652.0 2.365583 0.000000
1652.5 2.364495 0.000000
1653.0 2.363704 0.000000
1653.5 2.363303 0.000000
1654.0 2.363273 0.000000
1654.5 2.363549 0.000000
1655.0 2.364068 0.000000
1655.5 2.364763 0.000000
1656.0 2.365570 0.000000
1656.5 2.366423 0.000000
1657.0 2.367260 0.000000
1657.5 2.368028 0.000000
1658.0 2.368676 0.000000
1658.5 2.369155 0.000000
1659.0 2.369414 0.000000
1659.5 2.369402 0.000000
1660.0 2.369071 0.000000
1660.5 2.368397 0.000000
1661.0 2.367465 0.000000
1661.5 2.366385 0.000000
1662.0 2.365269 0.000000
1662.5 2.364228 0.000000
1663.0 2.363373 0.000000
1663.5 2.362815 0.000000
1664.0 2.362618 0.000000
1664.5 2.362725 0.000000
1665.0 2.363057 0.000000
1665.5 2.363537 0.000000
1666.0 2.364086 0.000000
1666.5 2.364628 0.000000
1667.0 2.365086 0.000000
1667.5 2.365411 0.000000
1668.0 2.365613 0.000000
1668.5 2.365708 0.000000
1669.0 2.365709 0.000000
1669.5 2.365632 0.000000
1670.0 2.365493 0.000000
1670.5 2.365306 0.000000
1671.0 2.365111 0.000000
1671.5 2.364983 0.000000
1672.0 2.364999 0.000000
1672.5 2.365237 0.000000
1673.0 2.365775 0.000000
1673.5 2.366690 0.000000
1674.0 2.368053 0.000000
1674.5 2.369811 0.000000
1675.0 2.371778 0.000000
1675.5 2.373766 0.000000
1676.0 2.375586 0.000000
1676.5 2.377051 0.000000
1677.0 2.377973 0.000000
1677.5 2.378176 0.000000
1678.0 2.377682 0.000000
1678.5 2.376679 0.000000
1679.0 2.375360 0.000000
1679.5 2.373920 0.000000
1680.0 2.372552 0.000000
1680.5 2.371451 0.000000
1681.0 2.370794 0.000000
1681.5 2.370592 0.000000
1682.0 2.370755 0.000000
1682.5 2.371190 0.000000
1683.0 2.371806 0.000000
1683.5 2.372511 0.000000
1684.0 2.373214 0.000000
1684.5 2.373824 0.000000
1685.0 2.374248 0.000000
1685.5 2.374397 0.000000
1686.0 2.374177 0.000000
1686.5 2.373499 0.000000
1687.0 2.372269 0.000000
