# DOI:10.1007/978-3-319-95138-6 
# | wavelength | n | k
300.0 2.389000 0.453000
300.5 2.390482 0.451400
301.0 2.391914 0.449800
301.5 2.393301 0.448200
302.0 2.394646 0.446600
302.5 2.395951 0.445000
303.0 2.397220 0.443400
303.5 2.398456 0.441800
304.0 2.399663 0.440200
304.5 2.400843 0.438600
305.0 2.402000 0.437000
305.5 2.403137 0.435200
306.0 2.404257 0.433400
306.5 2.405364 0.431600
307.0 2.406460 0.429800
307.5 2.407549 0.428000
308.0 2.408634 0.426200
308.5 2.409719 0.424400
309.0 2.410806 0.422600
309.5 2.411898 0.420800
310.0 2.413000 0.419000
310.5 2.414113 0.417100
311.0 2.415233 0.415200
311.5 2.416358 0.413300
312.0 2.417482 0.411400
312.5 2.418603 0.409500
313.0 2.419715 0.407600
313.5 2.420815 0.405700
314.0 2.421898 0.403800
314.5 2.422961 0.401900
315.0 2.424000 0.400000
315.5 2.425011 0.397900
316.0 2.425994 0.395800
316.5 2.426951 0.393700
317.0 2.427883 0.391600
317.5 2.428790 0.389500
318.0 2.429674 0.387400
318.5 2.430536 0.385300
319.0 2.431377 0.383200
319.5 2.432198 0.381100
320.0 2.433000 0.379000
320.5 2.433784 0.376800
321.0 2.434550 0.374600
321.5 2.435298 0.372400
322.0 2.436027 0.370200
322.5 2.436738 0.368000
323.0 2.437429 0.365800
323.5 2.438102 0.363600
324.0 2.438754 0.361400
324.5 2.439387 0.359200
325.0 2.440000 0.357000
325.5 2.440593 0.354600
326.0 2.441165 0.352200
326.5 2.441717 0.349800
327.0 2.442248 0.347400
327.5 2.442759 0.345000
328.0 2.443249 0.342600
328.5 2.443718 0.340200
329.0 2.444166 0.337800
329.5 2.444594 0.335400
330.0 2.445000 0.333000
330.5 2.445385 0.330700
331.0 2.445750 0.328400
331.5 2.446095 0.326100
332.0 2.446421 0.323800
332.5 2.446728 0.321500
333.0 2.447016 0.319200
333.5 2.447287 0.316900
334.0 2.447541 0.314600
334.5 2.447778 0.312300
335.0 2.448000 0.310000
335.5 2.448206 0.307600
336.0 2.448394 0.305200
336.5 2.448563 0.302800
337.0 2.448709 0.300400
337.5 2.448831 0.298000
338.0 2.448927 0.295600
338.5 2.448994 0.293200
339.0 2.449030 0.290800
339.5 2.449033 0.288400
340.0 2.449000 0.286000
340.5 2.448930 0.283600
341.0 2.448825 0.281200
341.5 2.448688 0.278800
342.0 2.448519 0.276400
342.5 2.448323 0.274000
343.0 2.448100 0.271600
343.5 2.447854 0.269200
344.0 2.447587 0.266800
344.5 2.447302 0.264400
345.0 2.447000 0.262000
345.5 2.446684 0.259800
346.0 2.446352 0.257600
346.5 2.446004 0.255400
347.0 2.445638 0.253200
347.5 2.445253 0.251000
348.0 2.444848 0.248800
348.5 2.444422 0.246600
349.0 2.443972 0.244400
349.5 2.443499 0.242200
350.0 2.443000 0.240000
350.5 2.442475 0.237800
351.0 2.441926 0.235600
351.5 2.441356 0.233400
352.0 2.440768 0.231200
352.5 2.440164 0.229000
353.0 2.439546 0.226800
353.5 2.438919 0.224600
354.0 2.438283 0.222400
354.5 2.437643 0.220200
355.0 2.437000 0.218000
355.5 2.436357 0.215900
356.0 2.435710 0.213800
356.5 2.435057 0.211700
357.0 2.434394 0.209600
357.5 2.433717 0.207500
358.0 2.433022 0.205400
358.5 2.432307 0.203300
359.0 2.431567 0.201200
359.5 2.430799 0.199100
360.0 2.430000 0.197000
360.5 2.429167 0.195100
361.0 2.428305 0.193200
361.5 2.427418 0.191300
362.0 2.426513 0.189400
362.5 2.425595 0.187500
363.0 2.424669 0.185600
363.5 2.423741 0.183700
364.0 2.422817 0.181800
364.5 2.421901 0.179900
365.0 2.421000 0.178000
365.5 2.420117 0.176200
366.0 2.419247 0.174400
366.5 2.418384 0.172600
367.0 2.417521 0.170800
367.5 2.416653 0.169000
368.0 2.415773 0.167200
368.5 2.414874 0.165400
369.0 2.413949 0.163600
369.5 2.412994 0.161800
370.0 2.412000 0.160000
370.5 2.410964 0.158400
371.0 2.409893 0.156800
371.5 2.408793 0.155200
372.0 2.407673 0.153600
372.5 2.406542 0.152000
373.0 2.405408 0.150400
373.5 2.404278 0.148800
374.0 2.403161 0.147200
374.5 2.402066 0.145600
375.0 2.401000 0.144000
375.5 2.399969 0.142500
376.0 2.398967 0.141000
376.5 2.397986 0.139500
377.0 2.397018 0.138000
377.5 2.396053 0.136500
378.0 2.395085 0.135000
378.5 2.394104 0.133500
379.0 2.393101 0.132000
379.5 2.392070 0.130500
380.0 2.391000 0.129000
380.5 2.389887 0.127600
381.0 2.388735 0.126200
381.5 2.387551 0.124800
382.0 2.386344 0.123400
382.5 2.385119 0.122000
383.0 2.383885 0.120600
383.5 2.382649 0.119200
384.0 2.381418 0.117800
384.5 2.380199 0.116400
385.0 2.379000 0.115000
385.5 2.377826 0.113800
386.0 2.376677 0.112600
386.5 2.375549 0.111400
387.0 2.374439 0.110200
387.5 2.373345 0.109000
388.0 2.372263 0.107800
388.5 2.371190 0.106600
389.0 2.370124 0.105400
389.5 2.369062 0.104200
390.0 2.368000 0.103000
390.5 2.366936 0.101890
391.0 2.365869 0.100780
391.5 2.364796 0.099670
392.0 2.363716 0.098560
392.5 2.362627 0.097450
393.0 2.361528 0.096340
393.5 2.360418 0.095230
394.0 2.359294 0.094120
394.5 2.358155 0.093010
395.0 2.357000 0.091900
395.5 2.355827 0.090880
396.0 2.354640 0.089860
396.5 2.353441 0.088840
397.0 2.352234 0.087820
397.5 2.351022 0.086800
398.0 2.349808 0.085780
398.5 2.348595 0.084760
399.0 2.347388 0.083740
399.5 2.346188 0.082720
400.0 2.345000 0.081700
400.5 2.343826 0.080835
401.0 2.342665 0.079970
401.5 2.341517 0.079105
402.0 2.340381 0.078240
402.5 2.339256 0.077375
403.0 2.338140 0.076510
403.5 2.337033 0.075645
404.0 2.335934 0.074780
404.5 2.334842 0.073915
405.0 2.333755 0.073050
405.5 2.332674 0.072185
406.0 2.331596 0.071320
406.5 2.330522 0.070455
407.0 2.329449 0.069590
407.5 2.328377 0.068725
408.0 2.327306 0.067860
408.5 2.326233 0.066995
409.0 2.325159 0.066130
409.5 2.324081 0.065265
410.0 2.323000 0.064400
410.5 2.321914 0.063700
411.0 2.320824 0.063000
411.5 2.319730 0.062300
412.0 2.318632 0.061600
412.5 2.317532 0.060900
413.0 2.316429 0.060200
413.5 2.315324 0.059500
414.0 2.314217 0.058800
414.5 2.313110 0.058100
415.0 2.312002 0.057400
415.5 2.310894 0.056700
416.0 2.309787 0.056000
416.5 2.308680 0.055300
417.0 2.307575 0.054600
417.5 2.306472 0.053900
418.0 2.305371 0.053200
418.5 2.304273 0.052500
419.0 2.303178 0.051800
419.5 2.302087 0.051100
420.0 2.301000 0.050400
420.5 2.299918 0.049850
421.0 2.298840 0.049300
421.5 2.297767 0.048750
422.0 2.296698 0.048200
422.5 2.295633 0.047650
423.0 2.294572 0.047100
423.5 2.293514 0.046550
424.0 2.292460 0.046000
424.5 2.291409 0.045450
425.0 2.290361 0.044900
425.5 2.289315 0.044350
426.0 2.288273 0.043800
426.5 2.287232 0.043250
427.0 2.286194 0.042700
427.5 2.285158 0.042150
428.0 2.284124 0.041600
428.5 2.283091 0.041050
429.0 2.282059 0.040500
429.5 2.281029 0.039950
430.0 2.280000 0.039400
430.5 2.278972 0.038960
431.0 2.277945 0.038520
431.5 2.276919 0.038080
432.0 2.275895 0.037640
432.5 2.274873 0.037200
433.0 2.273853 0.036760
433.5 2.272836 0.036320
434.0 2.271822 0.035880
434.5 2.270812 0.035440
435.0 2.269805 0.035000
435.5 2.268802 0.034560
436.0 2.267803 0.034120
436.5 2.266808 0.033680
437.0 2.265819 0.033240
437.5 2.264834 0.032800
438.0 2.263855 0.032360
438.5 2.262882 0.031920
439.0 2.261915 0.031480
439.5 2.260954 0.031040
440.0 2.260000 0.030600
440.5 2.259053 0.030250
441.0 2.258112 0.029900
441.5 2.257178 0.029550
442.0 2.256250 0.029200
442.5 2.255328 0.028850
443.0 2.254412 0.028500
443.5 2.253500 0.028150
444.0 2.252594 0.027800
444.5 2.251692 0.027450
445.0 2.250795 0.027100
445.5 2.249902 0.026750
446.0 2.249013 0.026400
446.5 2.248127 0.026050
447.0 2.247244 0.025700
447.5 2.246364 0.025350
448.0 2.245487 0.025000
448.5 2.244613 0.024650
449.0 2.243740 0.024300
449.5 2.242869 0.023950
450.0 2.242000 0.023600
450.5 2.241132 0.023330
451.0 2.240265 0.023060
451.5 2.239400 0.022790
452.0 2.238536 0.022520
452.5 2.237674 0.022250
453.0 2.236813 0.021980
453.5 2.235954 0.021710
454.0 2.235097 0.021440
454.5 2.234243 0.021170
455.0 2.233390 0.020900
455.5 2.232539 0.020630
456.0 2.231691 0.020360
456.5 2.230845 0.020090
457.0 2.230002 0.019820
457.5 2.229161 0.019550
458.0 2.228323 0.019280
458.5 2.227488 0.019010
459.0 2.226656 0.018740
459.5 2.225826 0.018470
460.0 2.225000 0.018200
460.5 2.224177 0.017995
461.0 2.223357 0.017790
461.5 2.222540 0.017585
462.0 2.221726 0.017380
462.5 2.220915 0.017175
463.0 2.220106 0.016970
463.5 2.219300 0.016765
464.0 2.218496 0.016560
464.5 2.217695 0.016355
465.0 2.216896 0.016150
465.5 2.216098 0.015945
466.0 2.215303 0.015740
466.5 2.214510 0.015535
467.0 2.213719 0.015330
467.5 2.212929 0.015125
468.0 2.212140 0.014920
468.5 2.211353 0.014715
469.0 2.210568 0.014510
469.5 2.209783 0.014305
470.0 2.209000 0.014100
470.5 2.208218 0.013945
471.0 2.207437 0.013790
471.5 2.206657 0.013635
472.0 2.205880 0.013480
472.5 2.205105 0.013325
473.0 2.204333 0.013170
473.5 2.203564 0.013015
474.0 2.202798 0.012860
474.5 2.202036 0.012705
475.0 2.201278 0.012550
475.5 2.200525 0.012395
476.0 2.199776 0.012240
476.5 2.199032 0.012085
477.0 2.198294 0.011930
477.5 2.197562 0.011775
478.0 2.196836 0.011620
478.5 2.196116 0.011465
479.0 2.195403 0.011310
479.5 2.194698 0.011155
480.0 2.194000 0.011000
480.5 2.193310 0.010890
481.0 2.192627 0.010780
481.5 2.191951 0.010670
482.0 2.191281 0.010560
482.5 2.190618 0.010450
483.0 2.189959 0.010340
483.5 2.189305 0.010230
484.0 2.188656 0.010120
484.5 2.188010 0.010010
485.0 2.187367 0.009900
485.5 2.186727 0.009790
486.0 2.186090 0.009680
486.5 2.185453 0.009570
487.0 2.184818 0.009460
487.5 2.184183 0.009350
488.0 2.183549 0.009240
488.5 2.182914 0.009130
489.0 2.182277 0.009020
489.5 2.181640 0.008910
490.0 2.181000 0.008800
490.5 2.180358 0.008729
491.0 2.179713 0.008659
491.5 2.179066 0.008589
492.0 2.178418 0.008518
492.5 2.177768 0.008448
493.0 2.177116 0.008377
493.5 2.176464 0.008306
494.0 2.175811 0.008236
494.5 2.175157 0.008166
495.0 2.174502 0.008095
495.5 2.173848 0.008025
496.0 2.173194 0.007954
496.5 2.172541 0.007883
497.0 2.171888 0.007813
497.5 2.171236 0.007742
498.0 2.170585 0.007672
498.5 2.169936 0.007601
499.0 2.169289 0.007531
499.5 2.168643 0.007461
500.0 2.168000 0.007390
500.5 2.167359 0.007352
501.0 2.166721 0.007315
501.5 2.166087 0.007277
502.0 2.165455 0.007240
502.5 2.164827 0.007202
503.0 2.164202 0.007165
503.5 2.163582 0.007128
504.0 2.162966 0.007090
504.5 2.162355 0.007053
505.0 2.161748 0.007015
505.5 2.161146 0.006977
506.0 2.160550 0.006940
506.5 2.159959 0.006903
507.0 2.159374 0.006865
507.5 2.158795 0.006828
508.0 2.158222 0.006790
508.5 2.157656 0.006752
509.0 2.157097 0.006715
509.5 2.156545 0.006677
510.0 2.156000 0.006640
510.5 2.155463 0.006626
511.0 2.154932 0.006613
511.5 2.154408 0.006599
512.0 2.153891 0.006586
512.5 2.153378 0.006573
513.0 2.152871 0.006559
513.5 2.152368 0.006546
514.0 2.151869 0.006532
514.5 2.151374 0.006518
515.0 2.150881 0.006505
515.5 2.150391 0.006491
516.0 2.149902 0.006478
516.5 2.149415 0.006464
517.0 2.148929 0.006451
517.5 2.148443 0.006437
518.0 2.147957 0.006424
518.5 2.147470 0.006411
519.0 2.146982 0.006397
519.5 2.146492 0.006384
520.0 2.146000 0.006370
520.5 2.145505 0.006361
521.0 2.145008 0.006352
521.5 2.144508 0.006343
522.0 2.144007 0.006334
522.5 2.143504 0.006325
523.0 2.143000 0.006316
523.5 2.142495 0.006307
524.0 2.141989 0.006298
524.5 2.141483 0.006289
525.0 2.140978 0.006280
525.5 2.140473 0.006271
526.0 2.139968 0.006262
526.5 2.139465 0.006253
527.0 2.138963 0.006244
527.5 2.138463 0.006235
528.0 2.137965 0.006226
528.5 2.137469 0.006217
529.0 2.136976 0.006208
529.5 2.136486 0.006199
530.0 2.136000 0.006190
530.5 2.135517 0.006183
531.0 2.135038 0.006175
531.5 2.134563 0.006167
532.0 2.134091 0.006160
532.5 2.133622 0.006152
533.0 2.133158 0.006145
533.5 2.132696 0.006138
534.0 2.132238 0.006130
534.5 2.131784 0.006123
535.0 2.131333 0.006115
535.5 2.130885 0.006108
536.0 2.130441 0.006100
536.5 2.130000 0.006093
537.0 2.129562 0.006085
537.5 2.129127 0.006078
538.0 2.128695 0.006070
538.5 2.128267 0.006063
539.0 2.127842 0.006055
539.5 2.127419 0.006047
540.0 2.127000 0.006040
540.5 2.126584 0.006033
541.0 2.126170 0.006027
541.5 2.125759 0.006020
542.0 2.125351 0.006014
542.5 2.124944 0.006008
543.0 2.124540 0.006001
543.5 2.124138 0.005995
544.0 2.123738 0.005988
544.5 2.123339 0.005982
545.0 2.122941 0.005975
545.5 2.122544 0.005968
546.0 2.122149 0.005962
546.5 2.121754 0.005956
547.0 2.121360 0.005949
547.5 2.120967 0.005943
548.0 2.120574 0.005936
548.5 2.120181 0.005930
549.0 2.119787 0.005923
549.5 2.119394 0.005916
550.0 2.119000 0.005910
550.5 2.118606 0.005905
551.0 2.118210 0.005899
551.5 2.117815 0.005894
552.0 2.117418 0.005888
552.5 2.117022 0.005883
553.0 2.116624 0.005877
553.5 2.116226 0.005871
554.0 2.115827 0.005866
554.5 2.115428 0.005861
555.0 2.115028 0.005855
555.5 2.114628 0.005850
556.0 2.114227 0.005844
556.5 2.113826 0.005838
557.0 2.113424 0.005833
557.5 2.113021 0.005827
558.0 2.112618 0.005822
558.5 2.112214 0.005816
559.0 2.111810 0.005811
559.5 2.111405 0.005805
560.0 2.111000 0.005800
560.5 2.110594 0.005795
561.0 2.110188 0.005791
561.5 2.109782 0.005786
562.0 2.109375 0.005782
562.5 2.108969 0.005777
563.0 2.108563 0.005773
563.5 2.108158 0.005768
564.0 2.107753 0.005764
564.5 2.107348 0.005760
565.0 2.106945 0.005755
565.5 2.106543 0.005750
566.0 2.106142 0.005746
566.5 2.105743 0.005742
567.0 2.105345 0.005737
567.5 2.104949 0.005732
568.0 2.104555 0.005728
568.5 2.104162 0.005723
569.0 2.103773 0.005719
569.5 2.103385 0.005714
570.0 2.103000 0.005710
570.5 2.102618 0.005706
571.0 2.102238 0.005703
571.5 2.101862 0.005699
572.0 2.101488 0.005696
572.5 2.101118 0.005692
573.0 2.100751 0.005689
573.5 2.100387 0.005685
574.0 2.100026 0.005682
574.5 2.099669 0.005678
575.0 2.099316 0.005675
575.5 2.098966 0.005671
576.0 2.098620 0.005668
576.5 2.098278 0.005664
577.0 2.097940 0.005661
577.5 2.097606 0.005658
578.0 2.097276 0.005654
578.5 2.096950 0.005650
579.0 2.096629 0.005647
579.5 2.096312 0.005644
580.0 2.096000 0.005640
580.5 2.095692 0.005638
581.0 2.095389 0.005635
581.5 2.095089 0.005632
582.0 2.094792 0.005630
582.5 2.094497 0.005628
583.0 2.094205 0.005625
583.5 2.093913 0.005622
584.0 2.093623 0.005620
584.5 2.093333 0.005618
585.0 2.093042 0.005615
585.5 2.092751 0.005613
586.0 2.092458 0.005610
586.5 2.092164 0.005608
587.0 2.091866 0.005605
587.5 2.091566 0.005602
588.0 2.091262 0.005600
588.5 2.090954 0.005598
589.0 2.090642 0.005595
589.5 2.090324 0.005593
590.0 2.090000 0.005590
590.5 2.089670 0.005588
591.0 2.089334 0.005586
591.5 2.088994 0.005584
592.0 2.088648 0.005582
592.5 2.088299 0.005580
593.0 2.087947 0.005578
593.5 2.087591 0.005576
594.0 2.087234 0.005574
594.5 2.086875 0.005572
595.0 2.086515 0.005570
595.5 2.086155 0.005568
596.0 2.085795 0.005566
596.5 2.085436 0.005564
597.0 2.085079 0.005562
597.5 2.084723 0.005560
598.0 2.084371 0.005558
598.5 2.084022 0.005556
599.0 2.083676 0.005554
599.5 2.083336 0.005552
600.0 2.083000 0.005550
600.5 2.082670 0.005549
601.0 2.082345 0.005548
601.5 2.082026 0.005547
602.0 2.081711 0.005546
602.5 2.081400 0.005545
603.0 2.081093 0.005544
603.5 2.080790 0.005543
604.0 2.080490 0.005542
604.5 2.080192 0.005541
605.0 2.079897 0.005540
605.5 2.079605 0.005539
606.0 2.079313 0.005538
606.5 2.079023 0.005537
607.0 2.078734 0.005536
607.5 2.078446 0.005535
608.0 2.078158 0.005534
608.5 2.077870 0.005533
609.0 2.077581 0.005532
609.5 2.077291 0.005531
610.0 2.077000 0.005530
610.5 2.076707 0.005530
611.0 2.076413 0.005530
611.5 2.076118 0.005530
612.0 2.075821 0.005530
612.5 2.075523 0.005530
613.0 2.075224 0.005530
613.5 2.074924 0.005530
614.0 2.074624 0.005530
614.5 2.074322 0.005530
615.0 2.074020 0.005530
615.5 2.073718 0.005530
616.0 2.073416 0.005530
616.5 2.073113 0.005530
617.0 2.072810 0.005530
617.5 2.072508 0.005530
618.0 2.072205 0.005530
618.5 2.071903 0.005530
619.0 2.071601 0.005530
619.5 2.071300 0.005530
620.0 2.071000 0.005530
620.5 2.070700 0.005531
621.0 2.070402 0.005531
621.5 2.070103 0.005531
622.0 2.069805 0.005532
622.5 2.069508 0.005533
623.0 2.069211 0.005533
623.5 2.068913 0.005534
624.0 2.068616 0.005534
624.5 2.068319 0.005535
625.0 2.068021 0.005535
625.5 2.067723 0.005536
626.0 2.067424 0.005536
626.5 2.067125 0.005536
627.0 2.066825 0.005537
627.5 2.066523 0.005537
628.0 2.066221 0.005538
628.5 2.065918 0.005539
629.0 2.065614 0.005539
629.5 2.065308 0.005539
630.0 2.065000 0.005540
630.5 2.064691 0.005541
631.0 2.064380 0.005542
631.5 2.064069 0.005543
632.0 2.063757 0.005544
632.5 2.063445 0.005545
633.0 2.063133 0.005546
633.5 2.062822 0.005547
634.0 2.062512 0.005548
634.5 2.062203 0.005549
635.0 2.061896 0.005550
635.5 2.061591 0.005551
636.0 2.061288 0.005552
636.5 2.060988 0.005553
637.0 2.060692 0.005554
637.5 2.060398 0.005555
638.0 2.060109 0.005556
638.5 2.059825 0.005557
639.0 2.059545 0.005558
639.5 2.059270 0.005559
640.0 2.059000 0.005560
640.5 2.058736 0.005561
641.0 2.058477 0.005563
641.5 2.058223 0.005565
642.0 2.057973 0.005566
642.5 2.057726 0.005568
643.0 2.057482 0.005569
643.5 2.057240 0.005570
644.0 2.057000 0.005572
644.5 2.056760 0.005574
645.0 2.056521 0.005575
645.5 2.056281 0.005576
646.0 2.056040 0.005578
646.5 2.055797 0.005580
647.0 2.055552 0.005581
647.5 2.055305 0.005582
648.0 2.055053 0.005584
648.5 2.054798 0.005586
649.0 2.054537 0.005587
649.5 2.054272 0.005589
650.0 2.054000 0.005590
650.5 2.053722 0.005592
651.0 2.053438 0.005594
651.5 2.053148 0.005596
652.0 2.052854 0.005598
652.5 2.052555 0.005600
653.0 2.052253 0.005602
653.5 2.051948 0.005604
654.0 2.051640 0.005606
654.5 2.051331 0.005608
655.0 2.051021 0.005610
655.5 2.050711 0.005612
656.0 2.050401 0.005614
656.5 2.050091 0.005616
657.0 2.049783 0.005618
657.5 2.049477 0.005620
658.0 2.049174 0.005622
658.5 2.048874 0.005624
659.0 2.048578 0.005626
659.5 2.048286 0.005628
660.0 2.048000 0.005630
660.5 2.047719 0.005633
661.0 2.047444 0.005636
661.5 2.047174 0.005639
662.0 2.046909 0.005642
662.5 2.046647 0.005645
663.0 2.046390 0.005648
663.5 2.046137 0.005651
664.0 2.045886 0.005654
664.5 2.045639 0.005657
665.0 2.045394 0.005660
665.5 2.045151 0.005663
666.0 2.044910 0.005666
666.5 2.044670 0.005669
667.0 2.044432 0.005672
667.5 2.044193 0.005675
668.0 2.043956 0.005678
668.5 2.043718 0.005681
669.0 2.043479 0.005684
669.5 2.043240 0.005687
670.0 2.043000 0.005690
670.5 2.042758 0.005693
671.0 2.042515 0.005696
671.5 2.042270 0.005699
672.0 2.042024 0.005702
672.5 2.041777 0.005705
673.0 2.041529 0.005708
673.5 2.041280 0.005711
674.0 2.041030 0.005714
674.5 2.040779 0.005717
675.0 2.040528 0.005720
675.5 2.040276 0.005723
676.0 2.040024 0.005726
676.5 2.039771 0.005729
677.0 2.039518 0.005732
677.5 2.039265 0.005735
678.0 2.039011 0.005738
678.5 2.038758 0.005741
679.0 2.038505 0.005744
679.5 2.038252 0.005747
680.0 2.038000 0.005750
680.5 2.037748 0.005754
681.0 2.037496 0.005758
681.5 2.037245 0.005762
682.0 2.036994 0.005766
682.5 2.036744 0.005770
683.0 2.036493 0.005774
683.5 2.036243 0.005778
684.0 2.035993 0.005782
684.5 2.035744 0.005786
685.0 2.035494 0.005790
685.5 2.035245 0.005794
686.0 2.034996 0.005798
686.5 2.034746 0.005802
687.0 2.034497 0.005806
687.5 2.034248 0.005810
688.0 2.033998 0.005814
688.5 2.033749 0.005818
689.0 2.033500 0.005822
689.5 2.033250 0.005826
690.0 2.033000 0.005830
690.5 2.032750 0.005835
691.0 2.032500 0.005839
691.5 2.032249 0.005843
692.0 2.031999 0.005848
692.5 2.031748 0.005853
693.0 2.031498 0.005857
693.5 2.031247 0.005862
694.0 2.030996 0.005866
694.5 2.030746 0.005871
695.0 2.030495 0.005875
695.5 2.030245 0.005880
696.0 2.029994 0.005884
696.5 2.029744 0.005888
697.0 2.029494 0.005893
697.5 2.029244 0.005897
698.0 2.028995 0.005902
698.5 2.028746 0.005907
699.0 2.028497 0.005911
699.5 2.028248 0.005915
700.0 2.028000 0.005920
700.5 2.027752 0.005925
701.0 2.027505 0.005930
701.5 2.027258 0.005935
702.0 2.027011 0.005940
702.5 2.026764 0.005945
703.0 2.026516 0.005950
703.5 2.026269 0.005955
704.0 2.026022 0.005960
704.5 2.025774 0.005965
705.0 2.025526 0.005970
705.5 2.025277 0.005975
706.0 2.025028 0.005980
706.5 2.024778 0.005985
707.0 2.024527 0.005990
707.5 2.024275 0.005995
708.0 2.024022 0.006000
708.5 2.023769 0.006005
709.0 2.023514 0.006010
709.5 2.023258 0.006015
710.0 2.023000 0.006020
710.5 2.022741 0.006025
711.0 2.022481 0.006030
711.5 2.022220 0.006035
712.0 2.021959 0.006040
712.5 2.021698 0.006045
713.0 2.021437 0.006050
713.5 2.021176 0.006055
714.0 2.020917 0.006060
714.5 2.020658 0.006065
715.0 2.020402 0.006070
715.5 2.020147 0.006075
716.0 2.019895 0.006080
716.5 2.019645 0.006085
717.0 2.019398 0.006090
717.5 2.019155 0.006095
718.0 2.018915 0.006100
718.5 2.018680 0.006105
719.0 2.018448 0.006110
719.5 2.018222 0.006115
720.0 2.018000 0.006120
720.5 2.017784 0.006126
721.0 2.017572 0.006132
721.5 2.017365 0.006138
722.0 2.017162 0.006144
722.5 2.016962 0.006150
723.0 2.016764 0.006156
723.5 2.016569 0.006162
724.0 2.016376 0.006168
724.5 2.016184 0.006174
725.0 2.015992 0.006180
725.5 2.015801 0.006186
726.0 2.015609 0.006192
726.5 2.015417 0.006198
727.0 2.015223 0.006204
727.5 2.015027 0.006210
728.0 2.014828 0.006216
728.5 2.014627 0.006222
729.0 2.014422 0.006228
729.5 2.014213 0.006234
730.0 2.014000 0.006240
730.5 2.013782 0.006246
731.0 2.013558 0.006253
731.5 2.013331 0.006259
732.0 2.013099 0.006266
732.5 2.012863 0.006273
733.0 2.012623 0.006279
733.5 2.012379 0.006285
734.0 2.012132 0.006292
734.5 2.011882 0.006299
735.0 2.011629 0.006305
735.5 2.011374 0.006311
736.0 2.011116 0.006318
736.5 2.010857 0.006325
737.0 2.010595 0.006331
737.5 2.010332 0.006337
738.0 2.010067 0.006344
738.5 2.009801 0.006351
739.0 2.009535 0.006357
739.5 2.009268 0.006364
740.0 2.009000 0.006370
740.5 2.008732 0.006376
741.0 2.008465 0.006383
741.5 2.008198 0.006390
742.0 2.007932 0.006396
742.5 2.007666 0.006402
743.0 2.007402 0.006409
743.5 2.007140 0.006415
744.0 2.006879 0.006422
744.5 2.006621 0.006429
745.0 2.006365 0.006435
745.5 2.006112 0.006441
746.0 2.005861 0.006448
746.5 2.005614 0.006454
747.0 2.005371 0.006461
747.5 2.005131 0.006468
748.0 2.004896 0.006474
748.5 2.004664 0.006480
749.0 2.004438 0.006487
749.5 2.004216 0.006493
750.0 2.004000 0.006500
750.5 2.003789 0.006507
751.0 2.003583 0.006515
751.5 2.003381 0.006522
752.0 2.003183 0.006530
752.5 2.002988 0.006537
753.0 2.002795 0.006545
753.5 2.002604 0.006552
754.0 2.002414 0.006560
754.5 2.002225 0.006568
755.0 2.002036 0.006575
755.5 2.001845 0.006582
756.0 2.001654 0.006590
756.5 2.001461 0.006597
757.0 2.001265 0.006605
757.5 2.001066 0.006612
758.0 2.000863 0.006620
758.5 2.000655 0.006627
759.0 2.000443 0.006635
759.5 2.000224 0.006642
760.0 2.000000 0.006650
760.5 1.999769 0.006657
761.0 1.999531 0.006665
761.5 1.999288 0.006672
762.0 1.999041 0.006680
762.5 1.998789 0.006687
763.0 1.998534 0.006695
763.5 1.998276 0.006703
764.0 1.998016 0.006710
764.5 1.997755 0.006717
765.0 1.997493 0.006725
765.5 1.997231 0.006732
766.0 1.996971 0.006740
766.5 1.996711 0.006748
767.0 1.996454 0.006755
767.5 1.996200 0.006762
768.0 1.995950 0.006770
768.5 1.995704 0.006777
769.0 1.995464 0.006785
769.5 1.995229 0.006792
770.0 1.995000 0.006800
770.5 1.994778 0.006808
771.0 1.994563 0.006816
771.5 1.994354 0.006824
772.0 1.994150 0.006832
772.5 1.993950 0.006840
773.0 1.993754 0.006848
773.5 1.993561 0.006856
774.0 1.993370 0.006864
774.5 1.993181 0.006872
775.0 1.992993 0.006880
775.5 1.992804 0.006888
776.0 1.992616 0.006896
776.5 1.992426 0.006904
777.0 1.992234 0.006912
777.5 1.992039 0.006920
778.0 1.991841 0.006928
778.5 1.991638 0.006936
779.0 1.991431 0.006944
779.5 1.991219 0.006952
780.0 1.991000 0.006960
780.5 1.990775 0.006969
781.0 1.990543 0.006978
781.5 1.990305 0.006987
782.0 1.990063 0.006996
782.5 1.989816 0.007005
783.0 1.989565 0.007014
783.5 1.989311 0.007023
784.0 1.989054 0.007032
784.5 1.988796 0.007041
785.0 1.988536 0.007050
785.5 1.988275 0.007059
786.0 1.988015 0.007068
786.5 1.987755 0.007077
787.0 1.987496 0.007086
787.5 1.987238 0.007095
788.0 1.986983 0.007104
788.5 1.986731 0.007113
789.0 1.986483 0.007122
789.5 1.986239 0.007131
790.0 1.986000 0.007140
790.5 1.985766 0.007149
791.0 1.985538 0.007158
791.5 1.985314 0.007167
792.0 1.985095 0.007176
792.5 1.984880 0.007185
793.0 1.984670 0.007194
793.5 1.984463 0.007203
794.0 1.984260 0.007212
794.5 1.984060 0.007221
795.0 1.983863 0.007230
795.5 1.983669 0.007239
796.0 1.983477 0.007248
796.5 1.983288 0.007257
797.0 1.983100 0.007266
797.5 1.982914 0.007275
798.0 1.982730 0.007284
798.5 1.982547 0.007293
799.0 1.982364 0.007302
799.5 1.982182 0.007311
800.0 1.982000 0.007320
800.5 1.981818 0.007330
801.0 1.981636 0.007339
801.5 1.981453 0.007348
802.0 1.981270 0.007358
802.5 1.981085 0.007367
803.0 1.980899 0.007377
803.5 1.980712 0.007386
804.0 1.980522 0.007396
804.5 1.980331 0.007406
805.0 1.980137 0.007415
805.5 1.979940 0.007425
806.0 1.979740 0.007434
806.5 1.979537 0.007444
807.0 1.979330 0.007453
807.5 1.979119 0.007463
808.0 1.978905 0.007472
808.5 1.978686 0.007482
809.0 1.978462 0.007491
809.5 1.978234 0.007501
810.0 1.978000 0.007510
810.5 1.977761 0.007520
811.0 1.977517 0.007529
811.5 1.977269 0.007539
812.0 1.977017 0.007548
812.5 1.976763 0.007557
813.0 1.976506 0.007567
813.5 1.976247 0.007576
814.0 1.975987 0.007586
814.5 1.975726 0.007596
815.0 1.975466 0.007605
815.5 1.975206 0.007614
816.0 1.974948 0.007624
816.5 1.974691 0.007633
817.0 1.974437 0.007643
817.5 1.974186 0.007653
818.0 1.973939 0.007662
818.5 1.973696 0.007672
819.0 1.973458 0.007681
819.5 1.973226 0.007691
820.0 1.973000 0.007700
820.5 1.972781 0.007711
821.0 1.972567 0.007721
821.5 1.972359 0.007732
822.0 1.972156 0.007742
822.5 1.971957 0.007753
823.0 1.971762 0.007763
823.5 1.971569 0.007774
824.0 1.971378 0.007784
824.5 1.971189 0.007795
825.0 1.971000 0.007805
825.5 1.970811 0.007815
826.0 1.970622 0.007826
826.5 1.970431 0.007836
827.0 1.970238 0.007847
827.5 1.970043 0.007857
828.0 1.969844 0.007868
828.5 1.969641 0.007879
829.0 1.969433 0.007889
829.5 1.969219 0.007900
830.0 1.969000 0.007910
830.5 1.968774 0.007921
831.0 1.968542 0.007932
831.5 1.968304 0.007943
832.0 1.968061 0.007954
832.5 1.967814 0.007965
833.0 1.967563 0.007976
833.5 1.967308 0.007987
834.0 1.967052 0.007998
834.5 1.966793 0.008009
835.0 1.966533 0.008020
835.5 1.966273 0.008031
836.0 1.966012 0.008042
836.5 1.965752 0.008053
837.0 1.965494 0.008064
837.5 1.965237 0.008075
838.0 1.964982 0.008086
838.5 1.964730 0.008097
839.0 1.964482 0.008108
839.5 1.964239 0.008119
840.0 1.964000 0.008130
840.5 1.963767 0.008141
841.0 1.963538 0.008152
841.5 1.963315 0.008163
842.0 1.963096 0.008174
842.5 1.962882 0.008185
843.0 1.962672 0.008196
843.5 1.962465 0.008207
844.0 1.962262 0.008218
844.5 1.962063 0.008229
845.0 1.961866 0.008240
845.5 1.961672 0.008251
846.0 1.961480 0.008262
846.5 1.961291 0.008273
847.0 1.961103 0.008284
847.5 1.960917 0.008295
848.0 1.960732 0.008306
848.5 1.960548 0.008317
849.0 1.960365 0.008328
849.5 1.960183 0.008339
850.0 1.960000 0.008350
850.5 1.959817 0.008362
851.0 1.959634 0.008374
851.5 1.959451 0.008386
852.0 1.959266 0.008398
852.5 1.959080 0.008410
853.0 1.958893 0.008422
853.5 1.958705 0.008434
854.0 1.958515 0.008446
854.5 1.958322 0.008458
855.0 1.958127 0.008470
855.5 1.957930 0.008482
856.0 1.957730 0.008494
856.5 1.957527 0.008506
857.0 1.957321 0.008518
857.5 1.957111 0.008530
858.0 1.956897 0.008542
858.5 1.956679 0.008554
859.0 1.956457 0.008566
859.5 1.956231 0.008578
860.0 1.956000 0.008590
860.5 1.955764 0.008602
861.0 1.955524 0.008614
861.5 1.955279 0.008626
862.0 1.955031 0.008638
862.5 1.954781 0.008650
863.0 1.954527 0.008662
863.5 1.954272 0.008674
864.0 1.954015 0.008686
864.5 1.953758 0.008698
865.0 1.953499 0.008710
865.5 1.953241 0.008722
866.0 1.952983 0.008734
866.5 1.952727 0.008746
867.0 1.952472 0.008758
867.5 1.952218 0.008770
868.0 1.951968 0.008782
868.5 1.951720 0.008794
869.0 1.951476 0.008806
869.5 1.951236 0.008818
870.0 1.951000 0.008830
870.5 1.950769 0.008842
871.0 1.950543 0.008855
871.5 1.950322 0.008867
872.0 1.950104 0.008880
872.5 1.949891 0.008892
873.0 1.949681 0.008905
873.5 1.949475 0.008918
874.0 1.949272 0.008930
874.5 1.949072 0.008942
875.0 1.948875 0.008955
875.5 1.948681 0.008967
876.0 1.948488 0.008980
876.5 1.948298 0.008993
877.0 1.948109 0.009005
877.5 1.947922 0.009017
878.0 1.947736 0.009030
878.5 1.947551 0.009042
879.0 1.947367 0.009055
879.5 1.947183 0.009068
880.0 1.947000 0.009080
880.5 1.946817 0.009094
881.0 1.946633 0.009107
881.5 1.946449 0.009121
882.0 1.946264 0.009134
882.5 1.946078 0.009147
883.0 1.945891 0.009161
883.5 1.945702 0.009175
884.0 1.945512 0.009188
884.5 1.945319 0.009202
885.0 1.945125 0.009215
885.5 1.944928 0.009229
886.0 1.944728 0.009242
886.5 1.944525 0.009255
887.0 1.944319 0.009269
887.5 1.944109 0.009283
888.0 1.943896 0.009296
888.5 1.943678 0.009310
889.0 1.943457 0.009323
889.5 1.943231 0.009336
890.0 1.943000 0.009350
890.5 1.942764 0.009364
891.0 1.942524 0.009377
891.5 1.942280 0.009390
892.0 1.942032 0.009404
892.5 1.941782 0.009418
893.0 1.941528 0.009431
893.5 1.941273 0.009444
894.0 1.941017 0.009458
894.5 1.940759 0.009472
895.0 1.940501 0.009485
895.5 1.940242 0.009498
896.0 1.939985 0.009512
896.5 1.939728 0.009525
897.0 1.939473 0.009539
897.5 1.939219 0.009553
898.0 1.938969 0.009566
898.5 1.938721 0.009580
899.0 1.938476 0.009593
899.5 1.938236 0.009607
900.0 1.938000 0.009620
900.5 1.937769 0.009634
901.0 1.937542 0.009648
901.5 1.937321 0.009662
902.0 1.937103 0.009676
902.5 1.936889 0.009690
903.0 1.936679 0.009704
903.5 1.936473 0.009718
904.0 1.936270 0.009732
904.5 1.936070 0.009746
905.0 1.935872 0.009760
905.5 1.935678 0.009774
906.0 1.935485 0.009788
906.5 1.935295 0.009802
907.0 1.935106 0.009816
907.5 1.934919 0.009830
908.0 1.934734 0.009844
908.5 1.934549 0.009858
909.0 1.934366 0.009872
909.5 1.934183 0.009886
910.0 1.934000 0.009900
910.5 1.933818 0.009915
911.0 1.933635 0.009930
911.5 1.933452 0.009945
912.0 1.933268 0.009960
912.5 1.933083 0.009975
913.0 1.932897 0.009990
913.5 1.932710 0.010005
914.0 1.932520 0.010020
914.5 1.932329 0.010035
915.0 1.932135 0.010050
915.5 1.931938 0.010065
916.0 1.931738 0.010080
916.5 1.931535 0.010095
917.0 1.931329 0.010110
917.5 1.931119 0.010125
918.0 1.930904 0.010140
918.5 1.930686 0.010155
919.0 1.930462 0.010170
919.5 1.930234 0.010185
920.0 1.930000 0.010200
920.5 1.929761 0.010215
921.0 1.929517 0.010230
921.5 1.929269 0.010245
922.0 1.929017 0.010260
922.5 1.928762 0.010275
923.0 1.928505 0.010290
923.5 1.928246 0.010305
924.0 1.927985 0.010320
924.5 1.927725 0.010335
925.0 1.927464 0.010350
925.5 1.927204 0.010365
926.0 1.926945 0.010380
926.5 1.926689 0.010395
927.0 1.926435 0.010410
927.5 1.926184 0.010425
928.0 1.925937 0.010440
928.5 1.925694 0.010455
929.0 1.925457 0.010470
929.5 1.925225 0.010485
930.0 1.925000 0.010500
930.5 1.924781 0.010515
931.0 1.924569 0.010530
931.5 1.924362 0.010545
932.0 1.924160 0.010560
932.5 1.923962 0.010575
933.0 1.923768 0.010590
933.5 1.923576 0.010605
934.0 1.923386 0.010620
934.5 1.923198 0.010635
935.0 1.923010 0.010650
935.5 1.922821 0.010665
936.0 1.922632 0.010680
936.5 1.922441 0.010695
937.0 1.922248 0.010710
937.5 1.922052 0.010725
938.0 1.921852 0.010740
938.5 1.921648 0.010755
939.0 1.921438 0.010770
939.5 1.921222 0.010785
940.0 1.921000 0.010800
940.5 1.920771 0.010815
941.0 1.920535 0.010830
941.5 1.920293 0.010845
942.0 1.920046 0.010860
942.5 1.919794 0.010875
943.0 1.919539 0.010890
943.5 1.919281 0.010905
944.0 1.919021 0.010920
944.5 1.918760 0.010935
945.0 1.918497 0.010950
945.5 1.918235 0.010965
946.0 1.917974 0.010980
946.5 1.917714 0.010995
947.0 1.917456 0.011010
947.5 1.917202 0.011025
948.0 1.916951 0.011040
948.5 1.916705 0.011055
949.0 1.916463 0.011070
949.5 1.916228 0.011085
950.0 1.916000 0.011100
950.5 1.915779 0.011115
951.0 1.915564 0.011130
951.5 1.915356 0.011145
952.0 1.915153 0.011160
952.5 1.914954 0.011175
953.0 1.914759 0.011190
953.5 1.914567 0.011205
954.0 1.914377 0.011220
954.5 1.914188 0.011235
955.0 1.914001 0.011250
955.5 1.913813 0.011265
956.0 1.913625 0.011280
956.5 1.913435 0.011295
957.0 1.913242 0.011310
957.5 1.913047 0.011325
958.0 1.912848 0.011340
958.5 1.912645 0.011355
959.0 1.912436 0.011370
959.5 1.912221 0.011385
960.0 1.912000 0.011400
960.5 1.911771 0.011420
961.0 1.911536 0.011440
961.5 1.911294 0.011460
962.0 1.911048 0.011480
962.5 1.910797 0.011500
963.0 1.910542 0.011520
963.5 1.910284 0.011540
964.0 1.910024 0.011560
964.5 1.909762 0.011580
965.0 1.909500 0.011600
965.5 1.909237 0.011620
966.0 1.908976 0.011640
966.5 1.908716 0.011660
967.0 1.908458 0.011680
967.5 1.908203 0.011700
968.0 1.907952 0.011720
968.5 1.907705 0.011740
969.0 1.907464 0.011760
969.5 1.907229 0.011780
970.0 1.907000 0.011800
970.5 1.906779 0.011815
971.0 1.906564 0.011830
971.5 1.906355 0.011845
972.0 1.906152 0.011860
972.5 1.905953 0.011875
973.0 1.905758 0.011890
973.5 1.905566 0.011905
974.0 1.905376 0.011920
974.5 1.905188 0.011935
975.0 1.905000 0.011950
975.5 1.904812 0.011965
976.0 1.904624 0.011980
976.5 1.904434 0.011995
977.0 1.904242 0.012010
977.5 1.904047 0.012025
978.0 1.903848 0.012040
978.5 1.903645 0.012055
979.0 1.903436 0.012070
979.5 1.903221 0.012085
980.0 1.903000 0.012100
980.5 1.902771 0.012120
981.0 1.902536 0.012140
981.5 1.902295 0.012160
982.0 1.902048 0.012180
982.5 1.901797 0.012200
983.0 1.901542 0.012220
983.5 1.901284 0.012240
984.0 1.901024 0.012260
984.5 1.900762 0.012280
985.0 1.900500 0.012300
985.5 1.900238 0.012320
986.0 1.899976 0.012340
986.5 1.899716 0.012360
987.0 1.899458 0.012380
987.5 1.899203 0.012400
988.0 1.898952 0.012420
988.5 1.898705 0.012440
989.0 1.898464 0.012460
989.5 1.898229 0.012480
990.0 1.898000 0.012500
990.5 1.897779 0.012515
991.0 1.897564 0.012530
991.5 1.897355 0.012545
992.0 1.897152 0.012560
992.5 1.896953 0.012575
993.0 1.896758 0.012590
993.5 1.896566 0.012605
994.0 1.896376 0.012620
994.5 1.896187 0.012635
995.0 1.896000 0.012650
995.5 1.895812 0.012665
996.0 1.895624 0.012680
996.5 1.895434 0.012695
997.0 1.895242 0.012710
997.5 1.895047 0.012725
998.0 1.894848 0.012740
998.5 1.894644 0.012755
999.0 1.894436 0.012770
999.5 1.894221 0.012785
1000.0 1.894000 0.012800
1000.5 1.893771 0.012820
1001.0 1.893536 0.012840
1001.5 1.893295 0.012860
1002.0 1.893048 0.012880
1002.5 1.892797 0.012900
1003.0 1.892542 0.012920
1003.5 1.892285 0.012940
1004.0 1.892025 0.012960
1004.5 1.891763 0.012980
1005.0 1.891501 0.013000
1005.5 1.891238 0.013020
1006.0 1.890977 0.013040
1006.5 1.890717 0.013060
1007.0 1.890459 0.013080
1007.5 1.890204 0.013100
1008.0 1.889953 0.013120
1008.5 1.889706 0.013140
1009.0 1.889464 0.013160
1009.5 1.889229 0.013180
1010.0 1.889000 0.013200
1010.5 1.888778 0.013220
1011.0 1.888563 0.013240
1011.5 1.888355 0.013260
1012.0 1.888151 0.013280
1012.5 1.887952 0.013300
1013.0 1.887756 0.013320
1013.5 1.887564 0.013340
1014.0 1.887374 0.013360
1014.5 1.887185 0.013380
1015.0 1.886997 0.013400
1015.5 1.886810 0.013420
1016.0 1.886621 0.013440
1016.5 1.886431 0.013460
1017.0 1.886239 0.013480
1017.5 1.886044 0.013500
1018.0 1.885846 0.013520
1018.5 1.885643 0.013540
1019.0 1.885435 0.013560
1019.5 1.885221 0.013580
1020.0 1.885000 0.013600
1020.5 1.884772 0.013620
1021.0 1.884538 0.013640
1021.5 1.884298 0.013660
1022.0 1.884052 0.013680
1022.5 1.883802 0.013700
1023.0 1.883548 0.013720
1023.5 1.883291 0.013740
1024.0 1.883032 0.013760
1024.5 1.882771 0.013780
1025.0 1.882510 0.013800
1025.5 1.882248 0.013820
1026.0 1.881986 0.013840
1026.5 1.881726 0.013860
1027.0 1.881468 0.013880
1027.5 1.881212 0.013900
1028.0 1.880960 0.013920
1028.5 1.880712 0.013940
1029.0 1.880469 0.013960
1029.5 1.880231 0.013980
1030.0 1.880000 0.014000
1030.5 1.879775 0.014020
1031.0 1.879557 0.014040
1031.5 1.879344 0.014060
1032.0 1.879137 0.014080
1032.5 1.878934 0.014100
1033.0 1.878735 0.014120
1033.5 1.878539 0.014140
1034.0 1.878345 0.014160
1034.5 1.878154 0.014180
1035.0 1.877964 0.014200
1035.5 1.877775 0.014220
1036.0 1.877585 0.014240
1036.5 1.877396 0.014260
1037.0 1.877205 0.014280
1037.5 1.877012 0.014300
1038.0 1.876817 0.014320
1038.5 1.876619 0.014340
1039.0 1.876417 0.014360
1039.5 1.876211 0.014380
1040.0 1.876000 0.014400
1040.5 1.875784 0.014420
1041.0 1.875562 0.014440
1041.5 1.875336 0.014460
1042.0 1.875104 0.014480
1042.5 1.874869 0.014500
1043.0 1.874629 0.014520
1043.5 1.874385 0.014540
1044.0 1.874138 0.014560
1044.5 1.873888 0.014580
1045.0 1.873635 0.014600
1045.5 1.873379 0.014620
1046.0 1.873120 0.014640
1046.5 1.872860 0.014660
1047.0 1.872597 0.014680
1047.5 1.872333 0.014700
1048.0 1.872068 0.014720
1048.5 1.871802 0.014740
1049.0 1.871535 0.014760
1049.5 1.871268 0.014780
1050.0 1.871000 0.014800
1050.5 1.870733 0.014825
1051.0 1.870466 0.014850
1051.5 1.870199 0.014875
1052.0 1.869934 0.014900
1052.5 1.869669 0.014925
1053.0 1.869406 0.014950
1053.5 1.869145 0.014975
1054.0 1.868885 0.015000
1054.5 1.868628 0.015025
1055.0 1.868372 0.015050
1055.5 1.868120 0.015075
1056.0 1.867870 0.015100
1056.5 1.867623 0.015125
1057.0 1.867379 0.015150
1057.5 1.867139 0.015175
1058.0 1.866903 0.015200
1058.5 1.866671 0.015225
1059.0 1.866443 0.015250
1059.5 1.866219 0.015275
1060.0 1.866000 0.015300
1060.5 1.865786 0.015320
1061.0 1.865576 0.015340
1061.5 1.865371 0.015360
1062.0 1.865169 0.015380
1062.5 1.864969 0.015400
1063.0 1.864773 0.015420
1063.5 1.864578 0.015440
1064.0 1.864385 0.015460
1064.5 1.864192 0.015480
1065.0 1.864001 0.015500
1065.5 1.863809 0.015520
1066.0 1.863616 0.015540
1066.5 1.863423 0.015560
1067.0 1.863228 0.015580
1067.5 1.863031 0.015600
1068.0 1.862832 0.015620
1068.5 1.862630 0.015640
1069.0 1.862424 0.015660
1069.5 1.862214 0.015680
1070.0 1.862000 0.015700
1070.5 1.861781 0.015725
1071.0 1.861557 0.015750
1071.5 1.861329 0.015775
1072.0 1.861096 0.015800
1072.5 1.860859 0.015825
1073.0 1.860619 0.015850
1073.5 1.860375 0.015875
1074.0 1.860128 0.015900
1074.5 1.859878 0.015925
1075.0 1.859625 0.015950
1075.5 1.859370 0.015975
1076.0 1.859112 0.016000
1076.5 1.858853 0.016025
1077.0 1.858591 0.016050
1077.5 1.858329 0.016075
1078.0 1.858064 0.016100
1078.5 1.857799 0.016125
1079.0 1.857533 0.016150
1079.5 1.857267 0.016175
1080.0 1.857000 0.016200
1080.5 1.856733 0.016220
1081.0 1.856467 0.016240
1081.5 1.856201 0.016260
1082.0 1.855935 0.016280
1082.5 1.855671 0.016300
1083.0 1.855408 0.016320
1083.5 1.855146 0.016340
1084.0 1.854886 0.016360
1084.5 1.854629 0.016380
1085.0 1.854373 0.016400
1085.5 1.854120 0.016420
1086.0 1.853870 0.016440
1086.5 1.853623 0.016460
1087.0 1.853379 0.016480
1087.5 1.853139 0.016500
1088.0 1.852902 0.016520
1088.5 1.852670 0.016540
1089.0 1.852442 0.016560
1089.5 1.852219 0.016580
1090.0 1.852000 0.016600
1090.5 1.851786 0.016625
1091.0 1.851577 0.016650
1091.5 1.851372 0.016675
1092.0 1.851171 0.016700
1092.5 1.850973 0.016725
1093.0 1.850777 0.016750
1093.5 1.850583 0.016775
1094.0 1.850390 0.016800
1094.5 1.850198 0.016825
1095.0 1.850007 0.016850
1095.5 1.849816 0.016875
1096.0 1.849624 0.016900
1096.5 1.849430 0.016925
1097.0 1.849235 0.016950
1097.5 1.849038 0.016975
1098.0 1.848838 0.017000
1098.5 1.848635 0.017025
1099.0 1.848428 0.017050
1099.5 1.848216 0.017075
1100.0 1.848000 0.017100
1100.5 1.847778 0.017125
1101.0 1.847552 0.017150
1101.5 1.847321 0.017175
1102.0 1.847085 0.017200
1102.5 1.846845 0.017225
1103.0 1.846602 0.017250
1103.5 1.846355 0.017275
1104.0 1.846106 0.017300
1104.5 1.845853 0.017325
1105.0 1.845599 0.017350
1105.5 1.845342 0.017375
1106.0 1.845084 0.017400
1106.5 1.844824 0.017425
1107.0 1.844564 0.017450
1107.5 1.844303 0.017475
1108.0 1.844041 0.017500
1108.5 1.843780 0.017525
1109.0 1.843519 0.017550
1109.5 1.843259 0.017575
1110.0 1.843000 0.017600
1110.5 1.842742 0.017625
1111.0 1.842486 0.017650
1111.5 1.842231 0.017675
1112.0 1.841977 0.017700
1112.5 1.841724 0.017725
1113.0 1.841473 0.017750
1113.5 1.841222 0.017775
1114.0 1.840972 0.017800
1114.5 1.840722 0.017825
1115.0 1.840474 0.017850
1115.5 1.840225 0.017875
1116.0 1.839978 0.017900
1116.5 1.839730 0.017925
1117.0 1.839483 0.017950
1117.5 1.839236 0.017975
1118.0 1.838989 0.018000
1118.5 1.838742 0.018025
1119.0 1.838495 0.018050
1119.5 1.838248 0.018075
1120.0 1.838000 0.018100
1120.5 1.837752 0.018125
1121.0 1.837504 0.018150
1121.5 1.837255 0.018175
1122.0 1.837006 0.018200
1122.5 1.836757 0.018225
1123.0 1.836507 0.018250
1123.5 1.836258 0.018275
1124.0 1.836008 0.018300
1124.5 1.835757 0.018325
1125.0 1.835507 0.018350
1125.5 1.835257 0.018375
1126.0 1.835006 0.018400
1126.5 1.834755 0.018425
1127.0 1.834505 0.018450
1127.5 1.834254 0.018475
1128.0 1.834003 0.018500
1128.5 1.833752 0.018525
1129.0 1.833501 0.018550
1129.5 1.833251 0.018575
1130.0 1.833000 0.018600
1130.5 1.832749 0.018625
1131.0 1.832499 0.018650
1131.5 1.832249 0.018675
1132.0 1.831998 0.018700
1132.5 1.831748 0.018725
1133.0 1.831498 0.018750
1133.5 1.831248 0.018775
1134.0 1.830998 0.018800
1134.5 1.830748 0.018825
1135.0 1.830498 0.018850
1135.5 1.830248 0.018875
1136.0 1.829998 0.018900
1136.5 1.829749 0.018925
1137.0 1.829499 0.018950
1137.5 1.829249 0.018975
1138.0 1.828999 0.019000
1138.5 1.828749 0.019025
1139.0 1.828500 0.019050
1139.5 1.828250 0.019075
1140.0 1.828000 0.019100
1140.5 1.827750 0.019130
1141.0 1.827500 0.019160
1141.5 1.827250 0.019190
1142.0 1.827000 0.019220
1142.5 1.826750 0.019250
1143.0 1.826501 0.019280
1143.5 1.826251 0.019310
1144.0 1.826001 0.019340
1144.5 1.825751 0.019370
1145.0 1.825501 0.019400
1145.5 1.825250 0.019430
1146.0 1.825000 0.019460
1146.5 1.824750 0.019490
1147.0 1.824500 0.019520
1147.5 1.824250 0.019550
1148.0 1.824000 0.019580
1148.5 1.823750 0.019610
1149.0 1.823500 0.019640
1149.5 1.823250 0.019670
1150.0 1.823000 0.019700
1150.5 1.822750 0.019725
1151.0 1.822500 0.019750
1151.5 1.822250 0.019775
1152.0 1.822000 0.019800
1152.5 1.821750 0.019825
1153.0 1.821500 0.019850
1153.5 1.821250 0.019875
1154.0 1.821000 0.019900
1154.5 1.820750 0.019925
1155.0 1.820500 0.019950
1155.5 1.820250 0.019975
1156.0 1.820000 0.020000
1156.5 1.819750 0.020025
1157.0 1.819500 0.020050
1157.5 1.819250 0.020075
1158.0 1.819000 0.020100
1158.5 1.818750 0.020125
1159.0 1.818500 0.020150
1159.5 1.818250 0.020175
1160.0 1.818000 0.020200
1160.5 1.817750 0.020230
1161.0 1.817500 0.020260
1161.5 1.817250 0.020290
1162.0 1.817000 0.020320
1162.5 1.816750 0.020350
1163.0 1.816500 0.020380
1163.5 1.816250 0.020410
1164.0 1.816000 0.020440
1164.5 1.815750 0.020470
1165.0 1.815500 0.020500
1165.5 1.815250 0.020530
1166.0 1.815000 0.020560
1166.5 1.814750 0.020590
1167.0 1.814500 0.020620
1167.5 1.814250 0.020650
1168.0 1.814000 0.020680
1168.5 1.813750 0.020710
1169.0 1.813500 0.020740
1169.5 1.813250 0.020770
1170.0 1.813000 0.020800
1170.5 1.812750 0.020825
1171.0 1.812500 0.020850
1171.5 1.812250 0.020875
1172.0 1.812000 0.020900
1172.5 1.811750 0.020925
1173.0 1.811500 0.020950
1173.5 1.811250 0.020975
1174.0 1.811000 0.021000
1174.5 1.810750 0.021025
1175.0 1.810500 0.021050
1175.5 1.810250 0.021075
1176.0 1.810000 0.021100
1176.5 1.809750 0.021125
1177.0 1.809500 0.021150
1177.5 1.809250 0.021175
1178.0 1.809000 0.021200
1178.5 1.808750 0.021225
1179.0 1.808500 0.021250
1179.5 1.808250 0.021275
1180.0 1.808000 0.021300
1180.5 1.807750 0.021330
1181.0 1.807500 0.021360
1181.5 1.807250 0.021390
1182.0 1.807000 0.021420
1182.5 1.806750 0.021450
1183.0 1.806500 0.021480
1183.5 1.806250 0.021510
1184.0 1.806000 0.021540
1184.5 1.805750 0.021570
1185.0 1.805500 0.021600
1185.5 1.805250 0.021630
1186.0 1.805000 0.021660
1186.5 1.804750 0.021690
1187.0 1.804500 0.021720
1187.5 1.804250 0.021750
1188.0 1.804000 0.021780
1188.5 1.803750 0.021810
1189.0 1.803500 0.021840
1189.5 1.803250 0.021870
1190.0 1.803000 0.021900
1190.5 1.802750 0.021930
1191.0 1.802500 0.021960
1191.5 1.802250 0.021990
1192.0 1.802000 0.022020
1192.5 1.801750 0.022050
1193.0 1.801500 0.022080
1193.5 1.801250 0.022110
1194.0 1.801000 0.022140
1194.5 1.800750 0.022170
1195.0 1.800500 0.022200
1195.5 1.800250 0.022230
1196.0 1.800000 0.022260
1196.5 1.799750 0.022290
1197.0 1.799500 0.022320
1197.5 1.799250 0.022350
1198.0 1.799000 0.022380
1198.5 1.798750 0.022410
1199.0 1.798500 0.022440
1199.5 1.798250 0.022470
1200.0 1.798000 0.022500
