# DOI:10.1039/c3ee40860d 
# | wavelength | n | k
300.0 0.000000 0.248860
300.5 0.000000 0.249205
301.0 0.000000 0.249550
301.5 0.000000 0.249755
302.0 0.000000 0.249960
302.5 0.000000 0.250045
303.0 0.000000 0.250130
303.5 0.000000 0.250130
304.0 0.000000 0.250130
304.5 0.000000 0.250025
305.0 0.000000 0.249920
305.5 0.000000 0.249775
306.0 0.000000 0.249630
306.5 0.000000 0.249430
307.0 0.000000 0.249230
307.5 0.000000 0.249000
308.0 0.000000 0.248770
308.5 0.000000 0.248365
309.0 0.000000 0.247960
309.5 0.000000 0.247655
310.0 0.000000 0.247350
310.5 0.000000 0.247120
311.0 0.000000 0.246890
311.5 0.000000 0.246695
312.0 0.000000 0.246500
312.5 0.000000 0.246320
313.0 0.000000 0.246140
313.5 0.000000 0.245795
314.0 0.000000 0.245450
314.5 0.000000 0.245195
315.0 0.000000 0.244940
315.5 0.000000 0.244740
316.0 0.000000 0.244540
316.5 0.000000 0.244365
317.0 0.000000 0.244190
317.5 0.000000 0.243845
318.0 0.000000 0.243500
318.5 0.000000 0.243255
319.0 0.000000 0.243010
319.5 0.000000 0.242880
320.0 0.000000 0.242750
320.5 0.000000 0.242635
321.0 0.000000 0.242520
321.5 0.000000 0.242265
322.0 0.000000 0.242010
322.5 0.000000 0.241885
323.0 0.000000 0.241760
323.5 0.000000 0.241735
324.0 0.000000 0.241710
324.5 0.000000 0.241720
325.0 0.000000 0.241730
325.5 0.000000 0.241775
326.0 0.000000 0.241820
326.5 0.000000 0.241735
327.0 0.000000 0.241650
327.5 0.000000 0.241675
328.0 0.000000 0.241700
328.5 0.000000 0.241820
329.0 0.000000 0.241940
329.5 0.000000 0.242095
330.0 0.000000 0.242250
330.5 0.000000 0.242260
331.0 0.000000 0.242270
331.5 0.000000 0.242360
332.0 0.000000 0.242450
332.5 0.000000 0.242635
333.0 0.000000 0.242820
333.5 0.000000 0.242990
334.0 0.000000 0.243160
334.5 0.000000 0.243330
335.0 0.000000 0.243500
335.5 0.000000 0.243510
336.0 0.000000 0.243520
336.5 0.000000 0.243590
337.0 0.000000 0.243660
337.5 0.000000 0.243815
338.0 0.000000 0.243970
338.5 0.000000 0.244155
339.0 0.000000 0.244340
339.5 0.000000 0.244405
340.0 0.000000 0.244470
340.5 0.000000 0.244630
341.0 0.000000 0.244790
341.5 0.000000 0.245070
342.0 0.000000 0.245350
342.5 0.000000 0.245650
343.0 0.000000 0.245950
343.5 0.000000 0.246230
344.0 0.000000 0.246510
344.5 0.000000 0.246605
345.0 0.000000 0.246700
345.5 0.000000 0.246830
346.0 0.000000 0.246960
346.5 0.000000 0.247145
347.0 0.000000 0.247330
347.5 0.000000 0.247515
348.0 0.000000 0.247700
348.5 0.000000 0.247905
349.0 0.000000 0.248110
349.5 0.000000 0.248205
350.0 0.000000 0.248300
350.5 0.000000 0.248605
351.0 0.000000 0.248910
351.5 0.000000 0.249745
352.0 0.000000 0.250580
352.5 0.000000 0.251295
353.0 0.000000 0.252010
353.5 0.000000 0.252785
354.0 0.000000 0.253560
354.5 0.000000 0.254420
355.0 0.000000 0.255280
355.5 0.000000 0.255595
356.0 0.000000 0.255910
356.5 0.000000 0.256085
357.0 0.000000 0.256260
357.5 0.000000 0.256470
358.0 0.000000 0.256680
358.5 0.000000 0.256965
359.0 0.000000 0.257250
359.5 0.000000 0.257275
360.0 0.000000 0.257300
360.5 0.000000 0.257365
361.0 0.000000 0.257430
361.5 0.000000 0.257575
362.0 0.000000 0.257720
362.5 0.000000 0.257865
363.0 0.000000 0.258010
363.5 0.000000 0.258145
364.0 0.000000 0.258280
364.5 0.000000 0.257905
365.0 0.000000 0.257530
365.5 0.000000 0.257145
366.0 0.000000 0.256760
366.5 0.000000 0.256440
367.0 0.000000 0.256120
367.5 0.000000 0.255625
368.0 0.000000 0.255130
368.5 0.000000 0.254580
369.0 0.000000 0.254030
369.5 0.000000 0.253550
370.0 0.000000 0.253070
370.5 0.000000 0.252575
371.0 0.000000 0.252080
371.5 0.000000 0.251585
372.0 0.000000 0.251090
372.5 0.000000 0.250430
373.0 0.000000 0.249770
373.5 0.000000 0.249130
374.0 0.000000 0.248490
374.5 0.000000 0.247915
375.0 0.000000 0.247340
375.5 0.000000 0.246820
376.0 0.000000 0.246300
376.5 0.000000 0.245750
377.0 0.000000 0.245200
377.5 0.000000 0.244480
378.0 0.000000 0.243760
378.5 0.000000 0.243045
379.0 0.000000 0.242330
379.5 0.000000 0.241720
380.0 0.000000 0.241110
380.5 0.000000 0.240495
381.0 0.000000 0.239880
381.5 0.000000 0.239200
382.0 0.000000 0.238520
382.5 0.000000 0.237630
383.0 0.000000 0.236740
383.5 0.000000 0.235890
384.0 0.000000 0.235040
384.5 0.000000 0.234260
385.0 0.000000 0.233480
385.5 0.000000 0.232630
386.0 0.000000 0.231780
386.5 0.000000 0.230770
387.0 0.000000 0.229760
387.5 0.000000 0.228775
388.0 0.000000 0.227790
388.5 0.000000 0.226905
389.0 0.000000 0.226020
389.5 0.000000 0.225150
390.0 0.000000 0.224280
390.5 0.000000 0.223455
391.0 0.000000 0.222630
391.5 0.000000 0.221825
392.0 0.000000 0.221020
392.5 0.000000 0.220315
393.0 0.000000 0.219610
393.5 0.000000 0.218860
394.0 0.000000 0.218110
394.5 0.000000 0.217430
395.0 0.000000 0.216750
395.5 0.000000 0.216035
396.0 0.000000 0.215320
396.5 0.000000 0.214445
397.0 0.000000 0.213570
397.5 0.000000 0.212895
398.0 0.000000 0.212220
398.5 0.000000 0.211620
399.0 0.000000 0.211020
399.5 0.000000 0.210460
400.0 0.000000 0.209900
400.5 0.000000 0.209500
401.0 0.000000 0.209100
401.5 0.000000 0.208720
402.0 0.000000 0.208340
402.5 0.000000 0.207955
403.0 0.000000 0.207570
403.5 0.000000 0.207225
404.0 0.000000 0.206880
404.5 0.000000 0.206645
405.0 0.000000 0.206410
405.5 0.000000 0.206015
406.0 0.000000 0.205620
406.5 0.000000 0.205215
407.0 0.000000 0.204810
407.5 0.000000 0.204510
408.0 0.000000 0.204210
408.5 0.000000 0.203905
409.0 0.000000 0.203600
409.5 0.000000 0.203315
410.0 0.000000 0.203030
410.5 0.000000 0.202615
411.0 0.000000 0.202200
411.5 0.000000 0.201985
412.0 0.000000 0.201770
412.5 0.000000 0.201645
413.0 0.000000 0.201520
413.5 0.000000 0.201430
414.0 0.000000 0.201340
414.5 0.000000 0.201380
415.0 0.000000 0.201420
415.5 0.000000 0.201330
416.0 0.000000 0.201240
416.5 0.000000 0.201185
417.0 0.000000 0.201130
417.5 0.000000 0.201280
418.0 0.000000 0.201430
418.5 0.000000 0.201625
419.0 0.000000 0.201820
419.5 0.000000 0.202115
420.0 0.000000 0.202410
420.5 0.000000 0.202670
421.0 0.000000 0.202930
421.5 0.000000 0.202855
422.0 0.000000 0.202780
422.5 0.000000 0.202625
423.0 0.000000 0.202470
423.5 0.000000 0.202320
424.0 0.000000 0.202170
424.5 0.000000 0.202310
425.0 0.000000 0.202450
425.5 0.000000 0.203155
426.0 0.000000 0.203860
426.5 0.000000 0.204575
427.0 0.000000 0.205290
427.5 0.000000 0.205870
428.0 0.000000 0.206450
428.5 0.000000 0.206685
429.0 0.000000 0.206920
429.5 0.000000 0.207255
430.0 0.000000 0.207590
430.5 0.000000 0.207800
431.0 0.000000 0.208010
431.5 0.000000 0.208230
432.0 0.000000 0.208450
432.5 0.000000 0.208800
433.0 0.000000 0.209150
433.5 0.000000 0.209485
434.0 0.000000 0.209820
434.5 0.000000 0.209870
435.0 0.000000 0.209920
435.5 0.000000 0.209595
436.0 0.000000 0.209270
436.5 0.000000 0.208965
437.0 0.000000 0.208660
437.5 0.000000 0.208370
438.0 0.000000 0.208080
438.5 0.000000 0.207790
439.0 0.000000 0.207500
439.5 0.000000 0.207380
440.0 0.000000 0.207260
440.5 0.000000 0.206935
441.0 0.000000 0.206610
441.5 0.000000 0.206105
442.0 0.000000 0.205600
442.5 0.000000 0.205105
443.0 0.000000 0.204610
443.5 0.000000 0.204250
444.0 0.000000 0.203890
444.5 0.000000 0.203580
445.0 0.000000 0.203270
445.5 0.000000 0.202940
446.0 0.000000 0.202610
446.5 0.000000 0.202270
447.0 0.000000 0.201930
447.5 0.000000 0.201550
448.0 0.000000 0.201170
448.5 0.000000 0.200760
449.0 0.000000 0.200350
449.5 0.000000 0.199940
450.0 0.000000 0.199530
450.5 0.000000 0.199150
451.0 0.000000 0.198770
451.5 0.000000 0.198405
452.0 0.000000 0.198040
452.5 0.000000 0.197765
453.0 0.000000 0.197490
453.5 0.000000 0.197075
454.0 0.000000 0.196660
454.5 0.000000 0.196130
455.0 0.000000 0.195600
455.5 0.000000 0.195185
456.0 0.000000 0.194770
456.5 0.000000 0.193775
457.0 0.000000 0.192780
457.5 0.000000 0.191525
458.0 0.000000 0.190270
458.5 0.000000 0.188805
459.0 0.000000 0.187340
459.5 0.000000 0.185885
460.0 0.000000 0.184430
460.5 0.000000 0.183705
461.0 0.000000 0.182980
461.5 0.000000 0.182525
462.0 0.000000 0.182070
462.5 0.000000 0.181540
463.0 0.000000 0.181010
463.5 0.000000 0.180270
464.0 0.000000 0.179530
464.5 0.000000 0.178805
465.0 0.000000 0.178080
465.5 0.000000 0.177450
466.0 0.000000 0.176820
466.5 0.000000 0.176270
467.0 0.000000 0.175720
467.5 0.000000 0.174550
468.0 0.000000 0.173380
468.5 0.000000 0.172065
469.0 0.000000 0.170750
469.5 0.000000 0.169595
470.0 0.000000 0.168440
470.5 0.000000 0.167490
471.0 0.000000 0.166540
471.5 0.000000 0.165535
472.0 0.000000 0.164530
472.5 0.000000 0.162730
473.0 0.000000 0.160930
473.5 0.000000 0.159125
474.0 0.000000 0.157320
474.5 0.000000 0.155995
475.0 0.000000 0.154670
475.5 0.000000 0.153840
476.0 0.000000 0.153010
476.5 0.000000 0.151905
477.0 0.000000 0.150800
477.5 0.000000 0.149645
478.0 0.000000 0.148490
478.5 0.000000 0.147290
479.0 0.000000 0.146090
479.5 0.000000 0.145020
480.0 0.000000 0.143950
480.5 0.000000 0.142825
481.0 0.000000 0.141700
481.5 0.000000 0.140660
482.0 0.000000 0.139620
482.5 0.000000 0.138695
483.0 0.000000 0.137770
483.5 0.000000 0.137060
484.0 0.000000 0.136350
484.5 0.000000 0.135710
485.0 0.000000 0.135070
485.5 0.000000 0.134470
486.0 0.000000 0.133870
486.5 0.000000 0.133130
487.0 0.000000 0.132390
487.5 0.000000 0.131735
488.0 0.000000 0.131080
488.5 0.000000 0.130445
489.0 0.000000 0.129810
489.5 0.000000 0.129070
490.0 0.000000 0.128330
490.5 0.000000 0.127575
491.0 0.000000 0.126820
491.5 0.000000 0.126155
492.0 0.000000 0.125490
492.5 0.000000 0.124950
493.0 0.000000 0.124410
493.5 0.000000 0.124025
494.0 0.000000 0.123640
494.5 0.000000 0.123160
495.0 0.000000 0.122680
495.5 0.000000 0.122240
496.0 0.000000 0.121800
496.5 0.000000 0.121435
497.0 0.000000 0.121070
497.5 0.000000 0.120685
498.0 0.000000 0.120300
498.5 0.000000 0.119920
499.0 0.000000 0.119540
499.5 0.000000 0.119240
500.0 0.000000 0.118940
500.5 0.000000 0.118655
501.0 0.000000 0.118370
501.5 0.000000 0.118035
502.0 0.000000 0.117700
502.5 0.000000 0.117480
503.0 0.000000 0.117260
503.5 0.000000 0.117100
504.0 0.000000 0.116940
504.5 0.000000 0.116795
505.0 0.000000 0.116650
505.5 0.000000 0.116525
506.0 0.000000 0.116400
506.5 0.000000 0.116285
507.0 0.000000 0.116170
507.5 0.000000 0.116060
508.0 0.000000 0.115950
508.5 0.000000 0.115855
509.0 0.000000 0.115760
509.5 0.000000 0.115650
510.0 0.000000 0.115540
510.5 0.000000 0.115520
511.0 0.000000 0.115500
511.5 0.000000 0.115520
512.0 0.000000 0.115540
512.5 0.000000 0.115520
513.0 0.000000 0.115500
513.5 0.000000 0.115520
514.0 0.000000 0.115540
514.5 0.000000 0.115430
515.0 0.000000 0.115320
515.5 0.000000 0.115210
516.0 0.000000 0.115100
516.5 0.000000 0.115005
517.0 0.000000 0.114910
517.5 0.000000 0.114920
518.0 0.000000 0.114930
518.5 0.000000 0.115015
519.0 0.000000 0.115100
519.5 0.000000 0.115035
520.0 0.000000 0.114970
520.5 0.000000 0.115075
521.0 0.000000 0.115180
521.5 0.000000 0.115355
522.0 0.000000 0.115530
522.5 0.000000 0.115555
523.0 0.000000 0.115580
523.5 0.000000 0.115615
524.0 0.000000 0.115650
524.5 0.000000 0.115755
525.0 0.000000 0.115860
525.5 0.000000 0.116025
526.0 0.000000 0.116190
526.5 0.000000 0.116280
527.0 0.000000 0.116370
527.5 0.000000 0.116495
528.0 0.000000 0.116620
528.5 0.000000 0.116680
529.0 0.000000 0.116740
529.5 0.000000 0.116855
530.0 0.000000 0.116970
530.5 0.000000 0.116910
531.0 0.000000 0.116850
531.5 0.000000 0.116780
532.0 0.000000 0.116710
532.5 0.000000 0.116715
533.0 0.000000 0.116720
533.5 0.000000 0.117120
534.0 0.000000 0.117520
534.5 0.000000 0.117965
535.0 0.000000 0.118410
535.5 0.000000 0.118695
536.0 0.000000 0.118980
536.5 0.000000 0.119265
537.0 0.000000 0.119550
537.5 0.000000 0.119855
538.0 0.000000 0.120160
538.5 0.000000 0.120525
539.0 0.000000 0.120890
539.5 0.000000 0.121395
540.0 0.000000 0.121900
540.5 0.000000 0.122265
541.0 0.000000 0.122630
541.5 0.000000 0.122815
542.0 0.000000 0.123000
542.5 0.000000 0.123245
543.0 0.000000 0.123490
543.5 0.000000 0.123915
544.0 0.000000 0.124340
544.5 0.000000 0.124435
545.0 0.000000 0.124530
545.5 0.000000 0.124440
546.0 0.000000 0.124350
546.5 0.000000 0.124325
547.0 0.000000 0.124300
547.5 0.000000 0.124435
548.0 0.000000 0.124570
548.5 0.000000 0.124630
549.0 0.000000 0.124690
549.5 0.000000 0.124570
550.0 0.000000 0.124450
550.5 0.000000 0.124375
551.0 0.000000 0.124300
551.5 0.000000 0.124385
552.0 0.000000 0.124470
552.5 0.000000 0.124545
553.0 0.000000 0.124620
553.5 0.000000 0.124675
554.0 0.000000 0.124730
554.5 0.000000 0.124930
555.0 0.000000 0.125130
555.5 0.000000 0.125255
556.0 0.000000 0.125380
556.5 0.000000 0.125400
557.0 0.000000 0.125420
557.5 0.000000 0.125585
558.0 0.000000 0.125750
558.5 0.000000 0.125900
559.0 0.000000 0.126050
559.5 0.000000 0.126175
560.0 0.000000 0.126300
560.5 0.000000 0.126450
561.0 0.000000 0.126600
561.5 0.000000 0.126760
562.0 0.000000 0.126920
562.5 0.000000 0.127065
563.0 0.000000 0.127210
563.5 0.000000 0.127435
564.0 0.000000 0.127660
564.5 0.000000 0.127975
565.0 0.000000 0.128290
565.5 0.000000 0.128465
566.0 0.000000 0.128640
566.5 0.000000 0.128815
567.0 0.000000 0.128990
567.5 0.000000 0.129220
568.0 0.000000 0.129450
568.5 0.000000 0.130075
569.0 0.000000 0.130700
569.5 0.000000 0.131345
570.0 0.000000 0.131990
570.5 0.000000 0.132945
571.0 0.000000 0.133900
571.5 0.000000 0.134420
572.0 0.000000 0.134940
572.5 0.000000 0.135685
573.0 0.000000 0.136430
573.5 0.000000 0.136825
574.0 0.000000 0.137220
574.5 0.000000 0.137795
575.0 0.000000 0.138370
575.5 0.000000 0.139285
576.0 0.000000 0.140200
576.5 0.000000 0.140645
577.0 0.000000 0.141090
577.5 0.000000 0.141715
578.0 0.000000 0.142340
578.5 0.000000 0.143145
579.0 0.000000 0.143950
579.5 0.000000 0.145035
580.0 0.000000 0.146120
580.5 0.000000 0.146545
581.0 0.000000 0.146970
581.5 0.000000 0.147550
582.0 0.000000 0.148130
582.5 0.000000 0.148850
583.0 0.000000 0.149570
583.5 0.000000 0.150915
584.0 0.000000 0.152260
584.5 0.000000 0.153310
585.0 0.000000 0.154360
585.5 0.000000 0.155625
586.0 0.000000 0.156890
586.5 0.000000 0.158000
587.0 0.000000 0.159110
587.5 0.000000 0.160720
588.0 0.000000 0.162330
588.5 0.000000 0.163015
589.0 0.000000 0.163700
589.5 0.000000 0.164270
590.0 0.000000 0.164840
590.5 0.000000 0.165255
591.0 0.000000 0.165670
591.5 0.000000 0.166115
592.0 0.000000 0.166560
592.5 0.000000 0.166970
593.0 0.000000 0.167380
593.5 0.000000 0.167705
594.0 0.000000 0.168030
594.5 0.000000 0.168795
595.0 0.000000 0.169560
595.5 0.000000 0.170145
596.0 0.000000 0.170730
596.5 0.000000 0.171575
597.0 0.000000 0.172420
597.5 0.000000 0.173065
598.0 0.000000 0.173710
598.5 0.000000 0.174895
599.0 0.000000 0.176080
599.5 0.000000 0.176560
600.0 0.000000 0.177040
600.5 0.000000 0.177795
601.0 0.000000 0.178550
601.5 0.000000 0.178950
602.0 0.000000 0.179350
602.5 0.000000 0.179900
603.0 0.000000 0.180450
603.5 0.000000 0.180920
604.0 0.000000 0.181390
604.5 0.000000 0.181725
605.0 0.000000 0.182060
605.5 0.000000 0.182690
606.0 0.000000 0.183320
606.5 0.000000 0.183805
607.0 0.000000 0.184290
607.5 0.000000 0.184865
608.0 0.000000 0.185440
608.5 0.000000 0.185725
609.0 0.000000 0.186010
609.5 0.000000 0.186705
610.0 0.000000 0.187400
610.5 0.000000 0.188750
611.0 0.000000 0.190100
611.5 0.000000 0.191390
612.0 0.000000 0.192680
612.5 0.000000 0.193630
613.0 0.000000 0.194580
613.5 0.000000 0.195785
614.0 0.000000 0.196990
614.5 0.000000 0.198120
615.0 0.000000 0.199250
615.5 0.000000 0.200130
616.0 0.000000 0.201010
616.5 0.000000 0.201875
617.0 0.000000 0.202740
617.5 0.000000 0.203470
618.0 0.000000 0.204200
618.5 0.000000 0.205240
619.0 0.000000 0.206280
619.5 0.000000 0.206950
620.0 0.000000 0.207620
620.5 0.000000 0.208565
621.0 0.000000 0.209510
621.5 0.000000 0.210450
622.0 0.000000 0.211390
622.5 0.000000 0.212245
623.0 0.000000 0.213100
623.5 0.000000 0.213595
624.0 0.000000 0.214090
624.5 0.000000 0.214830
625.0 0.000000 0.215570
625.5 0.000000 0.216475
626.0 0.000000 0.217380
626.5 0.000000 0.218025
627.0 0.000000 0.218670
627.5 0.000000 0.219275
628.0 0.000000 0.219880
628.5 0.000000 0.220350
629.0 0.000000 0.220820
629.5 0.000000 0.221635
630.0 0.000000 0.222450
630.5 0.000000 0.223090
631.0 0.000000 0.223730
631.5 0.000000 0.224695
632.0 0.000000 0.225660
632.5 0.000000 0.226445
633.0 0.000000 0.227230
633.5 0.000000 0.228265
634.0 0.000000 0.229300
634.5 0.000000 0.230205
635.0 0.000000 0.231110
635.5 0.000000 0.232285
636.0 0.000000 0.233460
636.5 0.000000 0.234690
637.0 0.000000 0.235920
637.5 0.000000 0.237025
638.0 0.000000 0.238130
638.5 0.000000 0.239370
639.0 0.000000 0.240610
639.5 0.000000 0.241920
640.0 0.000000 0.243230
640.5 0.000000 0.244415
641.0 0.000000 0.245600
641.5 0.000000 0.246865
642.0 0.000000 0.248130
642.5 0.000000 0.249685
643.0 0.000000 0.251240
643.5 0.000000 0.252835
644.0 0.000000 0.254430
644.5 0.000000 0.256385
645.0 0.000000 0.258340
645.5 0.000000 0.260560
646.0 0.000000 0.262780
646.5 0.000000 0.265010
647.0 0.000000 0.267240
647.5 0.000000 0.269505
648.0 0.000000 0.271770
648.5 0.000000 0.274035
649.0 0.000000 0.276300
649.5 0.000000 0.277920
650.0 0.000000 0.279540
650.5 0.000000 0.280915
651.0 0.000000 0.282290
651.5 0.000000 0.283680
652.0 0.000000 0.285070
652.5 0.000000 0.286510
653.0 0.000000 0.287950
653.5 0.000000 0.289805
654.0 0.000000 0.291660
654.5 0.000000 0.293310
655.0 0.000000 0.294960
655.5 0.000000 0.296810
656.0 0.000000 0.298660
656.5 0.000000 0.300245
657.0 0.000000 0.301830
657.5 0.000000 0.303425
658.0 0.000000 0.305020
658.5 0.000000 0.306555
659.0 0.000000 0.308090
659.5 0.000000 0.309880
660.0 0.000000 0.311670
660.5 0.000000 0.313900
661.0 0.000000 0.316130
661.5 0.000000 0.317880
662.0 0.000000 0.319630
662.5 0.000000 0.321115
663.0 0.000000 0.322600
663.5 0.000000 0.324330
664.0 0.000000 0.326060
664.5 0.000000 0.328445
665.0 0.000000 0.330830
665.5 0.000000 0.333100
666.0 0.000000 0.335370
666.5 0.000000 0.338325
667.0 0.000000 0.341280
667.5 0.000000 0.343935
668.0 0.000000 0.346590
668.5 0.000000 0.349270
669.0 0.000000 0.351950
669.5 0.000000 0.355115
670.0 0.000000 0.358280
670.5 0.000000 0.360945
671.0 0.000000 0.363610
671.5 0.000000 0.366665
672.0 0.000000 0.369720
672.5 0.000000 0.371620
673.0 0.000000 0.373520
673.5 0.000000 0.375120
674.0 0.000000 0.376720
674.5 0.000000 0.378225
675.0 0.000000 0.379730
675.5 0.000000 0.380950
676.0 0.000000 0.382170
676.5 0.000000 0.383335
677.0 0.000000 0.384500
677.5 0.000000 0.386335
678.0 0.000000 0.388170
678.5 0.000000 0.390420
679.0 0.000000 0.392670
679.5 0.000000 0.395900
680.0 0.000000 0.399130
680.5 0.000000 0.401710
681.0 0.000000 0.404290
681.5 0.000000 0.406925
682.0 0.000000 0.409560
682.5 0.000000 0.411085
683.0 0.000000 0.412610
683.5 0.000000 0.414025
684.0 0.000000 0.415440
684.5 0.000000 0.416850
685.0 0.000000 0.418260
685.5 0.000000 0.419375
686.0 0.000000 0.420490
686.5 0.000000 0.421335
687.0 0.000000 0.422180
687.5 0.000000 0.423225
688.0 0.000000 0.424270
688.5 0.000000 0.426975
689.0 0.000000 0.429680
689.5 0.000000 0.431715
690.0 0.000000 0.433750
690.5 0.000000 0.435770
691.0 0.000000 0.437790
691.5 0.000000 0.440020
692.0 0.000000 0.442250
692.5 0.000000 0.444335
693.0 0.000000 0.446420
693.5 0.000000 0.448275
694.0 0.000000 0.450130
694.5 0.000000 0.452055
695.0 0.000000 0.453980
695.5 0.000000 0.455955
696.0 0.000000 0.457930
696.5 0.000000 0.459900
697.0 0.000000 0.461870
697.5 0.000000 0.463705
698.0 0.000000 0.465540
698.5 0.000000 0.467195
699.0 0.000000 0.468850
699.5 0.000000 0.470520
700.0 0.000000 0.472190
700.5 0.000000 0.473805
701.0 0.000000 0.475420
701.5 0.000000 0.476785
702.0 0.000000 0.478150
702.5 0.000000 0.479565
703.0 0.000000 0.480980
703.5 0.000000 0.481965
704.0 0.000000 0.482950
704.5 0.000000 0.483930
705.0 0.000000 0.484910
705.5 0.000000 0.486055
706.0 0.000000 0.487200
706.5 0.000000 0.488695
707.0 0.000000 0.490190
707.5 0.000000 0.491765
708.0 0.000000 0.493340
708.5 0.000000 0.494985
709.0 0.000000 0.496630
709.5 0.000000 0.498540
710.0 0.000000 0.500450
710.5 0.000000 0.502020
711.0 0.000000 0.503590
711.5 0.000000 0.505045
712.0 0.000000 0.506500
712.5 0.000000 0.508100
713.0 0.000000 0.509700
713.5 0.000000 0.511685
714.0 0.000000 0.513670
714.5 0.000000 0.515475
715.0 0.000000 0.517280
715.5 0.000000 0.519220
716.0 0.000000 0.521160
716.5 0.000000 0.523675
717.0 0.000000 0.526190
717.5 0.000000 0.528715
718.0 0.000000 0.531240
718.5 0.000000 0.532605
719.0 0.000000 0.533970
719.5 0.000000 0.535195
720.0 0.000000 0.536420
720.5 0.000000 0.537485
721.0 0.000000 0.538550
721.5 0.000000 0.539760
722.0 0.000000 0.540970
722.5 0.000000 0.542235
723.0 0.000000 0.543500
723.5 0.000000 0.544615
724.0 0.000000 0.545730
724.5 0.000000 0.547525
725.0 0.000000 0.549320
725.5 0.000000 0.551530
726.0 0.000000 0.553740
726.5 0.000000 0.556195
727.0 0.000000 0.558650
727.5 0.000000 0.560785
728.0 0.000000 0.562920
728.5 0.000000 0.565190
729.0 0.000000 0.567460
729.5 0.000000 0.569225
730.0 0.000000 0.570990
730.5 0.000000 0.572755
731.0 0.000000 0.574520
731.5 0.000000 0.576155
732.0 0.000000 0.577790
732.5 0.000000 0.579330
733.0 0.000000 0.580870
733.5 0.000000 0.582600
734.0 0.000000 0.584330
734.5 0.000000 0.586140
735.0 0.000000 0.587950
735.5 0.000000 0.589725
736.0 0.000000 0.591500
736.5 0.000000 0.593335
737.0 0.000000 0.595170
737.5 0.000000 0.597045
738.0 0.000000 0.598920
738.5 0.000000 0.600835
739.0 0.000000 0.602750
739.5 0.000000 0.604490
740.0 0.000000 0.606230
740.5 0.000000 0.607915
741.0 0.000000 0.609600
741.5 0.000000 0.611460
742.0 0.000000 0.613320
742.5 0.000000 0.615165
743.0 0.000000 0.617010
743.5 0.000000 0.618560
744.0 0.000000 0.620110
744.5 0.000000 0.621335
745.0 0.000000 0.622560
745.5 0.000000 0.623625
746.0 0.000000 0.624690
746.5 0.000000 0.625615
747.0 0.000000 0.626540
747.5 0.000000 0.627455
748.0 0.000000 0.628370
748.5 0.000000 0.629245
749.0 0.000000 0.630120
749.5 0.000000 0.631045
750.0 0.000000 0.631970
750.5 0.000000 0.633205
751.0 0.000000 0.634440
751.5 0.000000 0.636225
752.0 0.000000 0.638010
752.5 0.000000 0.639585
753.0 0.000000 0.641160
753.5 0.000000 0.642860
754.0 0.000000 0.644560
754.5 0.000000 0.645945
755.0 0.000000 0.647330
755.5 0.000000 0.648515
756.0 0.000000 0.649700
756.5 0.000000 0.650975
757.0 0.000000 0.652250
757.5 0.000000 0.653450
758.0 0.000000 0.654650
758.5 0.000000 0.655805
759.0 0.000000 0.656960
759.5 0.000000 0.658100
760.0 0.000000 0.659240
760.5 0.000000 0.661160
761.0 0.000000 0.663080
761.5 0.000000 0.664855
762.0 0.000000 0.666630
762.5 0.000000 0.668380
763.0 0.000000 0.670130
763.5 0.000000 0.672050
764.0 0.000000 0.673970
764.5 0.000000 0.675330
765.0 0.000000 0.676690
765.5 0.000000 0.677625
766.0 0.000000 0.678560
766.5 0.000000 0.679440
767.0 0.000000 0.680320
767.5 0.000000 0.681340
768.0 0.000000 0.682360
768.5 0.000000 0.683375
769.0 0.000000 0.684390
769.5 0.000000 0.685390
770.0 0.000000 0.686390
770.5 0.000000 0.687745
771.0 0.000000 0.689100
771.5 0.000000 0.692705
772.0 0.000000 0.696310
772.5 0.000000 0.699735
773.0 0.000000 0.703160
773.5 0.000000 0.704935
774.0 0.000000 0.706710
774.5 0.000000 0.708295
775.0 0.000000 0.709880
775.5 0.000000 0.711470
776.0 0.000000 0.713060
776.5 0.000000 0.714630
777.0 0.000000 0.716200
777.5 0.000000 0.717765
778.0 0.000000 0.719330
778.5 0.000000 0.721065
779.0 0.000000 0.722800
779.5 0.000000 0.724590
780.0 0.000000 0.726380
780.5 0.000000 0.728105
781.0 0.000000 0.729830
781.5 0.000000 0.731730
782.0 0.000000 0.733630
782.5 0.000000 0.735545
783.0 0.000000 0.737460
783.5 0.000000 0.739365
784.0 0.000000 0.741270
784.5 0.000000 0.743450
785.0 0.000000 0.745630
785.5 0.000000 0.748960
786.0 0.000000 0.752290
786.5 0.000000 0.755850
787.0 0.000000 0.759410
787.5 0.000000 0.762695
788.0 0.000000 0.765980
788.5 0.000000 0.770850
789.0 0.000000 0.775720
789.5 0.000000 0.779450
790.0 0.000000 0.783180
790.5 0.000000 0.785930
791.0 0.000000 0.788680
791.5 0.000000 0.791200
792.0 0.000000 0.793720
792.5 0.000000 0.795665
793.0 0.000000 0.797610
793.5 0.000000 0.799430
794.0 0.000000 0.801250
794.5 0.000000 0.803410
795.0 0.000000 0.805570
795.5 0.000000 0.807670
796.0 0.000000 0.809770
796.5 0.000000 0.811450
797.0 0.000000 0.813130
797.5 0.000000 0.815590
798.0 0.000000 0.818050
798.5 0.000000 0.819760
799.0 0.000000 0.821470
799.5 0.000000 0.823770
800.0 0.000000 0.826070
800.5 0.000000 0.827780
801.0 0.000000 0.829490
801.5 0.000000 0.831970
802.0 0.000000 0.834450
802.5 0.000000 0.835920
803.0 0.000000 0.837390
803.5 0.000000 0.838930
804.0 0.000000 0.840470
804.5 0.000000 0.841340
805.0 0.000000 0.842210
805.5 0.000000 0.842815
806.0 0.000000 0.843420
806.5 0.000000 0.844635
807.0 0.000000 0.845850
807.5 0.000000 0.845120
808.0 0.000000 0.844390
808.5 0.000000 0.844480
809.0 0.000000 0.844570
809.5 0.000000 0.843700
810.0 0.000000 0.842830
810.5 0.000000 0.842265
811.0 0.000000 0.841700
811.5 0.000000 0.840670
812.0 0.000000 0.839640
812.5 0.000000 0.839510
813.0 0.000000 0.839380
813.5 0.000000 0.838670
814.0 0.000000 0.837960
814.5 0.000000 0.837145
815.0 0.000000 0.836330
815.5 0.000000 0.835015
816.0 0.000000 0.833700
816.5 0.000000 0.831955
817.0 0.000000 0.830210
817.5 0.000000 0.827000
818.0 0.000000 0.823790
818.5 0.000000 0.820335
819.0 0.000000 0.816880
819.5 0.000000 0.814420
820.0 0.000000 0.811960
820.5 0.000000 0.809665
821.0 0.000000 0.807370
821.5 0.000000 0.805155
822.0 0.000000 0.802940
822.5 0.000000 0.800520
823.0 0.000000 0.798100
823.5 0.000000 0.795405
824.0 0.000000 0.792710
824.5 0.000000 0.789455
825.0 0.000000 0.786200
825.5 0.000000 0.782495
826.0 0.000000 0.778790
826.5 0.000000 0.776500
827.0 0.000000 0.774210
827.5 0.000000 0.772140
828.0 0.000000 0.770070
828.5 0.000000 0.767790
829.0 0.000000 0.765510
829.5 0.000000 0.759710
830.0 0.000000 0.753910
830.5 0.000000 0.743610
831.0 0.000000 0.733310
831.5 0.000000 0.728705
832.0 0.000000 0.724100
832.5 0.000000 0.719305
833.0 0.000000 0.714510
833.5 0.000000 0.709735
834.0 0.000000 0.704960
834.5 0.000000 0.698935
835.0 0.000000 0.692910
835.5 0.000000 0.686635
836.0 0.000000 0.680360
836.5 0.000000 0.674010
837.0 0.000000 0.667660
837.5 0.000000 0.661465
838.0 0.000000 0.655270
838.5 0.000000 0.650470
839.0 0.000000 0.645670
839.5 0.000000 0.641660
840.0 0.000000 0.637650
840.5 0.000000 0.633250
841.0 0.000000 0.628850
841.5 0.000000 0.624285
842.0 0.000000 0.619720
842.5 0.000000 0.615315
843.0 0.000000 0.610910
843.5 0.000000 0.606260
844.0 0.000000 0.601610
844.5 0.000000 0.596965
845.0 0.000000 0.592320
845.5 0.000000 0.587755
846.0 0.000000 0.583190
846.5 0.000000 0.578135
847.0 0.000000 0.573080
847.5 0.000000 0.568285
848.0 0.000000 0.563490
848.5 0.000000 0.558610
849.0 0.000000 0.553730
849.5 0.000000 0.548840
850.0 0.000000 0.543950
850.5 0.000000 0.538925
851.0 0.000000 0.533900
851.5 0.000000 0.529235
852.0 0.000000 0.524570
852.5 0.000000 0.519830
853.0 0.000000 0.515090
853.5 0.000000 0.509870
854.0 0.000000 0.504650
854.5 0.000000 0.499580
855.0 0.000000 0.494510
855.5 0.000000 0.489605
856.0 0.000000 0.484700
856.5 0.000000 0.478835
857.0 0.000000 0.472970
857.5 0.000000 0.467925
858.0 0.000000 0.462880
858.5 0.000000 0.457650
859.0 0.000000 0.452420
859.5 0.000000 0.447280
860.0 0.000000 0.442140
860.5 0.000000 0.436275
861.0 0.000000 0.430410
861.5 0.000000 0.425035
862.0 0.000000 0.419660
862.5 0.000000 0.413935
863.0 0.000000 0.408210
863.5 0.000000 0.402755
864.0 0.000000 0.397300
864.5 0.000000 0.392330
865.0 0.000000 0.387360
865.5 0.000000 0.381650
866.0 0.000000 0.375940
866.5 0.000000 0.371095
867.0 0.000000 0.366250
867.5 0.000000 0.361680
868.0 0.000000 0.357110
868.5 0.000000 0.353040
869.0 0.000000 0.348970
869.5 0.000000 0.344235
870.0 0.000000 0.339500
870.5 0.000000 0.335360
871.0 0.000000 0.331220
871.5 0.000000 0.326480
872.0 0.000000 0.321740
872.5 0.000000 0.317605
873.0 0.000000 0.313470
873.5 0.000000 0.309045
874.0 0.000000 0.304620
874.5 0.000000 0.301425
875.0 0.000000 0.298230
875.5 0.000000 0.295990
876.0 0.000000 0.293750
876.5 0.000000 0.290360
877.0 0.000000 0.286970
877.5 0.000000 0.284295
878.0 0.000000 0.281620
878.5 0.000000 0.278395
879.0 0.000000 0.275170
879.5 0.000000 0.272585
880.0 0.000000 0.270000
880.5 0.000000 0.266640
881.0 0.000000 0.263280
881.5 0.000000 0.260660
882.0 0.000000 0.258040
882.5 0.000000 0.254835
883.0 0.000000 0.251630
883.5 0.000000 0.249460
884.0 0.000000 0.247290
884.5 0.000000 0.244525
885.0 0.000000 0.241760
885.5 0.000000 0.239635
886.0 0.000000 0.237510
886.5 0.000000 0.234535
887.0 0.000000 0.231560
887.5 0.000000 0.229220
888.0 0.000000 0.226880
888.5 0.000000 0.225230
889.0 0.000000 0.223580
889.5 0.000000 0.220700
890.0 0.000000 0.217820
890.5 0.000000 0.215780
891.0 0.000000 0.213740
891.5 0.000000 0.211040
892.0 0.000000 0.208340
892.5 0.000000 0.206790
893.0 0.000000 0.205240
893.5 0.000000 0.202985
894.0 0.000000 0.200730
894.5 0.000000 0.199305
895.0 0.000000 0.197880
895.5 0.000000 0.195910
896.0 0.000000 0.193940
896.5 0.000000 0.192715
897.0 0.000000 0.191490
897.5 0.000000 0.189620
898.0 0.000000 0.187750
898.5 0.000000 0.185860
899.0 0.000000 0.183970
899.5 0.000000 0.182640
900.0 0.000000 0.181310
900.5 0.000000 0.178700
901.0 0.000000 0.176090
901.5 0.000000 0.174465
902.0 0.000000 0.172840
902.5 0.000000 0.170405
903.0 0.000000 0.167970
903.5 0.000000 0.166345
904.0 0.000000 0.164720
904.5 0.000000 0.162615
905.0 0.000000 0.160510
905.5 0.000000 0.159020
906.0 0.000000 0.157530
906.5 0.000000 0.155085
907.0 0.000000 0.152640
907.5 0.000000 0.151025
908.0 0.000000 0.149410
908.5 0.000000 0.147310
909.0 0.000000 0.145210
909.5 0.000000 0.143560
910.0 0.000000 0.141910
910.5 0.000000 0.140765
911.0 0.000000 0.139620
911.5 0.000000 0.137130
912.0 0.000000 0.134640
912.5 0.000000 0.132995
913.0 0.000000 0.131350
913.5 0.000000 0.129200
914.0 0.000000 0.127050
914.5 0.000000 0.125545
915.0 0.000000 0.124040
915.5 0.000000 0.121880
916.0 0.000000 0.119720
916.5 0.000000 0.118210
917.0 0.000000 0.116700
917.5 0.000000 0.114550
918.0 0.000000 0.112400
918.5 0.000000 0.110895
919.0 0.000000 0.109390
919.5 0.000000 0.107410
920.0 0.000000 0.105430
920.5 0.000000 0.103120
921.0 0.000000 0.100810
921.5 0.000000 0.099370
922.0 0.000000 0.097930
922.5 0.000000 0.096645
923.0 0.000000 0.095360
923.5 0.000000 0.094200
924.0 0.000000 0.093040
924.5 0.000000 0.090885
925.0 0.000000 0.088730
925.5 0.000000 0.087230
926.0 0.000000 0.085730
926.5 0.000000 0.083930
927.0 0.000000 0.082130
927.5 0.000000 0.080770
928.0 0.000000 0.079410
928.5 0.000000 0.077585
929.0 0.000000 0.075760
929.5 0.000000 0.074590
930.0 0.000000 0.073420
930.5 0.000000 0.071880
931.0 0.000000 0.070340
931.5 0.000000 0.068475
932.0 0.000000 0.066610
932.5 0.000000 0.065225
933.0 0.000000 0.063840
933.5 0.000000 0.062995
934.0 0.000000 0.062150
934.5 0.000000 0.061600
935.0 0.000000 0.061050
935.5 0.000000 0.059510
936.0 0.000000 0.057970
936.5 0.000000 0.056925
937.0 0.000000 0.055880
937.5 0.000000 0.054805
938.0 0.000000 0.053730
938.5 0.000000 0.052710
939.0 0.000000 0.051690
939.5 0.000000 0.050910
940.0 0.000000 0.050130
940.5 0.000000 0.049230
941.0 0.000000 0.048330
941.5 0.000000 0.047715
942.0 0.000000 0.047100
942.5 0.000000 0.046265
943.0 0.000000 0.045430
943.5 0.000000 0.044815
944.0 0.000000 0.044200
944.5 0.000000 0.043365
945.0 0.000000 0.042530
945.5 0.000000 0.041930
946.0 0.000000 0.041330
946.5 0.000000 0.040850
947.0 0.000000 0.040370
947.5 0.000000 0.039885
948.0 0.000000 0.039400
948.5 0.000000 0.038715
949.0 0.000000 0.038030
949.5 0.000000 0.037610
950.0 0.000000 0.037190
950.5 0.000000 0.036900
951.0 0.000000 0.036610
951.5 0.000000 0.036150
952.0 0.000000 0.035690
952.5 0.000000 0.035335
953.0 0.000000 0.034980
953.5 0.000000 0.034695
954.0 0.000000 0.034410
954.5 0.000000 0.034120
955.0 0.000000 0.033830
955.5 0.000000 0.033540
956.0 0.000000 0.033250
956.5 0.000000 0.032965
957.0 0.000000 0.032680
957.5 0.000000 0.032405
958.0 0.000000 0.032130
958.5 0.000000 0.031845
959.0 0.000000 0.031560
959.5 0.000000 0.031270
960.0 0.000000 0.030980
960.5 0.000000 0.030695
961.0 0.000000 0.030410
961.5 0.000000 0.030120
962.0 0.000000 0.029830
962.5 0.000000 0.029545
963.0 0.000000 0.029260
963.5 0.000000 0.028970
964.0 0.000000 0.028680
964.5 0.000000 0.028395
965.0 0.000000 0.028110
965.5 0.000000 0.027990
966.0 0.000000 0.027870
966.5 0.000000 0.027655
967.0 0.000000 0.027440
967.5 0.000000 0.027320
968.0 0.000000 0.027200
968.5 0.000000 0.026985
969.0 0.000000 0.026770
969.5 0.000000 0.026480
970.0 0.000000 0.026190
970.5 0.000000 0.026070
971.0 0.000000 0.025950
971.5 0.000000 0.025905
972.0 0.000000 0.025860
972.5 0.000000 0.025810
973.0 0.000000 0.025760
973.5 0.000000 0.025545
974.0 0.000000 0.025330
974.5 0.000000 0.025210
975.0 0.000000 0.025090
975.5 0.000000 0.024875
976.0 0.000000 0.024660
976.5 0.000000 0.024380
977.0 0.000000 0.024100
977.5 0.000000 0.023980
978.0 0.000000 0.023860
978.5 0.000000 0.023645
979.0 0.000000 0.023430
979.5 0.000000 0.023310
980.0 0.000000 0.023190
980.5 0.000000 0.023140
981.0 0.000000 0.023090
981.5 0.000000 0.023045
982.0 0.000000 0.023000
982.5 0.000000 0.022785
983.0 0.000000 0.022570
983.5 0.000000 0.022450
984.0 0.000000 0.022330
984.5 0.000000 0.022280
985.0 0.000000 0.022230
985.5 0.000000 0.022185
986.0 0.000000 0.022140
986.5 0.000000 0.021930
987.0 0.000000 0.021720
987.5 0.000000 0.021595
988.0 0.000000 0.021470
988.5 0.000000 0.021420
989.0 0.000000 0.021370
989.5 0.000000 0.021325
990.0 0.000000 0.021280
990.5 0.000000 0.021230
991.0 0.000000 0.021180
991.5 0.000000 0.021135
992.0 0.000000 0.021090
992.5 0.000000 0.021040
993.0 0.000000 0.020990
993.5 0.000000 0.020940
994.0 0.000000 0.020890
994.5 0.000000 0.020845
995.0 0.000000 0.020800
995.5 0.000000 0.020750
996.0 0.000000 0.020700
996.5 0.000000 0.020655
997.0 0.000000 0.020610
997.5 0.000000 0.020560
998.0 0.000000 0.020510
998.5 0.000000 0.020465
999.0 0.000000 0.020420
999.5 0.000000 0.020370
1000.0 0.000000 0.020320
1000.5 0.000000 0.020275
1001.0 0.000000 0.020230
1001.5 0.000000 0.020180
1002.0 0.000000 0.020130
1002.5 0.000000 0.020085
1003.0 0.000000 0.020040
1003.5 0.000000 0.019990
1004.0 0.000000 0.019940
1004.5 0.000000 0.019890
1005.0 0.000000 0.019840
1005.5 0.000000 0.019795
1006.0 0.000000 0.019750
1006.5 0.000000 0.019700
1007.0 0.000000 0.019650
1007.5 0.000000 0.019605
1008.0 0.000000 0.019560
1008.5 0.000000 0.019510
1009.0 0.000000 0.019460
1009.5 0.000000 0.019415
1010.0 0.000000 0.019370
1010.5 0.000000 0.019320
1011.0 0.000000 0.019270
1011.5 0.000000 0.019070
1012.0 0.000000 0.018870
1012.5 0.000000 0.018735
1013.0 0.000000 0.018600
1013.5 0.000000 0.018555
1014.0 0.000000 0.018510
1014.5 0.000000 0.018460
1015.0 0.000000 0.018410
1015.5 0.000000 0.018365
1016.0 0.000000 0.018320
1016.5 0.000000 0.018270
1017.0 0.000000 0.018220
1017.5 0.000000 0.018170
1018.0 0.000000 0.018120
1018.5 0.000000 0.018075
1019.0 0.000000 0.018030
1019.5 0.000000 0.017980
1020.0 0.000000 0.017930
1020.5 0.000000 0.017885
1021.0 0.000000 0.017840
1021.5 0.000000 0.017790
1022.0 0.000000 0.017740
1022.5 0.000000 0.017695
1023.0 0.000000 0.017650
1023.5 0.000000 0.017600
1024.0 0.000000 0.017550
1024.5 0.000000 0.017505
1025.0 0.000000 0.017460
1025.5 0.000000 0.017410
1026.0 0.000000 0.017360
1026.5 0.000000 0.017315
1027.0 0.000000 0.017270
1027.5 0.000000 0.017220
1028.0 0.000000 0.017170
1028.5 0.000000 0.017120
1029.0 0.000000 0.017070
1029.5 0.000000 0.017025
1030.0 0.000000 0.016980
1030.5 0.000000 0.016930
1031.0 0.000000 0.016880
1031.5 0.000000 0.016835
1032.0 0.000000 0.016790
1032.5 0.000000 0.016740
1033.0 0.000000 0.016690
1033.5 0.000000 0.016645
1034.0 0.000000 0.016600
1034.5 0.000000 0.016550
1035.0 0.000000 0.016500
1035.5 0.000000 0.016455
1036.0 0.000000 0.016410
1036.5 0.000000 0.016360
1037.0 0.000000 0.016310
1037.5 0.000000 0.016260
1038.0 0.000000 0.016210
1038.5 0.000000 0.016165
1039.0 0.000000 0.016120
1039.5 0.000000 0.016070
1040.0 0.000000 0.016020
1040.5 0.000000 0.015975
1041.0 0.000000 0.015930
1041.5 0.000000 0.015880
1042.0 0.000000 0.015830
1042.5 0.000000 0.015785
1043.0 0.000000 0.015740
1043.5 0.000000 0.015690
1044.0 0.000000 0.015640
1044.5 0.000000 0.015595
1045.0 0.000000 0.015550
1045.5 0.000000 0.015500
1046.0 0.000000 0.015450
1046.5 0.000000 0.015405
1047.0 0.000000 0.015360
1047.5 0.000000 0.015310
1048.0 0.000000 0.015260
1048.5 0.000000 0.015210
1049.0 0.000000 0.015160
1049.5 0.000000 0.015115
1050.0 0.000000 0.015070
1050.5 0.000000 0.015020
1051.0 0.000000 0.014970
1051.5 0.000000 0.014925
1052.0 0.000000 0.014880
1052.5 0.000000 0.014830
1053.0 0.000000 0.014780
1053.5 0.000000 0.014735
1054.0 0.000000 0.014690
1054.5 0.000000 0.014640
1055.0 0.000000 0.014590
1055.5 0.000000 0.014545
1056.0 0.000000 0.014500
1056.5 0.000000 0.014450
1057.0 0.000000 0.014400
1057.5 0.000000 0.014355
1058.0 0.000000 0.014310
1058.5 0.000000 0.014260
1059.0 0.000000 0.014210
1059.5 0.000000 0.014160
1060.0 0.000000 0.014110
1060.5 0.000000 0.014065
1061.0 0.000000 0.014020
1061.5 0.000000 0.013970
1062.0 0.000000 0.013920
1062.5 0.000000 0.013875
1063.0 0.000000 0.013830
1063.5 0.000000 0.013780
1064.0 0.000000 0.013730
1064.5 0.000000 0.013685
1065.0 0.000000 0.013640
1065.5 0.000000 0.013590
1066.0 0.000000 0.013540
1066.5 0.000000 0.013495
1067.0 0.000000 0.013450
1067.5 0.000000 0.013400
1068.0 0.000000 0.013350
1068.5 0.000000 0.013300
1069.0 0.000000 0.013250
1069.5 0.000000 0.013205
1070.0 0.000000 0.013160
1070.5 0.000000 0.013110
1071.0 0.000000 0.013060
1071.5 0.000000 0.013015
1072.0 0.000000 0.012970
1072.5 0.000000 0.012920
1073.0 0.000000 0.012870
1073.5 0.000000 0.012825
1074.0 0.000000 0.012780
1074.5 0.000000 0.012730
1075.0 0.000000 0.012680
1075.5 0.000000 0.012635
1076.0 0.000000 0.012590
1076.5 0.000000 0.012540
1077.0 0.000000 0.012490
1077.5 0.000000 0.012445
1078.0 0.000000 0.012400
1078.5 0.000000 0.012350
1079.0 0.000000 0.012300
1079.5 0.000000 0.012250
1080.0 0.000000 0.012200
1080.5 0.000000 0.012155
1081.0 0.000000 0.012110
1081.5 0.000000 0.012060
1082.0 0.000000 0.012010
1082.5 0.000000 0.011965
1083.0 0.000000 0.011920
1083.5 0.000000 0.011870
1084.0 0.000000 0.011820
1084.5 0.000000 0.011775
1085.0 0.000000 0.011730
1085.5 0.000000 0.011680
1086.0 0.000000 0.011630
1086.5 0.000000 0.011460
1087.0 0.000000 0.011290
1087.5 0.000000 0.011125
1088.0 0.000000 0.010960
1088.5 0.000000 0.010855
1089.0 0.000000 0.010750
1089.5 0.000000 0.010645
1090.0 0.000000 0.010540
1090.5 0.000000 0.010490
1091.0 0.000000 0.010440
1091.5 0.000000 0.010390
1092.0 0.000000 0.010340
1092.5 0.000000 0.010295
1093.0 0.000000 0.010250
1093.5 0.000000 0.010200
1094.0 0.000000 0.010150
1094.5 0.000000 0.010105
1095.0 0.000000 0.010060
1095.5 0.000000 0.010010
1096.0 0.000000 0.009960
1096.5 0.000000 0.009915
1097.0 0.000000 0.009870
1097.5 0.000000 0.009820
1098.0 0.000000 0.009770
1098.5 0.000000 0.009720
1099.0 0.000000 0.009670
1099.5 0.000000 0.009625
1100.0 0.000000 0.009580
