# DOI:978-90-386-4642-8 
# | wavelength | n | k
298.0 1.521659 0.415431
298.5 1.503035 0.414625
299.0 1.484442 0.413820
299.5 1.466136 0.413014
300.0 1.448372 0.412209
300.5 1.431404 0.411404
301.0 1.415488 0.410598
301.5 1.400879 0.409793
302.0 1.387830 0.408987
302.5 1.376598 0.408182
303.0 1.367437 0.407377
303.5 1.360602 0.406571
304.0 1.356349 0.405766
304.5 1.354931 0.404960
305.0 1.356603 0.404155
305.5 1.361622 0.401442
306.0 1.370241 0.398284
306.5 1.382716 0.395126
307.0 1.399301 0.391968
307.5 1.420252 0.388810
308.0 1.445761 0.385901
308.5 1.473489 0.383412
309.0 1.498304 0.380923
309.5 1.518823 0.378434
310.0 1.535371 0.375945
310.5 1.548278 0.373456
311.0 1.557878 0.372354
311.5 1.564501 0.371363
312.0 1.568479 0.370371
312.5 1.570145 0.369379
313.0 1.569829 0.368387
313.5 1.567863 0.367396
314.0 1.564579 0.366404
314.5 1.560309 0.365412
315.0 1.555385 0.364421
315.5 1.550137 0.363429
316.0 1.544898 0.362437
316.5 1.540000 0.361445
317.0 1.535773 0.360744
317.5 1.532493 0.361484
318.0 1.530177 0.362225
318.5 1.528768 0.362965
319.0 1.528212 0.363706
319.5 1.528452 0.364446
320.0 1.529434 0.365186
320.5 1.531101 0.365927
321.0 1.533398 0.367703
321.5 1.536270 0.369671
322.0 1.539660 0.371640
322.5 1.543514 0.373608
323.0 1.547775 0.375576
323.5 1.552389 0.377544
324.0 1.557299 0.379512
324.5 1.562450 0.381298
325.0 1.567786 0.382899
325.5 1.573252 0.384499
326.0 1.578793 0.386100
326.5 1.584352 0.387701
327.0 1.589874 0.389301
327.5 1.595304 0.390902
328.0 1.600587 0.392977
328.5 1.605701 0.397619
329.0 1.610653 0.402260
329.5 1.615450 0.406902
330.0 1.620100 0.410044
330.5 1.624612 0.411399
331.0 1.628994 0.412755
331.5 1.633253 0.414110
332.0 1.637398 0.415465
332.5 1.641436 0.416820
333.0 1.645376 0.418176
333.5 1.649226 0.419367
334.0 1.652993 0.419367
334.5 1.656730 0.419367
335.0 1.660571 0.419367
335.5 1.664662 0.419367
336.0 1.669147 0.419367
336.5 1.674172 0.419367
337.0 1.679881 0.419367
337.5 1.686420 0.419367
338.0 1.693933 0.419367
338.5 1.702565 0.419367
339.0 1.712324 0.418978
339.5 1.722723 0.416489
340.0 1.733162 0.414000
340.5 1.743041 0.411511
341.0 1.751769 0.409022
341.5 1.759061 0.406533
342.0 1.765028 0.403831
342.5 1.769812 0.401041
343.0 1.773552 0.398251
343.5 1.776387 0.395461
344.0 1.778457 0.392672
344.5 1.779901 0.389882
345.0 1.780860 0.387092
345.5 1.781473 0.384302
346.0 1.781879 0.381512
346.5 1.782219 0.378594
347.0 1.782631 0.375603
347.5 1.783256 0.372613
348.0 1.784225 0.369622
348.5 1.785556 0.366631
349.0 1.787185 0.363641
349.5 1.789048 0.360650
350.0 1.791078 0.357659
350.5 1.793210 0.354669
351.0 1.795379 0.351678
351.5 1.797519 0.348687
352.0 1.799565 0.345697
352.5 1.801453 0.342706
353.0 1.803154 0.339715
353.5 1.804683 0.336725
354.0 1.806054 0.333734
354.5 1.807284 0.330743
355.0 1.808389 0.327753
355.5 1.809384 0.324479
356.0 1.810285 0.320930
356.5 1.811109 0.317380
357.0 1.811869 0.313830
357.5 1.812579 0.310281
358.0 1.813241 0.306731
358.5 1.813856 0.303181
359.0 1.814427 0.299632
359.5 1.814956 0.296082
360.0 1.815444 0.292532
360.5 1.815895 0.288983
361.0 1.816309 0.285433
361.5 1.816690 0.281884
362.0 1.817038 0.278334
362.5 1.817357 0.274784
363.0 1.817647 0.271235
363.5 1.817912 0.268092
364.0 1.818152 0.266478
364.5 1.818371 0.264864
365.0 1.818570 0.263249
365.5 1.818751 0.261635
366.0 1.818915 0.260021
366.5 1.819063 0.258407
367.0 1.819194 0.256793
367.5 1.819310 0.255179
368.0 1.819410 0.253564
368.5 1.819494 0.251950
369.0 1.819563 0.250336
369.5 1.819617 0.248722
370.0 1.819656 0.247108
370.5 1.819681 0.245493
371.0 1.819691 0.243879
371.5 1.819687 0.242265
372.0 1.819669 0.240651
372.5 1.819637 0.239037
373.0 1.819592 0.237423
373.5 1.819533 0.235808
374.0 1.819462 0.234194
374.5 1.819377 0.232611
375.0 1.819280 0.231080
375.5 1.819171 0.229549
376.0 1.819049 0.228018
376.5 1.818916 0.226487
377.0 1.818771 0.224956
377.5 1.818615 0.223425
378.0 1.818447 0.221894
378.5 1.818269 0.220363
379.0 1.818080 0.218832
379.5 1.817883 0.217300
380.0 1.817676 0.215769
380.5 1.817461 0.214238
381.0 1.817238 0.212707
381.5 1.817008 0.211176
382.0 1.816771 0.209645
382.5 1.816529 0.208114
383.0 1.816280 0.206583
383.5 1.816027 0.205052
384.0 1.815770 0.203521
384.5 1.815509 0.201990
385.0 1.815244 0.200459
385.5 1.814977 0.199384
386.0 1.814708 0.198712
386.5 1.814438 0.198039
387.0 1.814166 0.197367
387.5 1.813895 0.196695
388.0 1.813623 0.196022
388.5 1.813352 0.195350
389.0 1.813083 0.194677
389.5 1.812816 0.194005
390.0 1.812551 0.193333
390.5 1.812289 0.192660
391.0 1.812031 0.191988
391.5 1.811777 0.191315
392.0 1.811528 0.190643
392.5 1.811284 0.189971
393.0 1.811046 0.189298
393.5 1.810812 0.188626
394.0 1.810584 0.187953
394.5 1.810361 0.187281
395.0 1.810142 0.186609
395.5 1.809928 0.185936
396.0 1.809719 0.185264
396.5 1.809514 0.184591
397.0 1.809314 0.183919
397.5 1.809118 0.183247
398.0 1.808927 0.182574
398.5 1.808739 0.182139
399.0 1.808556 0.181706
399.5 1.808376 0.181273
400.0 1.808201 0.180840
400.5 1.808029 0.180406
401.0 1.807861 0.179973
401.5 1.807696 0.179540
402.0 1.807535 0.179107
402.5 1.807377 0.178673
403.0 1.807222 0.178240
403.5 1.807071 0.177807
404.0 1.806923 0.177374
404.5 1.806777 0.176940
405.0 1.806635 0.176507
405.5 1.806495 0.176074
406.0 1.806358 0.175641
406.5 1.806224 0.175207
407.0 1.806091 0.174774
407.5 1.805962 0.174341
408.0 1.805834 0.173908
408.5 1.805709 0.173474
409.0 1.805586 0.173041
409.5 1.805465 0.172608
410.0 1.805346 0.172175
410.5 1.805228 0.171741
411.0 1.805113 0.171308
411.5 1.805000 0.170875
412.0 1.804889 0.170442
412.5 1.804780 0.170008
413.0 1.804673 0.169585
413.5 1.804569 0.169164
414.0 1.804467 0.168743
414.5 1.804367 0.168322
415.0 1.804270 0.167901
415.5 1.804176 0.167480
416.0 1.804084 0.167060
416.5 1.803995 0.166639
417.0 1.803909 0.166218
417.5 1.803826 0.165797
418.0 1.803745 0.165376
418.5 1.803668 0.164955
419.0 1.803593 0.164534
419.5 1.803522 0.164114
420.0 1.803454 0.163693
420.5 1.803389 0.163272
421.0 1.803327 0.162851
421.5 1.803269 0.162430
422.0 1.803214 0.162009
422.5 1.803163 0.161588
423.0 1.803115 0.161168
423.5 1.803071 0.160747
424.0 1.803030 0.160326
424.5 1.802994 0.159905
425.0 1.802961 0.159484
425.5 1.802932 0.159063
426.0 1.802907 0.158642
426.5 1.802886 0.158222
427.0 1.802869 0.157801
427.5 1.802856 0.157380
428.0 1.802847 0.156959
428.5 1.802843 0.156538
429.0 1.802843 0.156117
429.5 1.802847 0.155696
430.0 1.802856 0.155276
430.5 1.802870 0.154855
431.0 1.802888 0.154457
431.5 1.802910 0.154118
432.0 1.802938 0.153779
432.5 1.802970 0.153441
433.0 1.803007 0.153102
433.5 1.803049 0.152763
434.0 1.803096 0.152425
434.5 1.803148 0.152086
435.0 1.803205 0.151747
435.5 1.803267 0.151409
436.0 1.803335 0.151070
436.5 1.803408 0.150731
437.0 1.803486 0.150392
437.5 1.803569 0.150054
438.0 1.803656 0.149715
438.5 1.803748 0.149376
439.0 1.803845 0.149038
439.5 1.803945 0.148699
440.0 1.804049 0.148360
440.5 1.804156 0.148022
441.0 1.804267 0.147683
441.5 1.804381 0.147344
442.0 1.804497 0.147005
442.5 1.804616 0.146667
443.0 1.804737 0.146328
443.5 1.804860 0.145989
444.0 1.804985 0.145651
444.5 1.805111 0.145312
445.0 1.805238 0.144973
445.5 1.805367 0.144635
446.0 1.805496 0.144296
446.5 1.805626 0.143957
447.0 1.805756 0.143618
447.5 1.805885 0.143280
448.0 1.806015 0.142941
448.5 1.806144 0.142569
449.0 1.806272 0.142172
449.5 1.806400 0.141776
450.0 1.806526 0.141380
450.5 1.806650 0.140984
451.0 1.806773 0.140588
451.5 1.806894 0.140192
452.0 1.807013 0.139796
452.5 1.807129 0.139400
453.0 1.807242 0.139004
453.5 1.807352 0.138608
454.0 1.807459 0.138212
454.5 1.807563 0.137816
455.0 1.807663 0.137420
455.5 1.807759 0.137023
456.0 1.807851 0.136627
456.5 1.807938 0.136231
457.0 1.808020 0.135835
457.5 1.808098 0.135452
458.0 1.808170 0.135094
458.5 1.808237 0.134737
459.0 1.808298 0.134379
459.5 1.808353 0.134022
460.0 1.808402 0.133664
460.5 1.808446 0.133307
461.0 1.808484 0.132949
461.5 1.808517 0.132592
462.0 1.808546 0.132234
462.5 1.808569 0.131877
463.0 1.808588 0.131519
463.5 1.808603 0.131162
464.0 1.808614 0.130804
464.5 1.808621 0.130447
465.0 1.808625 0.130089
465.5 1.808625 0.129731
466.0 1.808623 0.129374
466.5 1.808617 0.129016
467.0 1.808609 0.128659
467.5 1.808599 0.128301
468.0 1.808586 0.127944
468.5 1.808572 0.127586
469.0 1.808556 0.127229
469.5 1.808538 0.126871
470.0 1.808520 0.126514
470.5 1.808500 0.126156
471.0 1.808480 0.125799
471.5 1.808459 0.125441
472.0 1.808438 0.125084
472.5 1.808416 0.124726
473.0 1.808395 0.124368
473.5 1.808375 0.124011
474.0 1.808355 0.123622
474.5 1.808336 0.123198
475.0 1.808318 0.122773
475.5 1.808302 0.122349
476.0 1.808287 0.121924
476.5 1.808274 0.121500
477.0 1.808263 0.121076
477.5 1.808254 0.120651
478.0 1.808248 0.120227
478.5 1.808245 0.119802
479.0 1.808244 0.119378
479.5 1.808245 0.118954
480.0 1.808248 0.118529
480.5 1.808251 0.118105
481.0 1.808255 0.117680
481.5 1.808259 0.117256
482.0 1.808262 0.116832
482.5 1.808264 0.116407
483.0 1.808264 0.115983
483.5 1.808263 0.115558
484.0 1.808258 0.115134
484.5 1.808250 0.114710
485.0 1.808238 0.114285
485.5 1.808222 0.113861
486.0 1.808201 0.113436
486.5 1.808175 0.113012
487.0 1.808142 0.112588
487.5 1.808104 0.112163
488.0 1.808058 0.111739
488.5 1.808005 0.111314
489.0 1.807943 0.110890
489.5 1.807874 0.110466
490.0 1.807795 0.110041
490.5 1.807706 0.109617
491.0 1.807608 0.109192
491.5 1.807498 0.108768
492.0 1.807378 0.108344
492.5 1.807246 0.107919
493.0 1.807101 0.107495
493.5 1.806945 0.107070
494.0 1.806776 0.106646
494.5 1.806595 0.106222
495.0 1.806403 0.105797
495.5 1.806199 0.105373
496.0 1.805984 0.104948
496.5 1.805758 0.104524
497.0 1.805521 0.104100
497.5 1.805274 0.103675
498.0 1.805016 0.103251
498.5 1.804748 0.102826
499.0 1.804470 0.102402
499.5 1.804182 0.101973
500.0 1.803885 0.101536
500.5 1.803579 0.101099
501.0 1.803263 0.100662
501.5 1.802938 0.100225
502.0 1.802605 0.099789
502.5 1.802264 0.099352
503.0 1.801914 0.098915
503.5 1.801556 0.098478
504.0 1.801190 0.098041
504.5 1.800817 0.097604
505.0 1.800436 0.097167
505.5 1.800048 0.096730
506.0 1.799654 0.096293
506.5 1.799252 0.095857
507.0 1.798844 0.095420
507.5 1.798429 0.094983
508.0 1.798009 0.094546
508.5 1.797582 0.094109
509.0 1.797150 0.093672
509.5 1.796713 0.093235
510.0 1.796270 0.092798
510.5 1.795822 0.092361
511.0 1.795369 0.091924
511.5 1.794912 0.091488
512.0 1.794451 0.091051
512.5 1.793985 0.090614
513.0 1.793515 0.090177
513.5 1.793041 0.089740
514.0 1.792564 0.089303
514.5 1.792084 0.088866
515.0 1.791600 0.088501
515.5 1.791114 0.088281
516.0 1.790624 0.088061
516.5 1.790133 0.087841
517.0 1.789639 0.087621
517.5 1.789143 0.087401
518.0 1.788645 0.087181
518.5 1.788146 0.086961
519.0 1.787645 0.086741
519.5 1.787143 0.086521
520.0 1.786640 0.086301
520.5 1.786136 0.086081
521.0 1.785631 0.085862
521.5 1.785127 0.085642
522.0 1.784622 0.085422
522.5 1.784117 0.085202
523.0 1.783612 0.084982
523.5 1.783108 0.084762
524.0 1.782604 0.084542
524.5 1.782101 0.084322
525.0 1.781600 0.084102
525.5 1.781100 0.083882
526.0 1.780601 0.083662
526.5 1.780104 0.083442
527.0 1.779609 0.083222
527.5 1.779116 0.083002
528.0 1.778625 0.082782
528.5 1.778137 0.082562
529.0 1.777652 0.082342
529.5 1.777170 0.082122
530.0 1.776691 0.081903
530.5 1.776215 0.081683
531.0 1.775743 0.081463
531.5 1.775275 0.081243
532.0 1.774811 0.081023
532.5 1.774351 0.080803
533.0 1.773896 0.080583
533.5 1.773445 0.080363
534.0 1.772999 0.080143
534.5 1.772558 0.079923
535.0 1.772123 0.079703
535.5 1.771693 0.079483
536.0 1.771269 0.079263
536.5 1.770850 0.079043
537.0 1.770438 0.078823
537.5 1.770032 0.078603
538.0 1.769633 0.078383
538.5 1.769240 0.078164
539.0 1.768853 0.077944
539.5 1.768472 0.077726
540.0 1.768097 0.077627
540.5 1.767726 0.077528
541.0 1.767360 0.077429
541.5 1.766999 0.077330
542.0 1.766641 0.077231
542.5 1.766287 0.077132
543.0 1.765937 0.077033
543.5 1.765590 0.076934
544.0 1.765245 0.076835
544.5 1.764902 0.076736
545.0 1.764562 0.076637
545.5 1.764223 0.076539
546.0 1.763885 0.076440
546.5 1.763549 0.076341
547.0 1.763213 0.076242
547.5 1.762877 0.076143
548.0 1.762541 0.076044
548.5 1.762205 0.075945
549.0 1.761868 0.075846
549.5 1.761530 0.075747
550.0 1.761190 0.075648
550.5 1.760849 0.075549
551.0 1.760505 0.075450
551.5 1.760159 0.075351
552.0 1.759810 0.075252
552.5 1.759459 0.075153
553.0 1.759103 0.075054
553.5 1.758744 0.075062
554.0 1.758380 0.075136
554.5 1.758012 0.075210
555.0 1.757640 0.075284
555.5 1.757261 0.075358
556.0 1.756878 0.075433
556.5 1.756488 0.075507
557.0 1.756093 0.075581
557.5 1.755690 0.075655
558.0 1.755281 0.075729
558.5 1.754865 0.075803
559.0 1.754441 0.075878
559.5 1.754009 0.075952
560.0 1.753568 0.076026
560.5 1.753120 0.076100
561.0 1.752663 0.076174
561.5 1.752198 0.076248
562.0 1.751726 0.076323
562.5 1.751246 0.076397
563.0 1.750759 0.076471
563.5 1.750265 0.076545
564.0 1.749764 0.076619
564.5 1.749257 0.076693
565.0 1.748744 0.076768
565.5 1.748225 0.076842
566.0 1.747700 0.076916
566.5 1.747169 0.076990
567.0 1.746634 0.077064
567.5 1.746093 0.077139
568.0 1.745548 0.077213
568.5 1.744998 0.077287
569.0 1.744444 0.077361
569.5 1.743886 0.077435
570.0 1.743324 0.077509
570.5 1.742758 0.077584
571.0 1.742190 0.077658
571.5 1.741618 0.077739
572.0 1.741044 0.077933
572.5 1.740467 0.078127
573.0 1.739887 0.078322
573.5 1.739306 0.078516
574.0 1.738723 0.078710
574.5 1.738138 0.078904
575.0 1.737552 0.079098
575.5 1.736965 0.079293
576.0 1.736376 0.079487
576.5 1.735788 0.079681
577.0 1.735199 0.079875
577.5 1.734610 0.080069
578.0 1.734021 0.080264
578.5 1.733432 0.080458
579.0 1.732844 0.080652
579.5 1.732257 0.080846
580.0 1.731671 0.081040
580.5 1.731087 0.081235
581.0 1.730503 0.081429
581.5 1.729922 0.081623
582.0 1.729343 0.081817
582.5 1.728766 0.082011
583.0 1.728192 0.082206
583.5 1.727621 0.082400
584.0 1.727052 0.082594
584.5 1.726486 0.082788
585.0 1.725922 0.082982
585.5 1.725362 0.083177
586.0 1.724804 0.083371
586.5 1.724249 0.083565
587.0 1.723696 0.083759
587.5 1.723147 0.083953
588.0 1.722600 0.084148
588.5 1.722057 0.084342
589.0 1.721516 0.084536
589.5 1.720978 0.084730
590.0 1.720443 0.084924
590.5 1.719911 0.085119
591.0 1.719382 0.085313
591.5 1.718856 0.085507
592.0 1.718333 0.085701
592.5 1.717813 0.085895
593.0 1.717297 0.086090
593.5 1.716783 0.086284
594.0 1.716272 0.086478
594.5 1.715765 0.086672
595.0 1.715261 0.086866
595.5 1.714759 0.087061
596.0 1.714261 0.087255
596.5 1.713767 0.087449
597.0 1.713275 0.087643
597.5 1.712787 0.087922
598.0 1.712302 0.088214
598.5 1.711820 0.088506
599.0 1.711342 0.088798
599.5 1.710867 0.089090
600.0 1.710396 0.089382
600.5 1.709927 0.089674
601.0 1.709462 0.089966
601.5 1.709001 0.090258
602.0 1.708543 0.090550
602.5 1.708089 0.090842
603.0 1.707638 0.091134
603.5 1.707190 0.091426
604.0 1.706746 0.091718
604.5 1.706306 0.092010
605.0 1.705869 0.092303
605.5 1.705436 0.092595
606.0 1.705006 0.092887
606.5 1.704580 0.093179
607.0 1.704157 0.093471
607.5 1.703738 0.093763
608.0 1.703321 0.094055
608.5 1.702908 0.094347
609.0 1.702497 0.094639
609.5 1.702089 0.094931
610.0 1.701683 0.095223
610.5 1.701280 0.095515
611.0 1.700878 0.095807
611.5 1.700479 0.096099
612.0 1.700082 0.096391
612.5 1.699687 0.096683
613.0 1.699293 0.096975
613.5 1.698901 0.097267
614.0 1.698510 0.097559
614.5 1.698120 0.097851
615.0 1.697732 0.098143
615.5 1.697344 0.098435
616.0 1.696957 0.098727
616.5 1.696571 0.099019
617.0 1.696185 0.099311
617.5 1.695799 0.099681
618.0 1.695414 0.100095
618.5 1.695029 0.100509
619.0 1.694643 0.100924
619.5 1.694258 0.101338
620.0 1.693872 0.101752
620.5 1.693485 0.102167
621.0 1.693098 0.102581
621.5 1.692710 0.102995
622.0 1.692322 0.103410
622.5 1.691932 0.103824
623.0 1.691540 0.104239
623.5 1.691148 0.104653
624.0 1.690754 0.105067
624.5 1.690358 0.105482
625.0 1.689961 0.105896
625.5 1.689561 0.106310
626.0 1.689160 0.106725
626.5 1.688758 0.107139
627.0 1.688353 0.107553
627.5 1.687947 0.107968
628.0 1.687540 0.108382
628.5 1.687131 0.108797
629.0 1.686721 0.109211
629.5 1.686310 0.109625
630.0 1.685897 0.110040
630.5 1.685483 0.110454
631.0 1.685068 0.110868
631.5 1.684651 0.111283
632.0 1.684234 0.111697
632.5 1.683816 0.112111
633.0 1.683397 0.112526
633.5 1.682977 0.112940
634.0 1.682556 0.113355
634.5 1.682134 0.113769
635.0 1.681712 0.114183
635.5 1.681289 0.114598
636.0 1.680866 0.115012
636.5 1.680442 0.115426
637.0 1.680018 0.115841
637.5 1.679593 0.116255
638.0 1.679168 0.116669
638.5 1.678742 0.117084
639.0 1.678317 0.117498
639.5 1.677891 0.117913
640.0 1.677465 0.118327
640.5 1.677039 0.118741
641.0 1.676614 0.119156
641.5 1.676188 0.119570
642.0 1.675762 0.119984
642.5 1.675337 0.120399
643.0 1.674912 0.120813
643.5 1.674487 0.121227
644.0 1.674062 0.121642
644.5 1.673638 0.122056
645.0 1.673215 0.122471
645.5 1.672792 0.122885
646.0 1.672369 0.123583
646.5 1.671948 0.124306
647.0 1.671527 0.125029
647.5 1.671106 0.125752
648.0 1.670687 0.126474
648.5 1.670268 0.127197
649.0 1.669851 0.127920
649.5 1.669435 0.128643
650.0 1.669019 0.129366
650.5 1.668606 0.130089
651.0 1.668193 0.130812
651.5 1.667782 0.131534
652.0 1.667372 0.132257
652.5 1.666964 0.132980
653.0 1.666558 0.133703
653.5 1.666153 0.134426
654.0 1.665750 0.135149
654.5 1.665350 0.135871
655.0 1.664951 0.136594
655.5 1.664554 0.137317
656.0 1.664159 0.138040
656.5 1.663767 0.138763
657.0 1.663377 0.139486
657.5 1.662990 0.140209
658.0 1.662605 0.140931
658.5 1.662222 0.141654
659.0 1.661843 0.142377
659.5 1.661466 0.143100
660.0 1.661092 0.143823
660.5 1.660720 0.144546
661.0 1.660352 0.145268
661.5 1.659987 0.145991
662.0 1.659625 0.146714
662.5 1.659267 0.147437
663.0 1.658912 0.148160
663.5 1.658560 0.148883
664.0 1.658212 0.149606
664.5 1.657867 0.150328
665.0 1.657526 0.151051
665.5 1.657189 0.151774
666.0 1.656855 0.152497
666.5 1.656526 0.153220
667.0 1.656200 0.153943
667.5 1.655879 0.154665
668.0 1.655561 0.155388
668.5 1.655247 0.156111
669.0 1.654937 0.156834
669.5 1.654630 0.157557
670.0 1.654328 0.158280
670.5 1.654029 0.159003
671.0 1.653733 0.159725
671.5 1.653442 0.160594
672.0 1.653154 0.161540
672.5 1.652870 0.162486
673.0 1.652590 0.163431
673.5 1.652313 0.164377
674.0 1.652040 0.165322
674.5 1.651770 0.166268
675.0 1.651504 0.167214
675.5 1.651242 0.168159
676.0 1.650983 0.169105
676.5 1.650728 0.170050
677.0 1.650476 0.170996
677.5 1.650228 0.171942
678.0 1.649983 0.172887
678.5 1.649742 0.173833
679.0 1.649504 0.174779
679.5 1.649269 0.175724
680.0 1.649038 0.176670
680.5 1.648810 0.177615
681.0 1.648586 0.178561
681.5 1.648365 0.179507
682.0 1.648148 0.180452
682.5 1.647935 0.181398
683.0 1.647726 0.182343
683.5 1.647520 0.183289
684.0 1.647319 0.184235
684.5 1.647122 0.185180
685.0 1.646930 0.186126
685.5 1.646742 0.187071
686.0 1.646559 0.188017
686.5 1.646380 0.188963
687.0 1.646206 0.189908
687.5 1.646038 0.190854
688.0 1.645874 0.191800
688.5 1.645716 0.192745
689.0 1.645563 0.193691
689.5 1.645416 0.194636
690.0 1.645274 0.195582
690.5 1.645138 0.196528
691.0 1.645008 0.197473
691.5 1.644884 0.198419
692.0 1.644766 0.199364
692.5 1.644655 0.200310
693.0 1.644549 0.201256
693.5 1.644451 0.202463
694.0 1.644358 0.203787
694.5 1.644273 0.205112
695.0 1.644194 0.206436
695.5 1.644123 0.207761
696.0 1.644058 0.209086
696.5 1.644001 0.210410
697.0 1.643951 0.211735
697.5 1.643908 0.213059
698.0 1.643873 0.214384
698.5 1.643846 0.215709
699.0 1.643827 0.217033
699.5 1.643815 0.218358
700.0 1.643812 0.219682
700.5 1.643817 0.221007
701.0 1.643830 0.222332
701.5 1.643851 0.223656
702.0 1.643880 0.224981
702.5 1.643917 0.226305
703.0 1.643962 0.227630
703.5 1.644015 0.228955
704.0 1.644075 0.230279
704.5 1.644143 0.231604
705.0 1.644219 0.232928
705.5 1.644302 0.234253
706.0 1.644392 0.235578
706.5 1.644490 0.236902
707.0 1.644594 0.238227
707.5 1.644706 0.239551
708.0 1.644825 0.240815
708.5 1.644951 0.241966
709.0 1.645084 0.243116
709.5 1.645223 0.244267
710.0 1.645369 0.245417
710.5 1.645522 0.246568
711.0 1.645681 0.247719
711.5 1.645847 0.248869
712.0 1.646019 0.250020
712.5 1.646197 0.251170
713.0 1.646381 0.252321
713.5 1.646572 0.253471
714.0 1.646769 0.254622
714.5 1.646971 0.255772
715.0 1.647180 0.256923
715.5 1.647394 0.258074
716.0 1.647614 0.259224
716.5 1.647839 0.260375
717.0 1.648070 0.261525
717.5 1.648306 0.262676
718.0 1.648548 0.263826
718.5 1.648795 0.264977
719.0 1.649047 0.266340
719.5 1.649305 0.268091
720.0 1.649568 0.269841
720.5 1.649838 0.271592
721.0 1.650113 0.273342
721.5 1.650394 0.275093
722.0 1.650682 0.276843
722.5 1.650976 0.278594
723.0 1.651277 0.280344
723.5 1.651585 0.282094
724.0 1.651901 0.283845
724.5 1.652224 0.285595
725.0 1.652554 0.287346
725.5 1.652892 0.289096
726.0 1.653238 0.290847
726.5 1.653592 0.292597
727.0 1.653955 0.294348
727.5 1.654326 0.295638
728.0 1.654707 0.296835
728.5 1.655096 0.298033
729.0 1.655494 0.299230
729.5 1.655901 0.300428
730.0 1.656319 0.301625
730.5 1.656745 0.302822
731.0 1.657182 0.304020
731.5 1.657630 0.305217
732.0 1.658087 0.306415
732.5 1.658555 0.307612
733.0 1.659034 0.308809
733.5 1.659524 0.310007
734.0 1.660024 0.311204
734.5 1.660537 0.312401
735.0 1.661061 0.313599
735.5 1.661596 0.314796
736.0 1.662144 0.315994
736.5 1.662703 0.317191
737.0 1.663275 0.318388
737.5 1.663860 0.319586
738.0 1.664457 0.320783
738.5 1.665068 0.321980
739.0 1.665691 0.323178
739.5 1.666328 0.324375
740.0 1.666978 0.325606
740.5 1.667642 0.327002
741.0 1.668320 0.328398
741.5 1.669013 0.329795
742.0 1.669720 0.331191
742.5 1.670441 0.332587
743.0 1.671178 0.333983
743.5 1.671929 0.335380
744.0 1.672696 0.336776
744.5 1.673479 0.338172
745.0 1.674277 0.339568
745.5 1.675092 0.340964
746.0 1.675923 0.342361
746.5 1.676770 0.343757
747.0 1.677634 0.345153
747.5 1.678515 0.346549
748.0 1.679414 0.347945
748.5 1.680329 0.349342
749.0 1.681263 0.350738
749.5 1.682214 0.352134
750.0 1.683183 0.353530
750.5 1.684171 0.354927
751.0 1.685177 0.356327
751.5 1.686202 0.357751
752.0 1.687247 0.359174
752.5 1.688310 0.360598
753.0 1.689393 0.362021
753.5 1.690495 0.363445
754.0 1.691618 0.364868
754.5 1.692760 0.366292
755.0 1.693923 0.367715
755.5 1.695107 0.369138
756.0 1.696312 0.370562
756.5 1.697537 0.371985
757.0 1.698784 0.373409
757.5 1.700052 0.374832
758.0 1.701343 0.376256
758.5 1.702655 0.377679
759.0 1.703989 0.379103
759.5 1.705346 0.380313
760.0 1.706725 0.381409
760.5 1.708127 0.382505
761.0 1.709551 0.383601
761.5 1.710996 0.384697
762.0 1.712462 0.385793
762.5 1.713948 0.386889
763.0 1.715455 0.387985
763.5 1.716980 0.389081
764.0 1.718525 0.390177
764.5 1.720088 0.391272
765.0 1.721668 0.392368
765.5 1.723266 0.393464
766.0 1.724881 0.394560
766.5 1.726512 0.395656
767.0 1.728159 0.396752
767.5 1.729821 0.397817
768.0 1.731497 0.398714
768.5 1.733188 0.399611
769.0 1.734893 0.400508
769.5 1.736610 0.401405
770.0 1.738341 0.402303
770.5 1.740083 0.403200
771.0 1.741838 0.404097
771.5 1.743603 0.404994
772.0 1.745379 0.405891
772.5 1.747165 0.406788
773.0 1.748961 0.407685
773.5 1.750765 0.408583
774.0 1.752579 0.409480
774.5 1.754400 0.410377
775.0 1.756229 0.411274
775.5 1.758065 0.412171
776.0 1.759907 0.413068
776.5 1.761755 0.413965
777.0 1.763609 0.414862
777.5 1.765468 0.415759
778.0 1.767331 0.416605
778.5 1.769198 0.417451
779.0 1.771069 0.418297
779.5 1.772942 0.419143
780.0 1.774818 0.419989
780.5 1.776696 0.420835
781.0 1.778575 0.421681
781.5 1.780454 0.422527
782.0 1.782335 0.423373
782.5 1.784215 0.424219
783.0 1.786094 0.425065
783.5 1.787972 0.425911
784.0 1.789848 0.426654
784.5 1.791723 0.426950
785.0 1.793594 0.427247
785.5 1.795462 0.427543
786.0 1.797326 0.427840
786.5 1.799186 0.428136
787.0 1.801042 0.428433
787.5 1.802893 0.428729
788.0 1.804740 0.429026
788.5 1.806581 0.429322
789.0 1.808416 0.429619
789.5 1.810246 0.429915
790.0 1.812070 0.430212
790.5 1.813888 0.430508
791.0 1.815700 0.430805
791.5 1.817504 0.431101
792.0 1.819302 0.431398
792.5 1.821093 0.431694
793.0 1.822876 0.431991
793.5 1.824651 0.432169
794.0 1.826419 0.432334
794.5 1.828178 0.432499
795.0 1.829929 0.432663
795.5 1.831671 0.432828
796.0 1.833404 0.432993
796.5 1.835128 0.433158
797.0 1.836842 0.433322
797.5 1.838546 0.433487
798.0 1.840241 0.433652
798.5 1.841925 0.433817
799.0 1.843599 0.433982
799.5 1.845262 0.434146
800.0 1.846914 0.434311
800.5 1.848555 0.434476
801.0 1.850184 0.434641
801.5 1.851801 0.434806
802.0 1.853406 0.434970
802.5 1.855000 0.435135
803.0 1.856580 0.435300
803.5 1.858148 0.435465
804.0 1.859702 0.435630
804.5 1.861243 0.435738
805.0 1.862771 0.435844
805.5 1.864285 0.435950
806.0 1.865785 0.436056
806.5 1.867270 0.436162
807.0 1.868741 0.436268
807.5 1.870197 0.436373
808.0 1.871638 0.436479
808.5 1.873063 0.436585
809.0 1.874473 0.436691
809.5 1.875869 0.436797
810.0 1.877253 0.436903
810.5 1.878626 0.437009
811.0 1.879991 0.437115
811.5 1.881350 0.437221
812.0 1.882704 0.437327
812.5 1.884056 0.437433
813.0 1.885407 0.437539
813.5 1.886760 0.437645
814.0 1.888117 0.437751
814.5 1.889479 0.437857
815.0 1.890848 0.437963
815.5 1.892227 0.438069
816.0 1.893617 0.438175
816.5 1.895020 0.438281
817.0 1.896439 0.438364
817.5 1.897875 0.438409
818.0 1.899330 0.438454
818.5 1.900806 0.438499
819.0 1.902306 0.438544
819.5 1.903831 0.438589
820.0 1.905383 0.438634
820.5 1.906964 0.438679
821.0 1.908576 0.438724
821.5 1.910221 0.438769
822.0 1.911901 0.438814
822.5 1.913617 0.438859
823.0 1.915373 0.438903
823.5 1.917170 0.438948
824.0 1.919010 0.438993
824.5 1.920894 0.439038
825.0 1.922825 0.439083
825.5 1.924805 0.439128
826.0 1.926835 0.439173
826.5 1.928911 0.439218
827.0 1.931032 0.439239
827.5 1.933194 0.439194
828.0 1.935394 0.439149
828.5 1.937628 0.439104
829.0 1.939895 0.439059
829.5 1.942190 0.439014
830.0 1.944511 0.438969
830.5 1.946855 0.438924
831.0 1.949218 0.438879
831.5 1.951598 0.438834
832.0 1.953991 0.438789
832.5 1.956395 0.438744
833.0 1.958806 0.438700
833.5 1.961221 0.438655
834.0 1.963638 0.438610
834.5 1.966053 0.438565
835.0 1.968463 0.438520
835.5 1.970865 0.438475
836.0 1.973257 0.438430
836.5 1.975634 0.438385
837.0 1.977994 0.438285
837.5 1.980334 0.437914
838.0 1.982651 0.437542
838.5 1.984942 0.437171
839.0 1.987203 0.436800
839.5 1.989432 0.436429
840.0 1.991625 0.436057
840.5 1.993780 0.435686
841.0 1.995894 0.435315
841.5 1.997966 0.434943
842.0 2.000001 0.434572
842.5 2.001999 0.434201
843.0 2.003967 0.433829
843.5 2.005905 0.433458
844.0 2.007817 0.433087
844.5 2.009708 0.432407
845.0 2.011579 0.431486
845.5 2.013434 0.430565
846.0 2.015276 0.429644
846.5 2.017108 0.428724
847.0 2.018934 0.427803
847.5 2.020756 0.426882
848.0 2.022578 0.425961
848.5 2.024403 0.425041
849.0 2.026235 0.424120
849.5 2.028075 0.423199
850.0 2.029928 0.422279
850.5 2.031797 0.421358
851.0 2.033684 0.420380
851.5 2.035594 0.419389
852.0 2.037528 0.418397
852.5 2.039491 0.417405
853.0 2.041486 0.416413
853.5 2.043515 0.415422
854.0 2.045582 0.414430
854.5 2.047689 0.413438
855.0 2.049842 0.412446
855.5 2.052041 0.411455
856.0 2.054291 0.410463
856.5 2.056595 0.409471
857.0 2.058955 0.408480
857.5 2.061372 0.407488
858.0 2.063838 0.406496
858.5 2.066348 0.405504
859.0 2.068894 0.404256
859.5 2.071471 0.402616
860.0 2.074071 0.400977
860.5 2.076688 0.399338
861.0 2.079316 0.397699
861.5 2.081948 0.396060
862.0 2.084578 0.394421
862.5 2.087199 0.392782
863.0 2.089804 0.391143
863.5 2.092387 0.389504
864.0 2.094942 0.387864
864.5 2.097461 0.386225
865.0 2.099939 0.384586
865.5 2.102369 0.382947
866.0 2.104744 0.381308
866.5 2.107058 0.379669
867.0 2.109304 0.378030
867.5 2.111490 0.376391
868.0 2.113634 0.374625
868.5 2.115757 0.372359
869.0 2.117879 0.370093
869.5 2.120020 0.367826
870.0 2.122200 0.365560
870.5 2.124439 0.363293
871.0 2.126758 0.361027
871.5 2.129176 0.358760
872.0 2.131714 0.356494
872.5 2.134384 0.354228
873.0 2.137142 0.351961
873.5 2.139915 0.349695
874.0 2.142631 0.347428
874.5 2.145215 0.345162
875.0 2.147595 0.342895
875.5 2.149704 0.340629
876.0 2.151542 0.338363
876.5 2.153152 0.335992
877.0 2.154581 0.333603
877.5 2.155876 0.331214
878.0 2.157082 0.328826
878.5 2.158245 0.326437
879.0 2.159411 0.324048
879.5 2.160619 0.321659
880.0 2.161874 0.319270
880.5 2.163173 0.316881
881.0 2.164515 0.314493
881.5 2.165898 0.312104
882.0 2.167320 0.309715
882.5 2.168779 0.307326
883.0 2.170271 0.304937
883.5 2.171797 0.302549
884.0 2.173352 0.300160
884.5 2.174936 0.297771
885.0 2.176538 0.295382
885.5 2.178133 0.292300
886.0 2.179696 0.288908
886.5 2.181202 0.285515
887.0 2.182625 0.282122
887.5 2.183939 0.278729
888.0 2.185120 0.275336
888.5 2.186144 0.271943
889.0 2.187013 0.268550
889.5 2.187745 0.265157
890.0 2.188360 0.261764
890.5 2.188877 0.258371
891.0 2.189314 0.254978
891.5 2.189690 0.251585
892.0 2.190026 0.248192
892.5 2.190339 0.244799
893.0 2.190648 0.241406
893.5 2.190958 0.238013
894.0 2.191261 0.234620
894.5 2.191550 0.231794
895.0 2.191815 0.229384
895.5 2.192047 0.226974
896.0 2.192239 0.224564
896.5 2.192382 0.222154
897.0 2.192467 0.219744
897.5 2.192485 0.217334
898.0 2.192432 0.214924
898.5 2.192308 0.212515
899.0 2.192114 0.210105
899.5 2.191851 0.207695
900.0 2.191518 0.205285
900.5 2.191118 0.202875
901.0 2.190651 0.200465
901.5 2.190117 0.198055
902.0 2.189518 0.195645
902.5 2.188854 0.193235
903.0 2.188126 0.190826
903.5 2.187335 0.188416
904.0 2.186483 0.186006
904.5 2.185578 0.183596
905.0 2.184628 0.181186
905.5 2.183641 0.178776
906.0 2.182626 0.176366
906.5 2.181592 0.173956
907.0 2.180545 0.171546
907.5 2.179496 0.169136
908.0 2.178451 0.166727
908.5 2.177420 0.164317
909.0 2.176411 0.161907
909.5 2.175431 0.159497
910.0 2.174489 0.157087
910.5 2.173583 0.154677
911.0 2.172712 0.152267
911.5 2.171873 0.149864
912.0 2.171065 0.147542
912.5 2.170286 0.145220
913.0 2.169532 0.142898
913.5 2.168803 0.140575
914.0 2.168096 0.138253
914.5 2.167410 0.135931
915.0 2.166741 0.133609
915.5 2.166088 0.131287
916.0 2.165448 0.128965
916.5 2.164821 0.126643
917.0 2.164202 0.124321
917.5 2.163592 0.121999
918.0 2.162986 0.119677
918.5 2.162384 0.117355
919.0 2.161783 0.115033
919.5 2.161181 0.112711
920.0 2.160576 0.111215
920.5 2.159966 0.110032
921.0 2.159349 0.108849
921.5 2.158722 0.107665
922.0 2.158084 0.106482
922.5 2.157433 0.105299
923.0 2.156765 0.104116
923.5 2.156080 0.102933
924.0 2.155376 0.101750
924.5 2.154649 0.100567
925.0 2.153898 0.099384
925.5 2.153122 0.098201
926.0 2.152323 0.097018
926.5 2.151500 0.095835
927.0 2.150655 0.094652
927.5 2.149787 0.093469
928.0 2.148899 0.092286
928.5 2.147991 0.091103
929.0 2.147063 0.089920
929.5 2.146117 0.088737
930.0 2.145153 0.087554
930.5 2.144172 0.086371
931.0 2.143174 0.085188
931.5 2.142161 0.084011
932.0 2.141133 0.082974
932.5 2.140092 0.081937
933.0 2.139037 0.080900
933.5 2.137969 0.079863
934.0 2.136890 0.078826
934.5 2.135801 0.077789
935.0 2.134701 0.076752
935.5 2.133592 0.075715
936.0 2.132474 0.074679
936.5 2.131349 0.073642
937.0 2.130216 0.072605
937.5 2.129078 0.071568
938.0 2.127934 0.070531
938.5 2.126785 0.069494
939.0 2.125633 0.068457
939.5 2.124477 0.067420
940.0 2.123320 0.066383
940.5 2.122160 0.065346
941.0 2.121000 0.064309
941.5 2.119840 0.063272
942.0 2.118681 0.062280
942.5 2.117524 0.061289
943.0 2.116369 0.060297
943.5 2.115217 0.059305
944.0 2.114069 0.058313
944.5 2.112925 0.057322
945.0 2.111787 0.056330
945.5 2.110656 0.055338
946.0 2.109531 0.054346
946.5 2.108413 0.053355
947.0 2.107302 0.052363
947.5 2.106197 0.051371
948.0 2.105099 0.050380
948.5 2.104008 0.049388
949.0 2.102923 0.048396
949.5 2.101845 0.047404
950.0 2.100773 0.046413
950.5 2.099707 0.045421
951.0 2.098648 0.044647
951.5 2.097595 0.043939
952.0 2.096549 0.043231
952.5 2.095509 0.042524
953.0 2.094475 0.041816
953.5 2.093447 0.041108
954.0 2.092425 0.040400
954.5 2.091409 0.039692
955.0 2.090400 0.038984
955.5 2.089396 0.038276
956.0 2.088398 0.037569
956.5 2.087406 0.036861
957.0 2.086420 0.036153
957.5 2.085440 0.035445
958.0 2.084465 0.034737
958.5 2.083497 0.034029
959.0 2.082534 0.033321
959.5 2.081576 0.032614
960.0 2.080624 0.031906
960.5 2.079678 0.031198
961.0 2.078737 0.030490
961.5 2.077802 0.029782
962.0 2.076872 0.029074
962.5 2.075947 0.028366
963.0 2.075028 0.027659
963.5 2.074114 0.027048
964.0 2.073205 0.026759
964.5 2.072302 0.026470
965.0 2.071403 0.026181
965.5 2.070510 0.025893
966.0 2.069621 0.025604
966.5 2.068738 0.025315
967.0 2.067860 0.025026
967.5 2.066987 0.024738
968.0 2.066119 0.024449
968.5 2.065255 0.024160
969.0 2.064397 0.023872
969.5 2.063544 0.023583
970.0 2.062696 0.023294
970.5 2.061853 0.023005
971.0 2.061015 0.022717
971.5 2.060182 0.022428
972.0 2.059354 0.022139
972.5 2.058531 0.021851
973.0 2.057714 0.021562
973.5 2.056901 0.021273
974.0 2.056093 0.020984
974.5 2.055291 0.020691
975.0 2.054493 0.020386
975.5 2.053700 0.020081
976.0 2.052913 0.019777
976.5 2.052130 0.019472
977.0 2.051353 0.019168
977.5 2.050581 0.018863
978.0 2.049813 0.018558
978.5 2.049051 0.018254
979.0 2.048294 0.017949
979.5 2.047542 0.017645
980.0 2.046795 0.017340
980.5 2.046053 0.017035
981.0 2.045316 0.016731
981.5 2.044584 0.016426
982.0 2.043858 0.016122
982.5 2.043136 0.015817
983.0 2.042419 0.015512
983.5 2.041708 0.015208
984.0 2.041002 0.014903
984.5 2.040300 0.014599
985.0 2.039604 0.014294
985.5 2.038913 0.013989
986.0 2.038227 0.013685
986.5 2.037546 0.013461
987.0 2.036870 0.013296
987.5 2.036200 0.013131
988.0 2.035534 0.012966
988.5 2.034873 0.012802
989.0 2.034218 0.012637
989.5 2.033568 0.012472
990.0 2.032922 0.012307
990.5 2.032282 0.012142
991.0 2.031647 0.011977
991.5 2.031017 0.011812
992.0 2.030392 0.011647
992.5 2.029772 0.011482
993.0 2.029156 0.011317
993.5 2.028545 0.011152
994.0 2.027938 0.010987
994.5 2.027336 0.010822
995.0 2.026738 0.010657
995.5 2.026144 0.010492
996.0 2.025554 0.010328
996.5 2.024968 0.010163
997.0 2.024387 0.009998
997.5 2.023809 0.009833
998.0 2.023234 0.009668
998.5 2.022663 0.009503
999.0 2.022096 0.009338
999.5 2.021532 0.009173
1000.0 2.020972 0.009031
1000.5 2.020414 0.008995
1001.0 2.019860 0.008958
1001.5 2.019308 0.008922
1002.0 2.018760 0.008885
1002.5 2.018214 0.008848
1003.0 2.017671 0.008812
1003.5 2.017131 0.008775
1004.0 2.016593 0.008738
1004.5 2.016058 0.008702
1005.0 2.015525 0.008665
1005.5 2.014994 0.008628
1006.0 2.014465 0.008592
1006.5 2.013938 0.008555
1007.0 2.013413 0.008518
1007.5 2.012890 0.008482
1008.0 2.012369 0.008445
1008.5 2.011849 0.008409
1009.0 2.011330 0.008372
1009.5 2.010814 0.008335
1010.0 2.010298 0.008299
1010.5 2.009784 0.008262
1011.0 2.009270 0.008225
1011.5 2.008758 0.008189
1012.0 2.008247 0.008152
1012.5 2.007736 0.008115
1013.0 2.007226 0.008079
1013.5 2.006717 0.008042
1014.0 2.006208 0.008006
1014.5 2.005700 0.007969
1015.0 2.005192 0.007932
1015.5 2.004685 0.007896
1016.0 2.004177 0.007859
1016.5 2.003669 0.007822
1017.0 2.003162 0.007786
1017.5 2.002654 0.007749
1018.0 2.002146 0.007712
1018.5 2.001637 0.007676
1019.0 2.001128 0.007639
1019.5 2.000619 0.007602
1020.0 2.000109 0.007566
1020.5 1.999598 0.007529
1021.0 1.999086 0.007493
1021.5 1.998573 0.007456
1022.0 1.998059 0.007419
1022.5 1.997545 0.007383
1023.0 1.997030 0.007346
1023.5 1.996515 0.007309
1024.0 1.995999 0.007273
1024.5 1.995482 0.007236
1025.0 1.994966 0.007205
1025.5 1.994449 0.007175
1026.0 1.993932 0.007144
1026.5 1.993415 0.007114
1027.0 1.992898 0.007084
1027.5 1.992381 0.007053
1028.0 1.991864 0.007023
1028.5 1.991348 0.006993
1029.0 1.990832 0.006963
1029.5 1.990316 0.006932
1030.0 1.989801 0.006902
1030.5 1.989287 0.006872
1031.0 1.988773 0.006841
1031.5 1.988261 0.006811
1032.0 1.987749 0.006781
1032.5 1.987238 0.006751
1033.0 1.986728 0.006720
1033.5 1.986219 0.006690
1034.0 1.985712 0.006660
1034.5 1.985206 0.006629
1035.0 1.984701 0.006599
1035.5 1.984198 0.006569
1036.0 1.983697 0.006539
1036.5 1.983197 0.006508
1037.0 1.982699 0.006478
1037.5 1.982203 0.006448
1038.0 1.981708 0.006417
1038.5 1.981216 0.006387
1039.0 1.980726 0.006357
1039.5 1.980238 0.006327
1040.0 1.979753 0.006296
1040.5 1.979269 0.006266
1041.0 1.978788 0.006236
1041.5 1.978310 0.006205
1042.0 1.977835 0.006175
1042.5 1.977362 0.006145
1043.0 1.976892 0.006115
1043.5 1.976424 0.006084
1044.0 1.975960 0.006054
1044.5 1.975499 0.006024
1045.0 1.975041 0.005994
1045.5 1.974586 0.005963
1046.0 1.974135 0.005933
1046.5 1.973687 0.005903
1047.0 1.973242 0.005872
1047.5 1.972801 0.005842
1048.0 1.972364 0.005812
1048.5 1.971930 0.005782
1049.0 1.971501 0.005751
1049.5 1.971075 0.005721
1050.0 1.970653 0.005691
1050.5 1.970236 0.005660
1051.0 1.969822 0.005630
1051.5 1.969413 0.005600
1052.0 1.969008 0.005570
1052.5 1.968608 0.005539
1053.0 1.968212 0.005509
1053.5 1.967821 0.005479
1054.0 1.967434 0.005448
1054.5 1.967052 0.005418
1055.0 1.966675 0.005388
1055.5 1.966304 0.005358
1056.0 1.965937 0.005327
1056.5 1.965575 0.005297
1057.0 1.965218 0.005267
1057.5 1.964867 0.005236
1058.0 1.964520 0.005206
1058.5 1.964178 0.005176
1059.0 1.963841 0.005146
1059.5 1.963508 0.005115
1060.0 1.963181 0.005085
1060.5 1.962857 0.005055
1061.0 1.962539 0.005024
1061.5 1.962225 0.004994
1062.0 1.961915 0.004964
1062.5 1.961610 0.004934
1063.0 1.961309 0.004903
1063.5 1.961012 0.004873
1064.0 1.960720 0.004843
1064.5 1.960431 0.004812
1065.0 1.960147 0.004782
1065.5 1.959866 0.004752
1066.0 1.959590 0.004722
1066.5 1.959317 0.004691
1067.0 1.959048 0.004661
1067.5 1.958783 0.004631
1068.0 1.958522 0.004600
1068.5 1.958264 0.004570
1069.0 1.958010 0.004540
1069.5 1.957759 0.004497
1070.0 1.957512 0.004425
1070.5 1.957268 0.004353
1071.0 1.957027 0.004280
1071.5 1.956790 0.004208
1072.0 1.956555 0.004136
1072.5 1.956324 0.004064
1073.0 1.956096 0.003992
1073.5 1.955871 0.003920
1074.0 1.955649 0.003848
1074.5 1.955430 0.003776
1075.0 1.955213 0.003704
1075.5 1.954999 0.003632
1076.0 1.954788 0.003560
1076.5 1.954580 0.003488
1077.0 1.954374 0.003416
1077.5 1.954171 0.003343
1078.0 1.953970 0.003271
1078.5 1.953771 0.003199
1079.0 1.953575 0.003127
1079.5 1.953381 0.003055
1080.0 1.953189 0.002983
1080.5 1.952999 0.002911
1081.0 1.952811 0.002839
1081.5 1.952626 0.002767
1082.0 1.952442 0.002695
1082.5 1.952260 0.002623
1083.0 1.952080 0.002551
1083.5 1.951901 0.002479
1084.0 1.951725 0.002406
1084.5 1.951550 0.002334
1085.0 1.951376 0.002262
1085.5 1.951204 0.002190
1086.0 1.951034 0.002118
1086.5 1.950864 0.002046
1087.0 1.950697 0.001974
1087.5 1.950530 0.001902
1088.0 1.950364 0.001830
1088.5 1.950200 0.001758
1089.0 1.950037 0.001686
1089.5 1.949874 0.001614
1090.0 1.949713 0.001542
1090.5 1.949553 0.001469
1091.0 1.949393 0.001397
1091.5 1.949234 0.001325
1092.0 1.949076 0.001253
1092.5 1.948918 0.001181
1093.0 1.948761 0.001109
1093.5 1.948604 0.001037
1094.0 1.948448 0.000965
1094.5 1.948293 0.000893
1095.0 1.948137 0.000821
1095.5 1.947982 0.000749
1096.0 1.947827 0.000677
1096.5 1.947672 0.000605
1097.0 1.947517 0.000532
1097.5 1.947362 0.000460
1098.0 1.947207 0.000388
1098.5 1.947052 0.000316
1099.0 1.946897 0.000244
1099.5 1.946742 0.000172
1100.0 1.946586 0.000100
1100.5 1.946430 0.000100
1101.0 1.946273 0.000100
1101.5 1.946117 0.000099
1102.0 1.945960 0.000099
1102.5 1.945803 0.000099
1103.0 1.945645 0.000099
1103.5 1.945487 0.000098
1104.0 1.945329 0.000098
1104.5 1.945171 0.000098
1105.0 1.945012 0.000097
1105.5 1.944854 0.000097
1106.0 1.944695 0.000097
1106.5 1.944535 0.000097
1107.0 1.944376 0.000097
1107.5 1.944216 0.000096
1108.0 1.944056 0.000096
1108.5 1.943896 0.000096
1109.0 1.943735 0.000096
1109.5 1.943575 0.000095
1110.0 1.943414 0.000095
1110.5 1.943253 0.000095
1111.0 1.943091 0.000094
1111.5 1.942930 0.000094
1112.0 1.942768 0.000094
1112.5 1.942606 0.000094
1113.0 1.942444 0.000094
1113.5 1.942282 0.000093
1114.0 1.942120 0.000093
1114.5 1.941957 0.000093
1115.0 1.941794 0.000093
1115.5 1.941631 0.000092
1116.0 1.941468 0.000092
1116.5 1.941305 0.000092
1117.0 1.941141 0.000092
1117.5 1.940978 0.000091
1118.0 1.940814 0.000091
1118.5 1.940650 0.000091
1119.0 1.940486 0.000091
1119.5 1.940322 0.000090
1120.0 1.940158 0.000090
1120.5 1.939993 0.000090
1121.0 1.939829 0.000090
1121.5 1.939664 0.000089
1122.0 1.939499 0.000089
1122.5 1.939334 0.000089
1123.0 1.939169 0.000089
1123.5 1.939004 0.000088
1124.0 1.938839 0.000088
1124.5 1.938674 0.000088
1125.0 1.938509 0.000087
1125.5 1.938343 0.000087
1126.0 1.938178 0.000087
1126.5 1.938012 0.000087
1127.0 1.937846 0.000087
1127.5 1.937681 0.000086
1128.0 1.937515 0.000086
1128.5 1.937349 0.000086
1129.0 1.937183 0.000086
1129.5 1.937017 0.000085
1130.0 1.936851 0.000085
1130.5 1.936685 0.000085
1131.0 1.936519 0.000085
1131.5 1.936353 0.000084
1132.0 1.936187 0.000084
1132.5 1.936021 0.000084
1133.0 1.935854 0.000083
1133.5 1.935688 0.000083
1134.0 1.935522 0.000083
1134.5 1.935356 0.000083
1135.0 1.935190 0.000082
1135.5 1.935023 0.000082
1136.0 1.934857 0.000082
1136.5 1.934691 0.000082
1137.0 1.934525 0.000082
1137.5 1.934359 0.000081
1138.0 1.934192 0.000081
1138.5 1.934026 0.000081
1139.0 1.933860 0.000080
1139.5 1.933694 0.000080
1140.0 1.933528 0.000080
1140.5 1.933362 0.000080
1141.0 1.933196 0.000080
1141.5 1.933031 0.000079
1142.0 1.932865 0.000079
1142.5 1.932699 0.000079
1143.0 1.932534 0.000079
1143.5 1.932368 0.000078
1144.0 1.932203 0.000078
1144.5 1.932037 0.000078
1145.0 1.931872 0.000077
1145.5 1.931707 0.000077
1146.0 1.931542 0.000077
1146.5 1.931377 0.000077
1147.0 1.931212 0.000077
1147.5 1.931048 0.000076
1148.0 1.930883 0.000076
1148.5 1.930719 0.000076
1149.0 1.930555 0.000076
1149.5 1.930391 0.000075
1150.0 1.930227 0.000075
1150.5 1.930063 0.000075
1151.0 1.929900 0.000075
1151.5 1.929736 0.000074
1152.0 1.929573 0.000074
1152.5 1.929410 0.000074
1153.0 1.929248 0.000073
1153.5 1.929085 0.000073
1154.0 1.928923 0.000073
1154.5 1.928760 0.000073
1155.0 1.928598 0.000073
1155.5 1.928437 0.000072
1156.0 1.928275 0.000072
1156.5 1.928114 0.000072
1157.0 1.927953 0.000072
1157.5 1.927792 0.000071
1158.0 1.927632 0.000071
1158.5 1.927471 0.000071
1159.0 1.927311 0.000071
1159.5 1.927151 0.000070
1160.0 1.926992 0.000070
1160.5 1.926833 0.000070
1161.0 1.926674 0.000070
1161.5 1.926515 0.000069
1162.0 1.926357 0.000069
1162.5 1.926199 0.000069
1163.0 1.926041 0.000069
1163.5 1.925884 0.000068
1164.0 1.925727 0.000068
1164.5 1.925570 0.000068
1165.0 1.925413 0.000068
1165.5 1.925257 0.000067
1166.0 1.925101 0.000067
1166.5 1.924946 0.000067
1167.0 1.924791 0.000067
1167.5 1.924636 0.000066
1168.0 1.924482 0.000066
1168.5 1.924328 0.000066
1169.0 1.924174 0.000066
1169.5 1.924021 0.000065
1170.0 1.923868 0.000065
1170.5 1.923716 0.000065
1171.0 1.923563 0.000065
1171.5 1.923412 0.000064
1172.0 1.923261 0.000064
1172.5 1.923110 0.000064
1173.0 1.922959 0.000063
1173.5 1.922809 0.000063
1174.0 1.922660 0.000063
1174.5 1.922510 0.000063
1175.0 1.922362 0.000063
1175.5 1.922213 0.000062
1176.0 1.922066 0.000062
1176.5 1.921918 0.000062
1177.0 1.921771 0.000062
1177.5 1.921625 0.000061
1178.0 1.921479 0.000061
1178.5 1.921334 0.000061
1179.0 1.921189 0.000061
1179.5 1.921044 0.000060
1180.0 1.920900 0.000060
1180.5 1.920757 0.000060
1181.0 1.920614 0.000060
1181.5 1.920471 0.000059
1182.0 1.920329 0.000059
1182.5 1.920188 0.000059
1183.0 1.920047 0.000058
1183.5 1.919906 0.000058
1184.0 1.919767 0.000058
1184.5 1.919627 0.000058
1185.0 1.919488 0.000057
1185.5 1.919350 0.000057
1186.0 1.919212 0.000057
1186.5 1.919075 0.000057
1187.0 1.918938 0.000056
1187.5 1.918802 0.000056
1188.0 1.918666 0.000056
1188.5 1.918531 0.000056
1189.0 1.918396 0.000055
1189.5 1.918261 0.000055
1190.0 1.918128 0.000055
1190.5 1.917994 0.000055
1191.0 1.917861 0.000054
1191.5 1.917729 0.000054
1192.0 1.917597 0.000054
1192.5 1.917466 0.000054
1193.0 1.917335 0.000053
1193.5 1.917204 0.000053
1194.0 1.917074 0.000053
1194.5 1.916945 0.000053
1195.0 1.916816 0.000053
1195.5 1.916687 0.000052
1196.0 1.916559 0.000052
1196.5 1.916431 0.000052
1197.0 1.916304 0.000052
1197.5 1.916178 0.000051
1198.0 1.916051 0.000051
1198.5 1.915926 0.000051
1199.0 1.915800 0.000051
1199.5 1.915675 0.000050
1200.0 1.915551 0.000050
1200.5 1.915427 0.000050
1201.0 1.915303 0.000050
1201.5 1.915180 0.000049
1202.0 1.915058 0.000049
1202.5 1.914935 0.000049
1203.0 1.914814 0.000048
1203.5 1.914692 0.000048
1204.0 1.914571 0.000048
1204.5 1.914451 0.000048
1205.0 1.914331 0.000048
1205.5 1.914211 0.000047
1206.0 1.914092 0.000047
1206.5 1.913974 0.000047
1207.0 1.913855 0.000046
1207.5 1.913737 0.000046
1208.0 1.913620 0.000046
1208.5 1.913503 0.000046
1209.0 1.913386 0.000046
1209.5 1.913270 0.000045
1210.0 1.913154 0.000045
1210.5 1.913039 0.000045
1211.0 1.912924 0.000044
1211.5 1.912809 0.000044
1212.0 1.912695 0.000044
1212.5 1.912581 0.000044
1213.0 1.912468 0.000044
1213.5 1.912355 0.000043
1214.0 1.912242 0.000043
1214.5 1.912130 0.000043
1215.0 1.912018 0.000043
1215.5 1.911907 0.000042
1216.0 1.911796 0.000042
1216.5 1.911685 0.000042
1217.0 1.911575 0.000042
1217.5 1.911465 0.000041
1218.0 1.911355 0.000041
1218.5 1.911246 0.000041
1219.0 1.911137 0.000041
1219.5 1.911029 0.000040
1220.0 1.910921 0.000040
1220.5 1.910813 0.000040
1221.0 1.910706 0.000040
1221.5 1.910599 0.000039
1222.0 1.910493 0.000039
1222.5 1.910386 0.000039
1223.0 1.910281 0.000039
1223.5 1.910175 0.000038
1224.0 1.910070 0.000038
1224.5 1.909965 0.000038
1225.0 1.909861 0.000038
1225.5 1.909757 0.000037
1226.0 1.909653 0.000037
1226.5 1.909550 0.000037
1227.0 1.909447 0.000036
1227.5 1.909344 0.000036
1228.0 1.909242 0.000036
1228.5 1.909140 0.000036
1229.0 1.909038 0.000036
1229.5 1.908937 0.000035
1230.0 1.908836 0.000035
1230.5 1.908735 0.000035
1231.0 1.908635 0.000034
1231.5 1.908534 0.000034
1232.0 1.908435 0.000034
1232.5 1.908335 0.000034
1233.0 1.908236 0.000034
1233.5 1.908138 0.000033
1234.0 1.908039 0.000033
1234.5 1.907941 0.000033
1235.0 1.907843 0.000032
1235.5 1.907746 0.000032
1236.0 1.907649 0.000032
1236.5 1.907552 0.000032
1237.0 1.907455 0.000031
1237.5 1.907359 0.000031
1238.0 1.907263 0.000031
1238.5 1.907167 0.000031
1239.0 1.907072 0.000031
1239.5 1.906977 0.000030
1240.0 1.906882 0.000030
1240.5 1.906787 0.000030
1241.0 1.906693 0.000030
1241.5 1.906599 0.000029
1242.0 1.906505 0.000029
1242.5 1.906412 0.000029
1243.0 1.906319 0.000029
1243.5 1.906226 0.000028
1244.0 1.906134 0.000028
1244.5 1.906041 0.000028
1245.0 1.905949 0.000028
1245.5 1.905857 0.000027
1246.0 1.905766 0.000027
1246.5 1.905675 0.000027
1247.0 1.905584 0.000027
1247.5 1.905493 0.000026
1248.0 1.905403 0.000026
1248.5 1.905313 0.000026
1249.0 1.905223 0.000026
1249.5 1.905133 0.000025
1250.0 1.905044 0.000025
1250.5 1.904954 0.000025
1251.0 1.904865 0.000024
1251.5 1.904777 0.000024
1252.0 1.904688 0.000024
1252.5 1.904600 0.000024
1253.0 1.904512 0.000023
1253.5 1.904424 0.000023
1254.0 1.904337 0.000023
1254.5 1.904250 0.000023
1255.0 1.904163 0.000022
1255.5 1.904076 0.000022
1256.0 1.903989 0.000022
1256.5 1.903903 0.000022
1257.0 1.903817 0.000021
1257.5 1.903731 0.000021
1258.0 1.903645 0.000021
1258.5 1.903559 0.000021
1259.0 1.903474 0.000020
1259.5 1.903389 0.000020
1260.0 1.903304 0.000020
1260.5 1.903219 0.000020
1261.0 1.903134 0.000019
1261.5 1.903050 0.000019
1262.0 1.902966 0.000019
1262.5 1.902882 0.000019
1263.0 1.902798 0.000019
1263.5 1.902714 0.000018
1264.0 1.902630 0.000018
1264.5 1.902547 0.000018
1265.0 1.902464 0.000018
1265.5 1.902381 0.000017
1266.0 1.902298 0.000017
1266.5 1.902215 0.000017
1267.0 1.902133 0.000017
1267.5 1.902050 0.000016
1268.0 1.901968 0.000016
1268.5 1.901886 0.000016
1269.0 1.901804 0.000016
1269.5 1.901722 0.000015
1270.0 1.901640 0.000015
1270.5 1.901559 0.000015
1271.0 1.901477 0.000015
1271.5 1.901396 0.000014
1272.0 1.901315 0.000014
1272.5 1.901234 0.000014
1273.0 1.901153 0.000014
1273.5 1.901072 0.000013
1274.0 1.900991 0.000013
1274.5 1.900910 0.000013
1275.0 1.900830 0.000013
1275.5 1.900750 0.000012
1276.0 1.900669 0.000012
1276.5 1.900589 0.000012
1277.0 1.900509 0.000012
1277.5 1.900429 0.000011
1278.0 1.900349 0.000011
1278.5 1.900269 0.000011
1279.0 1.900189 0.000010
1279.5 1.900110 0.000010
1280.0 1.900030 0.000010
1280.5 1.899951 0.000010
1281.0 1.899871 0.000009
1281.5 1.899792 0.000009
1282.0 1.899713 0.000009
1282.5 1.899633 0.000009
1283.0 1.899554 0.000008
1283.5 1.899475 0.000008
1284.0 1.899396 0.000008
1284.5 1.899317 0.000008
1285.0 1.899238 0.000007
1285.5 1.899159 0.000007
1286.0 1.899080 0.000007
1286.5 1.899002 0.000007
1287.0 1.898923 0.000006
1287.5 1.898844 0.000006
1288.0 1.898765 0.000006
1288.5 1.898687 0.000006
1289.0 1.898608 0.000006
1289.5 1.898529 0.000005
1290.0 1.898451 0.000005
1290.5 1.898372 0.000005
1291.0 1.898294 0.000005
1291.5 1.898215 0.000004
1292.0 1.898137 0.000004
1292.5 1.898058 0.000004
1293.0 1.897980 0.000004
1293.5 1.897901 0.000003
1294.0 1.897823 0.000003
1294.5 1.897744 0.000003
1295.0 1.897666 0.000003
1295.5 1.897587 0.000002
1296.0 1.897508 0.000002
1296.5 1.897430 0.000002
1297.0 1.897351 0.000002
1297.5 1.897273 0.000001
1298.0 1.897194 0.000001
1298.5 1.897115 0.000001
1299.0 1.897037 0.000001
1299.5 1.896958 0.000000
1300.0 1.896879 0.000000
