# ASCII 1D datafile generated by TiberCAD
# x Ec Ev eQFermi hQFermi ElPotential eDensity hDensity eMobility hMobility eConductivity hConductivity ElField_x ElField_y ElField_z eCurrentDensity_x eCurrentDensity_y eCurrentDensity_z hCurrentDensity_x hCurrentDensity_y hCurrentDensity_z IonizedDonors IonizedAcceptors IonizedElectronTraps IonizedHoleTraps eNetRecombination eLangevinRecombination hNetRecombination hLangevinRecombination 
0 -2.85 -6.15 -4.33357 -5.64367 0.65 55.336 7.38094e+16 8.45478e-07 1.6047e-05 8.76047e-23 1.89765e-07 27120.2 0 0 1.93458e-18 0 0 0.00822763 0 0 0 0 0 0 3.56702e+07 3.56702e+07 3.56702e+07 3.56702e+07 
9.79066e-05 -2.84973 -6.14973 -4.33336 -5.64324 0.649734 55.2307 7.35234e+16 8.45503e-07 1.60119e-05 8.75906e-23 1.88616e-07 27306.2 0 0 1.96066e-18 0 0 0.00822763 0 0 0 0 0 0 3.53908e+07 3.53908e+07 3.53908e+07 3.53908e+07 
0.000214985 -2.84941 -6.14941 -4.33309 -5.64273 0.649412 55.1113 7.31852e+16 8.45559e-07 1.59708e-05 8.75749e-23 1.87267e-07 27750.2 0 0 2.02272e-18 0 0 0.00822763 0 0 0 0 0 0 3.50663e+07 3.50663e+07 3.50663e+07 3.50663e+07 
0.000354988 -2.84902 -6.14902 -4.33276 -5.64211 0.64902 54.9775 7.27863e+16 8.45626e-07 1.59223e-05 8.75574e-23 1.85681e-07 28278.5 0 0 2.09615e-18 0 0 0.00822763 0 0 0 0 0 0 3.46903e+07 3.46903e+07 3.46903e+07 3.46903e+07 
0.000522406 -2.84854 -6.14854 -4.33235 -5.64137 0.648541 54.8301 7.23167e+16 8.45709e-07 1.58652e-05 8.75382e-23 1.83821e-07 28906.5 0 0 2.18287e-18 0 0 0.00822763 0 0 0 0 0 0 3.42572e+07 3.42572e+07 3.42572e+07 3.42572e+07 
0.000722606 -2.84796 -6.14796 -4.33184 -5.64047 0.647955 54.6712 7.17658e+16 8.45809e-07 1.57982e-05 8.75175e-23 1.8165e-07 29652.2 0 0 2.28509e-18 0 0 0.00822763 0 0 0 0 0 0 3.37619e+07 3.37619e+07 3.37619e+07 3.37619e+07 
0.000962009 -2.84723 -6.14723 -4.3312 -5.63938 0.647235 54.5051 7.11216e+16 8.45931e-07 1.57197e-05 8.74961e-23 1.79125e-07 30536.4 0 0 2.40529e-18 0 0 0.00822763 0 0 0 0 0 0 3.32001e+07 3.32001e+07 3.32001e+07 3.32001e+07 
0.00124829 -2.84635 -6.14635 -4.33039 -5.63805 0.646345 54.3393 7.03713e+16 8.46081e-07 1.56282e-05 8.74749e-23 1.76203e-07 31583.5 0 0 2.54629e-18 0 0 0.00822763 0 0 0 0 0 0 3.25693e+07 3.25693e+07 3.25693e+07 3.25693e+07 
0.00159063 -2.84524 -6.14524 -4.32936 -5.63644 0.645243 54.1857 6.95018e+16 8.46266e-07 1.55219e-05 8.74557e-23 1.72843e-07 32821.3 0 0 2.71122e-18 0 0 0.00822763 0 0 0 0 0 0 3.18694e+07 3.18694e+07 3.18694e+07 3.18694e+07 
0.002 -2.84387 -6.14387 -4.32804 -5.63446 0.643869 54.0626 6.84995e+16 8.46367e-07 1.53969e-05 8.74399e-23 1.68979e-07 33556.8 0 0 2.80868e-18 0 0 0.00822763 0 0 0 0 0 0 3.10994e+07 3.10994e+07 3.10994e+07 3.10994e+07 
0.002 -2.84387 -6.14387 -4.32804 -5.63446 0.643869 54.0626 6.84995e+16 8.46623e-07 1.54016e-05 8.74421e-23 1.6903e-07 35167.1 0 0 3.01952e-18 0 0 0.00822763 0 0 0 0 0 0 3.11088e+07 3.11088e+07 3.11088e+07 3.11088e+07 
0.0025 -2.84211 -6.14211 -4.32632 -5.632 0.642111 53.9964 6.73276e+16 8.46767e-07 1.52553e-05 8.74344e-23 1.6456e-07 36037.3 0 0 3.13201e-18 0 0 0.00822763 0 0 0 0 0 0 3.02644e+07 3.02644e+07 3.02644e+07 3.02644e+07 
0.003 -2.84027 -6.14027 -4.32446 -5.62947 0.640265 54.0172 6.62091e+16 8.47062e-07 1.51178e-05 8.74397e-23 1.60367e-07 37763.3 0 0 3.35392e-18 0 0 0.00822763 0 0 0 0 0 0 2.95194e+07 2.95194e+07 2.95194e+07 2.95194e+07 
0.0035 -2.83833 -6.13833 -4.32248 -5.62687 0.638334 54.1201 6.51403e+16 8.47366e-07 1.49861e-05 8.74563e-23 1.56404e-07 39461 0 0 3.57002e-18 0 0 0.00822763 0 0 0 0 0 0 2.88588e+07 2.88588e+07 2.88588e+07 2.88588e+07 
0.004 -2.83632 -6.13632 -4.32038 -5.62421 0.636319 54.3014 6.41179e+16 8.47679e-07 1.48599e-05 8.74837e-23 1.52653e-07 41131.6 0 0 3.7809e-18 0 0 0.00822764 0 0 0 0 0 0 2.82744e+07 2.82744e+07 2.82744e+07 2.82744e+07 
0.0045 -2.83422 -6.13422 -4.31816 -5.62148 0.634221 54.5578 6.3139e+16 8.48001e-07 1.47389e-05 8.75213e-23 1.49098e-07 42776.4 0 0 3.98713e-18 0 0 0.00822764 0 0 0 0 0 0 2.77593e+07 2.77593e+07 2.77593e+07 2.77593e+07 
0.005 -2.83204 -6.13204 -4.31583 -5.61869 0.632042 54.8872 6.22007e+16 8.48331e-07 1.46227e-05 8.7569e-23 1.45725e-07 44396.5 0 0 4.1892e-18 0 0 0.00822764 0 0 0 0 0 0 2.73073e+07 2.73073e+07 2.73073e+07 2.73073e+07 
0.0055 -2.82978 -6.12978 -4.31338 -5.61583 0.629782 55.2879 6.13004e+16 8.48669e-07 1.4511e-05 8.76264e-23 1.42519e-07 45992.7 0 0 4.38758e-18 0 0 0.00822764 0 0 0 0 0 0 2.69135e+07 2.69135e+07 2.69135e+07 2.69135e+07 
0.006 -2.82744 -6.12744 -4.31082 -5.61292 0.627442 55.7585 6.0436e+16 8.49015e-07 1.44037e-05 8.76935e-23 1.39469e-07 47566.2 0 0 4.58267e-18 0 0 0.00822764 0 0 0 0 0 0 2.65733e+07 2.65733e+07 2.65733e+07 2.65733e+07 
0.0065 -2.82502 -6.12502 -4.30815 -5.60994 0.625025 56.2986 5.96051e+16 8.49367e-07 1.43003e-05 8.77701e-23 1.36565e-07 49117.7 0 0 4.77487e-18 0 0 0.00822764 0 0 0 0 0 0 2.62832e+07 2.62832e+07 2.62832e+07 2.62832e+07 
0.007 -2.82253 -6.12253 -4.30538 -5.60689 0.62253 56.908 5.88059e+16 8.49727e-07 1.42008e-05 8.78564e-23 1.33796e-07 50648.2 0 0 4.96454e-18 0 0 0.00822764 0 0 0 0 0 0 2.60398e+07 2.60398e+07 2.60398e+07 2.60398e+07 
0.0075 -2.81996 -6.11996 -4.3025 -5.60379 0.61996 57.5869 5.80364e+16 8.50094e-07 1.41048e-05 8.79522e-23 1.31153e-07 52158.4 0 0 5.15201e-18 0 0 0.00822764 0 0 0 0 0 0 2.58405e+07 2.58405e+07 2.58405e+07 2.58405e+07 
0.008 -2.81731 -6.11731 -4.29952 -5.60062 0.617315 58.3362 5.7295e+16 8.50467e-07 1.40123e-05 8.80577e-23 1.28628e-07 53649.1 0 0 5.3376e-18 0 0 0.00822764 0 0 0 0 0 0 2.56831e+07 2.56831e+07 2.56831e+07 2.56831e+07 
0.0085 -2.8146 -6.1146 -4.29644 -5.59739 0.614595 59.157 5.65801e+16 8.50846e-07 1.39229e-05 8.81731e-23 1.26213e-07 55120.9 0 0 5.5216e-18 0 0 0.00822764 0 0 0 0 0 0 2.55655e+07 2.55655e+07 2.55655e+07 2.55655e+07 
0.009 -2.8118 -6.1118 -4.29326 -5.5941 0.611803 60.0508 5.58903e+16 8.51231e-07 1.38366e-05 8.82987e-23 1.23902e-07 56574.6 0 0 5.70431e-18 0 0 0.00822764 0 0 0 0 0 0 2.54863e+07 2.54863e+07 2.54863e+07 2.54863e+07 
0.0095 -2.80894 -6.10894 -4.28998 -5.59075 0.608938 61.0196 5.52241e+16 8.51622e-07 1.37532e-05 8.84346e-23 1.21687e-07 58010.8 0 0 5.88599e-18 0 0 0.00822764 0 0 0 0 0 0 2.54442e+07 2.54442e+07 2.54442e+07 2.54442e+07 
0.01 -2.806 -6.106 -4.2866 -5.58734 0.606001 62.0658 5.45804e+16 8.52019e-07 1.36726e-05 8.85813e-23 1.19563e-07 59430 0 0 6.06691e-18 0 0 0.00822764 0 0 0 0 0 0 2.54383e+07 2.54383e+07 2.54383e+07 2.54383e+07 
0.0105 -2.80299 -6.10299 -4.28313 -5.58387 0.602995 63.1922 5.39579e+16 8.52421e-07 1.35946e-05 8.87392e-23 1.17525e-07 60832.8 0 0 6.24732e-18 0 0 0.00822764 0 0 0 0 0 0 2.54677e+07 2.54677e+07 2.54677e+07 2.54677e+07 
0.011 -2.79992 -6.09992 -4.27956 -5.58034 0.599918 64.4019 5.33556e+16 8.52829e-07 1.3519e-05 8.89086e-23 1.15567e-07 62219.9 0 0 6.42748e-18 0 0 0.00822764 0 0 0 0 0 0 2.5532e+07 2.5532e+07 2.5532e+07 2.5532e+07 
0.0115 -2.79677 -6.09677 -4.2759 -5.57675 0.596773 65.6987 5.27724e+16 8.53241e-07 1.34458e-05 8.90901e-23 1.13685e-07 63591.6 0 0 6.60763e-18 0 0 0.00822764 0 0 0 0 0 0 2.5631e+07 2.5631e+07 2.5631e+07 2.5631e+07 
0.012 -2.79356 -6.09356 -4.27215 -5.57311 0.593559 67.0866 5.22075e+16 8.53659e-07 1.33749e-05 8.92843e-23 1.11875e-07 64948.5 0 0 6.78802e-18 0 0 0.00822764 0 0 0 0 0 0 2.57645e+07 2.57645e+07 2.57645e+07 2.57645e+07 
0.0125 -2.79028 -6.09028 -4.2683 -5.5694 0.590278 68.5702 5.16598e+16 8.54082e-07 1.33061e-05 8.94919e-23 1.10132e-07 66291 0 0 6.96889e-18 0 0 0.00822764 0 0 0 0 0 0 2.59329e+07 2.59329e+07 2.59329e+07 2.59329e+07 
0.013 -2.78693 -6.08693 -4.26436 -5.56564 0.58693 70.1547 5.11287e+16 8.54509e-07 1.32393e-05 8.97135e-23 1.08453e-07 67619.5 0 0 7.15049e-18 0 0 0.00822764 0 0 0 0 0 0 2.61363e+07 2.61363e+07 2.61363e+07 2.61363e+07 
0.0135 -2.78352 -6.08352 -4.26033 -5.56181 0.583516 71.8456 5.06132e+16 8.54941e-07 1.31746e-05 8.995e-23 1.06834e-07 68934.5 0 0 7.33306e-18 0 0 0.00822764 0 0 0 0 0 0 2.63754e+07 2.63754e+07 2.63754e+07 2.63754e+07 
0.014 -2.78004 -6.08004 -4.25621 -5.55793 0.580036 73.6491 5.01126e+16 8.55378e-07 1.31116e-05 9.02022e-23 1.05272e-07 70236.4 0 0 7.51685e-18 0 0 0.00822764 0 0 0 0 0 0 2.66509e+07 2.66509e+07 2.66509e+07 2.66509e+07 
0.0145 -2.77649 -6.07649 -4.252 -5.554 0.576492 75.5722 4.96264e+16 8.55819e-07 1.30505e-05 9.04711e-23 1.03765e-07 71525.6 0 0 7.70212e-18 0 0 0.00822764 0 0 0 0 0 0 2.69638e+07 2.69638e+07 2.69638e+07 2.69638e+07 
0.015 -2.77288 -6.07288 -4.2477 -5.55001 0.572884 77.6223 4.91538e+16 8.56265e-07 1.29911e-05 9.07577e-23 1.02309e-07 72802.3 0 0 7.88914e-18 0 0 0.00822764 0 0 0 0 0 0 2.73151e+07 2.73151e+07 2.73151e+07 2.73151e+07 
0.0155 -2.76921 -6.06921 -4.2433 -5.54596 0.569212 79.8075 4.86942e+16 8.56715e-07 1.29333e-05 9.10633e-23 1.00901e-07 74067 0 0 8.07816e-18 0 0 0.00822764 0 0 0 0 0 0 2.77064e+07 2.77064e+07 2.77064e+07 2.77064e+07 
0.016 -2.76548 -6.06548 -4.23883 -5.54185 0.565477 82.1369 4.8247e+16 8.57169e-07 1.28771e-05 9.1389e-23 9.95403e-08 75320 0 0 8.26949e-18 0 0 0.00822764 0 0 0 0 0 0 2.8139e+07 2.8139e+07 2.8139e+07 2.8139e+07 
0.0165 -2.76168 -6.06168 -4.23426 -5.53769 0.56168 84.6203 4.78118e+16 8.57628e-07 1.28224e-05 9.17363e-23 9.82233e-08 76561.5 0 0 8.4634e-18 0 0 0.00822764 0 0 0 0 0 0 2.86147e+07 2.86147e+07 2.86147e+07 2.86147e+07 
0.017 -2.75782 -6.05782 -4.2296 -5.53348 0.557821 87.2683 4.7388e+16 8.5809e-07 1.27691e-05 9.21066e-23 9.69482e-08 77792 0 0 8.66019e-18 0 0 0.00822765 0 0 0 0 0 0 2.91357e+07 2.91357e+07 2.91357e+07 2.91357e+07 
0.0175 -2.7539 -6.0539 -4.22486 -5.52921 0.553901 90.0926 4.69751e+16 8.58556e-07 1.27172e-05 9.25016e-23 9.57131e-08 79011.7 0 0 8.8602e-18 0 0 0.00822765 0 0 0 0 0 0 2.97041e+07 2.97041e+07 2.97041e+07 2.97041e+07 
0.018 -2.74992 -6.04992 -4.22002 -5.52488 0.54992 93.106 4.65727e+16 8.59027e-07 1.26667e-05 9.29231e-23 9.4516e-08 80220.8 0 0 9.06375e-18 0 0 0.00822765 0 0 0 0 0 0 3.03224e+07 3.03224e+07 3.03224e+07 3.03224e+07 
0.0185 -2.74588 -6.04588 -4.2151 -5.5205 0.545879 96.3222 4.61803e+16 8.59501e-07 1.26174e-05 9.33731e-23 9.33553e-08 81419.6 0 0 9.27118e-18 0 0 0.00822765 0 0 0 0 0 0 3.09933e+07 3.09933e+07 3.09933e+07 3.09933e+07 
0.019 -2.74178 -6.04178 -4.21009 -5.51607 0.541778 99.7562 4.57976e+16 8.5998e-07 1.25694e-05 9.38536e-23 9.22292e-08 82608.4 0 0 9.48288e-18 0 0 0.00822765 0 0 0 0 0 0 3.172e+07 3.172e+07 3.172e+07 3.172e+07 
0.0195 -2.73762 -6.03762 -4.205 -5.51158 0.537618 103.425 4.54242e+16 8.60462e-07 1.25226e-05 9.43671e-23 9.11362e-08 83787.5 0 0 9.69923e-18 0 0 0.00822765 0 0 0 0 0 0 3.25056e+07 3.25056e+07 3.25056e+07 3.25056e+07 
0.02 -2.7334 -6.0334 -4.19982 -5.50704 0.533399 107.345 4.50596e+16 8.60948e-07 1.24769e-05 9.49159e-23 9.00748e-08 84957 0 0 9.92064e-18 0 0 0.00822765 0 0 0 0 0 0 3.3354e+07 3.3354e+07 3.3354e+07 3.3354e+07 
0.0205 -2.72912 -6.02912 -4.19455 -5.50245 0.529122 111.537 4.47037e+16 8.61437e-07 1.24323e-05 9.55028e-23 8.90438e-08 86117.2 0 0 1.01475e-17 0 0 0.00822765 0 0 0 0 0 0 3.42689e+07 3.42689e+07 3.42689e+07 3.42689e+07 
0.021 -2.72479 -6.02479 -4.18919 -5.4978 0.524787 116.02 4.43559e+16 8.61931e-07 1.23887e-05 9.61309e-23 8.80416e-08 87268.3 0 0 1.03804e-17 0 0 0.00822765 0 0 0 0 0 0 3.52547e+07 3.52547e+07 3.52547e+07 3.52547e+07 
0.0215 -2.7204 -6.0204 -4.18375 -5.4931 0.520395 120.819 4.40161e+16 8.62428e-07 1.23462e-05 9.68032e-23 8.70673e-08 88410.5 0 0 1.06197e-17 0 0 0.00822765 0 0 0 0 0 0 3.63161e+07 3.63161e+07 3.63161e+07 3.63161e+07 
0.022 -2.71595 -6.01595 -4.17822 -5.48835 0.515946 125.957 4.36839e+16 8.62929e-07 1.23047e-05 9.75232e-23 8.61194e-08 89544 0 0 1.0866e-17 0 0 0.00822765 0 0 0 0 0 0 3.7458e+07 3.7458e+07 3.7458e+07 3.7458e+07 
0.0225 -2.71144 -6.01144 -4.17261 -5.48355 0.511441 131.461 4.33591e+16 8.63433e-07 1.22641e-05 9.82948e-23 8.51971e-08 90669.1 0 0 1.11197e-17 0 0 0.00822765 0 0 0 0 0 0 3.8686e+07 3.8686e+07 3.8686e+07 3.8686e+07 
0.023 -2.70688 -6.00688 -4.16691 -5.4787 0.50688 137.36 4.30413e+16 8.63941e-07 1.22244e-05 9.9122e-23 8.42992e-08 91785.8 0 0 1.13816e-17 0 0 0.00822765 0 0 0 0 0 0 4.00058e+07 4.00058e+07 4.00058e+07 4.00058e+07 
0.0235 -2.70226 -6.00226 -4.16113 -5.47379 0.502262 143.683 4.27304e+16 8.64453e-07 1.21856e-05 1.00009e-22 8.34248e-08 92894.4 0 0 1.16521e-17 0 0 0.00822765 0 0 0 0 0 0 4.14236e+07 4.14236e+07 4.14236e+07 4.14236e+07 
0.024 -2.69759 -5.99759 -4.15527 -5.46883 0.49759 150.464 4.24261e+16 8.64968e-07 1.21477e-05 1.00961e-22 8.25729e-08 93995.1 0 0 1.19319e-17 0 0 0.00822765 0 0 0 0 0 0 4.29462e+07 4.29462e+07 4.29462e+07 4.29462e+07 
0.0245 -2.69286 -5.99286 -4.14932 -5.46383 0.492863 157.737 4.21281e+16 8.65487e-07 1.21106e-05 1.01982e-22 8.17426e-08 95087.9 0 0 1.22217e-17 0 0 0.00822765 0 0 0 0 0 0 4.45805e+07 4.45805e+07 4.45805e+07 4.45805e+07 
0.025 -2.68808 -5.98808 -4.14328 -5.45877 0.488081 165.541 4.18363e+16 8.66009e-07 1.20743e-05 1.03078e-22 8.09332e-08 96173.2 0 0 1.25223e-17 0 0 0.00822765 0 0 0 0 0 0 4.63339e+07 4.63339e+07 4.63339e+07 4.63339e+07 
0.0255 -2.68325 -5.98325 -4.13717 -5.45366 0.483246 173.916 4.15505e+16 8.66535e-07 1.20388e-05 1.04254e-22 8.01437e-08 97251 0 0 1.28342e-17 0 0 0.00822765 0 0 0 0 0 0 4.82145e+07 4.82145e+07 4.82145e+07 4.82145e+07 
0.026 -2.67836 -5.97836 -4.13098 -5.4485 0.478356 182.902 4.12703e+16 8.67064e-07 1.2004e-05 1.05517e-22 7.93736e-08 98321.4 0 0 1.31584e-17 0 0 0.00822765 0 0 0 0 0 0 5.02303e+07 5.02303e+07 5.02303e+07 5.02303e+07 
0.0265 -2.67341 -5.97341 -4.1247 -5.4433 0.473413 192.545 4.09958e+16 8.67596e-07 1.197e-05 1.06873e-22 7.8622e-08 99384.7 0 0 1.34955e-17 0 0 0.00822765 0 0 0 0 0 0 5.23899e+07 5.23899e+07 5.23899e+07 5.23899e+07 
0.027 -2.66842 -5.96842 -4.11835 -5.43804 0.468418 202.89 4.07266e+16 8.68132e-07 1.19367e-05 1.08329e-22 7.78882e-08 100441 0 0 1.38466e-17 0 0 0.00822765 0 0 0 0 0 0 5.47023e+07 5.47023e+07 5.47023e+07 5.47023e+07 
0.0275 -2.66337 -5.96337 -4.11192 -5.43273 0.463369 213.987 4.04626e+16 8.68671e-07 1.1904e-05 1.09891e-22 7.71717e-08 101490 0 0 1.42123e-17 0 0 0.00822765 0 0 0 0 0 0 5.71764e+07 5.71764e+07 5.71764e+07 5.71764e+07 
0.028 -2.65827 -5.95827 -4.10542 -5.42738 0.458269 225.885 4.02036e+16 8.69213e-07 1.18721e-05 1.11566e-22 7.64718e-08 102533 0 0 1.45937e-17 0 0 0.00822765 0 0 0 0 0 0 5.98217e+07 5.98217e+07 5.98217e+07 5.98217e+07 
0.0285 -2.65312 -5.95312 -4.09885 -5.42197 0.453116 238.636 3.99495e+16 8.69759e-07 1.18407e-05 1.13363e-22 7.57879e-08 103569 0 0 1.49917e-17 0 0 0.00822765 0 0 0 0 0 0 6.26475e+07 6.26475e+07 6.26475e+07 6.26475e+07 
0.029 -2.64791 -5.94791 -4.0922 -5.41652 0.447912 252.294 3.97001e+16 8.70308e-07 1.181e-05 1.15288e-22 7.51194e-08 104598 0 0 1.54074e-17 0 0 0.00822765 0 0 0 0 0 0 6.56632e+07 6.56632e+07 6.56632e+07 6.56632e+07 
0.0295 -2.64266 -5.94266 -4.08549 -5.41102 0.442656 266.911 3.94553e+16 8.7086e-07 1.17799e-05 1.1735e-22 7.44659e-08 105622 0 0 1.58417e-17 0 0 0.00822765 0 0 0 0 0 0 6.88784e+07 6.88784e+07 6.88784e+07 6.88784e+07 
0.03 -2.63735 -5.93735 -4.07871 -5.40547 0.43735 282.544 3.9215e+16 8.71414e-07 1.17504e-05 1.19556e-22 7.38268e-08 106638 0 0 1.62957e-17 0 0 0.00822765 0 0 0 0 0 0 7.23023e+07 7.23023e+07 7.23023e+07 7.23023e+07 
0.0305 -2.63199 -5.93199 -4.07186 -5.39988 0.431992 299.245 3.89789e+16 8.71972e-07 1.17214e-05 1.21915e-22 7.32016e-08 107649 0 0 1.67706e-17 0 0 0.00822765 0 0 0 0 0 0 7.59441e+07 7.59441e+07 7.59441e+07 7.59441e+07 
0.031 -2.62658 -5.92658 -4.06496 -5.39423 0.426585 317.072 3.8747e+16 8.72533e-07 1.1693e-05 1.24434e-22 7.25899e-08 108654 0 0 1.72678e-17 0 0 0.00822765 0 0 0 0 0 0 7.98127e+07 7.98127e+07 7.98127e+07 7.98127e+07 
0.0315 -2.62113 -5.92113 -4.05799 -5.38854 0.421127 336.079 3.85192e+16 8.73096e-07 1.16652e-05 1.27121e-22 7.19911e-08 109652 0 0 1.77883e-17 0 0 0.00822765 0 0 0 0 0 0 8.3917e+07 8.3917e+07 8.3917e+07 8.3917e+07 
0.032 -2.61562 -5.91562 -4.05097 -5.3828 0.415619 356.321 3.82953e+16 8.73663e-07 1.16379e-05 1.29985e-22 7.1405e-08 110645 0 0 1.83338e-17 0 0 0.00822765 0 0 0 0 0 0 8.82653e+07 8.82653e+07 8.82653e+07 8.82653e+07 
0.0325 -2.61006 -5.91006 -4.04389 -5.37702 0.410062 377.853 3.80752e+16 8.74231e-07 1.1611e-05 1.33034e-22 7.0831e-08 111632 0 0 1.89056e-17 0 0 0.00822765 0 0 0 0 0 0 9.2866e+07 9.2866e+07 9.2866e+07 9.2866e+07 
0.033 -2.60446 -5.90446 -4.03676 -5.37119 0.404456 400.731 3.78588e+16 8.74803e-07 1.15847e-05 1.36275e-22 7.02688e-08 112614 0 0 1.95054e-17 0 0 0.00822765 0 0 0 0 0 0 9.7727e+07 9.7727e+07 9.7727e+07 9.7727e+07 
0.0335 -2.5988 -5.8988 -4.02958 -5.36531 0.398801 425.01 3.76461e+16 8.75377e-07 1.15589e-05 1.39717e-22 6.97181e-08 113590 0 0 2.0135e-17 0 0 0.00822765 0 0 0 0 0 0 1.02856e+08 1.02856e+08 1.02856e+08 1.02856e+08 
0.034 -2.5931 -5.8931 -4.02236 -5.35939 0.393097 450.747 3.74368e+16 8.75953e-07 1.15335e-05 1.43368e-22 6.91784e-08 114560 0 0 2.07963e-17 0 0 0.00822765 0 0 0 0 0 0 1.08262e+08 1.08262e+08 1.08262e+08 1.08262e+08 
0.0345 -2.58735 -5.88735 -4.01509 -5.35342 0.387345 478 3.7231e+16 8.76532e-07 1.15086e-05 1.47237e-22 6.86494e-08 115525 0 0 2.14912e-17 0 0 0.00822765 0 0 0 0 0 0 1.13953e+08 1.13953e+08 1.13953e+08 1.13953e+08 
0.035 -2.58154 -5.88154 -4.00777 -5.3474 0.381545 506.831 3.70285e+16 8.77113e-07 1.14841e-05 1.51333e-22 6.81308e-08 116485 0 0 2.2222e-17 0 0 0.00822765 0 0 0 0 0 0 1.19937e+08 1.19937e+08 1.19937e+08 1.19937e+08 
0.0355 -2.5757 -5.8757 -4.00041 -5.34134 0.375697 537.303 3.68292e+16 8.77696e-07 1.14601e-05 1.55666e-22 6.76223e-08 117440 0 0 2.29909e-17 0 0 0.00822765 0 0 0 0 0 0 1.26224e+08 1.26224e+08 1.26224e+08 1.26224e+08 
0.036 -2.5698 -5.8698 -3.993 -5.33524 0.369801 569.483 3.6633e+16 8.78281e-07 1.14365e-05 1.60244e-22 6.71236e-08 118389 0 0 2.38005e-17 0 0 0.00822765 0 0 0 0 0 0 1.32823e+08 1.32823e+08 1.32823e+08 1.32823e+08 
0.0365 -2.56386 -5.86386 -3.98556 -5.32909 0.363858 603.445 3.64399e+16 8.78869e-07 1.14133e-05 1.6508e-22 6.66343e-08 119334 0 0 2.46535e-17 0 0 0.00822765 0 0 0 0 0 0 1.39745e+08 1.39745e+08 1.39745e+08 1.39745e+08 
0.037 -2.55787 -5.85787 -3.97808 -5.32289 0.357867 639.266 3.62498e+16 8.79458e-07 1.13905e-05 1.70184e-22 6.61543e-08 120273 0 0 2.55526e-17 0 0 0.00822765 0 0 0 0 0 0 1.47002e+08 1.47002e+08 1.47002e+08 1.47002e+08 
0.0375 -2.55183 -5.85183 -3.97055 -5.31665 0.35183 677.029 3.60626e+16 8.8005e-07 1.13681e-05 1.7557e-22 6.56832e-08 121208 0 0 2.65007e-17 0 0 0.00822765 0 0 0 0 0 0 1.54606e+08 1.54606e+08 1.54606e+08 1.54606e+08 
0.038 -2.54575 -5.84575 -3.96299 -5.31036 0.345747 716.825 3.58782e+16 8.80644e-07 1.13461e-05 1.81249e-22 6.52207e-08 122138 0 0 2.7501e-17 0 0 0.00822765 0 0 0 0 0 0 1.62572e+08 1.62572e+08 1.62572e+08 1.62572e+08 
0.0385 -2.53962 -5.83962 -3.95539 -5.30403 0.339617 758.753 3.56965e+16 8.81239e-07 1.13244e-05 1.87237e-22 6.47667e-08 123063 0 0 2.85568e-17 0 0 0.00822765 0 0 0 0 0 0 1.70915e+08 1.70915e+08 1.70915e+08 1.70915e+08 
0.039 -2.53344 -5.83344 -3.94775 -5.29766 0.33344 802.916 3.55176e+16 8.81837e-07 1.13031e-05 1.93549e-22 6.43209e-08 123983 0 0 2.96715e-17 0 0 0.00822765 0 0 0 0 0 0 1.79652e+08 1.79652e+08 1.79652e+08 1.79652e+08 
0.0395 -2.52722 -5.82722 -3.94006 -5.29124 0.327218 849.427 3.53412e+16 8.82437e-07 1.12822e-05 2.00202e-22 6.38831e-08 124899 0 0 3.08485e-17 0 0 0.00822765 0 0 0 0 0 0 1.88799e+08 1.88799e+08 1.88799e+08 1.88799e+08 
0.04 -2.52095 -5.82095 -3.93234 -5.28478 0.320951 898.406 3.51674e+16 8.83038e-07 1.12616e-05 2.07214e-22 6.3453e-08 125810 0 0 3.20918e-17 0 0 0.00822765 0 0 0 0 0 0 1.98377e+08 1.98377e+08 1.98377e+08 1.98377e+08 
0.0405 -2.51464 -5.81464 -3.92458 -5.27828 0.314637 949.981 3.49961e+16 8.83642e-07 1.12414e-05 2.14602e-22 6.30304e-08 126717 0 0 3.34051e-17 0 0 0.00822765 0 0 0 0 0 0 2.08406e+08 2.08406e+08 2.08406e+08 2.08406e+08 
0.041 -2.50828 -5.80828 -3.91679 -5.27173 0.308279 1004.29 3.48272e+16 8.84248e-07 1.12215e-05 2.22388e-22 6.26152e-08 127620 0 0 3.47925e-17 0 0 0.00822765 0 0 0 0 0 0 2.18908e+08 2.18908e+08 2.18908e+08 2.18908e+08 
0.0415 -2.50188 -5.80188 -3.90895 -5.26514 0.301875 1061.47 3.46607e+16 8.84855e-07 1.12019e-05 2.30592e-22 6.2207e-08 128518 0 0 3.62582e-17 0 0 0.00822765 0 0 0 0 0 0 2.29904e+08 2.29904e+08 2.29904e+08 2.29904e+08 
0.042 -2.49543 -5.79543 -3.90107 -5.2585 0.295427 1121.67 3.44966e+16 8.85465e-07 1.11826e-05 2.39237e-22 6.18059e-08 129412 0 0 3.78066e-17 0 0 0.00822765 0 0 0 0 0 0 2.41419e+08 2.41419e+08 2.41419e+08 2.41419e+08 
0.0425 -2.48893 -5.78893 -3.89315 -5.25182 0.288934 1185.05 3.43346e+16 8.86076e-07 1.11637e-05 2.48344e-22 6.14114e-08 130301 0 0 3.94423e-17 0 0 0.00822765 0 0 0 0 0 0 2.53478e+08 2.53478e+08 2.53478e+08 2.53478e+08 
0.043 -2.4824 -5.7824 -3.8852 -5.2451 0.282397 1251.77 3.41749e+16 8.8669e-07 1.1145e-05 2.5794e-22 6.10236e-08 131187 0 0 4.117e-17 0 0 0.00822765 0 0 0 0 0 0 2.66105e+08 2.66105e+08 2.66105e+08 2.66105e+08 
0.0435 -2.47582 -5.77582 -3.8772 -5.23834 0.275815 1322 3.40174e+16 8.87305e-07 1.11266e-05 2.68048e-22 6.06422e-08 132068 0 0 4.29946e-17 0 0 0.00822765 0 0 0 0 0 0 2.79327e+08 2.79327e+08 2.79327e+08 2.79327e+08 
0.044 -2.46919 -5.76919 -3.86917 -5.23154 0.26919 1395.93 3.38619e+16 8.87922e-07 1.11086e-05 2.78694e-22 6.0267e-08 132946 0 0 4.49213e-17 0 0 0.00822765 0 0 0 0 0 0 2.93171e+08 2.93171e+08 2.93171e+08 2.93171e+08 
0.0445 -2.46252 -5.76252 -3.86109 -5.22469 0.262521 1473.72 3.37085e+16 8.88541e-07 1.10908e-05 2.89907e-22 5.98979e-08 133819 0 0 4.69554e-17 0 0 0.00822765 0 0 0 0 0 0 3.07666e+08 3.07666e+08 3.07666e+08 3.07666e+08 
0.045 -2.45581 -5.75581 -3.85298 -5.2178 0.255808 1555.56 3.35571e+16 8.89163e-07 1.10733e-05 3.01714e-22 5.95347e-08 134688 0 0 4.91024e-17 0 0 0.00822765 0 0 0 0 0 0 3.22838e+08 3.22838e+08 3.22838e+08 3.22838e+08 
0.0455 -2.44905 -5.74905 -3.84483 -5.21087 0.249052 1641.66 3.34077e+16 8.89786e-07 1.1056e-05 3.14143e-22 5.91774e-08 135554 0 0 5.1368e-17 0 0 0.00822765 0 0 0 0 0 0 3.38718e+08 3.38718e+08 3.38718e+08 3.38718e+08 
0.046 -2.44225 -5.74225 -3.83664 -5.2039 0.242253 1732.2 3.32602e+16 8.9041e-07 1.1039e-05 3.27224e-22 5.88256e-08 136416 0 0 5.37583e-17 0 0 0.00822765 0 0 0 0 0 0 3.55335e+08 3.55335e+08 3.55335e+08 3.55335e+08 
0.0465 -2.43541 -5.73541 -3.82841 -5.19688 0.235411 1827.4 3.31146e+16 8.91037e-07 1.10223e-05 3.40989e-22 5.84794e-08 137273 0 0 5.62793e-17 0 0 0.00822765 0 0 0 0 0 0 3.72719e+08 3.72719e+08 3.72719e+08 3.72719e+08 
0.047 -2.42853 -5.72853 -3.82014 -5.18983 0.228525 1927.47 3.29708e+16 8.91666e-07 1.10059e-05 3.55468e-22 5.81385e-08 138128 0 0 5.89374e-17 0 0 0.00822765 0 0 0 0 0 0 3.90901e+08 3.90901e+08 3.90901e+08 3.90901e+08 
0.0475 -2.4216 -5.7216 -3.81184 -5.18273 0.221598 2032.61 3.28288e+16 8.92296e-07 1.09896e-05 3.70694e-22 5.78029e-08 138978 0 0 6.17393e-17 0 0 0.00822765 0 0 0 0 0 0 4.09912e+08 4.09912e+08 4.09912e+08 4.09912e+08 
0.048 -2.41463 -5.71463 -3.80349 -5.1756 0.214628 2143.06 3.26886e+16 8.92928e-07 1.09737e-05 3.86701e-22 5.74723e-08 139825 0 0 6.46918e-17 0 0 0.00822765 0 0 0 0 0 0 4.29784e+08 4.29784e+08 4.29784e+08 4.29784e+08 
0.0485 -2.40762 -5.70762 -3.79512 -5.16842 0.207615 2259.03 3.25501e+16 8.93562e-07 1.09579e-05 4.03522e-22 5.71468e-08 140668 0 0 6.7802e-17 0 0 0.00822765 0 0 0 0 0 0 4.50548e+08 4.50548e+08 4.50548e+08 4.50548e+08 
0.049 -2.40056 -5.70056 -3.7867 -5.1612 0.200561 2380.76 3.24133e+16 8.94198e-07 1.09424e-05 4.21192e-22 5.68261e-08 141508 0 0 7.10773e-17 0 0 0.00822765 0 0 0 0 0 0 4.72239e+08 4.72239e+08 4.72239e+08 4.72239e+08 
0.0495 -2.39346 -5.69346 -3.77825 -5.15394 0.193465 2508.5 3.22782e+16 8.94836e-07 1.09272e-05 4.39749e-22 5.65102e-08 142344 0 0 7.45252e-17 0 0 0.00822765 0 0 0 0 0 0 4.94889e+08 4.94889e+08 4.94889e+08 4.94889e+08 
0.05 -2.38633 -5.68633 -3.76976 -5.14664 0.186326 2642.48 3.21447e+16 8.95475e-07 1.09121e-05 4.59228e-22 5.6199e-08 143177 0 0 7.81535e-17 0 0 0.00822765 0 0 0 0 0 0 5.18533e+08 5.18533e+08 5.18533e+08 5.18533e+08 
0.0505 -2.37915 -5.67915 -3.76124 -5.1393 0.179147 2782.96 3.20127e+16 8.96116e-07 1.08973e-05 4.79669e-22 5.58923e-08 144006 0 0 8.19705e-17 0 0 0.00822765 0 0 0 0 0 0 5.43204e+08 5.43204e+08 5.43204e+08 5.43204e+08 
0.051 -2.37193 -5.67193 -3.75268 -5.13192 0.171926 2930.2 3.18823e+16 8.96758e-07 1.08827e-05 5.01109e-22 5.559e-08 144832 0 0 8.59844e-17 0 0 0.00822765 0 0 0 0 0 0 5.68938e+08 5.68938e+08 5.68938e+08 5.68938e+08 
0.0515 -2.36466 -5.66466 -3.74409 -5.1245 0.164664 3084.45 3.17535e+16 8.97403e-07 1.08683e-05 5.2359e-22 5.5292e-08 145654 0 0 9.0204e-17 0 0 0.00822765 0 0 0 0 0 0 5.95771e+08 5.95771e+08 5.95771e+08 5.95771e+08 
0.052 -2.35736 -5.65736 -3.73547 -5.11704 0.15736 3245.99 3.16261e+16 8.98049e-07 1.08541e-05 5.47152e-22 5.49984e-08 146473 0 0 9.46381e-17 0 0 0.00822765 0 0 0 0 0 0 6.23739e+08 6.23739e+08 6.23739e+08 6.23739e+08 
0.0525 -2.35002 -5.65002 -3.7268 -5.10954 0.150016 3415.09 3.15002e+16 8.98696e-07 1.08401e-05 5.71837e-22 5.47088e-08 147289 0 0 9.9296e-17 0 0 0.00822765 0 0 0 0 0 0 6.52879e+08 6.52879e+08 6.52879e+08 6.52879e+08 
0.053 -2.34263 -5.64263 -3.71811 -5.102 0.142632 3592.04 3.13757e+16 8.99345e-07 1.08263e-05 5.97689e-22 5.44233e-08 148102 0 0 1.04187e-16 0 0 0.00822765 0 0 0 0 0 0 6.83228e+08 6.83228e+08 6.83228e+08 6.83228e+08 
0.0535 -2.33521 -5.63521 -3.70938 -5.09442 0.135206 3777.13 3.12526e+16 8.99996e-07 1.08127e-05 6.24753e-22 5.41418e-08 148911 0 0 1.09321e-16 0 0 0.00822765 0 0 0 0 0 0 7.14825e+08 7.14825e+08 7.14825e+08 7.14825e+08 
0.054 -2.32774 -5.62774 -3.70062 -5.0868 0.12774 3970.65 3.11309e+16 9.00648e-07 1.07993e-05 6.53072e-22 5.38641e-08 149718 0 0 1.14709e-16 0 0 0.00822765 0 0 0 0 0 0 7.47709e+08 7.47709e+08 7.47709e+08 7.47709e+08 
0.0545 -2.32023 -5.62023 -3.69183 -5.07915 0.120234 4172.91 3.10106e+16 9.01302e-07 1.07861e-05 6.82696e-22 5.35903e-08 150521 0 0 1.2036e-16 0 0 0.00822765 0 0 0 0 0 0 7.81919e+08 7.81919e+08 7.81919e+08 7.81919e+08 
0.055 -2.31269 -5.61269 -3.683 -5.07145 0.112688 4384.22 3.08916e+16 9.01957e-07 1.07731e-05 7.1367e-22 5.33201e-08 151321 0 0 1.26285e-16 0 0 0.00822765 0 0 0 0 0 0 8.17495e+08 8.17495e+08 8.17495e+08 8.17495e+08 
0.0555 -2.3051 -5.6051 -3.67414 -5.06372 0.105102 4604.9 3.07739e+16 9.02614e-07 1.07603e-05 7.46045e-22 5.30536e-08 152118 0 0 1.32496e-16 0 0 0.00822765 0 0 0 0 0 0 8.54478e+08 8.54478e+08 8.54478e+08 8.54478e+08 
0.056 -2.29748 -5.59748 -3.66525 -5.05594 0.0974765 4835.27 3.06574e+16 9.03272e-07 1.07476e-05 7.7987e-22 5.27907e-08 152912 0 0 1.39004e-16 0 0 0.00822765 0 0 0 0 0 0 8.92911e+08 8.92911e+08 8.92911e+08 8.92911e+08 
0.0565 -2.28981 -5.58981 -3.65633 -5.04813 0.0898111 5075.67 3.05422e+16 9.03932e-07 1.07351e-05 8.15197e-22 5.25312e-08 153703 0 0 1.4582e-16 0 0 0.00822765 0 0 0 0 0 0 9.32834e+08 9.32834e+08 9.32834e+08 9.32834e+08 
0.057 -2.28211 -5.58211 -3.64737 -5.04028 0.0821062 5326.43 3.04282e+16 9.04593e-07 1.07228e-05 8.52078e-22 5.22752e-08 154491 0 0 1.52957e-16 0 0 0.00822765 0 0 0 0 0 0 9.74292e+08 9.74292e+08 9.74292e+08 9.74292e+08 
0.0575 -2.27436 -5.57436 -3.63838 -5.03239 0.074362 5587.91 3.03155e+16 9.05256e-07 1.07107e-05 8.90568e-22 5.20225e-08 155276 0 0 1.60427e-16 0 0 0.00822765 0 0 0 0 0 0 1.01733e+09 1.01733e+09 1.01733e+09 1.01733e+09 
0.058 -2.26658 -5.56658 -3.62937 -5.02447 0.0665786 5860.46 3.02039e+16 9.0592e-07 1.06987e-05 9.30722e-22 5.1773e-08 156058 0 0 1.68243e-16 0 0 0.00822765 0 0 0 0 0 0 1.06199e+09 1.06199e+09 1.06199e+09 1.06199e+09 
0.0585 -2.25876 -5.55876 -3.62032 -5.0165 0.0587562 6144.45 3.00935e+16 9.06585e-07 1.06869e-05 9.72596e-22 5.15268e-08 156838 0 0 1.76417e-16 0 0 0.00822765 0 0 0 0 0 0 1.10831e+09 1.10831e+09 1.10831e+09 1.10831e+09 
0.059 -2.25089 -5.55089 -3.61124 -5.0085 0.0508948 6440.24 2.99842e+16 9.07252e-07 1.06752e-05 1.01625e-21 5.12837e-08 157614 0 0 1.84964e-16 0 0 0.00822765 0 0 0 0 0 0 1.15635e+09 1.15635e+09 1.15635e+09 1.15635e+09 
0.0595 -2.24299 -5.54299 -3.60213 -5.00046 0.0429947 6748.22 2.98761e+16 9.0792e-07 1.06637e-05 1.06174e-21 5.10437e-08 158388 0 0 1.93897e-16 0 0 0.00822765 0 0 0 0 0 0 1.20615e+09 1.20615e+09 1.20615e+09 1.20615e+09 
0.06 -2.23506 -5.53506 -3.59298 -4.99238 0.035056 7068.77 2.9769e+16 9.0859e-07 1.06524e-05 1.10912e-21 5.08068e-08 159159 0 0 2.0323e-16 0 0 0.00822765 0 0 0 0 0 0 1.25775e+09 1.25775e+09 1.25775e+09 1.25775e+09 
0.0605 -2.22708 -5.52708 -3.58381 -4.98426 0.0270789 7402.28 2.9663e+16 9.0926e-07 1.06412e-05 1.15847e-21 5.05727e-08 159927 0 0 2.12978e-16 0 0 0.00822765 0 0 0 0 0 0 1.31122e+09 1.31122e+09 1.31122e+09 1.31122e+09 
0.061 -2.21906 -5.51906 -3.57461 -4.97611 0.0190633 7749.17 2.95581e+16 9.09933e-07 1.06302e-05 1.20984e-21 5.03416e-08 160692 0 0 2.23157e-16 0 0 0.00822765 0 0 0 0 0 0 1.36658e+09 1.36658e+09 1.36658e+09 1.36658e+09 
0.0615 -2.21101 -5.51101 -3.56537 -4.96792 0.0110096 8109.84 2.94543e+16 9.10606e-07 1.06193e-05 1.2633e-21 5.01133e-08 161455 0 0 2.3378e-16 0 0 0.00822765 0 0 0 0 0 0 1.4239e+09 1.4239e+09 1.4239e+09 1.4239e+09 
0.062 -2.20292 -5.50292 -3.55611 -4.95969 0.00291781 8484.71 2.93514e+16 9.11281e-07 1.06085e-05 1.3189e-21 4.98878e-08 162215 0 0 2.44865e-16 0 0 0.00822765 0 0 0 0 0 0 1.48322e+09 1.48322e+09 1.48322e+09 1.48322e+09 
0.0625 -2.19479 -5.49479 -3.54682 -4.95143 -0.00521192 8874.21 2.92496e+16 9.11957e-07 1.05979e-05 1.37673e-21 4.96651e-08 162973 0 0 2.56427e-16 0 0 0.00822765 0 0 0 0 0 0 1.54459e+09 1.54459e+09 1.54459e+09 1.54459e+09 
0.063 -2.18662 -5.48662 -3.53749 -4.94313 -0.0133795 9278.78 2.91488e+16 9.12634e-07 1.05875e-05 1.43685e-21 4.9445e-08 163728 0 0 2.68483e-16 0 0 0.00822765 0 0 0 0 0 0 1.60807e+09 1.60807e+09 1.60807e+09 1.60807e+09 
0.0635 -2.17842 -5.47842 -3.52814 -4.93479 -0.0215847 9698.85 2.90489e+16 9.13313e-07 1.05771e-05 1.49933e-21 4.92276e-08 164480 0 0 2.8105e-16 0 0 0.00822765 0 0 0 0 0 0 1.67371e+09 1.67371e+09 1.67371e+09 1.67371e+09 
0.064 -2.17017 -5.47017 -3.51876 -4.92641 -0.0298274 10134.9 2.895e+16 9.13992e-07 1.0567e-05 1.56424e-21 4.90127e-08 165229 0 0 2.94145e-16 0 0 0.00822765 0 0 0 0 0 0 1.74156e+09 1.74156e+09 1.74156e+09 1.74156e+09 
0.0645 -2.16189 -5.46189 -3.50934 -4.918 -0.0381076 10587.3 2.88521e+16 9.14673e-07 1.05569e-05 1.63165e-21 4.88004e-08 165976 0 0 3.07786e-16 0 0 0.00822765 0 0 0 0 0 0 1.81167e+09 1.81167e+09 1.81167e+09 1.81167e+09 
0.065 -2.15357 -5.45357 -3.4999 -4.90955 -0.0464251 11056.7 2.8755e+16 9.15356e-07 1.0547e-05 1.70164e-21 4.85906e-08 166721 0 0 3.21992e-16 0 0 0.00822765 0 0 0 0 0 0 1.88411e+09 1.88411e+09 1.88411e+09 1.88411e+09 
0.0655 -2.14522 -5.44522 -3.49043 -4.90107 -0.0547797 11543.4 2.86589e+16 9.16039e-07 1.05372e-05 1.77428e-21 4.83832e-08 167463 0 0 3.36781e-16 0 0 0.00822765 0 0 0 0 0 0 1.95891e+09 1.95891e+09 1.95891e+09 1.95891e+09 
0.066 -2.13683 -5.43683 -3.48093 -4.89255 -0.0631714 12048 2.85637e+16 9.16724e-07 1.05275e-05 1.84966e-21 4.81782e-08 168203 0 0 3.52172e-16 0 0 0.00822765 0 0 0 0 0 0 2.03615e+09 2.03615e+09 2.03615e+09 2.03615e+09 
0.0665 -2.1284 -5.4284 -3.4714 -4.88399 -0.0716 12570.9 2.84693e+16 9.17409e-07 1.0518e-05 1.92784e-21 4.79755e-08 168940 0 0 3.68185e-16 0 0 0.00822765 0 0 0 0 0 0 2.11587e+09 2.11587e+09 2.11587e+09 2.11587e+09 
0.067 -2.11993 -5.41993 -3.46184 -4.8754 -0.0800654 13112.7 2.83758e+16 9.18096e-07 1.05086e-05 2.00892e-21 4.77752e-08 169675 0 0 3.8484e-16 0 0 0.00822765 0 0 0 0 0 0 2.19813e+09 2.19813e+09 2.19813e+09 2.19813e+09 
0.0675 -2.11143 -5.41143 -3.45225 -4.86677 -0.0885675 13673.8 2.82832e+16 9.18784e-07 1.04993e-05 2.09297e-21 4.75772e-08 170407 0 0 4.02157e-16 0 0 0.00822765 0 0 0 0 0 0 2.28299e+09 2.28299e+09 2.28299e+09 2.28299e+09 
0.068 -2.10289 -5.40289 -3.44263 -4.85811 -0.0971061 14254.8 2.81914e+16 9.19474e-07 1.04901e-05 2.18007e-21 4.73813e-08 171137 0 0 4.20158e-16 0 0 0.00822765 0 0 0 0 0 0 2.37051e+09 2.37051e+09 2.37051e+09 2.37051e+09 
0.0685 -2.09432 -5.39432 -3.43298 -4.84941 -0.105681 14856.2 2.81005e+16 9.20164e-07 1.0481e-05 2.27031e-21 4.71877e-08 171864 0 0 4.38864e-16 0 0 0.00822765 0 0 0 0 0 0 2.46075e+09 2.46075e+09 2.46075e+09 2.46075e+09 
0.069 -2.08571 -5.38571 -3.42331 -4.84067 -0.114293 15478.6 2.80103e+16 9.20856e-07 1.04721e-05 2.36378e-21 4.69962e-08 172590 0 0 4.58296e-16 0 0 0.00822765 0 0 0 0 0 0 2.55377e+09 2.55377e+09 2.55377e+09 2.55377e+09 
0.0695 -2.07706 -5.37706 -3.4136 -4.8319 -0.12294 16122.5 2.7921e+16 9.21548e-07 1.04633e-05 2.46057e-21 4.68068e-08 173313 0 0 4.78478e-16 0 0 0.00822765 0 0 0 0 0 0 2.64962e+09 2.64962e+09 2.64962e+09 2.64962e+09 
0.07 -2.06838 -5.36838 -3.40387 -4.82309 -0.131624 16788.4 2.78325e+16 9.22242e-07 1.04546e-05 2.56076e-21 4.66195e-08 174033 0 0 4.99432e-16 0 0 0.00822765 0 0 0 0 0 0 2.74837e+09 2.74837e+09 2.74837e+09 2.74837e+09 
0.0705 -2.05966 -5.35966 -3.3941 -4.81425 -0.140343 17477 2.77447e+16 9.22937e-07 1.0446e-05 2.66444e-21 4.64343e-08 174752 0 0 5.21181e-16 0 0 0.00822765 0 0 0 0 0 0 2.85008e+09 2.85008e+09 2.85008e+09 2.85008e+09 
0.071 -2.0509 -5.3509 -3.38431 -4.80537 -0.149099 18188.7 2.76577e+16 9.23633e-07 1.04375e-05 2.77171e-21 4.6251e-08 175468 0 0 5.4375e-16 0 0 0.00822765 0 0 0 0 0 0 2.95482e+09 2.95482e+09 2.95482e+09 2.95482e+09 
0.0715 -2.04211 -5.34211 -3.37449 -4.79646 -0.15789 18924.1 2.75714e+16 9.2433e-07 1.04291e-05 2.88266e-21 4.60698e-08 176182 0 0 5.67162e-16 0 0 0.00822765 0 0 0 0 0 0 3.06264e+09 3.06264e+09 3.06264e+09 3.06264e+09 
0.072 -2.03328 -5.33328 -3.36464 -4.78751 -0.166717 19684 2.74859e+16 9.25028e-07 1.04208e-05 2.99739e-21 4.58904e-08 176893 0 0 5.91443e-16 0 0 0.00822765 0 0 0 0 0 0 3.17361e+09 3.17361e+09 3.17361e+09 3.17361e+09 
0.0725 -2.02442 -5.32442 -3.35477 -4.77853 -0.17558 20468.8 2.74011e+16 9.25727e-07 1.04126e-05 3.11599e-21 4.5713e-08 177603 0 0 6.16618e-16 0 0 0.00822765 0 0 0 0 0 0 3.28779e+09 3.28779e+09 3.28779e+09 3.28779e+09 
0.073 -2.01552 -5.31552 -3.34486 -4.76952 -0.184477 21279.1 2.73171e+16 9.26427e-07 1.04046e-05 3.23856e-21 4.55374e-08 178310 0 0 6.42713e-16 0 0 0.00822765 0 0 0 0 0 0 3.40525e+09 3.40525e+09 3.40525e+09 3.40525e+09 
0.0735 -2.00659 -5.30659 -3.33493 -4.76046 -0.19341 22115.6 2.72337e+16 9.27128e-07 1.03966e-05 3.36521e-21 4.53637e-08 179015 0 0 6.69754e-16 0 0 0.00822765 0 0 0 0 0 0 3.52605e+09 3.52605e+09 3.52605e+09 3.52605e+09 
0.074 -1.99762 -5.29762 -3.32497 -4.75138 -0.202379 22978.9 2.71511e+16 9.27831e-07 1.03887e-05 3.49603e-21 4.51918e-08 179718 0 0 6.97768e-16 0 0 0.00822765 0 0 0 0 0 0 3.65026e+09 3.65026e+09 3.65026e+09 3.65026e+09 
0.0745 -1.98862 -5.28862 -3.31498 -4.74226 -0.211382 23869.6 2.70691e+16 9.28534e-07 1.0381e-05 3.63113e-21 4.50217e-08 180419 0 0 7.26783e-16 0 0 0.00822765 0 0 0 0 0 0 3.77795e+09 3.77795e+09 3.77795e+09 3.77795e+09 
0.075 -1.97958 -5.27958 -3.30496 -4.7331 -0.220421 24788.4 2.69878e+16 9.29238e-07 1.03733e-05 3.77062e-21 4.48533e-08 181117 0 0 7.56827e-16 0 0 0.00822765 0 0 0 0 0 0 3.90918e+09 3.90918e+09 3.90918e+09 3.90918e+09 
0.0755 -1.97051 -5.27051 -3.29491 -4.72392 -0.229494 25735.9 2.69072e+16 9.29944e-07 1.03657e-05 3.91459e-21 4.46867e-08 181814 0 0 7.87928e-16 0 0 0.00822765 0 0 0 0 0 0 4.04402e+09 4.04402e+09 4.04402e+09 4.04402e+09 
0.076 -1.9614 -5.2614 -3.28484 -4.71469 -0.238602 26712.8 2.68272e+16 9.3065e-07 1.03582e-05 4.06316e-21 4.45218e-08 182508 0 0 8.20116e-16 0 0 0.00822765 0 0 0 0 0 0 4.18254e+09 4.18254e+09 4.18254e+09 4.18254e+09 
0.0765 -1.95226 -5.25226 -3.27473 -4.70544 -0.247745 27719.7 2.67479e+16 9.31357e-07 1.03509e-05 4.21644e-21 4.43585e-08 183201 0 0 8.53419e-16 0 0 0.00822765 0 0 0 0 0 0 4.3248e+09 4.3248e+09 4.3248e+09 4.3248e+09 
0.077 -1.94308 -5.24308 -3.2646 -4.69614 -0.256922 28757.3 2.66692e+16 9.32066e-07 1.03436e-05 4.37454e-21 4.41968e-08 183891 0 0 8.87869e-16 0 0 0.00822765 0 0 0 0 0 0 4.47089e+09 4.47089e+09 4.47089e+09 4.47089e+09 
0.0775 -1.93387 -5.23387 -3.25444 -4.68682 -0.266134 29826.4 2.65912e+16 9.32775e-07 1.03364e-05 4.53757e-21 4.40368e-08 184580 0 0 9.23496e-16 0 0 0.00822765 0 0 0 0 0 0 4.62086e+09 4.62086e+09 4.62086e+09 4.62086e+09 
0.078 -1.92462 -5.22462 -3.24426 -4.67746 -0.27538 30927.5 2.65138e+16 9.33485e-07 1.03292e-05 4.70565e-21 4.38784e-08 185266 0 0 9.60331e-16 0 0 0.00822765 0 0 0 0 0 0 4.77478e+09 4.77478e+09 4.77478e+09 4.77478e+09 
0.0785 -1.91534 -5.21534 -3.23404 -4.66807 -0.284661 32061.4 2.6437e+16 9.34197e-07 1.03222e-05 4.87889e-21 4.37216e-08 185950 0 0 9.98407e-16 0 0 0.00822765 0 0 0 0 0 0 4.93274e+09 4.93274e+09 4.93274e+09 4.93274e+09 
0.079 -1.90602 -5.20602 -3.2238 -4.65864 -0.293975 33228.8 2.63608e+16 9.34909e-07 1.03153e-05 5.05741e-21 4.35662e-08 186633 0 0 1.03775e-15 0 0 0.00822765 0 0 0 0 0 0 5.09479e+09 5.09479e+09 5.09479e+09 5.09479e+09 
0.0795 -1.89668 -5.19668 -3.21353 -4.64918 -0.303324 34430.4 2.62852e+16 9.35622e-07 1.03084e-05 5.24134e-21 4.34124e-08 187313 0 0 1.07841e-15 0 0 0.00822765 0 0 0 0 0 0 5.26102e+09 5.26102e+09 5.26102e+09 5.26102e+09 
0.08 -1.88729 -5.18729 -3.20323 -4.63969 -0.312707 35667 2.62102e+16 9.36336e-07 1.03017e-05 5.43078e-21 4.32601e-08 187992 0 0 1.1204e-15 0 0 0.00822765 0 0 0 0 0 0 5.43149e+09 5.43149e+09 5.43149e+09 5.43149e+09 
0.0805 -1.87788 -5.17788 -3.1929 -4.63016 -0.322123 36939.2 2.61358e+16 9.37051e-07 1.0295e-05 5.62587e-21 4.31093e-08 188668 0 0 1.16377e-15 0 0 0.00822765 0 0 0 0 0 0 5.60628e+09 5.60628e+09 5.60628e+09 5.60628e+09 
0.081 -1.86843 -5.16843 -3.18255 -4.62061 -0.331573 38247.9 2.60619e+16 9.37767e-07 1.02884e-05 5.82673e-21 4.29599e-08 189343 0 0 1.20854e-15 0 0 0.00822765 0 0 0 0 0 0 5.78546e+09 5.78546e+09 5.78546e+09 5.78546e+09 
0.0815 -1.85894 -5.15894 -3.17217 -4.61101 -0.341057 39593.7 2.59886e+16 9.38484e-07 1.02819e-05 6.03349e-21 4.2812e-08 190016 0 0 1.25476e-15 0 0 0.00822765 0 0 0 0 0 0 5.96911e+09 5.96911e+09 5.96911e+09 5.96911e+09 
0.082 -1.84943 -5.14943 -3.16176 -4.60139 -0.350575 40977.5 2.59159e+16 9.39202e-07 1.02754e-05 6.24627e-21 4.26654e-08 190687 0 0 1.30246e-15 0 0 0.00822765 0 0 0 0 0 0 6.15729e+09 6.15729e+09 6.15729e+09 6.15729e+09 
0.0825 -1.83987 -5.13987 -3.15132 -4.59173 -0.360126 42399.9 2.58437e+16 9.39921e-07 1.02691e-05 6.4652e-21 4.25203e-08 191356 0 0 1.35167e-15 0 0 0.00822765 0 0 0 0 0 0 6.35009e+09 6.35009e+09 6.35009e+09 6.35009e+09 
0.083 -1.83029 -5.13029 -3.14086 -4.58204 -0.369711 43861.9 2.5772e+16 9.40641e-07 1.02628e-05 6.69041e-21 4.23765e-08 192023 0 0 1.40244e-15 0 0 0.00822765 0 0 0 0 0 0 6.54758e+09 6.54758e+09 6.54758e+09 6.54758e+09 
0.0835 -1.82067 -5.12067 -3.13036 -4.57231 -0.379328 45364.1 2.57009e+16 9.41361e-07 1.02566e-05 6.92204e-21 4.2234e-08 192688 0 0 1.4548e-15 0 0 0.00822765 0 0 0 0 0 0 6.74984e+09 6.74984e+09 6.74984e+09 6.74984e+09 
0.084 -1.81102 -5.11102 -3.11984 -4.56256 -0.388979 46907.3 2.56304e+16 9.42083e-07 1.02505e-05 7.16022e-21 4.20929e-08 193352 0 0 1.50879e-15 0 0 0.00822765 0 0 0 0 0 0 6.95694e+09 6.95694e+09 6.95694e+09 6.95694e+09 
0.0845 -1.80134 -5.10134 -3.1093 -4.55277 -0.398663 48492.5 2.55603e+16 9.42805e-07 1.02444e-05 7.40509e-21 4.19531e-08 194013 0 0 1.56444e-15 0 0 0.00822765 0 0 0 0 0 0 7.16896e+09 7.16896e+09 7.16896e+09 7.16896e+09 
0.085 -1.79162 -5.09162 -3.09872 -4.54294 -0.408381 50120.2 2.54908e+16 9.43528e-07 1.02384e-05 7.65678e-21 4.18145e-08 194673 0 0 1.62181e-15 0 0 0.00822765 0 0 0 0 0 0 7.38598e+09 7.38598e+09 7.38598e+09 7.38598e+09 
0.0855 -1.78187 -5.08187 -3.08812 -4.53309 -0.418131 51791.5 2.54217e+16 9.44252e-07 1.02325e-05 7.91543e-21 4.16773e-08 195331 0 0 1.68092e-15 0 0 0.00822765 0 0 0 0 0 0 7.60807e+09 7.60807e+09 7.60807e+09 7.60807e+09 
0.086 -1.77209 -5.07209 -3.07749 -4.5232 -0.427914 53507.1 2.53532e+16 9.44977e-07 1.02267e-05 8.18119e-21 4.15412e-08 195987 0 0 1.74182e-15 0 0 0.00822765 0 0 0 0 0 0 7.83532e+09 7.83532e+09 7.83532e+09 7.83532e+09 
0.0865 -1.76227 -5.06227 -3.06684 -4.51328 -0.43773 55267.8 2.52852e+16 9.45703e-07 1.0221e-05 8.45419e-21 4.14064e-08 196642 0 0 1.80455e-15 0 0 0.00822765 0 0 0 0 0 0 8.06779e+09 8.06779e+09 8.06779e+09 8.06779e+09 
0.087 -1.75242 -5.05242 -3.05615 -4.50333 -0.447578 57074.5 2.52176e+16 9.4643e-07 1.02153e-05 8.73458e-21 4.12729e-08 197295 0 0 1.86916e-15 0 0 0.00822765 0 0 0 0 0 0 8.30558e+09 8.30558e+09 8.30558e+09 8.30558e+09 
0.0875 -1.74254 -5.04254 -3.04544 -4.49335 -0.457459 58928 2.51506e+16 9.47158e-07 1.02097e-05 9.02251e-21 4.11405e-08 197946 0 0 1.93568e-15 0 0 0.00822765 0 0 0 0 0 0 8.54876e+09 8.54876e+09 8.54876e+09 8.54876e+09 
0.088 -1.73263 -5.03263 -3.0347 -4.48333 -0.467373 60829.2 2.5084e+16 9.47886e-07 1.02041e-05 9.31812e-21 4.10093e-08 198595 0 0 2.00416e-15 0 0 0.00822765 0 0 0 0 0 0 8.79741e+09 8.79741e+09 8.79741e+09 8.79741e+09 
0.0885 -1.72268 -5.02268 -3.02394 -4.47329 -0.477318 62778.9 2.50179e+16 9.48615e-07 1.01986e-05 9.62156e-21 4.08792e-08 199243 0 0 2.07464e-15 0 0 0.00822765 0 0 0 0 0 0 9.05161e+09 9.05161e+09 9.05161e+09 9.05161e+09 
0.089 -1.7127 -5.0127 -3.01315 -4.46321 -0.487297 64778.1 2.49522e+16 9.49346e-07 1.01932e-05 9.93299e-21 4.07503e-08 199888 0 0 2.14717e-15 0 0 0.00822765 0 0 0 0 0 0 9.31143e+09 9.31143e+09 9.31143e+09 9.31143e+09 
0.0895 -1.70269 -5.00269 -3.00233 -4.4531 -0.497307 66827.6 2.4887e+16 9.50077e-07 1.01879e-05 1.02525e-20 4.06226e-08 200533 0 0 2.22179e-15 0 0 0.00822765 0 0 0 0 0 0 9.57697e+09 9.57697e+09 9.57697e+09 9.57697e+09 
0.09 -1.69265 -4.99265 -2.99148 -4.44295 -0.50735 68928.3 2.48223e+16 9.50808e-07 1.01826e-05 1.05804e-20 4.04959e-08 201175 0 0 2.29855e-15 0 0 0.00822765 0 0 0 0 0 0 9.84831e+09 9.84831e+09 9.84831e+09 9.84831e+09 
0.0905 -1.68258 -4.98258 -2.98061 -4.43278 -0.517425 71081.1 2.4758e+16 9.51541e-07 1.01774e-05 1.09167e-20 4.03704e-08 201816 0 0 2.37749e-15 0 0 0.00822765 0 0 0 0 0 0 1.01255e+10 1.01255e+10 1.01255e+10 1.01255e+10 
0.091 -1.67247 -4.97247 -2.96971 -4.42257 -0.527532 73286.9 2.46942e+16 9.52274e-07 1.01723e-05 1.12616e-20 4.02459e-08 202455 0 0 2.45867e-15 0 0 0.00822765 0 0 0 0 0 0 1.04087e+10 1.04087e+10 1.04087e+10 1.04087e+10 
0.0915 -1.66233 -4.96233 -2.95878 -4.41234 -0.53767 75546.6 2.46307e+16 9.53009e-07 1.01672e-05 1.16152e-20 4.01225e-08 203093 0 0 2.54213e-15 0 0 0.00822765 0 0 0 0 0 0 1.06979e+10 1.06979e+10 1.06979e+10 1.06979e+10 
0.092 -1.65216 -4.95216 -2.94782 -4.40207 -0.547841 77861.1 2.45678e+16 9.53744e-07 1.01622e-05 1.19778e-20 4.00002e-08 203728 0 0 2.62792e-15 0 0 0.00822765 0 0 0 0 0 0 1.09932e+10 1.09932e+10 1.09932e+10 1.09932e+10 
0.0925 -1.64196 -4.94196 -2.93684 -4.39177 -0.558043 80231.3 2.45052e+16 9.5448e-07 1.01572e-05 1.23494e-20 3.98789e-08 204363 0 0 2.71608e-15 0 0 0.00822765 0 0 0 0 0 0 1.12947e+10 1.12947e+10 1.12947e+10 1.12947e+10 
0.093 -1.63172 -4.93172 -2.92583 -4.38144 -0.568277 82658.3 2.44431e+16 9.55216e-07 1.01523e-05 1.27303e-20 3.97586e-08 204995 0 0 2.80668e-15 0 0 0.00822765 0 0 0 0 0 0 1.16025e+10 1.16025e+10 1.16025e+10 1.16025e+10 
0.0935 -1.62146 -4.92146 -2.9148 -4.37107 -0.578543 85142.8 2.43814e+16 9.55954e-07 1.01475e-05 1.31206e-20 3.96393e-08 205626 0 0 2.89975e-15 0 0 0.00822765 0 0 0 0 0 0 1.19167e+10 1.19167e+10 1.19167e+10 1.19167e+10 
0.094 -1.61116 -4.91116 -2.90374 -4.36068 -0.58884 87686 2.43201e+16 9.56692e-07 1.01427e-05 1.35205e-20 3.9521e-08 206256 0 0 2.99535e-15 0 0 0.00822765 0 0 0 0 0 0 1.22374e+10 1.22374e+10 1.22374e+10 1.22374e+10 
0.0945 -1.60083 -4.90083 -2.89265 -4.35026 -0.599168 90288.7 2.42592e+16 9.57431e-07 1.0138e-05 1.39302e-20 3.94038e-08 206884 0 0 3.09354e-15 0 0 0.00822765 0 0 0 0 0 0 1.25645e+10 1.25645e+10 1.25645e+10 1.25645e+10 
0.095 -1.59047 -4.89047 -2.88154 -4.3398 -0.609528 92951.9 2.41987e+16 9.58171e-07 1.01333e-05 1.43497e-20 3.92875e-08 207510 0 0 3.19435e-15 0 0 0.00822765 0 0 0 0 0 0 1.28983e+10 1.28983e+10 1.28983e+10 1.28983e+10 
0.0955 -1.58008 -4.88008 -2.87039 -4.32931 -0.619919 95676.5 2.41386e+16 9.58912e-07 1.01287e-05 1.47793e-20 3.91721e-08 208135 0 0 3.29786e-15 0 0 0.00822765 0 0 0 0 0 0 1.32388e+10 1.32388e+10 1.32388e+10 1.32388e+10 
0.096 -1.56966 -4.86966 -2.85923 -4.3188 -0.630342 98463.6 2.40789e+16 9.59653e-07 1.01242e-05 1.52192e-20 3.90577e-08 208758 0 0 3.40411e-15 0 0 0.00822765 0 0 0 0 0 0 1.35861e+10 1.35861e+10 1.35861e+10 1.35861e+10 
0.0965 -1.5592 -4.8592 -2.84803 -4.30825 -0.640795 101314 2.40196e+16 9.60395e-07 1.01197e-05 1.56695e-20 3.89443e-08 209380 0 0 3.51315e-15 0 0 0.00822765 0 0 0 0 0 0 1.39403e+10 1.39403e+10 1.39403e+10 1.39403e+10 
0.097 -1.54872 -4.84872 -2.83681 -4.29767 -0.65128 104229 2.39607e+16 9.61138e-07 1.01153e-05 1.61305e-20 3.88317e-08 210000 0 0 3.62505e-15 0 0 0.00822765 0 0 0 0 0 0 1.43014e+10 1.43014e+10 1.43014e+10 1.43014e+10 
0.0975 -1.5382 -4.8382 -2.82556 -4.28706 -0.661795 107209 2.39021e+16 9.61882e-07 1.01109e-05 1.66022e-20 3.87201e-08 210619 0 0 3.73985e-15 0 0 0.00822765 0 0 0 0 0 0 1.46696e+10 1.46696e+10 1.46696e+10 1.46696e+10 
0.098 -1.52766 -4.82766 -2.81429 -4.27642 -0.672342 110256 2.38439e+16 9.62627e-07 1.01066e-05 1.70849e-20 3.86094e-08 211236 0 0 3.85762e-15 0 0 0.00822765 0 0 0 0 0 0 1.50449e+10 1.50449e+10 1.50449e+10 1.50449e+10 
0.0985 -1.51708 -4.81708 -2.80299 -4.26575 -0.682919 113370 2.37861e+16 9.63372e-07 1.01023e-05 1.75787e-20 3.84995e-08 211851 0 0 3.9784e-15 0 0 0.00822765 0 0 0 0 0 0 1.54275e+10 1.54275e+10 1.54275e+10 1.54275e+10 
0.099 -1.50647 -4.80647 -2.79166 -4.25505 -0.693527 116553 2.37287e+16 9.64118e-07 1.00981e-05 1.80839e-20 3.83906e-08 212465 0 0 4.10227e-15 0 0 0.00822765 0 0 0 0 0 0 1.58173e+10 1.58173e+10 1.58173e+10 1.58173e+10 
0.0995 -1.49583 -4.79583 -2.78031 -4.24432 -0.704165 119805 2.36716e+16 9.64864e-07 1.00939e-05 1.86005e-20 3.82825e-08 213078 0 0 4.22928e-15 0 0 0.00822765 0 0 0 0 0 0 1.62145e+10 1.62145e+10 1.62145e+10 1.62145e+10 
0.1 -1.48517 -4.78517 -2.76893 -4.23356 -0.714834 123127 2.36149e+16 9.65612e-07 1.00898e-05 1.91289e-20 3.81752e-08 213689 0 0 4.35948e-15 0 0 0.00822765 0 0 0 0 0 0 1.66193e+10 1.66193e+10 1.66193e+10 1.66193e+10 
0.1005 -1.47447 -4.77447 -2.75752 -4.22277 -0.725534 126522 2.35586e+16 9.6636e-07 1.00858e-05 1.96692e-20 3.80688e-08 214299 0 0 4.49294e-15 0 0 0.00822765 0 0 0 0 0 0 1.70315e+10 1.70315e+10 1.70315e+10 1.70315e+10 
0.101 -1.46374 -4.76374 -2.74609 -4.21195 -0.736264 129988 2.35026e+16 9.67109e-07 1.00818e-05 2.02215e-20 3.79633e-08 214907 0 0 4.62972e-15 0 0 0.00822765 0 0 0 0 0 0 1.74515e+10 1.74515e+10 1.74515e+10 1.74515e+10 
0.1015 -1.45298 -4.75298 -2.73463 -4.20109 -0.747025 133529 2.34469e+16 9.67859e-07 1.00778e-05 2.07861e-20 3.78585e-08 215514 0 0 4.76987e-15 0 0 0.00822765 0 0 0 0 0 0 1.78791e+10 1.78791e+10 1.78791e+10 1.78791e+10 
0.102 -1.44218 -4.74218 -2.72314 -4.19021 -0.757816 137143 2.33916e+16 9.68609e-07 1.00739e-05 2.13632e-20 3.77546e-08 216120 0 0 4.91348e-15 0 0 0.00822765 0 0 0 0 0 0 1.83146e+10 1.83146e+10 1.83146e+10 1.83146e+10 
0.1025 -1.43136 -4.73136 -2.71163 -4.1793 -0.768637 140834 2.33366e+16 9.6936e-07 1.00701e-05 2.19529e-20 3.76515e-08 216723 0 0 5.06058e-15 0 0 0.00822765 0 0 0 0 0 0 1.8758e+10 1.8758e+10 1.8758e+10 1.8758e+10 
0.103 -1.42051 -4.72051 -2.70009 -4.16836 -0.779488 144602 2.3282e+16 9.70112e-07 1.00663e-05 2.25554e-20 3.75491e-08 217326 0 0 5.21125e-15 0 0 0.00822765 0 0 0 0 0 0 1.92094e+10 1.92094e+10 1.92094e+10 1.92094e+10 
0.1035 -1.40963 -4.70963 -2.68853 -4.15739 -0.790369 148447 2.32277e+16 9.70865e-07 1.00625e-05 2.3171e-20 3.74476e-08 217927 0 0 5.36556e-15 0 0 0.00822765 0 0 0 0 0 0 1.96689e+10 1.96689e+10 1.96689e+10 1.96689e+10 
0.104 -1.39872 -4.69872 -2.67694 -4.14639 -0.801281 152372 2.31737e+16 9.71618e-07 1.00588e-05 2.37998e-20 3.73468e-08 218527 0 0 5.52356e-15 0 0 0.00822765 0 0 0 0 0 0 2.01366e+10 2.01366e+10 2.01366e+10 2.01366e+10 
0.1045 -1.38778 -4.68778 -2.66533 -4.13536 -0.812222 156376 2.312e+16 9.72372e-07 1.00552e-05 2.44421e-20 3.72468e-08 219125 0 0 5.68533e-15 0 0 0.00822765 0 0 0 0 0 0 2.06125e+10 2.06125e+10 2.06125e+10 2.06125e+10 
0.105 -1.37681 -4.67681 -2.65368 -4.1243 -0.823193 160462 2.30667e+16 9.73126e-07 1.00516e-05 2.5098e-20 3.71476e-08 219722 0 0 5.85093e-15 0 0 0.00822765 0 0 0 0 0 0 2.10968e+10 2.10968e+10 2.10968e+10 2.10968e+10 
0.1055 -1.36581 -4.66581 -2.64202 -4.11321 -0.834194 164629 2.30137e+16 9.73882e-07 1.0048e-05 2.57677e-20 3.7049e-08 220318 0 0 6.02042e-15 0 0 0.00822765 0 0 0 0 0 0 2.15896e+10 2.15896e+10 2.15896e+10 2.15896e+10 
0.106 -1.35477 -4.65477 -2.63032 -4.10209 -0.845225 168881 2.2961e+16 9.74638e-07 1.00445e-05 2.64515e-20 3.69513e-08 220912 0 0 6.19388e-15 0 0 0.00822765 0 0 0 0 0 0 2.20908e+10 2.20908e+10 2.20908e+10 2.20908e+10 
0.1065 -1.34371 -4.64371 -2.6186 -4.09094 -0.856286 173216 2.29086e+16 9.75395e-07 1.0041e-05 2.71495e-20 3.68542e-08 221505 0 0 6.37137e-15 0 0 0.00822765 0 0 0 0 0 0 2.26007e+10 2.26007e+10 2.26007e+10 2.26007e+10 
0.107 -1.33262 -4.63262 -2.60686 -4.07977 -0.867376 177637 2.28565e+16 9.76152e-07 1.00376e-05 2.7862e-20 3.67579e-08 222096 0 0 6.55296e-15 0 0 0.00822765 0 0 0 0 0 0 2.31193e+10 2.31193e+10 2.31193e+10 2.31193e+10 
0.1075 -1.3215 -4.6215 -2.59509 -4.06856 -0.878495 182145 2.28047e+16 9.7691e-07 1.00342e-05 2.85892e-20 3.66623e-08 222687 0 0 6.73873e-15 0 0 0.00822765 0 0 0 0 0 0 2.36466e+10 2.36466e+10 2.36466e+10 2.36466e+10 
0.108 -1.31036 -4.61036 -2.58329 -4.05733 -0.889644 186741 2.27533e+16 9.77669e-07 1.00309e-05 2.93312e-20 3.65674e-08 223275 0 0 6.92874e-15 0 0 0.00822765 0 0 0 0 0 0 2.41829e+10 2.41829e+10 2.41829e+10 2.41829e+10 
0.1085 -1.29918 -4.59918 -2.57147 -4.04606 -0.900823 191426 2.27021e+16 9.78429e-07 1.00276e-05 3.00883e-20 3.64732e-08 223863 0 0 7.12306e-15 0 0 0.00822765 0 0 0 0 0 0 2.47281e+10 2.47281e+10 2.47281e+10 2.47281e+10 
0.109 -1.28797 -4.58797 -2.55962 -4.03477 -0.912031 196200 2.26512e+16 9.79189e-07 1.00244e-05 3.08606e-20 3.63797e-08 224449 0 0 7.32177e-15 0 0 0.00822765 0 0 0 0 0 0 2.52824e+10 2.52824e+10 2.52824e+10 2.52824e+10 
0.1095 -1.27673 -4.57673 -2.54775 -4.02345 -0.923268 201066 2.26006e+16 9.7995e-07 1.00212e-05 3.16485e-20 3.62869e-08 225034 0 0 7.52493e-15 0 0 0.00822765 0 0 0 0 0 0 2.58458e+10 2.58458e+10 2.58458e+10 2.58458e+10 
0.11 -1.26547 -4.56547 -2.53585 -4.01209 -0.934534 206024 2.25504e+16 9.80711e-07 1.0018e-05 3.24521e-20 3.61947e-08 225618 0 0 7.73263e-15 0 0 0.00822765 0 0 0 0 0 0 2.64184e+10 2.64184e+10 2.64184e+10 2.64184e+10 
0.1105 -1.25417 -4.55417 -2.52392 -4.00071 -0.945829 211076 2.25003e+16 9.81473e-07 1.00149e-05 3.32717e-20 3.61032e-08 226200 0 0 7.94494e-15 0 0 0.00822765 0 0 0 0 0 0 2.70004e+10 2.70004e+10 2.70004e+10 2.70004e+10 
0.111 -1.24285 -4.54285 -2.51197 -3.98931 -0.957154 216222 2.24506e+16 9.82236e-07 1.00118e-05 3.41074e-20 3.60123e-08 226781 0 0 8.16192e-15 0 0 0.00822765 0 0 0 0 0 0 2.75918e+10 2.75918e+10 2.75918e+10 2.75918e+10 
0.1115 -1.23149 -4.53149 -2.5 -3.97787 -0.968508 221465 2.24012e+16 9.83e-07 1.00088e-05 3.49594e-20 3.59221e-08 227361 0 0 8.38367e-15 0 0 0.00822765 0 0 0 0 0 0 2.81927e+10 2.81927e+10 2.81927e+10 2.81927e+10 
0.112 -1.22011 -4.52011 -2.48799 -3.9664 -0.97989 226804 2.2352e+16 9.83764e-07 1.00058e-05 3.58281e-20 3.58326e-08 227939 0 0 8.61024e-15 0 0 0.00822765 0 0 0 0 0 0 2.88032e+10 2.88032e+10 2.88032e+10 2.88032e+10 
0.1125 -1.2087 -4.5087 -2.47597 -3.95491 -0.991301 232241 2.23031e+16 9.84529e-07 1.00028e-05 3.67136e-20 3.57437e-08 228516 0 0 8.84173e-15 0 0 0.00822765 0 0 0 0 0 0 2.94233e+10 2.94233e+10 2.94233e+10 2.94233e+10 
0.113 -1.19726 -4.49726 -2.46391 -3.94338 -1.00274 237778 2.22545e+16 9.85294e-07 9.99991e-06 3.76161e-20 3.56554e-08 229092 0 0 9.0782e-15 0 0 0.00822765 0 0 0 0 0 0 3.00533e+10 3.00533e+10 3.00533e+10 3.00533e+10 
0.1135 -1.18579 -4.48579 -2.45184 -3.93183 -1.01421 243415 2.22062e+16 9.8606e-07 9.99704e-06 3.85359e-20 3.55677e-08 229667 0 0 9.31974e-15 0 0 0.00822765 0 0 0 0 0 0 3.0693e+10 3.0693e+10 3.0693e+10 3.0693e+10 
0.114 -1.17429 -4.47429 -2.43973 -3.92025 -1.02571 249154 2.21581e+16 9.86827e-07 9.99421e-06 3.94731e-20 3.54806e-08 230240 0 0 9.56643e-15 0 0 0.00822765 0 0 0 0 0 0 3.13428e+10 3.13428e+10 3.13428e+10 3.13428e+10 
0.1145 -1.16277 -4.46277 -2.4276 -3.90864 -1.03723 254996 2.21103e+16 9.87594e-07 9.99141e-06 4.04281e-20 3.53942e-08 230812 0 0 9.81834e-15 0 0 0.00822765 0 0 0 0 0 0 3.20025e+10 3.20025e+10 3.20025e+10 3.20025e+10 
0.115 -1.15121 -4.45121 -2.41545 -3.897 -1.04879 260941 2.20627e+16 9.88363e-07 9.98866e-06 4.1401e-20 3.53083e-08 231383 0 0 1.00756e-14 0 0 0.00822765 0 0 0 0 0 0 3.26724e+10 3.26724e+10 3.26724e+10 3.26724e+10 
0.1155 -1.13963 -4.43963 -2.40327 -3.88534 -1.06037 266992 2.20155e+16 9.89131e-07 9.98594e-06 4.23921e-20 3.52231e-08 231953 0 0 1.03382e-14 0 0 0.00822765 0 0 0 0 0 0 3.33524e+10 3.33524e+10 3.33524e+10 3.33524e+10 
0.116 -1.12802 -4.42802 -2.39107 -3.87365 -1.07198 273150 2.19684e+16 9.89901e-07 9.98326e-06 4.34016e-20 3.51384e-08 232522 0 0 1.06062e-14 0 0 0.00822765 0 0 0 0 0 0 3.40428e+10 3.40428e+10 3.40428e+10 3.40428e+10 
0.1165 -1.11637 -4.41637 -2.37884 -3.86192 -1.08363 279415 2.19217e+16 9.90671e-07 9.98062e-06 4.44297e-20 3.50543e-08 233089 0 0 1.08798e-14 0 0 0.00822765 0 0 0 0 0 0 3.47436e+10 3.47436e+10 3.47436e+10 3.47436e+10 
0.117 -1.10471 -4.40471 -2.36658 -3.85018 -1.09529 285789 2.18751e+16 9.91441e-07 9.97802e-06 4.54766e-20 3.49708e-08 233655 0 0 1.11591e-14 0 0 0.00822765 0 0 0 0 0 0 3.54548e+10 3.54548e+10 3.54548e+10 3.54548e+10 
0.1175 -1.09301 -4.39301 -2.3543 -3.8384 -1.10699 292273 2.18289e+16 9.92212e-07 9.97545e-06 4.65427e-20 3.48878e-08 234220 0 0 1.14441e-14 0 0 0.00822765 0 0 0 0 0 0 3.61766e+10 3.61766e+10 3.61766e+10 3.61766e+10 
0.118 -1.08128 -4.38128 -2.34199 -3.82659 -1.11872 298868 2.17828e+16 9.92984e-07 9.97292e-06 4.76281e-20 3.48054e-08 234783 0 0 1.17348e-14 0 0 0.00822765 0 0 0 0 0 0 3.6909e+10 3.6909e+10 3.6909e+10 3.6909e+10 
0.1185 -1.06953 -4.36953 -2.32966 -3.81476 -1.13047 305576 2.17371e+16 9.93757e-07 9.97042e-06 4.87331e-20 3.47236e-08 235346 0 0 1.20315e-14 0 0 0.00822765 0 0 0 0 0 0 3.76522e+10 3.76522e+10 3.76522e+10 3.76522e+10 
0.119 -1.05775 -4.35775 -2.31731 -3.8029 -1.14225 312398 2.16915e+16 9.9453e-07 9.96796e-06 4.98579e-20 3.46423e-08 235907 0 0 1.23342e-14 0 0 0.00822765 0 0 0 0 0 0 3.84062e+10 3.84062e+10 3.84062e+10 3.84062e+10 
0.1195 -1.04594 -4.34594 -2.30493 -3.79101 -1.15406 319334 2.16462e+16 9.95303e-07 9.96554e-06 5.10028e-20 3.45616e-08 236467 0 0 1.26429e-14 0 0 0.00822765 0 0 0 0 0 0 3.91711e+10 3.91711e+10 3.91711e+10 3.91711e+10 
0.12 -1.0341 -4.3341 -2.29252 -3.77909 -1.1659 326387 2.16012e+16 9.96078e-07 9.96315e-06 5.21679e-20 3.44814e-08 237026 0 0 1.29577e-14 0 0 0.00822765 0 0 0 0 0 0 3.99469e+10 3.99469e+10 3.99469e+10 3.99469e+10 
0.1205 -1.02224 -4.32224 -2.28009 -3.76715 -1.17776 333557 2.15564e+16 9.96853e-07 9.9608e-06 5.33536e-20 3.44017e-08 237584 0 0 1.32788e-14 0 0 0.00822765 0 0 0 0 0 0 4.07339e+10 4.07339e+10 4.07339e+10 4.07339e+10 
0.121 -1.01034 -4.31034 -2.26764 -3.75518 -1.18966 340845 2.15118e+16 9.97628e-07 9.95848e-06 5.456e-20 3.43226e-08 238141 0 0 1.36062e-14 0 0 0.00822765 0 0 0 0 0 0 4.15321e+10 4.15321e+10 4.15321e+10 4.15321e+10 
0.1215 -0.998424 -4.29842 -2.25516 -3.74318 -1.20158 348254 2.14674e+16 9.98404e-07 9.9562e-06 5.57875e-20 3.42439e-08 238696 0 0 1.394e-14 0 0 0.00822765 0 0 0 0 0 0 4.23415e+10 4.23415e+10 4.23415e+10 4.23415e+10 
0.122 -0.986475 -4.28647 -2.24265 -3.73115 -1.21353 355784 2.14233e+16 9.99181e-07 9.95395e-06 5.70362e-20 3.41658e-08 239251 0 0 1.42804e-14 0 0 0.00822765 0 0 0 0 0 0 4.31622e+10 4.31622e+10 4.31622e+10 4.31622e+10 
0.1225 -0.974498 -4.2745 -2.23012 -3.71909 -1.2255 363436 2.13794e+16 9.99958e-07 9.95173e-06 5.83065e-20 3.40882e-08 239804 0 0 1.46273e-14 0 0 0.00822765 0 0 0 0 0 0 4.39944e+10 4.39944e+10 4.39944e+10 4.39944e+10 
0.123 -0.962494 -4.26249 -2.21757 -3.70701 -1.23751 371211 2.13357e+16 1.00074e-06 9.94955e-06 5.95985e-20 3.40112e-08 240356 0 0 1.49809e-14 0 0 0.00822765 0 0 0 0 0 0 4.48381e+10 4.48381e+10 4.48381e+10 4.48381e+10 
0.1235 -0.950463 -4.25046 -2.20499 -3.6949 -1.24954 379112 2.12923e+16 1.00151e-06 9.9474e-06 6.09125e-20 3.39346e-08 240907 0 0 1.53413e-14 0 0 0.00822765 0 0 0 0 0 0 4.56935e+10 4.56935e+10 4.56935e+10 4.56935e+10 
0.124 -0.938404 -4.2384 -2.19238 -3.68277 -1.2616 387138 2.12491e+16 1.00229e-06 9.94529e-06 6.22488e-20 3.38585e-08 241457 0 0 1.57086e-14 0 0 0.00822765 0 0 0 0 0 0 4.65605e+10 4.65605e+10 4.65605e+10 4.65605e+10 
0.1245 -0.926317 -4.22632 -2.17976 -3.6706 -1.27368 395292 2.12061e+16 1.00307e-06 9.9432e-06 6.36075e-20 3.37829e-08 242006 0 0 1.60828e-14 0 0 0.00822765 0 0 0 0 0 0 4.74392e+10 4.74392e+10 4.74392e+10 4.74392e+10 
0.125 -0.914203 -4.2142 -2.1671 -3.65841 -1.2858 403574 2.11633e+16 1.00385e-06 9.94115e-06 6.4989e-20 3.37077e-08 242553 0 0 1.64641e-14 0 0 0.00822765 0 0 0 0 0 0 4.83299e+10 4.83299e+10 4.83299e+10 4.83299e+10 
0.1255 -0.902062 -4.20206 -2.15442 -3.64619 -1.29794 411987 2.11207e+16 1.00463e-06 9.93913e-06 6.63936e-20 3.36331e-08 243100 0 0 1.68526e-14 0 0 0.00822765 0 0 0 0 0 0 4.92325e+10 4.92325e+10 4.92325e+10 4.92325e+10 
0.126 -0.889893 -4.18989 -2.14172 -3.63395 -1.31011 420530 2.10783e+16 1.00542e-06 9.93714e-06 6.78214e-20 3.35589e-08 243645 0 0 1.72483e-14 0 0 0.00822765 0 0 0 0 0 0 5.01471e+10 5.01471e+10 5.01471e+10 5.01471e+10 
0.1265 -0.877697 -4.1777 -2.12899 -3.62168 -1.3223 429206 2.10362e+16 1.0062e-06 9.93518e-06 6.92727e-20 3.34852e-08 244190 0 0 1.76514e-14 0 0 0.00822765 0 0 0 0 0 0 5.10739e+10 5.10739e+10 5.10739e+10 5.10739e+10 
0.127 -0.865474 -4.16547 -2.11624 -3.60938 -1.33453 438015 2.09943e+16 1.00698e-06 9.93326e-06 7.07478e-20 3.3412e-08 244733 0 0 1.80619e-14 0 0 0.00822765 0 0 0 0 0 0 5.20128e+10 5.20128e+10 5.20128e+10 5.20128e+10 
0.1275 -0.853224 -4.15322 -2.10347 -3.59705 -1.34678 446960 2.09525e+16 1.00776e-06 9.93136e-06 7.2247e-20 3.33393e-08 245275 0 0 1.848e-14 0 0 0.00822765 0 0 0 0 0 0 5.29641e+10 5.29641e+10 5.29641e+10 5.29641e+10 
0.128 -0.840947 -4.14095 -2.09067 -3.5847 -1.35905 456040 2.0911e+16 1.00855e-06 9.9295e-06 7.37704e-20 3.32669e-08 245816 0 0 1.89057e-14 0 0 0.00822765 0 0 0 0 0 0 5.39277e+10 5.39277e+10 5.39277e+10 5.39277e+10 
0.1285 -0.828642 -4.12864 -2.07784 -3.57232 -1.37136 465258 2.08697e+16 1.00933e-06 9.92767e-06 7.53184e-20 3.31951e-08 246356 0 0 1.93391e-14 0 0 0.00822765 0 0 0 0 0 0 5.49038e+10 5.49038e+10 5.49038e+10 5.49038e+10 
0.129 -0.816311 -4.11631 -2.06499 -3.55991 -1.38369 474615 2.08286e+16 1.01012e-06 9.92586e-06 7.68912e-20 3.31237e-08 246895 0 0 1.97804e-14 0 0 0.00822765 0 0 0 0 0 0 5.58924e+10 5.58924e+10 5.58924e+10 5.58924e+10 
0.1295 -0.803953 -4.10395 -2.05212 -3.54748 -1.39605 484112 2.07877e+16 1.0109e-06 9.92409e-06 7.8489e-20 3.30527e-08 247433 0 0 2.02296e-14 0 0 0.00822765 0 0 0 0 0 0 5.68937e+10 5.68937e+10 5.68937e+10 5.68937e+10 
0.13 -0.791568 -4.09157 -2.03922 -3.53502 -1.40843 493750 2.0747e+16 1.01169e-06 9.92234e-06 8.01122e-20 3.29822e-08 247970 0 0 2.06869e-14 0 0 0.00822765 0 0 0 0 0 0 5.79076e+10 5.79076e+10 5.79076e+10 5.79076e+10 
0.1305 -0.779156 -4.07916 -2.0263 -3.52254 -1.42084 503531 2.07065e+16 1.01248e-06 9.92063e-06 8.1761e-20 3.29121e-08 248506 0 0 2.11523e-14 0 0 0.00822765 0 0 0 0 0 0 5.89344e+10 5.89344e+10 5.89344e+10 5.89344e+10 
0.131 -0.766717 -4.06672 -2.01335 -3.51002 -1.43328 513455 2.06661e+16 1.01326e-06 9.91894e-06 8.34357e-20 3.28424e-08 249040 0 0 2.1626e-14 0 0 0.00822765 0 0 0 0 0 0 5.9974e+10 5.9974e+10 5.9974e+10 5.9974e+10 
0.1315 -0.754252 -4.05425 -2.00038 -3.49748 -1.44575 523525 2.0626e+16 1.01405e-06 9.91728e-06 8.51365e-20 3.27732e-08 249574 0 0 2.2108e-14 0 0 0.00822765 0 0 0 0 0 0 6.10266e+10 6.10266e+10 6.10266e+10 6.10266e+10 
0.132 -0.74176 -4.04176 -1.98739 -3.48492 -1.45824 533741 2.05861e+16 1.01484e-06 9.91566e-06 8.68637e-20 3.27043e-08 250107 0 0 2.25985e-14 0 0 0.00822765 0 0 0 0 0 0 6.20922e+10 6.20922e+10 6.20922e+10 6.20922e+10 
0.1325 -0.729241 -4.02924 -1.97437 -3.47233 -1.47076 544104 2.05463e+16 1.01563e-06 9.91406e-06 8.86175e-20 3.26359e-08 250638 0 0 2.30975e-14 0 0 0.00822765 0 0 0 0 0 0 6.3171e+10 6.3171e+10 6.3171e+10 6.3171e+10 
0.133 -0.716696 -4.0167 -1.96132 -3.45971 -1.4833 554617 2.05068e+16 1.01642e-06 9.91248e-06 9.03983e-20 3.2568e-08 251169 0 0 2.36052e-14 0 0 0.00822765 0 0 0 0 0 0 6.4263e+10 6.4263e+10 6.4263e+10 6.4263e+10 
0.1335 -0.704124 -4.00412 -1.94826 -3.44706 -1.49588 565280 2.04674e+16 1.01721e-06 9.91094e-06 9.22063e-20 3.25004e-08 251699 0 0 2.41217e-14 0 0 0.00822765 0 0 0 0 0 0 6.53682e+10 6.53682e+10 6.53682e+10 6.53682e+10 
0.134 -0.691526 -3.99153 -1.93517 -3.43439 -1.50847 576094 2.04283e+16 1.018e-06 9.90942e-06 9.40417e-20 3.24332e-08 252227 0 0 2.4647e-14 0 0 0.00822765 0 0 0 0 0 0 6.64869e+10 6.64869e+10 6.64869e+10 6.64869e+10 
0.1345 -0.678902 -3.9789 -1.92205 -3.4217 -1.5211 587061 2.03893e+16 1.01879e-06 9.90793e-06 9.59049e-20 3.23664e-08 252755 0 0 2.51813e-14 0 0 0.00822765 0 0 0 0 0 0 6.7619e+10 6.7619e+10 6.7619e+10 6.7619e+10 
0.135 -0.666251 -3.96625 -1.90891 -3.40897 -1.53375 598183 2.03505e+16 1.01958e-06 9.90647e-06 9.77961e-20 3.23001e-08 253281 0 0 2.57248e-14 0 0 0.00822765 0 0 0 0 0 0 6.87646e+10 6.87646e+10 6.87646e+10 6.87646e+10 
0.1355 -0.653573 -3.95357 -1.89575 -3.39622 -1.54643 609460 2.03118e+16 1.02037e-06 9.90503e-06 9.97155e-20 3.22341e-08 253807 0 0 2.62774e-14 0 0 0.00822765 0 0 0 0 0 0 6.99238e+10 6.99238e+10 6.99238e+10 6.99238e+10 
0.136 -0.64087 -3.94087 -1.88256 -3.38345 -1.55913 620893 2.02734e+16 1.02116e-06 9.90362e-06 1.01664e-19 3.21685e-08 254331 0 0 2.68393e-14 0 0 0.00822765 0 0 0 0 0 0 7.10967e+10 7.10967e+10 7.10967e+10 7.10967e+10 
0.1365 -0.62814 -3.92814 -1.86935 -3.37065 -1.57186 632485 2.02351e+16 1.02196e-06 9.90224e-06 1.0364e-19 3.21033e-08 254855 0 0 2.74107e-14 0 0 0.00822765 0 0 0 0 0 0 7.22835e+10 7.22835e+10 7.22835e+10 7.22835e+10 
0.137 -0.615385 -3.91538 -1.85612 -3.35782 -1.58462 644235 2.0197e+16 1.02275e-06 9.90089e-06 1.05646e-19 3.20385e-08 255378 0 0 2.79916e-14 0 0 0.00822765 0 0 0 0 0 0 7.3484e+10 7.3484e+10 7.3484e+10 7.3484e+10 
0.1375 -0.602603 -3.9026 -1.84286 -3.34497 -1.5974 656147 2.01591e+16 1.02355e-06 9.89956e-06 1.07682e-19 3.1974e-08 255899 0 0 2.85821e-14 0 0 0.00822765 0 0 0 0 0 0 7.46985e+10 7.46985e+10 7.46985e+10 7.46985e+10 
0.138 -0.589795 -3.88979 -1.82957 -3.33209 -1.61021 668220 2.01214e+16 1.02434e-06 9.89825e-06 1.09747e-19 3.191e-08 256420 0 0 2.91824e-14 0 0 0.00822765 0 0 0 0 0 0 7.5927e+10 7.5927e+10 7.5927e+10 7.5927e+10 
0.1385 -0.576961 -3.87696 -1.81627 -3.31918 -1.62304 680456 2.00838e+16 1.02514e-06 9.89697e-06 1.11842e-19 3.18463e-08 256939 0 0 2.97925e-14 0 0 0.00822765 0 0 0 0 0 0 7.71696e+10 7.71696e+10 7.71696e+10 7.71696e+10 
0.139 -0.564101 -3.8641 -1.80294 -3.30625 -1.6359 692857 2.00464e+16 1.02593e-06 9.89572e-06 1.13967e-19 3.1783e-08 257458 0 0 3.04127e-14 0 0 0.00822765 0 0 0 0 0 0 7.84264e+10 7.84264e+10 7.84264e+10 7.84264e+10 
0.1395 -0.551215 -3.85121 -1.78958 -3.2933 -1.64879 705424 2.00092e+16 1.02673e-06 9.89449e-06 1.16122e-19 3.172e-08 257976 0 0 3.10429e-14 0 0 0.00822765 0 0 0 0 0 0 7.96975e+10 7.96975e+10 7.96975e+10 7.96975e+10 
0.14 -0.538303 -3.8383 -1.77621 -3.28031 -1.6617 718157 1.99721e+16 1.02752e-06 9.89329e-06 1.18309e-19 3.16574e-08 258493 0 0 3.16833e-14 0 0 0.00822765 0 0 0 0 0 0 8.09828e+10 8.09828e+10 8.09828e+10 8.09828e+10 
0.1405 -0.525366 -3.82537 -1.76281 -3.26731 -1.67463 731059 1.99353e+16 1.02832e-06 9.89211e-06 1.20526e-19 3.15952e-08 259008 0 0 3.2334e-14 0 0 0.00822765 0 0 0 0 0 0 8.22826e+10 8.22826e+10 8.22826e+10 8.22826e+10 
0.141 -0.512402 -3.8124 -1.74938 -3.25427 -1.6876 744131 1.98985e+16 1.02912e-06 9.89096e-06 1.22775e-19 3.15333e-08 259523 0 0 3.29952e-14 0 0 0.00822765 0 0 0 0 0 0 8.35968e+10 8.35968e+10 8.35968e+10 8.35968e+10 
0.1415 -0.499413 -3.79941 -1.73593 -3.24121 -1.70059 757373 1.9862e+16 1.02992e-06 9.88983e-06 1.25055e-19 3.14718e-08 260037 0 0 3.3667e-14 0 0 0.00822765 0 0 0 0 0 0 8.49256e+10 8.49256e+10 8.49256e+10 8.49256e+10 
0.142 -0.486399 -3.7864 -1.72246 -3.22813 -1.7136 770788 1.98256e+16 1.03072e-06 9.88873e-06 1.27367e-19 3.14106e-08 260550 0 0 3.43494e-14 0 0 0.00822765 0 0 0 0 0 0 8.62691e+10 8.62691e+10 8.62691e+10 8.62691e+10 
0.1425 -0.473358 -3.77336 -1.70897 -3.21502 -1.72664 784376 1.97894e+16 1.03152e-06 9.88765e-06 1.29712e-19 3.13498e-08 261062 0 0 3.50425e-14 0 0 0.00822765 0 0 0 0 0 0 8.76272e+10 8.76272e+10 8.76272e+10 8.76272e+10 
0.143 -0.460292 -3.76029 -1.69545 -3.20189 -1.73971 798140 1.97533e+16 1.03232e-06 9.88659e-06 1.32089e-19 3.12893e-08 261573 0 0 3.57466e-14 0 0 0.00822765 0 0 0 0 0 0 8.90002e+10 8.90002e+10 8.90002e+10 8.90002e+10 
0.1435 -0.447201 -3.7472 -1.68191 -3.18873 -1.7528 812079 1.97174e+16 1.03312e-06 9.88556e-06 1.34498e-19 3.12292e-08 262083 0 0 3.64617e-14 0 0 0.00822765 0 0 0 0 0 0 9.0388e+10 9.0388e+10 9.0388e+10 9.0388e+10 
0.144 -0.434084 -3.73408 -1.66834 -3.17554 -1.76592 826195 1.96816e+16 1.03392e-06 9.88455e-06 1.36941e-19 3.11694e-08 262593 0 0 3.7188e-14 0 0 0.00822765 0 0 0 0 0 0 9.17908e+10 9.17908e+10 9.17908e+10 9.17908e+10 
0.1445 -0.420942 -3.72094 -1.65475 -3.16233 -1.77906 840491 1.9646e+16 1.03472e-06 9.88357e-06 1.39417e-19 3.11099e-08 263101 0 0 3.79255e-14 0 0 0.00822765 0 0 0 0 0 0 9.32085e+10 9.32085e+10 9.32085e+10 9.32085e+10 
0.145 -0.407774 -3.70777 -1.64114 -3.14909 -1.79223 854966 1.96106e+16 1.03552e-06 9.8826e-06 1.41927e-19 3.10508e-08 263608 0 0 3.86744e-14 0 0 0.00822765 0 0 0 0 0 0 9.46414e+10 9.46414e+10 9.46414e+10 9.46414e+10 
0.1455 -0.394581 -3.69458 -1.6275 -3.13583 -1.80542 869622 1.95753e+16 1.03632e-06 9.88166e-06 1.4447e-19 3.0992e-08 264115 0 0 3.94348e-14 0 0 0.00822765 0 0 0 0 0 0 9.60894e+10 9.60894e+10 9.60894e+10 9.60894e+10 
0.146 -0.381362 -3.68136 -1.61384 -3.12254 -1.81864 884461 1.95402e+16 1.03713e-06 9.88075e-06 1.47048e-19 3.09335e-08 264620 0 0 4.02068e-14 0 0 0.00822765 0 0 0 0 0 0 9.75527e+10 9.75527e+10 9.75527e+10 9.75527e+10 
0.1465 -0.368119 -3.66812 -1.60016 -3.10923 -1.83188 899484 1.95052e+16 1.03793e-06 9.87985e-06 1.4966e-19 3.08753e-08 265125 0 0 4.09906e-14 0 0 0.00822765 0 0 0 0 0 0 9.90312e+10 9.90312e+10 9.90312e+10 9.90312e+10 
0.147 -0.35485 -3.65485 -1.58646 -3.0959 -1.84515 914692 1.94704e+16 1.03874e-06 9.87898e-06 1.52307e-19 3.08175e-08 265629 0 0 4.17862e-14 0 0 0.00822765 0 0 0 0 0 0 1.00525e+11 1.00525e+11 1.00525e+11 1.00525e+11 
0.1475 -0.341556 -3.64156 -1.57273 -3.08254 -1.85844 930087 1.94357e+16 1.03954e-06 9.87813e-06 1.54989e-19 3.07599e-08 266132 0 0 4.25939e-14 0 0 0.00822765 0 0 0 0 0 0 1.02035e+11 1.02035e+11 1.02035e+11 1.02035e+11 
0.148 -0.328237 -3.62824 -1.55898 -3.06915 -1.87176 945669 1.94012e+16 1.04035e-06 9.8773e-06 1.57706e-19 3.07027e-08 266634 0 0 4.34136e-14 0 0 0.00822765 0 0 0 0 0 0 1.0356e+11 1.0356e+11 1.0356e+11 1.0356e+11 
0.1485 -0.314892 -3.61489 -1.5452 -3.05574 -1.88511 961440 1.93668e+16 1.04115e-06 9.8765e-06 1.60459e-19 3.06458e-08 267135 0 0 4.42456e-14 0 0 0.00822765 0 0 0 0 0 0 1.051e+11 1.051e+11 1.051e+11 1.051e+11 
0.149 -0.301523 -3.60152 -1.5314 -3.0423 -1.89848 977402 1.93326e+16 1.04196e-06 9.87572e-06 1.63247e-19 3.05892e-08 267635 0 0 4.50899e-14 0 0 0.00822765 0 0 0 0 0 0 1.06656e+11 1.06656e+11 1.06656e+11 1.06656e+11 
0.1495 -0.288129 -3.58813 -1.51758 -3.02884 -1.91187 993555 1.92985e+16 1.04276e-06 9.87495e-06 1.66072e-19 3.0533e-08 268134 0 0 4.59468e-14 0 0 0.00822765 0 0 0 0 0 0 1.08228e+11 1.08228e+11 1.08228e+11 1.08228e+11 
0.15 -0.27471 -3.57471 -1.50374 -3.01535 -1.92529 1.0099e+06 1.92646e+16 1.04357e-06 9.87421e-06 1.68934e-19 3.0477e-08 268633 0 0 4.68162e-14 0 0 0.00822765 0 0 0 0 0 0 1.09816e+11 1.09816e+11 1.09816e+11 1.09816e+11 
0.1505 -0.261266 -3.56127 -1.48987 -3.00184 -1.93873 1.02644e+06 1.92308e+16 1.04438e-06 9.8735e-06 1.71832e-19 3.04213e-08 269130 0 0 4.76984e-14 0 0 0.00822765 0 0 0 0 0 0 1.1142e+11 1.1142e+11 1.1142e+11 1.1142e+11 
0.151 -0.247797 -3.5478 -1.47598 -2.98831 -1.9522 1.04318e+06 1.91971e+16 1.04519e-06 9.8728e-06 1.74767e-19 3.03659e-08 269627 0 0 4.85935e-14 0 0 0.00822765 0 0 0 0 0 0 1.13039e+11 1.13039e+11 1.13039e+11 1.13039e+11 
0.1515 -0.234303 -3.5343 -1.46207 -2.97475 -1.9657 1.06011e+06 1.91636e+16 1.04599e-06 9.87212e-06 1.7774e-19 3.03108e-08 270123 0 0 4.95016e-14 0 0 0.00822765 0 0 0 0 0 0 1.14675e+11 1.14675e+11 1.14675e+11 1.14675e+11 
0.152 -0.220784 -3.52078 -1.44813 -2.96116 -1.97922 1.07724e+06 1.91302e+16 1.0468e-06 9.87147e-06 1.80751e-19 3.0256e-08 270618 0 0 5.04227e-14 0 0 0.00822765 0 0 0 0 0 0 1.16327e+11 1.16327e+11 1.16327e+11 1.16327e+11 
0.1525 -0.207241 -3.50724 -1.43417 -2.94756 -1.99276 1.09457e+06 1.9097e+16 1.04761e-06 9.87083e-06 1.83799e-19 3.02015e-08 271112 0 0 5.13572e-14 0 0 0.00822765 0 0 0 0 0 0 1.17995e+11 1.17995e+11 1.17995e+11 1.17995e+11 
0.153 -0.193673 -3.49367 -1.42019 -2.93392 -2.00633 1.1121e+06 1.90639e+16 1.04842e-06 9.87022e-06 1.86886e-19 3.01473e-08 271605 0 0 5.2305e-14 0 0 0.00822765 0 0 0 0 0 0 1.19679e+11 1.19679e+11 1.19679e+11 1.19679e+11 
0.1535 -0.180081 -3.48008 -1.40619 -2.92026 -2.01992 1.12983e+06 1.90309e+16 1.04923e-06 9.86962e-06 1.90011e-19 3.00934e-08 272097 0 0 5.32664e-14 0 0 0.00822765 0 0 0 0 0 0 1.21379e+11 1.21379e+11 1.21379e+11 1.21379e+11 
0.154 -0.166464 -3.46646 -1.39216 -2.90658 -2.03354 1.14776e+06 1.89981e+16 1.05004e-06 9.86905e-06 1.93175e-19 3.00397e-08 272589 0 0 5.42413e-14 0 0 0.00822765 0 0 0 0 0 0 1.23096e+11 1.23096e+11 1.23096e+11 1.23096e+11 
0.1545 -0.152822 -3.45282 -1.37811 -2.89288 -2.04718 1.1659e+06 1.89654e+16 1.05086e-06 9.86849e-06 1.96378e-19 2.99864e-08 273080 0 0 5.52301e-14 0 0 0.00822765 0 0 0 0 0 0 1.24829e+11 1.24829e+11 1.24829e+11 1.24829e+11 
0.155 -0.139156 -3.43916 -1.36404 -2.87914 -2.06084 1.18425e+06 1.89329e+16 1.05167e-06 9.86796e-06 1.99621e-19 2.99333e-08 273569 0 0 5.62328e-14 0 0 0.00822765 0 0 0 0 0 0 1.26579e+11 1.26579e+11 1.26579e+11 1.26579e+11 
0.1555 -0.125465 -3.42546 -1.34994 -2.86539 -2.07454 1.2028e+06 1.89005e+16 1.05248e-06 9.86744e-06 2.02903e-19 2.98805e-08 274058 0 0 5.72495e-14 0 0 0.00822765 0 0 0 0 0 0 1.28345e+11 1.28345e+11 1.28345e+11 1.28345e+11 
0.156 -0.11175 -3.41175 -1.33582 -2.85161 -2.08825 1.22156e+06 1.88682e+16 1.05329e-06 9.86695e-06 2.06225e-19 2.98279e-08 274547 0 0 5.82804e-14 0 0 0.00822765 0 0 0 0 0 0 1.30128e+11 1.30128e+11 1.30128e+11 1.30128e+11 
0.1565 -0.0980102 -3.39801 -1.32168 -2.83781 -2.10199 1.24053e+06 1.8836e+16 1.05411e-06 9.86648e-06 2.09588e-19 2.97757e-08 275034 0 0 5.93255e-14 0 0 0.00822765 0 0 0 0 0 0 1.31927e+11 1.31927e+11 1.31927e+11 1.31927e+11 
0.157 -0.0842464 -3.38425 -1.30752 -2.82398 -2.11575 1.25971e+06 1.8804e+16 1.05492e-06 9.86602e-06 2.12992e-19 2.97237e-08 275520 0 0 6.03852e-14 0 0 0.00822765 0 0 0 0 0 0 1.33744e+11 1.33744e+11 1.33744e+11 1.33744e+11 
0.1575 -0.0704582 -3.37046 -1.29333 -2.81012 -2.12954 1.2791e+06 1.87721e+16 1.05573e-06 9.86558e-06 2.16436e-19 2.9672e-08 276006 0 0 6.14594e-14 0 0 0.00822765 0 0 0 0 0 0 1.35577e+11 1.35577e+11 1.35577e+11 1.35577e+11 
0.158 -0.0566458 -3.35665 -1.27912 -2.79625 -2.14335 1.2987e+06 1.87404e+16 1.05655e-06 9.86517e-06 2.19922e-19 2.96205e-08 276491 0 0 6.25483e-14 0 0 0.00822765 0 0 0 0 0 0 1.37427e+11 1.37427e+11 1.37427e+11 1.37427e+11 
0.1585 -0.0428091 -3.34281 -1.26489 -2.78235 -2.15719 1.31852e+06 1.87087e+16 1.05736e-06 9.86477e-06 2.23449e-19 2.95693e-08 276975 0 0 6.3652e-14 0 0 0.00822765 0 0 0 0 0 0 1.39294e+11 1.39294e+11 1.39294e+11 1.39294e+11 
0.159 -0.0289483 -3.32895 -1.25064 -2.76842 -2.17105 1.33856e+06 1.86772e+16 1.05818e-06 9.86439e-06 2.27018e-19 2.95184e-08 277458 0 0 6.47707e-14 0 0 0.00822765 0 0 0 0 0 0 1.41178e+11 1.41178e+11 1.41178e+11 1.41178e+11 
0.1595 -0.0150633 -3.31506 -1.23636 -2.75448 -2.18494 1.35881e+06 1.86458e+16 1.05899e-06 9.86403e-06 2.30629e-19 2.94677e-08 277941 0 0 6.59046e-14 0 0 0.00822765 0 0 0 0 0 0 1.43079e+11 1.43079e+11 1.43079e+11 1.43079e+11 
0.16 -0.0011542 -3.30115 -1.22207 -2.7405 -2.19885 1.37928e+06 1.86146e+16 1.05981e-06 9.86369e-06 2.34282e-19 2.94173e-08 278422 0 0 6.70536e-14 0 0 0.00822765 0 0 0 0 0 0 1.44997e+11 1.44997e+11 1.44997e+11 1.44997e+11 
0.1605 0.0127789 -3.28722 -1.20774 -2.72651 -2.21278 1.39997e+06 1.85834e+16 1.06063e-06 9.86336e-06 2.37978e-19 2.93671e-08 278903 0 0 6.82181e-14 0 0 0.00822765 0 0 0 0 0 0 1.46933e+11 1.46933e+11 1.46933e+11 1.46933e+11 
0.161 0.0267361 -3.27326 -1.1934 -2.71249 -2.22674 1.42088e+06 1.85524e+16 1.06145e-06 9.86306e-06 2.41718e-19 2.93172e-08 279383 0 0 6.93981e-14 0 0 0.00822765 0 0 0 0 0 0 1.48886e+11 1.48886e+11 1.48886e+11 1.48886e+11 
0.1615 0.0407172 -3.25928 -1.17904 -2.69844 -2.24072 1.44201e+06 1.85215e+16 1.06226e-06 9.86277e-06 2.455e-19 2.92676e-08 279862 0 0 7.05938e-14 0 0 0.00822765 0 0 0 0 0 0 1.50856e+11 1.50856e+11 1.50856e+11 1.50856e+11 
0.162 0.0547223 -3.24528 -1.16465 -2.68437 -2.25472 1.46336e+06 1.84908e+16 1.06308e-06 9.8625e-06 2.49327e-19 2.92181e-08 280341 0 0 7.18053e-14 0 0 0.00822765 0 0 0 0 0 0 1.52843e+11 1.52843e+11 1.52843e+11 1.52843e+11 
0.1625 0.0687513 -3.23125 -1.15024 -2.67028 -2.26875 1.48494e+06 1.84601e+16 1.0639e-06 9.86225e-06 2.53197e-19 2.9169e-08 280818 0 0 7.30327e-14 0 0 0.00822765 0 0 0 0 0 0 1.54848e+11 1.54848e+11 1.54848e+11 1.54848e+11 
0.163 0.0828041 -3.2172 -1.1358 -2.65617 -2.2828 1.50675e+06 1.84296e+16 1.06472e-06 9.86202e-06 2.57111e-19 2.91201e-08 281295 0 0 7.42762e-14 0 0 0.00822765 0 0 0 0 0 0 1.5687e+11 1.5687e+11 1.5687e+11 1.5687e+11 
0.1635 0.0968808 -3.20312 -1.12135 -2.64203 -2.29688 1.52878e+06 1.83992e+16 1.06554e-06 9.8618e-06 2.6107e-19 2.90714e-08 281771 0 0 7.55359e-14 0 0 0.00822765 0 0 0 0 0 0 1.5891e+11 1.5891e+11 1.5891e+11 1.5891e+11 
0.164 0.110981 -3.18902 -1.10687 -2.62787 -2.31098 1.55104e+06 1.83689e+16 1.06636e-06 9.8616e-06 2.65074e-19 2.9023e-08 282246 0 0 7.68119e-14 0 0 0.00822765 0 0 0 0 0 0 1.60968e+11 1.60968e+11 1.60968e+11 1.60968e+11 
0.1645 0.125105 -3.17489 -1.09237 -2.61368 -2.32511 1.57353e+06 1.83388e+16 1.06718e-06 9.86142e-06 2.69123e-19 2.89748e-08 282721 0 0 7.81045e-14 0 0 0.00822765 0 0 0 0 0 0 1.63043e+11 1.63043e+11 1.63043e+11 1.63043e+11 
0.165 0.139253 -3.16075 -1.07785 -2.59947 -2.33925 1.59625e+06 1.83087e+16 1.068e-06 9.86126e-06 2.73218e-19 2.89268e-08 283194 0 0 7.94137e-14 0 0 0.00822765 0 0 0 0 0 0 1.65136e+11 1.65136e+11 1.65136e+11 1.65136e+11 
0.1655 0.153425 -3.14658 -1.06331 -2.58524 -2.35342 1.6192e+06 1.82788e+16 1.06882e-06 9.86111e-06 2.77358e-19 2.88791e-08 283667 0 0 8.07397e-14 0 0 0.00822765 0 0 0 0 0 0 1.67247e+11 1.67247e+11 1.67247e+11 1.67247e+11 
0.166 0.16762 -3.13238 -1.04874 -2.57098 -2.36762 1.64238e+06 1.8249e+16 1.06964e-06 9.86098e-06 2.81544e-19 2.88316e-08 284139 0 0 8.20827e-14 0 0 0.00822765 0 0 0 0 0 0 1.69375e+11 1.69375e+11 1.69375e+11 1.69375e+11 
0.1665 0.181839 -3.11816 -1.03416 -2.5567 -2.38184 1.6658e+06 1.82192e+16 1.07047e-06 9.86087e-06 2.85777e-19 2.87843e-08 284611 0 0 8.34427e-14 0 0 0.00822765 0 0 0 0 0 0 1.71522e+11 1.71522e+11 1.71522e+11 1.71522e+11 
0.167 0.196081 -3.10392 -1.01955 -2.5424 -2.39608 1.68945e+06 1.81897e+16 1.07129e-06 9.86078e-06 2.90056e-19 2.87373e-08 285081 0 0 8.48199e-14 0 0 0.00822765 0 0 0 0 0 0 1.73686e+11 1.73686e+11 1.73686e+11 1.73686e+11 
0.1675 0.210347 -3.08965 -1.00491 -2.52807 -2.41035 1.71334e+06 1.81602e+16 1.07211e-06 9.8607e-06 2.94383e-19 2.86905e-08 285551 0 0 8.62145e-14 0 0 0.00822765 0 0 0 0 0 0 1.75869e+11 1.75869e+11 1.75869e+11 1.75869e+11 
0.168 0.224636 -3.07536 -0.990261 -2.51372 -2.42464 1.73747e+06 1.81308e+16 1.07294e-06 9.86064e-06 2.98756e-19 2.86439e-08 286020 0 0 8.76266e-14 0 0 0.00822765 0 0 0 0 0 0 1.78069e+11 1.78069e+11 1.78069e+11 1.78069e+11 
0.1685 0.238949 -3.06105 -0.975585 -2.49935 -2.43895 1.76183e+06 1.81016e+16 1.07376e-06 9.86059e-06 3.03177e-19 2.85976e-08 286488 0 0 8.90563e-14 0 0 0.00822765 0 0 0 0 0 0 1.80288e+11 1.80288e+11 1.80288e+11 1.80288e+11 
0.169 0.253285 -3.04671 -0.960888 -2.48495 -2.45329 1.78644e+06 1.80724e+16 1.07458e-06 9.86056e-06 3.07646e-19 2.85515e-08 286956 0 0 9.05038e-14 0 0 0.00822765 0 0 0 0 0 0 1.82525e+11 1.82525e+11 1.82525e+11 1.82525e+11 
0.1695 0.267645 -3.03236 -0.946168 -2.47053 -2.46764 1.81128e+06 1.80434e+16 1.07541e-06 9.86055e-06 3.12164e-19 2.85056e-08 287423 0 0 9.19693e-14 0 0 0.00822765 0 0 0 0 0 0 1.8478e+11 1.8478e+11 1.8478e+11 1.8478e+11 
0.17 0.282027 -3.01797 -0.931427 -2.45609 -2.48203 1.83637e+06 1.80145e+16 1.07623e-06 9.86055e-06 3.16729e-19 2.84599e-08 287889 0 0 9.34528e-14 0 0 0.00822765 0 0 0 0 0 0 1.87053e+11 1.87053e+11 1.87053e+11 1.87053e+11 
0.1705 0.296433 -3.00357 -0.916664 -2.44162 -2.49643 1.86171e+06 1.79856e+16 1.07706e-06 9.86057e-06 3.21344e-19 2.84144e-08 288354 0 0 9.49546e-14 0 0 0.00822765 0 0 0 0 0 0 1.89345e+11 1.89345e+11 1.89345e+11 1.89345e+11 
0.171 0.310863 -2.98914 -0.901879 -2.42713 -2.51086 1.88729e+06 1.79569e+16 1.07789e-06 9.86061e-06 3.26008e-19 2.83692e-08 288819 0 0 9.64747e-14 0 0 0.00822765 0 0 0 0 0 0 1.91655e+11 1.91655e+11 1.91655e+11 1.91655e+11 
0.1715 0.325315 -2.97468 -0.887072 -2.41262 -2.52532 1.91311e+06 1.79283e+16 1.07871e-06 9.86066e-06 3.30721e-19 2.83241e-08 289283 0 0 9.80134e-14 0 0 0.00822765 0 0 0 0 0 0 1.93984e+11 1.93984e+11 1.93984e+11 1.93984e+11 
0.172 0.339791 -2.96021 -0.872244 -2.39808 -2.53979 1.93918e+06 1.78998e+16 1.07954e-06 9.86073e-06 3.35484e-19 2.82793e-08 289746 0 0 9.95708e-14 0 0 0.00822765 0 0 0 0 0 0 1.96331e+11 1.96331e+11 1.96331e+11 1.96331e+11 
0.1725 0.35429 -2.94571 -0.857394 -2.38352 -2.55429 1.9655e+06 1.78715e+16 1.08037e-06 9.86081e-06 3.40296e-19 2.82347e-08 290208 0 0 1.01147e-13 0 0 0.00822765 0 0 0 0 0 0 1.98697e+11 1.98697e+11 1.98697e+11 1.98697e+11 
0.173 0.368812 -2.93119 -0.842522 -2.36894 -2.56881 1.99207e+06 1.78432e+16 1.0812e-06 9.86091e-06 3.45159e-19 2.81903e-08 290670 0 0 1.02742e-13 0 0 0.00822765 0 0 0 0 0 0 2.01081e+11 2.01081e+11 2.01081e+11 2.01081e+11 
0.1735 0.383357 -2.91664 -0.827628 -2.35434 -2.58336 2.01889e+06 1.7815e+16 1.08202e-06 9.86102e-06 3.50073e-19 2.81461e-08 291131 0 0 1.04356e-13 0 0 0.00822765 0 0 0 0 0 0 2.03484e+11 2.03484e+11 2.03484e+11 2.03484e+11 
0.174 0.397925 -2.90208 -0.812713 -2.33971 -2.59792 2.04596e+06 1.77869e+16 1.08285e-06 9.86115e-06 3.55038e-19 2.81021e-08 291591 0 0 1.0599e-13 0 0 0.00822765 0 0 0 0 0 0 2.05905e+11 2.05905e+11 2.05905e+11 2.05905e+11 
0.1745 0.412516 -2.88748 -0.797776 -2.32506 -2.61252 2.07328e+06 1.77589e+16 1.08368e-06 9.8613e-06 3.60054e-19 2.80583e-08 292050 0 0 1.07643e-13 0 0 0.00822765 0 0 0 0 0 0 2.08346e+11 2.08346e+11 2.08346e+11 2.08346e+11 
0.175 0.42713 -2.87287 -0.782818 -2.31039 -2.62713 2.10086e+06 1.77311e+16 1.08451e-06 9.86146e-06 3.65122e-19 2.80147e-08 292509 0 0 1.09315e-13 0 0 0.00822765 0 0 0 0 0 0 2.10805e+11 2.10805e+11 2.10805e+11 2.10805e+11 
0.1755 0.441767 -2.85823 -0.767838 -2.29569 -2.64177 2.12869e+06 1.77033e+16 1.08534e-06 9.86163e-06 3.70241e-19 2.79714e-08 292967 0 0 1.11007e-13 0 0 0.00822765 0 0 0 0 0 0 2.13283e+11 2.13283e+11 2.13283e+11 2.13283e+11 
0.176 0.456427 -2.84357 -0.752837 -2.28097 -2.65643 2.15678e+06 1.76756e+16 1.08617e-06 9.86182e-06 3.75412e-19 2.79282e-08 293424 0 0 1.1272e-13 0 0 0.00822765 0 0 0 0 0 0 2.1578e+11 2.1578e+11 2.1578e+11 2.1578e+11 
0.1765 0.471109 -2.82889 -0.737814 -2.26623 -2.67111 2.18513e+06 1.76481e+16 1.087e-06 9.86203e-06 3.80636e-19 2.78852e-08 293881 0 0 1.14452e-13 0 0 0.00822765 0 0 0 0 0 0 2.18295e+11 2.18295e+11 2.18295e+11 2.18295e+11 
0.177 0.485815 -2.81419 -0.722769 -2.25147 -2.68581 2.21374e+06 1.76206e+16 1.08783e-06 9.86225e-06 3.85913e-19 2.78424e-08 294336 0 0 1.16204e-13 0 0 0.00822765 0 0 0 0 0 0 2.2083e+11 2.2083e+11 2.2083e+11 2.2083e+11 
0.1775 0.500543 -2.79946 -0.707704 -2.23668 -2.70054 2.2426e+06 1.75933e+16 1.08867e-06 9.86248e-06 3.91243e-19 2.77999e-08 294792 0 0 1.17976e-13 0 0 0.00822765 0 0 0 0 0 0 2.23384e+11 2.23384e+11 2.23384e+11 2.23384e+11 
0.178 0.515294 -2.78471 -0.692616 -2.22187 -2.71529 2.27173e+06 1.7566e+16 1.0895e-06 9.86273e-06 3.96626e-19 2.77575e-08 295246 0 0 1.1977e-13 0 0 0.00822765 0 0 0 0 0 0 2.25957e+11 2.25957e+11 2.25957e+11 2.25957e+11 
0.1785 0.530067 -2.76993 -0.677508 -2.20704 -2.73007 2.30112e+06 1.75388e+16 1.09033e-06 9.863e-06 4.02063e-19 2.77153e-08 295700 0 0 1.21583e-13 0 0 0.00822765 0 0 0 0 0 0 2.28549e+11 2.28549e+11 2.28549e+11 2.28549e+11 
0.179 0.544864 -2.75514 -0.662377 -2.19218 -2.74486 2.33077e+06 1.75117e+16 1.09116e-06 9.86327e-06 4.07554e-19 2.76733e-08 296153 0 0 1.23418e-13 0 0 0.00822765 0 0 0 0 0 0 2.3116e+11 2.3116e+11 2.3116e+11 2.3116e+11 
0.1795 0.559683 -2.74032 -0.647226 -2.17731 -2.75968 2.36069e+06 1.74848e+16 1.092e-06 9.86357e-06 4.13099e-19 2.76315e-08 296605 0 0 1.25273e-13 0 0 0.00822765 0 0 0 0 0 0 2.3379e+11 2.3379e+11 2.3379e+11 2.3379e+11 
0.18 0.574524 -2.72548 -0.632053 -2.16241 -2.77452 2.39087e+06 1.74579e+16 1.09283e-06 9.86387e-06 4.18699e-19 2.75899e-08 297057 0 0 1.2715e-13 0 0 0.00822765 0 0 0 0 0 0 2.3644e+11 2.3644e+11 2.3644e+11 2.3644e+11 
0.1805 0.589388 -2.71061 -0.616859 -2.14749 -2.78939 2.42131e+06 1.74311e+16 1.09367e-06 9.86419e-06 4.24354e-19 2.75484e-08 297508 0 0 1.29047e-13 0 0 0.00822765 0 0 0 0 0 0 2.39109e+11 2.39109e+11 2.39109e+11 2.39109e+11 
0.181 0.604275 -2.69572 -0.601644 -2.13254 -2.80428 2.45203e+06 1.74044e+16 1.0945e-06 9.86453e-06 4.30064e-19 2.75072e-08 297958 0 0 1.30966e-13 0 0 0.00822765 0 0 0 0 0 0 2.41797e+11 2.41797e+11 2.41797e+11 2.41797e+11 
0.1815 0.619184 -2.68082 -0.586408 -2.11758 -2.81918 2.48301e+06 1.73778e+16 1.09534e-06 9.86488e-06 4.35829e-19 2.74661e-08 298408 0 0 1.32907e-13 0 0 0.00822765 0 0 0 0 0 0 2.44505e+11 2.44505e+11 2.44505e+11 2.44505e+11 
0.182 0.634116 -2.66588 -0.57115 -2.10259 -2.83412 2.51427e+06 1.73513e+16 1.09617e-06 9.86524e-06 4.41651e-19 2.74253e-08 298856 0 0 1.34869e-13 0 0 0.00822765 0 0 0 0 0 0 2.47232e+11 2.47232e+11 2.47232e+11 2.47232e+11 
0.1825 0.64907 -2.65093 -0.555871 -2.08758 -2.84907 2.54579e+06 1.73249e+16 1.09701e-06 9.86562e-06 4.47528e-19 2.73846e-08 299305 0 0 1.36854e-13 0 0 0.00822765 0 0 0 0 0 0 2.49978e+11 2.49978e+11 2.49978e+11 2.49978e+11 
0.183 0.664046 -2.63595 -0.540571 -2.07254 -2.86405 2.57759e+06 1.72986e+16 1.09784e-06 9.86601e-06 4.53462e-19 2.7344e-08 299752 0 0 1.3886e-13 0 0 0.00822765 0 0 0 0 0 0 2.52744e+11 2.52744e+11 2.52744e+11 2.52744e+11 
0.1835 0.679045 -2.62095 -0.52525 -2.05749 -2.87905 2.60966e+06 1.72724e+16 1.09868e-06 9.86641e-06 4.59452e-19 2.73037e-08 300199 0 0 1.40888e-13 0 0 0.00822765 0 0 0 0 0 0 2.5553e+11 2.5553e+11 2.5553e+11 2.5553e+11 
0.184 0.694066 -2.60593 -0.509908 -2.04241 -2.89407 2.642e+06 1.72463e+16 1.09952e-06 9.86683e-06 4.655e-19 2.72636e-08 300645 0 0 1.42939e-13 0 0 0.00822765 0 0 0 0 0 0 2.58335e+11 2.58335e+11 2.58335e+11 2.58335e+11 
0.1845 0.70911 -2.59089 -0.494545 -2.02731 -2.90911 2.67462e+06 1.72202e+16 1.10035e-06 9.86726e-06 4.71605e-19 2.72236e-08 301091 0 0 1.45012e-13 0 0 0.00822765 0 0 0 0 0 0 2.6116e+11 2.6116e+11 2.6116e+11 2.6116e+11 
0.185 0.724175 -2.57582 -0.47916 -2.01219 -2.92418 2.70751e+06 1.71943e+16 1.10119e-06 9.8677e-06 4.77768e-19 2.71838e-08 301535 0 0 1.47108e-13 0 0 0.00822765 0 0 0 0 0 0 2.64004e+11 2.64004e+11 2.64004e+11 2.64004e+11 
0.1855 0.739263 -2.56074 -0.463755 -1.99704 -2.93926 2.74068e+06 1.71684e+16 1.10203e-06 9.86816e-06 4.83988e-19 2.71442e-08 301980 0 0 1.49227e-13 0 0 0.00822765 0 0 0 0 0 0 2.66868e+11 2.66868e+11 2.66868e+11 2.66868e+11 
0.186 0.754373 -2.54563 -0.448329 -1.98187 -2.95437 2.77413e+06 1.71426e+16 1.10287e-06 9.86863e-06 4.90267e-19 2.71047e-08 302423 0 0 1.51368e-13 0 0 0.00822765 0 0 0 0 0 0 2.69752e+11 2.69752e+11 2.69752e+11 2.69752e+11 
0.1865 0.769505 -2.53049 -0.432881 -1.96669 -2.96951 2.80786e+06 1.7117e+16 1.10371e-06 9.86911e-06 4.96604e-19 2.70654e-08 302866 0 0 1.53533e-13 0 0 0.00822765 0 0 0 0 0 0 2.72656e+11 2.72656e+11 2.72656e+11 2.72656e+11 
0.187 0.78466 -2.51534 -0.417413 -1.95148 -2.98466 2.84187e+06 1.70914e+16 1.10455e-06 9.86961e-06 5.03001e-19 2.70263e-08 303308 0 0 1.55721e-13 0 0 0.00822765 0 0 0 0 0 0 2.75579e+11 2.75579e+11 2.75579e+11 2.75579e+11 
0.1875 0.799836 -2.50016 -0.401924 -1.93624 -2.99984 2.87616e+06 1.70659e+16 1.10539e-06 9.87012e-06 5.09456e-19 2.69874e-08 303749 0 0 1.57932e-13 0 0 0.00822765 0 0 0 0 0 0 2.78522e+11 2.78522e+11 2.78522e+11 2.78522e+11 
0.188 0.815035 -2.48497 -0.386414 -1.92099 -3.01503 2.91074e+06 1.70404e+16 1.10623e-06 9.87064e-06 5.15971e-19 2.69486e-08 304190 0 0 1.60167e-13 0 0 0.00822765 0 0 0 0 0 0 2.81485e+11 2.81485e+11 2.81485e+11 2.81485e+11 
0.1885 0.830255 -2.46974 -0.370883 -1.90571 -3.03026 2.94559e+06 1.70151e+16 1.10707e-06 9.87118e-06 5.22546e-19 2.691e-08 304630 0 0 1.62426e-13 0 0 0.00822765 0 0 0 0 0 0 2.84468e+11 2.84468e+11 2.84468e+11 2.84468e+11 
0.189 0.845498 -2.4545 -0.355331 -1.89041 -3.0455 2.98074e+06 1.69899e+16 1.10791e-06 9.87172e-06 5.2918e-19 2.68716e-08 305070 0 0 1.64709e-13 0 0 0.00822765 0 0 0 0 0 0 2.87471e+11 2.87471e+11 2.87471e+11 2.87471e+11 
0.1895 0.860762 -2.43924 -0.339759 -1.87509 -3.06076 3.01616e+06 1.69647e+16 1.10875e-06 9.87228e-06 5.35875e-19 2.68333e-08 305509 0 0 1.67015e-13 0 0 0.00822765 0 0 0 0 0 0 2.90494e+11 2.90494e+11 2.90494e+11 2.90494e+11 
0.19 0.876049 -2.42395 -0.324165 -1.85975 -3.07605 3.05188e+06 1.69396e+16 1.10959e-06 9.87285e-06 5.42631e-19 2.67951e-08 305947 0 0 1.69346e-13 0 0 0.00822765 0 0 0 0 0 0 2.93537e+11 2.93537e+11 2.93537e+11 2.93537e+11 
0.1905 0.891357 -2.40864 -0.308551 -1.84439 -3.09136 3.08788e+06 1.69146e+16 1.11043e-06 9.87343e-06 5.49448e-19 2.67571e-08 306385 0 0 1.71702e-13 0 0 0.00822765 0 0 0 0 0 0 2.96599e+11 2.96599e+11 2.96599e+11 2.96599e+11 
0.191 0.906687 -2.39331 -0.292916 -1.829 -3.10669 3.12417e+06 1.68896e+16 1.11128e-06 9.87401e-06 5.56326e-19 2.67192e-08 306822 0 0 1.74081e-13 0 0 0.00822765 0 0 0 0 0 0 2.99681e+11 2.99681e+11 2.99681e+11 2.99681e+11 
0.1915 0.922039 -2.37796 -0.277261 -1.8136 -3.12204 3.16075e+06 1.68647e+16 1.11212e-06 9.8746e-06 5.63265e-19 2.66814e-08 307258 0 0 1.76486e-13 0 0 0.00822765 0 0 0 0 0 0 3.02782e+11 3.02782e+11 3.02782e+11 3.02782e+11 
0.192 0.937413 -2.36259 -0.261585 -1.79817 -3.13741 3.19761e+06 1.68398e+16 1.11296e-06 9.87517e-06 5.70267e-19 2.66435e-08 307693 0 0 1.78915e-13 0 0 0.00822765 0 0 0 0 0 0 3.059e+11 3.059e+11 3.059e+11 3.059e+11 
0.1925 0.952808 -2.34719 -0.245888 -1.78271 -3.15281 3.23477e+06 1.68148e+16 1.11381e-06 9.87572e-06 5.7733e-19 2.66054e-08 308128 0 0 1.8137e-13 0 0 0.00822765 0 0 0 0 0 0 3.09035e+11 3.09035e+11 3.09035e+11 3.09035e+11 
0.193 0.968226 -2.33177 -0.23017 -1.76724 -3.16823 3.27223e+06 1.67895e+16 1.11465e-06 9.8762e-06 5.84456e-19 2.65668e-08 308563 0 0 1.83849e-13 0 0 0.00822765 0 0 0 0 0 0 3.12181e+11 3.12181e+11 3.12181e+11 3.12181e+11 
0.1935 0.983665 -2.31634 -0.214432 -1.75174 -3.18366 3.30997e+06 1.67639e+16 1.1155e-06 9.87656e-06 5.91645e-19 2.65271e-08 308996 0 0 1.86354e-13 0 0 0.00822765 0 0 0 0 0 0 3.15334e+11 3.15334e+11 3.15334e+11 3.15334e+11 
0.194 0.999125 -2.30087 -0.198674 -1.73622 -3.19913 3.34801e+06 1.67372e+16 1.11634e-06 9.87667e-06 5.98896e-19 2.64853e-08 309429 0 0 1.88884e-13 0 0 0.00822765 0 0 0 0 0 0 3.18479e+11 3.18479e+11 3.18479e+11 3.18479e+11 
0.1945 1.01461 -2.28539 -0.182894 -1.72068 -3.21461 3.38633e+06 1.67089e+16 1.11718e-06 9.87632e-06 6.06209e-19 2.64395e-08 309862 0 0 1.91438e-13 0 0 0.00822765 0 0 0 0 0 0 3.21593e+11 3.21593e+11 3.21593e+11 3.21593e+11 
0.195 1.03011 -2.26989 -0.167095 -1.7051 -3.23011 3.42495e+06 1.66771e+16 1.11803e-06 9.87511e-06 6.13584e-19 2.6386e-08 310293 0 0 1.94018e-13 0 0 0.00822765 0 0 0 0 0 0 3.24631e+11 3.24631e+11 3.24631e+11 3.24631e+11 
0.1955 1.04564 -2.25436 -0.151275 -1.68949 -3.24564 3.46384e+06 1.66392e+16 1.11887e-06 9.87229e-06 6.2102e-19 2.63184e-08 310724 0 0 1.9662e-13 0 0 0.00822765 0 0 0 0 0 0 3.27511e+11 3.27511e+11 3.27511e+11 3.27511e+11 
0.196 1.06118 -2.23882 -0.135435 -1.67383 -3.26118 3.503e+06 1.65895e+16 1.11972e-06 9.86647e-06 6.28514e-19 2.62244e-08 311153 0 0 1.99245e-13 0 0 0.00822765 0 0 0 0 0 0 3.30077e+11 3.30077e+11 3.30077e+11 3.30077e+11 
0.1965 1.07675 -2.22325 -0.119575 -1.6581 -3.27675 3.5424e+06 1.65182e+16 1.12056e-06 9.85508e-06 6.36061e-19 2.60816e-08 311581 0 0 2.01888e-13 0 0 0.00822765 0 0 0 0 0 0 3.32036e+11 3.32036e+11 3.32036e+11 3.32036e+11 
0.197 1.09234 -2.20766 -0.103695 -1.64226 -3.29234 3.582e+06 1.64065e+16 1.1214e-06 9.83328e-06 6.43651e-19 2.58479e-08 312007 0 0 2.04542e-13 0 0 0.00822765 0 0 0 0 0 0 3.3284e+11 3.3284e+11 3.3284e+11 3.3284e+11 
0.1975 1.10795 -2.19205 -0.0877966 -1.62622 -3.30795 3.62168e+06 1.62195e+16 1.12224e-06 9.79195e-06 6.51266e-19 2.54459e-08 312429 0 0 2.07193e-13 0 0 0.00822765 0 0 0 0 0 0 3.31462e+11 3.31462e+11 3.31462e+11 3.31462e+11 
0.198 1.12358 -2.17642 -0.071881 -1.60982 -3.32358 3.66129e+06 1.58911e+16 1.12268e-06 9.71036e-06 6.58651e-19 2.47229e-08 312638 0 0 2.08516e-13 0 0 0.00822765 0 0 0 0 0 0 3.25861e+11 3.25861e+11 3.25861e+11 3.25861e+11 
0.198 1.12358 -2.17642 -0.071881 -1.60982 -3.32358 3.66129e+06 1.58911e+16 1.12336e-06 9.71623e-06 6.59049e-19 2.47378e-08 313012 0 0 2.10883e-13 0 0 0.00822765 0 0 0 0 0 0 3.26058e+11 3.26058e+11 3.26058e+11 3.26058e+11 
0.198409 1.1364 -2.1636 -0.0588394 -1.59593 -3.3364 3.6934e+06 1.54372e+16 1.12369e-06 9.60004e-06 6.65023e-19 2.37439e-08 313175 0 0 2.11916e-13 0 0 0.00822764 0 0 0 0 0 0 3.16107e+11 3.16107e+11 3.16107e+11 3.16107e+11 
0.198752 1.14712 -2.15288 -0.0479279 -1.58374 -3.34712 3.71979e+06 1.48423e+16 1.12423e-06 9.44676e-06 6.70095e-19 2.24644e-08 313443 0 0 2.13604e-13 0 0 0.00822764 0 0 0 0 0 0 3.01738e+11 3.01738e+11 3.01738e+11 3.01738e+11 
0.199038 1.1561 -2.1439 -0.0388011 -1.57288 -3.3561 3.7413e+06 1.41094e+16 1.12466e-06 9.2526e-06 6.74228e-19 2.09163e-08 313657 0 0 2.14941e-13 0 0 0.00822762 0 0 0 0 0 0 2.83211e+11 2.83211e+11 2.83211e+11 2.83211e+11 
0.199277 1.16361 -2.13639 -0.0311689 -1.56304 -3.36361 3.75872e+06 1.32529e+16 1.125e-06 9.01913e-06 6.77571e-19 1.91508e-08 313827 0 0 2.15982e-13 0 0 0.0082276 0 0 0 0 0 0 2.61252e+11 2.61252e+11 2.61252e+11 2.61252e+11 
0.199478 1.1699 -2.1301 -0.0247877 -1.55399 -3.3699 3.77272e+06 1.22949e+16 1.12527e-06 8.74976e-06 6.80257e-19 1.72358e-08 313959 0 0 2.16778e-13 0 0 0.00822755 0 0 0 0 0 0 2.36816e+11 2.36816e+11 2.36816e+11 2.36816e+11 
0.199645 1.17515 -2.12485 -0.0194532 -1.54551 -3.37515 3.78392e+06 1.12618e+16 1.12548e-06 8.44885e-06 6.82402e-19 1.52446e-08 314061 0 0 2.17377e-13 0 0 0.00822747 0 0 0 0 0 0 2.10936e+11 2.10936e+11 2.10936e+11 2.10936e+11 
0.199785 1.17955 -2.12045 -0.0149943 -1.53742 -3.37955 3.79284e+06 1.01806e+16 1.12564e-06 8.12101e-06 6.84108e-19 1.32462e-08 314138 0 0 2.17819e-13 0 0 0.00822731 0 0 0 0 0 0 1.84593e+11 1.84593e+11 1.84593e+11 1.84593e+11 
0.199902 1.18323 -2.11677 -0.0112673 -1.52958 -3.38323 3.79994e+06 9.07631e+15 1.12576e-06 7.77041e-06 6.85461e-19 1.12996e-08 314197 0 0 2.1814e-13 0 0 0.00822705 0 0 0 0 0 0 1.58629e+11 1.58629e+11 1.58629e+11 1.58629e+11 
0.2 1.18631 -2.11369 -0.00815219 -1.52181 -3.38631 3.80557e+06 7.97046e+15 1.12581e-06 7.40008e-06 6.86511e-19 9.44996e-09 314220 0 0 2.18264e-13 0 0 0.0082269 0 0 0 0 0 0 1.33702e+11 1.33702e+11 1.33702e+11 1.33702e+11 