# ASCII 1D datafile generated by TiberCAD
# x Ec Ev eQFermi hQFermi ElPotential eDensity hDensity eMobility hMobility eConductivity hConductivity ElField_x ElField_y ElField_z eCurrentDensity_x eCurrentDensity_y eCurrentDensity_z hCurrentDensity_x hCurrentDensity_y hCurrentDensity_z IonizedDonors IonizedAcceptors IonizedElectronTraps IonizedHoleTraps eNetRecombination eLangevinRecombination hNetRecombination hLangevinRecombination 
0 -2.5 -5.8 -3.98675 -5.29381 0.3 48.943 7.40536e+16 8.44415e-07 1.60584e-05 8.67303e-23 1.90528e-07 17435.7 0 0 1.43968e-18 0 0 0.00679253 0 0 0 0 0 0 3.16731e+07 3.16731e+07 3.16731e+07 3.16731e+07 
9.79066e-05 -2.49983 -5.79983 -3.98659 -5.29346 0.299829 48.9275 7.37323e+16 8.44432e-07 1.60188e-05 8.67284e-23 1.89234e-07 17622.3 0 0 1.46277e-18 0 0 0.00679253 0 0 0 0 0 0 3.14519e+07 3.14519e+07 3.14519e+07 3.14519e+07 
0.000214985 -2.49962 -5.79962 -3.98639 -5.29303 0.29962 48.9129 7.33528e+16 8.44468e-07 1.59723e-05 8.67267e-23 1.87713e-07 18067.4 0 0 1.51777e-18 0 0 0.00679254 0 0 0 0 0 0 3.11944e+07 3.11944e+07 3.11944e+07 3.11944e+07 
0.000354988 -2.49936 -5.79936 -3.98614 -5.29253 0.299364 48.9009 7.29055e+16 8.44514e-07 1.59175e-05 8.67254e-23 1.85928e-07 18596.7 0 0 1.58292e-18 0 0 0.00679254 0 0 0 0 0 0 3.08955e+07 3.08955e+07 3.08955e+07 3.08955e+07 
0.000522406 -2.49905 -5.79905 -3.98582 -5.29191 0.299047 48.8942 7.23798e+16 8.44569e-07 1.58529e-05 8.67249e-23 1.83839e-07 19225.5 0 0 1.65997e-18 0 0 0.00679254 0 0 0 0 0 0 3.05505e+07 3.05505e+07 3.05505e+07 3.05505e+07 
0.000722606 -2.49865 -5.79865 -3.98543 -5.29117 0.298655 48.8968 7.17638e+16 8.44637e-07 1.57772e-05 8.67258e-23 1.81403e-07 19971.5 0 0 1.75093e-18 0 0 0.00679254 0 0 0 0 0 0 3.01549e+07 3.01549e+07 3.01549e+07 3.01549e+07 
0.000962009 -2.49817 -5.79817 -3.98493 -5.29026 0.298166 48.9147 7.10449e+16 8.44721e-07 1.56887e-05 8.67289e-23 1.78579e-07 20855.3 0 0 1.8581e-18 0 0 0.00679254 0 0 0 0 0 0 2.97049e+07 2.97049e+07 2.97049e+07 2.97049e+07 
0.00124829 -2.49755 -5.79755 -3.9843 -5.28916 0.297554 48.9566 7.02094e+16 8.44826e-07 1.55857e-05 8.67354e-23 1.7532e-07 21900.6 0 0 1.98406e-18 0 0 0.00679254 0 0 0 0 0 0 2.91979e+07 2.91979e+07 2.91979e+07 2.91979e+07 
0.00159063 -2.49678 -5.79678 -3.98348 -5.28782 0.296783 49.0351 6.92436e+16 8.44957e-07 1.54663e-05 8.67471e-23 1.71584e-07 23134.7 0 0 2.13176e-18 0 0 0.00679254 0 0 0 0 0 0 2.86331e+07 2.86331e+07 2.86331e+07 2.86331e+07 
0.002 -2.49581 -5.79581 -3.98244 -5.28618 0.295806 49.168 6.81334e+16 8.4503e-07 1.53272e-05 8.67656e-23 1.67315e-07 23867.4 0 0 2.21914e-18 0 0 0.00679254 0 0 0 0 0 0 2.80096e+07 2.80096e+07 2.80096e+07 2.80096e+07 
0.002 -2.49581 -5.79581 -3.98244 -5.28618 0.295806 49.168 6.81334e+16 8.45213e-07 1.53305e-05 8.67671e-23 1.67351e-07 25469.1 0 0 2.40871e-18 0 0 0.00679255 0 0 0 0 0 0 2.80156e+07 2.80156e+07 2.80156e+07 2.80156e+07 
0.0025 -2.49453 -5.79453 -3.98105 -5.28412 0.294532 49.3857 6.68399e+16 8.4532e-07 1.5168e-05 8.67974e-23 1.62433e-07 26333 0 0 2.51016e-18 0 0 0.00679255 0 0 0 0 0 0 2.73283e+07 2.73283e+07 2.73283e+07 2.73283e+07 
0.003 -2.49317 -5.79317 -3.97955 -5.282 0.293172 49.6617 6.56098e+16 8.45538e-07 1.50148e-05 8.68365e-23 1.57833e-07 28044.9 0 0 2.71057e-18 0 0 0.00679255 0 0 0 0 0 0 2.67174e+07 2.67174e+07 2.67174e+07 2.67174e+07 
0.0035 -2.49173 -5.79173 -3.97793 -5.27982 0.291728 49.9939 6.44385e+16 8.45766e-07 1.48684e-05 8.68833e-23 1.53505e-07 29725.8 0 0 2.90623e-18 0 0 0.00679255 0 0 0 0 0 0 2.61727e+07 2.61727e+07 2.61727e+07 2.61727e+07 
0.004 -2.4902 -5.7902 -3.9762 -5.27758 0.2902 50.3811 6.33219e+16 8.46003e-07 1.47286e-05 8.69377e-23 1.49426e-07 31377.1 0 0 3.09763e-18 0 0 0.00679255 0 0 0 0 0 0 2.56881e+07 2.56881e+07 2.56881e+07 2.56881e+07 
0.0045 -2.48859 -5.78859 -3.97437 -5.27527 0.28859 50.822 6.22563e+16 8.46249e-07 1.45948e-05 8.69995e-23 1.45576e-07 33000.2 0 0 3.28519e-18 0 0 0.00679255 0 0 0 0 0 0 2.52583e+07 2.52583e+07 2.52583e+07 2.52583e+07 
0.005 -2.4869 -5.7869 -3.97243 -5.27291 0.2869 51.316 6.12382e+16 8.46503e-07 1.44666e-05 8.70685e-23 1.41938e-07 34596.4 0 0 3.46931e-18 0 0 0.00679255 0 0 0 0 0 0 2.48789e+07 2.48789e+07 2.48789e+07 2.48789e+07 
0.0055 -2.48513 -5.78513 -3.97038 -5.27049 0.28513 51.8628 6.02644e+16 8.46766e-07 1.43437e-05 8.71449e-23 1.38495e-07 36166.8 0 0 3.65035e-18 0 0 0.00679256 0 0 0 0 0 0 2.45461e+07 2.45461e+07 2.45461e+07 2.45461e+07 
0.006 -2.48328 -5.78328 -3.96824 -5.26801 0.283283 52.4625 5.93322e+16 8.47036e-07 1.42258e-05 8.72285e-23 1.35232e-07 37712.6 0 0 3.82864e-18 0 0 0.00679256 0 0 0 0 0 0 2.42566e+07 2.42566e+07 2.42566e+07 2.42566e+07 
0.0065 -2.48136 -5.78136 -3.96599 -5.26547 0.281359 53.1155 5.84388e+16 8.47314e-07 1.41126e-05 8.73195e-23 1.32135e-07 39234.8 0 0 4.00449e-18 0 0 0.00679256 0 0 0 0 0 0 2.40074e+07 2.40074e+07 2.40074e+07 2.40074e+07 
0.007 -2.47936 -5.77936 -3.96365 -5.26287 0.27936 53.8223 5.75818e+16 8.47599e-07 1.40038e-05 8.74179e-23 1.29194e-07 40734.4 0 0 4.17819e-18 0 0 0.00679256 0 0 0 0 0 0 2.37962e+07 2.37962e+07 2.37962e+07 2.37962e+07 
0.0075 -2.47729 -5.77729 -3.96121 -5.26021 0.277286 54.5839 5.6759e+16 8.4789e-07 1.38991e-05 8.75239e-23 1.26396e-07 42212.2 0 0 4.35002e-18 0 0 0.00679256 0 0 0 0 0 0 2.36209e+07 2.36209e+07 2.36209e+07 2.36209e+07 
0.008 -2.47514 -5.77514 -3.95868 -5.2575 0.275138 55.4017 5.59683e+16 8.48188e-07 1.37983e-05 8.76376e-23 1.23731e-07 43669.2 0 0 4.52022e-18 0 0 0.00679256 0 0 0 0 0 0 2.34797e+07 2.34797e+07 2.34797e+07 2.34797e+07 
0.0085 -2.47292 -5.77292 -3.95606 -5.25472 0.272919 56.277 5.52079e+16 8.48492e-07 1.37012e-05 8.77593e-23 1.21191e-07 45106.2 0 0 4.68905e-18 0 0 0.00679256 0 0 0 0 0 0 2.33712e+07 2.33712e+07 2.33712e+07 2.33712e+07 
0.009 -2.47063 -5.77063 -3.95334 -5.25189 0.270628 57.2118 5.44759e+16 8.48802e-07 1.36076e-05 8.78892e-23 1.18768e-07 46523.9 0 0 4.85673e-18 0 0 0.00679256 0 0 0 0 0 0 2.3294e+07 2.3294e+07 2.3294e+07 2.3294e+07 
0.0095 -2.46827 -5.76827 -3.95053 -5.249 0.268266 58.2081 5.37708e+16 8.49117e-07 1.35173e-05 8.80277e-23 1.16452e-07 47923 0 0 5.02348e-18 0 0 0.00679256 0 0 0 0 0 0 2.32473e+07 2.32473e+07 2.32473e+07 2.32473e+07 
0.01 -2.46584 -5.76584 -3.94763 -5.24606 0.265836 59.2683 5.30911e+16 8.49439e-07 1.34301e-05 8.81749e-23 1.14238e-07 49304.2 0 0 5.18952e-18 0 0 0.00679256 0 0 0 0 0 0 2.32302e+07 2.32302e+07 2.32302e+07 2.32302e+07 
0.0105 -2.46334 -5.76334 -3.94464 -5.24306 0.263336 60.3951 5.24353e+16 8.49765e-07 1.33459e-05 8.83315e-23 1.1212e-07 50668.1 0 0 5.35506e-18 0 0 0.00679256 0 0 0 0 0 0 2.32421e+07 2.32421e+07 2.32421e+07 2.32421e+07 
0.011 -2.46077 -5.76077 -3.94157 -5.24 0.260769 61.5916 5.18022e+16 8.50097e-07 1.32645e-05 8.84976e-23 1.1009e-07 52015.4 0 0 5.52031e-18 0 0 0.00679256 0 0 0 0 0 0 2.32826e+07 2.32826e+07 2.32826e+07 2.32826e+07 
0.0115 -2.45813 -5.75813 -3.93841 -5.23689 0.258134 62.8611 5.11906e+16 8.50434e-07 1.31857e-05 8.86739e-23 1.08144e-07 53346.6 0 0 5.68546e-18 0 0 0.00679256 0 0 0 0 0 0 2.33514e+07 2.33514e+07 2.33514e+07 2.33514e+07 
0.012 -2.45543 -5.75543 -3.93516 -5.23372 0.255434 64.2074 5.05993e+16 8.50776e-07 1.31095e-05 8.88609e-23 1.06277e-07 54662.2 0 0 5.85072e-18 0 0 0.00679256 0 0 0 0 0 0 2.34485e+07 2.34485e+07 2.34485e+07 2.34485e+07 
0.0125 -2.45267 -5.75267 -3.93182 -5.2305 0.252668 65.6344 5.00272e+16 8.51122e-07 1.30356e-05 8.9059e-23 1.04484e-07 55962.8 0 0 6.01628e-18 0 0 0.00679256 0 0 0 0 0 0 2.3574e+07 2.3574e+07 2.3574e+07 2.3574e+07 
0.013 -2.44984 -5.74984 -3.9284 -5.22722 0.249838 67.1467 4.94736e+16 8.51474e-07 1.29641e-05 8.92691e-23 1.0276e-07 57248.9 0 0 6.18235e-18 0 0 0.00679257 0 0 0 0 0 0 2.3728e+07 2.3728e+07 2.3728e+07 2.3728e+07 
0.0135 -2.44694 -5.74694 -3.9249 -5.22389 0.246943 68.7492 4.89373e+16 8.51829e-07 1.28948e-05 8.94916e-23 1.01103e-07 58520.8 0 0 6.34912e-18 0 0 0.00679257 0 0 0 0 0 0 2.39109e+07 2.39109e+07 2.39109e+07 2.39109e+07 
0.014 -2.44399 -5.74399 -3.92131 -5.2205 0.243986 70.4472 4.84176e+16 8.52189e-07 1.28275e-05 8.97274e-23 9.95073e-08 59779.2 0 0 6.51679e-18 0 0 0.00679257 0 0 0 0 0 0 2.41233e+07 2.41233e+07 2.41233e+07 2.41233e+07 
0.0145 -2.44097 -5.74097 -3.91764 -5.21706 0.240965 72.2466 4.79136e+16 8.52554e-07 1.27622e-05 8.99773e-23 9.79705e-08 61024.2 0 0 6.68559e-18 0 0 0.00679257 0 0 0 0 0 0 2.43658e+07 2.43658e+07 2.43658e+07 2.43658e+07 
0.015 -2.43788 -5.73788 -3.91388 -5.21357 0.237883 74.1536 4.74246e+16 8.52922e-07 1.26988e-05 9.02422e-23 9.64892e-08 62256.5 0 0 6.8557e-18 0 0 0.00679257 0 0 0 0 0 0 2.46392e+07 2.46392e+07 2.46392e+07 2.46392e+07 
0.0155 -2.43474 -5.73474 -3.91004 -5.21002 0.23474 76.1754 4.695e+16 8.53295e-07 1.26373e-05 9.0523e-23 9.50604e-08 63476.3 0 0 7.02736e-18 0 0 0.00679257 0 0 0 0 0 0 2.49445e+07 2.49445e+07 2.49445e+07 2.49445e+07 
0.016 -2.43154 -5.73154 -3.90612 -5.20642 0.231536 78.3193 4.6489e+16 8.53671e-07 1.25775e-05 9.08208e-23 9.36815e-08 64684 0 0 7.20079e-18 0 0 0.00679257 0 0 0 0 0 0 2.52828e+07 2.52828e+07 2.52828e+07 2.52828e+07 
0.0165 -2.42827 -5.72827 -3.90211 -5.20277 0.228271 80.5936 4.60411e+16 8.54052e-07 1.25193e-05 9.11368e-23 9.23498e-08 65880 0 0 7.37622e-18 0 0 0.00679257 0 0 0 0 0 0 2.56555e+07 2.56555e+07 2.56555e+07 2.56555e+07 
0.017 -2.42495 -5.72495 -3.89802 -5.19907 0.224948 83.0071 4.56056e+16 8.54436e-07 1.24627e-05 9.14721e-23 9.10629e-08 67064.5 0 0 7.55388e-18 0 0 0.00679257 0 0 0 0 0 0 2.60639e+07 2.60639e+07 2.60639e+07 2.60639e+07 
0.0175 -2.42156 -5.72156 -3.89385 -5.19531 0.221565 85.5696 4.5182e+16 8.54825e-07 1.24077e-05 9.18283e-23 8.98187e-08 68237.9 0 0 7.73405e-18 0 0 0.00679257 0 0 0 0 0 0 2.65097e+07 2.65097e+07 2.65097e+07 2.65097e+07 
0.018 -2.41812 -5.71812 -3.8896 -5.19151 0.218124 88.2915 4.47698e+16 8.55216e-07 1.23541e-05 9.22066e-23 8.86149e-08 69400.6 0 0 7.91697e-18 0 0 0.00679257 0 0 0 0 0 0 2.69947e+07 2.69947e+07 2.69947e+07 2.69947e+07 
0.0185 -2.41462 -5.71462 -3.88527 -5.18765 0.214625 91.1842 4.43685e+16 8.55612e-07 1.23019e-05 9.26087e-23 8.74497e-08 70552.7 0 0 8.10292e-18 0 0 0.00679257 0 0 0 0 0 0 2.75209e+07 2.75209e+07 2.75209e+07 2.75209e+07 
0.019 -2.41107 -5.71107 -3.88085 -5.18374 0.211069 94.2601 4.39777e+16 8.56011e-07 1.22511e-05 9.30364e-23 8.63212e-08 71694.6 0 0 8.2922e-18 0 0 0.00679257 0 0 0 0 0 0 2.80906e+07 2.80906e+07 2.80906e+07 2.80906e+07 
0.0195 -2.40746 -5.70746 -3.87636 -5.17978 0.207455 97.5327 4.35969e+16 8.56414e-07 1.22015e-05 9.34915e-23 8.52277e-08 72826.5 0 0 8.48512e-18 0 0 0.00679257 0 0 0 0 0 0 2.87061e+07 2.87061e+07 2.87061e+07 2.87061e+07 
0.02 -2.40379 -5.70379 -3.87178 -5.17577 0.203786 101.016 4.32257e+16 8.56821e-07 1.21533e-05 9.39761e-23 8.41676e-08 73948.7 0 0 8.68198e-18 0 0 0.00679257 0 0 0 0 0 0 2.93702e+07 2.93702e+07 2.93702e+07 2.93702e+07 
0.0205 -2.40006 -5.70006 -3.86712 -5.17171 0.200061 104.727 4.28637e+16 8.5723e-07 1.21062e-05 9.44924e-23 8.31393e-08 75061.4 0 0 8.88314e-18 0 0 0.00679257 0 0 0 0 0 0 3.00857e+07 3.00857e+07 3.00857e+07 3.00857e+07 
0.021 -2.39628 -5.69628 -3.86238 -5.1676 0.19628 108.682 4.25106e+16 8.57644e-07 1.20602e-05 9.50428e-23 8.21414e-08 76164.9 0 0 9.08896e-18 0 0 0.00679257 0 0 0 0 0 0 3.08559e+07 3.08559e+07 3.08559e+07 3.08559e+07 
0.0215 -2.39244 -5.69244 -3.85756 -5.16344 0.192444 112.899 4.21659e+16 8.58061e-07 1.20154e-05 9.56298e-23 8.11726e-08 77259.3 0 0 9.29981e-18 0 0 0.00679257 0 0 0 0 0 0 3.1684e+07 3.1684e+07 3.1684e+07 3.1684e+07 
0.022 -2.38855 -5.68855 -3.85265 -5.15923 0.188554 117.399 4.18295e+16 8.58481e-07 1.19716e-05 9.62563e-23 8.02315e-08 78345 0 0 9.5161e-18 0 0 0.00679257 0 0 0 0 0 0 3.25739e+07 3.25739e+07 3.25739e+07 3.25739e+07 
0.0225 -2.38461 -5.68461 -3.84767 -5.15498 0.18461 122.203 4.15009e+16 8.58904e-07 1.19289e-05 9.69254e-23 7.93171e-08 79422 0 0 9.73826e-18 0 0 0.00679257 0 0 0 0 0 0 3.35296e+07 3.35296e+07 3.35296e+07 3.35296e+07 
0.023 -2.38061 -5.68061 -3.84261 -5.15067 0.180612 127.335 4.11799e+16 8.59331e-07 1.18871e-05 9.76403e-23 7.84281e-08 80490.7 0 0 9.96673e-18 0 0 0.00679257 0 0 0 0 0 0 3.45553e+07 3.45553e+07 3.45553e+07 3.45553e+07 
0.0235 -2.37656 -5.67656 -3.83747 -5.14632 0.176561 132.819 4.08661e+16 8.59761e-07 1.18463e-05 9.84045e-23 7.75635e-08 81551.1 0 0 1.0202e-17 0 0 0.00679257 0 0 0 0 0 0 3.56558e+07 3.56558e+07 3.56558e+07 3.56558e+07 
0.024 -2.37246 -5.67246 -3.83224 -5.14191 0.172457 138.684 4.05594e+16 8.60195e-07 1.18065e-05 9.9222e-23 7.67223e-08 82603.6 0 0 1.04446e-17 0 0 0.00679257 0 0 0 0 0 0 3.6836e+07 3.6836e+07 3.6836e+07 3.6836e+07 
0.0245 -2.3683 -5.6683 -3.82694 -5.13746 0.1683 144.957 4.02595e+16 8.60631e-07 1.17675e-05 1.00097e-22 7.59035e-08 83648.1 0 0 1.0695e-17 0 0 0.00679257 0 0 0 0 0 0 3.81013e+07 3.81013e+07 3.81013e+07 3.81013e+07 
0.025 -2.36409 -5.66409 -3.82156 -5.13297 0.164092 151.671 3.9966e+16 8.61071e-07 1.17294e-05 1.01033e-22 7.51063e-08 84685.1 0 0 1.09537e-17 0 0 0.00679257 0 0 0 0 0 0 3.94573e+07 3.94573e+07 3.94573e+07 3.94573e+07 
0.0255 -2.35983 -5.65983 -3.8161 -5.12842 0.159832 158.858 3.96789e+16 8.61514e-07 1.16921e-05 1.02036e-22 7.43297e-08 85714.5 0 0 1.12215e-17 0 0 0.00679257 0 0 0 0 0 0 4.09101e+07 4.09101e+07 4.09101e+07 4.09101e+07 
0.026 -2.35552 -5.65552 -3.81056 -5.12383 0.15552 166.554 3.93979e+16 8.6196e-07 1.16556e-05 1.0311e-22 7.3573e-08 86736.6 0 0 1.14989e-17 0 0 0.00679257 0 0 0 0 0 0 4.2466e+07 4.2466e+07 4.2466e+07 4.2466e+07 
0.0265 -2.35116 -5.65116 -3.80495 -5.11919 0.151158 174.797 3.91227e+16 8.6241e-07 1.16199e-05 1.04261e-22 7.28354e-08 87751.4 0 0 1.17865e-17 0 0 0.00679257 0 0 0 0 0 0 4.41318e+07 4.41318e+07 4.41318e+07 4.41318e+07 
0.027 -2.34675 -5.64675 -3.79926 -5.1145 0.146745 183.627 3.88531e+16 8.62862e-07 1.1585e-05 1.05494e-22 7.21161e-08 88759.3 0 0 1.2085e-17 0 0 0.00679257 0 0 0 0 0 0 4.59146e+07 4.59146e+07 4.59146e+07 4.59146e+07 
0.0275 -2.34228 -5.64228 -3.7935 -5.10977 0.142282 193.086 3.85891e+16 8.63318e-07 1.15508e-05 1.06816e-22 7.14145e-08 89760.2 0 0 1.23952e-17 0 0 0.00679257 0 0 0 0 0 0 4.78216e+07 4.78216e+07 4.78216e+07 4.78216e+07 
0.028 -2.33777 -5.63777 -3.78766 -5.10499 0.137769 203.219 3.83303e+16 8.63776e-07 1.15173e-05 1.08233e-22 7.07299e-08 90754.4 0 0 1.27177e-17 0 0 0.00679257 0 0 0 0 0 0 4.98606e+07 4.98606e+07 4.98606e+07 4.98606e+07 
0.0285 -2.33321 -5.63321 -3.78175 -5.10017 0.133207 214.071 3.80767e+16 8.64238e-07 1.14845e-05 1.0975e-22 7.00617e-08 91742 0 0 1.30534e-17 0 0 0.00679257 0 0 0 0 0 0 5.20394e+07 5.20394e+07 5.20394e+07 5.20394e+07 
0.029 -2.32859 -5.62859 -3.77577 -5.0953 0.128595 225.691 3.7828e+16 8.64703e-07 1.14523e-05 1.11376e-22 6.94092e-08 92723.1 0 0 1.34031e-17 0 0 0.00679257 0 0 0 0 0 0 5.4366e+07 5.4366e+07 5.4366e+07 5.4366e+07 
0.0295 -2.32393 -5.62393 -3.76972 -5.09038 0.123934 238.129 3.75841e+16 8.6517e-07 1.14208e-05 1.13117e-22 6.8772e-08 93697.8 0 0 1.37675e-17 0 0 0.00679257 0 0 0 0 0 0 5.68487e+07 5.68487e+07 5.68487e+07 5.68487e+07 
0.03 -2.31923 -5.61923 -3.7636 -5.08542 0.119225 251.437 3.73449e+16 8.65641e-07 1.13899e-05 1.14981e-22 6.81494e-08 94666.2 0 0 1.41477e-17 0 0 0.00679257 0 0 0 0 0 0 5.94958e+07 5.94958e+07 5.94958e+07 5.94958e+07 
0.0305 -2.31447 -5.61447 -3.75742 -5.08041 0.114468 265.665 3.71102e+16 8.66114e-07 1.13596e-05 1.16974e-22 6.7541e-08 95628.6 0 0 1.45444e-17 0 0 0.00679257 0 0 0 0 0 0 6.23156e+07 6.23156e+07 6.23156e+07 6.23156e+07 
0.031 -2.30966 -5.60966 -3.75117 -5.07536 0.109662 280.869 3.68798e+16 8.6659e-07 1.13299e-05 1.19105e-22 6.69463e-08 96584.9 0 0 1.49587e-17 0 0 0.00679257 0 0 0 0 0 0 6.53163e+07 6.53163e+07 6.53163e+07 6.53163e+07 
0.0315 -2.30481 -5.60481 -3.74487 -5.07027 0.104809 297.101 3.66536e+16 8.67069e-07 1.13008e-05 1.21382e-22 6.63647e-08 97535.3 0 0 1.53915e-17 0 0 0.00679257 0 0 0 0 0 0 6.85062e+07 6.85062e+07 6.85062e+07 6.85062e+07 
0.032 -2.29991 -5.59991 -3.7385 -5.06513 0.0999088 314.416 3.64316e+16 8.6755e-07 1.12723e-05 1.23812e-22 6.57959e-08 98480 0 0 1.5844e-17 0 0 0.00679257 0 0 0 0 0 0 7.18933e+07 7.18933e+07 7.18933e+07 7.18933e+07 
0.0325 -2.29496 -5.59496 -3.73207 -5.05994 0.0949612 332.869 3.62135e+16 8.68034e-07 1.12442e-05 1.26402e-22 6.52395e-08 99418.9 0 0 1.63172e-17 0 0 0.00679257 0 0 0 0 0 0 7.54854e+07 7.54854e+07 7.54854e+07 7.54854e+07 
0.033 -2.28997 -5.58997 -3.72559 -5.05472 0.0899669 352.514 3.59992e+16 8.68521e-07 1.12167e-05 1.29162e-22 6.46949e-08 100352 0 0 1.68124e-17 0 0 0.00679257 0 0 0 0 0 0 7.92901e+07 7.92901e+07 7.92901e+07 7.92901e+07 
0.0335 -2.28493 -5.58493 -3.71906 -5.04944 0.084926 373.405 3.57888e+16 8.69009e-07 1.11897e-05 1.32098e-22 6.41618e-08 101280 0 0 1.73308e-17 0 0 0.00679257 0 0 0 0 0 0 8.33149e+07 8.33149e+07 8.33149e+07 8.33149e+07 
0.034 -2.27984 -5.57984 -3.71248 -5.04413 0.0798389 395.598 3.55819e+16 8.69501e-07 1.11632e-05 1.35219e-22 6.36399e-08 102203 0 0 1.78739e-17 0 0 0.00679257 0 0 0 0 0 0 8.75671e+07 8.75671e+07 8.75671e+07 8.75671e+07 
0.0345 -2.27471 -5.57471 -3.70585 -5.03877 0.0747057 419.145 3.53786e+16 8.69994e-07 1.11372e-05 1.38533e-22 6.31288e-08 103120 0 0 1.8443e-17 0 0 0.00679257 0 0 0 0 0 0 9.20537e+07 9.20537e+07 9.20537e+07 9.20537e+07 
0.035 -2.26953 -5.56953 -3.69917 -5.03337 0.0695269 444.104 3.51787e+16 8.7049e-07 1.11117e-05 1.42047e-22 6.26281e-08 104032 0 0 1.90399e-17 0 0 0.00679257 0 0 0 0 0 0 9.67817e+07 9.67817e+07 9.67817e+07 9.67817e+07 
0.0355 -2.2643 -5.5643 -3.69245 -5.02793 0.0643026 470.529 3.49822e+16 8.70988e-07 1.10866e-05 1.4577e-22 6.21376e-08 104939 0 0 1.96661e-17 0 0 0.00679257 0 0 0 0 0 0 1.01758e+08 1.01758e+08 1.01758e+08 1.01758e+08 
0.036 -2.25903 -5.55903 -3.68569 -5.02244 0.059033 498.479 3.47889e+16 8.71488e-07 1.10619e-05 1.4971e-22 6.16568e-08 105840 0 0 2.03236e-17 0 0 0.00679257 0 0 0 0 0 0 1.06991e+08 1.06991e+08 1.06991e+08 1.06991e+08 
0.0365 -2.25372 -5.55372 -3.67888 -5.01691 0.0537185 528.013 3.45987e+16 8.7199e-07 1.10377e-05 1.53876e-22 6.11856e-08 106737 0 0 2.10142e-17 0 0 0.00679257 0 0 0 0 0 0 1.12486e+08 1.12486e+08 1.12486e+08 1.12486e+08 
0.037 -2.24836 -5.54836 -3.67204 -5.01134 0.0483593 559.192 3.44116e+16 8.72494e-07 1.10139e-05 1.58278e-22 6.07236e-08 107629 0 0 2.17401e-17 0 0 0.00679257 0 0 0 0 0 0 1.18253e+08 1.18253e+08 1.18253e+08 1.18253e+08 
0.0375 -2.24296 -5.54296 -3.66515 -5.00572 0.0429556 592.084 3.42275e+16 8.73e-07 1.09905e-05 1.62924e-22 6.02705e-08 108516 0 0 2.25036e-17 0 0 0.00679257 0 0 0 0 0 0 1.24299e+08 1.24299e+08 1.24299e+08 1.24299e+08 
0.038 -2.23751 -5.53751 -3.65823 -5.00007 0.0375077 626.757 3.40463e+16 8.73508e-07 1.09675e-05 1.67824e-22 5.9826e-08 109399 0 0 2.33068e-17 0 0 0.00679257 0 0 0 0 0 0 1.30633e+08 1.30633e+08 1.30633e+08 1.30633e+08 
0.0385 -2.23202 -5.53202 -3.65127 -4.99437 0.0320157 663.288 3.3868e+16 8.74017e-07 1.09449e-05 1.72991e-22 5.939e-08 110277 0 0 2.41525e-17 0 0 0.00679257 0 0 0 0 0 0 1.37266e+08 1.37266e+08 1.37266e+08 1.37266e+08 
0.039 -2.22648 -5.52648 -3.64427 -4.98863 0.02648 701.755 3.36924e+16 8.74529e-07 1.09227e-05 1.78435e-22 5.89621e-08 111150 0 0 2.5043e-17 0 0 0.00679257 0 0 0 0 0 0 1.44209e+08 1.44209e+08 1.44209e+08 1.44209e+08 
0.0395 -2.2209 -5.5209 -3.63724 -4.98285 0.0209008 742.245 3.35194e+16 8.75042e-07 1.09009e-05 1.84169e-22 5.85422e-08 112019 0 0 2.59813e-17 0 0 0.00679257 0 0 0 0 0 0 1.51472e+08 1.51472e+08 1.51472e+08 1.51472e+08 
0.04 -2.21528 -5.51528 -3.63017 -4.97703 0.0152782 784.85 3.33491e+16 8.75557e-07 1.08794e-05 1.90207e-22 5.813e-08 112883 0 0 2.69703e-17 0 0 0.00679257 0 0 0 0 0 0 1.59069e+08 1.59069e+08 1.59069e+08 1.59069e+08 
0.0405 -2.20961 -5.50961 -3.62307 -4.97117 0.00961249 829.669 3.31814e+16 8.76074e-07 1.08583e-05 1.96563e-22 5.77252e-08 113743 0 0 2.80128e-17 0 0 0.00679257 0 0 0 0 0 0 1.67014e+08 1.67014e+08 1.67014e+08 1.67014e+08 
0.041 -2.2039 -5.5039 -3.61593 -4.96526 0.00390391 876.808 3.30161e+16 8.76592e-07 1.08375e-05 2.03253e-22 5.73278e-08 114598 0 0 2.91121e-17 0 0 0.00679257 0 0 0 0 0 0 1.7532e+08 1.7532e+08 1.7532e+08 1.7532e+08 
0.0415 -2.19815 -5.49815 -3.60875 -4.95932 -0.00184734 926.381 3.28533e+16 8.77112e-07 1.0817e-05 2.10292e-22 5.69374e-08 115450 0 0 3.02714e-17 0 0 0.00679257 0 0 0 0 0 0 1.84005e+08 1.84005e+08 1.84005e+08 1.84005e+08 
0.042 -2.19236 -5.49236 -3.60154 -4.95333 -0.00764106 978.505 3.26928e+16 8.77634e-07 1.07969e-05 2.17699e-22 5.65539e-08 116297 0 0 3.14941e-17 0 0 0.00679257 0 0 0 0 0 0 1.93085e+08 1.93085e+08 1.93085e+08 1.93085e+08 
0.0425 -2.18652 -5.48652 -3.59429 -4.94731 -0.013477 1033.31 3.25346e+16 8.78158e-07 1.07771e-05 2.25492e-22 5.6177e-08 117140 0 0 3.27839e-17 0 0 0.00679257 0 0 0 0 0 0 2.02578e+08 2.02578e+08 2.02578e+08 2.02578e+08 
0.043 -2.18064 -5.48064 -3.58701 -4.94124 -0.0193551 1090.92 3.23787e+16 8.78683e-07 1.07576e-05 2.3369e-22 5.58067e-08 117979 0 0 3.41443e-17 0 0 0.00679257 0 0 0 0 0 0 2.12502e+08 2.12502e+08 2.12502e+08 2.12502e+08 
0.0435 -2.17473 -5.47473 -3.57969 -4.93513 -0.0252749 1151.49 3.22249e+16 8.7921e-07 1.07385e-05 2.42313e-22 5.54427e-08 118814 0 0 3.55792e-17 0 0 0.00679257 0 0 0 0 0 0 2.22877e+08 2.22877e+08 2.22877e+08 2.22877e+08 
0.044 -2.16876 -5.46876 -3.57233 -4.92899 -0.0312365 1215.15 3.20733e+16 8.79739e-07 1.07196e-05 2.51385e-22 5.50849e-08 119645 0 0 3.70925e-17 0 0 0.00679257 0 0 0 0 0 0 2.33723e+08 2.33723e+08 2.33723e+08 2.33723e+08 
0.0445 -2.16276 -5.46276 -3.56494 -4.9228 -0.0372394 1282.07 3.19238e+16 8.80269e-07 1.0701e-05 2.60925e-22 5.47331e-08 120472 0 0 3.86884e-17 0 0 0.00679257 0 0 0 0 0 0 2.45062e+08 2.45062e+08 2.45062e+08 2.45062e+08 
0.045 -2.15672 -5.45672 -3.55751 -4.91658 -0.0432837 1352.39 3.17764e+16 8.80801e-07 1.06827e-05 2.70958e-22 5.43871e-08 121296 0 0 4.03712e-17 0 0 0.00679257 0 0 0 0 0 0 2.56915e+08 2.56915e+08 2.56915e+08 2.56915e+08 
0.0455 -2.15063 -5.45063 -3.55005 -4.91031 -0.049369 1426.28 3.16309e+16 8.81335e-07 1.06647e-05 2.81508e-22 5.40468e-08 122115 0 0 4.21452e-17 0 0 0.00679257 0 0 0 0 0 0 2.69304e+08 2.69304e+08 2.69304e+08 2.69304e+08 
0.046 -2.1445 -5.4445 -3.54255 -4.90401 -0.0554952 1503.92 3.14874e+16 8.81871e-07 1.06469e-05 2.92599e-22 5.37121e-08 122931 0 0 4.40151e-17 0 0 0.00679257 0 0 0 0 0 0 2.82253e+08 2.82253e+08 2.82253e+08 2.82253e+08 
0.0465 -2.13834 -5.43834 -3.53501 -4.89767 -0.0616621 1585.47 3.13458e+16 8.82408e-07 1.06295e-05 3.04258e-22 5.33828e-08 123743 0 0 4.59856e-17 0 0 0.00679257 0 0 0 0 0 0 2.95785e+08 2.95785e+08 2.95785e+08 2.95785e+08 
0.047 -2.13213 -5.43213 -3.52744 -4.89129 -0.0678695 1671.11 3.12061e+16 8.82947e-07 1.06123e-05 3.16511e-22 5.30587e-08 124551 0 0 4.80617e-17 0 0 0.00679257 0 0 0 0 0 0 3.09924e+08 3.09924e+08 3.09924e+08 3.09924e+08 
0.0475 -2.12588 -5.42588 -3.51984 -4.88487 -0.0741172 1761.04 3.10682e+16 8.83487e-07 1.05953e-05 3.29384e-22 5.27398e-08 125356 0 0 5.02484e-17 0 0 0.00679257 0 0 0 0 0 0 3.24694e+08 3.24694e+08 3.24694e+08 3.24694e+08 
0.048 -2.11959 -5.41959 -3.5122 -4.87841 -0.0804051 1855.44 3.0932e+16 8.84029e-07 1.05786e-05 3.42907e-22 5.2426e-08 126158 0 0 5.2551e-17 0 0 0.00679257 0 0 0 0 0 0 3.4012e+08 3.4012e+08 3.4012e+08 3.4012e+08 
0.0485 -2.11327 -5.41327 -3.50452 -4.87191 -0.086733 1954.5 3.07976e+16 8.84573e-07 1.05621e-05 3.57109e-22 5.2117e-08 126956 0 0 5.49751e-17 0 0 0.00679257 0 0 0 0 0 0 3.56227e+08 3.56227e+08 3.56227e+08 3.56227e+08 
0.049 -2.1069 -5.4069 -3.49681 -4.86538 -0.0931007 2058.43 3.0665e+16 8.85118e-07 1.05459e-05 3.72018e-22 5.18128e-08 127750 0 0 5.75262e-17 0 0 0.00679257 0 0 0 0 0 0 3.73041e+08 3.73041e+08 3.73041e+08 3.73041e+08 
0.0495 -2.10049 -5.40049 -3.48907 -4.8588 -0.099508 2167.43 3.05339e+16 8.85665e-07 1.05299e-05 3.87665e-22 5.15132e-08 128541 0 0 6.02102e-17 0 0 0.00679257 0 0 0 0 0 0 3.90589e+08 3.90589e+08 3.90589e+08 3.90589e+08 
0.05 -2.09405 -5.39405 -3.48129 -4.85219 -0.105955 2281.72 3.04046e+16 8.86213e-07 1.05142e-05 4.04083e-22 5.12182e-08 129329 0 0 6.30331e-17 0 0 0.00679257 0 0 0 0 0 0 4.08896e+08 4.08896e+08 4.08896e+08 4.08896e+08 
0.0505 -2.08756 -5.38756 -3.47347 -4.84554 -0.112441 2401.5 3.02768e+16 8.86763e-07 1.04986e-05 4.21302e-22 5.09276e-08 130113 0 0 6.60013e-17 0 0 0.00679257 0 0 0 0 0 0 4.2799e+08 4.2799e+08 4.2799e+08 4.2799e+08 
0.051 -2.08103 -5.38103 -3.46563 -4.83885 -0.118966 2527 3.01506e+16 8.87314e-07 1.04833e-05 4.39355e-22 5.06414e-08 130894 0 0 6.9121e-17 0 0 0.00679257 0 0 0 0 0 0 4.47898e+08 4.47898e+08 4.47898e+08 4.47898e+08 
0.0515 -2.07447 -5.37447 -3.45775 -4.83213 -0.12553 2658.44 3.00259e+16 8.87867e-07 1.04683e-05 4.58277e-22 5.03594e-08 131672 0 0 7.23991e-17 0 0 0.00679257 0 0 0 0 0 0 4.68648e+08 4.68648e+08 4.68648e+08 4.68648e+08 
0.052 -2.06787 -5.36787 -3.44984 -4.82536 -0.132133 2796.06 2.99027e+16 8.88421e-07 1.04534e-05 4.78102e-22 5.00815e-08 132446 0 0 7.58423e-17 0 0 0.00679257 0 0 0 0 0 0 4.90267e+08 4.90267e+08 4.90267e+08 4.90267e+08 
0.0525 -2.06123 -5.36123 -3.4419 -4.81856 -0.138775 2940.09 2.9781e+16 8.88977e-07 1.04387e-05 4.98866e-22 4.98077e-08 133218 0 0 7.94578e-17 0 0 0.00679257 0 0 0 0 0 0 5.12785e+08 5.12785e+08 5.12785e+08 5.12785e+08 
0.053 -2.05454 -5.35454 -3.43392 -4.81173 -0.145455 3090.78 2.96607e+16 8.89534e-07 1.04243e-05 5.20604e-22 4.95378e-08 133986 0 0 8.32529e-17 0 0 0.00679257 0 0 0 0 0 0 5.3623e+08 5.3623e+08 5.3623e+08 5.3623e+08 
0.0535 -2.04783 -5.34783 -3.42591 -4.80485 -0.152173 3248.37 2.95418e+16 8.90093e-07 1.041e-05 5.43354e-22 4.92718e-08 134751 0 0 8.72351e-17 0 0 0.00679257 0 0 0 0 0 0 5.60632e+08 5.60632e+08 5.60632e+08 5.60632e+08 
0.054 -2.04107 -5.34107 -3.41787 -4.79794 -0.15893 3413.11 2.94244e+16 8.90653e-07 1.03959e-05 5.67154e-22 4.90096e-08 135513 0 0 9.14122e-17 0 0 0.00679257 0 0 0 0 0 0 5.86022e+08 5.86022e+08 5.86022e+08 5.86022e+08 
0.0545 -2.03428 -5.33428 -3.4098 -4.79099 -0.165725 3585.27 2.93082e+16 8.91215e-07 1.03821e-05 5.92043e-22 4.8751e-08 136273 0 0 9.57921e-17 0 0 0.00679257 0 0 0 0 0 0 6.12428e+08 6.12428e+08 6.12428e+08 6.12428e+08 
0.055 -2.02744 -5.32744 -3.4017 -4.78401 -0.172557 3765.1 2.91934e+16 8.91777e-07 1.03684e-05 6.18061e-22 4.84961e-08 137029 0 0 1.00383e-16 0 0 0.00679257 0 0 0 0 0 0 6.39883e+08 6.39883e+08 6.39883e+08 6.39883e+08 
0.0555 -2.02057 -5.32057 -3.39357 -4.77699 -0.179428 3952.89 2.90799e+16 8.92342e-07 1.03549e-05 6.45249e-22 4.82447e-08 137782 0 0 1.05194e-16 0 0 0.00679257 0 0 0 0 0 0 6.68418e+08 6.68418e+08 6.68418e+08 6.68418e+08 
0.056 -2.01366 -5.31366 -3.38541 -4.76993 -0.186336 4148.91 2.89677e+16 8.92907e-07 1.03416e-05 6.73649e-22 4.79968e-08 138532 0 0 1.10233e-16 0 0 0.00679257 0 0 0 0 0 0 6.98064e+08 6.98064e+08 6.98064e+08 6.98064e+08 
0.0565 -2.00672 -5.30672 -3.37721 -4.76283 -0.193281 4353.43 2.88567e+16 8.93474e-07 1.03285e-05 7.03304e-22 4.77522e-08 139280 0 0 1.1551e-16 0 0 0.00679257 0 0 0 0 0 0 7.28854e+08 7.28854e+08 7.28854e+08 7.28854e+08 
0.057 -1.99974 -5.29974 -3.36899 -4.7557 -0.200264 4566.76 2.8747e+16 8.94042e-07 1.03155e-05 7.34257e-22 4.75109e-08 140024 0 0 1.21033e-16 0 0 0.00679257 0 0 0 0 0 0 7.60821e+08 7.60821e+08 7.60821e+08 7.60821e+08 
0.0575 -1.99272 -5.29272 -3.36074 -4.74854 -0.207283 4789.18 2.86385e+16 8.94611e-07 1.03027e-05 7.66554e-22 4.72729e-08 140766 0 0 1.26812e-16 0 0 0.00679257 0 0 0 0 0 0 7.93998e+08 7.93998e+08 7.93998e+08 7.93998e+08 
0.058 -1.98566 -5.28566 -3.35246 -4.74134 -0.21434 5021 2.85311e+16 8.95182e-07 1.02901e-05 8.00241e-22 4.70381e-08 141505 0 0 1.32857e-16 0 0 0.00679257 0 0 0 0 0 0 8.2842e+08 8.2842e+08 8.2842e+08 8.2842e+08 
0.0585 -1.97857 -5.27857 -3.34414 -4.7341 -0.221434 5262.53 2.84249e+16 8.95754e-07 1.02777e-05 8.35364e-22 4.68063e-08 142241 0 0 1.39179e-16 0 0 0.00679257 0 0 0 0 0 0 8.6412e+08 8.6412e+08 8.6412e+08 8.6412e+08 
0.059 -1.97144 -5.27144 -3.3358 -4.72682 -0.228564 5514.08 2.83198e+16 8.96327e-07 1.02654e-05 8.71972e-22 4.65776e-08 142974 0 0 1.45786e-16 0 0 0.00679257 0 0 0 0 0 0 9.01134e+08 9.01134e+08 9.01134e+08 9.01134e+08 
0.0595 -1.96427 -5.26427 -3.32743 -4.71951 -0.235731 5775.98 2.82159e+16 8.96901e-07 1.02533e-05 9.10114e-22 4.63519e-08 143705 0 0 1.52691e-16 0 0 0.00679257 0 0 0 0 0 0 9.39497e+08 9.39497e+08 9.39497e+08 9.39497e+08 
0.06 -1.95707 -5.25707 -3.31903 -4.71217 -0.242935 6048.55 2.81131e+16 8.97477e-07 1.02413e-05 9.4984e-22 4.61291e-08 144433 0 0 1.59903e-16 0 0 0.00679257 0 0 0 0 0 0 9.79245e+08 9.79245e+08 9.79245e+08 9.79245e+08 
0.0605 -1.94983 -5.24983 -3.31061 -4.70479 -0.250175 6332.13 2.80113e+16 8.98054e-07 1.02295e-05 9.91201e-22 4.59091e-08 145158 0 0 1.67434e-16 0 0 0.00679257 0 0 0 0 0 0 1.02042e+09 1.02042e+09 1.02042e+09 1.02042e+09 
0.061 -1.94255 -5.24255 -3.30215 -4.69737 -0.257451 6627.06 2.79106e+16 8.98632e-07 1.02179e-05 1.03425e-21 4.5692e-08 145881 0 0 1.75296e-16 0 0 0.00679257 0 0 0 0 0 0 1.06304e+09 1.06304e+09 1.06304e+09 1.06304e+09 
0.0615 -1.93524 -5.23524 -3.29366 -4.68992 -0.264763 6933.68 2.78109e+16 8.99211e-07 1.02064e-05 1.07904e-21 4.54776e-08 146601 0 0 1.83501e-16 0 0 0.00679257 0 0 0 0 0 0 1.10717e+09 1.10717e+09 1.10717e+09 1.10717e+09 
0.062 -1.92789 -5.22789 -3.28515 -4.68244 -0.272111 7252.37 2.77123e+16 8.99791e-07 1.0195e-05 1.12563e-21 4.52658e-08 147319 0 0 1.92059e-16 0 0 0.00679257 0 0 0 0 0 0 1.15283e+09 1.15283e+09 1.15283e+09 1.15283e+09 
0.0625 -1.92051 -5.22051 -3.27661 -4.67492 -0.279495 7583.47 2.76146e+16 9.00372e-07 1.01838e-05 1.17407e-21 4.50568e-08 148034 0 0 2.00985e-16 0 0 0.00679257 0 0 0 0 0 0 1.20006e+09 1.20006e+09 1.20006e+09 1.20006e+09 
0.063 -1.91309 -5.21309 -3.26804 -4.66736 -0.286914 7927.36 2.7518e+16 9.00955e-07 1.01727e-05 1.22441e-21 4.48503e-08 148747 0 0 2.10289e-16 0 0 0.00679257 0 0 0 0 0 0 1.24891e+09 1.24891e+09 1.24891e+09 1.24891e+09 
0.0635 -1.90563 -5.20563 -3.25944 -4.65977 -0.294369 8284.41 2.74223e+16 9.01538e-07 1.01618e-05 1.27673e-21 4.46463e-08 149457 0 0 2.19987e-16 0 0 0.00679257 0 0 0 0 0 0 1.29941e+09 1.29941e+09 1.29941e+09 1.29941e+09 
0.064 -1.89814 -5.19814 -3.25082 -4.65215 -0.30186 8655.01 2.73275e+16 9.02123e-07 1.0151e-05 1.33107e-21 4.44448e-08 150165 0 0 2.3009e-16 0 0 0.00679257 0 0 0 0 0 0 1.3516e+09 1.3516e+09 1.3516e+09 1.3516e+09 
0.0645 -1.89061 -5.19061 -3.24216 -4.64449 -0.309386 9039.55 2.72337e+16 9.02709e-07 1.01404e-05 1.3875e-21 4.42458e-08 150870 0 0 2.40613e-16 0 0 0.00679257 0 0 0 0 0 0 1.40552e+09 1.40552e+09 1.40552e+09 1.40552e+09 
0.065 -1.88305 -5.18305 -3.23348 -4.6368 -0.316947 9438.43 2.71408e+16 9.03296e-07 1.01299e-05 1.44607e-21 4.40491e-08 151573 0 0 2.51569e-16 0 0 0.00679257 0 0 0 0 0 0 1.46122e+09 1.46122e+09 1.46122e+09 1.46122e+09 
0.0655 -1.87546 -5.17546 -3.22477 -4.62907 -0.324543 9852.04 2.70489e+16 9.03884e-07 1.01195e-05 1.50686e-21 4.38548e-08 152273 0 0 2.62973e-16 0 0 0.00679257 0 0 0 0 0 0 1.51874e+09 1.51874e+09 1.51874e+09 1.51874e+09 
0.066 -1.86783 -5.16783 -3.21604 -4.62131 -0.332174 10280.8 2.69578e+16 9.04473e-07 1.01092e-05 1.56993e-21 4.36628e-08 152971 0 0 2.74839e-16 0 0 0.00679257 0 0 0 0 0 0 1.57811e+09 1.57811e+09 1.57811e+09 1.57811e+09 
0.0665 -1.86016 -5.16016 -3.20727 -4.61351 -0.33984 10725.2 2.68675e+16 9.05063e-07 1.00991e-05 1.63533e-21 4.34731e-08 153667 0 0 2.87183e-16 0 0 0.00679257 0 0 0 0 0 0 1.63939e+09 1.63939e+09 1.63939e+09 1.63939e+09 
0.067 -1.85246 -5.15246 -3.19848 -4.60568 -0.347541 11185.5 2.67782e+16 9.05654e-07 1.00891e-05 1.70314e-21 4.32856e-08 154360 0 0 3.00019e-16 0 0 0.00679257 0 0 0 0 0 0 1.70261e+09 1.70261e+09 1.70261e+09 1.70261e+09 
0.0675 -1.84472 -5.14472 -3.18967 -4.59782 -0.355276 11662.3 2.66897e+16 9.06246e-07 1.00792e-05 1.77343e-21 4.31002e-08 155051 0 0 3.13364e-16 0 0 0.00679257 0 0 0 0 0 0 1.76782e+09 1.76782e+09 1.76782e+09 1.76782e+09 
0.068 -1.83695 -5.13695 -3.18082 -4.58992 -0.363046 12155.9 2.6602e+16 9.06839e-07 1.00694e-05 1.84626e-21 4.2917e-08 155740 0 0 3.27234e-16 0 0 0.00679257 0 0 0 0 0 0 1.83506e+09 1.83506e+09 1.83506e+09 1.83506e+09 
0.0685 -1.82915 -5.12915 -3.17195 -4.58199 -0.37085 12666.9 2.65151e+16 9.07433e-07 1.00598e-05 1.9217e-21 4.27359e-08 156427 0 0 3.41644e-16 0 0 0.00679257 0 0 0 0 0 0 1.90438e+09 1.90438e+09 1.90438e+09 1.90438e+09 
0.069 -1.82131 -5.12131 -3.16305 -4.57403 -0.378689 13195.6 2.6429e+16 9.08028e-07 1.00503e-05 1.99983e-21 4.25569e-08 157111 0 0 3.56612e-16 0 0 0.00679257 0 0 0 0 0 0 1.97582e+09 1.97582e+09 1.97582e+09 1.97582e+09 
0.0695 -1.81344 -5.11344 -3.15412 -4.56603 -0.386561 13742.6 2.63438e+16 9.08624e-07 1.00409e-05 2.08072e-21 4.23799e-08 157793 0 0 3.72155e-16 0 0 0.00679257 0 0 0 0 0 0 2.04943e+09 2.04943e+09 2.04943e+09 2.04943e+09 
0.07 -1.80553 -5.10553 -3.14517 -4.558 -0.394468 14308.3 2.62593e+16 9.09221e-07 1.00316e-05 2.16444e-21 4.22048e-08 158473 0 0 3.8829e-16 0 0 0.00679257 0 0 0 0 0 0 2.12526e+09 2.12526e+09 2.12526e+09 2.12526e+09 
0.0705 -1.79759 -5.09759 -3.13619 -4.54994 -0.402408 14893.1 2.61755e+16 9.09819e-07 1.00224e-05 2.25107e-21 4.20317e-08 159151 0 0 4.05036e-16 0 0 0.00679257 0 0 0 0 0 0 2.20335e+09 2.20335e+09 2.20335e+09 2.20335e+09 
0.071 -1.78962 -5.08962 -3.12718 -4.54184 -0.410383 15497.7 2.60925e+16 9.10418e-07 1.00133e-05 2.34068e-21 4.18606e-08 159826 0 0 4.22409e-16 0 0 0.00679257 0 0 0 0 0 0 2.28375e+09 2.28375e+09 2.28375e+09 2.28375e+09 
0.0715 -1.78161 -5.08161 -3.11815 -4.53371 -0.418391 16122.4 2.60103e+16 9.11018e-07 1.00044e-05 2.43335e-21 4.16913e-08 160500 0 0 4.4043e-16 0 0 0.00679257 0 0 0 0 0 0 2.36651e+09 2.36651e+09 2.36651e+09 2.36651e+09 
0.072 -1.77357 -5.07357 -3.10909 -4.52555 -0.426433 16767.8 2.59288e+16 9.11619e-07 9.99551e-06 2.52916e-21 4.15239e-08 161171 0 0 4.59117e-16 0 0 0.00679257 0 0 0 0 0 0 2.45167e+09 2.45167e+09 2.45167e+09 2.45167e+09 
0.0725 -1.76549 -5.06549 -3.1 -4.51735 -0.434508 17434.3 2.5848e+16 9.12221e-07 9.98677e-06 2.6282e-21 4.13583e-08 161840 0 0 4.78489e-16 0 0 0.00679257 0 0 0 0 0 0 2.53928e+09 2.53928e+09 2.53928e+09 2.53928e+09 
0.073 -1.75738 -5.05738 -3.09089 -4.50912 -0.442617 18122.5 2.57679e+16 9.12823e-07 9.97812e-06 2.73053e-21 4.11945e-08 162507 0 0 4.98566e-16 0 0 0.00679257 0 0 0 0 0 0 2.6294e+09 2.6294e+09 2.6294e+09 2.6294e+09 
0.0735 -1.74924 -5.04924 -3.08175 -4.50086 -0.450759 18832.9 2.56886e+16 9.13427e-07 9.96958e-06 2.83625e-21 4.10324e-08 163172 0 0 5.19369e-16 0 0 0.00679257 0 0 0 0 0 0 2.72207e+09 2.72207e+09 2.72207e+09 2.72207e+09 
0.074 -1.74107 -5.04107 -3.07258 -4.49257 -0.458934 19566.1 2.56099e+16 9.14031e-07 9.96114e-06 2.94544e-21 4.08721e-08 163835 0 0 5.40917e-16 0 0 0.00679257 0 0 0 0 0 0 2.81735e+09 2.81735e+09 2.81735e+09 2.81735e+09 
0.0745 -1.73286 -5.03286 -3.06339 -4.48425 -0.467142 20322.5 2.55319e+16 9.14637e-07 9.9528e-06 3.05818e-21 4.07135e-08 164496 0 0 5.63233e-16 0 0 0.00679257 0 0 0 0 0 0 2.91527e+09 2.91527e+09 2.91527e+09 2.91527e+09 
0.075 -1.72462 -5.02462 -3.05417 -4.47589 -0.475384 21102.7 2.54545e+16 9.15243e-07 9.94456e-06 3.17456e-21 4.05565e-08 165155 0 0 5.86336e-16 0 0 0.00679257 0 0 0 0 0 0 3.0159e+09 3.0159e+09 3.0159e+09 3.0159e+09 
0.0755 -1.71634 -5.01634 -3.04493 -4.4675 -0.483658 21907.2 2.53778e+16 9.1585e-07 9.93641e-06 3.29468e-21 4.04012e-08 165812 0 0 6.1025e-16 0 0 0.00679257 0 0 0 0 0 0 3.11929e+09 3.11929e+09 3.11929e+09 3.11929e+09 
0.076 -1.70804 -5.00804 -3.03566 -4.45907 -0.491965 22736.7 2.53018e+16 9.16458e-07 9.92836e-06 3.41861e-21 4.02475e-08 166467 0 0 6.34996e-16 0 0 0.00679257 0 0 0 0 0 0 3.22549e+09 3.22549e+09 3.22549e+09 3.22549e+09 
0.0765 -1.6997 -4.9997 -3.02636 -4.45062 -0.500305 23591.7 2.52264e+16 9.17067e-07 9.92041e-06 3.54645e-21 4.00954e-08 167120 0 0 6.60597e-16 0 0 0.00679257 0 0 0 0 0 0 3.33454e+09 3.33454e+09 3.33454e+09 3.33454e+09 
0.077 -1.69132 -4.99132 -3.01703 -4.44213 -0.508677 24472.7 2.51516e+16 9.17677e-07 9.91254e-06 3.67829e-21 3.99449e-08 167772 0 0 6.87076e-16 0 0 0.00679257 0 0 0 0 0 0 3.4465e+09 3.4465e+09 3.4465e+09 3.4465e+09 
0.0775 -1.68292 -4.98292 -3.00768 -4.43362 -0.517082 25380.4 2.50774e+16 9.18288e-07 9.90477e-06 3.81422e-21 3.97959e-08 168421 0 0 7.14456e-16 0 0 0.00679257 0 0 0 0 0 0 3.56143e+09 3.56143e+09 3.56143e+09 3.56143e+09 
0.078 -1.67448 -4.97448 -2.99831 -4.42506 -0.525519 26315.3 2.50039e+16 9.18899e-07 9.89709e-06 3.95434e-21 3.96484e-08 169068 0 0 7.42762e-16 0 0 0.00679257 0 0 0 0 0 0 3.67938e+09 3.67938e+09 3.67938e+09 3.67938e+09 
0.0785 -1.66601 -4.96601 -2.98891 -4.41648 -0.533989 27277.9 2.49309e+16 9.19511e-07 9.8895e-06 4.09875e-21 3.95024e-08 169714 0 0 7.72017e-16 0 0 0.00679257 0 0 0 0 0 0 3.8004e+09 3.8004e+09 3.8004e+09 3.8004e+09 
0.079 -1.65751 -4.95751 -2.97948 -4.40787 -0.54249 28269 2.48586e+16 9.20125e-07 9.88199e-06 4.24754e-21 3.93579e-08 170357 0 0 8.02247e-16 0 0 0.00679257 0 0 0 0 0 0 3.92455e+09 3.92455e+09 3.92455e+09 3.92455e+09 
0.0795 -1.64898 -4.94898 -2.97002 -4.39922 -0.551024 29289.2 2.47868e+16 9.20738e-07 9.87458e-06 4.4008e-21 3.92148e-08 170999 0 0 8.33476e-16 0 0 0.00679257 0 0 0 0 0 0 4.05188e+09 4.05188e+09 4.05188e+09 4.05188e+09 
0.08 -1.64041 -4.94041 -2.96054 -4.39055 -0.55959 30338.9 2.47156e+16 9.21353e-07 9.86725e-06 4.55865e-21 3.90731e-08 171639 0 0 8.6573e-16 0 0 0.00679257 0 0 0 0 0 0 4.18245e+09 4.18245e+09 4.18245e+09 4.18245e+09 
0.0805 -1.63181 -4.93181 -2.95104 -4.38184 -0.568188 31419 2.4645e+16 9.21969e-07 9.86e-06 4.72118e-21 3.89328e-08 172277 0 0 8.99035e-16 0 0 0.00679257 0 0 0 0 0 0 4.31631e+09 4.31631e+09 4.31631e+09 4.31631e+09 
0.081 -1.62318 -4.92318 -2.94151 -4.3731 -0.576818 32529.9 2.45749e+16 9.22585e-07 9.85283e-06 4.88849e-21 3.87939e-08 172913 0 0 9.33418e-16 0 0 0.00679257 0 0 0 0 0 0 4.45351e+09 4.45351e+09 4.45351e+09 4.45351e+09 
0.0815 -1.61452 -4.91452 -2.93195 -4.36433 -0.585479 33672.3 2.45054e+16 9.23203e-07 9.84575e-06 5.06069e-21 3.86564e-08 173547 0 0 9.68906e-16 0 0 0.00679257 0 0 0 0 0 0 4.59412e+09 4.59412e+09 4.59412e+09 4.59412e+09 
0.082 -1.60583 -4.90583 -2.92237 -4.35553 -0.594173 34846.9 2.44365e+16 9.23821e-07 9.83875e-06 5.23788e-21 3.85202e-08 174180 0 0 1.00553e-15 0 0 0.00679257 0 0 0 0 0 0 4.73819e+09 4.73819e+09 4.73819e+09 4.73819e+09 
0.0825 -1.5971 -4.8971 -2.91276 -4.3467 -0.602897 36054.4 2.4368e+16 9.24439e-07 9.83183e-06 5.42017e-21 3.83853e-08 174810 0 0 1.04331e-15 0 0 0.00679257 0 0 0 0 0 0 4.88577e+09 4.88577e+09 4.88577e+09 4.88577e+09 
0.083 -1.58835 -4.88835 -2.90312 -4.33783 -0.611654 37295.3 2.43001e+16 9.25059e-07 9.82498e-06 5.60767e-21 3.82517e-08 175440 0 0 1.08227e-15 0 0 0.00679257 0 0 0 0 0 0 5.03694e+09 5.03694e+09 5.03694e+09 5.03694e+09 
0.0835 -1.57956 -4.87956 -2.89346 -4.32894 -0.620441 38570.3 2.42328e+16 9.25679e-07 9.81822e-06 5.80048e-21 3.81194e-08 176067 0 0 1.12246e-15 0 0 0.00679257 0 0 0 0 0 0 5.19173e+09 5.19173e+09 5.19173e+09 5.19173e+09 
0.084 -1.57074 -4.87074 -2.88378 -4.32002 -0.62926 39880.2 2.41659e+16 9.26301e-07 9.81153e-06 5.99872e-21 3.79883e-08 176692 0 0 1.16389e-15 0 0 0.00679257 0 0 0 0 0 0 5.35021e+09 5.35021e+09 5.35021e+09 5.35021e+09 
0.0845 -1.56189 -4.86189 -2.87407 -4.31106 -0.638111 41225.6 2.40996e+16 9.26923e-07 9.80492e-06 6.2025e-21 3.78585e-08 177316 0 0 1.2066e-15 0 0 0.00679257 0 0 0 0 0 0 5.51244e+09 5.51244e+09 5.51244e+09 5.51244e+09 
0.085 -1.55301 -4.85301 -2.86433 -4.30207 -0.646992 42607.2 2.40337e+16 9.27545e-07 9.79838e-06 6.41192e-21 3.77299e-08 177938 0 0 1.25061e-15 0 0 0.00679257 0 0 0 0 0 0 5.67848e+09 5.67848e+09 5.67848e+09 5.67848e+09 
0.0855 -1.5441 -4.8441 -2.85457 -4.29306 -0.655904 44025.6 2.39684e+16 9.28169e-07 9.79192e-06 6.62712e-21 3.76025e-08 178559 0 0 1.29596e-15 0 0 0.00679257 0 0 0 0 0 0 5.84838e+09 5.84838e+09 5.84838e+09 5.84838e+09 
0.086 -1.53515 -4.83515 -2.84478 -4.28401 -0.664848 45481.7 2.39035e+16 9.28793e-07 9.78553e-06 6.84819e-21 3.74762e-08 179178 0 0 1.34268e-15 0 0 0.00679257 0 0 0 0 0 0 6.02221e+09 6.02221e+09 6.02221e+09 6.02221e+09 
0.0865 -1.52618 -4.82618 -2.83496 -4.27493 -0.673822 46976 2.38391e+16 9.29418e-07 9.77921e-06 7.07526e-21 3.73512e-08 179795 0 0 1.3908e-15 0 0 0.00679257 0 0 0 0 0 0 6.20002e+09 6.20002e+09 6.20002e+09 6.20002e+09 
0.087 -1.51717 -4.81717 -2.82512 -4.26582 -0.682827 48509.3 2.37752e+16 9.30044e-07 9.77296e-06 7.30845e-21 3.72273e-08 180410 0 0 1.44035e-15 0 0 0.00679257 0 0 0 0 0 0 6.38188e+09 6.38188e+09 6.38188e+09 6.38188e+09 
0.0875 -1.50814 -4.80814 -2.81526 -4.25669 -0.691863 50082.3 2.37118e+16 9.3067e-07 9.76679e-06 7.54787e-21 3.71045e-08 181024 0 0 1.49136e-15 0 0 0.00679257 0 0 0 0 0 0 6.56784e+09 6.56784e+09 6.56784e+09 6.56784e+09 
0.088 -1.49907 -4.79907 -2.80537 -4.24752 -0.70093 51695.8 2.36488e+16 9.31297e-07 9.76068e-06 7.79365e-21 3.69828e-08 181636 0 0 1.54387e-15 0 0 0.00679257 0 0 0 0 0 0 6.75797e+09 6.75797e+09 6.75797e+09 6.75797e+09 
0.0885 -1.48997 -4.78997 -2.79546 -4.23832 -0.710027 53350.5 2.35863e+16 9.31925e-07 9.75464e-06 8.04591e-21 3.68622e-08 182246 0 0 1.59791e-15 0 0 0.00679257 0 0 0 0 0 0 6.95232e+09 6.95232e+09 6.95232e+09 6.95232e+09 
0.089 -1.48085 -4.78085 -2.78551 -4.22909 -0.719154 55047.1 2.35242e+16 9.32554e-07 9.74867e-06 8.30478e-21 3.67427e-08 182855 0 0 1.65352e-15 0 0 0.00679257 0 0 0 0 0 0 7.15096e+09 7.15096e+09 7.15096e+09 7.15096e+09 
0.0895 -1.47169 -4.77169 -2.77555 -4.21983 -0.728312 56786.3 2.34626e+16 9.33183e-07 9.74277e-06 8.57037e-21 3.66243e-08 183463 0 0 1.71072e-15 0 0 0.00679257 0 0 0 0 0 0 7.35395e+09 7.35395e+09 7.35395e+09 7.35395e+09 
0.09 -1.4625 -4.7625 -2.76556 -4.21054 -0.737501 58569 2.34015e+16 9.33813e-07 9.73693e-06 8.84281e-21 3.65069e-08 184068 0 0 1.76956e-15 0 0 0.00679257 0 0 0 0 0 0 7.56134e+09 7.56134e+09 7.56134e+09 7.56134e+09 
0.0905 -1.45328 -4.75328 -2.75554 -4.20123 -0.746719 60395.9 2.33407e+16 9.34444e-07 9.73115e-06 9.12224e-21 3.63906e-08 184673 0 0 1.83007e-15 0 0 0.00679257 0 0 0 0 0 0 7.77321e+09 7.77321e+09 7.77321e+09 7.77321e+09 
0.091 -1.44403 -4.74403 -2.7455 -4.19188 -0.755968 62267.7 2.32804e+16 9.35075e-07 9.72545e-06 9.40878e-21 3.62753e-08 185275 0 0 1.89228e-15 0 0 0.00679257 0 0 0 0 0 0 7.98961e+09 7.98961e+09 7.98961e+09 7.98961e+09 
0.0915 -1.43475 -4.73475 -2.73543 -4.1825 -0.765247 64185.3 2.32205e+16 9.35707e-07 9.7198e-06 9.70256e-21 3.6161e-08 185876 0 0 1.95624e-15 0 0 0.00679257 0 0 0 0 0 0 8.21061e+09 8.21061e+09 8.21061e+09 8.21061e+09 
0.092 -1.42544 -4.72544 -2.72534 -4.17309 -0.774556 66149.3 2.31611e+16 9.3634e-07 9.71422e-06 1.00037e-20 3.60477e-08 186476 0 0 2.02197e-15 0 0 0.00679257 0 0 0 0 0 0 8.43627e+09 8.43627e+09 8.43627e+09 8.43627e+09 
0.0925 -1.41611 -4.71611 -2.71523 -4.16366 -0.783894 68160.7 2.3102e+16 9.36974e-07 9.7087e-06 1.03124e-20 3.59353e-08 187074 0 0 2.08952e-15 0 0 0.00679257 0 0 0 0 0 0 8.66664e+09 8.66664e+09 8.66664e+09 8.66664e+09 
0.093 -1.40674 -4.70674 -2.70508 -4.15419 -0.793263 70220.1 2.30434e+16 9.37608e-07 9.70324e-06 1.06287e-20 3.5824e-08 187670 0 0 2.15893e-15 0 0 0.00679257 0 0 0 0 0 0 8.90181e+09 8.90181e+09 8.90181e+09 8.90181e+09 
0.0935 -1.39734 -4.69734 -2.69492 -4.1447 -0.802661 72328.5 2.29852e+16 9.38243e-07 9.69785e-06 1.09527e-20 3.57136e-08 188265 0 0 2.23023e-15 0 0 0.00679257 0 0 0 0 0 0 9.14182e+09 9.14182e+09 9.14182e+09 9.14182e+09 
0.094 -1.38791 -4.68791 -2.68473 -4.13517 -0.812089 74486.5 2.29273e+16 9.38878e-07 9.69251e-06 1.12847e-20 3.56041e-08 188858 0 0 2.30346e-15 0 0 0.00679257 0 0 0 0 0 0 9.38674e+09 9.38674e+09 9.38674e+09 9.38674e+09 
0.0945 -1.37845 -4.67845 -2.67451 -4.12562 -0.821547 76695 2.28699e+16 9.39515e-07 9.68723e-06 1.16248e-20 3.54956e-08 189450 0 0 2.37866e-15 0 0 0.00679257 0 0 0 0 0 0 9.63663e+09 9.63663e+09 9.63663e+09 9.63663e+09 
0.095 -1.36897 -4.66897 -2.66427 -4.11604 -0.831034 78954.9 2.28128e+16 9.40152e-07 9.68201e-06 1.1973e-20 3.53879e-08 190041 0 0 2.45587e-15 0 0 0.00679257 0 0 0 0 0 0 9.89157e+09 9.89157e+09 9.89157e+09 9.89157e+09 
0.0955 -1.35945 -4.65945 -2.654 -4.10642 -0.840551 81266.9 2.27562e+16 9.40789e-07 9.67685e-06 1.23296e-20 3.52812e-08 190630 0 0 2.53514e-15 0 0 0.00679257 0 0 0 0 0 0 1.01516e+10 1.01516e+10 1.01516e+10 1.01516e+10 
0.096 -1.3499 -4.6499 -2.64371 -4.09678 -0.850097 83631.9 2.26999e+16 9.41428e-07 9.67175e-06 1.26946e-20 3.51754e-08 191217 0 0 2.6165e-15 0 0 0.00679257 0 0 0 0 0 0 1.04168e+10 1.04168e+10 1.04168e+10 1.04168e+10 
0.0965 -1.34033 -4.64033 -2.63339 -4.08711 -0.859673 86050.7 2.2644e+16 9.42066e-07 9.6667e-06 1.30682e-20 3.50705e-08 191803 0 0 2.69999e-15 0 0 0.00679257 0 0 0 0 0 0 1.06872e+10 1.06872e+10 1.06872e+10 1.06872e+10 
0.097 -1.33072 -4.63072 -2.62305 -4.07742 -0.869278 88524.1 2.25885e+16 9.42706e-07 9.66171e-06 1.34506e-20 3.49664e-08 192388 0 0 2.78565e-15 0 0 0.00679257 0 0 0 0 0 0 1.0963e+10 1.0963e+10 1.0963e+10 1.0963e+10 
0.0975 -1.32109 -4.62109 -2.61269 -4.06769 -0.878912 91053 2.25333e+16 9.43346e-07 9.65677e-06 1.38419e-20 3.48632e-08 192971 0 0 2.87354e-15 0 0 0.00679257 0 0 0 0 0 0 1.12441e+10 1.12441e+10 1.12441e+10 1.12441e+10 
0.098 -1.31143 -4.61143 -2.6023 -4.05793 -0.888575 93638.3 2.24785e+16 9.43987e-07 9.65189e-06 1.42423e-20 3.47608e-08 193553 0 0 2.96369e-15 0 0 0.00679257 0 0 0 0 0 0 1.15306e+10 1.15306e+10 1.15306e+10 1.15306e+10 
0.0985 -1.30173 -4.60173 -2.59188 -4.04815 -0.898267 96280.9 2.2424e+16 9.44629e-07 9.64707e-06 1.46519e-20 3.46593e-08 194133 0 0 3.05615e-15 0 0 0.00679257 0 0 0 0 0 0 1.18226e+10 1.18226e+10 1.18226e+10 1.18226e+10 
0.099 -1.29201 -4.59201 -2.58144 -4.03833 -0.907988 98981.5 2.237e+16 9.45271e-07 9.64229e-06 1.50708e-20 3.45586e-08 194712 0 0 3.15095e-15 0 0 0.00679257 0 0 0 0 0 0 1.21202e+10 1.21202e+10 1.21202e+10 1.21202e+10 
0.0995 -1.28226 -4.58226 -2.57098 -4.02849 -0.917738 101741 2.23162e+16 9.45914e-07 9.63757e-06 1.54992e-20 3.44587e-08 195290 0 0 3.24815e-15 0 0 0.00679257 0 0 0 0 0 0 1.24234e+10 1.24234e+10 1.24234e+10 1.24234e+10 
0.1 -1.27248 -4.57248 -2.56049 -4.01862 -0.927517 104560 2.22628e+16 9.46557e-07 9.63291e-06 1.59372e-20 3.43596e-08 195866 0 0 3.34779e-15 0 0 0.00679257 0 0 0 0 0 0 1.27322e+10 1.27322e+10 1.27322e+10 1.27322e+10 
0.1005 -1.26268 -4.56268 -2.54998 -4.00872 -0.937325 107441 2.22098e+16 9.47201e-07 9.62829e-06 1.63851e-20 3.42613e-08 196441 0 0 3.44991e-15 0 0 0.00679257 0 0 0 0 0 0 1.30469e+10 1.30469e+10 1.30469e+10 1.30469e+10 
0.101 -1.25284 -4.55284 -2.53944 -3.9988 -0.947161 110382 2.21571e+16 9.47846e-07 9.62373e-06 1.68429e-20 3.41638e-08 197014 0 0 3.55457e-15 0 0 0.00679257 0 0 0 0 0 0 1.33673e+10 1.33673e+10 1.33673e+10 1.33673e+10 
0.1015 -1.24297 -4.54297 -2.52887 -3.98884 -0.957026 113386 2.21047e+16 9.48491e-07 9.61921e-06 1.73109e-20 3.4067e-08 197586 0 0 3.6618e-15 0 0 0.00679257 0 0 0 0 0 0 1.36937e+10 1.36937e+10 1.36937e+10 1.36937e+10 
0.102 -1.23308 -4.53308 -2.51829 -3.97886 -0.96692 116454 2.20527e+16 9.49137e-07 9.61475e-06 1.77891e-20 3.39711e-08 198157 0 0 3.77166e-15 0 0 0.00679257 0 0 0 0 0 0 1.4026e+10 1.4026e+10 1.4026e+10 1.4026e+10 
0.1025 -1.22316 -4.52316 -2.50768 -3.96885 -0.976842 119586 2.20009e+16 9.49784e-07 9.61034e-06 1.82777e-20 3.38758e-08 198727 0 0 3.8842e-15 0 0 0.00679257 0 0 0 0 0 0 1.43643e+10 1.43643e+10 1.43643e+10 1.43643e+10 
0.103 -1.21321 -4.51321 -2.49704 -3.95881 -0.986793 122783 2.19495e+16 9.50431e-07 9.60597e-06 1.8777e-20 3.37814e-08 199295 0 0 3.99945e-15 0 0 0.00679257 0 0 0 0 0 0 1.47087e+10 1.47087e+10 1.47087e+10 1.47087e+10 
0.1035 -1.20323 -4.50323 -2.48638 -3.94874 -0.996771 126046 2.18985e+16 9.51078e-07 9.60165e-06 1.9287e-20 3.36876e-08 199861 0 0 4.11748e-15 0 0 0.00679257 0 0 0 0 0 0 1.50592e+10 1.50592e+10 1.50592e+10 1.50592e+10 
0.104 -1.19322 -4.49322 -2.47569 -3.93864 -1.00678 129376 2.18477e+16 9.51727e-07 9.59739e-06 1.98079e-20 3.35946e-08 200427 0 0 4.23832e-15 0 0 0.00679257 0 0 0 0 0 0 1.5416e+10 1.5416e+10 1.5416e+10 1.5416e+10 
0.1045 -1.18319 -4.48319 -2.46499 -3.92852 -1.01681 132775 2.17973e+16 9.52376e-07 9.59317e-06 2.03399e-20 3.35023e-08 200991 0 0 4.36204e-15 0 0 0.00679257 0 0 0 0 0 0 1.5779e+10 1.5779e+10 1.5779e+10 1.5779e+10 
0.105 -1.17312 -4.47312 -2.45425 -3.91837 -1.02688 136242 2.17472e+16 9.53025e-07 9.58899e-06 2.08831e-20 3.34107e-08 201554 0 0 4.48867e-15 0 0 0.00679257 0 0 0 0 0 0 1.61484e+10 1.61484e+10 1.61484e+10 1.61484e+10 
0.1055 -1.16303 -4.46303 -2.44349 -3.90819 -1.03697 139779 2.16973e+16 9.53675e-07 9.58487e-06 2.14377e-20 3.33198e-08 202115 0 0 4.61828e-15 0 0 0.00679257 0 0 0 0 0 0 1.65242e+10 1.65242e+10 1.65242e+10 1.65242e+10 
0.106 -1.15291 -4.45291 -2.43271 -3.89798 -1.04709 143387 2.16478e+16 9.54326e-07 9.58078e-06 2.20039e-20 3.32296e-08 202675 0 0 4.75091e-15 0 0 0.00679257 0 0 0 0 0 0 1.69066e+10 1.69066e+10 1.69066e+10 1.69066e+10 
0.1065 -1.14276 -4.44276 -2.42191 -3.88775 -1.05724 147066 2.15986e+16 9.54978e-07 9.57675e-06 2.25818e-20 3.31401e-08 203234 0 0 4.88662e-15 0 0 0.00679257 0 0 0 0 0 0 1.72954e+10 1.72954e+10 1.72954e+10 1.72954e+10 
0.107 -1.13259 -4.43259 -2.41108 -3.87749 -1.06741 150818 2.15497e+16 9.55629e-07 9.57276e-06 2.31717e-20 3.30513e-08 203792 0 0 5.02545e-15 0 0 0.00679257 0 0 0 0 0 0 1.76909e+10 1.76909e+10 1.76909e+10 1.76909e+10 
0.1075 -1.12238 -4.42238 -2.40022 -3.8672 -1.07762 154644 2.1501e+16 9.56282e-07 9.56881e-06 2.37736e-20 3.29631e-08 204349 0 0 5.16747e-15 0 0 0.00679257 0 0 0 0 0 0 1.80931e+10 1.80931e+10 1.80931e+10 1.80931e+10 
0.108 -1.11215 -4.41215 -2.38934 -3.85688 -1.08785 158544 2.14527e+16 9.56935e-07 9.56491e-06 2.43878e-20 3.28756e-08 204904 0 0 5.31271e-15 0 0 0.00679257 0 0 0 0 0 0 1.8502e+10 1.8502e+10 1.8502e+10 1.8502e+10 
0.1085 -1.10189 -4.40189 -2.37844 -3.84653 -1.09811 162520 2.14047e+16 9.57589e-07 9.56105e-06 2.50144e-20 3.27887e-08 205458 0 0 5.46125e-15 0 0 0.00679257 0 0 0 0 0 0 1.89177e+10 1.89177e+10 1.89177e+10 1.89177e+10 
0.109 -1.09161 -4.39161 -2.36751 -3.83616 -1.10839 166572 2.13569e+16 9.58243e-07 9.55724e-06 2.56535e-20 3.27025e-08 206010 0 0 5.61313e-15 0 0 0.00679257 0 0 0 0 0 0 1.93403e+10 1.93403e+10 1.93403e+10 1.93403e+10 
0.1095 -1.08129 -4.38129 -2.35656 -3.82576 -1.11871 170702 2.13094e+16 9.58898e-07 9.55347e-06 2.63055e-20 3.26169e-08 206562 0 0 5.76841e-15 0 0 0.00679257 0 0 0 0 0 0 1.97699e+10 1.97699e+10 1.97699e+10 1.97699e+10 
0.11 -1.07095 -4.37095 -2.34559 -3.81534 -1.12905 174911 2.12622e+16 9.59553e-07 9.54974e-06 2.69704e-20 3.2532e-08 207112 0 0 5.92715e-15 0 0 0.00679257 0 0 0 0 0 0 2.02065e+10 2.02065e+10 2.02065e+10 2.02065e+10 
0.1105 -1.06058 -4.36058 -2.33459 -3.80488 -1.13942 179198 2.12153e+16 9.60209e-07 9.54605e-06 2.76484e-20 3.24476e-08 207661 0 0 6.0894e-15 0 0 0.00679257 0 0 0 0 0 0 2.06502e+10 2.06502e+10 2.06502e+10 2.06502e+10 
0.111 -1.05018 -4.35018 -2.32357 -3.7944 -1.14982 183567 2.11686e+16 9.60865e-07 9.54241e-06 2.83398e-20 3.23639e-08 208209 0 0 6.25521e-15 0 0 0.00679257 0 0 0 0 0 0 2.11011e+10 2.11011e+10 2.11011e+10 2.11011e+10 
0.1115 -1.03976 -4.33976 -2.31252 -3.7839 -1.16024 188016 2.11222e+16 9.61523e-07 9.5388e-06 2.90446e-20 3.22808e-08 208756 0 0 6.42465e-15 0 0 0.00679257 0 0 0 0 0 0 2.15592e+10 2.15592e+10 2.15592e+10 2.15592e+10 
0.112 -1.02931 -4.32931 -2.30145 -3.77336 -1.17069 192548 2.10761e+16 9.6218e-07 9.53524e-06 2.9763e-20 3.21983e-08 209301 0 0 6.59777e-15 0 0 0.00679257 0 0 0 0 0 0 2.20245e+10 2.20245e+10 2.20245e+10 2.20245e+10 
0.1125 -1.01883 -4.31883 -2.29035 -3.7628 -1.18117 197164 2.10303e+16 9.62838e-07 9.53172e-06 3.04953e-20 3.21164e-08 209845 0 0 6.77464e-15 0 0 0.00679257 0 0 0 0 0 0 2.24973e+10 2.24973e+10 2.24973e+10 2.24973e+10 
0.113 -1.00832 -4.30832 -2.27924 -3.75221 -1.19168 201864 2.09847e+16 9.63497e-07 9.52823e-06 3.12417e-20 3.2035e-08 210388 0 0 6.95531e-15 0 0 0.00679257 0 0 0 0 0 0 2.29774e+10 2.29774e+10 2.29774e+10 2.29774e+10 
0.1135 -0.997791 -4.29779 -2.26809 -3.7416 -1.20221 206649 2.09394e+16 9.64156e-07 9.52479e-06 3.20022e-20 3.19543e-08 210930 0 0 7.13983e-15 0 0 0.00679257 0 0 0 0 0 0 2.34651e+10 2.34651e+10 2.34651e+10 2.34651e+10 
0.114 -0.987231 -4.28723 -2.25693 -3.73095 -1.21277 211521 2.08943e+16 9.64816e-07 9.52138e-06 3.27771e-20 3.18741e-08 211471 0 0 7.32828e-15 0 0 0.00679257 0 0 0 0 0 0 2.39603e+10 2.39603e+10 2.39603e+10 2.39603e+10 
0.1145 -0.976644 -4.27664 -2.24574 -3.72029 -1.22336 216480 2.08495e+16 9.65476e-07 9.51802e-06 3.35667e-20 3.17945e-08 212010 0 0 7.52071e-15 0 0 0.00679257 0 0 0 0 0 0 2.44632e+10 2.44632e+10 2.44632e+10 2.44632e+10 
0.115 -0.96603 -4.26603 -2.23453 -3.70959 -1.23397 221528 2.08049e+16 9.66137e-07 9.51469e-06 3.43709e-20 3.17154e-08 212549 0 0 7.71718e-15 0 0 0.00679257 0 0 0 0 0 0 2.49737e+10 2.49737e+10 2.49737e+10 2.49737e+10 
0.1155 -0.955389 -4.25539 -2.22329 -3.69887 -1.24461 226665 2.07606e+16 9.66799e-07 9.5114e-06 3.51902e-20 3.16369e-08 213086 0 0 7.91776e-15 0 0 0.00679257 0 0 0 0 0 0 2.54921e+10 2.54921e+10 2.54921e+10 2.54921e+10 
0.116 -0.944722 -4.24472 -2.21203 -3.68812 -1.25528 231893 2.07165e+16 9.67461e-07 9.50815e-06 3.60245e-20 3.1559e-08 213622 0 0 8.1225e-15 0 0 0.00679257 0 0 0 0 0 0 2.60182e+10 2.60182e+10 2.60182e+10 2.60182e+10 
0.1165 -0.934027 -4.23403 -2.20074 -3.67735 -1.26597 237212 2.06727e+16 9.68123e-07 9.50494e-06 3.68742e-20 3.14816e-08 214157 0 0 8.33148e-15 0 0 0.00679257 0 0 0 0 0 0 2.65522e+10 2.65522e+10 2.65522e+10 2.65522e+10 
0.117 -0.923306 -4.22331 -2.18944 -3.66654 -1.27669 242624 2.06291e+16 9.68786e-07 9.50176e-06 3.77394e-20 3.14047e-08 214691 0 0 8.54474e-15 0 0 0.00679257 0 0 0 0 0 0 2.70943e+10 2.70943e+10 2.70943e+10 2.70943e+10 
0.1175 -0.912558 -4.21256 -2.17811 -3.65572 -1.28744 248130 2.05858e+16 9.6945e-07 9.49862e-06 3.86204e-20 3.13284e-08 215224 0 0 8.76237e-15 0 0 0.00679257 0 0 0 0 0 0 2.76443e+10 2.76443e+10 2.76443e+10 2.76443e+10 
0.118 -0.901784 -4.20178 -2.16675 -3.64486 -1.29822 253730 2.05427e+16 9.70114e-07 9.49552e-06 3.95172e-20 3.12526e-08 215755 0 0 8.98441e-15 0 0 0.00679257 0 0 0 0 0 0 2.82025e+10 2.82025e+10 2.82025e+10 2.82025e+10 
0.1185 -0.890983 -4.19098 -2.15537 -3.63398 -1.30902 259426 2.04998e+16 9.70779e-07 9.49245e-06 4.04301e-20 3.11773e-08 216286 0 0 9.21095e-15 0 0 0.00679257 0 0 0 0 0 0 2.87688e+10 2.87688e+10 2.87688e+10 2.87688e+10 
0.119 -0.880155 -4.18016 -2.14397 -3.62308 -1.31984 265218 2.04571e+16 9.71444e-07 9.48941e-06 4.13593e-20 3.11025e-08 216815 0 0 9.44203e-15 0 0 0.00679257 0 0 0 0 0 0 2.93433e+10 2.93433e+10 2.93433e+10 2.93433e+10 
0.1195 -0.869301 -4.1693 -2.13255 -3.61214 -1.3307 271109 2.04147e+16 9.72109e-07 9.48642e-06 4.23051e-20 3.10282e-08 217343 0 0 9.67773e-15 0 0 0.00679257 0 0 0 0 0 0 2.99262e+10 2.99262e+10 2.99262e+10 2.99262e+10 
0.12 -0.858421 -4.15842 -2.1211 -3.60118 -1.34158 277098 2.03726e+16 9.72775e-07 9.48345e-06 4.32675e-20 3.09544e-08 217870 0 0 9.91812e-15 0 0 0.00679257 0 0 0 0 0 0 3.05174e+10 3.05174e+10 3.05174e+10 3.05174e+10 
0.1205 -0.847514 -4.14751 -2.10963 -3.5902 -1.35249 283187 2.03306e+16 9.73442e-07 9.48053e-06 4.42468e-20 3.08811e-08 218397 0 0 1.01633e-14 0 0 0.00679257 0 0 0 0 0 0 3.11171e+10 3.11171e+10 3.11171e+10 3.11171e+10 
0.121 -0.836581 -4.13658 -2.09813 -3.57919 -1.36342 289378 2.02889e+16 9.74109e-07 9.47763e-06 4.52431e-20 3.08083e-08 218922 0 0 1.04132e-14 0 0 0.00679257 0 0 0 0 0 0 3.17253e+10 3.17253e+10 3.17253e+10 3.17253e+10 
0.1215 -0.825622 -4.12562 -2.08661 -3.56815 -1.37438 295670 2.02474e+16 9.74777e-07 9.47477e-06 4.62568e-20 3.0736e-08 219445 0 0 1.06681e-14 0 0 0.00679257 0 0 0 0 0 0 3.2342e+10 3.2342e+10 3.2342e+10 3.2342e+10 
0.122 -0.814637 -4.11464 -2.07507 -3.55709 -1.38536 302065 2.02061e+16 9.75445e-07 9.47195e-06 4.72879e-20 3.06642e-08 219968 0 0 1.09279e-14 0 0 0.00679257 0 0 0 0 0 0 3.29674e+10 3.29674e+10 3.29674e+10 3.29674e+10 
0.1225 -0.803625 -4.10363 -2.06351 -3.546 -1.39637 308565 2.0165e+16 9.76114e-07 9.46916e-06 4.83368e-20 3.05929e-08 220490 0 0 1.11927e-14 0 0 0.00679257 0 0 0 0 0 0 3.36015e+10 3.36015e+10 3.36015e+10 3.36015e+10 
0.123 -0.792588 -4.09259 -2.05192 -3.53489 -1.40741 315169 2.01242e+16 9.76783e-07 9.4664e-06 4.94035e-20 3.0522e-08 221011 0 0 1.14626e-14 0 0 0.00679257 0 0 0 0 0 0 3.42443e+10 3.42443e+10 3.42443e+10 3.42443e+10 
0.1235 -0.781524 -4.08152 -2.04031 -3.52375 -1.41848 321880 2.00835e+16 9.77453e-07 9.46367e-06 5.04883e-20 3.04516e-08 221531 0 0 1.17377e-14 0 0 0.00679257 0 0 0 0 0 0 3.4896e+10 3.4896e+10 3.4896e+10 3.4896e+10 
0.124 -0.770434 -4.07043 -2.02867 -3.51258 -1.42957 328699 2.00431e+16 9.78123e-07 9.46098e-06 5.15914e-20 3.03816e-08 222049 0 0 1.2018e-14 0 0 0.00679257 0 0 0 0 0 0 3.55566e+10 3.55566e+10 3.55566e+10 3.55566e+10 
0.1245 -0.759319 -4.05932 -2.01701 -3.50139 -1.44068 335626 2.00029e+16 9.78794e-07 9.45831e-06 5.2713e-20 3.03121e-08 222567 0 0 1.23037e-14 0 0 0.00679257 0 0 0 0 0 0 3.62261e+10 3.62261e+10 3.62261e+10 3.62261e+10 
0.125 -0.748178 -4.04818 -2.00533 -3.49017 -1.45182 342662 1.99629e+16 9.79465e-07 9.45568e-06 5.38533e-20 3.02431e-08 223083 0 0 1.25947e-14 0 0 0.00679257 0 0 0 0 0 0 3.69047e+10 3.69047e+10 3.69047e+10 3.69047e+10 
0.1255 -0.737011 -4.03701 -1.99363 -3.47893 -1.46299 349809 1.99231e+16 9.80137e-07 9.45309e-06 5.50125e-20 3.01745e-08 223599 0 0 1.28911e-14 0 0 0.00679257 0 0 0 0 0 0 3.75924e+10 3.75924e+10 3.75924e+10 3.75924e+10 
0.126 -0.725818 -4.02582 -1.9819 -3.46766 -1.47418 357068 1.98835e+16 9.80809e-07 9.45052e-06 5.61909e-20 3.01064e-08 224113 0 0 1.31931e-14 0 0 0.00679257 0 0 0 0 0 0 3.82892e+10 3.82892e+10 3.82892e+10 3.82892e+10 
0.1265 -0.714599 -4.0146 -1.97015 -3.45637 -1.4854 364440 1.98441e+16 9.81482e-07 9.44798e-06 5.73885e-20 3.00386e-08 224627 0 0 1.35007e-14 0 0 0.00679257 0 0 0 0 0 0 3.89953e+10 3.89953e+10 3.89953e+10 3.89953e+10 
0.127 -0.703355 -4.00336 -1.95838 -3.44505 -1.49664 371925 1.98049e+16 9.82155e-07 9.44548e-06 5.86058e-20 2.99714e-08 225139 0 0 1.3814e-14 0 0 0.00679257 0 0 0 0 0 0 3.97107e+10 3.97107e+10 3.97107e+10 3.97107e+10 
0.1275 -0.692085 -3.99209 -1.94658 -3.4337 -1.50791 379526 1.97659e+16 9.82828e-07 9.443e-06 5.98427e-20 2.99045e-08 225651 0 0 1.4133e-14 0 0 0.00679257 0 0 0 0 0 0 4.04354e+10 4.04354e+10 4.04354e+10 4.04354e+10 
0.128 -0.68079 -3.98079 -1.93476 -3.42233 -1.51921 387243 1.97271e+16 9.83503e-07 9.44056e-06 6.10997e-20 2.98381e-08 226161 0 0 1.44578e-14 0 0 0.00679257 0 0 0 0 0 0 4.11696e+10 4.11696e+10 4.11696e+10 4.11696e+10 
0.1285 -0.669469 -3.96947 -1.92292 -3.41094 -1.53053 395076 1.96885e+16 9.84177e-07 9.43815e-06 6.23768e-20 2.97721e-08 226671 0 0 1.47886e-14 0 0 0.00679257 0 0 0 0 0 0 4.19133e+10 4.19133e+10 4.19133e+10 4.19133e+10 
0.129 -0.658123 -3.95812 -1.91106 -3.39952 -1.54188 403029 1.96501e+16 9.84852e-07 9.43576e-06 6.36743e-20 2.97065e-08 227179 0 0 1.51253e-14 0 0 0.00679257 0 0 0 0 0 0 4.26665e+10 4.26665e+10 4.26665e+10 4.26665e+10 
0.1295 -0.646751 -3.94675 -1.89917 -3.38807 -1.55325 411100 1.96119e+16 9.85528e-07 9.43341e-06 6.49924e-20 2.96413e-08 227687 0 0 1.5468e-14 0 0 0.00679257 0 0 0 0 0 0 4.34293e+10 4.34293e+10 4.34293e+10 4.34293e+10 
0.13 -0.635354 -3.93535 -1.88726 -3.3766 -1.56465 419292 1.95738e+16 9.86204e-07 9.43108e-06 6.63313e-20 2.95765e-08 228193 0 0 1.58169e-14 0 0 0.00679257 0 0 0 0 0 0 4.42018e+10 4.42018e+10 4.42018e+10 4.42018e+10 
0.1305 -0.623932 -3.92393 -1.87533 -3.36511 -1.57607 427606 1.9536e+16 9.8688e-07 9.42878e-06 6.76912e-20 2.95122e-08 228699 0 0 1.6172e-14 0 0 0.00679257 0 0 0 0 0 0 4.49841e+10 4.49841e+10 4.49841e+10 4.49841e+10 
0.131 -0.612485 -3.91248 -1.86337 -3.35359 -1.58752 436042 1.94983e+16 9.87557e-07 9.42652e-06 6.90724e-20 2.94482e-08 229203 0 0 1.65334e-14 0 0 0.00679257 0 0 0 0 0 0 4.57762e+10 4.57762e+10 4.57762e+10 4.57762e+10 
0.1315 -0.601012 -3.90101 -1.85139 -3.34204 -1.59899 444602 1.94609e+16 9.88235e-07 9.42428e-06 7.04751e-20 2.93846e-08 229707 0 0 1.69011e-14 0 0 0.00679257 0 0 0 0 0 0 4.65782e+10 4.65782e+10 4.65782e+10 4.65782e+10 
0.132 -0.589514 -3.88951 -1.83939 -3.33047 -1.61049 453287 1.94236e+16 9.88913e-07 9.42206e-06 7.18995e-20 2.93215e-08 230209 0 0 1.72753e-14 0 0 0.00679257 0 0 0 0 0 0 4.73901e+10 4.73901e+10 4.73901e+10 4.73901e+10 
0.1325 -0.577991 -3.87799 -1.82737 -3.31887 -1.62201 462098 1.93865e+16 9.89591e-07 9.41988e-06 7.33457e-20 2.92587e-08 230711 0 0 1.7656e-14 0 0 0.00679257 0 0 0 0 0 0 4.8212e+10 4.8212e+10 4.8212e+10 4.8212e+10 
0.133 -0.566443 -3.86644 -1.81532 -3.30725 -1.63356 471036 1.93496e+16 9.9027e-07 9.41772e-06 7.48141e-20 2.91963e-08 231212 0 0 1.80433e-14 0 0 0.00679257 0 0 0 0 0 0 4.9044e+10 4.9044e+10 4.9044e+10 4.9044e+10 
0.1335 -0.55487 -3.85487 -1.80325 -3.29561 -1.64513 480102 1.93128e+16 9.90949e-07 9.4156e-06 7.63048e-20 2.91342e-08 231711 0 0 1.84372e-14 0 0 0.00679257 0 0 0 0 0 0 4.98861e+10 4.98861e+10 4.98861e+10 4.98861e+10 
0.134 -0.543272 -3.84327 -1.79116 -3.28394 -1.65673 489298 1.92762e+16 9.91629e-07 9.4135e-06 7.78181e-20 2.90726e-08 232210 0 0 1.8838e-14 0 0 0.00679257 0 0 0 0 0 0 5.07384e+10 5.07384e+10 5.07384e+10 5.07384e+10 
0.1345 -0.531649 -3.83165 -1.77905 -3.27225 -1.66835 498624 1.92399e+16 9.92309e-07 9.41142e-06 7.93541e-20 2.90113e-08 232708 0 0 1.92456e-14 0 0 0.00679257 0 0 0 0 0 0 5.1601e+10 5.1601e+10 5.1601e+10 5.1601e+10 
0.135 -0.520001 -3.82 -1.76691 -3.26053 -1.68 508082 1.92036e+16 9.9299e-07 9.40938e-06 8.09132e-20 2.89504e-08 233205 0 0 1.96601e-14 0 0 0.00679257 0 0 0 0 0 0 5.24739e+10 5.24739e+10 5.24739e+10 5.24739e+10 
0.1355 -0.508328 -3.80833 -1.75475 -3.24878 -1.69167 517673 1.91676e+16 9.93671e-07 9.40735e-06 8.24955e-20 2.88899e-08 233701 0 0 2.00816e-14 0 0 0.00679257 0 0 0 0 0 0 5.33572e+10 5.33572e+10 5.33572e+10 5.33572e+10 
0.136 -0.496631 -3.79663 -1.74257 -3.23701 -1.70337 527397 1.91317e+16 9.94353e-07 9.40536e-06 8.41013e-20 2.88297e-08 234196 0 0 2.05102e-14 0 0 0.00679257 0 0 0 0 0 0 5.42509e+10 5.42509e+10 5.42509e+10 5.42509e+10 
0.1365 -0.484909 -3.78491 -1.73036 -3.22522 -1.71509 537257 1.9096e+16 9.95035e-07 9.40339e-06 8.57307e-20 2.87699e-08 234690 0 0 2.0946e-14 0 0 0.00679257 0 0 0 0 0 0 5.51552e+10 5.51552e+10 5.51552e+10 5.51552e+10 
0.137 -0.473162 -3.77316 -1.71814 -3.2134 -1.72684 547252 1.90605e+16 9.95717e-07 9.40145e-06 8.7384e-20 2.87104e-08 235183 0 0 2.13891e-14 0 0 0.00679257 0 0 0 0 0 0 5.607e+10 5.607e+10 5.607e+10 5.607e+10 
0.1375 -0.46139 -3.76139 -1.70589 -3.20156 -1.73861 557385 1.90251e+16 9.964e-07 9.39954e-06 8.90615e-20 2.86513e-08 235675 0 0 2.18395e-14 0 0 0.00679257 0 0 0 0 0 0 5.69954e+10 5.69954e+10 5.69954e+10 5.69954e+10 
0.138 -0.449594 -3.74959 -1.69362 -3.1897 -1.75041 567656 1.89899e+16 9.97083e-07 9.39765e-06 9.07633e-20 2.85925e-08 236167 0 0 2.22973e-14 0 0 0.00679257 0 0 0 0 0 0 5.79316e+10 5.79316e+10 5.79316e+10 5.79316e+10 
0.1385 -0.437774 -3.73777 -1.68132 -3.17781 -1.76223 578066 1.89549e+16 9.97767e-07 9.39578e-06 9.24897e-20 2.85341e-08 236657 0 0 2.27627e-14 0 0 0.00679257 0 0 0 0 0 0 5.88785e+10 5.88785e+10 5.88785e+10 5.88785e+10 
0.139 -0.425929 -3.72593 -1.66901 -3.16589 -1.77407 588617 1.892e+16 9.98452e-07 9.39394e-06 9.4241e-20 2.84761e-08 237147 0 0 2.32356e-14 0 0 0.00679257 0 0 0 0 0 0 5.98362e+10 5.98362e+10 5.98362e+10 5.98362e+10 
0.1395 -0.414059 -3.71406 -1.65667 -3.15395 -1.78594 599310 1.88853e+16 9.99136e-07 9.39213e-06 9.60172e-20 2.84183e-08 237635 0 0 2.37163e-14 0 0 0.00679257 0 0 0 0 0 0 6.08048e+10 6.08048e+10 6.08048e+10 6.08048e+10 
0.14 -0.402165 -3.70217 -1.64431 -3.14199 -1.79783 610146 1.88508e+16 9.99821e-07 9.39034e-06 9.78187e-20 2.83609e-08 238123 0 0 2.42047e-14 0 0 0.00679257 0 0 0 0 0 0 6.17843e+10 6.17843e+10 6.17843e+10 6.17843e+10 
0.1405 -0.390247 -3.69025 -1.63193 -3.13 -1.80975 621125 1.88164e+16 1.00051e-06 9.38857e-06 9.96458e-20 2.83039e-08 238610 0 0 2.4701e-14 0 0 0.00679257 0 0 0 0 0 0 6.27748e+10 6.27748e+10 6.27748e+10 6.27748e+10 
0.141 -0.378304 -3.6783 -1.61952 -3.11799 -1.8217 632250 1.87821e+16 1.00119e-06 9.38683e-06 1.01499e-19 2.82471e-08 239096 0 0 2.52052e-14 0 0 0.00679257 0 0 0 0 0 0 6.37764e+10 6.37764e+10 6.37764e+10 6.37764e+10 
0.1415 -0.366337 -3.66634 -1.6071 -3.10596 -1.83366 643521 1.87481e+16 1.00188e-06 9.38511e-06 1.03377e-19 2.81907e-08 239581 0 0 2.57175e-14 0 0 0.00679257 0 0 0 0 0 0 6.47891e+10 6.47891e+10 6.47891e+10 6.47891e+10 
0.142 -0.354346 -3.65435 -1.59465 -3.0939 -1.84565 654939 1.87141e+16 1.00257e-06 9.38342e-06 1.05282e-19 2.81346e-08 240065 0 0 2.62379e-14 0 0 0.00679257 0 0 0 0 0 0 6.5813e+10 6.5813e+10 6.5813e+10 6.5813e+10 
0.1425 -0.342331 -3.64233 -1.58218 -3.08181 -1.85767 666505 1.86804e+16 1.00325e-06 9.38175e-06 1.07213e-19 2.80789e-08 240548 0 0 2.67665e-14 0 0 0.00679257 0 0 0 0 0 0 6.68482e+10 6.68482e+10 6.68482e+10 6.68482e+10 
0.143 -0.330291 -3.63029 -1.56968 -3.0697 -1.86971 678222 1.86468e+16 1.00394e-06 9.3801e-06 1.09171e-19 2.80234e-08 241031 0 0 2.73035e-14 0 0 0.00679257 0 0 0 0 0 0 6.78946e+10 6.78946e+10 6.78946e+10 6.78946e+10 
0.1435 -0.318228 -3.61823 -1.55717 -3.05757 -1.88177 690089 1.86133e+16 1.00463e-06 9.37848e-06 1.11156e-19 2.79683e-08 241512 0 0 2.78488e-14 0 0 0.00679257 0 0 0 0 0 0 6.89524e+10 6.89524e+10 6.89524e+10 6.89524e+10 
0.144 -0.30614 -3.60614 -1.54463 -3.04542 -1.89386 702107 1.858e+16 1.00532e-06 9.37688e-06 1.13168e-19 2.79135e-08 241993 0 0 2.84026e-14 0 0 0.00679257 0 0 0 0 0 0 7.00216e+10 7.00216e+10 7.00216e+10 7.00216e+10 
0.1445 -0.294028 -3.59403 -1.53207 -3.03324 -1.90597 714279 1.85468e+16 1.00601e-06 9.3753e-06 1.15208e-19 2.7859e-08 242473 0 0 2.8965e-14 0 0 0.00679257 0 0 0 0 0 0 7.11023e+10 7.11023e+10 7.11023e+10 7.11023e+10 
0.145 -0.281893 -3.58189 -1.51949 -3.02104 -1.91811 726605 1.85138e+16 1.0067e-06 9.37375e-06 1.17275e-19 2.78048e-08 242952 0 0 2.95361e-14 0 0 0.00679257 0 0 0 0 0 0 7.21945e+10 7.21945e+10 7.21945e+10 7.21945e+10 
0.1455 -0.269733 -3.56973 -1.50689 -3.00881 -1.93027 739086 1.8481e+16 1.00739e-06 9.37222e-06 1.19369e-19 2.77509e-08 243430 0 0 3.0116e-14 0 0 0.00679257 0 0 0 0 0 0 7.32983e+10 7.32983e+10 7.32983e+10 7.32983e+10 
0.146 -0.25755 -3.55755 -1.49426 -2.99656 -1.94245 751724 1.84482e+16 1.00808e-06 9.37071e-06 1.21492e-19 2.76973e-08 243907 0 0 3.07047e-14 0 0 0.00679257 0 0 0 0 0 0 7.44138e+10 7.44138e+10 7.44138e+10 7.44138e+10 
0.1465 -0.245342 -3.54534 -1.48162 -2.98429 -1.95466 764519 1.84157e+16 1.00877e-06 9.36923e-06 1.23643e-19 2.7644e-08 244384 0 0 3.13023e-14 0 0 0.00679257 0 0 0 0 0 0 7.55409e+10 7.55409e+10 7.55409e+10 7.55409e+10 
0.147 -0.233111 -3.53311 -1.46895 -2.97199 -1.96689 777473 1.83832e+16 1.00946e-06 9.36776e-06 1.25823e-19 2.7591e-08 244860 0 0 3.1909e-14 0 0 0.00679257 0 0 0 0 0 0 7.66799e+10 7.66799e+10 7.66799e+10 7.66799e+10 
0.1475 -0.220856 -3.52086 -1.45626 -2.95967 -1.97914 790586 1.83509e+16 1.01015e-06 9.36632e-06 1.28032e-19 2.75383e-08 245334 0 0 3.25249e-14 0 0 0.00679257 0 0 0 0 0 0 7.78306e+10 7.78306e+10 7.78306e+10 7.78306e+10 
0.148 -0.208578 -3.50858 -1.44355 -2.94732 -1.99142 803860 1.83188e+16 1.01084e-06 9.3649e-06 1.30269e-19 2.74859e-08 245808 0 0 3.315e-14 0 0 0.00679257 0 0 0 0 0 0 7.89933e+10 7.89933e+10 7.89933e+10 7.89933e+10 
0.1485 -0.196276 -3.49628 -1.43081 -2.93495 -2.00372 817297 1.82868e+16 1.01153e-06 9.3635e-06 1.32536e-19 2.74338e-08 246281 0 0 3.37844e-14 0 0 0.00679257 0 0 0 0 0 0 8.01678e+10 8.01678e+10 8.01678e+10 8.01678e+10 
0.149 -0.18395 -3.48395 -1.41806 -2.92256 -2.01605 830896 1.82549e+16 1.01223e-06 9.36213e-06 1.34832e-19 2.73819e-08 246754 0 0 3.44282e-14 0 0 0.00679257 0 0 0 0 0 0 8.13544e+10 8.13544e+10 8.13544e+10 8.13544e+10 
0.1495 -0.1716 -3.4716 -1.40528 -2.91015 -2.0284 844660 1.82232e+16 1.01292e-06 9.36077e-06 1.37158e-19 2.73304e-08 247225 0 0 3.50816e-14 0 0 0.00679257 0 0 0 0 0 0 8.2553e+10 8.2553e+10 8.2553e+10 8.2553e+10 
0.15 -0.159227 -3.45923 -1.39248 -2.89771 -2.04077 858589 1.81916e+16 1.01361e-06 9.35944e-06 1.39514e-19 2.72791e-08 247696 0 0 3.57446e-14 0 0 0.00679257 0 0 0 0 0 0 8.37637e+10 8.37637e+10 8.37637e+10 8.37637e+10 
0.1505 -0.146831 -3.44683 -1.37966 -2.88525 -2.05317 872685 1.81601e+16 1.01431e-06 9.35812e-06 1.419e-19 2.72281e-08 248166 0 0 3.64173e-14 0 0 0.00679257 0 0 0 0 0 0 8.49866e+10 8.49866e+10 8.49866e+10 8.49866e+10 
0.151 -0.134411 -3.43441 -1.36682 -2.87276 -2.06559 886948 1.81288e+16 1.015e-06 9.35683e-06 1.44317e-19 2.71774e-08 248635 0 0 3.70998e-14 0 0 0.00679257 0 0 0 0 0 0 8.62216e+10 8.62216e+10 8.62216e+10 8.62216e+10 
0.1515 -0.121967 -3.42197 -1.35396 -2.86025 -2.07803 901380 1.80976e+16 1.0157e-06 9.35556e-06 1.46764e-19 2.7127e-08 249103 0 0 3.77922e-14 0 0 0.00679257 0 0 0 0 0 0 8.7469e+10 8.7469e+10 8.7469e+10 8.7469e+10 
0.152 -0.1095 -3.4095 -1.34107 -2.84772 -2.0905 915982 1.80665e+16 1.01639e-06 9.35431e-06 1.49242e-19 2.70768e-08 249570 0 0 3.84947e-14 0 0 0.00679257 0 0 0 0 0 0 8.87286e+10 8.87286e+10 8.87286e+10 8.87286e+10 
0.1525 -0.09701 -3.39701 -1.32816 -2.83517 -2.10299 930755 1.80356e+16 1.01709e-06 9.35308e-06 1.51752e-19 2.70269e-08 250037 0 0 3.92072e-14 0 0 0.00679257 0 0 0 0 0 0 9.00007e+10 9.00007e+10 9.00007e+10 9.00007e+10 
0.153 -0.0844965 -3.3845 -1.31524 -2.82259 -2.1155 945700 1.80048e+16 1.01778e-06 9.35187e-06 1.54293e-19 2.69772e-08 250503 0 0 3.993e-14 0 0 0.00679257 0 0 0 0 0 0 9.12852e+10 9.12852e+10 9.12852e+10 9.12852e+10 
0.1535 -0.0719597 -3.37196 -1.30229 -2.80999 -2.12804 960819 1.79742e+16 1.01848e-06 9.35068e-06 1.56865e-19 2.69279e-08 250968 0 0 4.0663e-14 0 0 0.00679257 0 0 0 0 0 0 9.25821e+10 9.25821e+10 9.25821e+10 9.25821e+10 
0.154 -0.0593997 -3.3594 -1.28931 -2.79736 -2.1406 976112 1.79436e+16 1.01918e-06 9.34951e-06 1.5947e-19 2.68788e-08 251432 0 0 4.14065e-14 0 0 0.00679257 0 0 0 0 0 0 9.38916e+10 9.38916e+10 9.38916e+10 9.38916e+10 
0.1545 -0.0468165 -3.34682 -1.27632 -2.78472 -2.15318 991580 1.79132e+16 1.01987e-06 9.34836e-06 1.62106e-19 2.68299e-08 251896 0 0 4.21604e-14 0 0 0.00679257 0 0 0 0 0 0 9.52137e+10 9.52137e+10 9.52137e+10 9.52137e+10 
0.155 -0.0342102 -3.33421 -1.26331 -2.77205 -2.16579 1.00722e+06 1.78829e+16 1.02057e-06 9.34723e-06 1.64775e-19 2.67813e-08 252358 0 0 4.2925e-14 0 0 0.00679257 0 0 0 0 0 0 9.65485e+10 9.65485e+10 9.65485e+10 9.65485e+10 
0.1555 -0.0215807 -3.32158 -1.25027 -2.75935 -2.17842 1.02305e+06 1.78528e+16 1.02127e-06 9.34612e-06 1.67477e-19 2.6733e-08 252820 0 0 4.37003e-14 0 0 0.00679257 0 0 0 0 0 0 9.78959e+10 9.78959e+10 9.78959e+10 9.78959e+10 
0.156 -0.00892815 -3.30893 -1.23722 -2.74664 -2.19107 1.03905e+06 1.78228e+16 1.02197e-06 9.34502e-06 1.70211e-19 2.66849e-08 253281 0 0 4.44864e-14 0 0 0.00679257 0 0 0 0 0 0 9.92561e+10 9.92561e+10 9.92561e+10 9.92561e+10 
0.1565 0.00374744 -3.29625 -1.22414 -2.7339 -2.20375 1.05523e+06 1.77928e+16 1.02267e-06 9.34395e-06 1.72979e-19 2.66371e-08 253742 0 0 4.52834e-14 0 0 0.00679257 0 0 0 0 0 0 1.00629e+11 1.00629e+11 1.00629e+11 1.00629e+11 
0.157 0.016446 -3.28355 -1.21104 -2.72114 -2.21645 1.07159e+06 1.77631e+16 1.02337e-06 9.3429e-06 1.7578e-19 2.65895e-08 254201 0 0 4.60914e-14 0 0 0.00679257 0 0 0 0 0 0 1.02015e+11 1.02015e+11 1.02015e+11 1.02015e+11 
0.1575 0.0291676 -3.27083 -1.19792 -2.70835 -2.22917 1.08814e+06 1.77334e+16 1.02407e-06 9.34186e-06 1.78615e-19 2.65421e-08 254660 0 0 4.69106e-14 0 0 0.00679257 0 0 0 0 0 0 1.03414e+11 1.03414e+11 1.03414e+11 1.03414e+11 
0.158 0.041912 -3.25809 -1.18478 -2.69555 -2.24191 1.10487e+06 1.77039e+16 1.02477e-06 9.34085e-06 1.81483e-19 2.64951e-08 255118 0 0 4.77409e-14 0 0 0.00679257 0 0 0 0 0 0 1.04825e+11 1.04825e+11 1.04825e+11 1.04825e+11 
0.1585 0.0546794 -3.24532 -1.17161 -2.68272 -2.25468 1.12178e+06 1.76745e+16 1.02547e-06 9.33985e-06 1.84386e-19 2.64482e-08 255575 0 0 4.85826e-14 0 0 0.00679257 0 0 0 0 0 0 1.0625e+11 1.0625e+11 1.0625e+11 1.0625e+11 
0.159 0.0674695 -3.23253 -1.15843 -2.66986 -2.26747 1.13888e+06 1.76452e+16 1.02617e-06 9.33887e-06 1.87323e-19 2.64016e-08 256032 0 0 4.94357e-14 0 0 0.00679257 0 0 0 0 0 0 1.07688e+11 1.07688e+11 1.07688e+11 1.07688e+11 
0.1595 0.0802825 -3.21972 -1.14522 -2.65699 -2.28028 1.15616e+06 1.7616e+16 1.02687e-06 9.33791e-06 1.90294e-19 2.63552e-08 256488 0 0 5.03004e-14 0 0 0.00679257 0 0 0 0 0 0 1.09139e+11 1.09139e+11 1.09139e+11 1.09139e+11 
0.16 0.0931183 -3.20688 -1.132 -2.64409 -2.29312 1.17363e+06 1.75869e+16 1.02757e-06 9.33697e-06 1.93301e-19 2.63091e-08 256943 0 0 5.11766e-14 0 0 0.00679257 0 0 0 0 0 0 1.10603e+11 1.10603e+11 1.10603e+11 1.10603e+11 
0.1605 0.105977 -3.19402 -1.11875 -2.63117 -2.30598 1.19129e+06 1.7558e+16 1.02827e-06 9.33605e-06 1.96342e-19 2.62632e-08 257397 0 0 5.20647e-14 0 0 0.00679257 0 0 0 0 0 0 1.1208e+11 1.1208e+11 1.1208e+11 1.1208e+11 
0.161 0.118858 -3.18114 -1.10548 -2.61823 -2.31886 1.20914e+06 1.75292e+16 1.02897e-06 9.33514e-06 1.99419e-19 2.62176e-08 257850 0 0 5.29646e-14 0 0 0.00679257 0 0 0 0 0 0 1.1357e+11 1.1357e+11 1.1357e+11 1.1357e+11 
0.1615 0.131762 -3.16824 -1.09219 -2.60526 -2.33176 1.22719e+06 1.75004e+16 1.02968e-06 9.33425e-06 2.02532e-19 2.61721e-08 258303 0 0 5.38764e-14 0 0 0.00679257 0 0 0 0 0 0 1.15074e+11 1.15074e+11 1.15074e+11 1.15074e+11 
0.162 0.144688 -3.15531 -1.07888 -2.59227 -2.34469 1.24542e+06 1.74718e+16 1.03038e-06 9.33338e-06 2.0568e-19 2.61269e-08 258755 0 0 5.48003e-14 0 0 0.00679257 0 0 0 0 0 0 1.16591e+11 1.16591e+11 1.16591e+11 1.16591e+11 
0.1625 0.157637 -3.14236 -1.06555 -2.57926 -2.35764 1.26385e+06 1.74434e+16 1.03108e-06 9.33253e-06 2.08865e-19 2.6082e-08 259206 0 0 5.57363e-14 0 0 0.00679257 0 0 0 0 0 0 1.18122e+11 1.18122e+11 1.18122e+11 1.18122e+11 
0.163 0.170609 -3.12939 -1.0522 -2.56623 -2.37061 1.28247e+06 1.7415e+16 1.03179e-06 9.3317e-06 2.12086e-19 2.60372e-08 259657 0 0 5.66847e-14 0 0 0.00679257 0 0 0 0 0 0 1.19666e+11 1.19666e+11 1.19666e+11 1.19666e+11 
0.1635 0.183603 -3.1164 -1.03882 -2.55318 -2.3836 1.30129e+06 1.73867e+16 1.03249e-06 9.33088e-06 2.15343e-19 2.59927e-08 260107 0 0 5.76454e-14 0 0 0.00679257 0 0 0 0 0 0 1.21223e+11 1.21223e+11 1.21223e+11 1.21223e+11 
0.164 0.19662 -3.10338 -1.02543 -2.5401 -2.39662 1.3203e+06 1.73586e+16 1.03319e-06 9.33008e-06 2.18637e-19 2.59484e-08 260556 0 0 5.86186e-14 0 0 0.00679257 0 0 0 0 0 0 1.22794e+11 1.22794e+11 1.22794e+11 1.22794e+11 
0.1645 0.209659 -3.09034 -1.01201 -2.527 -2.40966 1.33951e+06 1.73306e+16 1.0339e-06 9.3293e-06 2.21969e-19 2.59043e-08 261004 0 0 5.96044e-14 0 0 0.00679257 0 0 0 0 0 0 1.24379e+11 1.24379e+11 1.24379e+11 1.24379e+11 
0.165 0.22272 -3.07728 -0.998579 -2.51388 -2.42272 1.35892e+06 1.73026e+16 1.0346e-06 9.32853e-06 2.25338e-19 2.58605e-08 261452 0 0 6.06029e-14 0 0 0.00679257 0 0 0 0 0 0 1.25977e+11 1.25977e+11 1.25977e+11 1.25977e+11 
0.1655 0.235804 -3.0642 -0.985122 -2.50073 -2.4358 1.37853e+06 1.72748e+16 1.03531e-06 9.32778e-06 2.28744e-19 2.58168e-08 261899 0 0 6.16143e-14 0 0 0.00679257 0 0 0 0 0 0 1.27589e+11 1.27589e+11 1.27589e+11 1.27589e+11 
0.166 0.24891 -3.05109 -0.971644 -2.48757 -2.44891 1.39834e+06 1.72471e+16 1.03602e-06 9.32705e-06 2.32188e-19 2.57734e-08 262345 0 0 6.26385e-14 0 0 0.00679257 0 0 0 0 0 0 1.29215e+11 1.29215e+11 1.29215e+11 1.29215e+11 
0.1665 0.262038 -3.03796 -0.958145 -2.47438 -2.46204 1.41835e+06 1.72195e+16 1.03672e-06 9.32633e-06 2.3567e-19 2.57302e-08 262790 0 0 6.36758e-14 0 0 0.00679257 0 0 0 0 0 0 1.30854e+11 1.30854e+11 1.30854e+11 1.30854e+11 
0.167 0.275189 -3.02481 -0.944626 -2.46117 -2.47519 1.43857e+06 1.7192e+16 1.03743e-06 9.32564e-06 2.39191e-19 2.56872e-08 263235 0 0 6.47263e-14 0 0 0.00679257 0 0 0 0 0 0 1.32507e+11 1.32507e+11 1.32507e+11 1.32507e+11 
0.1675 0.288362 -3.01164 -0.931086 -2.44793 -2.48836 1.45899e+06 1.71647e+16 1.03814e-06 9.32495e-06 2.4275e-19 2.56444e-08 263679 0 0 6.579e-14 0 0 0.00679257 0 0 0 0 0 0 1.34175e+11 1.34175e+11 1.34175e+11 1.34175e+11 
0.168 0.301557 -2.99844 -0.917525 -2.43468 -2.50156 1.47961e+06 1.71374e+16 1.03884e-06 9.32429e-06 2.46349e-19 2.56018e-08 264123 0 0 6.68671e-14 0 0 0.00679257 0 0 0 0 0 0 1.35856e+11 1.35856e+11 1.35856e+11 1.35856e+11 
0.1685 0.314774 -2.98523 -0.903944 -2.4214 -2.51477 1.50044e+06 1.71102e+16 1.03955e-06 9.32364e-06 2.49986e-19 2.55594e-08 264565 0 0 6.79576e-14 0 0 0.00679257 0 0 0 0 0 0 1.37551e+11 1.37551e+11 1.37551e+11 1.37551e+11 
0.169 0.328013 -2.97199 -0.890342 -2.4081 -2.52801 1.52148e+06 1.70832e+16 1.04026e-06 9.32301e-06 2.53662e-19 2.55173e-08 265007 0 0 6.90618e-14 0 0 0.00679257 0 0 0 0 0 0 1.3926e+11 1.3926e+11 1.3926e+11 1.3926e+11 
0.1695 0.341275 -2.95873 -0.876719 -2.39478 -2.54127 1.54273e+06 1.70562e+16 1.04097e-06 9.32239e-06 2.57379e-19 2.54753e-08 265448 0 0 7.01796e-14 0 0 0.00679257 0 0 0 0 0 0 1.40983e+11 1.40983e+11 1.40983e+11 1.40983e+11 
0.17 0.354558 -2.94544 -0.863076 -2.38144 -2.55456 1.56418e+06 1.70293e+16 1.04168e-06 9.32179e-06 2.61135e-19 2.54335e-08 265889 0 0 7.13113e-14 0 0 0.00679257 0 0 0 0 0 0 1.4272e+11 1.4272e+11 1.4272e+11 1.4272e+11 
0.1705 0.367864 -2.93214 -0.849412 -2.36808 -2.56786 1.58585e+06 1.70026e+16 1.04239e-06 9.3212e-06 2.64931e-19 2.5392e-08 266329 0 0 7.24569e-14 0 0 0.00679257 0 0 0 0 0 0 1.44471e+11 1.44471e+11 1.44471e+11 1.44471e+11 
0.171 0.381191 -2.91881 -0.835728 -2.35469 -2.58119 1.60773e+06 1.69759e+16 1.0431e-06 9.32063e-06 2.68768e-19 2.53506e-08 266768 0 0 7.36165e-14 0 0 0.00679257 0 0 0 0 0 0 1.46236e+11 1.46236e+11 1.46236e+11 1.46236e+11 
0.1715 0.394541 -2.90546 -0.822023 -2.34128 -2.59454 1.62982e+06 1.69494e+16 1.04381e-06 9.32008e-06 2.72645e-19 2.53095e-08 267207 0 0 7.47903e-14 0 0 0.00679257 0 0 0 0 0 0 1.48016e+11 1.48016e+11 1.48016e+11 1.48016e+11 
0.172 0.407912 -2.89209 -0.808297 -2.32785 -2.60791 1.65212e+06 1.69229e+16 1.04452e-06 9.31954e-06 2.76563e-19 2.52685e-08 267644 0 0 7.59784e-14 0 0 0.00679257 0 0 0 0 0 0 1.4981e+11 1.4981e+11 1.4981e+11 1.4981e+11 
0.1725 0.421305 -2.8787 -0.794552 -2.3144 -2.6213 1.67464e+06 1.68965e+16 1.04523e-06 9.31902e-06 2.80522e-19 2.52277e-08 268081 0 0 7.71808e-14 0 0 0.00679257 0 0 0 0 0 0 1.51618e+11 1.51618e+11 1.51618e+11 1.51618e+11 
0.173 0.43472 -2.86528 -0.780785 -2.30093 -2.63472 1.69738e+06 1.68703e+16 1.04594e-06 9.31851e-06 2.84523e-19 2.51872e-08 268518 0 0 7.83978e-14 0 0 0.00679257 0 0 0 0 0 0 1.53441e+11 1.53441e+11 1.53441e+11 1.53441e+11 
0.1735 0.448157 -2.85184 -0.766998 -2.28743 -2.64816 1.72033e+06 1.68441e+16 1.04665e-06 9.31802e-06 2.88565e-19 2.51468e-08 268954 0 0 7.96293e-14 0 0 0.00679257 0 0 0 0 0 0 1.55277e+11 1.55277e+11 1.55277e+11 1.55277e+11 
0.174 0.461615 -2.83838 -0.753191 -2.27391 -2.66162 1.7435e+06 1.68181e+16 1.04736e-06 9.31754e-06 2.92649e-19 2.51066e-08 269389 0 0 8.08756e-14 0 0 0.00679257 0 0 0 0 0 0 1.57129e+11 1.57129e+11 1.57129e+11 1.57129e+11 
0.1745 0.475096 -2.8249 -0.739364 -2.26038 -2.6751 1.76689e+06 1.67921e+16 1.04807e-06 9.31708e-06 2.96775e-19 2.50666e-08 269823 0 0 8.21367e-14 0 0 0.00679257 0 0 0 0 0 0 1.58995e+11 1.58995e+11 1.58995e+11 1.58995e+11 
0.175 0.488598 -2.8114 -0.725516 -2.24682 -2.6886 1.79049e+06 1.67662e+16 1.04879e-06 9.31663e-06 3.00944e-19 2.50268e-08 270257 0 0 8.34128e-14 0 0 0.00679257 0 0 0 0 0 0 1.60875e+11 1.60875e+11 1.60875e+11 1.60875e+11 
0.1755 0.502121 -2.79788 -0.711648 -2.23324 -2.70212 1.81432e+06 1.67405e+16 1.0495e-06 9.3162e-06 3.05155e-19 2.49871e-08 270690 0 0 8.4704e-14 0 0 0.00679257 0 0 0 0 0 0 1.6277e+11 1.6277e+11 1.6277e+11 1.6277e+11 
0.176 0.515667 -2.78433 -0.697759 -2.21963 -2.71567 1.83837e+06 1.67148e+16 1.05021e-06 9.31578e-06 3.09409e-19 2.49477e-08 271122 0 0 8.60103e-14 0 0 0.00679257 0 0 0 0 0 0 1.64679e+11 1.64679e+11 1.64679e+11 1.64679e+11 
0.1765 0.529234 -2.77077 -0.683851 -2.20601 -2.72923 1.86265e+06 1.66892e+16 1.05092e-06 9.31537e-06 3.13706e-19 2.49084e-08 271554 0 0 8.7332e-14 0 0 0.00679257 0 0 0 0 0 0 1.66603e+11 1.66603e+11 1.66603e+11 1.66603e+11 
0.177 0.542822 -2.75718 -0.669922 -2.19236 -2.74282 1.88714e+06 1.66637e+16 1.05164e-06 9.31499e-06 3.18047e-19 2.48693e-08 271985 0 0 8.8669e-14 0 0 0.00679257 0 0 0 0 0 0 1.68542e+11 1.68542e+11 1.68542e+11 1.68542e+11 
0.1775 0.556432 -2.74357 -0.655972 -2.1787 -2.75643 1.91187e+06 1.66383e+16 1.05235e-06 9.31461e-06 3.22432e-19 2.48304e-08 272416 0 0 9.00217e-14 0 0 0.00679257 0 0 0 0 0 0 1.70495e+11 1.70495e+11 1.70495e+11 1.70495e+11 
0.178 0.570064 -2.72994 -0.642003 -2.16501 -2.77006 1.93682e+06 1.6613e+16 1.05307e-06 9.31425e-06 3.2686e-19 2.47917e-08 272845 0 0 9.13899e-14 0 0 0.00679257 0 0 0 0 0 0 1.72463e+11 1.72463e+11 1.72463e+11 1.72463e+11 
0.1785 0.583717 -2.71628 -0.628014 -2.1513 -2.78372 1.96199e+06 1.65878e+16 1.05378e-06 9.31391e-06 3.31332e-19 2.47532e-08 273275 0 0 9.2774e-14 0 0 0.00679257 0 0 0 0 0 0 1.74446e+11 1.74446e+11 1.74446e+11 1.74446e+11 
0.179 0.597391 -2.70261 -0.614004 -2.13757 -2.79739 1.9874e+06 1.65627e+16 1.0545e-06 9.31357e-06 3.35849e-19 2.47148e-08 273703 0 0 9.41739e-14 0 0 0.00679257 0 0 0 0 0 0 1.76444e+11 1.76444e+11 1.76444e+11 1.76444e+11 
0.1795 0.611087 -2.68891 -0.599974 -2.12381 -2.81109 2.01303e+06 1.65377e+16 1.05521e-06 9.31326e-06 3.40411e-19 2.46766e-08 274131 0 0 9.55899e-14 0 0 0.00679257 0 0 0 0 0 0 1.78457e+11 1.78457e+11 1.78457e+11 1.78457e+11 
0.18 0.624804 -2.6752 -0.585924 -2.11004 -2.8248 2.03889e+06 1.65127e+16 1.05593e-06 9.31295e-06 3.45017e-19 2.46386e-08 274558 0 0 9.7022e-14 0 0 0.00679257 0 0 0 0 0 0 1.80484e+11 1.80484e+11 1.80484e+11 1.80484e+11 
0.1805 0.638543 -2.66146 -0.571854 -2.09624 -2.83854 2.06499e+06 1.64879e+16 1.05665e-06 9.31266e-06 3.49669e-19 2.46008e-08 274985 0 0 9.84703e-14 0 0 0.00679257 0 0 0 0 0 0 1.82526e+11 1.82526e+11 1.82526e+11 1.82526e+11 
0.181 0.652303 -2.6477 -0.557764 -2.08243 -2.8523 2.09132e+06 1.64631e+16 1.05736e-06 9.31239e-06 3.54366e-19 2.45631e-08 275411 0 0 9.9935e-14 0 0 0.00679257 0 0 0 0 0 0 1.84584e+11 1.84584e+11 1.84584e+11 1.84584e+11 
0.1815 0.666084 -2.63392 -0.543654 -2.06859 -2.86608 2.11788e+06 1.64384e+16 1.05808e-06 9.31213e-06 3.59109e-19 2.45256e-08 275836 0 0 1.01416e-13 0 0 0.00679257 0 0 0 0 0 0 1.86656e+11 1.86656e+11 1.86656e+11 1.86656e+11 
0.182 0.679886 -2.62011 -0.529524 -2.05473 -2.87989 2.14467e+06 1.64139e+16 1.0588e-06 9.31188e-06 3.63897e-19 2.44883e-08 276260 0 0 1.02914e-13 0 0 0.00679257 0 0 0 0 0 0 1.88743e+11 1.88743e+11 1.88743e+11 1.88743e+11 
0.1825 0.69371 -2.60629 -0.515374 -2.04085 -2.89371 2.1717e+06 1.63894e+16 1.05951e-06 9.31164e-06 3.68732e-19 2.44511e-08 276684 0 0 1.04429e-13 0 0 0.00679257 0 0 0 0 0 0 1.90846e+11 1.90846e+11 1.90846e+11 1.90846e+11 
0.183 0.707555 -2.59245 -0.501204 -2.02695 -2.90755 2.19897e+06 1.63649e+16 1.06023e-06 9.31142e-06 3.73613e-19 2.44141e-08 277108 0 0 1.0596e-13 0 0 0.00679257 0 0 0 0 0 0 1.92963e+11 1.92963e+11 1.92963e+11 1.92963e+11 
0.1835 0.721421 -2.57858 -0.487014 -2.01303 -2.92142 2.22647e+06 1.63406e+16 1.06095e-06 9.31121e-06 3.78541e-19 2.43773e-08 277530 0 0 1.07508e-13 0 0 0.00679257 0 0 0 0 0 0 1.95096e+11 1.95096e+11 1.95096e+11 1.95096e+11 
0.184 0.735308 -2.56469 -0.472804 -1.99909 -2.93531 2.25421e+06 1.63164e+16 1.06167e-06 9.31102e-06 3.83516e-19 2.43406e-08 277953 0 0 1.09074e-13 0 0 0.00679257 0 0 0 0 0 0 1.97244e+11 1.97244e+11 1.97244e+11 1.97244e+11 
0.1845 0.749216 -2.55078 -0.458574 -1.98512 -2.94922 2.28219e+06 1.62922e+16 1.06239e-06 9.31084e-06 3.88538e-19 2.43041e-08 278374 0 0 1.10656e-13 0 0 0.00679257 0 0 0 0 0 0 1.99407e+11 1.99407e+11 1.99407e+11 1.99407e+11 
0.185 0.763145 -2.53685 -0.444325 -1.97114 -2.96315 2.31041e+06 1.62682e+16 1.06311e-06 9.31067e-06 3.93608e-19 2.42678e-08 278795 0 0 1.12256e-13 0 0 0.00679257 0 0 0 0 0 0 2.01585e+11 2.01585e+11 2.01585e+11 2.01585e+11 
0.1855 0.777095 -2.5229 -0.430055 -1.95713 -2.9771 2.33887e+06 1.62442e+16 1.06383e-06 9.31051e-06 3.98725e-19 2.42316e-08 279215 0 0 1.13874e-13 0 0 0.00679257 0 0 0 0 0 0 2.03778e+11 2.03778e+11 2.03778e+11 2.03778e+11 
0.186 0.791067 -2.50893 -0.415766 -1.94311 -2.99107 2.36757e+06 1.62203e+16 1.06455e-06 9.31037e-06 4.03891e-19 2.41956e-08 279635 0 0 1.15509e-13 0 0 0.00679257 0 0 0 0 0 0 2.05987e+11 2.05987e+11 2.05987e+11 2.05987e+11 
0.1865 0.805059 -2.49494 -0.401457 -1.92906 -3.00506 2.39652e+06 1.61965e+16 1.06527e-06 9.31024e-06 4.09104e-19 2.41597e-08 280054 0 0 1.17162e-13 0 0 0.00679257 0 0 0 0 0 0 2.08211e+11 2.08211e+11 2.08211e+11 2.08211e+11 
0.187 0.819072 -2.48093 -0.387129 -1.91499 -3.01907 2.42571e+06 1.61727e+16 1.06599e-06 9.31013e-06 4.14366e-19 2.4124e-08 280472 0 0 1.18832e-13 0 0 0.00679257 0 0 0 0 0 0 2.10451e+11 2.10451e+11 2.10451e+11 2.10451e+11 
0.1875 0.833106 -2.46689 -0.37278 -1.9009 -3.03311 2.45514e+06 1.61491e+16 1.06671e-06 9.31002e-06 4.19677e-19 2.40885e-08 280890 0 0 1.20521e-13 0 0 0.00679257 0 0 0 0 0 0 2.12706e+11 2.12706e+11 2.12706e+11 2.12706e+11 
0.188 0.847161 -2.45284 -0.358412 -1.88679 -3.04716 2.48482e+06 1.61255e+16 1.06743e-06 9.30993e-06 4.25036e-19 2.40531e-08 281307 0 0 1.22227e-13 0 0 0.00679257 0 0 0 0 0 0 2.14976e+11 2.14976e+11 2.14976e+11 2.14976e+11 
0.1885 0.861237 -2.43876 -0.344024 -1.87266 -3.06124 2.51475e+06 1.6102e+16 1.06815e-06 9.30985e-06 4.30445e-19 2.40178e-08 281724 0 0 1.23952e-13 0 0 0.00679257 0 0 0 0 0 0 2.17261e+11 2.17261e+11 2.17261e+11 2.17261e+11 
0.189 0.875333 -2.42467 -0.329617 -1.85851 -3.07533 2.54492e+06 1.60786e+16 1.06887e-06 9.30978e-06 4.35904e-19 2.39827e-08 282139 0 0 1.25695e-13 0 0 0.00679257 0 0 0 0 0 0 2.19562e+11 2.19562e+11 2.19562e+11 2.19562e+11 
0.1895 0.889451 -2.41055 -0.315189 -1.84434 -3.08945 2.57535e+06 1.60553e+16 1.06959e-06 9.30972e-06 4.41412e-19 2.39477e-08 282555 0 0 1.27457e-13 0 0 0.00679257 0 0 0 0 0 0 2.21879e+11 2.21879e+11 2.21879e+11 2.21879e+11 
0.19 0.903589 -2.39641 -0.300743 -1.83015 -3.10359 2.60602e+06 1.6032e+16 1.07032e-06 9.30967e-06 4.4697e-19 2.39129e-08 282970 0 0 1.29237e-13 0 0 0.00679257 0 0 0 0 0 0 2.2421e+11 2.2421e+11 2.2421e+11 2.2421e+11 
0.1905 0.917748 -2.38225 -0.286276 -1.81594 -3.11775 2.63694e+06 1.60087e+16 1.07104e-06 9.30962e-06 4.52578e-19 2.38781e-08 283384 0 0 1.31036e-13 0 0 0.00679257 0 0 0 0 0 0 2.26557e+11 2.26557e+11 2.26557e+11 2.26557e+11 
0.191 0.931927 -2.36807 -0.27179 -1.8017 -3.13193 2.66812e+06 1.59855e+16 1.07176e-06 9.30958e-06 4.58237e-19 2.38434e-08 283797 0 0 1.32853e-13 0 0 0.00679257 0 0 0 0 0 0 2.28918e+11 2.28918e+11 2.28918e+11 2.28918e+11 
0.1915 0.946127 -2.35387 -0.257285 -1.78745 -3.14613 2.69955e+06 1.59623e+16 1.07249e-06 9.30952e-06 4.63946e-19 2.38086e-08 284210 0 0 1.3469e-13 0 0 0.00679257 0 0 0 0 0 0 2.31292e+11 2.31292e+11 2.31292e+11 2.31292e+11 
0.192 0.960348 -2.33965 -0.24276 -1.77317 -3.16035 2.73123e+06 1.5939e+16 1.07321e-06 9.30943e-06 4.69706e-19 2.37736e-08 284622 0 0 1.36545e-13 0 0 0.00679257 0 0 0 0 0 0 2.33679e+11 2.33679e+11 2.33679e+11 2.33679e+11 
0.1925 0.97459 -2.32541 -0.228215 -1.75888 -3.17459 2.76316e+06 1.59155e+16 1.07393e-06 9.30929e-06 4.75518e-19 2.37382e-08 285034 0 0 1.3842e-13 0 0 0.00679257 0 0 0 0 0 0 2.36076e+11 2.36076e+11 2.36076e+11 2.36076e+11 
0.193 0.988852 -2.31115 -0.213652 -1.74456 -3.18885 2.79535e+06 1.58916e+16 1.07466e-06 9.30903e-06 4.8138e-19 2.37018e-08 285445 0 0 1.40313e-13 0 0 0.00679257 0 0 0 0 0 0 2.38478e+11 2.38478e+11 2.38478e+11 2.38478e+11 
0.1935 1.00313 -2.29687 -0.199068 -1.73022 -3.20313 2.82779e+06 1.58669e+16 1.07538e-06 9.30857e-06 4.87294e-19 2.36638e-08 285856 0 0 1.42226e-13 0 0 0.00679257 0 0 0 0 0 0 2.40876e+11 2.40876e+11 2.40876e+11 2.40876e+11 
0.194 1.01744 -2.28256 -0.184465 -1.71585 -3.21744 2.86048e+06 1.58407e+16 1.07611e-06 9.30774e-06 4.9326e-19 2.36226e-08 286266 0 0 1.44158e-13 0 0 0.00679257 0 0 0 0 0 0 2.43257e+11 2.43257e+11 2.43257e+11 2.43257e+11 
0.1945 1.03176 -2.26824 -0.169843 -1.70146 -3.23176 2.89343e+06 1.58119e+16 1.07683e-06 9.30625e-06 4.99276e-19 2.3576e-08 286675 0 0 1.46109e-13 0 0 0.00679257 0 0 0 0 0 0 2.45593e+11 2.45593e+11 2.45593e+11 2.45593e+11 
0.195 1.0461 -2.2539 -0.155202 -1.68704 -3.2461 2.92662e+06 1.57785e+16 1.07756e-06 9.30358e-06 5.05342e-19 2.35194e-08 287083 0 0 1.48078e-13 0 0 0.00679257 0 0 0 0 0 0 2.47839e+11 2.47839e+11 2.47839e+11 2.47839e+11 
0.1955 1.06047 -2.23953 -0.140542 -1.67257 -3.26047 2.96005e+06 1.57368e+16 1.07828e-06 9.29882e-06 5.11457e-19 2.34453e-08 287490 0 0 1.50065e-13 0 0 0.00679257 0 0 0 0 0 0 2.49911e+11 2.49911e+11 2.49911e+11 2.49911e+11 
0.196 1.07485 -2.22515 -0.125862 -1.65806 -3.27485 2.9937e+06 1.56805e+16 1.079e-06 9.29037e-06 5.17617e-19 2.33402e-08 287896 0 0 1.52066e-13 0 0 0.00679257 0 0 0 0 0 0 2.51661e+11 2.51661e+11 2.51661e+11 2.51661e+11 
0.1965 1.08926 -2.21074 -0.111164 -1.64345 -3.28926 3.02754e+06 1.55983e+16 1.07973e-06 9.27535e-06 5.23818e-19 2.31803e-08 288301 0 0 1.5408e-13 0 0 0.00679257 0 0 0 0 0 0 2.52822e+11 2.52822e+11 2.52822e+11 2.52822e+11 
0.197 1.10368 -2.19632 -0.0964479 -1.62872 -3.30368 3.06152e+06 1.54702e+16 1.08044e-06 9.24862e-06 5.30049e-19 2.29236e-08 288702 0 0 1.56098e-13 0 0 0.00679257 0 0 0 0 0 0 2.52923e+11 2.52923e+11 2.52923e+11 2.52923e+11 
0.1975 1.11813 -2.18187 -0.0817146 -1.61377 -3.31813 3.09555e+06 1.52601e+16 1.08116e-06 9.20092e-06 5.36292e-19 2.24957e-08 289099 0 0 1.5811e-13 0 0 0.00679257 0 0 0 0 0 0 2.51113e+11 2.51113e+11 2.51113e+11 2.51113e+11 
0.198 1.13259 -2.16741 -0.0669657 -1.59842 -3.33259 3.12945e+06 1.49033e+16 1.08154e-06 9.11256e-06 5.42358e-19 2.17587e-08 289297 0 0 1.59112e-13 0 0 0.00679257 0 0 0 0 0 0 2.45806e+11 2.45806e+11 2.45806e+11 2.45806e+11 
0.198 1.13259 -2.16741 -0.0669657 -1.59842 -3.33259 3.12945e+06 1.49033e+16 1.08211e-06 9.11737e-06 5.42644e-19 2.17702e-08 289647 0 0 1.60896e-13 0 0 0.00679257 0 0 0 0 0 0 2.45936e+11 2.45936e+11 2.45936e+11 2.45936e+11 
0.198409 1.14445 -2.15555 -0.0548809 -1.58535 -3.34445 3.15687e+06 1.44264e+16 1.0824e-06 8.99613e-06 5.4754e-19 2.07933e-08 289800 0 0 1.61672e-13 0 0 0.00679257 0 0 0 0 0 0 2.37303e+11 2.37303e+11 2.37303e+11 2.37303e+11 
0.198752 1.15438 -2.14562 -0.0447705 -1.57383 -3.35438 3.17935e+06 1.38195e+16 1.08285e-06 8.84046e-06 5.51671e-19 1.9574e-08 290050 0 0 1.62936e-13 0 0 0.00679256 0 0 0 0 0 0 2.25415e+11 2.25415e+11 2.25415e+11 2.25415e+11 
0.199038 1.16268 -2.13732 -0.0363144 -1.56352 -3.36268 3.19765e+06 1.30907e+16 1.08321e-06 8.64831e-06 5.55032e-19 1.81386e-08 290249 0 0 1.63933e-13 0 0 0.00679255 0 0 0 0 0 0 2.10604e+11 2.10604e+11 2.10604e+11 2.10604e+11 
0.199277 1.16963 -2.13037 -0.0292435 -1.55414 -3.36963 3.21244e+06 1.22569e+16 1.0835e-06 8.42209e-06 5.57747e-19 1.65391e-08 290406 0 0 1.64705e-13 0 0 0.00679252 0 0 0 0 0 0 1.93503e+11 1.93503e+11 1.93503e+11 1.93503e+11 
0.199478 1.17545 -2.12455 -0.023332 -1.54547 -3.37545 3.22432e+06 1.13413e+16 1.08373e-06 8.16558e-06 5.59926e-19 1.48374e-08 290528 0 0 1.65294e-13 0 0 0.00679248 0 0 0 0 0 0 1.74865e+11 1.74865e+11 1.74865e+11 1.74865e+11 
0.199645 1.18031 -2.11969 -0.0183905 -1.53733 -3.38031 3.23383e+06 1.03691e+16 1.0839e-06 7.88319e-06 5.61666e-19 1.30964e-08 290622 0 0 1.65735e-13 0 0 0.0067924 0 0 0 0 0 0 1.55454e+11 1.55454e+11 1.55454e+11 1.55454e+11 
0.199785 1.18438 -2.11562 -0.0142601 -1.52956 -3.38438 3.24141e+06 9.3653e+15 1.08403e-06 7.57938e-06 5.63052e-19 1.13728e-08 290693 0 0 1.66061e-13 0 0 0.00679227 0 0 0 0 0 0 1.35968e+11 1.35968e+11 1.35968e+11 1.35968e+11 
0.199902 1.18779 -2.11221 -0.0108078 -1.52202 -3.38779 3.24744e+06 8.3522e+15 1.08413e-06 7.25812e-06 5.64152e-19 9.71259e-09 290747 0 0 1.66297e-13 0 0 0.00679204 0 0 0 0 0 0 1.16982e+11 1.16982e+11 1.16982e+11 1.16982e+11 
0.2 1.19063 -2.10937 -0.00792248 -1.51457 -3.39063 3.25225e+06 7.34838e+15 1.08418e-06 6.92233e-06 5.65011e-19 8.14994e-09 290768 0 0 1.66389e-13 0 0 0.00679191 0 0 0 0 0 0 9.89264e+10 9.89264e+10 9.89264e+10 9.89264e+10 