# ASCII 1D datafile generated by TiberCAD
# x Ec Ev eQFermi hQFermi ElPotential eDensity hDensity eMobility hMobility eConductivity hConductivity ElField_x ElField_y ElField_z eCurrentDensity_x eCurrentDensity_y eCurrentDensity_z hCurrentDensity_x hCurrentDensity_y hCurrentDensity_z IonizedDonors IonizedAcceptors IonizedElectronTraps IonizedHoleTraps eNetRecombination eLangevinRecombination hNetRecombination hLangevinRecombination 
0 -4.25 -7.55 -5.72305 -7.04225 2.05 83.0981 7.13102e+16 8.56702e-07 1.59392e-05 9.15148e-23 1.82108e-07 73960.6 0 0 4.61362e-18 0 0 0.015314 0 0 0 0 0 0 5.14564e+07 5.14564e+07 5.14564e+07 5.14564e+07 
9.79066e-05 -4.24928 -7.54928 -5.72255 -7.04142 2.04928 82.3623 7.11359e+16 8.56765e-07 1.59183e-05 9.14146e-23 1.81425e-07 74140.6 0 0 4.6529e-18 0 0 0.015314 0 0 0 0 0 0 5.0813e+07 5.0813e+07 5.0813e+07 5.0813e+07 
0.000214985 -4.24841 -7.54841 -5.72195 -7.04043 2.04841 81.5134 7.09291e+16 8.56909e-07 1.58948e-05 9.13e-23 1.8063e-07 74570.6 0 0 4.74615e-18 0 0 0.015314 0 0 0 0 0 0 5.00732e+07 5.00732e+07 5.00732e+07 5.00732e+07 
0.000354988 -4.24736 -7.54736 -5.72121 -7.03924 2.04736 80.5407 7.0684e+16 8.57082e-07 1.58669e-05 9.11686e-23 1.7969e-07 75083.1 0 0 4.85586e-18 0 0 0.015314 0 0 0 0 0 0 4.92233e+07 4.92233e+07 4.92233e+07 4.92233e+07 
0.000522406 -4.2461 -7.5461 -5.72031 -7.03781 2.0461 79.4353 7.03942e+16 8.5729e-07 1.5834e-05 9.10195e-23 1.78582e-07 75693.7 0 0 4.98459e-18 0 0 0.015314 0 0 0 0 0 0 4.82541e+07 4.82541e+07 4.82541e+07 4.82541e+07 
0.000722606 -4.24457 -7.54457 -5.7192 -7.03609 2.04457 78.1917 7.00521e+16 8.57541e-07 1.57951e-05 9.08518e-23 1.77278e-07 76420.5 0 0 5.13519e-18 0 0 0.015314 0 0 0 0 0 0 4.71585e+07 4.71585e+07 4.71585e+07 4.71585e+07 
0.000962009 -4.24273 -7.54273 -5.71782 -7.03401 2.04273 76.8091 6.96493e+16 8.57843e-07 1.57494e-05 9.06656e-23 1.75748e-07 77285.1 0 0 5.31078e-18 0 0 0.015314 0 0 0 0 0 0 4.59326e+07 4.59326e+07 4.59326e+07 4.59326e+07 
0.00124829 -4.24051 -7.54051 -5.71611 -7.03151 2.04051 75.2941 6.91764e+16 8.58208e-07 1.56957e-05 9.04618e-23 1.7396e-07 78312.4 0 0 5.51478e-18 0 0 0.015314 0 0 0 0 0 0 4.45773e+07 4.45773e+07 4.45773e+07 4.45773e+07 
0.00159063 -4.2378 -7.5378 -5.71397 -7.02847 2.0378 73.6633 6.86231e+16 8.58648e-07 1.5633e-05 9.02427e-23 1.71879e-07 79531.9 0 0 5.75086e-18 0 0 0.015314 0 0 0 0 0 0 4.31001e+07 4.31001e+07 4.31001e+07 4.31001e+07 
0.002 -4.23452 -7.53452 -5.7113 -7.0248 2.03452 71.9467 6.79781e+16 8.58882e-07 1.55545e-05 9.00093e-23 1.69408e-07 80258.1 0 0 5.88956e-18 0 0 0.015314 0 0 0 0 0 0 4.15022e+07 4.15022e+07 4.15022e+07 4.15022e+07 
0.002 -4.23452 -7.53452 -5.7113 -7.0248 2.03452 71.9467 6.79781e+16 8.59488e-07 1.55654e-05 9.00163e-23 1.69528e-07 81856.1 0 0 6.18599e-18 0 0 0.015314 0 0 0 0 0 0 4.15314e+07 4.15314e+07 4.15314e+07 4.15314e+07 
0.0025 -4.23043 -7.53043 -5.70785 -7.02024 2.03043 70.1572 6.72141e+16 8.59809e-07 1.54728e-05 8.97734e-23 1.66625e-07 82724.8 0 0 6.34206e-18 0 0 0.015314 0 0 0 0 0 0 3.98183e+07 3.98183e+07 3.98183e+07 3.98183e+07 
0.003 -4.22625 -7.52625 -5.70423 -7.01561 2.02625 68.6652 6.64747e+16 8.60472e-07 1.53891e-05 8.95752e-23 1.63901e-07 84452.7 0 0 6.6482e-18 0 0 0.015314 0 0 0 0 0 0 3.83468e+07 3.83468e+07 3.83468e+07 3.83468e+07 
0.0035 -4.22198 -7.52198 -5.70043 -7.0109 2.02198 67.4365 6.57585e+16 8.61144e-07 1.53082e-05 8.94131e-23 1.61282e-07 86161.9 0 0 6.94312e-18 0 0 0.015314 0 0 0 0 0 0 3.70708e+07 3.70708e+07 3.70708e+07 3.70708e+07 
0.004 -4.21763 -7.51763 -5.69647 -7.00612 2.01763 66.4434 6.50645e+16 8.61824e-07 1.52298e-05 8.92833e-23 1.58763e-07 87852.8 0 0 7.22827e-18 0 0 0.015314 0 0 0 0 0 0 3.59657e+07 3.59657e+07 3.59657e+07 3.59657e+07 
0.0045 -4.21319 -7.51319 -5.69234 -7.00126 2.01319 65.663 6.43914e+16 8.62513e-07 1.51539e-05 8.91828e-23 1.56338e-07 89526 0 0 7.50493e-18 0 0 0.015314 0 0 0 0 0 0 3.50113e+07 3.50113e+07 3.50113e+07 3.50113e+07 
0.005 -4.20868 -7.50868 -5.68805 -6.99632 2.00868 65.0769 6.37384e+16 8.63209e-07 1.50804e-05 8.91091e-23 1.54002e-07 91182.1 0 0 7.77424e-18 0 0 0.015314 0 0 0 0 0 0 3.41908e+07 3.41908e+07 3.41908e+07 3.41908e+07 
0.0055 -4.20408 -7.50408 -5.68361 -6.99131 2.00408 64.6703 6.31044e+16 8.63914e-07 1.50092e-05 8.90601e-23 1.5175e-07 92821.5 0 0 8.0372e-18 0 0 0.015314 0 0 0 0 0 0 3.34904e+07 3.34904e+07 3.34904e+07 3.34904e+07 
0.006 -4.19939 -7.49939 -5.67903 -6.98623 1.99939 64.431 6.24886e+16 8.64625e-07 1.49401e-05 8.90343e-23 1.49577e-07 94444.8 0 0 8.29472e-18 0 0 0.015314 0 0 0 0 0 0 3.28985e+07 3.28985e+07 3.28985e+07 3.28985e+07 
0.0065 -4.19463 -7.49463 -5.6743 -6.98108 1.99463 64.3495 6.189e+16 8.65344e-07 1.48731e-05 8.90305e-23 1.4748e-07 96052.4 0 0 8.54762e-18 0 0 0.015314 0 0 0 0 0 0 3.24057e+07 3.24057e+07 3.24057e+07 3.24057e+07 
0.007 -4.18979 -7.48979 -5.66943 -6.97585 1.98979 64.4185 6.1308e+16 8.6607e-07 1.48081e-05 8.90475e-23 1.45454e-07 97644.8 0 0 8.79664e-18 0 0 0.015314 0 0 0 0 0 0 3.2004e+07 3.2004e+07 3.2004e+07 3.2004e+07 
0.0075 -4.18487 -7.48487 -5.66442 -6.97055 1.98487 64.6324 6.07418e+16 8.66803e-07 1.47449e-05 8.90848e-23 1.43496e-07 99222.3 0 0 9.04248e-18 0 0 0.015314 0 0 0 0 0 0 3.1687e+07 3.1687e+07 3.1687e+07 3.1687e+07 
0.008 -4.17987 -7.47987 -5.65928 -6.96518 1.97987 64.9873 6.01907e+16 8.67542e-07 1.46836e-05 8.91418e-23 1.41602e-07 100785 0 0 9.28577e-18 0 0 0.015314 0 0 0 0 0 0 3.14494e+07 3.14494e+07 3.14494e+07 3.14494e+07 
0.0085 -4.17479 -7.47479 -5.654 -6.95973 1.97479 65.481 5.96539e+16 8.68288e-07 1.46239e-05 8.92182e-23 1.3977e-07 102334 0 0 9.52712e-18 0 0 0.015314 0 0 0 0 0 0 3.12869e+07 3.12869e+07 3.12869e+07 3.12869e+07 
0.009 -4.16963 -7.46963 -5.6486 -6.95422 1.96963 66.1125 5.9131e+16 8.6904e-07 1.4566e-05 8.9314e-23 1.37996e-07 103870 0 0 9.7671e-18 0 0 0.015314 0 0 0 0 0 0 3.11961e+07 3.11961e+07 3.11961e+07 3.11961e+07 
0.0095 -4.1644 -7.4644 -5.64307 -6.94864 1.9644 66.882 5.86214e+16 8.69798e-07 1.45096e-05 8.94293e-23 1.36277e-07 105392 0 0 1.00063e-17 0 0 0.015314 0 0 0 0 0 0 3.11744e+07 3.11744e+07 3.11744e+07 3.11744e+07 
0.01 -4.15909 -7.45909 -5.63741 -6.94298 1.95909 67.7912 5.81244e+16 8.70562e-07 1.44548e-05 8.95643e-23 1.34611e-07 106901 0 0 1.02451e-17 0 0 0.015314 0 0 0 0 0 0 3.12202e+07 3.12202e+07 3.12202e+07 3.12202e+07 
0.0105 -4.15371 -7.45371 -5.63163 -6.93726 1.95371 68.8428 5.76396e+16 8.71333e-07 1.44014e-05 8.97195e-23 1.32995e-07 108397 0 0 1.04842e-17 0 0 0.015314 0 0 0 0 0 0 3.13321e+07 3.13321e+07 3.13321e+07 3.13321e+07 
0.011 -4.14826 -7.44826 -5.62573 -6.93147 1.94826 70.0406 5.71664e+16 8.72109e-07 1.43495e-05 8.98954e-23 1.31428e-07 109881 0 0 1.0724e-17 0 0 0.015314 0 0 0 0 0 0 3.15097e+07 3.15097e+07 3.15097e+07 3.15097e+07 
0.0115 -4.14272 -7.44272 -5.6197 -6.92561 1.94272 71.3897 5.67045e+16 8.72891e-07 1.42989e-05 9.00929e-23 1.29906e-07 111353 0 0 1.0965e-17 0 0 0.015314 0 0 0 0 0 0 3.17529e+07 3.17529e+07 3.17529e+07 3.17529e+07 
0.012 -4.13712 -7.43712 -5.61356 -6.91968 1.93712 72.8964 5.62533e+16 8.73678e-07 1.42496e-05 9.03128e-23 1.28428e-07 112812 0 0 1.12077e-17 0 0 0.015314 0 0 0 0 0 0 3.20622e+07 3.20622e+07 3.20622e+07 3.20622e+07 
0.0125 -4.13144 -7.43144 -5.60729 -6.91369 1.93144 74.5681 5.58125e+16 8.74471e-07 1.42016e-05 9.05562e-23 1.26993e-07 114261 0 0 1.14527e-17 0 0 0.015314 0 0 0 0 0 0 3.24389e+07 3.24389e+07 3.24389e+07 3.24389e+07 
0.013 -4.12569 -7.42569 -5.60091 -6.90762 1.92569 76.4136 5.53817e+16 8.7527e-07 1.41548e-05 9.08246e-23 1.25597e-07 115698 0 0 1.17004e-17 0 0 0.015314 0 0 0 0 0 0 3.28844e+07 3.28844e+07 3.28844e+07 3.28844e+07 
0.0135 -4.11987 -7.41987 -5.59441 -6.90149 1.91987 78.4428 5.49605e+16 8.76074e-07 1.41091e-05 9.11193e-23 1.2424e-07 117124 0 0 1.19513e-17 0 0 0.015314 0 0 0 0 0 0 3.3401e+07 3.3401e+07 3.3401e+07 3.3401e+07 
0.014 -4.11398 -7.41398 -5.5878 -6.8953 1.91398 80.6674 5.45485e+16 8.76883e-07 1.40646e-05 9.1442e-23 1.22919e-07 118540 0 0 1.22061e-17 0 0 0.015314 0 0 0 0 0 0 3.39913e+07 3.39913e+07 3.39913e+07 3.39913e+07 
0.0145 -4.10802 -7.40802 -5.58107 -6.88904 1.90802 83.1003 5.41454e+16 8.77698e-07 1.40212e-05 9.17946e-23 1.21634e-07 119945 0 0 1.24653e-17 0 0 0.015314 0 0 0 0 0 0 3.46586e+07 3.46586e+07 3.46586e+07 3.46586e+07 
0.015 -4.10199 -7.40199 -5.57422 -6.88271 1.90199 85.756 5.37509e+16 8.78518e-07 1.39788e-05 9.21793e-23 1.20383e-07 121339 0 0 1.27294e-17 0 0 0.015314 0 0 0 0 0 0 3.54066e+07 3.54066e+07 3.54066e+07 3.54066e+07 
0.0155 -4.09589 -7.39589 -5.56726 -6.87632 1.89589 88.651 5.33646e+16 8.79343e-07 1.39374e-05 9.25985e-23 1.19165e-07 122724 0 0 1.29992e-17 0 0 0.015314 0 0 0 0 0 0 3.62397e+07 3.62397e+07 3.62397e+07 3.62397e+07 
0.016 -4.08971 -7.38971 -5.56018 -6.86986 1.88971 91.8033 5.29864e+16 8.80173e-07 1.38971e-05 9.30549e-23 1.17977e-07 124098 0 0 1.32751e-17 0 0 0.015314 0 0 0 0 0 0 3.71629e+07 3.71629e+07 3.71629e+07 3.71629e+07 
0.0165 -4.08348 -7.38348 -5.55299 -6.86334 1.88348 95.2333 5.26159e+16 8.81008e-07 1.38576e-05 9.35513e-23 1.1682e-07 125463 0 0 1.35581e-17 0 0 0.015314 0 0 0 0 0 0 3.81818e+07 3.81818e+07 3.81818e+07 3.81818e+07 
0.017 -4.07717 -7.37717 -5.54569 -6.85675 1.87717 98.9632 5.22528e+16 8.81849e-07 1.38191e-05 9.40911e-23 1.15691e-07 126819 0 0 1.38486e-17 0 0 0.015314 0 0 0 0 0 0 3.93027e+07 3.93027e+07 3.93027e+07 3.93027e+07 
0.0175 -4.07079 -7.37079 -5.53828 -6.8501 1.87079 103.018 5.18969e+16 8.82694e-07 1.37815e-05 9.46779e-23 1.1459e-07 128165 0 0 1.41477e-17 0 0 0.015314 0 0 0 0 0 0 4.05327e+07 4.05327e+07 4.05327e+07 4.05327e+07 
0.018 -4.06435 -7.36435 -5.53075 -6.84339 1.86435 107.425 5.15479e+16 8.83545e-07 1.37447e-05 9.53158e-23 1.13516e-07 129502 0 0 1.4456e-17 0 0 0.015314 0 0 0 0 0 0 4.18795e+07 4.18795e+07 4.18795e+07 4.18795e+07 
0.0185 -4.05784 -7.35784 -5.52311 -6.83661 1.85784 112.213 5.12057e+16 8.844e-07 1.37088e-05 9.60091e-23 1.12468e-07 130830 0 0 1.47745e-17 0 0 0.015314 0 0 0 0 0 0 4.33518e+07 4.33518e+07 4.33518e+07 4.33518e+07 
0.019 -4.05127 -7.35127 -5.51536 -6.82977 1.85127 117.417 5.087e+16 8.85261e-07 1.36737e-05 9.67626e-23 1.11444e-07 132149 0 0 1.51041e-17 0 0 0.015314 0 0 0 0 0 0 4.49589e+07 4.49589e+07 4.49589e+07 4.49589e+07 
0.0195 -4.04463 -7.34463 -5.50751 -6.82287 1.84463 123.071 5.05406e+16 8.86126e-07 1.36393e-05 9.75817e-23 1.10444e-07 133460 0 0 1.54459e-17 0 0 0.015314 0 0 0 0 0 0 4.67112e+07 4.67112e+07 4.67112e+07 4.67112e+07 
0.02 -4.03792 -7.33792 -5.49954 -6.8159 1.83792 129.216 5.02173e+16 8.86997e-07 1.36057e-05 9.84721e-23 1.09468e-07 134762 0 0 1.5801e-17 0 0 0.015314 0 0 0 0 0 0 4.86199e+07 4.86199e+07 4.86199e+07 4.86199e+07 
0.0205 -4.03115 -7.33115 -5.49146 -6.80888 1.83115 135.895 4.98999e+16 8.87872e-07 1.35729e-05 9.94402e-23 1.08513e-07 136056 0 0 1.61705e-17 0 0 0.015314 0 0 0 0 0 0 5.06974e+07 5.06974e+07 5.06974e+07 5.06974e+07 
0.021 -4.02432 -7.32432 -5.48328 -6.80179 1.82432 143.153 4.95882e+16 8.88752e-07 1.35407e-05 1.00493e-22 1.0758e-07 137342 0 0 1.65559e-17 0 0 0.015314 0 0 0 0 0 0 5.29568e+07 5.29568e+07 5.29568e+07 5.29568e+07 
0.0215 -4.01742 -7.31742 -5.47499 -6.79464 1.81742 151.041 4.92821e+16 8.89637e-07 1.35093e-05 1.01638e-22 1.06667e-07 138620 0 0 1.69583e-17 0 0 0.015314 0 0 0 0 0 0 5.54124e+07 5.54124e+07 5.54124e+07 5.54124e+07 
0.022 -4.01046 -7.31046 -5.4666 -6.78744 1.81046 159.614 4.89814e+16 8.90527e-07 1.34785e-05 1.02882e-22 1.05775e-07 139890 0 0 1.73795e-17 0 0 0.015314 0 0 0 0 0 0 5.80795e+07 5.80795e+07 5.80795e+07 5.80795e+07 
0.0225 -4.00343 -7.30343 -5.45811 -6.78017 1.80343 168.931 4.86859e+16 8.91422e-07 1.34483e-05 1.04236e-22 1.04902e-07 141153 0 0 1.78208e-17 0 0 0.015314 0 0 0 0 0 0 6.09744e+07 6.09744e+07 6.09744e+07 6.09744e+07 
0.023 -3.99634 -7.29634 -5.44951 -6.77284 1.79634 179.054 4.83955e+16 8.92321e-07 1.34188e-05 1.05707e-22 1.04047e-07 142407 0 0 1.82842e-17 0 0 0.015314 0 0 0 0 0 0 6.41146e+07 6.41146e+07 6.41146e+07 6.41146e+07 
0.0235 -3.98919 -7.28919 -5.44082 -6.76545 1.78919 190.051 4.811e+16 8.93225e-07 1.33899e-05 1.07307e-22 1.03211e-07 143655 0 0 1.87715e-17 0 0 0.015314 0 0 0 0 0 0 6.75185e+07 6.75185e+07 6.75185e+07 6.75185e+07 
0.024 -3.98197 -7.28197 -5.43202 -6.758 1.78197 201.992 4.78293e+16 8.94134e-07 1.33617e-05 1.09045e-22 1.02392e-07 144895 0 0 1.92847e-17 0 0 0.015314 0 0 0 0 0 0 7.12055e+07 7.12055e+07 7.12055e+07 7.12055e+07 
0.0245 -3.9747 -7.2747 -5.42314 -6.75049 1.7747 214.955 4.75532e+16 8.95047e-07 1.3334e-05 1.10934e-22 1.01589e-07 146128 0 0 1.9826e-17 0 0 0.015314 0 0 0 0 0 0 7.51961e+07 7.51961e+07 7.51961e+07 7.51961e+07 
0.025 -3.96736 -7.26736 -5.41416 -6.74293 1.76736 229.019 4.72816e+16 8.95965e-07 1.33068e-05 1.12984e-22 1.00804e-07 147353 0 0 2.03978e-17 0 0 0.015314 0 0 0 0 0 0 7.95117e+07 7.95117e+07 7.95117e+07 7.95117e+07 
0.0255 -3.95996 -7.25996 -5.40509 -6.7353 1.75996 244.269 4.70144e+16 8.96887e-07 1.32802e-05 1.1521e-22 1.00034e-07 148572 0 0 2.10026e-17 0 0 0.015314 0 0 0 0 0 0 8.41745e+07 8.41745e+07 8.41745e+07 8.41745e+07 
0.026 -3.9525 -7.2525 -5.39594 -6.72762 1.7525 260.793 4.67515e+16 8.97814e-07 1.32542e-05 1.17623e-22 9.92793e-08 149784 0 0 2.16432e-17 0 0 0.015314 0 0 0 0 0 0 8.92076e+07 8.92076e+07 8.92076e+07 8.92076e+07 
0.0265 -3.94498 -7.24498 -5.3867 -6.71988 1.74498 278.683 4.64927e+16 8.98745e-07 1.32286e-05 1.20238e-22 9.85396e-08 150989 0 0 2.23225e-17 0 0 0.015314 0 0 0 0 0 0 9.46349e+07 9.46349e+07 9.46349e+07 9.46349e+07 
0.027 -3.93741 -7.23741 -5.37738 -6.71208 1.73741 298.038 4.6238e+16 8.99681e-07 1.32036e-05 1.23069e-22 9.78143e-08 152188 0 0 2.30437e-17 0 0 0.015314 0 0 0 0 0 0 1.00481e+08 1.00481e+08 1.00481e+08 1.00481e+08 
0.0275 -3.92977 -7.22977 -5.36798 -6.70422 1.72977 318.957 4.59872e+16 9.0062e-07 1.31791e-05 1.26133e-22 9.7103e-08 153380 0 0 2.38102e-17 0 0 0.015314 0 0 0 0 0 0 1.06772e+08 1.06772e+08 1.06772e+08 1.06772e+08 
0.028 -3.92207 -7.22207 -5.35851 -6.69631 1.72207 341.546 4.57403e+16 9.01564e-07 1.3155e-05 1.29444e-22 9.64053e-08 154565 0 0 2.46256e-17 0 0 0.015314 0 0 0 0 0 0 1.13533e+08 1.13533e+08 1.13533e+08 1.13533e+08 
0.0285 -3.91431 -7.21431 -5.34897 -6.68834 1.71431 365.914 4.5497e+16 9.02512e-07 1.31315e-05 1.33019e-22 9.57208e-08 155745 0 0 2.54939e-17 0 0 0.015314 0 0 0 0 0 0 1.20791e+08 1.20791e+08 1.20791e+08 1.20791e+08 
0.029 -3.90649 -7.20649 -5.33936 -6.68031 1.70649 392.176 4.52574e+16 9.03464e-07 1.31083e-05 1.36877e-22 9.5049e-08 156918 0 0 2.64192e-17 0 0 0.015314 0 0 0 0 0 0 1.28575e+08 1.28575e+08 1.28575e+08 1.28575e+08 
0.0295 -3.89862 -7.19862 -5.32968 -6.67223 1.69862 420.45 4.50213e+16 9.04419e-07 1.30857e-05 1.41034e-22 9.43897e-08 158084 0 0 2.74058e-17 0 0 0.015314 0 0 0 0 0 0 1.36914e+08 1.36914e+08 1.36914e+08 1.36914e+08 
0.03 -3.89068 -7.19068 -5.31994 -6.66409 1.69068 450.86 4.47887e+16 9.05379e-07 1.30634e-05 1.4551e-22 9.37424e-08 159245 0 0 2.84585e-17 0 0 0.015314 0 0 0 0 0 0 1.45835e+08 1.45835e+08 1.45835e+08 1.45835e+08 
0.0305 -3.88269 -7.18269 -5.31014 -6.65589 1.68269 483.536 4.45594e+16 9.06342e-07 1.30416e-05 1.50324e-22 9.31068e-08 160400 0 0 2.95822e-17 0 0 0.015314 0 0 0 0 0 0 1.55372e+08 1.55372e+08 1.55372e+08 1.55372e+08 
0.031 -3.87464 -7.17464 -5.30027 -6.64764 1.67464 518.613 4.43334e+16 9.07309e-07 1.30202e-05 1.55498e-22 9.24826e-08 161549 0 0 3.0782e-17 0 0 0.015314 0 0 0 0 0 0 1.65555e+08 1.65555e+08 1.65555e+08 1.65555e+08 
0.0315 -3.86654 -7.16654 -5.29035 -6.63933 1.66654 556.231 4.41106e+16 9.08279e-07 1.29992e-05 1.61053e-22 9.18695e-08 162692 0 0 3.20635e-17 0 0 0.015314 0 0 0 0 0 0 1.76418e+08 1.76418e+08 1.76418e+08 1.76418e+08 
0.032 -3.85838 -7.15838 -5.28038 -6.63097 1.65838 596.539 4.38909e+16 9.09253e-07 1.29786e-05 1.67012e-22 9.12672e-08 163830 0 0 3.34324e-17 0 0 0.015314 0 0 0 0 0 0 1.87994e+08 1.87994e+08 1.87994e+08 1.87994e+08 
0.0325 -3.85016 -7.15016 -5.27035 -6.62255 1.65016 639.691 4.36743e+16 9.1023e-07 1.29584e-05 1.73398e-22 9.06753e-08 164961 0 0 3.48947e-17 0 0 0.015314 0 0 0 0 0 0 2.0032e+08 2.0032e+08 2.0032e+08 2.0032e+08 
0.033 -3.84188 -7.14188 -5.26027 -6.61408 1.64188 685.848 4.34606e+16 9.1121e-07 1.29386e-05 1.80237e-22 9.00936e-08 166088 0 0 3.64568e-17 0 0 0.015314 0 0 0 0 0 0 2.13433e+08 2.13433e+08 2.13433e+08 2.13433e+08 
0.0335 -3.83355 -7.13355 -5.25014 -6.60555 1.63355 735.177 4.32499e+16 9.12194e-07 1.29191e-05 1.87555e-22 8.95218e-08 167208 0 0 3.81251e-17 0 0 0.015314 0 0 0 0 0 0 2.27371e+08 2.27371e+08 2.27371e+08 2.27371e+08 
0.034 -3.82516 -7.12516 -5.23995 -6.59697 1.62516 787.855 4.30419e+16 9.13181e-07 1.29e-05 1.95378e-22 8.89597e-08 168324 0 0 3.99065e-17 0 0 0.015314 0 0 0 0 0 0 2.42174e+08 2.42174e+08 2.42174e+08 2.42174e+08 
0.0345 -3.81671 -7.11671 -5.22972 -6.58834 1.61671 844.064 4.28368e+16 9.14171e-07 1.28813e-05 2.03736e-22 8.8407e-08 169434 0 0 4.18084e-17 0 0 0.015314 0 0 0 0 0 0 2.57883e+08 2.57883e+08 2.57883e+08 2.57883e+08 
0.035 -3.80822 -7.10822 -5.21945 -6.57965 1.60822 903.995 4.26343e+16 9.15165e-07 1.28629e-05 2.12658e-22 8.78634e-08 170538 0 0 4.3838e-17 0 0 0.015314 0 0 0 0 0 0 2.74541e+08 2.74541e+08 2.74541e+08 2.74541e+08 
0.0355 -3.79966 -7.09966 -5.20913 -6.57091 1.59966 967.845 4.24345e+16 9.16161e-07 1.28448e-05 2.22174e-22 8.73288e-08 171638 0 0 4.60034e-17 0 0 0.015314 0 0 0 0 0 0 2.92192e+08 2.92192e+08 2.92192e+08 2.92192e+08 
0.036 -3.79105 -7.09105 -5.19876 -6.56212 1.59105 1035.82 4.22372e+16 9.17161e-07 1.28271e-05 2.32318e-22 8.68028e-08 172732 0 0 4.83126e-17 0 0 0.015314 0 0 0 0 0 0 3.10881e+08 3.10881e+08 3.10881e+08 3.10881e+08 
0.0365 -3.78239 -7.08239 -5.18835 -6.55327 1.58239 1108.13 4.20425e+16 9.18163e-07 1.28097e-05 2.43122e-22 8.62853e-08 173822 0 0 5.07741e-17 0 0 0.015314 0 0 0 0 0 0 3.30656e+08 3.30656e+08 3.30656e+08 3.30656e+08 
0.037 -3.77367 -7.07367 -5.17789 -6.54437 1.57367 1185.01 4.18502e+16 9.19168e-07 1.27926e-05 2.54621e-22 8.57761e-08 174906 0 0 5.33969e-17 0 0 0.015314 0 0 0 0 0 0 3.51565e+08 3.51565e+08 3.51565e+08 3.51565e+08 
0.0375 -3.7649 -7.0649 -5.16739 -6.53542 1.5649 1266.67 4.16604e+16 9.20177e-07 1.27758e-05 2.66853e-22 8.52749e-08 175985 0 0 5.61901e-17 0 0 0.015314 0 0 0 0 0 0 3.73657e+08 3.73657e+08 3.73657e+08 3.73657e+08 
0.038 -3.75607 -7.05607 -5.15685 -6.52641 1.55607 1353.36 4.14729e+16 9.21188e-07 1.27593e-05 2.79853e-22 8.47816e-08 177060 0 0 5.91635e-17 0 0 0.015314 0 0 0 0 0 0 3.96985e+08 3.96985e+08 3.96985e+08 3.96985e+08 
0.0385 -3.74719 -7.04719 -5.14626 -6.51735 1.54719 1445.33 4.12877e+16 9.22202e-07 1.27431e-05 2.93661e-22 8.42959e-08 178130 0 0 6.23271e-17 0 0 0.015314 0 0 0 0 0 0 4.216e+08 4.216e+08 4.216e+08 4.216e+08 
0.039 -3.73826 -7.03826 -5.13564 -6.50824 1.53826 1542.83 4.11048e+16 9.23219e-07 1.27272e-05 3.08318e-22 8.38177e-08 179194 0 0 6.56914e-17 0 0 0.015314 0 0 0 0 0 0 4.47558e+08 4.47558e+08 4.47558e+08 4.47558e+08 
0.0395 -3.72927 -7.02927 -5.12497 -6.49908 1.52927 1646.12 4.09241e+16 9.24238e-07 1.27116e-05 3.23865e-22 8.33468e-08 180255 0 0 6.92673e-17 0 0 0.015314 0 0 0 0 0 0 4.74914e+08 4.74914e+08 4.74914e+08 4.74914e+08 
0.04 -3.72023 -7.02023 -5.11427 -6.48987 1.52023 1755.48 4.07456e+16 9.2526e-07 1.26962e-05 3.40346e-22 8.2883e-08 181310 0 0 7.30661e-17 0 0 0.015314 0 0 0 0 0 0 5.03725e+08 5.03725e+08 5.03725e+08 5.03725e+08 
0.0405 -3.71114 -7.01114 -5.10352 -6.48061 1.51114 1871.18 4.05692e+16 9.26285e-07 1.26812e-05 3.57806e-22 8.24262e-08 182361 0 0 7.70998e-17 0 0 0.015314 0 0 0 0 0 0 5.34051e+08 5.34051e+08 5.34051e+08 5.34051e+08 
0.041 -3.702 -7.002 -5.09274 -6.47129 1.502 1993.53 4.03948e+16 9.27313e-07 1.26664e-05 3.76292e-22 8.19762e-08 183408 0 0 8.13805e-17 0 0 0.015314 0 0 0 0 0 0 5.65951e+08 5.65951e+08 5.65951e+08 5.65951e+08 
0.0415 -3.6928 -6.9928 -5.08191 -6.46193 1.4928 2122.83 4.02225e+16 9.28343e-07 1.26518e-05 3.95851e-22 8.15328e-08 184450 0 0 8.5921e-17 0 0 0.015314 0 0 0 0 0 0 5.9949e+08 5.9949e+08 5.9949e+08 5.9949e+08 
0.042 -3.68355 -6.98355 -5.07105 -6.45251 1.48355 2259.38 4.00522e+16 9.29375e-07 1.26375e-05 4.16535e-22 8.10959e-08 185487 0 0 9.07348e-17 0 0 0.015314 0 0 0 0 0 0 6.3473e+08 6.3473e+08 6.3473e+08 6.3473e+08 
0.0425 -3.67425 -6.97425 -5.06014 -6.44304 1.47425 2403.5 3.98838e+16 9.30411e-07 1.26235e-05 4.38395e-22 8.06653e-08 186520 0 0 9.58355e-17 0 0 0.015314 0 0 0 0 0 0 6.71737e+08 6.71737e+08 6.71737e+08 6.71737e+08 
0.043 -3.6649 -6.9649 -5.0492 -6.43353 1.4649 2555.54 3.97174e+16 9.31448e-07 1.26097e-05 4.61484e-22 8.02409e-08 187549 0 0 1.01238e-16 0 0 0.015314 0 0 0 0 0 0 7.10579e+08 7.10579e+08 7.10579e+08 7.10579e+08 
0.0435 -3.6555 -6.9555 -5.03822 -6.42396 1.4555 2715.83 3.95528e+16 9.32488e-07 1.25962e-05 4.85857e-22 7.98226e-08 188574 0 0 1.06956e-16 0 0 0.015314 0 0 0 0 0 0 7.51325e+08 7.51325e+08 7.51325e+08 7.51325e+08 
0.044 -3.64604 -6.94604 -5.0272 -6.41434 1.44604 2884.73 3.93901e+16 9.33531e-07 1.25828e-05 5.11572e-22 7.94101e-08 189594 0 0 1.13006e-16 0 0 0.015314 0 0 0 0 0 0 7.94045e+08 7.94045e+08 7.94045e+08 7.94045e+08 
0.0445 -3.63654 -6.93654 -5.01615 -6.40467 1.43654 3062.59 3.92291e+16 9.34576e-07 1.25698e-05 5.38688e-22 7.90035e-08 190610 0 0 1.19404e-16 0 0 0.015314 0 0 0 0 0 0 8.38813e+08 8.38813e+08 8.38813e+08 8.38813e+08 
0.045 -3.62698 -6.92698 -5.00505 -6.39496 1.42698 3249.8 3.907e+16 9.35624e-07 1.25569e-05 5.67266e-22 7.86025e-08 191622 0 0 1.26166e-16 0 0 0.015314 0 0 0 0 0 0 8.85702e+08 8.85702e+08 8.85702e+08 8.85702e+08 
0.0455 -3.61737 -6.91737 -4.99392 -6.38519 1.41737 3446.75 3.89125e+16 9.36674e-07 1.25443e-05 5.97368e-22 7.82071e-08 192630 0 0 1.33309e-16 0 0 0.015314 0 0 0 0 0 0 9.34789e+08 9.34789e+08 9.34789e+08 9.34789e+08 
0.046 -3.60772 -6.90772 -4.98275 -6.37538 1.40772 3653.82 3.87568e+16 9.37726e-07 1.25319e-05 6.29059e-22 7.7817e-08 193634 0 0 1.40852e-16 0 0 0.015314 0 0 0 0 0 0 9.86151e+08 9.86151e+08 9.86151e+08 9.86151e+08 
0.0465 -3.59801 -6.89801 -4.97155 -6.36551 1.39801 3871.43 3.86027e+16 9.38781e-07 1.25197e-05 6.62407e-22 7.74323e-08 194634 0 0 1.48813e-16 0 0 0.015314 0 0 0 0 0 0 1.03987e+09 1.03987e+09 1.03987e+09 1.03987e+09 
0.047 -3.58825 -6.88825 -4.9603 -6.3556 1.38825 4099.99 3.84503e+16 9.39838e-07 1.25077e-05 6.9748e-22 7.70527e-08 195630 0 0 1.57211e-16 0 0 0.015314 0 0 0 0 0 0 1.09602e+09 1.09602e+09 1.09602e+09 1.09602e+09 
0.0475 -3.57845 -6.87845 -4.94902 -6.34564 1.37845 4339.95 3.82995e+16 9.40897e-07 1.24959e-05 7.34349e-22 7.66783e-08 196622 0 0 1.66065e-16 0 0 0.015314 0 0 0 0 0 0 1.1547e+09 1.1547e+09 1.1547e+09 1.1547e+09 
0.048 -3.56859 -6.86859 -4.93771 -6.33563 1.36859 4591.74 3.81503e+16 9.41958e-07 1.24844e-05 7.73087e-22 7.63088e-08 197610 0 0 1.75396e-16 0 0 0.015314 0 0 0 0 0 0 1.21598e+09 1.21598e+09 1.21598e+09 1.21598e+09 
0.0485 -3.55869 -6.85869 -4.92635 -6.32557 1.35869 4855.82 3.80026e+16 9.43022e-07 1.2473e-05 8.13769e-22 7.59441e-08 198594 0 0 1.85226e-16 0 0 0.015314 0 0 0 0 0 0 1.27995e+09 1.27995e+09 1.27995e+09 1.27995e+09 
0.049 -3.54873 -6.84873 -4.91496 -6.31546 1.34873 5132.66 3.78564e+16 9.44088e-07 1.24618e-05 8.56472e-22 7.55843e-08 199575 0 0 1.95576e-16 0 0 0.015314 0 0 0 0 0 0 1.3467e+09 1.3467e+09 1.3467e+09 1.3467e+09 
0.0495 -3.53873 -6.83873 -4.90353 -6.30531 1.33873 5422.73 3.77117e+16 9.45156e-07 1.24509e-05 9.01277e-22 7.52291e-08 200552 0 0 2.06469e-16 0 0 0.015314 0 0 0 0 0 0 1.41633e+09 1.41633e+09 1.41633e+09 1.41633e+09 
0.05 -3.52868 -6.82868 -4.89206 -6.29511 1.32868 5726.53 3.75685e+16 9.46227e-07 1.24401e-05 9.48264e-22 7.48784e-08 201525 0 0 2.17927e-16 0 0 0.015314 0 0 0 0 0 0 1.48891e+09 1.48891e+09 1.48891e+09 1.48891e+09 
0.0505 -3.51858 -6.81858 -4.88056 -6.28486 1.31858 6044.57 3.74267e+16 9.47299e-07 1.24295e-05 9.97518e-22 7.45323e-08 202494 0 0 2.29975e-16 0 0 0.015314 0 0 0 0 0 0 1.56456e+09 1.56456e+09 1.56456e+09 1.56456e+09 
0.051 -3.50843 -6.80843 -4.86902 -6.27456 1.30843 6377.36 3.72864e+16 9.48374e-07 1.2419e-05 1.04912e-21 7.41905e-08 203460 0 0 2.42639e-16 0 0 0.015314 0 0 0 0 0 0 1.64336e+09 1.64336e+09 1.64336e+09 1.64336e+09 
0.0515 -3.49823 -6.79823 -4.85745 -6.26422 1.29823 6725.43 3.71474e+16 9.49451e-07 1.24088e-05 1.10317e-21 7.38531e-08 204422 0 0 2.55942e-16 0 0 0.015314 0 0 0 0 0 0 1.72541e+09 1.72541e+09 1.72541e+09 1.72541e+09 
0.052 -3.48799 -6.78799 -4.84584 -6.25382 1.28799 7089.32 3.70098e+16 9.5053e-07 1.23987e-05 1.15975e-21 7.35199e-08 205380 0 0 2.69912e-16 0 0 0.015314 0 0 0 0 0 0 1.81081e+09 1.81081e+09 1.81081e+09 1.81081e+09 
0.0525 -3.47769 -6.77769 -4.83419 -6.24339 1.27769 7469.59 3.68735e+16 9.51611e-07 1.23889e-05 1.21896e-21 7.31908e-08 206335 0 0 2.84575e-16 0 0 0.015314 0 0 0 0 0 0 1.89966e+09 1.89966e+09 1.89966e+09 1.89966e+09 
0.053 -3.46735 -6.76735 -4.82251 -6.2329 1.26735 7866.81 3.67386e+16 9.52695e-07 1.23791e-05 1.28089e-21 7.28657e-08 207287 0 0 2.99961e-16 0 0 0.015314 0 0 0 0 0 0 1.99207e+09 1.99207e+09 1.99207e+09 1.99207e+09 
0.0535 -3.45696 -6.75696 -4.81078 -6.22237 1.25696 8281.56 3.66049e+16 9.5378e-07 1.23696e-05 1.34563e-21 7.25447e-08 208235 0 0 3.16097e-16 0 0 0.015314 0 0 0 0 0 0 2.08814e+09 2.08814e+09 2.08814e+09 2.08814e+09 
0.054 -3.44653 -6.74653 -4.79903 -6.21179 1.24653 8714.43 3.64726e+16 9.54867e-07 1.23602e-05 1.4133e-21 7.22275e-08 209179 0 0 3.33013e-16 0 0 0.015314 0 0 0 0 0 0 2.18798e+09 2.18798e+09 2.18798e+09 2.18798e+09 
0.0545 -3.43605 -6.73605 -4.78724 -6.20117 1.23605 9166.04 3.63415e+16 9.55957e-07 1.2351e-05 1.48399e-21 7.19142e-08 210120 0 0 3.50739e-16 0 0 0.015314 0 0 0 0 0 0 2.29169e+09 2.29169e+09 2.29169e+09 2.29169e+09 
0.055 -3.42552 -6.72552 -4.77541 -6.1905 1.22552 9636.99 3.62116e+16 9.57048e-07 1.23419e-05 1.55781e-21 7.16046e-08 211058 0 0 3.69308e-16 0 0 0.015314 0 0 0 0 0 0 2.39939e+09 2.39939e+09 2.39939e+09 2.39939e+09 
0.0555 -3.41494 -6.71494 -4.76354 -6.17978 1.21494 10127.9 3.60829e+16 9.58142e-07 1.2333e-05 1.63486e-21 7.12987e-08 211992 0 0 3.88751e-16 0 0 0.015314 0 0 0 0 0 0 2.51119e+09 2.51119e+09 2.51119e+09 2.51119e+09 
0.056 -3.40432 -6.70432 -4.75164 -6.16902 1.20432 10639.5 3.59554e+16 9.59237e-07 1.23243e-05 1.71526e-21 7.09965e-08 212923 0 0 4.09102e-16 0 0 0.015314 0 0 0 0 0 0 2.6272e+09 2.6272e+09 2.6272e+09 2.6272e+09 
0.0565 -3.39365 -6.69365 -4.7397 -6.15821 1.19365 11172.4 3.58291e+16 9.60334e-07 1.23157e-05 1.79912e-21 7.06977e-08 213851 0 0 4.30393e-16 0 0 0.015314 0 0 0 0 0 0 2.74754e+09 2.74754e+09 2.74754e+09 2.74754e+09 
0.057 -3.38293 -6.68293 -4.72773 -6.14736 1.18293 11727.3 3.5704e+16 9.61434e-07 1.23073e-05 1.88656e-21 7.04025e-08 214776 0 0 4.52662e-16 0 0 0.015314 0 0 0 0 0 0 2.87233e+09 2.87233e+09 2.87233e+09 2.87233e+09 
0.0575 -3.37217 -6.67217 -4.71572 -6.13646 1.17217 12304.8 3.558e+16 9.62535e-07 1.2299e-05 1.97769e-21 7.01107e-08 215697 0 0 4.75943e-16 0 0 0.015314 0 0 0 0 0 0 3.00168e+09 3.00168e+09 3.00168e+09 3.00168e+09 
0.058 -3.36136 -6.66136 -4.70368 -6.12552 1.16136 12905.7 3.54571e+16 9.63638e-07 1.22908e-05 2.07264e-21 6.98222e-08 216615 0 0 5.00274e-16 0 0 0.015314 0 0 0 0 0 0 3.13573e+09 3.13573e+09 3.13573e+09 3.13573e+09 
0.0585 -3.35051 -6.65051 -4.6916 -6.11453 1.15051 13530.6 3.53353e+16 9.64744e-07 1.22828e-05 2.17152e-21 6.9537e-08 217530 0 0 5.25692e-16 0 0 0.015314 0 0 0 0 0 0 3.27458e+09 3.27458e+09 3.27458e+09 3.27458e+09 
0.059 -3.33961 -6.63961 -4.67948 -6.10349 1.13961 14180.4 3.52145e+16 9.65851e-07 1.22749e-05 2.27447e-21 6.92551e-08 218442 0 0 5.52236e-16 0 0 0.015314 0 0 0 0 0 0 3.41836e+09 3.41836e+09 3.41836e+09 3.41836e+09 
0.0595 -3.32866 -6.62866 -4.66733 -6.09241 1.12866 14855.7 3.50949e+16 9.6696e-07 1.22672e-05 2.38162e-21 6.89763e-08 219351 0 0 5.79946e-16 0 0 0.015314 0 0 0 0 0 0 3.56721e+09 3.56721e+09 3.56721e+09 3.56721e+09 
0.06 -3.31767 -6.61767 -4.65514 -6.08129 1.11767 15557.4 3.49763e+16 9.68071e-07 1.22596e-05 2.49309e-21 6.87007e-08 220257 0 0 6.08864e-16 0 0 0.015314 0 0 0 0 0 0 3.72125e+09 3.72125e+09 3.72125e+09 3.72125e+09 
0.0605 -3.30664 -6.60664 -4.64292 -6.07012 1.10664 16286.1 3.48587e+16 9.69183e-07 1.22522e-05 2.60903e-21 6.84282e-08 221159 0 0 6.3903e-16 0 0 0.015314 0 0 0 0 0 0 3.8806e+09 3.8806e+09 3.8806e+09 3.8806e+09 
0.061 -3.29556 -6.59556 -4.63066 -6.05891 1.09556 17042.8 3.47422e+16 9.70298e-07 1.22448e-05 2.72956e-21 6.81586e-08 222059 0 0 6.70489e-16 0 0 0.015314 0 0 0 0 0 0 4.04541e+09 4.04541e+09 4.04541e+09 4.04541e+09 
0.0615 -3.28443 -6.58443 -4.61836 -6.04766 1.08443 17828.1 3.46266e+16 9.71414e-07 1.22377e-05 2.85483e-21 6.7892e-08 222955 0 0 7.03283e-16 0 0 0.015314 0 0 0 0 0 0 4.2158e+09 4.2158e+09 4.2158e+09 4.2158e+09 
0.062 -3.27326 -6.57326 -4.60604 -6.03636 1.07326 18642.9 3.45121e+16 9.72533e-07 1.22306e-05 2.98498e-21 6.76283e-08 223849 0 0 7.37459e-16 0 0 0.015314 0 0 0 0 0 0 4.39191e+09 4.39191e+09 4.39191e+09 4.39191e+09 
0.0625 -3.26205 -6.56205 -4.59367 -6.02501 1.06205 19488 3.43985e+16 9.73653e-07 1.22237e-05 3.12016e-21 6.73675e-08 224740 0 0 7.73062e-16 0 0 0.015314 0 0 0 0 0 0 4.57388e+09 4.57388e+09 4.57388e+09 4.57388e+09 
0.063 -3.25079 -6.55079 -4.58127 -6.01362 1.05079 20364.3 3.42858e+16 9.74775e-07 1.22168e-05 3.26052e-21 6.71095e-08 225628 0 0 8.1014e-16 0 0 0.015314 0 0 0 0 0 0 4.76185e+09 4.76185e+09 4.76185e+09 4.76185e+09 
0.0635 -3.23949 -6.53949 -4.56883 -6.00219 1.03949 21272.6 3.41741e+16 9.75898e-07 1.22102e-05 3.40621e-21 6.68543e-08 226512 0 0 8.48742e-16 0 0 0.015314 0 0 0 0 0 0 4.95595e+09 4.95595e+09 4.95595e+09 4.95595e+09 
0.064 -3.22814 -6.52814 -4.55636 -5.99072 1.02814 22213.8 3.40634e+16 9.77024e-07 1.22036e-05 3.55738e-21 6.66018e-08 227394 0 0 8.88915e-16 0 0 0.015314 0 0 0 0 0 0 5.15632e+09 5.15632e+09 5.15632e+09 5.15632e+09 
0.0645 -3.21675 -6.51675 -4.54386 -5.9792 1.01675 23188.8 3.39535e+16 9.78151e-07 1.21971e-05 3.71419e-21 6.63519e-08 228273 0 0 9.30713e-16 0 0 0.015314 0 0 0 0 0 0 5.36312e+09 5.36312e+09 5.36312e+09 5.36312e+09 
0.065 -3.20531 -6.50531 -4.53131 -5.96764 1.00531 24198.5 3.38446e+16 9.7928e-07 1.21908e-05 3.8768e-21 6.61047e-08 229150 0 0 9.74185e-16 0 0 0.015314 0 0 0 0 0 0 5.57648e+09 5.57648e+09 5.57648e+09 5.57648e+09 
0.0655 -3.19383 -6.49383 -4.51874 -5.95603 0.993831 25243.8 3.37365e+16 9.80411e-07 1.21846e-05 4.04538e-21 6.586e-08 230023 0 0 1.01939e-15 0 0 0.015314 0 0 0 0 0 0 5.79655e+09 5.79655e+09 5.79655e+09 5.79655e+09 
0.066 -3.18231 -6.48231 -4.50613 -5.94439 0.982308 26325.6 3.36294e+16 9.81543e-07 1.21785e-05 4.22009e-21 6.56179e-08 230894 0 0 1.06637e-15 0 0 0.015314 0 0 0 0 0 0 6.02348e+09 6.02348e+09 6.02348e+09 6.02348e+09 
0.0665 -3.17074 -6.47074 -4.49348 -5.9327 0.970742 27444.9 3.3523e+16 9.82677e-07 1.21725e-05 4.4011e-21 6.53784e-08 231762 0 0 1.11519e-15 0 0 0.015314 0 0 0 0 0 0 6.25743e+09 6.25743e+09 6.25743e+09 6.25743e+09 
0.067 -3.15913 -6.45913 -4.4808 -5.92096 0.959132 28602.6 3.34176e+16 9.83813e-07 1.21666e-05 4.58858e-21 6.51412e-08 232627 0 0 1.1659e-15 0 0 0.015314 0 0 0 0 0 0 6.49853e+09 6.49853e+09 6.49853e+09 6.49853e+09 
0.0675 -3.14748 -6.44748 -4.46808 -5.90919 0.947479 29799.8 3.3313e+16 9.84951e-07 1.21609e-05 4.78271e-21 6.49065e-08 233490 0 0 1.21857e-15 0 0 0.015314 0 0 0 0 0 0 6.74695e+09 6.74695e+09 6.74695e+09 6.74695e+09 
0.068 -3.13578 -6.43578 -4.45533 -5.89737 0.935783 31037.3 3.32092e+16 9.8609e-07 1.21552e-05 4.98366e-21 6.46742e-08 234349 0 0 1.27325e-15 0 0 0.015314 0 0 0 0 0 0 7.00284e+09 7.00284e+09 7.00284e+09 7.00284e+09 
0.0685 -3.12404 -6.42404 -4.44254 -5.88551 0.924044 32316.2 3.31062e+16 9.87231e-07 1.21497e-05 5.19163e-21 6.44442e-08 235207 0 0 1.33e-15 0 0 0.015314 0 0 0 0 0 0 7.26635e+09 7.26635e+09 7.26635e+09 7.26635e+09 
0.069 -3.11226 -6.41226 -4.42972 -5.87361 0.912262 33637.6 3.3004e+16 9.88374e-07 1.21442e-05 5.40678e-21 6.42165e-08 236061 0 0 1.38888e-15 0 0 0.015314 0 0 0 0 0 0 7.53764e+09 7.53764e+09 7.53764e+09 7.53764e+09 
0.0695 -3.10044 -6.40044 -4.41686 -5.86166 0.900438 35002.4 3.29026e+16 9.89518e-07 1.21389e-05 5.62932e-21 6.39911e-08 236913 0 0 1.44996e-15 0 0 0.015314 0 0 0 0 0 0 7.81687e+09 7.81687e+09 7.81687e+09 7.81687e+09 
0.07 -3.08857 -6.38857 -4.40397 -5.84967 0.888571 36411.6 3.2802e+16 9.90664e-07 1.21336e-05 5.85943e-21 6.37679e-08 237762 0 0 1.5133e-15 0 0 0.015314 0 0 0 0 0 0 8.10421e+09 8.10421e+09 8.10421e+09 8.10421e+09 
0.0705 -3.07666 -6.37666 -4.39104 -5.83765 0.876662 37866.4 3.27022e+16 9.91812e-07 1.21285e-05 6.0973e-21 6.35469e-08 238609 0 0 1.57896e-15 0 0 0.015314 0 0 0 0 0 0 8.39981e+09 8.39981e+09 8.39981e+09 8.39981e+09 
0.071 -3.06471 -6.36471 -4.37808 -5.82558 0.86471 39367.9 3.26031e+16 9.92961e-07 1.21235e-05 6.34314e-21 6.33281e-08 239453 0 0 1.64702e-15 0 0 0.015314 0 0 0 0 0 0 8.70383e+09 8.70383e+09 8.70383e+09 8.70383e+09 
0.0715 -3.05272 -6.35272 -4.36509 -5.81346 0.852716 40917 3.25048e+16 9.94112e-07 1.21185e-05 6.59713e-21 6.31114e-08 240294 0 0 1.71753e-15 0 0 0.015314 0 0 0 0 0 0 9.01644e+09 9.01644e+09 9.01644e+09 9.01644e+09 
0.072 -3.04068 -6.34068 -4.35206 -5.80131 0.840681 42515 3.24073e+16 9.95264e-07 1.21137e-05 6.8595e-21 6.28968e-08 241133 0 0 1.79058e-15 0 0 0.015314 0 0 0 0 0 0 9.33781e+09 9.33781e+09 9.33781e+09 9.33781e+09 
0.0725 -3.0286 -6.3286 -4.33899 -5.78912 0.828603 44162.8 3.23104e+16 9.96418e-07 1.21089e-05 7.13043e-21 6.26843e-08 241970 0 0 1.86622e-15 0 0 0.015314 0 0 0 0 0 0 9.66811e+09 9.66811e+09 9.66811e+09 9.66811e+09 
0.073 -3.01648 -6.31648 -4.32589 -5.77688 0.816484 45861.7 3.22143e+16 9.97574e-07 1.21043e-05 7.41014e-21 6.24738e-08 242804 0 0 1.94454e-15 0 0 0.015314 0 0 0 0 0 0 1.00075e+10 1.00075e+10 1.00075e+10 1.00075e+10 
0.0735 -3.00432 -6.30432 -4.31276 -5.7646 0.804323 47612.8 3.21189e+16 9.98731e-07 1.20997e-05 7.69884e-21 6.22653e-08 243635 0 0 2.0256e-15 0 0 0.015314 0 0 0 0 0 0 1.03561e+10 1.03561e+10 1.03561e+10 1.03561e+10 
0.074 -2.99212 -6.29212 -4.29959 -5.75229 0.79212 49417.3 3.20242e+16 9.9989e-07 1.20952e-05 7.99675e-21 6.20588e-08 244464 0 0 2.10947e-15 0 0 0.015314 0 0 0 0 0 0 1.07142e+10 1.07142e+10 1.07142e+10 1.07142e+10 
0.0745 -2.97988 -6.27988 -4.28639 -5.73993 0.779876 51276.2 3.19302e+16 1.00105e-06 1.20909e-05 8.30409e-21 6.18543e-08 245291 0 0 2.19625e-15 0 0 0.015314 0 0 0 0 0 0 1.10819e+10 1.10819e+10 1.10819e+10 1.10819e+10 
0.075 -2.96759 -6.26759 -4.27315 -5.72753 0.767591 53190.9 3.18369e+16 1.00221e-06 1.20866e-05 8.62108e-21 6.16516e-08 246115 0 0 2.286e-15 0 0 0.015314 0 0 0 0 0 0 1.14594e+10 1.14594e+10 1.14594e+10 1.14594e+10 
0.0755 -2.95526 -6.25526 -4.25988 -5.71509 0.755265 55162.4 3.17442e+16 1.00338e-06 1.20824e-05 8.94794e-21 6.14509e-08 246937 0 0 2.37879e-15 0 0 0.015314 0 0 0 0 0 0 1.18468e+10 1.18468e+10 1.18468e+10 1.18468e+10 
0.076 -2.9429 -6.2429 -4.24657 -5.70261 0.742897 57192.1 3.16523e+16 1.00454e-06 1.20783e-05 9.2849e-21 6.1252e-08 247756 0 0 2.47472e-15 0 0 0.015314 0 0 0 0 0 0 1.22444e+10 1.22444e+10 1.22444e+10 1.22444e+10 
0.0765 -2.93049 -6.23049 -4.23323 -5.69009 0.730489 59281.1 3.1561e+16 1.00571e-06 1.20742e-05 9.6322e-21 6.10549e-08 248573 0 0 2.57387e-15 0 0 0.015314 0 0 0 0 0 0 1.26522e+10 1.26522e+10 1.26522e+10 1.26522e+10 
0.077 -2.91804 -6.21804 -4.21986 -5.67753 0.71804 61430.7 3.14703e+16 1.00688e-06 1.20703e-05 9.99006e-21 6.08597e-08 249388 0 0 2.67631e-15 0 0 0.015314 0 0 0 0 0 0 1.30706e+10 1.30706e+10 1.30706e+10 1.30706e+10 
0.0775 -2.90555 -6.20555 -4.20645 -5.66492 0.70555 63642.1 3.13803e+16 1.00804e-06 1.20665e-05 1.03587e-20 6.06662e-08 250201 0 0 2.78213e-15 0 0 0.015314 0 0 0 0 0 0 1.34996e+10 1.34996e+10 1.34996e+10 1.34996e+10 
0.078 -2.89302 -6.19302 -4.19301 -5.65228 0.69302 65916.6 3.12909e+16 1.00922e-06 1.20627e-05 1.07384e-20 6.04745e-08 251011 0 0 2.89142e-15 0 0 0.015314 0 0 0 0 0 0 1.39394e+10 1.39394e+10 1.39394e+10 1.39394e+10 
0.0785 -2.88045 -6.18045 -4.17953 -5.6396 0.680449 68255.5 3.12021e+16 1.01039e-06 1.2059e-05 1.11295e-20 6.02845e-08 251818 0 0 3.00426e-15 0 0 0.015314 0 0 0 0 0 0 1.43903e+10 1.43903e+10 1.43903e+10 1.43903e+10 
0.079 -2.86784 -6.16784 -4.16602 -5.62688 0.667838 70660.1 3.1114e+16 1.01156e-06 1.20554e-05 1.1532e-20 6.00962e-08 252624 0 0 3.12075e-15 0 0 0.015314 0 0 0 0 0 0 1.48524e+10 1.48524e+10 1.48524e+10 1.48524e+10 
0.0795 -2.85519 -6.15519 -4.15248 -5.61412 0.655187 73131.6 3.10265e+16 1.01274e-06 1.20519e-05 1.19463e-20 5.99096e-08 253427 0 0 3.24096e-15 0 0 0.015314 0 0 0 0 0 0 1.53259e+10 1.53259e+10 1.53259e+10 1.53259e+10 
0.08 -2.8425 -6.1425 -4.1389 -5.60132 0.642495 75671.4 3.09395e+16 1.01392e-06 1.20484e-05 1.23727e-20 5.97247e-08 254228 0 0 3.36501e-15 0 0 0.015314 0 0 0 0 0 0 1.5811e+10 1.5811e+10 1.5811e+10 1.5811e+10 
0.0805 -2.82976 -6.12976 -4.12529 -5.58848 0.629764 78280.8 3.08532e+16 1.01509e-06 1.2045e-05 1.28114e-20 5.95413e-08 255026 0 0 3.49297e-15 0 0 0.015314 0 0 0 0 0 0 1.63078e+10 1.63078e+10 1.63078e+10 1.63078e+10 
0.081 -2.81699 -6.11699 -4.11164 -5.5756 0.616993 80961.1 3.07675e+16 1.01627e-06 1.20417e-05 1.32626e-20 5.93597e-08 255823 0 0 3.62495e-15 0 0 0.015314 0 0 0 0 0 0 1.68166e+10 1.68166e+10 1.68166e+10 1.68166e+10 
0.0815 -2.80418 -6.10418 -4.09796 -5.56268 0.604182 83713.8 3.06823e+16 1.01746e-06 1.20385e-05 1.37267e-20 5.91795e-08 256617 0 0 3.76103e-15 0 0 0.015314 0 0 0 0 0 0 1.73376e+10 1.73376e+10 1.73376e+10 1.73376e+10 
0.082 -2.79133 -6.09133 -4.08425 -5.54972 0.591331 86540.2 3.05978e+16 1.01864e-06 1.20354e-05 1.42038e-20 5.9001e-08 257409 0 0 3.90132e-15 0 0 0.015314 0 0 0 0 0 0 1.78708e+10 1.78708e+10 1.78708e+10 1.78708e+10 
0.0825 -2.77844 -6.07844 -4.0705 -5.53672 0.578441 89441.6 3.05137e+16 1.01982e-06 1.20323e-05 1.46943e-20 5.8824e-08 258199 0 0 4.04592e-15 0 0 0.015314 0 0 0 0 0 0 1.84166e+10 1.84166e+10 1.84166e+10 1.84166e+10 
0.083 -2.76551 -6.06551 -4.05672 -5.52369 0.565511 92419.5 3.04303e+16 1.02101e-06 1.20293e-05 1.51984e-20 5.86485e-08 258987 0 0 4.19492e-15 0 0 0.015314 0 0 0 0 0 0 1.89751e+10 1.89751e+10 1.89751e+10 1.89751e+10 
0.0835 -2.75254 -6.05254 -4.04291 -5.51061 0.552542 95475.3 3.03474e+16 1.0222e-06 1.20264e-05 1.57164e-20 5.84746e-08 259772 0 0 4.34843e-15 0 0 0.015314 0 0 0 0 0 0 1.95465e+10 1.95465e+10 1.95465e+10 1.95465e+10 
0.084 -2.73953 -6.03953 -4.02906 -5.4975 0.539534 98610.3 3.02651e+16 1.02338e-06 1.20235e-05 1.62487e-20 5.83021e-08 260556 0 0 4.50656e-15 0 0 0.015314 0 0 0 0 0 0 2.0131e+10 2.0131e+10 2.0131e+10 2.0131e+10 
0.0845 -2.72649 -6.02649 -4.01518 -5.48435 0.526487 101826 3.01833e+16 1.02457e-06 1.20208e-05 1.67953e-20 5.81311e-08 261337 0 0 4.6694e-15 0 0 0.015314 0 0 0 0 0 0 2.07288e+10 2.07288e+10 2.07288e+10 2.07288e+10 
0.085 -2.7134 -6.0134 -4.00127 -5.47116 0.5134 105124 3.0102e+16 1.02576e-06 1.2018e-05 1.73568e-20 5.79615e-08 262116 0 0 4.83707e-15 0 0 0.015314 0 0 0 0 0 0 2.134e+10 2.134e+10 2.134e+10 2.134e+10 
0.0855 -2.70027 -6.00027 -3.98732 -5.45793 0.500275 108505 3.00213e+16 1.02696e-06 1.20154e-05 1.79332e-20 5.77934e-08 262893 0 0 5.00968e-15 0 0 0.015314 0 0 0 0 0 0 2.1965e+10 2.1965e+10 2.1965e+10 2.1965e+10 
0.086 -2.68711 -5.98711 -3.97334 -5.44466 0.487111 111972 2.99411e+16 1.02815e-06 1.20128e-05 1.85251e-20 5.76266e-08 263668 0 0 5.18732e-15 0 0 0.015314 0 0 0 0 0 0 2.26038e+10 2.26038e+10 2.26038e+10 2.26038e+10 
0.0865 -2.67391 -5.97391 -3.95932 -5.43135 0.473908 115525 2.98614e+16 1.02935e-06 1.20103e-05 1.91325e-20 5.74613e-08 264441 0 0 5.37013e-15 0 0 0.015314 0 0 0 0 0 0 2.32566e+10 2.32566e+10 2.32566e+10 2.32566e+10 
0.087 -2.66067 -5.96067 -3.94528 -5.41801 0.460667 119166 2.97822e+16 1.03054e-06 1.20079e-05 1.97558e-20 5.72973e-08 265212 0 0 5.5582e-15 0 0 0.015314 0 0 0 0 0 0 2.39238e+10 2.39238e+10 2.39238e+10 2.39238e+10 
0.0875 -2.64739 -5.94739 -3.9312 -5.40462 0.447387 122897 2.97035e+16 1.03174e-06 1.20055e-05 2.03954e-20 5.71346e-08 265981 0 0 5.75165e-15 0 0 0.015314 0 0 0 0 0 0 2.46054e+10 2.46054e+10 2.46054e+10 2.46054e+10 
0.088 -2.63407 -5.93407 -3.91708 -5.3912 0.434069 126719 2.96254e+16 1.03294e-06 1.20032e-05 2.10515e-20 5.69734e-08 266748 0 0 5.9506e-15 0 0 0.015314 0 0 0 0 0 0 2.53016e+10 2.53016e+10 2.53016e+10 2.53016e+10 
0.0885 -2.62071 -5.92071 -3.90293 -5.37775 0.420712 130633 2.95477e+16 1.03414e-06 1.2001e-05 2.17245e-20 5.68134e-08 267513 0 0 6.15517e-15 0 0 0.015314 0 0 0 0 0 0 2.60127e+10 2.60127e+10 2.60127e+10 2.60127e+10 
0.089 -2.60732 -5.90732 -3.88875 -5.36425 0.407317 134642 2.94705e+16 1.03535e-06 1.19988e-05 2.24145e-20 5.66547e-08 268276 0 0 6.36548e-15 0 0 0.015314 0 0 0 0 0 0 2.67389e+10 2.67389e+10 2.67389e+10 2.67389e+10 
0.0895 -2.59388 -5.89388 -3.87454 -5.35071 0.393885 138746 2.93938e+16 1.03655e-06 1.19967e-05 2.31221e-20 5.64973e-08 269036 0 0 6.58164e-15 0 0 0.015314 0 0 0 0 0 0 2.74803e+10 2.74803e+10 2.74803e+10 2.74803e+10 
0.09 -2.58041 -5.88041 -3.8603 -5.33714 0.380414 142947 2.93176e+16 1.03775e-06 1.19946e-05 2.38474e-20 5.63412e-08 269795 0 0 6.80379e-15 0 0 0.015314 0 0 0 0 0 0 2.82372e+10 2.82372e+10 2.82372e+10 2.82372e+10 
0.0905 -2.56691 -5.86691 -3.84602 -5.32353 0.366905 147247 2.92418e+16 1.03896e-06 1.19926e-05 2.45908e-20 5.61863e-08 270552 0 0 7.03203e-15 0 0 0.015314 0 0 0 0 0 0 2.90097e+10 2.90097e+10 2.90097e+10 2.90097e+10 
0.091 -2.55336 -5.85336 -3.8317 -5.30989 0.353359 151647 2.91666e+16 1.04017e-06 1.19907e-05 2.53526e-20 5.60326e-08 271307 0 0 7.26651e-15 0 0 0.015314 0 0 0 0 0 0 2.97981e+10 2.97981e+10 2.97981e+10 2.97981e+10 
0.0915 -2.53977 -5.83977 -3.81736 -5.2962 0.339774 156150 2.90918e+16 1.04138e-06 1.19889e-05 2.61332e-20 5.58802e-08 272060 0 0 7.50735e-15 0 0 0.015314 0 0 0 0 0 0 3.06025e+10 3.06025e+10 3.06025e+10 3.06025e+10 
0.092 -2.52615 -5.82615 -3.80298 -5.28248 0.326153 160756 2.90174e+16 1.04259e-06 1.1987e-05 2.69328e-20 5.5729e-08 272811 0 0 7.75468e-15 0 0 0.015314 0 0 0 0 0 0 3.14232e+10 3.14232e+10 3.14232e+10 3.14232e+10 
0.0925 -2.51249 -5.81249 -3.78857 -5.26872 0.312493 165466 2.89435e+16 1.0438e-06 1.19853e-05 2.77519e-20 5.5579e-08 273560 0 0 8.00862e-15 0 0 0.015314 0 0 0 0 0 0 3.22603e+10 3.22603e+10 3.22603e+10 3.22603e+10 
0.093 -2.4988 -5.7988 -3.77413 -5.25493 0.298796 170284 2.88701e+16 1.04501e-06 1.19836e-05 2.85906e-20 5.54301e-08 274308 0 0 8.26931e-15 0 0 0.015314 0 0 0 0 0 0 3.31142e+10 3.31142e+10 3.31142e+10 3.31142e+10 
0.0935 -2.48506 -5.78506 -3.75966 -5.2411 0.285062 175210 2.8797e+16 1.04623e-06 1.1982e-05 2.94495e-20 5.52824e-08 275053 0 0 8.53688e-15 0 0 0.015314 0 0 0 0 0 0 3.39849e+10 3.39849e+10 3.39849e+10 3.39849e+10 
0.094 -2.47129 -5.77129 -3.74515 -5.22723 0.271291 180246 2.87245e+16 1.04744e-06 1.19804e-05 3.03287e-20 5.51358e-08 275796 0 0 8.81148e-15 0 0 0.015314 0 0 0 0 0 0 3.48726e+10 3.48726e+10 3.48726e+10 3.48726e+10 
0.0945 -2.45748 -5.75748 -3.73061 -5.21332 0.257483 185394 2.86523e+16 1.04866e-06 1.19789e-05 3.12288e-20 5.49904e-08 276538 0 0 9.09323e-15 0 0 0.015314 0 0 0 0 0 0 3.57776e+10 3.57776e+10 3.57776e+10 3.57776e+10 
0.095 -2.44364 -5.74364 -3.71603 -5.19938 0.243637 190655 2.85806e+16 1.04988e-06 1.19774e-05 3.21499e-20 5.48461e-08 277278 0 0 9.38228e-15 0 0 0.015314 0 0 0 0 0 0 3.67002e+10 3.67002e+10 3.67002e+10 3.67002e+10 
0.0955 -2.42976 -5.72976 -3.70143 -5.1854 0.229755 196031 2.85094e+16 1.05109e-06 1.1976e-05 3.30924e-20 5.47029e-08 278016 0 0 9.67876e-15 0 0 0.015314 0 0 0 0 0 0 3.76403e+10 3.76403e+10 3.76403e+10 3.76403e+10 
0.096 -2.41584 -5.71584 -3.68679 -5.17139 0.215836 201523 2.84385e+16 1.05231e-06 1.19747e-05 3.40568e-20 5.45608e-08 278752 0 0 9.98282e-15 0 0 0.015314 0 0 0 0 0 0 3.85984e+10 3.85984e+10 3.85984e+10 3.85984e+10 
0.0965 -2.40188 -5.70188 -3.67212 -5.15733 0.20188 207134 2.83681e+16 1.05354e-06 1.19734e-05 3.50433e-20 5.44198e-08 279486 0 0 1.02946e-14 0 0 0.015314 0 0 0 0 0 0 3.95746e+10 3.95746e+10 3.95746e+10 3.95746e+10 
0.097 -2.38789 -5.68789 -3.65742 -5.14324 0.187887 212865 2.8298e+16 1.05476e-06 1.19721e-05 3.60524e-20 5.42798e-08 280218 0 0 1.06142e-14 0 0 0.015314 0 0 0 0 0 0 4.05691e+10 4.05691e+10 4.05691e+10 4.05691e+10 
0.0975 -2.37386 -5.67386 -3.64269 -5.12912 0.173858 218717 2.82284e+16 1.05598e-06 1.1971e-05 3.70843e-20 5.41409e-08 280949 0 0 1.09419e-14 0 0 0.015314 0 0 0 0 0 0 4.1582e+10 4.1582e+10 4.1582e+10 4.1582e+10 
0.098 -2.35979 -5.65979 -3.62792 -5.11496 0.159792 224693 2.81592e+16 1.05721e-06 1.19698e-05 3.81394e-20 5.4003e-08 281678 0 0 1.12777e-14 0 0 0.015314 0 0 0 0 0 0 4.26137e+10 4.26137e+10 4.26137e+10 4.26137e+10 
0.0985 -2.34569 -5.64569 -3.61312 -5.10076 0.14569 230794 2.80904e+16 1.05844e-06 1.19687e-05 3.92182e-20 5.38662e-08 282405 0 0 1.16219e-14 0 0 0.015314 0 0 0 0 0 0 4.36643e+10 4.36643e+10 4.36643e+10 4.36643e+10 
0.099 -2.33155 -5.63155 -3.59829 -5.08653 0.131552 237022 2.8022e+16 1.05966e-06 1.19677e-05 4.03209e-20 5.37304e-08 283130 0 0 1.19745e-14 0 0 0.015314 0 0 0 0 0 0 4.4734e+10 4.4734e+10 4.4734e+10 4.4734e+10 
0.0995 -2.31738 -5.61738 -3.58343 -5.07226 0.117377 243378 2.7954e+16 1.06089e-06 1.19667e-05 4.1448e-20 5.35956e-08 283854 0 0 1.23357e-14 0 0 0.015314 0 0 0 0 0 0 4.5823e+10 4.5823e+10 4.5823e+10 4.5823e+10 
0.1 -2.30317 -5.60317 -3.56853 -5.05796 0.103167 249865 2.78863e+16 1.06212e-06 1.19658e-05 4.25998e-20 5.34617e-08 284575 0 0 1.27057e-14 0 0 0.015314 0 0 0 0 0 0 4.69315e+10 4.69315e+10 4.69315e+10 4.69315e+10 
0.1005 -2.28892 -5.58892 -3.55361 -5.04362 0.0889197 256483 2.78191e+16 1.06335e-06 1.19649e-05 4.37767e-20 5.33289e-08 285295 0 0 1.30846e-14 0 0 0.015314 0 0 0 0 0 0 4.80598e+10 4.80598e+10 4.80598e+10 4.80598e+10 
0.101 -2.27464 -5.57464 -3.53865 -5.02924 0.074637 263236 2.77522e+16 1.06459e-06 1.19641e-05 4.49791e-20 5.3197e-08 286014 0 0 1.34726e-14 0 0 0.015314 0 0 0 0 0 0 4.9208e+10 4.9208e+10 4.9208e+10 4.9208e+10 
0.1015 -2.26032 -5.56032 -3.52366 -5.01483 0.0603184 270124 2.76857e+16 1.06582e-06 1.19633e-05 4.62073e-20 5.30661e-08 286730 0 0 1.38699e-14 0 0 0.015314 0 0 0 0 0 0 5.03764e+10 5.03764e+10 5.03764e+10 5.03764e+10 
0.102 -2.24596 -5.54596 -3.50864 -5.00038 0.045964 277149 2.76196e+16 1.06706e-06 1.19626e-05 4.74618e-20 5.29361e-08 287445 0 0 1.42765e-14 0 0 0.015314 0 0 0 0 0 0 5.15651e+10 5.15651e+10 5.15651e+10 5.15651e+10 
0.1025 -2.23157 -5.53157 -3.49358 -4.9859 0.0315739 284313 2.75538e+16 1.06829e-06 1.19619e-05 4.87429e-20 5.2807e-08 288158 0 0 1.46928e-14 0 0 0.015314 0 0 0 0 0 0 5.27743e+10 5.27743e+10 5.27743e+10 5.27743e+10 
0.103 -2.21715 -5.51715 -3.4785 -4.97138 0.0171482 291618 2.74884e+16 1.06953e-06 1.19612e-05 5.00511e-20 5.26789e-08 288869 0 0 1.51188e-14 0 0 0.015314 0 0 0 0 0 0 5.40043e+10 5.40043e+10 5.40043e+10 5.40043e+10 
0.1035 -2.20269 -5.50269 -3.46338 -4.95683 0.00268697 299066 2.74234e+16 1.07077e-06 1.19607e-05 5.13867e-20 5.25517e-08 289579 0 0 1.55547e-14 0 0 0.015314 0 0 0 0 0 0 5.52553e+10 5.52553e+10 5.52553e+10 5.52553e+10 
0.104 -2.18819 -5.48819 -3.44823 -4.94224 -0.0118097 306658 2.73588e+16 1.07201e-06 1.19601e-05 5.275e-20 5.24254e-08 290287 0 0 1.60006e-14 0 0 0.015314 0 0 0 0 0 0 5.65274e+10 5.65274e+10 5.65274e+10 5.65274e+10 
0.1045 -2.17366 -5.47366 -3.43305 -4.92762 -0.0263418 314396 2.72944e+16 1.07325e-06 1.19596e-05 5.41416e-20 5.23e-08 290994 0 0 1.64568e-14 0 0 0.015314 0 0 0 0 0 0 5.78209e+10 5.78209e+10 5.78209e+10 5.78209e+10 
0.105 -2.15909 -5.45909 -3.41784 -4.91296 -0.0409091 322282 2.72305e+16 1.07449e-06 1.19592e-05 5.55618e-20 5.21755e-08 291698 0 0 1.69234e-14 0 0 0.015314 0 0 0 0 0 0 5.9136e+10 5.9136e+10 5.9136e+10 5.9136e+10 
0.1055 -2.14449 -5.44449 -3.4026 -4.89827 -0.0555116 330318 2.71669e+16 1.07574e-06 1.19588e-05 5.70111e-20 5.20519e-08 292401 0 0 1.74006e-14 0 0 0.015314 0 0 0 0 0 0 6.04729e+10 6.04729e+10 6.04729e+10 6.04729e+10 
0.106 -2.12985 -5.42985 -3.38732 -4.88354 -0.0701492 338506 2.71036e+16 1.07698e-06 1.19584e-05 5.84897e-20 5.19291e-08 293103 0 0 1.78886e-14 0 0 0.015314 0 0 0 0 0 0 6.18317e+10 6.18317e+10 6.18317e+10 6.18317e+10 
0.1065 -2.11518 -5.41518 -3.37202 -4.86878 -0.0848219 346847 2.70407e+16 1.07823e-06 1.19581e-05 5.99982e-20 5.18072e-08 293803 0 0 1.83875e-14 0 0 0.015314 0 0 0 0 0 0 6.32127e+10 6.32127e+10 6.32127e+10 6.32127e+10 
0.107 -2.10047 -5.40047 -3.35668 -4.85398 -0.0995295 355344 2.69781e+16 1.07947e-06 1.19578e-05 6.1537e-20 5.16861e-08 294501 0 0 1.88975e-14 0 0 0.015314 0 0 0 0 0 0 6.46161e+10 6.46161e+10 6.46161e+10 6.46161e+10 
0.1075 -2.08573 -5.38573 -3.34131 -4.83915 -0.114272 363997 2.69159e+16 1.08072e-06 1.19576e-05 6.31064e-20 5.15659e-08 295198 0 0 1.94189e-14 0 0 0.015314 0 0 0 0 0 0 6.60421e+10 6.60421e+10 6.60421e+10 6.60421e+10 
0.108 -2.07095 -5.37095 -3.32591 -4.82428 -0.129049 372809 2.6854e+16 1.08197e-06 1.19574e-05 6.47068e-20 5.14464e-08 295892 0 0 1.99517e-14 0 0 0.015314 0 0 0 0 0 0 6.74909e+10 6.74909e+10 6.74909e+10 6.74909e+10 
0.1085 -2.05614 -5.35614 -3.31048 -4.80938 -0.143861 381783 2.67924e+16 1.08322e-06 1.19573e-05 6.63388e-20 5.13279e-08 296586 0 0 2.04961e-14 0 0 0.015314 0 0 0 0 0 0 6.89627e+10 6.89627e+10 6.89627e+10 6.89627e+10 
0.109 -2.04129 -5.34129 -3.29502 -4.79445 -0.158708 390918 2.67311e+16 1.08447e-06 1.19572e-05 6.80027e-20 5.12101e-08 297278 0 0 2.10524e-14 0 0 0.015314 0 0 0 0 0 0 7.04577e+10 7.04577e+10 7.04577e+10 7.04577e+10 
0.1095 -2.02641 -5.32641 -3.27953 -4.77948 -0.173589 400218 2.66702e+16 1.08572e-06 1.19571e-05 6.96989e-20 5.10931e-08 297968 0 0 2.16208e-14 0 0 0.015314 0 0 0 0 0 0 7.19761e+10 7.19761e+10 7.19761e+10 7.19761e+10 
0.11 -2.0115 -5.3115 -3.264 -4.76448 -0.188505 409685 2.66096e+16 1.08698e-06 1.19571e-05 7.14279e-20 5.09769e-08 298657 0 0 2.22013e-14 0 0 0.015314 0 0 0 0 0 0 7.35181e+10 7.35181e+10 7.35181e+10 7.35181e+10 
0.1105 -1.99655 -5.29655 -3.24845 -4.74944 -0.203455 419319 2.65493e+16 1.08823e-06 1.19571e-05 7.31901e-20 5.08615e-08 299344 0 0 2.27943e-14 0 0 0.015314 0 0 0 0 0 0 7.50839e+10 7.50839e+10 7.50839e+10 7.50839e+10 
0.111 -1.98156 -5.28156 -3.23286 -4.73437 -0.218439 429124 2.64893e+16 1.08949e-06 1.19572e-05 7.49859e-20 5.07469e-08 300029 0 0 2.33999e-14 0 0 0.015314 0 0 0 0 0 0 7.66736e+10 7.66736e+10 7.66736e+10 7.66736e+10 
0.1115 -1.96654 -5.26654 -3.21725 -4.71926 -0.233458 439100 2.64296e+16 1.09074e-06 1.19573e-05 7.68158e-20 5.0633e-08 300713 0 0 2.40182e-14 0 0 0.015314 0 0 0 0 0 0 7.82876e+10 7.82876e+10 7.82876e+10 7.82876e+10 
0.112 -1.95149 -5.25149 -3.2016 -4.70412 -0.24851 449251 2.63703e+16 1.092e-06 1.19574e-05 7.86801e-20 5.05199e-08 301396 0 0 2.46496e-14 0 0 0.015314 0 0 0 0 0 0 7.9926e+10 7.9926e+10 7.9926e+10 7.9926e+10 
0.1125 -1.9364 -5.2364 -3.18592 -4.68895 -0.263597 459576 2.63112e+16 1.09326e-06 1.19576e-05 8.05794e-20 5.04076e-08 302076 0 0 2.52941e-14 0 0 0.015314 0 0 0 0 0 0 8.1589e+10 8.1589e+10 8.1589e+10 8.1589e+10 
0.113 -1.92128 -5.22128 -3.17021 -4.67374 -0.278718 470080 2.62525e+16 1.09452e-06 1.19578e-05 8.2514e-20 5.0296e-08 302756 0 0 2.5952e-14 0 0 0.015314 0 0 0 0 0 0 8.32768e+10 8.32768e+10 8.32768e+10 8.32768e+10 
0.1135 -1.90613 -5.20613 -3.15447 -4.6585 -0.293873 480762 2.6194e+16 1.09578e-06 1.19581e-05 8.44845e-20 5.01851e-08 303434 0 0 2.66235e-14 0 0 0.015314 0 0 0 0 0 0 8.49896e+10 8.49896e+10 8.49896e+10 8.49896e+10 
0.114 -1.89094 -5.19094 -3.1387 -4.64323 -0.309061 491626 2.61359e+16 1.09705e-06 1.19584e-05 8.64912e-20 5.00749e-08 304110 0 0 2.73087e-14 0 0 0.015314 0 0 0 0 0 0 8.67275e+10 8.67275e+10 8.67275e+10 8.67275e+10 
0.1145 -1.87572 -5.17572 -3.1229 -4.62792 -0.324284 502673 2.6078e+16 1.09831e-06 1.19587e-05 8.85347e-20 4.99655e-08 304785 0 0 2.8008e-14 0 0 0.015314 0 0 0 0 0 0 8.84909e+10 8.84909e+10 8.84909e+10 8.84909e+10 
0.115 -1.86046 -5.16046 -3.10707 -4.61258 -0.33954 513905 2.60204e+16 1.09957e-06 1.19591e-05 9.06152e-20 4.98568e-08 305458 0 0 2.87214e-14 0 0 0.015314 0 0 0 0 0 0 9.02798e+10 9.02798e+10 9.02798e+10 9.02798e+10 
0.1155 -1.84517 -5.14517 -3.09121 -4.5972 -0.35483 525323 2.59632e+16 1.10084e-06 1.19595e-05 9.27334e-20 4.97488e-08 306130 0 0 2.94492e-14 0 0 0.015314 0 0 0 0 0 0 9.20946e+10 9.20946e+10 9.20946e+10 9.20946e+10 
0.116 -1.82985 -5.12985 -3.07532 -4.58179 -0.370153 536931 2.59062e+16 1.10211e-06 1.196e-05 9.48896e-20 4.96415e-08 306801 0 0 3.01916e-14 0 0 0.015314 0 0 0 0 0 0 9.39352e+10 9.39352e+10 9.39352e+10 9.39352e+10 
0.1165 -1.81449 -5.11449 -3.0594 -4.56635 -0.38551 548729 2.58495e+16 1.10337e-06 1.19605e-05 9.70844e-20 4.95349e-08 307470 0 0 3.09488e-14 0 0 0.015314 0 0 0 0 0 0 9.58021e+10 9.58021e+10 9.58021e+10 9.58021e+10 
0.117 -1.7991 -5.0991 -3.04344 -4.55088 -0.4009 560720 2.57931e+16 1.10464e-06 1.1961e-05 9.9318e-20 4.9429e-08 308137 0 0 3.17211e-14 0 0 0.015314 0 0 0 0 0 0 9.76953e+10 9.76953e+10 9.76953e+10 9.76953e+10 
0.1175 -1.78368 -5.08368 -3.02746 -4.53537 -0.416323 572905 2.57369e+16 1.10591e-06 1.19616e-05 1.01591e-19 4.93237e-08 308803 0 0 3.25085e-14 0 0 0.015314 0 0 0 0 0 0 9.96151e+10 9.96151e+10 9.96151e+10 9.96151e+10 
0.118 -1.76822 -5.06822 -3.01145 -4.51983 -0.43178 585286 2.56811e+16 1.10718e-06 1.19622e-05 1.03904e-19 4.92191e-08 309468 0 0 3.33114e-14 0 0 0.015314 0 0 0 0 0 0 1.01562e+11 1.01562e+11 1.01562e+11 1.01562e+11 
0.1185 -1.75273 -5.05273 -2.9954 -4.50426 -0.44727 597866 2.56255e+16 1.10846e-06 1.19628e-05 1.06257e-19 4.91152e-08 310131 0 0 3.413e-14 0 0 0.015314 0 0 0 0 0 0 1.03535e+11 1.03535e+11 1.03535e+11 1.03535e+11 
0.119 -1.73721 -5.03721 -2.97933 -4.48865 -0.462793 610645 2.55702e+16 1.10973e-06 1.19635e-05 1.08652e-19 4.9012e-08 310793 0 0 3.49644e-14 0 0 0.015314 0 0 0 0 0 0 1.05536e+11 1.05536e+11 1.05536e+11 1.05536e+11 
0.1195 -1.72165 -5.02165 -2.96323 -4.47301 -0.478349 623627 2.55151e+16 1.111e-06 1.19642e-05 1.11087e-19 4.89094e-08 311453 0 0 3.58149e-14 0 0 0.015314 0 0 0 0 0 0 1.07564e+11 1.07564e+11 1.07564e+11 1.07564e+11 
0.12 -1.70606 -5.00606 -2.94709 -4.45734 -0.493938 636813 2.54604e+16 1.11228e-06 1.19649e-05 1.13564e-19 4.88074e-08 312112 0 0 3.66817e-14 0 0 0.015314 0 0 0 0 0 0 1.09619e+11 1.09619e+11 1.09619e+11 1.09619e+11 
0.1205 -1.69044 -4.99044 -2.93093 -4.44164 -0.509561 650204 2.54059e+16 1.11355e-06 1.19657e-05 1.16084e-19 4.87061e-08 312769 0 0 3.7565e-14 0 0 0.015314 0 0 0 0 0 0 1.11702e+11 1.11702e+11 1.11702e+11 1.11702e+11 
0.121 -1.67478 -4.97478 -2.91474 -4.4259 -0.525215 663803 2.53516e+16 1.11483e-06 1.19665e-05 1.18646e-19 4.86054e-08 313425 0 0 3.84651e-14 0 0 0.015314 0 0 0 0 0 0 1.13813e+11 1.13813e+11 1.13813e+11 1.13813e+11 
0.1215 -1.6591 -4.9591 -2.89851 -4.41013 -0.540903 677612 2.52977e+16 1.11611e-06 1.19674e-05 1.21251e-19 4.85053e-08 314080 0 0 3.93821e-14 0 0 0.015314 0 0 0 0 0 0 1.15952e+11 1.15952e+11 1.15952e+11 1.15952e+11 
0.122 -1.64338 -4.94338 -2.88226 -4.39433 -0.556623 691632 2.52439e+16 1.11739e-06 1.19682e-05 1.239e-19 4.84059e-08 314733 0 0 4.03164e-14 0 0 0.015314 0 0 0 0 0 0 1.18119e+11 1.18119e+11 1.18119e+11 1.18119e+11 
0.1225 -1.62762 -4.92762 -2.86598 -4.37849 -0.572376 705866 2.51905e+16 1.11867e-06 1.19692e-05 1.26593e-19 4.8307e-08 315385 0 0 4.1268e-14 0 0 0.015314 0 0 0 0 0 0 1.20315e+11 1.20315e+11 1.20315e+11 1.20315e+11 
0.123 -1.61184 -4.91184 -2.84966 -4.36263 -0.588162 720315 2.51373e+16 1.11995e-06 1.19701e-05 1.2933e-19 4.82088e-08 316035 0 0 4.22374e-14 0 0 0.015314 0 0 0 0 0 0 1.22539e+11 1.22539e+11 1.22539e+11 1.22539e+11 
0.1235 -1.59602 -4.89602 -2.83332 -4.34673 -0.60398 734981 2.50843e+16 1.12123e-06 1.19711e-05 1.32113e-19 4.81112e-08 316685 0 0 4.32246e-14 0 0 0.015314 0 0 0 0 0 0 1.24792e+11 1.24792e+11 1.24792e+11 1.24792e+11 
0.124 -1.58017 -4.88017 -2.81695 -4.3308 -0.61983 749866 2.50316e+16 1.12252e-06 1.19721e-05 1.34941e-19 4.80141e-08 317332 0 0 4.42299e-14 0 0 0.015314 0 0 0 0 0 0 1.27075e+11 1.27075e+11 1.27075e+11 1.27075e+11 
0.1245 -1.56429 -4.86429 -2.80055 -4.31483 -0.635713 764972 2.49792e+16 1.1238e-06 1.19731e-05 1.37815e-19 4.79177e-08 317979 0 0 4.52535e-14 0 0 0.015314 0 0 0 0 0 0 1.29386e+11 1.29386e+11 1.29386e+11 1.29386e+11 
0.125 -1.54837 -4.84837 -2.78412 -4.29884 -0.651628 780302 2.4927e+16 1.12508e-06 1.19742e-05 1.40736e-19 4.78218e-08 318624 0 0 4.62957e-14 0 0 0.015314 0 0 0 0 0 0 1.31726e+11 1.31726e+11 1.31726e+11 1.31726e+11 
0.1255 -1.53242 -4.83242 -2.76765 -4.28281 -0.667575 795856 2.4875e+16 1.12637e-06 1.19753e-05 1.43704e-19 4.77266e-08 319267 0 0 4.73568e-14 0 0 0.015314 0 0 0 0 0 0 1.34097e+11 1.34097e+11 1.34097e+11 1.34097e+11 
0.126 -1.51645 -4.81645 -2.75116 -4.26675 -0.683555 811636 2.48233e+16 1.12766e-06 1.19764e-05 1.46719e-19 4.76319e-08 319910 0 0 4.84369e-14 0 0 0.015314 0 0 0 0 0 0 1.36497e+11 1.36497e+11 1.36497e+11 1.36497e+11 
0.1265 -1.50043 -4.80043 -2.73464 -4.25066 -0.699566 827645 2.47719e+16 1.12895e-06 1.19776e-05 1.49782e-19 4.75377e-08 320551 0 0 4.95362e-14 0 0 0.015314 0 0 0 0 0 0 1.38926e+11 1.38926e+11 1.38926e+11 1.38926e+11 
0.127 -1.48439 -4.78439 -2.71809 -4.23454 -0.71561 843885 2.47206e+16 1.13024e-06 1.19788e-05 1.52894e-19 4.74441e-08 321191 0 0 5.06551e-14 0 0 0.015314 0 0 0 0 0 0 1.41386e+11 1.41386e+11 1.41386e+11 1.41386e+11 
0.1275 -1.46831 -4.76831 -2.70152 -4.21838 -0.731686 860357 2.46696e+16 1.13153e-06 1.198e-05 1.56055e-19 4.73511e-08 321829 0 0 5.17938e-14 0 0 0.015314 0 0 0 0 0 0 1.43876e+11 1.43876e+11 1.43876e+11 1.43876e+11 
0.128 -1.45221 -4.75221 -2.68491 -4.2022 -0.747793 877064 2.46189e+16 1.13282e-06 1.19813e-05 1.59265e-19 4.72587e-08 322466 0 0 5.29525e-14 0 0 0.015314 0 0 0 0 0 0 1.46397e+11 1.46397e+11 1.46397e+11 1.46397e+11 
0.1285 -1.43607 -4.73607 -2.66827 -4.18598 -0.763932 894006 2.45683e+16 1.13411e-06 1.19826e-05 1.62525e-19 4.71667e-08 323102 0 0 5.41314e-14 0 0 0.015314 0 0 0 0 0 0 1.48948e+11 1.48948e+11 1.48948e+11 1.48948e+11 
0.129 -1.4199 -4.7199 -2.6516 -4.16973 -0.780103 911187 2.4518e+16 1.1354e-06 1.19839e-05 1.65835e-19 4.70754e-08 323736 0 0 5.53308e-14 0 0 0.015314 0 0 0 0 0 0 1.51529e+11 1.51529e+11 1.51529e+11 1.51529e+11 
0.1295 -1.40369 -4.70369 -2.63491 -4.15345 -0.796306 928607 2.4468e+16 1.1367e-06 1.19852e-05 1.69197e-19 4.69845e-08 324369 0 0 5.6551e-14 0 0 0.015314 0 0 0 0 0 0 1.54142e+11 1.54142e+11 1.54142e+11 1.54142e+11 
0.13 -1.38746 -4.68746 -2.61818 -4.13713 -0.81254 946269 2.44182e+16 1.13799e-06 1.19866e-05 1.7261e-19 4.68942e-08 325001 0 0 5.77922e-14 0 0 0.015314 0 0 0 0 0 0 1.56786e+11 1.56786e+11 1.56786e+11 1.56786e+11 
0.1305 -1.37119 -4.67119 -2.60143 -4.12079 -0.828806 964175 2.43685e+16 1.13929e-06 1.1988e-05 1.76075e-19 4.68044e-08 325632 0 0 5.90546e-14 0 0 0.015314 0 0 0 0 0 0 1.59461e+11 1.59461e+11 1.59461e+11 1.59461e+11 
0.131 -1.3549 -4.6549 -2.58465 -4.10441 -0.845103 982327 2.43192e+16 1.14058e-06 1.19894e-05 1.79592e-19 4.67152e-08 326261 0 0 6.03385e-14 0 0 0.015314 0 0 0 0 0 0 1.62167e+11 1.62167e+11 1.62167e+11 1.62167e+11 
0.1315 -1.33857 -4.63857 -2.56783 -4.08801 -0.861432 1.00073e+06 2.427e+16 1.14188e-06 1.19909e-05 1.83163e-19 4.66264e-08 326889 0 0 6.16441e-14 0 0 0.015314 0 0 0 0 0 0 1.64906e+11 1.64906e+11 1.64906e+11 1.64906e+11 
0.132 -1.32221 -4.62221 -2.55099 -4.07157 -0.877792 1.01937e+06 2.42211e+16 1.14318e-06 1.19924e-05 1.86787e-19 4.65382e-08 327516 0 0 6.29717e-14 0 0 0.015314 0 0 0 0 0 0 1.67675e+11 1.67675e+11 1.67675e+11 1.67675e+11 
0.1325 -1.30582 -4.60582 -2.53412 -4.0551 -0.894184 1.03827e+06 2.41723e+16 1.14448e-06 1.19939e-05 1.90464e-19 4.64504e-08 328141 0 0 6.43216e-14 0 0 0.015314 0 0 0 0 0 0 1.70477e+11 1.70477e+11 1.70477e+11 1.70477e+11 
0.133 -1.28939 -4.58939 -2.51723 -4.0386 -0.910606 1.05743e+06 2.41238e+16 1.14578e-06 1.19955e-05 1.94197e-19 4.63632e-08 328766 0 0 6.5694e-14 0 0 0.015314 0 0 0 0 0 0 1.73311e+11 1.73311e+11 1.73311e+11 1.73311e+11 
0.1335 -1.27294 -4.57294 -2.5003 -4.02207 -0.92706 1.07683e+06 2.40756e+16 1.14708e-06 1.1997e-05 1.97984e-19 4.62765e-08 329389 0 0 6.70891e-14 0 0 0.015314 0 0 0 0 0 0 1.76177e+11 1.76177e+11 1.76177e+11 1.76177e+11 
0.134 -1.25645 -4.55645 -2.48334 -4.00551 -0.943545 1.0965e+06 2.40275e+16 1.14839e-06 1.19986e-05 2.01827e-19 4.61903e-08 330010 0 0 6.85073e-14 0 0 0.015314 0 0 0 0 0 0 1.79076e+11 1.79076e+11 1.79076e+11 1.79076e+11 
0.1345 -1.23994 -4.53994 -2.46636 -3.98892 -0.960061 1.11642e+06 2.39796e+16 1.14969e-06 1.20003e-05 2.05726e-19 4.61045e-08 330631 0 0 6.99488e-14 0 0 0.015314 0 0 0 0 0 0 1.82007e+11 1.82007e+11 1.82007e+11 1.82007e+11 
0.135 -1.22339 -4.52339 -2.44934 -3.97229 -0.976608 1.1366e+06 2.3932e+16 1.151e-06 1.20019e-05 2.09681e-19 4.60193e-08 331250 0 0 7.14138e-14 0 0 0.015314 0 0 0 0 0 0 1.84971e+11 1.84971e+11 1.84971e+11 1.84971e+11 
0.1355 -1.20681 -4.50681 -2.4323 -3.95564 -0.993186 1.15705e+06 2.38845e+16 1.1523e-06 1.20036e-05 2.13693e-19 4.59345e-08 331868 0 0 7.29026e-14 0 0 0.015314 0 0 0 0 0 0 1.87968e+11 1.87968e+11 1.87968e+11 1.87968e+11 
0.136 -1.19021 -4.49021 -2.41523 -3.93896 -1.00979 1.17776e+06 2.38373e+16 1.15361e-06 1.20053e-05 2.17763e-19 4.58502e-08 332485 0 0 7.44154e-14 0 0 0.015314 0 0 0 0 0 0 1.90998e+11 1.90998e+11 1.90998e+11 1.90998e+11 
0.1365 -1.17357 -4.47357 -2.39813 -3.92224 -1.02643 1.19874e+06 2.37903e+16 1.15492e-06 1.2007e-05 2.21891e-19 4.57664e-08 333100 0 0 7.59526e-14 0 0 0.015314 0 0 0 0 0 0 1.94061e+11 1.94061e+11 1.94061e+11 1.94061e+11 
0.137 -1.15689 -4.45689 -2.381 -3.90549 -1.04311 1.21998e+06 2.37435e+16 1.15622e-06 1.20088e-05 2.26078e-19 4.5683e-08 333715 0 0 7.75144e-14 0 0 0.015314 0 0 0 0 0 0 1.97157e+11 1.97157e+11 1.97157e+11 1.97157e+11 
0.1375 -1.14019 -4.44019 -2.36385 -3.88872 -1.05981 1.24149e+06 2.36969e+16 1.15753e-06 1.20106e-05 2.30324e-19 4.56001e-08 334328 0 0 7.91011e-14 0 0 0.015314 0 0 0 0 0 0 2.00287e+11 2.00287e+11 2.00287e+11 2.00287e+11 
0.138 -1.12346 -4.42346 -2.34666 -3.87191 -1.07654 1.26328e+06 2.36505e+16 1.15884e-06 1.20124e-05 2.34629e-19 4.55177e-08 334940 0 0 8.07129e-14 0 0 0.015314 0 0 0 0 0 0 2.03451e+11 2.03451e+11 2.03451e+11 2.03451e+11 
0.1385 -1.1067 -4.4067 -2.32945 -3.85507 -1.0933 1.28534e+06 2.36042e+16 1.16015e-06 1.20143e-05 2.38995e-19 4.54357e-08 335551 0 0 8.23501e-14 0 0 0.015314 0 0 0 0 0 0 2.06648e+11 2.06648e+11 2.06648e+11 2.06648e+11 
0.139 -1.08991 -4.38991 -2.31221 -3.83821 -1.11009 1.30767e+06 2.35582e+16 1.16147e-06 1.20161e-05 2.43421e-19 4.53542e-08 336160 0 0 8.4013e-14 0 0 0.015314 0 0 0 0 0 0 2.09879e+11 2.09879e+11 2.09879e+11 2.09879e+11 
0.1395 -1.07308 -4.37308 -2.29494 -3.82131 -1.12692 1.33028e+06 2.35124e+16 1.16278e-06 1.2018e-05 2.47908e-19 4.52731e-08 336769 0 0 8.57018e-14 0 0 0.015314 0 0 0 0 0 0 2.13145e+11 2.13145e+11 2.13145e+11 2.13145e+11 
0.14 -1.05623 -4.35623 -2.27764 -3.80438 -1.14377 1.35317e+06 2.34668e+16 1.16409e-06 1.20199e-05 2.52457e-19 4.51924e-08 337376 0 0 8.74168e-14 0 0 0.015314 0 0 0 0 0 0 2.16445e+11 2.16445e+11 2.16445e+11 2.16445e+11 
0.1405 -1.03935 -4.33935 -2.26031 -3.78742 -1.16065 1.37634e+06 2.34214e+16 1.16541e-06 1.20219e-05 2.57069e-19 4.51122e-08 337982 0 0 8.91584e-14 0 0 0.015314 0 0 0 0 0 0 2.19779e+11 2.19779e+11 2.19779e+11 2.19779e+11 
0.141 -1.02243 -4.32243 -2.24296 -3.77044 -1.17757 1.39979e+06 2.33761e+16 1.16672e-06 1.20238e-05 2.61743e-19 4.50325e-08 338587 0 0 9.09267e-14 0 0 0.015314 0 0 0 0 0 0 2.23148e+11 2.23148e+11 2.23148e+11 2.23148e+11 
0.1415 -1.00549 -4.30549 -2.22558 -3.75342 -1.19451 1.42353e+06 2.33311e+16 1.16804e-06 1.20258e-05 2.6648e-19 4.49532e-08 339190 0 0 9.2722e-14 0 0 0.015314 0 0 0 0 0 0 2.26551e+11 2.26551e+11 2.26551e+11 2.26551e+11 
0.142 -0.988513 -4.28851 -2.20817 -3.73637 -1.21149 1.44755e+06 2.32863e+16 1.16936e-06 1.20278e-05 2.71281e-19 4.48743e-08 339793 0 0 9.45447e-14 0 0 0.015314 0 0 0 0 0 0 2.2999e+11 2.2999e+11 2.2999e+11 2.2999e+11 
0.1425 -0.971508 -4.27151 -2.19073 -3.71929 -1.22849 1.47186e+06 2.32416e+16 1.17068e-06 1.20299e-05 2.76146e-19 4.47958e-08 340394 0 0 9.6395e-14 0 0 0.015314 0 0 0 0 0 0 2.33463e+11 2.33463e+11 2.33463e+11 2.33463e+11 
0.143 -0.954474 -4.25447 -2.17326 -3.70218 -1.24553 1.49646e+06 2.31971e+16 1.172e-06 1.20319e-05 2.81077e-19 4.47177e-08 340995 0 0 9.82731e-14 0 0 0.015314 0 0 0 0 0 0 2.36971e+11 2.36971e+11 2.36971e+11 2.36971e+11 
0.1435 -0.937409 -4.23741 -2.15577 -3.68504 -1.26259 1.52135e+06 2.31528e+16 1.17332e-06 1.2034e-05 2.86072e-19 4.46401e-08 341594 0 0 1.00179e-13 0 0 0.015314 0 0 0 0 0 0 2.40515e+11 2.40515e+11 2.40515e+11 2.40515e+11 
0.144 -0.920314 -4.22031 -2.13824 -3.66788 -1.27969 1.54653e+06 2.31087e+16 1.17464e-06 1.20361e-05 2.91134e-19 4.45629e-08 342192 0 0 1.02114e-13 0 0 0.015314 0 0 0 0 0 0 2.44094e+11 2.44094e+11 2.44094e+11 2.44094e+11 
0.1445 -0.90319 -4.20319 -2.12069 -3.65068 -1.29681 1.57201e+06 2.30648e+16 1.17596e-06 1.20383e-05 2.96262e-19 4.44861e-08 342788 0 0 1.04078e-13 0 0 0.015314 0 0 0 0 0 0 2.47709e+11 2.47709e+11 2.47709e+11 2.47709e+11 
0.145 -0.886035 -4.18604 -2.10312 -3.63345 -1.31396 1.59779e+06 2.30211e+16 1.17728e-06 1.20404e-05 3.01457e-19 4.44097e-08 343384 0 0 1.0607e-13 0 0 0.015314 0 0 0 0 0 0 2.51359e+11 2.51359e+11 2.51359e+11 2.51359e+11 
0.1455 -0.868851 -4.16885 -2.08551 -3.6162 -1.33115 1.62386e+06 2.29776e+16 1.1786e-06 1.20426e-05 3.06719e-19 4.43337e-08 343979 0 0 1.08092e-13 0 0 0.015314 0 0 0 0 0 0 2.55045e+11 2.55045e+11 2.55045e+11 2.55045e+11 
0.146 -0.851637 -4.15164 -2.06788 -3.59891 -1.34836 1.65024e+06 2.29342e+16 1.17993e-06 1.20448e-05 3.1205e-19 4.42581e-08 344572 0 0 1.10143e-13 0 0 0.015314 0 0 0 0 0 0 2.58767e+11 2.58767e+11 2.58767e+11 2.58767e+11 
0.1465 -0.834394 -4.13439 -2.05022 -3.5816 -1.36561 1.67691e+06 2.2891e+16 1.18125e-06 1.2047e-05 3.17449e-19 4.41829e-08 345164 0 0 1.12225e-13 0 0 0.015314 0 0 0 0 0 0 2.62525e+11 2.62525e+11 2.62525e+11 2.62525e+11 
0.147 -0.817121 -4.11712 -2.03253 -3.56425 -1.38288 1.70389e+06 2.2848e+16 1.18258e-06 1.20493e-05 3.22917e-19 4.41081e-08 345756 0 0 1.14336e-13 0 0 0.015314 0 0 0 0 0 0 2.6632e+11 2.6632e+11 2.6632e+11 2.6632e+11 
0.1475 -0.799819 -4.09982 -2.01481 -3.54688 -1.40018 1.73118e+06 2.28051e+16 1.18391e-06 1.20515e-05 3.28455e-19 4.40337e-08 346346 0 0 1.16478e-13 0 0 0.015314 0 0 0 0 0 0 2.70151e+11 2.70151e+11 2.70151e+11 2.70151e+11 
0.148 -0.782487 -4.08249 -1.99707 -3.52947 -1.41751 1.75877e+06 2.27625e+16 1.18524e-06 1.20538e-05 3.34063e-19 4.39597e-08 346935 0 0 1.18651e-13 0 0 0.015314 0 0 0 0 0 0 2.74018e+11 2.74018e+11 2.74018e+11 2.74018e+11 
0.1485 -0.765125 -4.06513 -1.97929 -3.51204 -1.43487 1.78667e+06 2.272e+16 1.18656e-06 1.20561e-05 3.39741e-19 4.3886e-08 347522 0 0 1.20854e-13 0 0 0.015314 0 0 0 0 0 0 2.77921e+11 2.77921e+11 2.77921e+11 2.77921e+11 
0.149 -0.747734 -4.04773 -1.9615 -3.49458 -1.45227 1.81488e+06 2.26777e+16 1.18789e-06 1.20585e-05 3.45491e-19 4.38128e-08 348109 0 0 1.23089e-13 0 0 0.015314 0 0 0 0 0 0 2.81862e+11 2.81862e+11 2.81862e+11 2.81862e+11 
0.1495 -0.730314 -4.03031 -1.94367 -3.47709 -1.46969 1.8434e+06 2.26355e+16 1.18923e-06 1.20608e-05 3.51313e-19 4.37399e-08 348695 0 0 1.25356e-13 0 0 0.015314 0 0 0 0 0 0 2.85839e+11 2.85839e+11 2.85839e+11 2.85839e+11 
0.15 -0.712865 -4.01286 -1.92582 -3.45957 -1.48714 1.87224e+06 2.25935e+16 1.19056e-06 1.20632e-05 3.57206e-19 4.36674e-08 349279 0 0 1.27655e-13 0 0 0.015314 0 0 0 0 0 0 2.89853e+11 2.89853e+11 2.89853e+11 2.89853e+11 
0.1505 -0.695386 -3.99539 -1.90793 -3.44202 -1.50461 1.90139e+06 2.25517e+16 1.19189e-06 1.20656e-05 3.63173e-19 4.35952e-08 349863 0 0 1.29985e-13 0 0 0.015314 0 0 0 0 0 0 2.93905e+11 2.93905e+11 2.93905e+11 2.93905e+11 
0.151 -0.677878 -3.97788 -1.89003 -3.42444 -1.52212 1.93086e+06 2.25101e+16 1.19322e-06 1.2068e-05 3.69213e-19 4.35235e-08 350445 0 0 1.32349e-13 0 0 0.015314 0 0 0 0 0 0 2.97993e+11 2.97993e+11 2.97993e+11 2.97993e+11 
0.1515 -0.660342 -3.96034 -1.87209 -3.40683 -1.53966 1.96065e+06 2.24686e+16 1.19456e-06 1.20705e-05 3.75327e-19 4.34521e-08 351027 0 0 1.34745e-13 0 0 0.015314 0 0 0 0 0 0 3.02119e+11 3.02119e+11 3.02119e+11 3.02119e+11 
0.152 -0.642776 -3.94278 -1.85413 -3.3892 -1.55722 1.99076e+06 2.24273e+16 1.19589e-06 1.20729e-05 3.81515e-19 4.3381e-08 351607 0 0 1.37174e-13 0 0 0.015314 0 0 0 0 0 0 3.06282e+11 3.06282e+11 3.06282e+11 3.06282e+11 
0.1525 -0.625181 -3.92518 -1.83614 -3.37153 -1.57482 2.02119e+06 2.23862e+16 1.19723e-06 1.20754e-05 3.87778e-19 4.33104e-08 352186 0 0 1.39636e-13 0 0 0.015314 0 0 0 0 0 0 3.10483e+11 3.10483e+11 3.10483e+11 3.10483e+11 
0.153 -0.607557 -3.90756 -1.81812 -3.35384 -1.59244 2.05194e+06 2.23452e+16 1.19856e-06 1.20779e-05 3.94117e-19 4.32401e-08 352764 0 0 1.42133e-13 0 0 0.015314 0 0 0 0 0 0 3.14721e+11 3.14721e+11 3.14721e+11 3.14721e+11 
0.1535 -0.589905 -3.8899 -1.80007 -3.33611 -1.6101 2.08302e+06 2.23044e+16 1.1999e-06 1.20804e-05 4.00532e-19 4.31701e-08 353342 0 0 1.44663e-13 0 0 0.015314 0 0 0 0 0 0 3.18997e+11 3.18997e+11 3.18997e+11 3.18997e+11 
0.154 -0.572223 -3.87222 -1.782 -3.31836 -1.62778 2.11443e+06 2.22637e+16 1.20124e-06 1.2083e-05 4.07023e-19 4.31005e-08 353918 0 0 1.47228e-13 0 0 0.015314 0 0 0 0 0 0 3.23311e+11 3.23311e+11 3.23311e+11 3.23311e+11 
0.1545 -0.554513 -3.85451 -1.7639 -3.30058 -1.64549 2.14617e+06 2.22232e+16 1.20258e-06 1.20855e-05 4.13591e-19 4.30312e-08 354493 0 0 1.49827e-13 0 0 0.015314 0 0 0 0 0 0 3.27663e+11 3.27663e+11 3.27663e+11 3.27663e+11 
0.155 -0.536774 -3.83677 -1.74578 -3.28278 -1.66323 2.17823e+06 2.21829e+16 1.20392e-06 1.20881e-05 4.20237e-19 4.29623e-08 355067 0 0 1.52461e-13 0 0 0.015314 0 0 0 0 0 0 3.32054e+11 3.32054e+11 3.32054e+11 3.32054e+11 
0.1555 -0.519006 -3.81901 -1.72763 -3.26494 -1.68099 2.21063e+06 2.21427e+16 1.20526e-06 1.20907e-05 4.26961e-19 4.28937e-08 355639 0 0 1.5513e-13 0 0 0.015314 0 0 0 0 0 0 3.36482e+11 3.36482e+11 3.36482e+11 3.36482e+11 
0.156 -0.50121 -3.80121 -1.70945 -3.24707 -1.69879 2.24336e+06 2.21027e+16 1.2066e-06 1.20934e-05 4.33764e-19 4.28255e-08 356211 0 0 1.57835e-13 0 0 0.015314 0 0 0 0 0 0 3.40949e+11 3.40949e+11 3.40949e+11 3.40949e+11 
0.1565 -0.483385 -3.78338 -1.69124 -3.22918 -1.71662 2.27643e+06 2.20628e+16 1.20794e-06 1.2096e-05 4.40646e-19 4.27576e-08 356782 0 0 1.60576e-13 0 0 0.015314 0 0 0 0 0 0 3.45454e+11 3.45454e+11 3.45454e+11 3.45454e+11 
0.157 -0.465532 -3.76553 -1.67301 -3.21126 -1.73447 2.30983e+06 2.20231e+16 1.20929e-06 1.20987e-05 4.47608e-19 4.26901e-08 357352 0 0 1.63353e-13 0 0 0.015314 0 0 0 0 0 0 3.49997e+11 3.49997e+11 3.49997e+11 3.49997e+11 
0.1575 -0.44765 -3.74765 -1.65475 -3.19331 -1.75235 2.34358e+06 2.19836e+16 1.21063e-06 1.21013e-05 4.5465e-19 4.26228e-08 357921 0 0 1.66166e-13 0 0 0.015314 0 0 0 0 0 0 3.54579e+11 3.54579e+11 3.54579e+11 3.54579e+11 
0.158 -0.42974 -3.72974 -1.63646 -3.17533 -1.77026 2.37766e+06 2.19442e+16 1.21197e-06 1.2104e-05 4.61773e-19 4.25559e-08 358489 0 0 1.69016e-13 0 0 0.015314 0 0 0 0 0 0 3.592e+11 3.592e+11 3.592e+11 3.592e+11 
0.1585 -0.411801 -3.7118 -1.61815 -3.15732 -1.7882 2.41208e+06 2.19049e+16 1.21332e-06 1.21068e-05 4.68977e-19 4.24894e-08 359055 0 0 1.71903e-13 0 0 0.015314 0 0 0 0 0 0 3.6386e+11 3.6386e+11 3.6386e+11 3.6386e+11 
0.159 -0.393834 -3.69383 -1.59981 -3.13929 -1.80617 2.44685e+06 2.18658e+16 1.21467e-06 1.21095e-05 4.76264e-19 4.24231e-08 359621 0 0 1.74828e-13 0 0 0.015314 0 0 0 0 0 0 3.68559e+11 3.68559e+11 3.68559e+11 3.68559e+11 
0.1595 -0.375839 -3.67584 -1.58144 -3.12122 -1.82416 2.48196e+06 2.18269e+16 1.21601e-06 1.21123e-05 4.83632e-19 4.23572e-08 360186 0 0 1.7779e-13 0 0 0.015314 0 0 0 0 0 0 3.73296e+11 3.73296e+11 3.73296e+11 3.73296e+11 
0.16 -0.357815 -3.65782 -1.56305 -3.10313 -1.84218 2.51741e+06 2.17881e+16 1.21736e-06 1.2115e-05 4.91084e-19 4.22916e-08 360749 0 0 1.8079e-13 0 0 0.015314 0 0 0 0 0 0 3.78073e+11 3.78073e+11 3.78073e+11 3.78073e+11 
0.1605 -0.339764 -3.63976 -1.54463 -3.08501 -1.86024 2.55322e+06 2.17494e+16 1.21871e-06 1.21178e-05 4.98619e-19 4.22263e-08 361312 0 0 1.83829e-13 0 0 0.015314 0 0 0 0 0 0 3.82889e+11 3.82889e+11 3.82889e+11 3.82889e+11 
0.161 -0.321684 -3.62168 -1.52618 -3.06687 -1.87832 2.58937e+06 2.17109e+16 1.22006e-06 1.21207e-05 5.06238e-19 4.21614e-08 361874 0 0 1.86906e-13 0 0 0.015314 0 0 0 0 0 0 3.87744e+11 3.87744e+11 3.87744e+11 3.87744e+11 
0.1615 -0.303576 -3.60358 -1.50771 -3.04869 -1.89642 2.62588e+06 2.16726e+16 1.22141e-06 1.21235e-05 5.13942e-19 4.20967e-08 362435 0 0 1.90022e-13 0 0 0.015314 0 0 0 0 0 0 3.92639e+11 3.92639e+11 3.92639e+11 3.92639e+11 
0.162 -0.285441 -3.58544 -1.48921 -3.03049 -1.91456 2.66273e+06 2.16343e+16 1.22276e-06 1.21263e-05 5.21731e-19 4.20324e-08 362994 0 0 1.93177e-13 0 0 0.015314 0 0 0 0 0 0 3.97573e+11 3.97573e+11 3.97573e+11 3.97573e+11 
0.1625 -0.267277 -3.56728 -1.47069 -3.01226 -1.93272 2.69994e+06 2.15963e+16 1.22411e-06 1.21292e-05 5.29606e-19 4.19683e-08 363553 0 0 1.96372e-13 0 0 0.015314 0 0 0 0 0 0 4.02547e+11 4.02547e+11 4.02547e+11 4.02547e+11 
0.163 -0.249085 -3.54909 -1.45213 -2.994 -1.95091 2.73751e+06 2.15584e+16 1.22547e-06 1.21321e-05 5.37566e-19 4.19046e-08 364111 0 0 1.99607e-13 0 0 0.015314 0 0 0 0 0 0 4.0756e+11 4.0756e+11 4.0756e+11 4.0756e+11 
0.1635 -0.230866 -3.53087 -1.43356 -2.97571 -1.96913 2.77543e+06 2.15206e+16 1.22682e-06 1.2135e-05 5.45614e-19 4.18412e-08 364668 0 0 2.02882e-13 0 0 0.015314 0 0 0 0 0 0 4.12613e+11 4.12613e+11 4.12613e+11 4.12613e+11 
0.164 -0.212619 -3.51262 -1.41495 -2.9574 -1.98738 2.81371e+06 2.14829e+16 1.22818e-06 1.21379e-05 5.53748e-19 4.1778e-08 365224 0 0 2.06197e-13 0 0 0.015314 0 0 0 0 0 0 4.17706e+11 4.17706e+11 4.17706e+11 4.17706e+11 
0.1645 -0.194344 -3.49434 -1.39632 -2.93906 -2.00566 2.85235e+06 2.14454e+16 1.22953e-06 1.21409e-05 5.61971e-19 4.17152e-08 365778 0 0 2.09554e-13 0 0 0.015314 0 0 0 0 0 0 4.22839e+11 4.22839e+11 4.22839e+11 4.22839e+11 
0.165 -0.176041 -3.47604 -1.37766 -2.92069 -2.02396 2.89135e+06 2.14081e+16 1.23089e-06 1.21438e-05 5.70282e-19 4.16527e-08 366332 0 0 2.12951e-13 0 0 0.015314 0 0 0 0 0 0 4.28011e+11 4.28011e+11 4.28011e+11 4.28011e+11 
0.1655 -0.15771 -3.45771 -1.35898 -2.90229 -2.04229 2.93071e+06 2.13708e+16 1.23224e-06 1.21468e-05 5.78681e-19 4.15905e-08 366885 0 0 2.1639e-13 0 0 0.015314 0 0 0 0 0 0 4.33224e+11 4.33224e+11 4.33224e+11 4.33224e+11 
0.166 -0.139352 -3.43935 -1.34027 -2.88387 -2.06065 2.97043e+06 2.13338e+16 1.2336e-06 1.21498e-05 5.87171e-19 4.15285e-08 367437 0 0 2.19871e-13 0 0 0.015314 0 0 0 0 0 0 4.38477e+11 4.38477e+11 4.38477e+11 4.38477e+11 
0.1665 -0.120967 -3.42097 -1.32154 -2.86542 -2.07903 3.01052e+06 2.12968e+16 1.23496e-06 1.21528e-05 5.95749e-19 4.14669e-08 367988 0 0 2.23394e-13 0 0 0.015314 0 0 0 0 0 0 4.4377e+11 4.4377e+11 4.4377e+11 4.4377e+11 
0.167 -0.102553 -3.40255 -1.30277 -2.84694 -2.09745 3.05098e+06 2.126e+16 1.23632e-06 1.21558e-05 6.04419e-19 4.14055e-08 368538 0 0 2.26959e-13 0 0 0.015314 0 0 0 0 0 0 4.49104e+11 4.49104e+11 4.49104e+11 4.49104e+11 
0.1675 -0.0841128 -3.38411 -1.28399 -2.82843 -2.11589 3.09181e+06 2.12233e+16 1.23768e-06 1.21589e-05 6.13179e-19 4.13444e-08 369087 0 0 2.30567e-13 0 0 0.015314 0 0 0 0 0 0 4.54477e+11 4.54477e+11 4.54477e+11 4.54477e+11 
0.168 -0.0656447 -3.36564 -1.26517 -2.8099 -2.13436 3.133e+06 2.11868e+16 1.23904e-06 1.21619e-05 6.22031e-19 4.12836e-08 369636 0 0 2.34218e-13 0 0 0.015314 0 0 0 0 0 0 4.59892e+11 4.59892e+11 4.59892e+11 4.59892e+11 
0.1685 -0.0471493 -3.34715 -1.24634 -2.79134 -2.15285 3.17457e+06 2.11504e+16 1.2404e-06 1.2165e-05 6.30975e-19 4.12231e-08 370183 0 0 2.37913e-13 0 0 0.015314 0 0 0 0 0 0 4.65346e+11 4.65346e+11 4.65346e+11 4.65346e+11 
0.169 -0.0286265 -3.32863 -1.22747 -2.77275 -2.17137 3.21651e+06 2.11141e+16 1.24176e-06 1.21681e-05 6.40012e-19 4.11629e-08 370729 0 0 2.41651e-13 0 0 0.015314 0 0 0 0 0 0 4.70842e+11 4.70842e+11 4.70842e+11 4.70842e+11 
0.1695 -0.0100764 -3.31008 -1.20858 -2.75413 -2.18992 3.25882e+06 2.1078e+16 1.24313e-06 1.21712e-05 6.49141e-19 4.11029e-08 371274 0 0 2.45434e-13 0 0 0.015314 0 0 0 0 0 0 4.76378e+11 4.76378e+11 4.76378e+11 4.76378e+11 
0.17 0.00850097 -3.2915 -1.18966 -2.73549 -2.2085 3.3015e+06 2.1042e+16 1.24449e-06 1.21743e-05 6.58364e-19 4.10432e-08 371819 0 0 2.49261e-13 0 0 0.015314 0 0 0 0 0 0 4.81954e+11 4.81954e+11 4.81954e+11 4.81954e+11 
0.1705 0.0271055 -3.27289 -1.17072 -2.71682 -2.22711 3.34456e+06 2.10061e+16 1.24585e-06 1.21775e-05 6.67682e-19 4.09838e-08 372362 0 0 2.53132e-13 0 0 0.015314 0 0 0 0 0 0 4.87572e+11 4.87572e+11 4.87572e+11 4.87572e+11 
0.171 0.0457372 -3.25426 -1.15175 -2.69812 -2.24574 3.388e+06 2.09703e+16 1.24722e-06 1.21806e-05 6.77094e-19 4.09247e-08 372905 0 0 2.57049e-13 0 0 0.015314 0 0 0 0 0 0 4.9323e+11 4.9323e+11 4.9323e+11 4.9323e+11 
0.1715 0.064396 -3.2356 -1.13276 -2.6794 -2.2644 3.43182e+06 2.09347e+16 1.24859e-06 1.21838e-05 6.86601e-19 4.08658e-08 373446 0 0 2.61011e-13 0 0 0.015314 0 0 0 0 0 0 4.98929e+11 4.98929e+11 4.98929e+11 4.98929e+11 
0.172 0.0830818 -3.21692 -1.11374 -2.66065 -2.28308 3.47602e+06 2.08992e+16 1.24995e-06 1.2187e-05 6.96204e-19 4.08072e-08 373987 0 0 2.65018e-13 0 0 0.015314 0 0 0 0 0 0 5.04669e+11 5.04669e+11 5.04669e+11 5.04669e+11 
0.1725 0.101795 -3.19821 -1.09469 -2.64187 -2.30179 3.5206e+06 2.08639e+16 1.25132e-06 1.21902e-05 7.05903e-19 4.07489e-08 374527 0 0 2.69072e-13 0 0 0.015314 0 0 0 0 0 0 5.10451e+11 5.10451e+11 5.10451e+11 5.10451e+11 
0.173 0.120535 -3.17947 -1.07562 -2.62307 -2.32053 3.56557e+06 2.08286e+16 1.25269e-06 1.21934e-05 7.157e-19 4.06908e-08 375066 0 0 2.73172e-13 0 0 0.015314 0 0 0 0 0 0 5.16273e+11 5.16273e+11 5.16273e+11 5.16273e+11 
0.1735 0.139301 -3.1607 -1.05653 -2.60424 -2.3393 3.61091e+06 2.07935e+16 1.25406e-06 1.21967e-05 7.25593e-19 4.0633e-08 375604 0 0 2.77318e-13 0 0 0.015314 0 0 0 0 0 0 5.22136e+11 5.22136e+11 5.22136e+11 5.22136e+11 
0.174 0.158095 -3.14191 -1.0374 -2.58538 -2.35809 3.65664e+06 2.07585e+16 1.25543e-06 1.21999e-05 7.35584e-19 4.05755e-08 376141 0 0 2.81512e-13 0 0 0.015314 0 0 0 0 0 0 5.28041e+11 5.28041e+11 5.28041e+11 5.28041e+11 
0.1745 0.176915 -3.12308 -1.01826 -2.5665 -2.37692 3.70276e+06 2.07237e+16 1.2568e-06 1.22032e-05 7.45674e-19 4.05182e-08 376677 0 0 2.85753e-13 0 0 0.015314 0 0 0 0 0 0 5.33987e+11 5.33987e+11 5.33987e+11 5.33987e+11 
0.175 0.195763 -3.10424 -0.999084 -2.54759 -2.39576 3.74927e+06 2.06889e+16 1.25817e-06 1.22065e-05 7.55862e-19 4.04612e-08 377212 0 0 2.90042e-13 0 0 0.015314 0 0 0 0 0 0 5.39974e+11 5.39974e+11 5.39974e+11 5.39974e+11 
0.1755 0.214637 -3.08536 -0.979886 -2.52865 -2.41464 3.79617e+06 2.06543e+16 1.25954e-06 1.22098e-05 7.6615e-19 4.04044e-08 377747 0 0 2.94378e-13 0 0 0.015314 0 0 0 0 0 0 5.46003e+11 5.46003e+11 5.46003e+11 5.46003e+11 
0.176 0.233537 -3.06646 -0.960662 -2.50968 -2.43354 3.84345e+06 2.06198e+16 1.26092e-06 1.22131e-05 7.76538e-19 4.03479e-08 378280 0 0 2.98763e-13 0 0 0.015314 0 0 0 0 0 0 5.52073e+11 5.52073e+11 5.52073e+11 5.52073e+11 
0.1765 0.252465 -3.04754 -0.941413 -2.49069 -2.45246 3.89113e+06 2.05855e+16 1.26229e-06 1.22164e-05 7.87026e-19 4.02916e-08 378813 0 0 3.03197e-13 0 0 0.015314 0 0 0 0 0 0 5.58184e+11 5.58184e+11 5.58184e+11 5.58184e+11 
0.177 0.271419 -3.02858 -0.922139 -2.47168 -2.47142 3.9392e+06 2.05512e+16 1.26366e-06 1.22198e-05 7.97615e-19 4.02356e-08 379344 0 0 3.0768e-13 0 0 0.015314 0 0 0 0 0 0 5.64337e+11 5.64337e+11 5.64337e+11 5.64337e+11 
0.1775 0.290399 -3.0096 -0.90284 -2.45263 -2.4904 3.98766e+06 2.05171e+16 1.26504e-06 1.22231e-05 8.08306e-19 4.01798e-08 379875 0 0 3.12211e-13 0 0 0.015314 0 0 0 0 0 0 5.70532e+11 5.70532e+11 5.70532e+11 5.70532e+11 
0.178 0.309406 -2.99059 -0.883515 -2.43356 -2.50941 4.03652e+06 2.04831e+16 1.26641e-06 1.22265e-05 8.19099e-19 4.01243e-08 380405 0 0 3.16793e-13 0 0 0.015314 0 0 0 0 0 0 5.76768e+11 5.76768e+11 5.76768e+11 5.76768e+11 
0.1785 0.32844 -2.97156 -0.864165 -2.41447 -2.52844 4.08578e+06 2.04492e+16 1.26779e-06 1.22299e-05 8.29994e-19 4.0069e-08 380934 0 0 3.21425e-13 0 0 0.015314 0 0 0 0 0 0 5.83046e+11 5.83046e+11 5.83046e+11 5.83046e+11 
0.179 0.347499 -2.9525 -0.84479 -2.39534 -2.5475 4.13543e+06 2.04154e+16 1.26917e-06 1.22333e-05 8.40992e-19 4.00139e-08 381462 0 0 3.26106e-13 0 0 0.015314 0 0 0 0 0 0 5.89366e+11 5.89366e+11 5.89366e+11 5.89366e+11 
0.1795 0.366586 -2.93341 -0.82539 -2.37619 -2.56659 4.18548e+06 2.03817e+16 1.27055e-06 1.22367e-05 8.52094e-19 3.99591e-08 381990 0 0 3.30839e-13 0 0 0.015314 0 0 0 0 0 0 5.95727e+11 5.95727e+11 5.95727e+11 5.95727e+11 
0.18 0.385698 -2.9143 -0.805965 -2.35702 -2.5857 4.23593e+06 2.03482e+16 1.27193e-06 1.22401e-05 8.633e-19 3.99046e-08 382516 0 0 3.35623e-13 0 0 0.015314 0 0 0 0 0 0 6.0213e+11 6.0213e+11 6.0213e+11 6.0213e+11 
0.1805 0.404837 -2.89516 -0.786514 -2.33782 -2.60484 4.28679e+06 2.03148e+16 1.2733e-06 1.22436e-05 8.7461e-19 3.98502e-08 383042 0 0 3.40457e-13 0 0 0.015314 0 0 0 0 0 0 6.08575e+11 6.08575e+11 6.08575e+11 6.08575e+11 
0.181 0.424003 -2.876 -0.767039 -2.31859 -2.624 4.33804e+06 2.02815e+16 1.27469e-06 1.2247e-05 8.86026e-19 3.97961e-08 383566 0 0 3.45344e-13 0 0 0.015314 0 0 0 0 0 0 6.15062e+11 6.15062e+11 6.15062e+11 6.15062e+11 
0.1815 0.443194 -2.85681 -0.747539 -2.29934 -2.64319 4.3897e+06 2.02483e+16 1.27607e-06 1.22505e-05 8.97547e-19 3.97423e-08 384090 0 0 3.50282e-13 0 0 0.015314 0 0 0 0 0 0 6.21591e+11 6.21591e+11 6.21591e+11 6.21591e+11 
0.182 0.462412 -2.83759 -0.728014 -2.28006 -2.66241 4.44176e+06 2.02152e+16 1.27745e-06 1.2254e-05 9.09174e-19 3.96887e-08 384613 0 0 3.55273e-13 0 0 0.015314 0 0 0 0 0 0 6.28161e+11 6.28161e+11 6.28161e+11 6.28161e+11 
0.1825 0.481655 -2.81834 -0.708464 -2.26075 -2.68166 4.49423e+06 2.01822e+16 1.27883e-06 1.22575e-05 9.20908e-19 3.96353e-08 385135 0 0 3.60317e-13 0 0 0.015314 0 0 0 0 0 0 6.34774e+11 6.34774e+11 6.34774e+11 6.34774e+11 
0.183 0.500925 -2.79907 -0.688889 -2.24142 -2.70093 4.5471e+06 2.01494e+16 1.28021e-06 1.2261e-05 9.32749e-19 3.95821e-08 385657 0 0 3.65413e-13 0 0 0.015314 0 0 0 0 0 0 6.41429e+11 6.41429e+11 6.41429e+11 6.41429e+11 
0.1835 0.520221 -2.77978 -0.669289 -2.22206 -2.72022 4.60038e+06 2.01167e+16 1.2816e-06 1.22645e-05 9.44698e-19 3.95292e-08 386177 0 0 3.70563e-13 0 0 0.015314 0 0 0 0 0 0 6.48125e+11 6.48125e+11 6.48125e+11 6.48125e+11 
0.184 0.539543 -2.76046 -0.649664 -2.20268 -2.73954 4.65407e+06 2.0084e+16 1.28298e-06 1.22681e-05 9.56754e-19 3.94765e-08 386697 0 0 3.75766e-13 0 0 0.015314 0 0 0 0 0 0 6.54864e+11 6.54864e+11 6.54864e+11 6.54864e+11 
0.1845 0.558891 -2.74111 -0.630015 -2.18327 -2.75889 4.70817e+06 2.00515e+16 1.28437e-06 1.22716e-05 9.6892e-19 3.9424e-08 387215 0 0 3.81024e-13 0 0 0.015314 0 0 0 0 0 0 6.61645e+11 6.61645e+11 6.61645e+11 6.61645e+11 
0.185 0.578264 -2.72174 -0.610341 -2.16384 -2.77826 4.76268e+06 2.00191e+16 1.28575e-06 1.22752e-05 9.81194e-19 3.93717e-08 387733 0 0 3.86335e-13 0 0 0.015314 0 0 0 0 0 0 6.68468e+11 6.68468e+11 6.68468e+11 6.68468e+11 
0.1855 0.597664 -2.70234 -0.590642 -2.14437 -2.79766 4.8176e+06 1.99868e+16 1.28714e-06 1.22788e-05 9.93579e-19 3.93197e-08 388250 0 0 3.91702e-13 0 0 0.015314 0 0 0 0 0 0 6.75333e+11 6.75333e+11 6.75333e+11 6.75333e+11 
0.186 0.617089 -2.68291 -0.570919 -2.12489 -2.81709 4.87294e+06 1.99546e+16 1.28853e-06 1.22824e-05 1.00607e-18 3.92678e-08 388767 0 0 3.97123e-13 0 0 0.015314 0 0 0 0 0 0 6.82241e+11 6.82241e+11 6.82241e+11 6.82241e+11 
0.1865 0.636541 -2.66346 -0.551171 -2.10538 -2.83654 4.92869e+06 1.99225e+16 1.28992e-06 1.2286e-05 1.01868e-18 3.92162e-08 389282 0 0 4.026e-13 0 0 0.015314 0 0 0 0 0 0 6.8919e+11 6.8919e+11 6.8919e+11 6.8919e+11 
0.187 0.656018 -2.64398 -0.531398 -2.08584 -2.85602 4.98485e+06 1.98906e+16 1.2913e-06 1.22896e-05 1.03139e-18 3.91649e-08 389797 0 0 4.08133e-13 0 0 0.015314 0 0 0 0 0 0 6.96182e+11 6.96182e+11 6.96182e+11 6.96182e+11 
0.1875 0.67552 -2.62448 -0.511601 -2.06627 -2.87552 5.04143e+06 1.98587e+16 1.29269e-06 1.22933e-05 1.04422e-18 3.91137e-08 390310 0 0 4.13721e-13 0 0 0.015314 0 0 0 0 0 0 7.03216e+11 7.03216e+11 7.03216e+11 7.03216e+11 
0.188 0.695049 -2.60495 -0.491779 -2.04669 -2.89505 5.09843e+06 1.9827e+16 1.29408e-06 1.22969e-05 1.05716e-18 3.90627e-08 390823 0 0 4.19366e-13 0 0 0.015314 0 0 0 0 0 0 7.10293e+11 7.10293e+11 7.10293e+11 7.10293e+11 
0.1885 0.714603 -2.5854 -0.471933 -2.02707 -2.9146 5.15584e+06 1.97953e+16 1.29548e-06 1.23006e-05 1.07022e-18 3.9012e-08 391335 0 0 4.25068e-13 0 0 0.015314 0 0 0 0 0 0 7.17411e+11 7.17411e+11 7.17411e+11 7.17411e+11 
0.189 0.734182 -2.56582 -0.452062 -2.00743 -2.93418 5.21367e+06 1.97638e+16 1.29687e-06 1.23043e-05 1.08338e-18 3.89615e-08 391847 0 0 4.30826e-13 0 0 0.015314 0 0 0 0 0 0 7.24572e+11 7.24572e+11 7.24572e+11 7.24572e+11 
0.1895 0.753787 -2.54621 -0.432167 -1.98777 -2.95379 5.27192e+06 1.97323e+16 1.29826e-06 1.2308e-05 1.09666e-18 3.89112e-08 392357 0 0 4.36642e-13 0 0 0.015314 0 0 0 0 0 0 7.31776e+11 7.31776e+11 7.31776e+11 7.31776e+11 
0.19 0.773418 -2.52658 -0.412248 -1.96807 -2.97342 5.3306e+06 1.9701e+16 1.29965e-06 1.23117e-05 1.11006e-18 3.8861e-08 392867 0 0 4.42516e-13 0 0 0.015314 0 0 0 0 0 0 7.39021e+11 7.39021e+11 7.39021e+11 7.39021e+11 
0.1905 0.793074 -2.50693 -0.392304 -1.94836 -2.99307 5.38969e+06 1.96697e+16 1.30105e-06 1.23154e-05 1.12356e-18 3.88111e-08 393376 0 0 4.48448e-13 0 0 0.015314 0 0 0 0 0 0 7.46309e+11 7.46309e+11 7.46309e+11 7.46309e+11 
0.191 0.812755 -2.48724 -0.372336 -1.92862 -3.01276 5.44921e+06 1.96386e+16 1.30244e-06 1.23191e-05 1.13719e-18 3.87614e-08 393884 0 0 4.54438e-13 0 0 0.015314 0 0 0 0 0 0 7.5364e+11 7.5364e+11 7.5364e+11 7.5364e+11 
0.1915 0.832462 -2.46754 -0.352343 -1.90885 -3.03246 5.50915e+06 1.96076e+16 1.30384e-06 1.23228e-05 1.15093e-18 3.87119e-08 394391 0 0 4.60487e-13 0 0 0.015314 0 0 0 0 0 0 7.61012e+11 7.61012e+11 7.61012e+11 7.61012e+11 
0.192 0.852195 -2.44781 -0.332327 -1.88906 -3.05219 5.56951e+06 1.95766e+16 1.30523e-06 1.23266e-05 1.16478e-18 3.86626e-08 394898 0 0 4.66595e-13 0 0 0.015314 0 0 0 0 0 0 7.68427e+11 7.68427e+11 7.68427e+11 7.68427e+11 
0.1925 0.871952 -2.42805 -0.312286 -1.86924 -3.07195 5.6303e+06 1.95458e+16 1.30663e-06 1.23303e-05 1.17875e-18 3.86134e-08 395403 0 0 4.72762e-13 0 0 0.015314 0 0 0 0 0 0 7.75883e+11 7.75883e+11 7.75883e+11 7.75883e+11 
0.193 0.891735 -2.40827 -0.292221 -1.8494 -3.09173 5.69151e+06 1.9515e+16 1.30803e-06 1.23341e-05 1.19284e-18 3.85644e-08 395908 0 0 4.78989e-13 0 0 0.015314 0 0 0 0 0 0 7.83379e+11 7.83379e+11 7.83379e+11 7.83379e+11 
0.1935 0.911543 -2.38846 -0.272132 -1.82953 -3.11154 5.75316e+06 1.94842e+16 1.30942e-06 1.23378e-05 1.20705e-18 3.85153e-08 396412 0 0 4.85276e-13 0 0 0.015314 0 0 0 0 0 0 7.90914e+11 7.90914e+11 7.90914e+11 7.90914e+11 
0.194 0.931376 -2.36862 -0.252018 -1.80964 -3.13138 5.81523e+06 1.94534e+16 1.31082e-06 1.23416e-05 1.22138e-18 3.84659e-08 396915 0 0 4.91624e-13 0 0 0.015314 0 0 0 0 0 0 7.9848e+11 7.9848e+11 7.9848e+11 7.9848e+11 
0.1945 0.951234 -2.34877 -0.231881 -1.78972 -3.15123 5.87772e+06 1.94223e+16 1.31222e-06 1.23452e-05 1.23582e-18 3.84156e-08 397418 0 0 4.98031e-13 0 0 0.015314 0 0 0 0 0 0 8.06067e+11 8.06067e+11 8.06067e+11 8.06067e+11 
0.195 0.971118 -2.32888 -0.21172 -1.76977 -3.17112 5.94065e+06 1.93904e+16 1.31362e-06 1.23486e-05 1.25038e-18 3.83631e-08 397920 0 0 5.045e-13 0 0 0.015314 0 0 0 0 0 0 8.13644e+11 8.13644e+11 8.13644e+11 8.13644e+11 
0.1955 0.991026 -2.30897 -0.191534 -1.7498 -3.19103 6.00399e+06 1.93567e+16 1.31502e-06 1.23514e-05 1.26506e-18 3.83054e-08 398420 0 0 5.11029e-13 0 0 0.015314 0 0 0 0 0 0 8.21149e+11 8.21149e+11 8.21149e+11 8.21149e+11 
0.196 1.01096 -2.28904 -0.171325 -1.72979 -3.21096 6.06776e+06 1.93189e+16 1.31642e-06 1.23531e-05 1.27986e-18 3.82357e-08 398920 0 0 5.17617e-13 0 0 0.015314 0 0 0 0 0 0 8.28434e+11 8.28434e+11 8.28434e+11 8.28434e+11 
0.1965 1.03092 -2.26908 -0.151092 -1.70974 -3.23092 6.13194e+06 1.92717e+16 1.31782e-06 1.23521e-05 1.29477e-18 3.8139e-08 399419 0 0 5.2426e-13 0 0 0.015314 0 0 0 0 0 0 8.35171e+11 8.35171e+11 8.35171e+11 8.35171e+11 
0.197 1.0509 -2.2491 -0.130835 -1.68962 -3.2509 6.19648e+06 1.92032e+16 1.31922e-06 1.2345e-05 1.30978e-18 3.79817e-08 399916 0 0 5.30953e-13 0 0 0.015314 0 0 0 0 0 0 8.40615e+11 8.40615e+11 8.40615e+11 8.40615e+11 
0.1975 1.07091 -2.22909 -0.110555 -1.66938 -3.27091 6.26132e+06 1.9087e+16 1.32062e-06 1.23242e-05 1.32489e-18 3.76883e-08 400411 0 0 5.37677e-13 0 0 0.015314 0 0 0 0 0 0 8.43073e+11 8.43073e+11 8.43073e+11 8.43073e+11 
0.198 1.09094 -2.20906 -0.0902529 -1.64891 -3.29094 6.3263e+06 1.88628e+16 1.32136e-06 1.22664e-05 1.33939e-18 3.7071e-08 400658 0 0 5.41044e-13 0 0 0.015314 0 0 0 0 0 0 8.38297e+11 8.38297e+11 8.38297e+11 8.38297e+11 
0.198 1.09094 -2.20906 -0.0902529 -1.64891 -3.29094 6.3263e+06 1.88628e+16 1.32253e-06 1.22774e-05 1.34058e-18 3.7104e-08 401101 0 0 5.47135e-13 0 0 0.015314 0 0 0 0 0 0 8.39043e+11 8.39043e+11 8.39043e+11 8.39043e+11 
0.198409 1.10736 -2.19264 -0.0736151 -1.63178 -3.30736 6.37929e+06 1.85151e+16 1.32308e-06 1.21821e-05 1.35237e-18 3.61376e-08 401297 0 0 5.49832e-13 0 0 0.015314 0 0 0 0 0 0 8.24694e+11 8.24694e+11 8.24694e+11 8.24694e+11 
0.198752 1.12111 -2.17889 -0.0596928 -1.61699 -3.32111 6.42313e+06 1.80075e+16 1.324e-06 1.20431e-05 1.36261e-18 3.47456e-08 401621 0 0 5.54273e-13 0 0 0.015314 0 0 0 0 0 0 7.99337e+11 7.99337e+11 7.99337e+11 7.99337e+11 
0.199038 1.13261 -2.16739 -0.0480456 -1.60403 -3.33261 6.45911e+06 1.73199e+16 1.32475e-06 1.18478e-05 1.37102e-18 3.28772e-08 401882 0 0 5.57843e-13 0 0 0.015314 0 0 0 0 0 0 7.61874e+11 7.61874e+11 7.61874e+11 7.61874e+11 
0.199277 1.14223 -2.15777 -0.0383038 -1.59247 -3.34223 6.48838e+06 1.64488e+16 1.32535e-06 1.15929e-05 1.37786e-18 3.0552e-08 402091 0 0 5.60663e-13 0 0 0.0153139 0 0 0 0 0 0 7.12804e+11 7.12804e+11 7.12804e+11 7.12804e+11 
0.199478 1.15028 -2.14972 -0.0301574 -1.58197 -3.35028 6.512e+06 1.54057e+16 1.32583e-06 1.12785e-05 1.38337e-18 2.78384e-08 402256 0 0 5.62848e-13 0 0 0.0153139 0 0 0 0 0 0 6.53747e+11 6.53747e+11 6.53747e+11 6.53747e+11 
0.199645 1.15702 -2.14298 -0.023346 -1.57223 -3.35702 6.53092e+06 1.42136e+16 1.3262e-06 1.09072e-05 1.38777e-18 2.48386e-08 402384 0 0 5.64507e-13 0 0 0.0153138 0 0 0 0 0 0 5.87108e+11 5.87108e+11 5.87108e+11 5.87108e+11 
0.199785 1.16265 -2.13735 -0.0176517 -1.56301 -3.36265 6.54597e+06 1.29021e+16 1.32648e-06 1.04831e-05 1.39127e-18 2.16701e-08 402482 0 0 5.65741e-13 0 0 0.0153136 0 0 0 0 0 0 5.15659e+11 5.15659e+11 5.15659e+11 5.15659e+11 
0.199902 1.16737 -2.13263 -0.0128916 -1.55407 -3.36737 6.55788e+06 1.15031e+16 1.3267e-06 1.00104e-05 1.39403e-18 1.8449e-08 402556 0 0 5.66637e-13 0 0 0.0153132 0 0 0 0 0 0 4.42152e+11 4.42152e+11 4.42152e+11 4.42152e+11 
0.2 1.17131 -2.12869 -0.00891267 -1.54518 -3.37131 6.56728e+06 1.00464e+16 1.3268e-06 9.49137e-06 1.39613e-18 1.52774e-08 402585 0 0 5.66983e-13 0 0 0.015313 0 0 0 0 0 0 3.69015e+11 3.69015e+11 3.69015e+11 3.69015e+11 