# ASCII 1D datafile generated by TiberCAD
# x Ec Ev eQFermi hQFermi ElPotential eDensity hDensity eMobility hMobility eConductivity hConductivity ElField_x ElField_y ElField_z eCurrentDensity_x eCurrentDensity_y eCurrentDensity_z hCurrentDensity_x hCurrentDensity_y hCurrentDensity_z IonizedDonors IonizedAcceptors IonizedElectronTraps IonizedHoleTraps eNetRecombination eLangevinRecombination hNetRecombination hLangevinRecombination 
0 -1.95 -5.25 -3.44438 -4.74328 -0.25 36.4479 7.31199e+16 8.43605e-07 1.59299e-05 8.50351e-23 1.86621e-07 4483.28 0 0 7.28156e-19 0 0 0.0048131 0 0 0 0 0 0 2.31114e+07 2.31114e+07 2.31114e+07 2.31114e+07 
9.79066e-05 -1.94996 -5.24996 -3.4443 -4.74303 -0.250044 36.5042 7.27493e+16 8.4361e-07 1.58839e-05 8.50428e-23 1.85138e-07 4667.39 0 0 7.46557e-19 0 0 0.0048131 0 0 0 0 0 0 2.29666e+07 2.29666e+07 2.29666e+07 2.29666e+07 
0.000214985 -1.9499 -5.2499 -3.44419 -4.74272 -0.250101 36.5728 7.2312e+16 8.43621e-07 1.58295e-05 8.50521e-23 1.83396e-07 5106.38 0 0 7.90402e-19 0 0 0.00481311 0 0 0 0 0 0 2.27971e+07 2.27971e+07 2.27971e+07 2.27971e+07 
0.000354988 -1.94982 -5.24982 -3.44406 -4.74235 -0.250176 36.6566 7.17974e+16 8.43635e-07 1.57655e-05 8.50635e-23 1.81354e-07 5627.89 0 0 8.42401e-19 0 0 0.00481313 0 0 0 0 0 0 2.25997e+07 2.25997e+07 2.25997e+07 2.25997e+07 
0.000522406 -1.94972 -5.24972 -3.44389 -4.74191 -0.250276 36.7593 7.11937e+16 8.43654e-07 1.56903e-05 8.50775e-23 1.78971e-07 6246.68 0 0 9.03986e-19 0 0 0.00481315 0 0 0 0 0 0 2.23707e+07 2.23707e+07 2.23707e+07 2.23707e+07 
0.000722606 -1.94959 -5.24959 -3.44366 -4.74136 -0.250408 36.8858 7.04879e+16 8.43678e-07 1.56022e-05 8.50948e-23 1.76202e-07 6979.86 0 0 9.76804e-19 0 0 0.00481316 0 0 0 0 0 0 2.21067e+07 2.21067e+07 2.21067e+07 2.21067e+07 
0.000962009 -1.94941 -5.24941 -3.44338 -4.7407 -0.250586 37.042 6.96661e+16 8.43711e-07 1.54995e-05 8.51161e-23 1.73001e-07 7847.15 0 0 1.06275e-18 0 0 0.00481319 0 0 0 0 0 0 2.18045e+07 2.18045e+07 2.18045e+07 2.18045e+07 
0.00124829 -1.94917 -5.24917 -3.443 -4.7399 -0.250825 37.2359 6.87138e+16 8.43753e-07 1.53801e-05 8.51425e-23 1.69322e-07 8871.15 0 0 1.16397e-18 0 0 0.00481321 0 0 0 0 0 0 2.14612e+07 2.14612e+07 2.14612e+07 2.14612e+07 
0.00159063 -1.94885 -5.24885 -3.44251 -4.73891 -0.25115 37.4777 6.76165e+16 8.4381e-07 1.52422e-05 8.51756e-23 1.65124e-07 10077.5 0 0 1.28293e-18 0 0 0.00481324 0 0 0 0 0 0 2.1075e+07 2.1075e+07 2.1075e+07 2.1075e+07 
0.002 -1.94841 -5.24841 -3.44186 -4.7377 -0.251591 37.7808 6.63605e+16 8.43845e-07 1.50831e-05 8.52167e-23 1.60365e-07 10793 0 0 1.35339e-18 0 0 0.00481325 0 0 0 0 0 0 2.06446e+07 2.06446e+07 2.06446e+07 2.06446e+07 
0.002 -1.94841 -5.24841 -3.44186 -4.7377 -0.251591 37.7808 6.63605e+16 8.43929e-07 1.50846e-05 8.52172e-23 1.60381e-07 12352.9 0 0 1.50664e-18 0 0 0.00481329 0 0 0 0 0 0 2.06466e+07 2.06466e+07 2.06466e+07 2.06466e+07 
0.0025 -1.94779 -5.24779 -3.44098 -4.73618 -0.252209 38.1711 6.49036e+16 8.43985e-07 1.48993e-05 8.52704e-23 1.54934e-07 13191.7 0 0 1.58889e-18 0 0 0.0048133 0 0 0 0 0 0 2.01648e+07 2.01648e+07 2.01648e+07 2.01648e+07 
0.003 -1.94709 -5.24709 -3.44 -4.7346 -0.252911 38.5834 6.35251e+16 8.44098e-07 1.47241e-05 8.53268e-23 1.49859e-07 14851.6 0 0 1.75155e-18 0 0 0.00481333 0 0 0 0 0 0 1.97277e+07 1.97277e+07 1.97277e+07 1.97277e+07 
0.0035 -1.94631 -5.24631 -3.43892 -4.73297 -0.253694 39.0173 6.22189e+16 8.44221e-07 1.45574e-05 8.53863e-23 1.45116e-07 16476.8 0 0 1.91071e-18 0 0 0.00481336 0 0 0 0 0 0 1.93303e+07 1.93303e+07 1.93303e+07 1.93303e+07 
0.004 -1.94544 -5.24544 -3.43776 -4.73128 -0.254558 39.4729 6.09795e+16 8.44354e-07 1.43986e-05 8.54487e-23 1.40674e-07 18069 0 0 2.06668e-18 0 0 0.00481339 0 0 0 0 0 0 1.89691e+07 1.89691e+07 1.89691e+07 1.89691e+07 
0.0045 -1.9445 -5.2445 -3.4365 -4.72954 -0.255501 39.9503 5.98021e+16 8.44496e-07 1.42472e-05 8.55142e-23 1.36507e-07 19630.1 0 0 2.21976e-18 0 0 0.00481341 0 0 0 0 0 0 1.86409e+07 1.86409e+07 1.86409e+07 1.86409e+07 
0.005 -1.94348 -5.24348 -3.43516 -4.72776 -0.256521 40.4497 5.86822e+16 8.44646e-07 1.41027e-05 8.55828e-23 1.32592e-07 21161.4 0 0 2.3702e-18 0 0 0.00481343 0 0 0 0 0 0 1.83433e+07 1.83433e+07 1.83433e+07 1.83433e+07 
0.0055 -1.94238 -5.24238 -3.43374 -4.72592 -0.257617 40.9714 5.76156e+16 8.44805e-07 1.39646e-05 8.56544e-23 1.28907e-07 22664.5 0 0 2.51826e-18 0 0 0.00481345 0 0 0 0 0 0 1.80739e+07 1.80739e+07 1.80739e+07 1.80739e+07 
0.006 -1.94121 -5.24121 -3.43222 -4.72402 -0.258788 41.5159 5.65988e+16 8.44971e-07 1.38324e-05 8.57292e-23 1.25434e-07 24140.7 0 0 2.66415e-18 0 0 0.00481347 0 0 0 0 0 0 1.78306e+07 1.78306e+07 1.78306e+07 1.78306e+07 
0.0065 -1.93997 -5.23997 -3.43063 -4.72208 -0.260031 42.0839 5.56283e+16 8.45145e-07 1.37059e-05 8.58073e-23 1.22156e-07 25591.2 0 0 2.80808e-18 0 0 0.00481349 0 0 0 0 0 0 1.76117e+07 1.76117e+07 1.76117e+07 1.76117e+07 
0.007 -1.93865 -5.23865 -3.42895 -4.72008 -0.261347 42.676 5.4701e+16 8.45325e-07 1.35847e-05 8.58887e-23 1.19057e-07 27017.1 0 0 2.95025e-18 0 0 0.0048135 0 0 0 0 0 0 1.74156e+07 1.74156e+07 1.74156e+07 1.74156e+07 
0.0075 -1.93727 -5.23727 -3.42719 -4.71804 -0.262733 43.2929 5.38142e+16 8.45512e-07 1.34684e-05 8.59735e-23 1.16124e-07 28419.6 0 0 3.09084e-18 0 0 0.00481351 0 0 0 0 0 0 1.72411e+07 1.72411e+07 1.72411e+07 1.72411e+07 
0.008 -1.93581 -5.23581 -3.42536 -4.71594 -0.264189 43.9357 5.29651e+16 8.45705e-07 1.33567e-05 8.6062e-23 1.13344e-07 29799.7 0 0 3.23003e-18 0 0 0.00481353 0 0 0 0 0 0 1.70869e+07 1.70869e+07 1.70869e+07 1.70869e+07 
0.0085 -1.93429 -5.23429 -3.42344 -4.71379 -0.265713 44.6054 5.21515e+16 8.45905e-07 1.32493e-05 8.61541e-23 1.10706e-07 31158.3 0 0 3.36798e-18 0 0 0.00481354 0 0 0 0 0 0 1.6952e+07 1.6952e+07 1.6952e+07 1.6952e+07 
0.009 -1.9327 -5.2327 -3.42145 -4.71159 -0.267305 45.3031 5.13711e+16 8.4611e-07 1.31461e-05 8.62502e-23 1.082e-07 32496.3 0 0 3.50484e-18 0 0 0.00481355 0 0 0 0 0 0 1.68356e+07 1.68356e+07 1.68356e+07 1.68356e+07 
0.0095 -1.93104 -5.23104 -3.41938 -4.70934 -0.268963 46.0301 5.0622e+16 8.4632e-07 1.30468e-05 8.63503e-23 1.05816e-07 33814.6 0 0 3.64077e-18 0 0 0.00481356 0 0 0 0 0 0 1.67369e+07 1.67369e+07 1.67369e+07 1.67369e+07 
0.01 -1.92931 -5.22931 -3.41723 -4.70704 -0.270686 46.7878 4.99022e+16 8.46536e-07 1.29511e-05 8.64547e-23 1.03547e-07 35113.8 0 0 3.7759e-18 0 0 0.00481357 0 0 0 0 0 0 1.66552e+07 1.66552e+07 1.66552e+07 1.66552e+07 
0.0105 -1.92753 -5.22753 -3.41501 -4.70469 -0.272474 47.5777 4.921e+16 8.46757e-07 1.28588e-05 8.65635e-23 1.01383e-07 36394.8 0 0 3.91038e-18 0 0 0.00481358 0 0 0 0 0 0 1.65901e+07 1.65901e+07 1.65901e+07 1.65901e+07 
0.011 -1.92567 -5.22567 -3.41271 -4.7023 -0.274326 48.4015 4.85439e+16 8.46982e-07 1.27699e-05 8.6677e-23 9.93187e-08 37658.3 0 0 4.04433e-18 0 0 0.00481359 0 0 0 0 0 0 1.65411e+07 1.65411e+07 1.65411e+07 1.65411e+07 
0.0115 -1.92376 -5.22376 -3.41034 -4.69985 -0.27624 49.261 4.79024e+16 8.47212e-07 1.2684e-05 8.67954e-23 9.73469e-08 38904.8 0 0 4.17789e-18 0 0 0.00481359 0 0 0 0 0 0 1.65078e+07 1.65078e+07 1.65078e+07 1.65078e+07 
0.012 -1.92178 -5.22178 -3.4079 -4.69735 -0.278216 50.1583 4.7284e+16 8.47447e-07 1.2601e-05 8.69191e-23 9.54618e-08 40135.1 0 0 4.31118e-18 0 0 0.0048136 0 0 0 0 0 0 1.64901e+07 1.64901e+07 1.64901e+07 1.64901e+07 
0.0125 -1.91975 -5.21975 -3.40538 -4.69481 -0.280253 51.0953 4.66876e+16 8.47686e-07 1.25208e-05 8.70483e-23 9.36578e-08 41349.6 0 0 4.44434e-18 0 0 0.00481361 0 0 0 0 0 0 1.64876e+07 1.64876e+07 1.64876e+07 1.64876e+07 
0.013 -1.91765 -5.21765 -3.40279 -4.69221 -0.282351 52.0744 4.6112e+16 8.47929e-07 1.24432e-05 8.71833e-23 9.19301e-08 42549 0 0 4.57748e-18 0 0 0.00481361 0 0 0 0 0 0 1.65004e+07 1.65004e+07 1.65004e+07 1.65004e+07 
0.0135 -1.91549 -5.21549 -3.40013 -4.68957 -0.284508 53.0982 4.5556e+16 8.48177e-07 1.23682e-05 8.73245e-23 9.02739e-08 43733.8 0 0 4.71073e-18 0 0 0.00481362 0 0 0 0 0 0 1.65284e+07 1.65284e+07 1.65284e+07 1.65284e+07 
0.014 -1.91328 -5.21328 -3.3974 -4.68688 -0.286724 54.1693 4.50186e+16 8.48428e-07 1.22955e-05 8.74722e-23 8.86849e-08 44904.5 0 0 4.84421e-18 0 0 0.00481362 0 0 0 0 0 0 1.65716e+07 1.65716e+07 1.65716e+07 1.65716e+07 
0.0145 -1.911 -5.211 -3.3946 -4.68414 -0.288999 55.2906 4.4499e+16 8.48683e-07 1.22251e-05 8.76269e-23 8.71593e-08 46061.5 0 0 4.97804e-18 0 0 0.00481363 0 0 0 0 0 0 1.66302e+07 1.66302e+07 1.66302e+07 1.66302e+07 
0.015 -1.90867 -5.20867 -3.39172 -4.68136 -0.291331 56.4653 4.39961e+16 8.48942e-07 1.21569e-05 8.7789e-23 8.56933e-08 47205.3 0 0 5.11236e-18 0 0 0.00481363 0 0 0 0 0 0 1.67043e+07 1.67043e+07 1.67043e+07 1.67043e+07 
0.0155 -1.90628 -5.20628 -3.38877 -4.67853 -0.293719 57.6968 4.35092e+16 8.49204e-07 1.20907e-05 8.79589e-23 8.42835e-08 48336.3 0 0 5.24728e-18 0 0 0.00481364 0 0 0 0 0 0 1.67941e+07 1.67941e+07 1.67941e+07 1.67941e+07 
0.016 -1.90384 -5.20384 -3.38575 -4.67565 -0.296164 58.9887 4.30374e+16 8.4947e-07 1.20265e-05 8.81372e-23 8.29268e-08 49454.9 0 0 5.38294e-18 0 0 0.00481364 0 0 0 0 0 0 1.69e+07 1.69e+07 1.69e+07 1.69e+07 
0.0165 -1.90134 -5.20134 -3.38266 -4.67272 -0.298665 60.345 4.25801e+16 8.4974e-07 1.19641e-05 8.83244e-23 8.16204e-08 50561.5 0 0 5.51947e-18 0 0 0.00481364 0 0 0 0 0 0 1.70225e+07 1.70225e+07 1.70225e+07 1.70225e+07 
0.017 -1.89878 -5.19878 -3.37951 -4.66975 -0.30122 61.77 4.21366e+16 8.50012e-07 1.19036e-05 8.85211e-23 8.03614e-08 51656.4 0 0 5.65699e-18 0 0 0.00481365 0 0 0 0 0 0 1.71618e+07 1.71618e+07 1.71618e+07 1.71618e+07 
0.0175 -1.89617 -5.19617 -3.37627 -4.66673 -0.30383 63.2684 4.17062e+16 8.50288e-07 1.18447e-05 8.8728e-23 7.91473e-08 52740.1 0 0 5.79566e-18 0 0 0.00481365 0 0 0 0 0 0 1.73187e+07 1.73187e+07 1.73187e+07 1.73187e+07 
0.018 -1.89351 -5.19351 -3.37297 -4.66367 -0.306494 64.845 4.12883e+16 8.50568e-07 1.17875e-05 8.89456e-23 7.79759e-08 53812.8 0 0 5.93561e-18 0 0 0.00481365 0 0 0 0 0 0 1.74936e+07 1.74936e+07 1.74936e+07 1.74936e+07 
0.0185 -1.89079 -5.19079 -3.3696 -4.66056 -0.309212 66.5053 4.08824e+16 8.5085e-07 1.17319e-05 8.91749e-23 7.68448e-08 54874.8 0 0 6.07698e-18 0 0 0.00481366 0 0 0 0 0 0 1.76873e+07 1.76873e+07 1.76873e+07 1.76873e+07 
0.019 -1.88802 -5.18802 -3.36616 -4.65741 -0.311982 68.2552 4.04879e+16 8.51136e-07 1.16777e-05 8.94166e-23 7.57521e-08 55926.5 0 0 6.21995e-18 0 0 0.00481366 0 0 0 0 0 0 1.79006e+07 1.79006e+07 1.79006e+07 1.79006e+07 
0.0195 -1.8852 -5.1852 -3.36265 -4.65421 -0.314804 70.101 4.01044e+16 8.51424e-07 1.1625e-05 8.96715e-23 7.46959e-08 56968.2 0 0 6.36465e-18 0 0 0.00481366 0 0 0 0 0 0 1.81343e+07 1.81343e+07 1.81343e+07 1.81343e+07 
0.02 -1.88232 -5.18232 -3.35906 -4.65096 -0.317679 72.0495 3.97312e+16 8.51716e-07 1.15737e-05 8.99407e-23 7.36742e-08 58000 0 0 6.51126e-18 0 0 0.00481366 0 0 0 0 0 0 1.83894e+07 1.83894e+07 1.83894e+07 1.83894e+07 
0.0205 -1.8794 -5.1794 -3.35541 -4.64767 -0.320604 74.1082 3.93681e+16 8.5201e-07 1.15237e-05 9.02251e-23 7.26856e-08 59022.4 0 0 6.65996e-18 0 0 0.00481367 0 0 0 0 0 0 1.8667e+07 1.8667e+07 1.8667e+07 1.8667e+07 
0.021 -1.87642 -5.17642 -3.35168 -4.64434 -0.323581 76.285 3.90146e+16 8.52308e-07 1.1475e-05 9.05259e-23 7.17283e-08 60035.5 0 0 6.81093e-18 0 0 0.00481367 0 0 0 0 0 0 1.89683e+07 1.89683e+07 1.89683e+07 1.89683e+07 
0.0215 -1.87339 -5.17339 -3.34788 -4.64096 -0.326608 78.5886 3.86702e+16 8.52608e-07 1.14275e-05 9.08443e-23 7.08009e-08 61039.5 0 0 6.96437e-18 0 0 0.00481367 0 0 0 0 0 0 1.92945e+07 1.92945e+07 1.92945e+07 1.92945e+07 
0.022 -1.87032 -5.17032 -3.34401 -4.63754 -0.329685 81.0286 3.83347e+16 8.52911e-07 1.13812e-05 9.11815e-23 6.99021e-08 62034.8 0 0 7.12047e-18 0 0 0.00481367 0 0 0 0 0 0 1.9647e+07 1.9647e+07 1.9647e+07 1.9647e+07 
0.0225 -1.86719 -5.16719 -3.34007 -4.63408 -0.332811 83.6152 3.80076e+16 8.53217e-07 1.1336e-05 9.15391e-23 6.90304e-08 63021.5 0 0 7.27946e-18 0 0 0.00481367 0 0 0 0 0 0 2.00274e+07 2.00274e+07 2.00274e+07 2.00274e+07 
0.023 -1.86401 -5.16401 -3.33606 -4.63057 -0.335987 86.3593 3.76886e+16 8.53526e-07 1.12919e-05 9.19185e-23 6.81848e-08 63999.9 0 0 7.44156e-18 0 0 0.00481367 0 0 0 0 0 0 2.04374e+07 2.04374e+07 2.04374e+07 2.04374e+07 
0.0235 -1.86079 -5.16079 -3.33198 -4.62702 -0.339211 89.2732 3.73774e+16 8.53837e-07 1.12489e-05 9.23214e-23 6.7364e-08 64970.1 0 0 7.60702e-18 0 0 0.00481368 0 0 0 0 0 0 2.08788e+07 2.08788e+07 2.08788e+07 2.08788e+07 
0.024 -1.85752 -5.15752 -3.32782 -4.62342 -0.342484 92.3699 3.70737e+16 8.54152e-07 1.12068e-05 9.27497e-23 6.65669e-08 65932.4 0 0 7.77609e-18 0 0 0.00481368 0 0 0 0 0 0 2.13537e+07 2.13537e+07 2.13537e+07 2.13537e+07 
0.0245 -1.8542 -5.1542 -3.3236 -4.61979 -0.345805 95.6636 3.67772e+16 8.54469e-07 1.11658e-05 9.32053e-23 6.57926e-08 66886.9 0 0 7.94905e-18 0 0 0.00481368 0 0 0 0 0 0 2.18641e+07 2.18641e+07 2.18641e+07 2.18641e+07 
0.025 -1.85083 -5.15083 -3.3193 -4.61611 -0.349173 99.1696 3.64876e+16 8.54788e-07 1.11256e-05 9.36903e-23 6.504e-08 67833.9 0 0 8.12618e-18 0 0 0.00481368 0 0 0 0 0 0 2.24125e+07 2.24125e+07 2.24125e+07 2.24125e+07 
0.0255 -1.84741 -5.14741 -3.31492 -4.61239 -0.352588 102.905 3.62048e+16 8.55111e-07 1.10864e-05 9.42072e-23 6.43082e-08 68773.4 0 0 8.30782e-18 0 0 0.00481368 0 0 0 0 0 0 2.30014e+07 2.30014e+07 2.30014e+07 2.30014e+07 
0.026 -1.84395 -5.14395 -3.31048 -4.60862 -0.35605 106.887 3.59283e+16 8.55436e-07 1.1048e-05 9.47583e-23 6.35964e-08 69705.7 0 0 8.49428e-18 0 0 0.00481368 0 0 0 0 0 0 2.36336e+07 2.36336e+07 2.36336e+07 2.36336e+07 
0.0265 -1.84044 -5.14044 -3.30596 -4.60482 -0.359559 111.137 3.56581e+16 8.55763e-07 1.10105e-05 9.53466e-23 6.29038e-08 70631 0 0 8.68592e-18 0 0 0.00481368 0 0 0 0 0 0 2.43122e+07 2.43122e+07 2.43122e+07 2.43122e+07 
0.027 -1.83689 -5.13689 -3.30137 -4.60097 -0.363113 115.674 3.53938e+16 8.56094e-07 1.09738e-05 9.59749e-23 6.22295e-08 71549.3 0 0 8.88312e-18 0 0 0.00481368 0 0 0 0 0 0 2.50404e+07 2.50404e+07 2.50404e+07 2.50404e+07 
0.0275 -1.83329 -5.13329 -3.29671 -4.59708 -0.366713 120.524 3.51353e+16 8.56427e-07 1.09379e-05 9.66465e-23 6.15729e-08 72460.9 0 0 9.0863e-18 0 0 0.00481369 0 0 0 0 0 0 2.58217e+07 2.58217e+07 2.58217e+07 2.58217e+07 
0.028 -1.82964 -5.12964 -3.29197 -4.59315 -0.370359 125.71 3.48823e+16 8.56762e-07 1.09028e-05 9.73648e-23 6.09332e-08 73365.9 0 0 9.29588e-18 0 0 0.00481369 0 0 0 0 0 0 2.666e+07 2.666e+07 2.666e+07 2.666e+07 
0.0285 -1.82595 -5.12595 -3.28716 -4.58918 -0.37405 131.26 3.46348e+16 8.57101e-07 1.08684e-05 9.81337e-23 6.03098e-08 74264.4 0 0 9.51234e-18 0 0 0.00481369 0 0 0 0 0 0 2.75593e+07 2.75593e+07 2.75593e+07 2.75593e+07 
0.029 -1.82221 -5.12221 -3.28228 -4.58517 -0.377786 137.203 3.43924e+16 8.57441e-07 1.08347e-05 9.89574e-23 5.97021e-08 75156.6 0 0 9.73618e-18 0 0 0.00481369 0 0 0 0 0 0 2.85242e+07 2.85242e+07 2.85242e+07 2.85242e+07 
0.0295 -1.81843 -5.11843 -3.27732 -4.58112 -0.381566 143.571 3.4155e+16 8.57785e-07 1.08017e-05 9.98401e-23 5.91094e-08 76042.5 0 0 9.96794e-18 0 0 0.00481369 0 0 0 0 0 0 2.95593e+07 2.95593e+07 2.95593e+07 2.95593e+07 
0.03 -1.81461 -5.11461 -3.2723 -4.57703 -0.38539 150.399 3.39224e+16 8.58131e-07 1.07694e-05 1.00787e-22 5.85312e-08 76922.4 0 0 1.02082e-17 0 0 0.00481369 0 0 0 0 0 0 3.06698e+07 3.06698e+07 3.06698e+07 3.06698e+07 
0.0305 -1.81074 -5.11074 -3.2672 -4.5729 -0.389258 157.723 3.36946e+16 8.5848e-07 1.07377e-05 1.01803e-22 5.7967e-08 77796.4 0 0 1.04576e-17 0 0 0.00481369 0 0 0 0 0 0 3.18612e+07 3.18612e+07 3.18612e+07 3.18612e+07 
0.031 -1.80683 -5.10683 -3.26203 -4.56872 -0.39317 165.583 3.34713e+16 8.58831e-07 1.07066e-05 1.02893e-22 5.74163e-08 78664.5 0 0 1.07167e-17 0 0 0.00481369 0 0 0 0 0 0 3.31393e+07 3.31393e+07 3.31393e+07 3.31393e+07 
0.0315 -1.80288 -5.10288 -3.25678 -4.56451 -0.397124 174.022 3.32523e+16 8.59185e-07 1.06762e-05 1.04064e-22 5.68785e-08 79526.9 0 0 1.09864e-17 0 0 0.00481369 0 0 0 0 0 0 3.45105e+07 3.45105e+07 3.45105e+07 3.45105e+07 
0.032 -1.79888 -5.09888 -3.25147 -4.56026 -0.401122 183.086 3.30376e+16 8.59542e-07 1.06463e-05 1.05322e-22 5.63532e-08 80383.7 0 0 1.12673e-17 0 0 0.00481369 0 0 0 0 0 0 3.59813e+07 3.59813e+07 3.59813e+07 3.59813e+07 
0.0325 -1.79484 -5.09484 -3.24609 -4.55597 -0.405163 192.824 3.2827e+16 8.59901e-07 1.0617e-05 1.06674e-22 5.584e-08 81235 0 0 1.15603e-17 0 0 0.00481369 0 0 0 0 0 0 3.75589e+07 3.75589e+07 3.75589e+07 3.75589e+07 
0.033 -1.79075 -5.09075 -3.24064 -4.55164 -0.409246 203.289 3.26204e+16 8.60263e-07 1.05883e-05 1.08128e-22 5.53384e-08 82080.9 0 0 1.18662e-17 0 0 0.00481369 0 0 0 0 0 0 3.92507e+07 3.92507e+07 3.92507e+07 3.92507e+07 
0.0335 -1.78663 -5.08663 -3.23512 -4.54727 -0.413371 214.535 3.24177e+16 8.60627e-07 1.05601e-05 1.09691e-22 5.4848e-08 82921.5 0 0 1.21861e-17 0 0 0.00481369 0 0 0 0 0 0 4.10647e+07 4.10647e+07 4.10647e+07 4.10647e+07 
0.034 -1.78246 -5.08246 -3.22953 -4.54286 -0.417538 226.623 3.22186e+16 8.60994e-07 1.05325e-05 1.11371e-22 5.43685e-08 83756.9 0 0 1.25208e-17 0 0 0.00481369 0 0 0 0 0 0 4.30091e+07 4.30091e+07 4.30091e+07 4.30091e+07 
0.0345 -1.77825 -5.07825 -3.22388 -4.53842 -0.421747 239.615 3.20233e+16 8.61363e-07 1.05053e-05 1.13177e-22 5.38995e-08 84587.3 0 0 1.28715e-17 0 0 0.00481369 0 0 0 0 0 0 4.50927e+07 4.50927e+07 4.50927e+07 4.50927e+07 
0.035 -1.774 -5.074 -3.21816 -4.53393 -0.425997 253.577 3.18314e+16 8.61735e-07 1.04787e-05 1.15119e-22 5.34407e-08 85412.6 0 0 1.32393e-17 0 0 0.00481369 0 0 0 0 0 0 4.73246e+07 4.73246e+07 4.73246e+07 4.73246e+07 
0.0355 -1.76971 -5.06971 -3.21238 -4.52941 -0.430288 268.579 3.1643e+16 8.62109e-07 1.04525e-05 1.17206e-22 5.29916e-08 86233 0 0 1.36255e-17 0 0 0.0048137 0 0 0 0 0 0 4.97143e+07 4.97143e+07 4.97143e+07 4.97143e+07 
0.036 -1.76538 -5.06538 -3.20654 -4.52485 -0.43462 284.693 3.14579e+16 8.62486e-07 1.04268e-05 1.19449e-22 5.2552e-08 87048.6 0 0 1.40313e-17 0 0 0.0048137 0 0 0 0 0 0 5.22715e+07 5.22715e+07 5.22715e+07 5.22715e+07 
0.0365 -1.76101 -5.06101 -3.20064 -4.52025 -0.438993 301.996 3.1276e+16 8.62865e-07 1.04015e-05 1.21859e-22 5.21216e-08 87859.4 0 0 1.4458e-17 0 0 0.0048137 0 0 0 0 0 0 5.50064e+07 5.50064e+07 5.50064e+07 5.50064e+07 
0.037 -1.75659 -5.05659 -3.19468 -4.51561 -0.443406 320.568 3.10972e+16 8.63247e-07 1.03767e-05 1.24446e-22 5.17e-08 88665.6 0 0 1.49072e-17 0 0 0.0048137 0 0 0 0 0 0 5.79295e+07 5.79295e+07 5.79295e+07 5.79295e+07 
0.0375 -1.75214 -5.05214 -3.18867 -4.51094 -0.447859 340.491 3.09215e+16 8.63631e-07 1.03523e-05 1.27222e-22 5.12871e-08 89467.2 0 0 1.53804e-17 0 0 0.0048137 0 0 0 0 0 0 6.10514e+07 6.10514e+07 6.10514e+07 6.10514e+07 
0.038 -1.74765 -5.04765 -3.1826 -4.50623 -0.452353 361.85 3.07487e+16 8.64017e-07 1.03284e-05 1.302e-22 5.08825e-08 90264.2 0 0 1.58792e-17 0 0 0.0048137 0 0 0 0 0 0 6.43831e+07 6.43831e+07 6.43831e+07 6.43831e+07 
0.0385 -1.74311 -5.04311 -3.17648 -4.50148 -0.456886 384.734 3.05788e+16 8.64405e-07 1.03048e-05 1.33392e-22 5.0486e-08 91056.9 0 0 1.64054e-17 0 0 0.0048137 0 0 0 0 0 0 6.79356e+07 6.79356e+07 6.79356e+07 6.79356e+07 
0.039 -1.73854 -5.03854 -3.17031 -4.49669 -0.461458 409.233 3.04117e+16 8.64796e-07 1.02817e-05 1.3681e-22 5.00973e-08 91845.2 0 0 1.69607e-17 0 0 0.0048137 0 0 0 0 0 0 7.17202e+07 7.17202e+07 7.17202e+07 7.17202e+07 
0.0395 -1.73393 -5.03393 -3.16409 -4.49187 -0.46607 435.44 3.02473e+16 8.65188e-07 1.02589e-05 1.40469e-22 4.97162e-08 92629.2 0 0 1.7547e-17 0 0 0.0048137 0 0 0 0 0 0 7.57483e+07 7.57483e+07 7.57483e+07 7.57483e+07 
0.04 -1.72928 -5.02928 -3.15782 -4.48701 -0.470721 463.45 3.00856e+16 8.65583e-07 1.02365e-05 1.44381e-22 4.93424e-08 93409 0 0 1.81663e-17 0 0 0.0048137 0 0 0 0 0 0 8.00314e+07 8.00314e+07 8.00314e+07 8.00314e+07 
0.0405 -1.72459 -5.02459 -3.15151 -4.48212 -0.475411 493.363 2.99264e+16 8.6598e-07 1.02145e-05 1.48561e-22 4.89758e-08 94184.7 0 0 1.88207e-17 0 0 0.0048137 0 0 0 0 0 0 8.4581e+07 8.4581e+07 8.4581e+07 8.4581e+07 
0.041 -1.71986 -5.01986 -3.14516 -4.47718 -0.48014 525.276 2.97698e+16 8.66378e-07 1.01928e-05 1.53022e-22 4.86162e-08 94956.3 0 0 1.95123e-17 0 0 0.0048137 0 0 0 0 0 0 8.94089e+07 8.94089e+07 8.94089e+07 8.94089e+07 
0.0415 -1.71509 -5.01509 -3.13877 -4.47222 -0.484907 559.292 2.96156e+16 8.66779e-07 1.01715e-05 1.5778e-22 4.82632e-08 95723.8 0 0 2.02435e-17 0 0 0.0048137 0 0 0 0 0 0 9.45267e+07 9.45267e+07 9.45267e+07 9.45267e+07 
0.042 -1.71029 -5.01029 -3.13233 -4.46721 -0.489712 595.515 2.94638e+16 8.67181e-07 1.01506e-05 1.62848e-22 4.79168e-08 96487.4 0 0 2.10166e-17 0 0 0.0048137 0 0 0 0 0 0 9.99462e+07 9.99462e+07 9.99462e+07 9.99462e+07 
0.0425 -1.70544 -5.00544 -3.12587 -4.46217 -0.494555 634.05 2.93142e+16 8.67585e-07 1.01299e-05 1.68243e-22 4.75768e-08 97247.1 0 0 2.1834e-17 0 0 0.0048137 0 0 0 0 0 0 1.05679e+08 1.05679e+08 1.05679e+08 1.05679e+08 
0.043 -1.70056 -5.00056 -3.11936 -4.45709 -0.499437 675.006 2.9167e+16 8.67991e-07 1.01096e-05 1.7398e-22 4.72429e-08 98003 0 0 2.26983e-17 0 0 0.0048137 0 0 0 0 0 0 1.11738e+08 1.11738e+08 1.11738e+08 1.11738e+08 
0.0435 -1.69564 -4.99564 -3.11283 -4.45198 -0.504356 718.494 2.9022e+16 8.68399e-07 1.00896e-05 1.80075e-22 4.6915e-08 98755.1 0 0 2.36121e-17 0 0 0.0048137 0 0 0 0 0 0 1.18134e+08 1.18134e+08 1.18134e+08 1.18134e+08 
0.044 -1.69069 -4.99069 -3.10626 -4.44683 -0.509312 764.625 2.88791e+16 8.68808e-07 1.00699e-05 1.86543e-22 4.6593e-08 99503.5 0 0 2.45782e-17 0 0 0.0048137 0 0 0 0 0 0 1.2488e+08 1.2488e+08 1.2488e+08 1.2488e+08 
0.0445 -1.68569 -4.98569 -3.09966 -4.44165 -0.514306 813.516 2.87383e+16 8.69218e-07 1.00506e-05 1.93402e-22 4.62766e-08 100248 0 0 2.55994e-17 0 0 0.0048137 0 0 0 0 0 0 1.31988e+08 1.31988e+08 1.31988e+08 1.31988e+08 
0.045 -1.68066 -4.98066 -3.09303 -4.43643 -0.519337 865.286 2.85995e+16 8.6963e-07 1.00315e-05 2.00669e-22 4.59657e-08 100989 0 0 2.66787e-17 0 0 0.0048137 0 0 0 0 0 0 1.39471e+08 1.39471e+08 1.39471e+08 1.39471e+08 
0.0455 -1.67559 -4.97559 -3.08637 -4.43118 -0.524405 920.055 2.84627e+16 8.70044e-07 1.00127e-05 2.08361e-22 4.56602e-08 101727 0 0 2.7819e-17 0 0 0.0048137 0 0 0 0 0 0 1.47341e+08 1.47341e+08 1.47341e+08 1.47341e+08 
0.046 -1.67049 -4.97049 -3.07969 -4.42589 -0.52951 977.948 2.83279e+16 8.70459e-07 9.99419e-06 2.16496e-22 4.536e-08 102461 0 0 2.90236e-17 0 0 0.0048137 0 0 0 0 0 0 1.55611e+08 1.55611e+08 1.55611e+08 1.55611e+08 
0.0465 -1.66535 -4.96535 -3.07297 -4.42057 -0.534651 1039.09 2.8195e+16 8.70875e-07 9.97596e-06 2.25093e-22 4.50648e-08 103191 0 0 3.02957e-17 0 0 0.0048137 0 0 0 0 0 0 1.64295e+08 1.64295e+08 1.64295e+08 1.64295e+08 
0.047 -1.66017 -4.96017 -3.06623 -4.41521 -0.539829 1103.62 2.8064e+16 8.71293e-07 9.958e-06 2.34171e-22 4.47746e-08 103919 0 0 3.16386e-17 0 0 0.0048137 0 0 0 0 0 0 1.73406e+08 1.73406e+08 1.73406e+08 1.73406e+08 
0.0475 -1.65496 -4.95496 -3.05947 -4.40981 -0.545043 1171.67 2.79347e+16 8.71712e-07 9.9403e-06 2.43749e-22 4.44892e-08 104642 0 0 3.30558e-17 0 0 0.0048137 0 0 0 0 0 0 1.82958e+08 1.82958e+08 1.82958e+08 1.82958e+08 
0.048 -1.64971 -4.94971 -3.05268 -4.40439 -0.550293 1243.38 2.78072e+16 8.72132e-07 9.92286e-06 2.53848e-22 4.42085e-08 105363 0 0 3.45509e-17 0 0 0.0048137 0 0 0 0 0 0 1.92965e+08 1.92965e+08 1.92965e+08 1.92965e+08 
0.0485 -1.64442 -4.94442 -3.04587 -4.39893 -0.555579 1318.89 2.76815e+16 8.72554e-07 9.90568e-06 2.64488e-22 4.39323e-08 106080 0 0 3.61276e-17 0 0 0.0048137 0 0 0 0 0 0 2.03442e+08 2.03442e+08 2.03442e+08 2.03442e+08 
0.049 -1.6391 -4.9391 -3.03903 -4.39343 -0.560901 1398.36 2.75575e+16 8.72977e-07 9.88874e-06 2.75692e-22 4.36607e-08 106794 0 0 3.77896e-17 0 0 0.0048137 0 0 0 0 0 0 2.14404e+08 2.14404e+08 2.14404e+08 2.14404e+08 
0.0495 -1.63374 -4.93374 -3.03217 -4.3879 -0.566259 1481.93 2.74351e+16 8.73401e-07 9.87204e-06 2.87481e-22 4.33934e-08 107505 0 0 3.9541e-17 0 0 0.0048137 0 0 0 0 0 0 2.25866e+08 2.25866e+08 2.25866e+08 2.25866e+08 
0.05 -1.62835 -4.92835 -3.02528 -4.38234 -0.571652 1569.76 2.73143e+16 8.73826e-07 9.85559e-06 2.99878e-22 4.31303e-08 108212 0 0 4.13857e-17 0 0 0.0048137 0 0 0 0 0 0 2.37844e+08 2.37844e+08 2.37844e+08 2.37844e+08 
0.0505 -1.62292 -4.92292 -3.01837 -4.37674 -0.57708 1662.01 2.71951e+16 8.74252e-07 9.83936e-06 3.12907e-22 4.28714e-08 108917 0 0 4.33279e-17 0 0 0.0048137 0 0 0 0 0 0 2.50353e+08 2.50353e+08 2.50353e+08 2.50353e+08 
0.051 -1.61746 -4.91746 -3.01144 -4.37111 -0.582543 1758.85 2.70774e+16 8.74679e-07 9.82336e-06 3.26593e-22 4.26165e-08 109618 0 0 4.5372e-17 0 0 0.0048137 0 0 0 0 0 0 2.63411e+08 2.63411e+08 2.63411e+08 2.63411e+08 
0.0515 -1.61196 -4.91196 -3.00449 -4.36544 -0.588042 1860.45 2.69613e+16 8.75107e-07 9.80758e-06 3.40959e-22 4.23655e-08 110317 0 0 4.75223e-17 0 0 0.0048137 0 0 0 0 0 0 2.77034e+08 2.77034e+08 2.77034e+08 2.77034e+08 
0.052 -1.60643 -4.90643 -2.99751 -4.35975 -0.593575 1966.99 2.68466e+16 8.75537e-07 9.79202e-06 3.56032e-22 4.21184e-08 111012 0 0 4.97835e-17 0 0 0.0048137 0 0 0 0 0 0 2.9124e+08 2.9124e+08 2.9124e+08 2.9124e+08 
0.0525 -1.60086 -4.90086 -2.99051 -4.35402 -0.599143 2078.65 2.67334e+16 8.75967e-07 9.77668e-06 3.71838e-22 4.18751e-08 111705 0 0 5.21603e-17 0 0 0.0048137 0 0 0 0 0 0 3.06046e+08 3.06046e+08 3.06046e+08 3.06046e+08 
0.053 -1.59525 -4.89525 -2.98349 -4.34825 -0.604745 2195.61 2.66216e+16 8.76399e-07 9.76154e-06 3.88404e-22 4.16354e-08 112394 0 0 5.46575e-17 0 0 0.0048137 0 0 0 0 0 0 3.2147e+08 3.2147e+08 3.2147e+08 3.2147e+08 
0.0535 -1.58962 -4.88962 -2.97645 -4.34245 -0.610382 2318.06 2.65112e+16 8.76832e-07 9.74661e-06 4.05759e-22 4.13993e-08 113081 0 0 5.72802e-17 0 0 0.0048137 0 0 0 0 0 0 3.3753e+08 3.3753e+08 3.3753e+08 3.3753e+08 
0.054 -1.58395 -4.88395 -2.96938 -4.33662 -0.616054 2446.2 2.64021e+16 8.77265e-07 9.73188e-06 4.23931e-22 4.11667e-08 113765 0 0 6.00334e-17 0 0 0.0048137 0 0 0 0 0 0 3.54246e+08 3.54246e+08 3.54246e+08 3.54246e+08 
0.0545 -1.57824 -4.87824 -2.9623 -4.33076 -0.621759 2580.23 2.62944e+16 8.777e-07 9.71735e-06 4.42949e-22 4.09375e-08 114446 0 0 6.29226e-17 0 0 0.0048137 0 0 0 0 0 0 3.71636e+08 3.71636e+08 3.71636e+08 3.71636e+08 
0.055 -1.5725 -4.8725 -2.95519 -4.32487 -0.627498 2720.36 2.61879e+16 8.78135e-07 9.70301e-06 4.62844e-22 4.07116e-08 115124 0 0 6.5953e-17 0 0 0.0048137 0 0 0 0 0 0 3.89721e+08 3.89721e+08 3.89721e+08 3.89721e+08 
0.0555 -1.56673 -4.86673 -2.94805 -4.31894 -0.633271 2866.79 2.60828e+16 8.78572e-07 9.68886e-06 4.83646e-22 4.0489e-08 115800 0 0 6.91305e-17 0 0 0.0048137 0 0 0 0 0 0 4.08519e+08 4.08519e+08 4.08519e+08 4.08519e+08 
0.056 -1.56092 -4.86092 -2.9409 -4.31298 -0.639078 3019.74 2.59789e+16 8.79009e-07 9.6749e-06 5.05387e-22 4.02696e-08 116473 0 0 7.24607e-17 0 0 0.0048137 0 0 0 0 0 0 4.28052e+08 4.28052e+08 4.28052e+08 4.28052e+08 
0.0565 -1.55508 -4.85508 -2.93372 -4.30698 -0.644919 3179.43 2.58762e+16 8.79448e-07 9.66112e-06 5.281e-22 4.00533e-08 117143 0 0 7.59496e-17 0 0 0.0048137 0 0 0 0 0 0 4.48339e+08 4.48339e+08 4.48339e+08 4.48339e+08 
0.057 -1.54921 -4.84921 -2.92653 -4.30096 -0.650792 3346.08 2.57747e+16 8.79887e-07 9.64752e-06 5.51818e-22 3.984e-08 117811 0 0 7.96032e-17 0 0 0.0048137 0 0 0 0 0 0 4.69402e+08 4.69402e+08 4.69402e+08 4.69402e+08 
0.0575 -1.5433 -4.8433 -2.9193 -4.2949 -0.6567 3519.93 2.56744e+16 8.80327e-07 9.63409e-06 5.76574e-22 3.96298e-08 118476 0 0 8.34279e-17 0 0 0.0048137 0 0 0 0 0 0 4.91263e+08 4.91263e+08 4.91263e+08 4.91263e+08 
0.058 -1.53736 -4.83736 -2.91206 -4.28881 -0.66264 3701.22 2.55753e+16 8.80769e-07 9.62083e-06 6.02405e-22 3.94224e-08 119138 0 0 8.74301e-17 0 0 0.0048137 0 0 0 0 0 0 5.13941e+08 5.13941e+08 5.13941e+08 5.13941e+08 
0.0585 -1.53139 -4.83139 -2.9048 -4.28269 -0.668613 3890.17 2.54772e+16 8.81211e-07 9.60775e-06 6.29344e-22 3.92179e-08 119798 0 0 9.16164e-17 0 0 0.0048137 0 0 0 0 0 0 5.37461e+08 5.37461e+08 5.37461e+08 5.37461e+08 
0.059 -1.52538 -4.82538 -2.89751 -4.27654 -0.67462 4087.04 2.53803e+16 8.81654e-07 9.59483e-06 6.57429e-22 3.90162e-08 120455 0 0 9.59937e-17 0 0 0.0048137 0 0 0 0 0 0 5.61843e+08 5.61843e+08 5.61843e+08 5.61843e+08 
0.0595 -1.51934 -4.81934 -2.8902 -4.27035 -0.680659 4292.07 2.52845e+16 8.82097e-07 9.58207e-06 6.86697e-22 3.88172e-08 121110 0 0 1.00569e-16 0 0 0.0048137 0 0 0 0 0 0 5.87111e+08 5.87111e+08 5.87111e+08 5.87111e+08 
0.06 -1.51327 -4.81327 -2.88287 -4.26414 -0.686731 4505.53 2.51898e+16 8.82542e-07 9.56948e-06 7.17186e-22 3.86209e-08 121763 0 0 1.05349e-16 0 0 0.0048137 0 0 0 0 0 0 6.13287e+08 6.13287e+08 6.13287e+08 6.13287e+08 
0.0605 -1.50716 -4.80716 -2.87552 -4.25789 -0.692835 4727.68 2.5096e+16 8.82988e-07 9.55704e-06 7.48934e-22 3.84272e-08 122413 0 0 1.10341e-16 0 0 0.0048137 0 0 0 0 0 0 6.40395e+08 6.40395e+08 6.40395e+08 6.40395e+08 
0.061 -1.50103 -4.80103 -2.86815 -4.25161 -0.698972 4958.77 2.50034e+16 8.83434e-07 9.54475e-06 7.81981e-22 3.82361e-08 123060 0 0 1.15554e-16 0 0 0.0048137 0 0 0 0 0 0 6.68458e+08 6.68458e+08 6.68458e+08 6.68458e+08 
0.0615 -1.49486 -4.79486 -2.86075 -4.2453 -0.705141 5199.08 2.49117e+16 8.83881e-07 9.53262e-06 8.16368e-22 3.80475e-08 123705 0 0 1.20994e-16 0 0 0.0048137 0 0 0 0 0 0 6.97501e+08 6.97501e+08 6.97501e+08 6.97501e+08 
0.062 -1.48866 -4.78866 -2.85333 -4.23896 -0.711343 5448.89 2.4821e+16 8.8433e-07 9.52063e-06 8.52136e-22 3.78613e-08 124348 0 0 1.2667e-16 0 0 0.0048137 0 0 0 0 0 0 7.27548e+08 7.27548e+08 7.27548e+08 7.27548e+08 
0.0625 -1.48242 -4.78242 -2.84589 -4.23259 -0.717576 5708.48 2.47313e+16 8.84779e-07 9.50879e-06 8.89326e-22 3.76775e-08 124988 0 0 1.32589e-16 0 0 0.0048137 0 0 0 0 0 0 7.58622e+08 7.58622e+08 7.58622e+08 7.58622e+08 
0.063 -1.47616 -4.77616 -2.83843 -4.22618 -0.723841 5978.13 2.46425e+16 8.85228e-07 9.4971e-06 9.27982e-22 3.74961e-08 125627 0 0 1.3876e-16 0 0 0.0048137 0 0 0 0 0 0 7.9075e+08 7.9075e+08 7.9075e+08 7.9075e+08 
0.0635 -1.46986 -4.76986 -2.83095 -4.21975 -0.730139 6258.14 2.45547e+16 8.85679e-07 9.48555e-06 9.68148e-22 3.73171e-08 126263 0 0 1.45192e-16 0 0 0.0048137 0 0 0 0 0 0 8.23955e+08 8.23955e+08 8.23955e+08 8.23955e+08 
0.064 -1.46353 -4.76353 -2.82344 -4.21328 -0.736468 6548.81 2.44678e+16 8.8613e-07 9.47413e-06 1.00987e-21 3.71402e-08 126896 0 0 1.51892e-16 0 0 0.0048137 0 0 0 0 0 0 8.58265e+08 8.58265e+08 8.58265e+08 8.58265e+08 
0.0645 -1.45717 -4.75717 -2.81591 -4.20679 -0.742828 6850.43 2.43818e+16 8.86582e-07 9.46286e-06 1.05319e-21 3.69656e-08 127528 0 0 1.58871e-16 0 0 0.0048137 0 0 0 0 0 0 8.93704e+08 8.93704e+08 8.93704e+08 8.93704e+08 
0.065 -1.45078 -4.75078 -2.80836 -4.20026 -0.74922 7163.32 2.42967e+16 8.87035e-07 9.45171e-06 1.09815e-21 3.67932e-08 128157 0 0 1.66137e-16 0 0 0.0048137 0 0 0 0 0 0 9.30299e+08 9.30299e+08 9.30299e+08 9.30299e+08 
0.0655 -1.44436 -4.74436 -2.80079 -4.19371 -0.755644 7487.78 2.42124e+16 8.87489e-07 9.4407e-06 1.14481e-21 3.66229e-08 128784 0 0 1.737e-16 0 0 0.0048137 0 0 0 0 0 0 9.68076e+08 9.68076e+08 9.68076e+08 9.68076e+08 
0.066 -1.4379 -4.7379 -2.7932 -4.18712 -0.762099 7824.14 2.4129e+16 8.87943e-07 9.42982e-06 1.1932e-21 3.64547e-08 129408 0 0 1.81568e-16 0 0 0.0048137 0 0 0 0 0 0 1.00706e+09 1.00706e+09 1.00706e+09 1.00706e+09 
0.0665 -1.43142 -4.73142 -2.78558 -4.1805 -0.768585 8172.73 2.40465e+16 8.88399e-07 9.41907e-06 1.24339e-21 3.62886e-08 130031 0 0 1.89753e-16 0 0 0.0048137 0 0 0 0 0 0 1.04728e+09 1.04728e+09 1.04728e+09 1.04728e+09 
0.067 -1.4249 -4.7249 -2.77794 -4.17385 -0.775102 8533.86 2.39648e+16 8.88855e-07 9.40844e-06 1.29542e-21 3.61244e-08 130652 0 0 1.98263e-16 0 0 0.0048137 0 0 0 0 0 0 1.08877e+09 1.08877e+09 1.08877e+09 1.08877e+09 
0.0675 -1.41835 -4.71835 -2.77028 -4.16718 -0.78165 8907.87 2.38839e+16 8.89311e-07 9.39793e-06 1.34933e-21 3.59623e-08 131270 0 0 2.07109e-16 0 0 0.0048137 0 0 0 0 0 0 1.13154e+09 1.13154e+09 1.13154e+09 1.13154e+09 
0.068 -1.41177 -4.71177 -2.7626 -4.16047 -0.788229 9295.11 2.38037e+16 8.89769e-07 9.38755e-06 1.40519e-21 3.58021e-08 131887 0 0 2.16301e-16 0 0 0.0048137 0 0 0 0 0 0 1.17564e+09 1.17564e+09 1.17564e+09 1.17564e+09 
0.0685 -1.40516 -4.70516 -2.75489 -4.15373 -0.794839 9695.92 2.37244e+16 8.90227e-07 9.37729e-06 1.46304e-21 3.56437e-08 132501 0 0 2.25851e-16 0 0 0.0048137 0 0 0 0 0 0 1.22108e+09 1.22108e+09 1.22108e+09 1.22108e+09 
0.069 -1.39852 -4.69852 -2.74717 -4.14696 -0.801479 10110.6 2.36459e+16 8.90686e-07 9.36714e-06 1.52293e-21 3.54873e-08 133113 0 0 2.35768e-16 0 0 0.0048137 0 0 0 0 0 0 1.26789e+09 1.26789e+09 1.26789e+09 1.26789e+09 
0.0695 -1.39185 -4.69185 -2.73942 -4.14017 -0.80815 10539.7 2.35681e+16 8.91146e-07 9.35711e-06 1.58493e-21 3.53327e-08 133723 0 0 2.46064e-16 0 0 0.0048137 0 0 0 0 0 0 1.31612e+09 1.31612e+09 1.31612e+09 1.31612e+09 
0.07 -1.38515 -4.68515 -2.73165 -4.13334 -0.814851 10983.3 2.3491e+16 8.91606e-07 9.3472e-06 1.64908e-21 3.51798e-08 134332 0 0 2.56751e-16 0 0 0.0048137 0 0 0 0 0 0 1.36577e+09 1.36577e+09 1.36577e+09 1.36577e+09 
0.0705 -1.37842 -4.67842 -2.72385 -4.12648 -0.821583 11441.9 2.34147e+16 8.92067e-07 9.3374e-06 1.71545e-21 3.50288e-08 134938 0 0 2.67839e-16 0 0 0.0048137 0 0 0 0 0 0 1.41688e+09 1.41688e+09 1.41688e+09 1.41688e+09 
0.071 -1.37165 -4.67165 -2.71604 -4.1196 -0.828345 11916 2.33391e+16 8.92529e-07 9.3277e-06 1.78408e-21 3.48794e-08 135542 0 0 2.79341e-16 0 0 0.0048137 0 0 0 0 0 0 1.46949e+09 1.46949e+09 1.46949e+09 1.46949e+09 
0.0715 -1.36486 -4.66486 -2.7082 -4.11268 -0.835137 12405.7 2.32642e+16 8.92991e-07 9.31812e-06 1.85503e-21 3.47318e-08 136144 0 0 2.91269e-16 0 0 0.0048137 0 0 0 0 0 0 1.52362e+09 1.52362e+09 1.52362e+09 1.52362e+09 
0.072 -1.35804 -4.65804 -2.70034 -4.10574 -0.84196 12911.6 2.31901e+16 8.93454e-07 9.30864e-06 1.92837e-21 3.45859e-08 136745 0 0 3.03634e-16 0 0 0.0048137 0 0 0 0 0 0 1.5793e+09 1.5793e+09 1.5793e+09 1.5793e+09 
0.0725 -1.35119 -4.65119 -2.69246 -4.09876 -0.848812 13434.1 2.31166e+16 8.93918e-07 9.29927e-06 2.00416e-21 3.44415e-08 137343 0 0 3.1645e-16 0 0 0.0048137 0 0 0 0 0 0 1.63657e+09 1.63657e+09 1.63657e+09 1.63657e+09 
0.073 -1.34431 -4.64431 -2.68456 -4.09176 -0.855694 13973.4 2.30437e+16 8.94383e-07 9.29e-06 2.08244e-21 3.42988e-08 137940 0 0 3.29729e-16 0 0 0.0048137 0 0 0 0 0 0 1.69545e+09 1.69545e+09 1.69545e+09 1.69545e+09 
0.0735 -1.33739 -4.63739 -2.67663 -4.08473 -0.862606 14530.1 2.29716e+16 8.94848e-07 9.28084e-06 2.16329e-21 3.41577e-08 138535 0 0 3.43484e-16 0 0 0.0048137 0 0 0 0 0 0 1.75597e+09 1.75597e+09 1.75597e+09 1.75597e+09 
0.074 -1.33045 -4.63045 -2.66869 -4.07767 -0.869547 15104.5 2.29001e+16 8.95314e-07 9.27178e-06 2.24677e-21 3.40181e-08 139128 0 0 3.57729e-16 0 0 0.0048137 0 0 0 0 0 0 1.81816e+09 1.81816e+09 1.81816e+09 1.81816e+09 
0.0745 -1.32348 -4.62348 -2.66072 -4.07058 -0.876519 15697 2.28292e+16 8.9578e-07 9.26281e-06 2.33294e-21 3.38801e-08 139719 0 0 3.72477e-16 0 0 0.0048137 0 0 0 0 0 0 1.88207e+09 1.88207e+09 1.88207e+09 1.88207e+09 
0.075 -1.31648 -4.61648 -2.65272 -4.06346 -0.883519 16308.1 2.2759e+16 8.96247e-07 9.25394e-06 2.42186e-21 3.37436e-08 140308 0 0 3.87741e-16 0 0 0.0048137 0 0 0 0 0 0 1.94771e+09 1.94771e+09 1.94771e+09 1.94771e+09 
0.0755 -1.30945 -4.60945 -2.64471 -4.05631 -0.890549 16938.1 2.26894e+16 8.96715e-07 9.24517e-06 2.5136e-21 3.36085e-08 140895 0 0 4.03535e-16 0 0 0.0048137 0 0 0 0 0 0 2.01512e+09 2.01512e+09 2.01512e+09 2.01512e+09 
0.076 -1.30239 -4.60239 -2.63668 -4.04914 -0.897609 17587.5 2.26205e+16 8.97184e-07 9.2365e-06 2.60822e-21 3.34749e-08 141481 0 0 4.19875e-16 0 0 0.0048137 0 0 0 0 0 0 2.08433e+09 2.08433e+09 2.08433e+09 2.08433e+09 
0.0765 -1.2953 -4.5953 -2.62862 -4.04193 -0.904698 18256.8 2.25521e+16 8.97653e-07 9.22792e-06 2.70579e-21 3.33427e-08 142065 0 0 4.36774e-16 0 0 0.0048137 0 0 0 0 0 0 2.15538e+09 2.15538e+09 2.15538e+09 2.15538e+09 
0.077 -1.28818 -4.58818 -2.62054 -4.0347 -0.911815 18946.3 2.24843e+16 8.98122e-07 9.21943e-06 2.80639e-21 3.3212e-08 142647 0 0 4.54247e-16 0 0 0.0048137 0 0 0 0 0 0 2.2283e+09 2.2283e+09 2.2283e+09 2.2283e+09 
0.0775 -1.28104 -4.58104 -2.61244 -4.02744 -0.918962 19656.5 2.24172e+16 8.98593e-07 9.21103e-06 2.91006e-21 3.30826e-08 143227 0 0 4.7231e-16 0 0 0.0048137 0 0 0 0 0 0 2.30311e+09 2.30311e+09 2.30311e+09 2.30311e+09 
0.078 -1.27386 -4.57386 -2.60431 -4.02015 -0.926138 20387.9 2.23506e+16 8.99064e-07 9.20272e-06 3.0169e-21 3.29545e-08 143806 0 0 4.90977e-16 0 0 0.0048137 0 0 0 0 0 0 2.37986e+09 2.37986e+09 2.37986e+09 2.37986e+09 
0.0785 -1.26666 -4.56666 -2.59617 -4.01283 -0.933343 21140.8 2.22845e+16 8.99535e-07 9.1945e-06 3.12696e-21 3.28278e-08 144383 0 0 5.10264e-16 0 0 0.0048137 0 0 0 0 0 0 2.45858e+09 2.45858e+09 2.45858e+09 2.45858e+09 
0.079 -1.25942 -4.55942 -2.588 -4.00549 -0.940576 21915.9 2.22191e+16 9.00008e-07 9.18637e-06 3.24031e-21 3.27024e-08 144958 0 0 5.30187e-16 0 0 0.0048137 0 0 0 0 0 0 2.53929e+09 2.53929e+09 2.53929e+09 2.53929e+09 
0.0795 -1.25216 -4.55216 -2.57981 -3.99811 -0.947839 22713.4 2.21541e+16 9.0048e-07 9.17832e-06 3.35704e-21 3.25783e-08 145532 0 0 5.50762e-16 0 0 0.0048137 0 0 0 0 0 0 2.62205e+09 2.62205e+09 2.62205e+09 2.62205e+09 
0.08 -1.24487 -4.54487 -2.5716 -3.99071 -0.95513 23534 2.20898e+16 9.00954e-07 9.17036e-06 3.47721e-21 3.24555e-08 146103 0 0 5.72005e-16 0 0 0.0048137 0 0 0 0 0 0 2.70686e+09 2.70686e+09 2.70686e+09 2.70686e+09 
0.0805 -1.23755 -4.53755 -2.56336 -3.98328 -0.962449 24378 2.20259e+16 9.01428e-07 9.16248e-06 3.60089e-21 3.23339e-08 146674 0 0 5.93934e-16 0 0 0.0048137 0 0 0 0 0 0 2.79378e+09 2.79378e+09 2.79378e+09 2.79378e+09 
0.081 -1.2302 -4.5302 -2.55511 -3.97582 -0.969797 25246 2.19626e+16 9.01902e-07 9.15468e-06 3.72817e-21 3.22135e-08 147242 0 0 6.16564e-16 0 0 0.0048137 0 0 0 0 0 0 2.88284e+09 2.88284e+09 2.88284e+09 2.88284e+09 
0.0815 -1.22283 -4.52283 -2.54683 -3.96834 -0.977173 26138.4 2.18999e+16 9.02377e-07 9.14697e-06 3.85911e-21 3.20944e-08 147809 0 0 6.39913e-16 0 0 0.0048137 0 0 0 0 0 0 2.97407e+09 2.97407e+09 2.97407e+09 2.97407e+09 
0.082 -1.21542 -4.51542 -2.53853 -3.96083 -0.984578 27055.7 2.18376e+16 9.02853e-07 9.13933e-06 3.99379e-21 3.19764e-08 148374 0 0 6.63999e-16 0 0 0.0048137 0 0 0 0 0 0 3.0675e+09 3.0675e+09 3.0675e+09 3.0675e+09 
0.0825 -1.20799 -4.50799 -2.53021 -3.95329 -0.992011 27998.4 2.17759e+16 9.0333e-07 9.13178e-06 4.1323e-21 3.18597e-08 148938 0 0 6.8884e-16 0 0 0.0048137 0 0 0 0 0 0 3.16318e+09 3.16318e+09 3.16318e+09 3.16318e+09 
0.083 -1.20053 -4.50053 -2.52186 -3.94572 -0.999472 28967 2.17146e+16 9.03806e-07 9.1243e-06 4.2747e-21 3.1744e-08 149500 0 0 7.14452e-16 0 0 0.0048137 0 0 0 0 0 0 3.26113e+09 3.26113e+09 3.26113e+09 3.26113e+09 
0.0835 -1.19304 -4.49304 -2.5135 -3.93812 -1.00696 29962.1 2.16539e+16 9.04284e-07 9.1169e-06 4.42108e-21 3.16295e-08 150061 0 0 7.40856e-16 0 0 0.0048137 0 0 0 0 0 0 3.3614e+09 3.3614e+09 3.3614e+09 3.3614e+09 
0.084 -1.18552 -4.48552 -2.50511 -3.9305 -1.01448 30984.1 2.15936e+16 9.04762e-07 9.10957e-06 4.57152e-21 3.15162e-08 150620 0 0 7.68069e-16 0 0 0.0048137 0 0 0 0 0 0 3.46401e+09 3.46401e+09 3.46401e+09 3.46401e+09 
0.0845 -1.17798 -4.47798 -2.4967 -3.92285 -1.02202 32033.5 2.15338e+16 9.05241e-07 9.10233e-06 4.72611e-21 3.14039e-08 151177 0 0 7.96109e-16 0 0 0.0048137 0 0 0 0 0 0 3.569e+09 3.569e+09 3.569e+09 3.569e+09 
0.085 -1.1704 -4.4704 -2.48827 -3.91517 -1.0296 33110.9 2.14745e+16 9.0572e-07 9.09515e-06 4.88491e-21 3.12927e-08 151733 0 0 8.24998e-16 0 0 0.0048137 0 0 0 0 0 0 3.67642e+09 3.67642e+09 3.67642e+09 3.67642e+09 
0.0855 -1.1628 -4.4628 -2.47982 -3.90746 -1.0372 34216.8 2.14156e+16 9.06199e-07 9.08805e-06 5.04802e-21 3.11826e-08 152287 0 0 8.54753e-16 0 0 0.0048137 0 0 0 0 0 0 3.78629e+09 3.78629e+09 3.78629e+09 3.78629e+09 
0.086 -1.15518 -4.45518 -2.47134 -3.89973 -1.04482 35351.7 2.13572e+16 9.0668e-07 9.08102e-06 5.21551e-21 3.10735e-08 152840 0 0 8.85394e-16 0 0 0.0048137 0 0 0 0 0 0 3.89865e+09 3.89865e+09 3.89865e+09 3.89865e+09 
0.0865 -1.14752 -4.44752 -2.46284 -3.89197 -1.05248 36516.2 2.12993e+16 9.07161e-07 9.07406e-06 5.38748e-21 3.09654e-08 153392 0 0 9.16942e-16 0 0 0.0048137 0 0 0 0 0 0 4.01354e+09 4.01354e+09 4.01354e+09 4.01354e+09 
0.087 -1.13984 -4.43984 -2.45433 -3.88419 -1.06016 37710.7 2.12418e+16 9.07642e-07 9.06717e-06 5.56401e-21 3.08584e-08 153941 0 0 9.49417e-16 0 0 0.0048137 0 0 0 0 0 0 4.131e+09 4.131e+09 4.131e+09 4.131e+09 
0.0875 -1.13213 -4.43213 -2.44579 -3.87637 -1.06787 38935.9 2.11848e+16 9.08124e-07 9.06035e-06 5.74519e-21 3.07524e-08 154490 0 0 9.8284e-16 0 0 0.0048137 0 0 0 0 0 0 4.25105e+09 4.25105e+09 4.25105e+09 4.25105e+09 
0.088 -1.12439 -4.42439 -2.43722 -3.86853 -1.07561 40192.3 2.11282e+16 9.08606e-07 9.0536e-06 5.9311e-21 3.06474e-08 155037 0 0 1.01723e-15 0 0 0.0048137 0 0 0 0 0 0 4.37375e+09 4.37375e+09 4.37375e+09 4.37375e+09 
0.0885 -1.11662 -4.41662 -2.42864 -3.86067 -1.08338 41480.5 2.1072e+16 9.09089e-07 9.04691e-06 6.12183e-21 3.05433e-08 155582 0 0 1.05261e-15 0 0 0.0048137 0 0 0 0 0 0 4.49912e+09 4.49912e+09 4.49912e+09 4.49912e+09 
0.089 -1.10883 -4.40883 -2.42003 -3.85277 -1.09117 42800.9 2.10162e+16 9.09573e-07 9.0403e-06 6.31747e-21 3.04402e-08 156126 0 0 1.089e-15 0 0 0.0048137 0 0 0 0 0 0 4.62721e+09 4.62721e+09 4.62721e+09 4.62721e+09 
0.0895 -1.10101 -4.40101 -2.4114 -3.84485 -1.09899 44154.2 2.09609e+16 9.10057e-07 9.03375e-06 6.51811e-21 3.03381e-08 156669 0 0 1.12643e-15 0 0 0.0048137 0 0 0 0 0 0 4.75804e+09 4.75804e+09 4.75804e+09 4.75804e+09 
0.09 -1.09316 -4.39316 -2.40275 -3.83691 -1.10684 45541 2.0906e+16 9.10541e-07 9.02726e-06 6.72385e-21 3.02369e-08 157210 0 0 1.16491e-15 0 0 0.0048137 0 0 0 0 0 0 4.89167e+09 4.89167e+09 4.89167e+09 4.89167e+09 
0.0905 -1.08529 -4.38529 -2.39408 -3.82893 -1.11471 46961.8 2.08515e+16 9.11026e-07 9.02084e-06 6.93477e-21 3.01366e-08 157750 0 0 1.20446e-15 0 0 0.0048137 0 0 0 0 0 0 5.02812e+09 5.02812e+09 5.02812e+09 5.02812e+09 
0.091 -1.07739 -4.37739 -2.38539 -3.82093 -1.12261 48417.1 2.07974e+16 9.11512e-07 9.01448e-06 7.15096e-21 3.00372e-08 158288 0 0 1.24512e-15 0 0 0.0048137 0 0 0 0 0 0 5.16744e+09 5.16744e+09 5.16744e+09 5.16744e+09 
0.0915 -1.06946 -4.36946 -2.37667 -3.81291 -1.13054 49907.7 2.07437e+16 9.11998e-07 9.00819e-06 7.37253e-21 2.99387e-08 158825 0 0 1.2869e-15 0 0 0.0048137 0 0 0 0 0 0 5.30965e+09 5.30965e+09 5.30965e+09 5.30965e+09 
0.092 -1.06151 -4.36151 -2.36794 -3.80486 -1.13849 51434 2.06903e+16 9.12485e-07 9.00195e-06 7.59956e-21 2.98411e-08 159360 0 0 1.32983e-15 0 0 0.0048137 0 0 0 0 0 0 5.45481e+09 5.45481e+09 5.45481e+09 5.45481e+09 
0.0925 -1.05352 -4.35352 -2.35918 -3.79678 -1.14648 52996.7 2.06374e+16 9.12972e-07 8.99578e-06 7.83216e-21 2.97444e-08 159894 0 0 1.37393e-15 0 0 0.0048137 0 0 0 0 0 0 5.60295e+09 5.60295e+09 5.60295e+09 5.60295e+09 
0.093 -1.04552 -4.34552 -2.3504 -3.78867 -1.15448 54596.3 2.05849e+16 9.13459e-07 8.98967e-06 8.07041e-21 2.96485e-08 160427 0 0 1.41922e-15 0 0 0.0048137 0 0 0 0 0 0 5.7541e+09 5.7541e+09 5.7541e+09 5.7541e+09 
0.0935 -1.03748 -4.33748 -2.3416 -3.78054 -1.16252 56233.6 2.05327e+16 9.13947e-07 8.98362e-06 8.31442e-21 2.95534e-08 160959 0 0 1.46573e-15 0 0 0.0048137 0 0 0 0 0 0 5.90832e+09 5.90832e+09 5.90832e+09 5.90832e+09 
0.094 -1.02942 -4.32942 -2.33277 -3.77238 -1.17058 57908.9 2.04809e+16 9.14436e-07 8.97762e-06 8.56428e-21 2.94592e-08 161489 0 0 1.51348e-15 0 0 0.0048137 0 0 0 0 0 0 6.06562e+09 6.06562e+09 6.06562e+09 6.06562e+09 
0.0945 -1.02133 -4.32133 -2.32393 -3.7642 -1.17867 59623.1 2.04295e+16 9.14925e-07 8.97169e-06 8.82009e-21 2.93658e-08 162018 0 0 1.5625e-15 0 0 0.0048137 0 0 0 0 0 0 6.22606e+09 6.22606e+09 6.22606e+09 6.22606e+09 
0.095 -1.01322 -4.31322 -2.31506 -3.75599 -1.18678 61376.7 2.03784e+16 9.15415e-07 8.96581e-06 9.08196e-21 2.92732e-08 162545 0 0 1.61281e-15 0 0 0.0048137 0 0 0 0 0 0 6.38967e+09 6.38967e+09 6.38967e+09 6.38967e+09 
0.0955 -1.00508 -4.30508 -2.30617 -3.74776 -1.19492 63170.3 2.03277e+16 9.15905e-07 8.95999e-06 9.34997e-21 2.91814e-08 163071 0 0 1.66444e-15 0 0 0.0048137 0 0 0 0 0 0 6.55649e+09 6.55649e+09 6.55649e+09 6.55649e+09 
0.096 -0.996911 -4.29691 -2.29726 -3.7395 -1.20309 65004.5 2.02774e+16 9.16395e-07 8.95423e-06 9.62424e-21 2.90904e-08 163596 0 0 1.71742e-15 0 0 0.0048137 0 0 0 0 0 0 6.72657e+09 6.72657e+09 6.72657e+09 6.72657e+09 
0.0965 -0.988718 -4.28872 -2.28833 -3.73121 -1.21128 66880 2.02274e+16 9.16886e-07 8.94852e-06 9.90487e-21 2.90002e-08 164120 0 0 1.77177e-15 0 0 0.0048137 0 0 0 0 0 0 6.89993e+09 6.89993e+09 6.89993e+09 6.89993e+09 
0.097 -0.980499 -4.2805 -2.27938 -3.7229 -1.2195 68797.4 2.01777e+16 9.17378e-07 8.94287e-06 1.0192e-20 2.89108e-08 164642 0 0 1.82751e-15 0 0 0.0048137 0 0 0 0 0 0 7.07662e+09 7.07662e+09 7.07662e+09 7.07662e+09 
0.0975 -0.972254 -4.27225 -2.2704 -3.71456 -1.22775 70757.4 2.01284e+16 9.1787e-07 8.93727e-06 1.04856e-20 2.88221e-08 165163 0 0 1.88467e-15 0 0 0.0048137 0 0 0 0 0 0 7.25668e+09 7.25668e+09 7.25668e+09 7.25668e+09 
0.098 -0.963983 -4.26398 -2.26141 -3.7062 -1.23602 72760.5 2.00795e+16 9.18362e-07 8.93172e-06 1.07859e-20 2.87341e-08 165682 0 0 1.94329e-15 0 0 0.0048137 0 0 0 0 0 0 7.44015e+09 7.44015e+09 7.44015e+09 7.44015e+09 
0.0985 -0.955686 -4.25569 -2.25239 -3.69781 -1.24431 74807.5 2.00308e+16 9.18855e-07 8.92623e-06 1.1093e-20 2.86469e-08 166201 0 0 2.00339e-15 0 0 0.0048137 0 0 0 0 0 0 7.62707e+09 7.62707e+09 7.62707e+09 7.62707e+09 
0.099 -0.947363 -4.24736 -2.24335 -3.68939 -1.25264 76899 1.99825e+16 9.19349e-07 8.92079e-06 1.1407e-20 2.85604e-08 166718 0 0 2.06499e-15 0 0 0.0048137 0 0 0 0 0 0 7.81747e+09 7.81747e+09 7.81747e+09 7.81747e+09 
0.0995 -0.939014 -4.23901 -2.23429 -3.68095 -1.26099 79035.7 1.99346e+16 9.19842e-07 8.9154e-06 1.1728e-20 2.84746e-08 167234 0 0 2.12812e-15 0 0 0.0048137 0 0 0 0 0 0 8.01141e+09 8.01141e+09 8.01141e+09 8.01141e+09 
0.1 -0.930639 -4.23064 -2.22521 -3.67249 -1.26936 81218.1 1.98869e+16 9.20337e-07 8.91007e-06 1.20561e-20 2.83896e-08 167749 0 0 2.19281e-15 0 0 0.0048137 0 0 0 0 0 0 8.2089e+09 8.2089e+09 8.2089e+09 8.2089e+09 
0.1005 -0.922239 -4.22224 -2.2161 -3.664 -1.27776 83447 1.98396e+16 9.20831e-07 8.90478e-06 1.23913e-20 2.83052e-08 168262 0 0 2.2591e-15 0 0 0.0048137 0 0 0 0 0 0 8.41001e+09 8.41001e+09 8.41001e+09 8.41001e+09 
0.101 -0.913813 -4.21381 -2.20698 -3.65548 -1.28619 85723.1 1.97926e+16 9.21327e-07 8.89955e-06 1.27339e-20 2.82215e-08 168774 0 0 2.327e-15 0 0 0.0048137 0 0 0 0 0 0 8.61476e+09 8.61476e+09 8.61476e+09 8.61476e+09 
0.1015 -0.905362 -4.20536 -2.19783 -3.64694 -1.29464 88046.9 1.97459e+16 9.21822e-07 8.89436e-06 1.30839e-20 2.81385e-08 169285 0 0 2.39656e-15 0 0 0.0048137 0 0 0 0 0 0 8.8232e+09 8.8232e+09 8.8232e+09 8.8232e+09 
0.102 -0.896884 -4.19688 -2.18867 -3.63837 -1.30312 90419.2 1.96995e+16 9.22318e-07 8.88923e-06 1.34415e-20 2.80562e-08 169795 0 0 2.46779e-15 0 0 0.0048137 0 0 0 0 0 0 9.03537e+09 9.03537e+09 9.03537e+09 9.03537e+09 
0.1025 -0.888382 -4.18838 -2.17948 -3.62978 -1.31162 92840.7 1.96534e+16 9.22815e-07 8.88414e-06 1.38067e-20 2.79745e-08 170304 0 0 2.54073e-15 0 0 0.0048137 0 0 0 0 0 0 9.25131e+09 9.25131e+09 9.25131e+09 9.25131e+09 
0.103 -0.879854 -4.17985 -2.17027 -3.62117 -1.32015 95312.1 1.96076e+16 9.23312e-07 8.8791e-06 1.41797e-20 2.78935e-08 170811 0 0 2.61541e-15 0 0 0.0048137 0 0 0 0 0 0 9.47105e+09 9.47105e+09 9.47105e+09 9.47105e+09 
0.1035 -0.871301 -4.1713 -2.16103 -3.61253 -1.3287 97834 1.95621e+16 9.23809e-07 8.87411e-06 1.45606e-20 2.78131e-08 171318 0 0 2.69186e-15 0 0 0.0048137 0 0 0 0 0 0 9.69464e+09 9.69464e+09 9.69464e+09 9.69464e+09 
0.104 -0.862722 -4.16272 -2.15178 -3.60386 -1.33728 100407 1.95169e+16 9.24307e-07 8.86916e-06 1.49494e-20 2.77334e-08 171823 0 0 2.7701e-15 0 0 0.0048137 0 0 0 0 0 0 9.92212e+09 9.92212e+09 9.92212e+09 9.92212e+09 
0.1045 -0.854119 -4.15412 -2.14251 -3.59517 -1.34588 103032 1.9472e+16 9.24806e-07 8.86426e-06 1.53464e-20 2.76543e-08 172327 0 0 2.85018e-15 0 0 0.0048137 0 0 0 0 0 0 1.01535e+10 1.01535e+10 1.01535e+10 1.01535e+10 
0.105 -0.84549 -4.14549 -2.13321 -3.58645 -1.35451 105710 1.94273e+16 9.25304e-07 8.85941e-06 1.57516e-20 2.75758e-08 172829 0 0 2.93212e-15 0 0 0.0048137 0 0 0 0 0 0 1.03889e+10 1.03889e+10 1.03889e+10 1.03889e+10 
0.1055 -0.836836 -4.13684 -2.1239 -3.57771 -1.36316 108441 1.9383e+16 9.25803e-07 8.8546e-06 1.61651e-20 2.74979e-08 173331 0 0 3.01596e-15 0 0 0.0048137 0 0 0 0 0 0 1.06283e+10 1.06283e+10 1.06283e+10 1.06283e+10 
0.106 -0.828157 -4.12816 -2.11456 -3.56895 -1.37184 111226 1.93389e+16 9.26303e-07 8.84984e-06 1.65871e-20 2.74207e-08 173832 0 0 3.10172e-15 0 0 0.0048137 0 0 0 0 0 0 1.08717e+10 1.08717e+10 1.08717e+10 1.08717e+10 
0.1065 -0.819453 -4.11945 -2.1052 -3.56016 -1.38055 114066 1.92952e+16 9.26803e-07 8.84512e-06 1.70177e-20 2.7344e-08 174331 0 0 3.18944e-15 0 0 0.0048137 0 0 0 0 0 0 1.11193e+10 1.11193e+10 1.11193e+10 1.11193e+10 
0.107 -0.810723 -4.11072 -2.09582 -3.55134 -1.38928 116961 1.92517e+16 9.27304e-07 8.84045e-06 1.7457e-20 2.7268e-08 174829 0 0 3.27916e-15 0 0 0.0048137 0 0 0 0 0 0 1.13709e+10 1.13709e+10 1.13709e+10 1.13709e+10 
0.1075 -0.80197 -4.10197 -2.08642 -3.5425 -1.39803 119912 1.92084e+16 9.27804e-07 8.83582e-06 1.79051e-20 2.71925e-08 175326 0 0 3.37089e-15 0 0 0.0048137 0 0 0 0 0 0 1.16268e+10 1.16268e+10 1.16268e+10 1.16268e+10 
0.108 -0.793191 -4.09319 -2.07699 -3.53364 -1.40681 122920 1.91655e+16 9.28306e-07 8.83123e-06 1.83622e-20 2.71176e-08 175822 0 0 3.46469e-15 0 0 0.0048137 0 0 0 0 0 0 1.18868e+10 1.18868e+10 1.18868e+10 1.18868e+10 
0.1085 -0.784387 -4.08439 -2.06755 -3.52475 -1.41561 125986 1.91228e+16 9.28807e-07 8.82668e-06 1.88283e-20 2.70432e-08 176317 0 0 3.56058e-15 0 0 0.0048137 0 0 0 0 0 0 1.21511e+10 1.21511e+10 1.21511e+10 1.21511e+10 
0.109 -0.775559 -4.07556 -2.05809 -3.51584 -1.42444 129111 1.90803e+16 9.29309e-07 8.82218e-06 1.93036e-20 2.69694e-08 176811 0 0 3.6586e-15 0 0 0.0048137 0 0 0 0 0 0 1.24197e+10 1.24197e+10 1.24197e+10 1.24197e+10 
0.1095 -0.766706 -4.06671 -2.0486 -3.5069 -1.43329 132294 1.90381e+16 9.29812e-07 8.81772e-06 1.97882e-20 2.68962e-08 177303 0 0 3.75877e-15 0 0 0.0048137 0 0 0 0 0 0 1.26927e+10 1.26927e+10 1.26927e+10 1.26927e+10 
0.11 -0.757829 -4.05783 -2.03909 -3.49794 -1.44217 135537 1.89962e+16 9.30315e-07 8.8133e-06 2.02823e-20 2.68236e-08 177795 0 0 3.86115e-15 0 0 0.0048137 0 0 0 0 0 0 1.297e+10 1.297e+10 1.297e+10 1.297e+10 
0.1105 -0.748927 -4.04893 -2.02957 -3.48896 -1.45107 138841 1.89546e+16 9.30818e-07 8.80892e-06 2.07859e-20 2.67514e-08 178286 0 0 3.96575e-15 0 0 0.0048137 0 0 0 0 0 0 1.32517e+10 1.32517e+10 1.32517e+10 1.32517e+10 
0.111 -0.74 -4.04 -2.02002 -3.47995 -1.46 142206 1.89132e+16 9.31322e-07 8.80459e-06 2.12992e-20 2.66798e-08 178775 0 0 4.07262e-15 0 0 0.0048137 0 0 0 0 0 0 1.35379e+10 1.35379e+10 1.35379e+10 1.35379e+10 
0.1115 -0.731049 -4.03105 -2.01045 -3.47092 -1.46895 145633 1.8872e+16 9.31826e-07 8.80029e-06 2.18224e-20 2.66088e-08 179263 0 0 4.18179e-15 0 0 0.0048137 0 0 0 0 0 0 1.38286e+10 1.38286e+10 1.38286e+10 1.38286e+10 
0.112 -0.722074 -4.02207 -2.00086 -3.46186 -1.47793 149123 1.88311e+16 9.32331e-07 8.79603e-06 2.23554e-20 2.65382e-08 179751 0 0 4.2933e-15 0 0 0.0048137 0 0 0 0 0 0 1.41238e+10 1.41238e+10 1.41238e+10 1.41238e+10 
0.1125 -0.713074 -4.01307 -1.99124 -3.45278 -1.48693 152676 1.87904e+16 9.32836e-07 8.79181e-06 2.28986e-20 2.64682e-08 180237 0 0 4.40718e-15 0 0 0.0048137 0 0 0 0 0 0 1.44236e+10 1.44236e+10 1.44236e+10 1.44236e+10 
0.113 -0.70405 -4.00405 -1.98161 -3.44367 -1.49595 156294 1.875e+16 9.33341e-07 8.78763e-06 2.34519e-20 2.63987e-08 180722 0 0 4.52348e-15 0 0 0.0048137 0 0 0 0 0 0 1.4728e+10 1.4728e+10 1.4728e+10 1.4728e+10 
0.1135 -0.695002 -3.995 -1.97196 -3.43454 -1.505 159976 1.87098e+16 9.33847e-07 8.78349e-06 2.40155e-20 2.63297e-08 181206 0 0 4.64222e-15 0 0 0.0048137 0 0 0 0 0 0 1.50371e+10 1.50371e+10 1.50371e+10 1.50371e+10 
0.114 -0.68593 -3.98593 -1.96228 -3.42539 -1.51407 163725 1.86698e+16 9.34353e-07 8.77939e-06 2.45897e-20 2.62612e-08 181690 0 0 4.76345e-15 0 0 0.0048137 0 0 0 0 0 0 1.53509e+10 1.53509e+10 1.53509e+10 1.53509e+10 
0.1145 -0.676833 -3.97683 -1.95259 -3.41621 -1.52317 167540 1.86301e+16 9.3486e-07 8.77532e-06 2.51744e-20 2.61932e-08 182172 0 0 4.8872e-15 0 0 0.0048137 0 0 0 0 0 0 1.56695e+10 1.56695e+10 1.56695e+10 1.56695e+10 
0.115 -0.667712 -3.96771 -1.94287 -3.40701 -1.53229 171422 1.85906e+16 9.35367e-07 8.7713e-06 2.57698e-20 2.61257e-08 182653 0 0 5.01352e-15 0 0 0.0048137 0 0 0 0 0 0 1.59928e+10 1.59928e+10 1.59928e+10 1.59928e+10 
0.1155 -0.658568 -3.95857 -1.93314 -3.39779 -1.54143 175372 1.85514e+16 9.35874e-07 8.76731e-06 2.63761e-20 2.60587e-08 183133 0 0 5.14243e-15 0 0 0.0048137 0 0 0 0 0 0 1.63209e+10 1.63209e+10 1.63209e+10 1.63209e+10 
0.116 -0.649399 -3.9494 -1.92338 -3.38854 -1.5506 179392 1.85123e+16 9.36382e-07 8.76335e-06 2.69933e-20 2.59921e-08 183612 0 0 5.27398e-15 0 0 0.0048137 0 0 0 0 0 0 1.66539e+10 1.66539e+10 1.66539e+10 1.66539e+10 
0.1165 -0.640207 -3.94021 -1.9136 -3.37927 -1.55979 183481 1.84735e+16 9.3689e-07 8.75943e-06 2.76217e-20 2.5926e-08 184090 0 0 5.40821e-15 0 0 0.0048137 0 0 0 0 0 0 1.69919e+10 1.69919e+10 1.69919e+10 1.69919e+10 
0.117 -0.63099 -3.93099 -1.9038 -3.36997 -1.56901 187640 1.84349e+16 9.37398e-07 8.75555e-06 2.82614e-20 2.58604e-08 184567 0 0 5.54516e-15 0 0 0.0048137 0 0 0 0 0 0 1.73347e+10 1.73347e+10 1.73347e+10 1.73347e+10 
0.1175 -0.62175 -3.92175 -1.89398 -3.36065 -1.57825 191871 1.83966e+16 9.37907e-07 8.75171e-06 2.89124e-20 2.57953e-08 185043 0 0 5.68486e-15 0 0 0.0048137 0 0 0 0 0 0 1.76826e+10 1.76826e+10 1.76826e+10 1.76826e+10 
0.118 -0.612486 -3.91249 -1.88414 -3.35131 -1.58751 196173 1.83584e+16 9.38416e-07 8.7479e-06 2.95749e-20 2.57306e-08 185518 0 0 5.82736e-15 0 0 0.0048137 0 0 0 0 0 0 1.80355e+10 1.80355e+10 1.80355e+10 1.80355e+10 
0.1185 -0.603198 -3.9032 -1.87428 -3.34195 -1.5968 200549 1.83205e+16 9.38926e-07 8.74412e-06 3.02492e-20 2.56663e-08 185992 0 0 5.9727e-15 0 0 0.0048137 0 0 0 0 0 0 1.83934e+10 1.83934e+10 1.83934e+10 1.83934e+10 
0.119 -0.593887 -3.89389 -1.8644 -3.33256 -1.60611 204998 1.82828e+16 9.39436e-07 8.74038e-06 3.09352e-20 2.56025e-08 186465 0 0 6.12091e-15 0 0 0.0048137 0 0 0 0 0 0 1.87565e+10 1.87565e+10 1.87565e+10 1.87565e+10 
0.1195 -0.584552 -3.88455 -1.8545 -3.32314 -1.61545 209521 1.82453e+16 9.39946e-07 8.73667e-06 3.16331e-20 2.55392e-08 186937 0 0 6.27204e-15 0 0 0.0048137 0 0 0 0 0 0 1.91247e+10 1.91247e+10 1.91247e+10 1.91247e+10 
0.12 -0.575193 -3.87519 -1.84457 -3.31371 -1.62481 214119 1.8208e+16 9.40457e-07 8.733e-06 3.23431e-20 2.54763e-08 187408 0 0 6.42613e-15 0 0 0.0048137 0 0 0 0 0 0 1.94981e+10 1.94981e+10 1.94981e+10 1.94981e+10 
0.1205 -0.565811 -3.86581 -1.83463 -3.30425 -1.63419 218794 1.81709e+16 9.40968e-07 8.72936e-06 3.30654e-20 2.54138e-08 187879 0 0 6.58322e-15 0 0 0.0048137 0 0 0 0 0 0 1.98768e+10 1.98768e+10 1.98768e+10 1.98768e+10 
0.121 -0.556405 -3.85641 -1.82467 -3.29477 -1.64359 223545 1.8134e+16 9.41479e-07 8.72575e-06 3.38e-20 2.53517e-08 188348 0 0 6.74336e-15 0 0 0.0048137 0 0 0 0 0 0 2.02607e+10 2.02607e+10 2.02607e+10 2.02607e+10 
0.1215 -0.546976 -3.84698 -1.81468 -3.28526 -1.65302 228373 1.80973e+16 9.41991e-07 8.72218e-06 3.4547e-20 2.52901e-08 188816 0 0 6.90658e-15 0 0 0.0048137 0 0 0 0 0 0 2.06499e+10 2.06499e+10 2.06499e+10 2.06499e+10 
0.122 -0.537523 -3.83752 -1.80468 -3.27573 -1.66248 233280 1.80609e+16 9.42503e-07 8.71864e-06 3.53067e-20 2.52289e-08 189284 0 0 7.07293e-15 0 0 0.0048137 0 0 0 0 0 0 2.10445e+10 2.10445e+10 2.10445e+10 2.10445e+10 
0.1225 -0.528048 -3.82805 -1.79465 -3.26618 -1.67195 238266 1.80246e+16 9.43016e-07 8.71513e-06 3.60792e-20 2.51681e-08 189750 0 0 7.24245e-15 0 0 0.0048137 0 0 0 0 0 0 2.14445e+10 2.14445e+10 2.14445e+10 2.14445e+10 
0.123 -0.518548 -3.81855 -1.7846 -3.25661 -1.68145 243332 1.79885e+16 9.43529e-07 8.71166e-06 3.68646e-20 2.51077e-08 190215 0 0 7.41518e-15 0 0 0.0048137 0 0 0 0 0 0 2.18499e+10 2.18499e+10 2.18499e+10 2.18499e+10 
0.1235 -0.509026 -3.80903 -1.77454 -3.24701 -1.69097 248479 1.79526e+16 9.44042e-07 8.70821e-06 3.76631e-20 2.50477e-08 190680 0 0 7.59117e-15 0 0 0.0048137 0 0 0 0 0 0 2.22608e+10 2.22608e+10 2.22608e+10 2.22608e+10 
0.124 -0.49948 -3.79948 -1.76445 -3.23739 -1.70052 253707 1.79169e+16 9.44556e-07 8.7048e-06 3.84748e-20 2.49881e-08 191144 0 0 7.77046e-15 0 0 0.0048137 0 0 0 0 0 0 2.26772e+10 2.26772e+10 2.26772e+10 2.26772e+10 
0.1245 -0.489912 -3.78991 -1.75434 -3.22775 -1.71009 259018 1.78814e+16 9.4507e-07 8.70142e-06 3.92998e-20 2.49289e-08 191606 0 0 7.9531e-15 0 0 0.0048137 0 0 0 0 0 0 2.30991e+10 2.30991e+10 2.30991e+10 2.30991e+10 
0.125 -0.48032 -3.78032 -1.74422 -3.21808 -1.71968 264412 1.78461e+16 9.45584e-07 8.69807e-06 4.01383e-20 2.48701e-08 192068 0 0 8.13913e-15 0 0 0.0048137 0 0 0 0 0 0 2.35266e+10 2.35266e+10 2.35266e+10 2.35266e+10 
0.1255 -0.470705 -3.7707 -1.73407 -3.20839 -1.7293 269890 1.7811e+16 9.46099e-07 8.69475e-06 4.09905e-20 2.48117e-08 192529 0 0 8.32859e-15 0 0 0.0048137 0 0 0 0 0 0 2.39598e+10 2.39598e+10 2.39598e+10 2.39598e+10 
0.126 -0.461067 -3.76107 -1.7239 -3.19868 -1.73893 275452 1.77761e+16 9.46614e-07 8.69146e-06 4.18564e-20 2.47536e-08 192989 0 0 8.52153e-15 0 0 0.0048137 0 0 0 0 0 0 2.43987e+10 2.43987e+10 2.43987e+10 2.43987e+10 
0.1265 -0.451406 -3.75141 -1.71371 -3.18894 -1.74859 281101 1.77413e+16 9.47129e-07 8.6882e-06 4.27363e-20 2.4696e-08 193448 0 0 8.718e-15 0 0 0.0048137 0 0 0 0 0 0 2.48432e+10 2.48432e+10 2.48432e+10 2.48432e+10 
0.127 -0.441722 -3.74172 -1.7035 -3.17919 -1.75828 286836 1.77068e+16 9.47645e-07 8.68497e-06 4.36302e-20 2.46387e-08 193906 0 0 8.91804e-15 0 0 0.0048137 0 0 0 0 0 0 2.52936e+10 2.52936e+10 2.52936e+10 2.52936e+10 
0.1275 -0.432015 -3.73202 -1.69327 -3.16941 -1.76798 292658 1.76724e+16 9.48161e-07 8.68177e-06 4.45384e-20 2.45818e-08 194363 0 0 9.1217e-15 0 0 0.0048137 0 0 0 0 0 0 2.57497e+10 2.57497e+10 2.57497e+10 2.57497e+10 
0.128 -0.422286 -3.72229 -1.68302 -3.1596 -1.77771 298568 1.76382e+16 9.48677e-07 8.6786e-06 4.54609e-20 2.45253e-08 194820 0 0 9.32902e-15 0 0 0.0048137 0 0 0 0 0 0 2.62116e+10 2.62116e+10 2.62116e+10 2.62116e+10 
0.1285 -0.412533 -3.71253 -1.67275 -3.14978 -1.78747 304567 1.76041e+16 9.49194e-07 8.67546e-06 4.6398e-20 2.44691e-08 195275 0 0 9.54005e-15 0 0 0.0048137 0 0 0 0 0 0 2.66794e+10 2.66794e+10 2.66794e+10 2.66794e+10 
0.129 -0.402758 -3.70276 -1.66246 -3.13993 -1.79724 310656 1.75703e+16 9.49711e-07 8.67235e-06 4.73497e-20 2.44133e-08 195730 0 0 9.75484e-15 0 0 0.0048137 0 0 0 0 0 0 2.71532e+10 2.71532e+10 2.71532e+10 2.71532e+10 
0.1295 -0.39296 -3.69296 -1.65215 -3.13006 -1.80704 316836 1.75366e+16 9.50229e-07 8.66926e-06 4.83162e-20 2.43578e-08 196184 0 0 9.97343e-15 0 0 0.0048137 0 0 0 0 0 0 2.76328e+10 2.76328e+10 2.76328e+10 2.76328e+10 
0.13 -0.38314 -3.68314 -1.64182 -3.12017 -1.81686 323107 1.75031e+16 9.50747e-07 8.66621e-06 4.92978e-20 2.43027e-08 196637 0 0 1.01959e-14 0 0 0.0048137 0 0 0 0 0 0 2.81185e+10 2.81185e+10 2.81185e+10 2.81185e+10 
0.1305 -0.373297 -3.6733 -1.63147 -3.11025 -1.8267 329470 1.74698e+16 9.51265e-07 8.66318e-06 5.02944e-20 2.4248e-08 197089 0 0 1.04222e-14 0 0 0.0048137 0 0 0 0 0 0 2.86102e+10 2.86102e+10 2.86102e+10 2.86102e+10 
0.131 -0.363431 -3.66343 -1.6211 -3.10032 -1.83657 335926 1.74366e+16 9.51783e-07 8.66018e-06 5.13063e-20 2.41936e-08 197540 0 0 1.06525e-14 0 0 0.0048137 0 0 0 0 0 0 2.9108e+10 2.9108e+10 2.9108e+10 2.9108e+10 
0.1315 -0.353543 -3.65354 -1.61071 -3.09036 -1.84646 342476 1.74036e+16 9.52302e-07 8.65721e-06 5.23337e-20 2.41395e-08 197990 0 0 1.08868e-14 0 0 0.0048137 0 0 0 0 0 0 2.96119e+10 2.96119e+10 2.96119e+10 2.96119e+10 
0.132 -0.343632 -3.64363 -1.6003 -3.08038 -1.85637 349122 1.73708e+16 9.52821e-07 8.65426e-06 5.33766e-20 2.40858e-08 198440 0 0 1.11252e-14 0 0 0.0048137 0 0 0 0 0 0 3.01219e+10 3.01219e+10 3.01219e+10 3.01219e+10 
0.1325 -0.333699 -3.6337 -1.58987 -3.07037 -1.8663 355862 1.73382e+16 9.53341e-07 8.65134e-06 5.44352e-20 2.40324e-08 198888 0 0 1.13676e-14 0 0 0.0048137 0 0 0 0 0 0 3.06381e+10 3.06381e+10 3.06381e+10 3.06381e+10 
0.133 -0.323743 -3.62374 -1.57942 -3.06035 -1.87626 362699 1.73057e+16 9.5386e-07 8.64845e-06 5.55097e-20 2.39793e-08 199336 0 0 1.16142e-14 0 0 0.0048137 0 0 0 0 0 0 3.11605e+10 3.11605e+10 3.11605e+10 3.11605e+10 
0.1335 -0.313765 -3.61377 -1.56895 -3.0503 -1.88623 369634 1.72733e+16 9.54381e-07 8.64559e-06 5.66003e-20 2.39266e-08 199783 0 0 1.18649e-14 0 0 0.0048137 0 0 0 0 0 0 3.16892e+10 3.16892e+10 3.16892e+10 3.16892e+10 
0.134 -0.303765 -3.60376 -1.55846 -3.04023 -1.89624 376666 1.72412e+16 9.54901e-07 8.64275e-06 5.77071e-20 2.38742e-08 200229 0 0 1.212e-14 0 0 0.0048137 0 0 0 0 0 0 3.22242e+10 3.22242e+10 3.22242e+10 3.22242e+10 
0.1345 -0.293742 -3.59374 -1.54795 -3.03014 -1.90626 383798 1.72092e+16 9.55422e-07 8.63994e-06 5.88302e-20 2.38221e-08 200674 0 0 1.23793e-14 0 0 0.0048137 0 0 0 0 0 0 3.27655e+10 3.27655e+10 3.27655e+10 3.27655e+10 
0.135 -0.283697 -3.5837 -1.53742 -3.02002 -1.9163 391030 1.71773e+16 9.55943e-07 8.63715e-06 5.99698e-20 2.37704e-08 201119 0 0 1.26429e-14 0 0 0.0048137 0 0 0 0 0 0 3.33133e+10 3.33133e+10 3.33133e+10 3.33133e+10 
0.1355 -0.27363 -3.57363 -1.52687 -3.00988 -1.92637 398362 1.71456e+16 9.56464e-07 8.63439e-06 6.1126e-20 2.37189e-08 201562 0 0 1.2911e-14 0 0 0.0048137 0 0 0 0 0 0 3.38674e+10 3.38674e+10 3.38674e+10 3.38674e+10 
0.136 -0.263541 -3.56354 -1.5163 -2.99973 -1.93646 405795 1.71141e+16 9.56986e-07 8.63166e-06 6.22991e-20 2.36678e-08 202005 0 0 1.31835e-14 0 0 0.0048137 0 0 0 0 0 0 3.4428e+10 3.4428e+10 3.4428e+10 3.4428e+10 
0.1365 -0.25343 -3.55343 -1.50571 -2.98955 -1.94657 413331 1.70827e+16 9.57508e-07 8.62895e-06 6.34892e-20 2.3617e-08 202447 0 0 1.34605e-14 0 0 0.0048137 0 0 0 0 0 0 3.4995e+10 3.4995e+10 3.4995e+10 3.4995e+10 
0.137 -0.243297 -3.5433 -1.4951 -2.97934 -1.9567 420971 1.70515e+16 9.58031e-07 8.62627e-06 6.46963e-20 2.35665e-08 202888 0 0 1.37421e-14 0 0 0.0048137 0 0 0 0 0 0 3.55687e+10 3.55687e+10 3.55687e+10 3.55687e+10 
0.1375 -0.233141 -3.53314 -1.48447 -2.96912 -1.96686 428714 1.70204e+16 9.58553e-07 8.62361e-06 6.59208e-20 2.35163e-08 203329 0 0 1.40282e-14 0 0 0.0048137 0 0 0 0 0 0 3.61488e+10 3.61488e+10 3.61488e+10 3.61488e+10 
0.138 -0.222964 -3.52296 -1.47382 -2.95887 -1.97704 436562 1.69895e+16 9.59076e-07 8.62097e-06 6.71627e-20 2.34664e-08 203768 0 0 1.43191e-14 0 0 0.0048137 0 0 0 0 0 0 3.67356e+10 3.67356e+10 3.67356e+10 3.67356e+10 
0.1385 -0.212764 -3.51276 -1.46315 -2.94861 -1.98724 444517 1.69587e+16 9.596e-07 8.61836e-06 6.84222e-20 2.34168e-08 204207 0 0 1.46146e-14 0 0 0.0048137 0 0 0 0 0 0 3.7329e+10 3.7329e+10 3.7329e+10 3.7329e+10 
0.139 -0.202543 -3.50254 -1.45246 -2.93832 -1.99746 452577 1.6928e+16 9.60123e-07 8.61578e-06 6.96995e-20 2.33675e-08 204645 0 0 1.49149e-14 0 0 0.0048137 0 0 0 0 0 0 3.79291e+10 3.79291e+10 3.79291e+10 3.79291e+10 
0.1395 -0.1923 -3.4923 -1.44175 -2.92801 -2.0077 460746 1.68976e+16 9.60647e-07 8.61321e-06 7.09947e-20 2.33185e-08 205082 0 0 1.522e-14 0 0 0.0048137 0 0 0 0 0 0 3.8536e+10 3.8536e+10 3.8536e+10 3.8536e+10 
0.14 -0.182035 -3.48203 -1.43102 -2.91767 -2.01797 469022 1.68672e+16 9.61172e-07 8.61068e-06 7.2308e-20 2.32697e-08 205519 0 0 1.553e-14 0 0 0.0048137 0 0 0 0 0 0 3.91495e+10 3.91495e+10 3.91495e+10 3.91495e+10 
0.1405 -0.171748 -3.47175 -1.42028 -2.90732 -2.02825 477408 1.6837e+16 9.61696e-07 8.60816e-06 7.36395e-20 2.32213e-08 205954 0 0 1.58449e-14 0 0 0.0048137 0 0 0 0 0 0 3.97699e+10 3.97699e+10 3.97699e+10 3.97699e+10 
0.141 -0.161439 -3.46144 -1.40951 -2.89694 -2.03856 485904 1.6807e+16 9.62221e-07 8.60567e-06 7.49894e-20 2.31731e-08 206389 0 0 1.61648e-14 0 0 0.0048137 0 0 0 0 0 0 4.03971e+10 4.03971e+10 4.03971e+10 4.03971e+10 
0.1415 -0.151109 -3.45111 -1.39872 -2.88655 -2.04889 494511 1.67771e+16 9.62746e-07 8.60321e-06 7.63579e-20 2.31253e-08 206823 0 0 1.64897e-14 0 0 0.0048137 0 0 0 0 0 0 4.10312e+10 4.10312e+10 4.10312e+10 4.10312e+10 
0.142 -0.140757 -3.44076 -1.38792 -2.87613 -2.05924 503230 1.67473e+16 9.63272e-07 8.60076e-06 7.77451e-20 2.30777e-08 207257 0 0 1.68197e-14 0 0 0.0048137 0 0 0 0 0 0 4.16721e+10 4.16721e+10 4.16721e+10 4.16721e+10 
0.1425 -0.130383 -3.43038 -1.37709 -2.86569 -2.06962 512061 1.67177e+16 9.63798e-07 8.59834e-06 7.91512e-20 2.30304e-08 207689 0 0 1.71549e-14 0 0 0.0048137 0 0 0 0 0 0 4.232e+10 4.232e+10 4.232e+10 4.232e+10 
0.143 -0.119988 -3.41999 -1.36624 -2.85523 -2.08001 521006 1.66882e+16 9.64324e-07 8.59594e-06 8.05764e-20 2.29833e-08 208121 0 0 1.74952e-14 0 0 0.0048137 0 0 0 0 0 0 4.29749e+10 4.29749e+10 4.29749e+10 4.29749e+10 
0.1435 -0.109571 -3.40957 -1.35538 -2.84474 -2.09043 530065 1.66588e+16 9.6485e-07 8.59357e-06 8.20207e-20 2.29366e-08 208552 0 0 1.78408e-14 0 0 0.0048137 0 0 0 0 0 0 4.36368e+10 4.36368e+10 4.36368e+10 4.36368e+10 
0.144 -0.0991329 -3.39913 -1.34449 -2.83424 -2.10087 539239 1.66296e+16 9.65377e-07 8.59121e-06 8.34845e-20 2.28901e-08 208982 0 0 1.81917e-14 0 0 0.0048137 0 0 0 0 0 0 4.43058e+10 4.43058e+10 4.43058e+10 4.43058e+10 
0.1445 -0.088673 -3.38867 -1.33359 -2.82372 -2.11133 548530 1.66005e+16 9.65904e-07 8.58888e-06 8.49678e-20 2.28438e-08 209412 0 0 1.8548e-14 0 0 0.0048137 0 0 0 0 0 0 4.49818e+10 4.49818e+10 4.49818e+10 4.49818e+10 
0.145 -0.0781917 -3.37819 -1.32266 -2.81317 -2.12181 557937 1.65716e+16 9.66431e-07 8.58657e-06 8.64708e-20 2.27979e-08 209840 0 0 1.89097e-14 0 0 0.0048137 0 0 0 0 0 0 4.56649e+10 4.56649e+10 4.56649e+10 4.56649e+10 
0.1455 -0.067689 -3.36769 -1.31172 -2.8026 -2.13231 567462 1.65428e+16 9.66959e-07 8.58429e-06 8.79936e-20 2.27522e-08 210268 0 0 1.92769e-14 0 0 0.0048137 0 0 0 0 0 0 4.63552e+10 4.63552e+10 4.63552e+10 4.63552e+10 
0.146 -0.0571649 -3.35716 -1.30076 -2.79201 -2.14284 577106 1.65141e+16 9.67487e-07 8.58202e-06 8.95365e-20 2.27067e-08 210696 0 0 1.96496e-14 0 0 0.0048137 0 0 0 0 0 0 4.70527e+10 4.70527e+10 4.70527e+10 4.70527e+10 
0.1465 -0.0466194 -3.34662 -1.28978 -2.7814 -2.15338 586870 1.64855e+16 9.68015e-07 8.57978e-06 9.10996e-20 2.26615e-08 211122 0 0 2.0028e-14 0 0 0.0048137 0 0 0 0 0 0 4.77575e+10 4.77575e+10 4.77575e+10 4.77575e+10 
0.147 -0.0360527 -3.33605 -1.27878 -2.77077 -2.16395 596754 1.64571e+16 9.68544e-07 8.57755e-06 9.2683e-20 2.26166e-08 211548 0 0 2.04119e-14 0 0 0.0048137 0 0 0 0 0 0 4.84694e+10 4.84694e+10 4.84694e+10 4.84694e+10 
0.1475 -0.0254646 -3.32546 -1.26775 -2.76012 -2.17454 606759 1.64288e+16 9.69073e-07 8.57535e-06 9.4287e-20 2.25719e-08 211973 0 0 2.08016e-14 0 0 0.0048137 0 0 0 0 0 0 4.91887e+10 4.91887e+10 4.91887e+10 4.91887e+10 
0.148 -0.0148554 -3.31486 -1.25671 -2.74944 -2.18514 616886 1.64006e+16 9.69602e-07 8.57317e-06 9.59117e-20 2.25275e-08 212397 0 0 2.11971e-14 0 0 0.0048137 0 0 0 0 0 0 4.99153e+10 4.99153e+10 4.99153e+10 4.99153e+10 
0.1485 -0.0042249 -3.30422 -1.24566 -2.73875 -2.19578 627136 1.63726e+16 9.70131e-07 8.57101e-06 9.75572e-20 2.24833e-08 212821 0 0 2.15984e-14 0 0 0.0048137 0 0 0 0 0 0 5.06493e+10 5.06493e+10 5.06493e+10 5.06493e+10 
0.149 0.00642672 -3.29357 -1.23458 -2.72803 -2.20643 637510 1.63447e+16 9.70661e-07 8.56887e-06 9.92238e-20 2.24394e-08 213244 0 0 2.20056e-14 0 0 0.0048137 0 0 0 0 0 0 5.13907e+10 5.13907e+10 5.13907e+10 5.13907e+10 
0.1495 0.0170995 -3.2829 -1.22348 -2.7173 -2.2171 648009 1.63169e+16 9.71191e-07 8.56676e-06 1.00912e-19 2.23957e-08 213666 0 0 2.24187e-14 0 0 0.0048137 0 0 0 0 0 0 5.21395e+10 5.21395e+10 5.21395e+10 5.21395e+10 
0.15 0.0277933 -3.27221 -1.21236 -2.70654 -2.22779 658634 1.62892e+16 9.71721e-07 8.56466e-06 1.02621e-19 2.23522e-08 214087 0 0 2.28378e-14 0 0 0.0048137 0 0 0 0 0 0 5.28958e+10 5.28958e+10 5.28958e+10 5.28958e+10 
0.1505 0.0385082 -3.26149 -1.20123 -2.69576 -2.23851 669384 1.62617e+16 9.72252e-07 8.56258e-06 1.04351e-19 2.2309e-08 214508 0 0 2.3263e-14 0 0 0.0048137 0 0 0 0 0 0 5.36596e+10 5.36596e+10 5.36596e+10 5.36596e+10 
0.151 0.0492441 -3.25076 -1.19007 -2.68496 -2.24924 680262 1.62343e+16 9.72783e-07 8.56052e-06 1.06104e-19 2.2266e-08 214928 0 0 2.36944e-14 0 0 0.0048137 0 0 0 0 0 0 5.4431e+10 5.4431e+10 5.4431e+10 5.4431e+10 
0.1515 0.060001 -3.24 -1.1789 -2.67414 -2.26 691269 1.6207e+16 9.73314e-07 8.55849e-06 1.07878e-19 2.22233e-08 215347 0 0 2.41319e-14 0 0 0.0048137 0 0 0 0 0 0 5.52099e+10 5.52099e+10 5.52099e+10 5.52099e+10 
0.152 0.0707789 -3.22922 -1.1677 -2.6633 -2.27078 702404 1.61798e+16 9.73845e-07 8.55647e-06 1.09674e-19 2.21808e-08 215766 0 0 2.45756e-14 0 0 0.0048137 0 0 0 0 0 0 5.59964e+10 5.59964e+10 5.59964e+10 5.59964e+10 
0.1525 0.0815776 -3.21842 -1.15649 -2.65244 -2.28158 713669 1.61527e+16 9.74377e-07 8.55447e-06 1.11493e-19 2.21385e-08 216184 0 0 2.50257e-14 0 0 0.0048137 0 0 0 0 0 0 5.67906e+10 5.67906e+10 5.67906e+10 5.67906e+10 
0.153 0.0923973 -3.2076 -1.14526 -2.64156 -2.2924 725065 1.61258e+16 9.74909e-07 8.55249e-06 1.13334e-19 2.20965e-08 216601 0 0 2.54821e-14 0 0 0.0048137 0 0 0 0 0 0 5.75924e+10 5.75924e+10 5.75924e+10 5.75924e+10 
0.1535 0.103238 -3.19676 -1.13401 -2.63066 -2.30324 736593 1.60989e+16 9.75441e-07 8.55053e-06 1.15197e-19 2.20547e-08 217018 0 0 2.5945e-14 0 0 0.0048137 0 0 0 0 0 0 5.8402e+10 5.8402e+10 5.8402e+10 5.8402e+10 
0.154 0.114099 -3.1859 -1.12274 -2.61973 -2.3141 748253 1.60722e+16 9.75974e-07 8.54859e-06 1.17083e-19 2.20131e-08 217433 0 0 2.64144e-14 0 0 0.0048137 0 0 0 0 0 0 5.92192e+10 5.92192e+10 5.92192e+10 5.92192e+10 
0.1545 0.124981 -3.17502 -1.11145 -2.60879 -2.32498 760046 1.60456e+16 9.76506e-07 8.54667e-06 1.18992e-19 2.19717e-08 217849 0 0 2.68903e-14 0 0 0.0048137 0 0 0 0 0 0 6.00443e+10 6.00443e+10 6.00443e+10 6.00443e+10 
0.155 0.135884 -3.16412 -1.10014 -2.59782 -2.33588 771973 1.60191e+16 9.7704e-07 8.54477e-06 1.20924e-19 2.19306e-08 218263 0 0 2.73728e-14 0 0 0.0048137 0 0 0 0 0 0 6.08772e+10 6.08772e+10 6.08772e+10 6.08772e+10 
0.1555 0.146807 -3.15319 -1.08881 -2.58684 -2.34681 784036 1.59928e+16 9.77573e-07 8.54289e-06 1.22879e-19 2.18896e-08 218677 0 0 2.7862e-14 0 0 0.0048137 0 0 0 0 0 0 6.17179e+10 6.17179e+10 6.17179e+10 6.17179e+10 
0.156 0.157752 -3.14225 -1.07747 -2.57583 -2.35775 796234 1.59665e+16 9.78107e-07 8.54103e-06 1.24858e-19 2.18489e-08 219090 0 0 2.8358e-14 0 0 0.0048137 0 0 0 0 0 0 6.25665e+10 6.25665e+10 6.25665e+10 6.25665e+10 
0.1565 0.168716 -3.13128 -1.0661 -2.56481 -2.36872 808570 1.59404e+16 9.78641e-07 8.53918e-06 1.2686e-19 2.18084e-08 219502 0 0 2.88608e-14 0 0 0.0048137 0 0 0 0 0 0 6.3423e+10 6.3423e+10 6.3423e+10 6.3423e+10 
0.157 0.179702 -3.1203 -1.05472 -2.55376 -2.3797 821043 1.59143e+16 9.79175e-07 8.53735e-06 1.28886e-19 2.17682e-08 219914 0 0 2.93704e-14 0 0 0.0048137 0 0 0 0 0 0 6.42874e+10 6.42874e+10 6.42874e+10 6.42874e+10 
0.1575 0.190708 -3.10929 -1.04331 -2.54269 -2.39071 833654 1.58884e+16 9.79709e-07 8.53554e-06 1.30936e-19 2.17281e-08 220325 0 0 2.98869e-14 0 0 0.0048137 0 0 0 0 0 0 6.51598e+10 6.51598e+10 6.51598e+10 6.51598e+10 
0.158 0.201734 -3.09827 -1.03189 -2.53161 -2.40173 846405 1.58626e+16 9.80244e-07 8.53375e-06 1.3301e-19 2.16882e-08 220735 0 0 3.04105e-14 0 0 0.0048137 0 0 0 0 0 0 6.60403e+10 6.60403e+10 6.60403e+10 6.60403e+10 
0.1585 0.212781 -3.08722 -1.02045 -2.5205 -2.41278 859296 1.58369e+16 9.80779e-07 8.53198e-06 1.35108e-19 2.16486e-08 221145 0 0 3.09411e-14 0 0 0.0048137 0 0 0 0 0 0 6.69287e+10 6.69287e+10 6.69287e+10 6.69287e+10 
0.159 0.223849 -3.07615 -1.00899 -2.50937 -2.42385 872328 1.58113e+16 9.81315e-07 8.53022e-06 1.37231e-19 2.16092e-08 221554 0 0 3.14789e-14 0 0 0.0048137 0 0 0 0 0 0 6.78252e+10 6.78252e+10 6.78252e+10 6.78252e+10 
0.1595 0.234937 -3.06506 -0.997515 -2.49822 -2.43494 885502 1.57858e+16 9.8185e-07 8.52849e-06 1.39378e-19 2.15699e-08 221963 0 0 3.20238e-14 0 0 0.0048137 0 0 0 0 0 0 6.87298e+10 6.87298e+10 6.87298e+10 6.87298e+10 
0.16 0.246045 -3.05395 -0.986018 -2.48705 -2.44605 898818 1.57604e+16 9.82386e-07 8.52677e-06 1.4155e-19 2.15309e-08 222370 0 0 3.2576e-14 0 0 0.0048137 0 0 0 0 0 0 6.96426e+10 6.96426e+10 6.96426e+10 6.96426e+10 
0.1605 0.257174 -3.04283 -0.974502 -2.47587 -2.45717 912279 1.57351e+16 9.82922e-07 8.52506e-06 1.43747e-19 2.14921e-08 222777 0 0 3.31355e-14 0 0 0.0048137 0 0 0 0 0 0 7.05635e+10 7.05635e+10 7.05635e+10 7.05635e+10 
0.161 0.268323 -3.03168 -0.962968 -2.46466 -2.46832 925884 1.57099e+16 9.83459e-07 8.52338e-06 1.45969e-19 2.14534e-08 223184 0 0 3.37023e-14 0 0 0.0048137 0 0 0 0 0 0 7.14926e+10 7.14926e+10 7.14926e+10 7.14926e+10 
0.1615 0.279492 -3.02051 -0.951414 -2.45343 -2.47949 939634 1.56849e+16 9.83995e-07 8.52171e-06 1.48217e-19 2.1415e-08 223590 0 0 3.42767e-14 0 0 0.0048137 0 0 0 0 0 0 7.24299e+10 7.24299e+10 7.24299e+10 7.24299e+10 
0.162 0.290682 -3.00932 -0.939843 -2.44218 -2.49068 953530 1.56599e+16 9.84532e-07 8.52006e-06 1.50489e-19 2.13768e-08 223995 0 0 3.48585e-14 0 0 0.0048137 0 0 0 0 0 0 7.33754e+10 7.33754e+10 7.33754e+10 7.33754e+10 
0.1625 0.301892 -2.99811 -0.928252 -2.43091 -2.50189 967574 1.5635e+16 9.85069e-07 8.51843e-06 1.52788e-19 2.13387e-08 224399 0 0 3.54479e-14 0 0 0.0048137 0 0 0 0 0 0 7.43293e+10 7.43293e+10 7.43293e+10 7.43293e+10 
0.163 0.313122 -2.98688 -0.916643 -2.41962 -2.51312 981765 1.56103e+16 9.85607e-07 8.51681e-06 1.55112e-19 2.13009e-08 224803 0 0 3.6045e-14 0 0 0.0048137 0 0 0 0 0 0 7.52915e+10 7.52915e+10 7.52915e+10 7.52915e+10 
0.1635 0.324372 -2.97563 -0.905015 -2.40831 -2.52437 996105 1.55856e+16 9.86145e-07 8.51521e-06 1.57462e-19 2.12632e-08 225206 0 0 3.66498e-14 0 0 0.0048137 0 0 0 0 0 0 7.6262e+10 7.6262e+10 7.6262e+10 7.6262e+10 
0.164 0.335642 -2.96436 -0.893369 -2.39698 -2.53564 1.01059e+06 1.5561e+16 9.86683e-07 8.51363e-06 1.59839e-19 2.12258e-08 225609 0 0 3.72624e-14 0 0 0.0048137 0 0 0 0 0 0 7.72409e+10 7.72409e+10 7.72409e+10 7.72409e+10 
0.1645 0.346933 -2.95307 -0.881704 -2.38563 -2.54693 1.02523e+06 1.55366e+16 9.87221e-07 8.51206e-06 1.62242e-19 2.11885e-08 226011 0 0 3.78828e-14 0 0 0.0048137 0 0 0 0 0 0 7.82282e+10 7.82282e+10 7.82282e+10 7.82282e+10 
0.165 0.358243 -2.94176 -0.87002 -2.37426 -2.55824 1.04003e+06 1.55122e+16 9.87759e-07 8.51051e-06 1.64671e-19 2.11514e-08 226412 0 0 3.85111e-14 0 0 0.0048137 0 0 0 0 0 0 7.92239e+10 7.92239e+10 7.92239e+10 7.92239e+10 
0.1655 0.369574 -2.93043 -0.858318 -2.36287 -2.56957 1.05497e+06 1.54879e+16 9.88298e-07 8.50898e-06 1.67127e-19 2.11145e-08 226813 0 0 3.91474e-14 0 0 0.0048137 0 0 0 0 0 0 8.02281e+10 8.02281e+10 8.02281e+10 8.02281e+10 
0.166 0.380925 -2.91908 -0.846597 -2.35146 -2.58092 1.07007e+06 1.54638e+16 9.88837e-07 8.50746e-06 1.6961e-19 2.10778e-08 227213 0 0 3.97918e-14 0 0 0.0048137 0 0 0 0 0 0 8.12408e+10 8.12408e+10 8.12408e+10 8.12408e+10 
0.1665 0.392295 -2.9077 -0.834858 -2.34004 -2.5923 1.08532e+06 1.54397e+16 9.89377e-07 8.50596e-06 1.7212e-19 2.10413e-08 227612 0 0 4.04442e-14 0 0 0.0048137 0 0 0 0 0 0 8.2262e+10 8.2262e+10 8.2262e+10 8.2262e+10 
0.167 0.403686 -2.89631 -0.823101 -2.32859 -2.60369 1.10072e+06 1.54157e+16 9.89916e-07 8.50447e-06 1.74657e-19 2.10049e-08 228011 0 0 4.11049e-14 0 0 0.0048137 0 0 0 0 0 0 8.32917e+10 8.32917e+10 8.32917e+10 8.32917e+10 
0.1675 0.415096 -2.8849 -0.811325 -2.31712 -2.6151 1.11628e+06 1.53918e+16 9.90456e-07 8.503e-06 1.77221e-19 2.09688e-08 228409 0 0 4.17738e-14 0 0 0.0048137 0 0 0 0 0 0 8.433e+10 8.433e+10 8.433e+10 8.433e+10 
0.168 0.426527 -2.87347 -0.79953 -2.30563 -2.62653 1.132e+06 1.53681e+16 9.90996e-07 8.50155e-06 1.79813e-19 2.09328e-08 228807 0 0 4.2451e-14 0 0 0.0048137 0 0 0 0 0 0 8.5377e+10 8.5377e+10 8.5377e+10 8.5377e+10 
0.1685 0.437977 -2.86202 -0.787717 -2.29412 -2.63798 1.14787e+06 1.53444e+16 9.91536e-07 8.50011e-06 1.82433e-19 2.0897e-08 229204 0 0 4.31367e-14 0 0 0.0048137 0 0 0 0 0 0 8.64326e+10 8.64326e+10 8.64326e+10 8.64326e+10 
0.169 0.449447 -2.85055 -0.775886 -2.2826 -2.64945 1.1639e+06 1.53208e+16 9.92077e-07 8.49868e-06 1.85081e-19 2.08613e-08 229600 0 0 4.38308e-14 0 0 0.0048137 0 0 0 0 0 0 8.74968e+10 8.74968e+10 8.74968e+10 8.74968e+10 
0.1695 0.460937 -2.83906 -0.764036 -2.27105 -2.66094 1.1801e+06 1.52972e+16 9.92618e-07 8.49728e-06 1.87756e-19 2.08259e-08 229996 0 0 4.45334e-14 0 0 0.0048137 0 0 0 0 0 0 8.85697e+10 8.85697e+10 8.85697e+10 8.85697e+10 
0.17 0.472447 -2.82755 -0.752168 -2.25948 -2.67245 1.19645e+06 1.52738e+16 9.93159e-07 8.49588e-06 1.9046e-19 2.07906e-08 230391 0 0 4.52446e-14 0 0 0.0048137 0 0 0 0 0 0 8.96514e+10 8.96514e+10 8.96514e+10 8.96514e+10 
0.1705 0.483976 -2.81602 -0.740282 -2.24789 -2.68398 1.21296e+06 1.52505e+16 9.937e-07 8.49451e-06 1.93193e-19 2.07555e-08 230786 0 0 4.59645e-14 0 0 0.0048137 0 0 0 0 0 0 9.07418e+10 9.07418e+10 9.07418e+10 9.07418e+10 
0.171 0.495525 -2.80447 -0.728377 -2.23629 -2.69553 1.22963e+06 1.52273e+16 9.94242e-07 8.49314e-06 1.95954e-19 2.07205e-08 231179 0 0 4.66931e-14 0 0 0.0048137 0 0 0 0 0 0 9.1841e+10 9.1841e+10 9.1841e+10 9.1841e+10 
0.1715 0.507094 -2.79291 -0.716454 -2.22466 -2.70709 1.24646e+06 1.52041e+16 9.94784e-07 8.4918e-06 1.98744e-19 2.06858e-08 231573 0 0 4.74305e-14 0 0 0.0048137 0 0 0 0 0 0 9.2949e+10 9.2949e+10 9.2949e+10 9.2949e+10 
0.172 0.518683 -2.78132 -0.704513 -2.21302 -2.71868 1.26346e+06 1.51811e+16 9.95326e-07 8.49047e-06 2.01563e-19 2.06512e-08 231966 0 0 4.81768e-14 0 0 0.0048137 0 0 0 0 0 0 9.40658e+10 9.40658e+10 9.40658e+10 9.40658e+10 
0.1725 0.530291 -2.76971 -0.692554 -2.20135 -2.73029 1.28062e+06 1.51581e+16 9.95868e-07 8.48915e-06 2.04411e-19 2.06167e-08 232358 0 0 4.89321e-14 0 0 0.0048137 0 0 0 0 0 0 9.51915e+10 9.51915e+10 9.51915e+10 9.51915e+10 
0.173 0.541918 -2.75808 -0.680576 -2.18967 -2.74192 1.29795e+06 1.51352e+16 9.96411e-07 8.48785e-06 2.07288e-19 2.05824e-08 232749 0 0 4.96964e-14 0 0 0.0048137 0 0 0 0 0 0 9.6326e+10 9.6326e+10 9.6326e+10 9.6326e+10 
0.1735 0.553566 -2.74643 -0.66858 -2.17797 -2.75357 1.31544e+06 1.51124e+16 9.96954e-07 8.48656e-06 2.10195e-19 2.05483e-08 233140 0 0 5.04697e-14 0 0 0.0048137 0 0 0 0 0 0 9.74695e+10 9.74695e+10 9.74695e+10 9.74695e+10 
0.174 0.565232 -2.73477 -0.656566 -2.16624 -2.76523 1.3331e+06 1.50897e+16 9.97497e-07 8.48528e-06 2.13131e-19 2.05144e-08 233530 0 0 5.12523e-14 0 0 0.0048137 0 0 0 0 0 0 9.86219e+10 9.86219e+10 9.86219e+10 9.86219e+10 
0.1745 0.576919 -2.72308 -0.644534 -2.1545 -2.77692 1.35092e+06 1.50671e+16 9.9804e-07 8.48403e-06 2.16098e-19 2.04806e-08 233920 0 0 5.2044e-14 0 0 0.0048137 0 0 0 0 0 0 9.97833e+10 9.97833e+10 9.97833e+10 9.97833e+10 
0.175 0.588624 -2.71138 -0.632483 -2.14274 -2.78862 1.36892e+06 1.50446e+16 9.98584e-07 8.48278e-06 2.19094e-19 2.0447e-08 234309 0 0 5.28451e-14 0 0 0.0048137 0 0 0 0 0 0 1.00954e+11 1.00954e+11 1.00954e+11 1.00954e+11 
0.1755 0.60035 -2.69965 -0.620415 -2.13096 -2.80035 1.38708e+06 1.50221e+16 9.99127e-07 8.48155e-06 2.22121e-19 2.04135e-08 234698 0 0 5.36556e-14 0 0 0.0048137 0 0 0 0 0 0 1.02133e+11 1.02133e+11 1.02133e+11 1.02133e+11 
0.176 0.612094 -2.68791 -0.608328 -2.11916 -2.81209 1.40541e+06 1.49998e+16 9.99671e-07 8.48033e-06 2.25178e-19 2.03802e-08 235086 0 0 5.44755e-14 0 0 0.0048137 0 0 0 0 0 0 1.03321e+11 1.03321e+11 1.03321e+11 1.03321e+11 
0.1765 0.623858 -2.67614 -0.596224 -2.10734 -2.82386 1.42391e+06 1.49775e+16 1.00022e-06 8.47913e-06 2.28265e-19 2.0347e-08 235474 0 0 5.53049e-14 0 0 0.0048137 0 0 0 0 0 0 1.04519e+11 1.04519e+11 1.04519e+11 1.04519e+11 
0.177 0.635642 -2.66436 -0.584101 -2.0955 -2.83564 1.44259e+06 1.49553e+16 1.00076e-06 8.47794e-06 2.31384e-19 2.0314e-08 235860 0 0 5.61439e-14 0 0 0.0048137 0 0 0 0 0 0 1.05726e+11 1.05726e+11 1.05726e+11 1.05726e+11 
0.1775 0.647444 -2.65256 -0.57196 -2.08364 -2.84744 1.46143e+06 1.49332e+16 1.00131e-06 8.47677e-06 2.34533e-19 2.02812e-08 236247 0 0 5.69926e-14 0 0 0.0048137 0 0 0 0 0 0 1.06941e+11 1.06941e+11 1.06941e+11 1.06941e+11 
0.178 0.659266 -2.64073 -0.559801 -2.07177 -2.85927 1.48045e+06 1.49112e+16 1.00185e-06 8.47561e-06 2.37713e-19 2.02485e-08 236633 0 0 5.7851e-14 0 0 0.0048137 0 0 0 0 0 0 1.08166e+11 1.08166e+11 1.08166e+11 1.08166e+11 
0.1785 0.671107 -2.62889 -0.547624 -2.05987 -2.87111 1.49964e+06 1.48892e+16 1.0024e-06 8.47446e-06 2.40925e-19 2.0216e-08 237018 0 0 5.87192e-14 0 0 0.0048137 0 0 0 0 0 0 1.094e+11 1.094e+11 1.094e+11 1.094e+11 
0.179 0.682968 -2.61703 -0.53543 -2.04795 -2.88297 1.51901e+06 1.48674e+16 1.00294e-06 8.47333e-06 2.44168e-19 2.01836e-08 237402 0 0 5.95974e-14 0 0 0.0048137 0 0 0 0 0 0 1.10643e+11 1.10643e+11 1.10643e+11 1.10643e+11 
0.1795 0.694848 -2.60515 -0.523217 -2.03602 -2.89485 1.53855e+06 1.48456e+16 1.00349e-06 8.47221e-06 2.47443e-19 2.01514e-08 237786 0 0 6.04854e-14 0 0 0.0048137 0 0 0 0 0 0 1.11896e+11 1.11896e+11 1.11896e+11 1.11896e+11 
0.18 0.706747 -2.59325 -0.510986 -2.02407 -2.90675 1.55827e+06 1.48239e+16 1.00403e-06 8.4711e-06 2.50749e-19 2.01193e-08 238170 0 0 6.13836e-14 0 0 0.0048137 0 0 0 0 0 0 1.13157e+11 1.13157e+11 1.13157e+11 1.13157e+11 
0.1805 0.718665 -2.58134 -0.498738 -2.01209 -2.91866 1.57816e+06 1.48023e+16 1.00458e-06 8.47001e-06 2.54087e-19 2.00873e-08 238553 0 0 6.22918e-14 0 0 0.0048137 0 0 0 0 0 0 1.14428e+11 1.14428e+11 1.14428e+11 1.14428e+11 
0.181 0.730602 -2.5694 -0.486471 -2.0001 -2.9306 1.59823e+06 1.47807e+16 1.00513e-06 8.46893e-06 2.57458e-19 2.00555e-08 238935 0 0 6.32102e-14 0 0 0.0048137 0 0 0 0 0 0 1.15709e+11 1.15709e+11 1.15709e+11 1.15709e+11 
0.1815 0.742558 -2.55744 -0.474187 -1.98809 -2.94256 1.61849e+06 1.47593e+16 1.00567e-06 8.46786e-06 2.60861e-19 2.00239e-08 239317 0 0 6.41389e-14 0 0 0.0048137 0 0 0 0 0 0 1.16998e+11 1.16998e+11 1.16998e+11 1.16998e+11 
0.182 0.754534 -2.54547 -0.461885 -1.97606 -2.95453 1.63892e+06 1.47379e+16 1.00622e-06 8.46681e-06 2.64296e-19 1.99924e-08 239698 0 0 6.50778e-14 0 0 0.0048137 0 0 0 0 0 0 1.18297e+11 1.18297e+11 1.18297e+11 1.18297e+11 
0.1825 0.766528 -2.53347 -0.449565 -1.96402 -2.96653 1.65953e+06 1.47166e+16 1.00677e-06 8.46577e-06 2.67765e-19 1.9961e-08 240079 0 0 6.60272e-14 0 0 0.0048137 0 0 0 0 0 0 1.19605e+11 1.19605e+11 1.19605e+11 1.19605e+11 
0.183 0.778541 -2.52146 -0.437227 -1.95195 -2.97854 1.68032e+06 1.46953e+16 1.00731e-06 8.46474e-06 2.71266e-19 1.99298e-08 240459 0 0 6.69871e-14 0 0 0.0048137 0 0 0 0 0 0 1.20923e+11 1.20923e+11 1.20923e+11 1.20923e+11 
0.1835 0.790574 -2.50943 -0.424871 -1.93986 -2.99057 1.70129e+06 1.46742e+16 1.00786e-06 8.46373e-06 2.748e-19 1.98988e-08 240839 0 0 6.79575e-14 0 0 0.0048137 0 0 0 0 0 0 1.2225e+11 1.2225e+11 1.2225e+11 1.2225e+11 
0.184 0.802625 -2.49737 -0.412498 -1.92776 -3.00263 1.72245e+06 1.46531e+16 1.00841e-06 8.46273e-06 2.78367e-19 1.98678e-08 241218 0 0 6.89386e-14 0 0 0.0048137 0 0 0 0 0 0 1.23586e+11 1.23586e+11 1.23586e+11 1.23586e+11 
0.1845 0.814696 -2.4853 -0.400107 -1.91563 -3.0147 1.74378e+06 1.46321e+16 1.00896e-06 8.46174e-06 2.81968e-19 1.9837e-08 241596 0 0 6.99304e-14 0 0 0.0048137 0 0 0 0 0 0 1.24932e+11 1.24932e+11 1.24932e+11 1.24932e+11 
0.185 0.826785 -2.47322 -0.387698 -1.90349 -3.02678 1.76531e+06 1.46112e+16 1.00951e-06 8.46076e-06 2.85602e-19 1.98064e-08 241974 0 0 7.09329e-14 0 0 0.0048137 0 0 0 0 0 0 1.26288e+11 1.26288e+11 1.26288e+11 1.26288e+11 
0.1855 0.838893 -2.46111 -0.375271 -1.89133 -3.03889 1.78701e+06 1.45903e+16 1.01005e-06 8.4598e-06 2.8927e-19 1.97758e-08 242352 0 0 7.19463e-14 0 0 0.0048137 0 0 0 0 0 0 1.27653e+11 1.27653e+11 1.27653e+11 1.27653e+11 
0.186 0.85102 -2.44898 -0.362827 -1.87915 -3.05102 1.80891e+06 1.45695e+16 1.0106e-06 8.45884e-06 2.92972e-19 1.97455e-08 242728 0 0 7.29707e-14 0 0 0.0048137 0 0 0 0 0 0 1.29027e+11 1.29027e+11 1.29027e+11 1.29027e+11 
0.1865 0.863166 -2.43683 -0.350365 -1.86695 -3.06317 1.83099e+06 1.45488e+16 1.01115e-06 8.4579e-06 2.96708e-19 1.97152e-08 243105 0 0 7.4006e-14 0 0 0.0048137 0 0 0 0 0 0 1.30411e+11 1.30411e+11 1.30411e+11 1.30411e+11 
0.187 0.875331 -2.42467 -0.337885 -1.85473 -3.07533 1.85325e+06 1.45282e+16 1.0117e-06 8.45697e-06 3.00478e-19 1.96851e-08 243481 0 0 7.50524e-14 0 0 0.0048137 0 0 0 0 0 0 1.31804e+11 1.31804e+11 1.31804e+11 1.31804e+11 
0.1875 0.887514 -2.41249 -0.325388 -1.8425 -3.08751 1.87571e+06 1.45076e+16 1.01225e-06 8.45606e-06 3.04283e-19 1.96551e-08 243856 0 0 7.611e-14 0 0 0.0048137 0 0 0 0 0 0 1.33207e+11 1.33207e+11 1.33207e+11 1.33207e+11 
0.188 0.899716 -2.40028 -0.312873 -1.83024 -3.09972 1.89835e+06 1.44871e+16 1.0128e-06 8.45515e-06 3.08123e-19 1.96252e-08 244231 0 0 7.71788e-14 0 0 0.0048137 0 0 0 0 0 0 1.34619e+11 1.34619e+11 1.34619e+11 1.34619e+11 
0.1885 0.911937 -2.38806 -0.300341 -1.81797 -3.11194 1.92118e+06 1.44667e+16 1.01335e-06 8.45425e-06 3.11997e-19 1.95954e-08 244605 0 0 7.8259e-14 0 0 0.0048137 0 0 0 0 0 0 1.36041e+11 1.36041e+11 1.36041e+11 1.36041e+11 
0.189 0.924177 -2.37582 -0.287791 -1.80568 -3.12418 1.94421e+06 1.44463e+16 1.0139e-06 8.45336e-06 3.15906e-19 1.95657e-08 244979 0 0 7.93505e-14 0 0 0.0048137 0 0 0 0 0 0 1.37472e+11 1.37472e+11 1.37472e+11 1.37472e+11 
0.1895 0.936435 -2.36357 -0.275223 -1.79337 -3.13643 1.96742e+06 1.44259e+16 1.01445e-06 8.45247e-06 3.19851e-19 1.95361e-08 245352 0 0 8.04535e-14 0 0 0.0048137 0 0 0 0 0 0 1.38913e+11 1.38913e+11 1.38913e+11 1.38913e+11 
0.19 0.948712 -2.35129 -0.262638 -1.78104 -3.14871 1.99082e+06 1.44056e+16 1.015e-06 8.45157e-06 3.23831e-19 1.95064e-08 245724 0 0 8.1568e-14 0 0 0.0048137 0 0 0 0 0 0 1.40362e+11 1.40362e+11 1.40362e+11 1.40362e+11 
0.1905 0.961007 -2.33899 -0.250036 -1.76869 -3.16101 2.01442e+06 1.43852e+16 1.01555e-06 8.45067e-06 3.27846e-19 1.94768e-08 246097 0 0 8.26941e-14 0 0 0.0048137 0 0 0 0 0 0 1.4182e+11 1.4182e+11 1.4182e+11 1.4182e+11 
0.191 0.973322 -2.32668 -0.237415 -1.75632 -3.17332 2.03821e+06 1.43647e+16 1.0161e-06 8.44974e-06 3.31897e-19 1.94469e-08 246468 0 0 8.38318e-14 0 0 0.0048137 0 0 0 0 0 0 1.43285e+11 1.43285e+11 1.43285e+11 1.43285e+11 
0.1915 0.985654 -2.31435 -0.224778 -1.74394 -3.18565 2.0622e+06 1.43441e+16 1.01666e-06 8.44876e-06 3.35983e-19 1.94167e-08 246839 0 0 8.49813e-14 0 0 0.0048137 0 0 0 0 0 0 1.44756e+11 1.44756e+11 1.44756e+11 1.44756e+11 
0.192 0.998005 -2.30199 -0.212123 -1.73153 -3.19801 2.08637e+06 1.43231e+16 1.01721e-06 8.44769e-06 3.40106e-19 1.93859e-08 247210 0 0 8.61426e-14 0 0 0.0048137 0 0 0 0 0 0 1.46231e+11 1.46231e+11 1.46231e+11 1.46231e+11 
0.1925 1.01038 -2.28962 -0.19945 -1.7191 -3.21038 2.11075e+06 1.43015e+16 1.01776e-06 8.44647e-06 3.44265e-19 1.93539e-08 247580 0 0 8.73156e-14 0 0 0.0048137 0 0 0 0 0 0 1.47706e+11 1.47706e+11 1.47706e+11 1.47706e+11 
0.193 1.02276 -2.27724 -0.186761 -1.70666 -3.22276 2.13531e+06 1.4279e+16 1.01831e-06 8.445e-06 3.48459e-19 1.932e-08 247949 0 0 8.85004e-14 0 0 0.0048137 0 0 0 0 0 0 1.49175e+11 1.49175e+11 1.49175e+11 1.49175e+11 
0.1935 1.03517 -2.26483 -0.174054 -1.69419 -3.23517 2.16007e+06 1.42547e+16 1.01886e-06 8.44311e-06 3.52689e-19 1.92829e-08 248318 0 0 8.96968e-14 0 0 0.0048137 0 0 0 0 0 0 1.50627e+11 1.50627e+11 1.50627e+11 1.50627e+11 
0.194 1.0476 -2.2524 -0.161329 -1.68169 -3.2476 2.18502e+06 1.42277e+16 1.01941e-06 8.44052e-06 3.56955e-19 1.92404e-08 248686 0 0 9.09047e-14 0 0 0.0048137 0 0 0 0 0 0 1.52045e+11 1.52045e+11 1.52045e+11 1.52045e+11 
0.1945 1.06004 -2.23996 -0.148588 -1.66917 -3.26004 2.21015e+06 1.41961e+16 1.01997e-06 8.4368e-06 3.61256e-19 1.91893e-08 249053 0 0 9.21236e-14 0 0 0.0048137 0 0 0 0 0 0 1.53401e+11 1.53401e+11 1.53401e+11 1.53401e+11 
0.195 1.0725 -2.2275 -0.135829 -1.6566 -3.2725 2.23547e+06 1.41571e+16 1.02052e-06 8.43121e-06 3.6559e-19 1.91238e-08 249420 0 0 9.3353e-14 0 0 0.0048137 0 0 0 0 0 0 1.54649e+11 1.54649e+11 1.54649e+11 1.54649e+11 
0.1955 1.08498 -2.21502 -0.123053 -1.64399 -3.28498 2.26095e+06 1.41058e+16 1.02107e-06 8.42256e-06 3.69956e-19 1.9035e-08 249785 0 0 9.45916e-14 0 0 0.0048137 0 0 0 0 0 0 1.55712e+11 1.55712e+11 1.55712e+11 1.55712e+11 
0.196 1.09748 -2.20252 -0.110261 -1.6313 -3.29748 2.28658e+06 1.40344e+16 1.02162e-06 8.40888e-06 3.7435e-19 1.89079e-08 250149 0 0 9.58374e-14 0 0 0.0048137 0 0 0 0 0 0 1.56462e+11 1.56462e+11 1.56462e+11 1.56462e+11 
0.1965 1.11 -2.19 -0.0974527 -1.61851 -3.31 2.31233e+06 1.39301e+16 1.02216e-06 8.38692e-06 3.78767e-19 1.87183e-08 250510 0 0 9.70871e-14 0 0 0.0048137 0 0 0 0 0 0 1.56691e+11 1.56691e+11 1.56691e+11 1.56691e+11 
0.197 1.12253 -2.17747 -0.0846289 -1.60555 -3.32253 2.33813e+06 1.37714e+16 1.02271e-06 8.35124e-06 3.83196e-19 1.84264e-08 250868 0 0 9.83352e-14 0 0 0.0048137 0 0 0 0 0 0 1.5605e+11 1.5605e+11 1.5605e+11 1.5605e+11 
0.1975 1.13508 -2.16492 -0.0717909 -1.59232 -3.33508 2.3639e+06 1.3523e+16 1.02324e-06 8.29266e-06 3.87622e-19 1.79671e-08 251221 0 0 9.95724e-14 0 0 0.0048137 0 0 0 0 0 0 1.53964e+11 1.53964e+11 1.53964e+11 1.53964e+11 
0.198 1.14765 -2.15235 -0.0589405 -1.57865 -3.34765 2.38949e+06 1.31251e+16 1.02354e-06 8.19353e-06 3.91929e-19 1.72299e-08 251396 0 0 1.00187e-13 0 0 0.0048137 0 0 0 0 0 0 1.49449e+11 1.49449e+11 1.49449e+11 1.49449e+11 
0.198 1.14765 -2.15235 -0.0589405 -1.57865 -3.34765 2.38949e+06 1.31251e+16 1.02396e-06 8.19688e-06 3.92089e-19 1.7237e-08 251705 0 0 1.01272e-13 0 0 0.0048137 0 0 0 0 0 0 1.4951e+11 1.4951e+11 1.4951e+11 1.4951e+11 
0.198409 1.15796 -2.14204 -0.0484126 -1.5669 -3.35796 2.4101e+06 1.26222e+16 1.02417e-06 8.06868e-06 3.95552e-19 1.63173e-08 251838 0 0 1.01739e-13 0 0 0.0048137 0 0 0 0 0 0 1.43009e+11 1.43009e+11 1.43009e+11 1.43009e+11 
0.198752 1.16658 -2.13342 -0.0396059 -1.55645 -3.36658 2.42693e+06 1.20127e+16 1.02451e-06 7.91118e-06 3.98446e-19 1.52262e-08 252056 0 0 1.02498e-13 0 0 0.00481369 0 0 0 0 0 0 1.34685e+11 1.34685e+11 1.34685e+11 1.34685e+11 
0.199038 1.1738 -2.1262 -0.0322412 -1.54702 -3.3738 2.44059e+06 1.13102e+16 1.02477e-06 7.72461e-06 4.00793e-19 1.39977e-08 252229 0 0 1.03091e-13 0 0 0.00481369 0 0 0 0 0 0 1.24864e+11 1.24864e+11 1.24864e+11 1.24864e+11 
0.199277 1.17984 -2.12016 -0.0260837 -1.53838 -3.37984 2.45161e+06 1.05344e+16 1.02498e-06 7.51226e-06 4.02685e-19 1.26791e-08 252364 0 0 1.03548e-13 0 0 0.00481367 0 0 0 0 0 0 1.13991e+11 1.13991e+11 1.13991e+11 1.13991e+11 
0.199478 1.18489 -2.11511 -0.0209363 -1.53035 -3.38489 2.46046e+06 9.70742e+15 1.02515e-06 7.27813e-06 4.04202e-19 1.13197e-08 252469 0 0 1.03894e-13 0 0 0.00481365 0 0 0 0 0 0 1.02533e+11 1.02533e+11 1.02533e+11 1.02533e+11 
0.199645 1.18912 -2.11088 -0.0166339 -1.52278 -3.38912 2.46754e+06 8.8517e+15 1.02527e-06 7.02647e-06 4.05415e-19 9.96494e-09 252549 0 0 1.04152e-13 0 0 0.00481362 0 0 0 0 0 0 9.09231e+10 9.09231e+10 9.09231e+10 9.09231e+10 
0.199785 1.19266 -2.10734 -0.013038 -1.51554 -3.39266 2.4732e+06 7.9876e+15 1.02537e-06 6.7613e-06 4.06383e-19 8.6528e-09 252610 0 0 1.04343e-13 0 0 0.00481356 0 0 0 0 0 0 7.9528e+10 7.9528e+10 7.9528e+10 7.9528e+10 
0.199902 1.19561 -2.10439 -0.0100326 -1.50852 -3.39561 2.47771e+06 7.13248e+15 1.02544e-06 6.48609e-06 4.07154e-19 7.41197e-09 252656 0 0 1.04481e-13 0 0 0.00481347 0 0 0 0 0 0 6.863e+10 6.863e+10 6.863e+10 6.863e+10 
0.2 1.19809 -2.10191 -0.00752085 -1.50163 -3.39809 2.48132e+06 6.30011e+15 1.02548e-06 6.20352e-06 4.07761e-19 6.26177e-09 252674 0 0 1.04535e-13 0 0 0.00481342 0 0 0 0 0 0 5.84256e+10 5.84256e+10 5.84256e+10 5.84256e+10 