# ASCII 1D datafile generated by TiberCAD
# x Ec Ev eQFermi hQFermi ElPotential eDensity hDensity eMobility hMobility eConductivity hConductivity ElField_x ElField_y ElField_z eCurrentDensity_x eCurrentDensity_y eCurrentDensity_z hCurrentDensity_x hCurrentDensity_y hCurrentDensity_z IonizedDonors IonizedAcceptors IonizedElectronTraps IonizedHoleTraps eNetRecombination eLangevinRecombination hNetRecombination hLangevinRecombination 
0 -0.575 -3.875 -2.09842 -3.37435 -1.625 11.8681 8.46455e+16 8.45249e-07 1.73844e-05 8.1716e-23 2.35762e-07 -30954.3 0 0 4.38798e-19 0 0 0.00155868 0 0 0 0 0 0 9.468e+06 9.468e+06 9.468e+06 9.468e+06 
9.79066e-05 -0.575303 -3.8753 -2.09837 -3.37429 -1.6247 12.0323 8.39009e+16 8.45221e-07 1.72938e-05 8.17382e-23 2.3247e-07 -30742 0 0 4.45532e-19 0 0 0.00155868 0 0 0 0 0 0 9.46726e+06 9.46726e+06 9.46726e+06 9.46726e+06 
0.000214985 -0.57566 -3.87566 -2.0983 -3.37421 -1.62434 12.2301 8.30271e+16 8.45157e-07 1.71865e-05 8.17649e-23 2.28622e-07 -30236.8 0 0 4.61637e-19 0 0 0.00155868 0 0 0 0 0 0 9.4663e+06 9.4663e+06 9.4663e+06 9.4663e+06 
0.000354988 -0.576079 -3.87608 -2.09822 -3.37411 -1.62392 12.4686 8.2005e+16 8.45082e-07 1.70608e-05 8.1797e-23 2.24156e-07 -29639.5 0 0 4.80893e-19 0 0 0.00155868 0 0 0 0 0 0 9.46559e+06 9.46559e+06 9.46559e+06 9.46559e+06 
0.000522406 -0.576569 -3.87657 -2.09812 -3.374 -1.62343 12.7566 8.08144e+16 8.44995e-07 1.6914e-05 8.18359e-23 2.19001e-07 -28934.9 0 0 5.03915e-19 0 0 0.00155868 0 0 0 0 0 0 9.46536e+06 9.46536e+06 9.46536e+06 9.46536e+06 
0.000722606 -0.57714 -3.87714 -2.098 -3.37385 -1.62286 13.1051 7.94343e+16 8.44897e-07 1.67433e-05 8.18828e-23 2.13088e-07 -28105.5 0 0 5.31443e-19 0 0 0.00155868 0 0 0 0 0 0 9.46595e+06 9.46595e+06 9.46595e+06 9.46595e+06 
0.000962009 -0.577801 -3.8778 -2.09784 -3.37367 -1.6222 13.5277 7.78435e+16 8.44786e-07 1.65457e-05 8.19398e-23 2.06357e-07 -27132.2 0 0 5.64359e-19 0 0 0.00155868 0 0 0 0 0 0 9.46786e+06 9.46786e+06 9.46786e+06 9.46786e+06 
0.00124829 -0.578562 -3.87856 -2.09763 -3.37345 -1.62144 14.0412 7.60219e+16 8.44662e-07 1.63185e-05 8.2009e-23 1.9876e-07 -25993.5 0 0 6.03725e-19 0 0 0.00155868 0 0 0 0 0 0 9.47184e+06 9.47184e+06 9.47184e+06 9.47184e+06 
0.00159063 -0.579428 -3.87943 -2.09737 -3.37318 -1.62057 14.667 7.39517e+16 8.44525e-07 1.6059e-05 8.20934e-23 1.90273e-07 -24666.3 0 0 6.50815e-19 0 0 0.00155868 0 0 0 0 0 0 9.47898e+06 9.47898e+06 9.47898e+06 9.47898e+06 
0.002 -0.580406 -3.88041 -2.09703 -3.37283 -1.61959 15.4322 7.16197e+16 8.44466e-07 1.57665e-05 8.21968e-23 1.80916e-07 -23883.8 0 0 6.78976e-19 0 0 0.00155868 0 0 0 0 0 0 9.4918e+06 9.4918e+06 9.4918e+06 9.4918e+06 
0.002 -0.580406 -3.88041 -2.09703 -3.37283 -1.61959 15.4322 7.16197e+16 8.44287e-07 1.57631e-05 8.21963e-23 1.80878e-07 -22200.2 0 0 7.41588e-19 0 0 0.00155868 0 0 0 0 0 0 9.48979e+06 9.48979e+06 9.48979e+06 9.48979e+06 
0.0025 -0.581516 -3.88152 -2.09658 -3.37239 -1.61848 16.3915 6.89657e+16 8.44226e-07 1.54277e-05 8.23259e-23 1.70469e-07 -21308.8 0 0 7.76065e-19 0 0 0.00155868 0 0 0 0 0 0 9.5101e+06 9.5101e+06 9.5101e+06 9.5101e+06 
0.003 -0.582537 -3.88254 -2.09609 -3.37192 -1.61746 17.3782 6.65047e+16 8.44087e-07 1.51125e-05 8.2459e-23 1.61027e-07 -19557.8 0 0 8.45088e-19 0 0 0.00155868 0 0 0 0 0 0 9.53432e+06 9.53432e+06 9.53432e+06 9.53432e+06 
0.0035 -0.583472 -3.88347 -2.09556 -3.37142 -1.61653 18.3923 6.42181e+16 8.43966e-07 1.48172e-05 8.25958e-23 1.52453e-07 -17868.2 0 0 9.14263e-19 0 0 0.00155868 0 0 0 0 0 0 9.56341e+06 9.56341e+06 9.56341e+06 9.56341e+06 
0.004 -0.584324 -3.88432 -2.09498 -3.3709 -1.61568 19.434 6.20894e+16 8.43863e-07 1.45403e-05 8.27363e-23 1.44644e-07 -16235.7 0 0 9.83621e-19 0 0 0.00155868 0 0 0 0 0 0 9.59726e+06 9.59726e+06 9.59726e+06 9.59726e+06 
0.0045 -0.585096 -3.8851 -2.09437 -3.37035 -1.6149 20.5035 6.0104e+16 8.43775e-07 1.428e-05 8.28807e-23 1.37513e-07 -14656.3 0 0 1.05319e-18 0 0 0.00155868 0 0 0 0 0 0 9.63578e+06 9.63578e+06 9.63578e+06 9.63578e+06 
0.005 -0.58579 -3.88579 -2.09371 -3.36977 -1.61421 21.6012 5.82488e+16 8.43701e-07 1.4035e-05 8.30288e-23 1.30982e-07 -13126.6 0 0 1.12301e-18 0 0 0.00155868 0 0 0 0 0 0 9.67889e+06 9.67889e+06 9.67889e+06 9.67889e+06 
0.0055 -0.586408 -3.88641 -2.09301 -3.36916 -1.61359 22.7274 5.65124e+16 8.4364e-07 1.38041e-05 8.31808e-23 1.24986e-07 -11643.3 0 0 1.1931e-18 0 0 0.00155868 0 0 0 0 0 0 9.72653e+06 9.72653e+06 9.72653e+06 9.72653e+06 
0.006 -0.586954 -3.88695 -2.09228 -3.36852 -1.61305 23.8827 5.48845e+16 8.43591e-07 1.3586e-05 8.33368e-23 1.19468e-07 -10203.5 0 0 1.2635e-18 0 0 0.00155868 0 0 0 0 0 0 9.77869e+06 9.77869e+06 9.77869e+06 9.77869e+06 
0.0065 -0.587429 -3.88743 -2.0915 -3.36785 -1.61257 25.0675 5.33558e+16 8.43552e-07 1.33798e-05 8.34967e-23 1.14378e-07 -8804.46 0 0 1.33422e-18 0 0 0.00155868 0 0 0 0 0 0 9.83535e+06 9.83535e+06 9.83535e+06 9.83535e+06 
0.007 -0.587834 -3.88783 -2.09068 -3.36716 -1.61217 26.2826 5.19182e+16 8.43524e-07 1.31846e-05 8.36608e-23 1.09673e-07 -7443.78 0 0 1.40531e-18 0 0 0.00155868 0 0 0 0 0 0 9.89651e+06 9.89651e+06 9.89651e+06 9.89651e+06 
0.0075 -0.588173 -3.88817 -2.08982 -3.36643 -1.61183 27.5287 5.05643e+16 8.43505e-07 1.29996e-05 8.38292e-23 1.05313e-07 -6119.19 0 0 1.47679e-18 0 0 0.00155868 0 0 0 0 0 0 9.9622e+06 9.9622e+06 9.9622e+06 9.9622e+06 
0.008 -0.588446 -3.88845 -2.08892 -3.36568 -1.61155 28.8067 4.92873e+16 8.43495e-07 1.28239e-05 8.40018e-23 1.01266e-07 -4828.6 0 0 1.54869e-18 0 0 0.00155868 0 0 0 0 0 0 1.00325e+07 1.00325e+07 1.00325e+07 1.00325e+07 
0.0085 -0.588656 -3.88866 -2.08797 -3.36489 -1.61134 30.1176 4.80813e+16 8.43492e-07 1.26569e-05 8.4179e-23 9.7502e-08 -3570.1 0 0 1.62104e-18 0 0 0.00155868 0 0 0 0 0 0 1.01073e+07 1.01073e+07 1.01073e+07 1.01073e+07 
0.009 -0.588803 -3.8888 -2.08699 -3.36408 -1.6112 31.4626 4.69408e+16 8.43497e-07 1.2498e-05 8.43608e-23 9.39944e-08 -2341.93 0 0 1.69387e-18 0 0 0.00155868 0 0 0 0 0 0 1.01869e+07 1.01869e+07 1.01869e+07 1.01869e+07 
0.0095 -0.58889 -3.88889 -2.08597 -3.36324 -1.61111 32.8427 4.58609e+16 8.43509e-07 1.23467e-05 8.45474e-23 9.07201e-08 -1142.46 0 0 1.76721e-18 0 0 0.00155868 0 0 0 0 0 0 1.02713e+07 1.02713e+07 1.02713e+07 1.02713e+07 
0.01 -0.588917 -3.88892 -2.0849 -3.36236 -1.61108 34.2595 4.48371e+16 8.43527e-07 1.22024e-05 8.47389e-23 8.76582e-08 29.8178 0 0 1.84109e-18 0 0 0.00155868 0 0 0 0 0 0 1.03606e+07 1.03606e+07 1.03606e+07 1.03606e+07 
0.0105 -0.588887 -3.88889 -2.08379 -3.36146 -1.61111 35.7143 4.38654e+16 8.43552e-07 1.20646e-05 8.49357e-23 8.47904e-08 1176.31 0 0 1.91555e-18 0 0 0.00155868 0 0 0 0 0 0 1.0455e+07 1.0455e+07 1.0455e+07 1.0455e+07 
0.011 -0.5888 -3.8888 -2.08265 -3.36052 -1.6112 37.2088 4.29421e+16 8.43582e-07 1.1933e-05 8.51378e-23 8.21001e-08 2298.3 0 0 1.99062e-18 0 0 0.00155868 0 0 0 0 0 0 1.05545e+07 1.05545e+07 1.05545e+07 1.05545e+07 
0.0115 -0.588657 -3.88866 -2.08146 -3.35956 -1.61134 38.7448 4.20639e+16 8.43617e-07 1.18071e-05 8.53457e-23 7.95724e-08 3397.01 0 0 2.06632e-18 0 0 0.00155868 0 0 0 0 0 0 1.06594e+07 1.06594e+07 1.06594e+07 1.06594e+07 
0.012 -0.58846 -3.88846 -2.08023 -3.35857 -1.61154 40.3242 4.12275e+16 8.43658e-07 1.16866e-05 8.55594e-23 7.71942e-08 4473.56 0 0 2.14271e-18 0 0 0.00155868 0 0 0 0 0 0 1.07698e+07 1.07698e+07 1.07698e+07 1.07698e+07 
0.0125 -0.58821 -3.88821 -2.07895 -3.35754 -1.61179 41.9492 4.04303e+16 8.43703e-07 1.15711e-05 8.57794e-23 7.49533e-08 5529 0 0 2.21981e-18 0 0 0.00155868 0 0 0 0 0 0 1.08859e+07 1.08859e+07 1.08859e+07 1.08859e+07 
0.013 -0.587907 -3.88791 -2.07764 -3.35649 -1.61209 43.622 3.96696e+16 8.43752e-07 1.14603e-05 8.60058e-23 7.28391e-08 6564.3 0 0 2.29767e-18 0 0 0.00155868 0 0 0 0 0 0 1.10079e+07 1.10079e+07 1.10079e+07 1.10079e+07 
0.0135 -0.587553 -3.88755 -2.07628 -3.3554 -1.61245 45.3451 3.89431e+16 8.43806e-07 1.1354e-05 8.62391e-23 7.08418e-08 7580.37 0 0 2.37632e-18 0 0 0.00155868 0 0 0 0 0 0 1.11362e+07 1.11362e+07 1.11362e+07 1.11362e+07 
0.014 -0.587149 -3.88715 -2.07488 -3.35429 -1.61285 47.1212 3.82486e+16 8.43864e-07 1.12519e-05 8.64797e-23 6.89525e-08 8578.08 0 0 2.4558e-18 0 0 0.00155868 0 0 0 0 0 0 1.12709e+07 1.12709e+07 1.12709e+07 1.12709e+07 
0.0145 -0.586696 -3.8867 -2.07344 -3.35314 -1.6133 48.9531 3.75841e+16 8.43926e-07 1.11537e-05 8.67279e-23 6.71633e-08 9558.23 0 0 2.53616e-18 0 0 0.00155868 0 0 0 0 0 0 1.14123e+07 1.14123e+07 1.14123e+07 1.14123e+07 
0.015 -0.586193 -3.88619 -2.07196 -3.35197 -1.61381 50.8439 3.69477e+16 8.43991e-07 1.10592e-05 8.6984e-23 6.54668e-08 10521.6 0 0 2.61745e-18 0 0 0.00155868 0 0 0 0 0 0 1.15607e+07 1.15607e+07 1.15607e+07 1.15607e+07 
0.0155 -0.585643 -3.88564 -2.07043 -3.35076 -1.61436 52.797 3.63377e+16 8.4406e-07 1.09683e-05 8.72487e-23 6.38565e-08 11468.8 0 0 2.69971e-18 0 0 0.00155868 0 0 0 0 0 0 1.17164e+07 1.17164e+07 1.17164e+07 1.17164e+07 
0.016 -0.585047 -3.88505 -2.06886 -3.34953 -1.61495 54.816 3.57526e+16 8.44132e-07 1.08806e-05 8.75224e-23 6.23264e-08 12400.6 0 0 2.783e-18 0 0 0.00155868 0 0 0 0 0 0 1.18799e+07 1.18799e+07 1.18799e+07 1.18799e+07 
0.0165 -0.584403 -3.8844 -2.06725 -3.34826 -1.6156 56.9048 3.51909e+16 8.44207e-07 1.07961e-05 8.78056e-23 6.08708e-08 13317.5 0 0 2.86736e-18 0 0 0.00155868 0 0 0 0 0 0 1.20514e+07 1.20514e+07 1.20514e+07 1.20514e+07 
0.017 -0.583715 -3.88371 -2.0656 -3.34697 -1.61629 59.0674 3.46513e+16 8.44285e-07 1.07146e-05 8.80988e-23 5.94848e-08 14220.2 0 0 2.95285e-18 0 0 0.00155868 0 0 0 0 0 0 1.22314e+07 1.22314e+07 1.22314e+07 1.22314e+07 
0.0175 -0.582981 -3.88298 -2.0639 -3.34564 -1.61702 61.3084 3.41324e+16 8.44366e-07 1.06359e-05 8.84028e-23 5.81637e-08 15109.3 0 0 3.03954e-18 0 0 0.00155868 0 0 0 0 0 0 1.24203e+07 1.24203e+07 1.24203e+07 1.24203e+07 
0.018 -0.582204 -3.8822 -2.06216 -3.34429 -1.6178 63.6324 3.36332e+16 8.44451e-07 1.05599e-05 8.8718e-23 5.69033e-08 15985.1 0 0 3.12748e-18 0 0 0.00155868 0 0 0 0 0 0 1.26186e+07 1.26186e+07 1.26186e+07 1.26186e+07 
0.0185 -0.581383 -3.88138 -2.06038 -3.3429 -1.61862 66.0448 3.31526e+16 8.44537e-07 1.04864e-05 8.90453e-23 5.56997e-08 16848.3 0 0 3.21674e-18 0 0 0.00155868 0 0 0 0 0 0 1.28267e+07 1.28267e+07 1.28267e+07 1.28267e+07 
0.019 -0.580519 -3.88052 -2.05855 -3.34149 -1.61948 68.5509 3.26895e+16 8.44627e-07 1.04153e-05 8.93854e-23 5.45494e-08 17699.4 0 0 3.30739e-18 0 0 0.00155868 0 0 0 0 0 0 1.30452e+07 1.30452e+07 1.30452e+07 1.30452e+07 
0.0195 -0.579613 -3.87961 -2.05668 -3.34004 -1.62039 71.1567 3.2243e+16 8.44719e-07 1.03465e-05 8.97391e-23 5.3449e-08 18538.6 0 0 3.3995e-18 0 0 0.00155868 0 0 0 0 0 0 1.32746e+07 1.32746e+07 1.32746e+07 1.32746e+07 
0.02 -0.578665 -3.87867 -2.05476 -3.33857 -1.62133 73.8685 3.18123e+16 8.44813e-07 1.02799e-05 9.01072e-23 5.23955e-08 19366.5 0 0 3.49316e-18 0 0 0.00155868 0 0 0 0 0 0 1.35156e+07 1.35156e+07 1.35156e+07 1.35156e+07 
0.0205 -0.577676 -3.87768 -2.0528 -3.33707 -1.62232 76.6931 3.13965e+16 8.4491e-07 1.02154e-05 9.04907e-23 5.1386e-08 20183.5 0 0 3.58843e-18 0 0 0.00155868 0 0 0 0 0 0 1.37688e+07 1.37688e+07 1.37688e+07 1.37688e+07 
0.021 -0.576647 -3.87665 -2.05079 -3.33554 -1.62335 79.6378 3.09949e+16 8.45009e-07 1.01528e-05 9.08906e-23 5.04181e-08 20989.9 0 0 3.68542e-18 0 0 0.00155868 0 0 0 0 0 0 1.40349e+07 1.40349e+07 1.40349e+07 1.40349e+07 
0.0215 -0.575577 -3.87558 -2.04875 -3.33398 -1.62442 82.7104 3.06067e+16 8.4511e-07 1.00921e-05 9.13079e-23 4.94892e-08 21786.1 0 0 3.78421e-18 0 0 0.00155868 0 0 0 0 0 0 1.43146e+07 1.43146e+07 1.43146e+07 1.43146e+07 
0.022 -0.574468 -3.87447 -2.04665 -3.33239 -1.62553 85.9193 3.02313e+16 8.45214e-07 1.00333e-05 9.17439e-23 4.85971e-08 22572.5 0 0 3.8849e-18 0 0 0.00155868 0 0 0 0 0 0 1.46086e+07 1.46086e+07 1.46086e+07 1.46086e+07 
0.0225 -0.57332 -3.87332 -2.04451 -3.33077 -1.62668 89.2735 2.98681e+16 8.4532e-07 9.97612e-06 9.21996e-23 4.77397e-08 23349.3 0 0 3.98759e-18 0 0 0.00155868 0 0 0 0 0 0 1.4918e+07 1.4918e+07 1.4918e+07 1.4918e+07 
0.023 -0.572133 -3.87213 -2.04233 -3.32913 -1.62787 92.7827 2.95165e+16 8.45427e-07 9.92062e-06 9.26765e-23 4.69152e-08 24116.8 0 0 4.0924e-18 0 0 0.00155868 0 0 0 0 0 0 1.52434e+07 1.52434e+07 1.52434e+07 1.52434e+07 
0.0235 -0.570908 -3.87091 -2.0401 -3.32745 -1.62909 96.4571 2.91759e+16 8.45537e-07 9.86669e-06 9.31759e-23 4.61218e-08 24875.4 0 0 4.19943e-18 0 0 0.00155868 0 0 0 0 0 0 1.55859e+07 1.55859e+07 1.55859e+07 1.55859e+07 
0.024 -0.569646 -3.86965 -2.03782 -3.32575 -1.63035 100.308 2.88458e+16 8.45649e-07 9.81426e-06 9.36993e-23 4.53577e-08 25625.4 0 0 4.30882e-18 0 0 0.00155868 0 0 0 0 0 0 1.59465e+07 1.59465e+07 1.59465e+07 1.59465e+07 
0.0245 -0.568346 -3.86835 -2.0355 -3.32401 -1.63165 104.347 2.85258e+16 8.45763e-07 9.76327e-06 9.42485e-23 4.46214e-08 26366.9 0 0 4.4207e-18 0 0 0.00155868 0 0 0 0 0 0 1.63263e+07 1.63263e+07 1.63263e+07 1.63263e+07 
0.025 -0.567009 -3.86701 -2.03313 -3.32225 -1.63299 108.587 2.82153e+16 8.45879e-07 9.71366e-06 9.4825e-23 4.39115e-08 27100.3 0 0 4.53519e-18 0 0 0.00155868 0 0 0 0 0 0 1.67264e+07 1.67264e+07 1.67264e+07 1.67264e+07 
0.0255 -0.565636 -3.86564 -2.03072 -3.32046 -1.63436 113.042 2.7914e+16 8.45997e-07 9.66537e-06 9.54309e-23 4.32266e-08 27825.8 0 0 4.65246e-18 0 0 0.00155868 0 0 0 0 0 0 1.7148e+07 1.7148e+07 1.7148e+07 1.7148e+07 
0.026 -0.564226 -3.86423 -2.02825 -3.31865 -1.63577 117.725 2.76215e+16 8.46116e-07 9.61836e-06 9.6068e-23 4.25655e-08 28543.6 0 0 4.77265e-18 0 0 0.00155868 0 0 0 0 0 0 1.75925e+07 1.75925e+07 1.75925e+07 1.75925e+07 
0.0265 -0.562781 -3.86278 -2.02575 -3.3168 -1.63722 122.654 2.73373e+16 8.46238e-07 9.57255e-06 9.67385e-23 4.19269e-08 29253.9 0 0 4.89593e-18 0 0 0.00155868 0 0 0 0 0 0 1.80612e+07 1.80612e+07 1.80612e+07 1.80612e+07 
0.027 -0.561301 -3.8613 -2.02319 -3.31493 -1.6387 127.844 2.7061e+16 8.46361e-07 9.52792e-06 9.74447e-23 4.13098e-08 29957 0 0 5.02247e-18 0 0 0.00155868 0 0 0 0 0 0 1.85557e+07 1.85557e+07 1.85557e+07 1.85557e+07 
0.0275 -0.559786 -3.85979 -2.02059 -3.31303 -1.64021 133.314 2.67925e+16 8.46486e-07 9.48441e-06 9.81891e-23 4.07131e-08 30653.1 0 0 5.15246e-18 0 0 0.00155868 0 0 0 0 0 0 1.90774e+07 1.90774e+07 1.90774e+07 1.90774e+07 
0.028 -0.558236 -3.85824 -2.01795 -3.3111 -1.64176 139.082 2.65313e+16 8.46613e-07 9.44197e-06 9.89742e-23 4.01358e-08 31342.3 0 0 5.28609e-18 0 0 0.00155868 0 0 0 0 0 0 1.96281e+07 1.96281e+07 1.96281e+07 1.96281e+07 
0.0285 -0.556651 -3.85665 -2.01525 -3.30915 -1.64335 145.169 2.62771e+16 8.46742e-07 9.40058e-06 9.98029e-23 3.9577e-08 32024.8 0 0 5.42357e-18 0 0 0.00155868 0 0 0 0 0 0 2.02095e+07 2.02095e+07 2.02095e+07 2.02095e+07 
0.029 -0.555033 -3.85503 -2.01251 -3.30716 -1.64497 151.596 2.60297e+16 8.46872e-07 9.36018e-06 1.00678e-22 3.90358e-08 32700.9 0 0 5.56511e-18 0 0 0.00155868 0 0 0 0 0 0 2.08234e+07 2.08234e+07 2.08234e+07 2.08234e+07 
0.0295 -0.553381 -3.85338 -2.00973 -3.30515 -1.64662 158.388 2.57887e+16 8.47005e-07 9.32074e-06 1.01603e-22 3.85116e-08 33370.7 0 0 5.71093e-18 0 0 0.00155868 0 0 0 0 0 0 2.14719e+07 2.14719e+07 2.14719e+07 2.14719e+07 
0.03 -0.551696 -3.8517 -2.00689 -3.30312 -1.6483 165.568 2.5554e+16 8.47139e-07 9.28223e-06 1.02581e-22 3.80033e-08 34034.3 0 0 5.86129e-18 0 0 0.00155868 0 0 0 0 0 0 2.21571e+07 2.21571e+07 2.21571e+07 2.21571e+07 
0.0305 -0.549978 -3.84998 -2.00401 -3.30105 -1.65002 173.163 2.53253e+16 8.47274e-07 9.24461e-06 1.03615e-22 3.75105e-08 34691.9 0 0 6.01642e-18 0 0 0.00155868 0 0 0 0 0 0 2.2881e+07 2.2881e+07 2.2881e+07 2.2881e+07 
0.031 -0.548227 -3.84823 -2.00109 -3.29896 -1.65177 181.201 2.51022e+16 8.47412e-07 9.20785e-06 1.0471e-22 3.70323e-08 35343.7 0 0 6.1766e-18 0 0 0.00155868 0 0 0 0 0 0 2.36461e+07 2.36461e+07 2.36461e+07 2.36461e+07 
0.0315 -0.546444 -3.84644 -1.99812 -3.29684 -1.65356 189.71 2.48847e+16 8.47551e-07 9.17192e-06 1.0587e-22 3.65682e-08 35989.8 0 0 6.3421e-18 0 0 0.00155868 0 0 0 0 0 0 2.44547e+07 2.44547e+07 2.44547e+07 2.44547e+07 
0.032 -0.544628 -3.84463 -1.9951 -3.2947 -1.65537 198.723 2.46725e+16 8.47692e-07 9.13679e-06 1.07098e-22 3.61175e-08 36630.3 0 0 6.51321e-18 0 0 0.00155868 0 0 0 0 0 0 2.53093e+07 2.53093e+07 2.53093e+07 2.53093e+07 
0.0325 -0.542781 -3.84278 -1.99204 -3.29253 -1.65722 208.271 2.44655e+16 8.47834e-07 9.10243e-06 1.084e-22 3.56797e-08 37265.4 0 0 6.69022e-18 0 0 0.00155868 0 0 0 0 0 0 2.62126e+07 2.62126e+07 2.62126e+07 2.62126e+07 
0.033 -0.540901 -3.8409 -1.98893 -3.29033 -1.6591 218.39 2.42633e+16 8.47978e-07 9.06881e-06 1.0978e-22 3.52542e-08 37895.2 0 0 6.87346e-18 0 0 0.00155868 0 0 0 0 0 0 2.71674e+07 2.71674e+07 2.71674e+07 2.71674e+07 
0.0335 -0.538991 -3.83899 -1.98578 -3.28811 -1.66101 229.116 2.40659e+16 8.48124e-07 9.03592e-06 1.11242e-22 3.48405e-08 38519.9 0 0 7.06326e-18 0 0 0.00155868 0 0 0 0 0 0 2.81764e+07 2.81764e+07 2.81764e+07 2.81764e+07 
0.034 -0.53705 -3.83705 -1.98258 -3.28586 -1.66295 240.487 2.3873e+16 8.48271e-07 9.00372e-06 1.12793e-22 3.44381e-08 39139.5 0 0 7.25994e-18 0 0 0.00155868 0 0 0 0 0 0 2.92426e+07 2.92426e+07 2.92426e+07 2.92426e+07 
0.0345 -0.535077 -3.83508 -1.97934 -3.28358 -1.66492 252.541 2.36846e+16 8.4842e-07 8.97219e-06 1.14437e-22 3.40467e-08 39754.2 0 0 7.46388e-18 0 0 0.00155868 0 0 0 0 0 0 3.0369e+07 3.0369e+07 3.0369e+07 3.0369e+07 
0.035 -0.533074 -3.83307 -1.97606 -3.28128 -1.66693 265.321 2.35004e+16 8.48571e-07 8.94132e-06 1.16181e-22 3.36656e-08 40364.1 0 0 7.67543e-18 0 0 0.00155868 0 0 0 0 0 0 3.15586e+07 3.15586e+07 3.15586e+07 3.15586e+07 
0.0355 -0.531041 -3.83104 -1.97274 -3.27895 -1.66896 278.869 2.33203e+16 8.48723e-07 8.91108e-06 1.1803e-22 3.32946e-08 40969.2 0 0 7.89498e-18 0 0 0.00155868 0 0 0 0 0 0 3.28147e+07 3.28147e+07 3.28147e+07 3.28147e+07 
0.036 -0.528977 -3.82898 -1.96937 -3.2766 -1.67102 293.23 2.31441e+16 8.48876e-07 8.88144e-06 1.1999e-22 3.29333e-08 41569.8 0 0 8.12293e-18 0 0 0.00155868 0 0 0 0 0 0 3.41404e+07 3.41404e+07 3.41404e+07 3.41404e+07 
0.0365 -0.526884 -3.82688 -1.96597 -3.27422 -1.67312 308.447 2.29718e+16 8.49031e-07 8.8524e-06 1.22067e-22 3.25812e-08 42165.8 0 0 8.35969e-18 0 0 0.00155868 0 0 0 0 0 0 3.5539e+07 3.5539e+07 3.5539e+07 3.5539e+07 
0.037 -0.524761 -3.82476 -1.96253 -3.27181 -1.67524 324.569 2.28032e+16 8.49188e-07 8.82392e-06 1.24268e-22 3.2238e-08 42757.5 0 0 8.60569e-18 0 0 0.00155868 0 0 0 0 0 0 3.70137e+07 3.70137e+07 3.70137e+07 3.70137e+07 
0.0375 -0.522608 -3.82261 -1.95905 -3.26938 -1.67739 341.642 2.26381e+16 8.49346e-07 8.796e-06 1.266e-22 3.19034e-08 43344.8 0 0 8.86138e-18 0 0 0.00155868 0 0 0 0 0 0 3.85677e+07 3.85677e+07 3.85677e+07 3.85677e+07 
0.038 -0.520426 -3.82043 -1.95553 -3.26693 -1.67957 359.715 2.24765e+16 8.49505e-07 8.76862e-06 1.29068e-22 3.1577e-08 43927.9 0 0 9.12723e-18 0 0 0.00155868 0 0 0 0 0 0 4.02042e+07 4.02042e+07 4.02042e+07 4.02042e+07 
0.0385 -0.518215 -3.81822 -1.95198 -3.26445 -1.68178 378.836 2.23183e+16 8.49666e-07 8.74176e-06 1.3168e-22 3.12587e-08 44506.9 0 0 9.40373e-18 0 0 0.00155868 0 0 0 0 0 0 4.19266e+07 4.19266e+07 4.19266e+07 4.19266e+07 
0.039 -0.515975 -3.81598 -1.94839 -3.26194 -1.68402 399.056 2.21633e+16 8.49828e-07 8.71541e-06 1.34443e-22 3.09479e-08 45081.8 0 0 9.69138e-18 0 0 0.00155868 0 0 0 0 0 0 4.37378e+07 4.37378e+07 4.37378e+07 4.37378e+07 
0.0395 -0.513707 -3.81371 -1.94477 -3.25941 -1.68629 420.425 2.20114e+16 8.49991e-07 8.68954e-06 1.37364e-22 3.06446e-08 45652.8 0 0 9.99072e-18 0 0 0.00155868 0 0 0 0 0 0 4.56411e+07 4.56411e+07 4.56411e+07 4.56411e+07 
0.04 -0.51141 -3.81141 -1.94112 -3.25686 -1.68859 442.993 2.18625e+16 8.50156e-07 8.66415e-06 1.40449e-22 3.03484e-08 46219.9 0 0 1.03023e-17 0 0 0.00155868 0 0 0 0 0 0 4.76395e+07 4.76395e+07 4.76395e+07 4.76395e+07 
0.0405 -0.509085 -3.80909 -1.93744 -3.25428 -1.69091 466.809 2.17166e+16 8.50322e-07 8.63922e-06 1.43705e-22 3.00591e-08 46783.1 0 0 1.06268e-17 0 0 0.00155868 0 0 0 0 0 0 4.97358e+07 4.97358e+07 4.97358e+07 4.97358e+07 
0.041 -0.506732 -3.80673 -1.93373 -3.25167 -1.69327 491.926 2.15735e+16 8.50489e-07 8.61474e-06 1.4714e-22 2.97764e-08 47342.6 0 0 1.09647e-17 0 0 0.00155868 0 0 0 0 0 0 5.19331e+07 5.19331e+07 5.19331e+07 5.19331e+07 
0.0415 -0.504351 -3.80435 -1.92999 -3.24904 -1.69565 518.393 2.14331e+16 8.50657e-07 8.5907e-06 1.50761e-22 2.95002e-08 47898.5 0 0 1.13168e-17 0 0 0.00155868 0 0 0 0 0 0 5.42342e+07 5.42342e+07 5.42342e+07 5.42342e+07 
0.042 -0.501942 -3.80194 -1.92622 -3.24639 -1.69806 546.262 2.12955e+16 8.50826e-07 8.56708e-06 1.54574e-22 2.92301e-08 48450.8 0 0 1.16837e-17 0 0 0.00155868 0 0 0 0 0 0 5.66417e+07 5.66417e+07 5.66417e+07 5.66417e+07 
0.0425 -0.499506 -3.79951 -1.92243 -3.24371 -1.70049 575.583 2.11604e+16 8.50996e-07 8.54387e-06 1.58586e-22 2.8966e-08 48999.5 0 0 1.20661e-17 0 0 0.00155868 0 0 0 0 0 0 5.91584e+07 5.91584e+07 5.91584e+07 5.91584e+07 
0.043 -0.497042 -3.79704 -1.91862 -3.24101 -1.70296 606.408 2.10279e+16 8.51167e-07 8.52106e-06 1.62806e-22 2.87077e-08 49544.8 0 0 1.24649e-17 0 0 0.00155868 0 0 0 0 0 0 6.17869e+07 6.17869e+07 6.17869e+07 6.17869e+07 
0.0435 -0.494551 -3.79455 -1.91478 -3.23828 -1.70545 638.789 2.08977e+16 8.5134e-07 8.49864e-06 1.67239e-22 2.84551e-08 50086.7 0 0 1.28809e-17 0 0 0.00155868 0 0 0 0 0 0 6.45299e+07 6.45299e+07 6.45299e+07 6.45299e+07 
0.044 -0.492033 -3.79203 -1.91092 -3.23553 -1.70797 672.778 2.077e+16 8.51513e-07 8.4766e-06 1.71894e-22 2.82078e-08 50625.3 0 0 1.33149e-17 0 0 0.00155868 0 0 0 0 0 0 6.73901e+07 6.73901e+07 6.73901e+07 6.73901e+07 
0.0445 -0.489489 -3.78949 -1.90704 -3.23276 -1.71051 708.429 2.06446e+16 8.51687e-07 8.45493e-06 1.76778e-22 2.79657e-08 51160.6 0 0 1.37678e-17 0 0 0.00155868 0 0 0 0 0 0 7.037e+07 7.037e+07 7.037e+07 7.037e+07 
0.045 -0.486917 -3.78692 -1.90313 -3.22996 -1.71308 745.797 2.05214e+16 8.51861e-07 8.43362e-06 1.81898e-22 2.77287e-08 51692.6 0 0 1.42406e-17 0 0 0.00155868 0 0 0 0 0 0 7.34724e+07 7.34724e+07 7.34724e+07 7.34724e+07 
0.0455 -0.484319 -3.78432 -1.89921 -3.22713 -1.71568 784.936 2.04003e+16 8.52037e-07 8.41265e-06 1.87262e-22 2.74967e-08 52221.5 0 0 1.47342e-17 0 0 0.00155868 0 0 0 0 0 0 7.67001e+07 7.67001e+07 7.67001e+07 7.67001e+07 
0.046 -0.481695 -3.7817 -1.89527 -3.22429 -1.7183 825.905 2.02814e+16 8.52214e-07 8.39203e-06 1.92878e-22 2.72694e-08 52747.4 0 0 1.52498e-17 0 0 0.00155868 0 0 0 0 0 0 8.00558e+07 8.00558e+07 8.00558e+07 8.00558e+07 
0.0465 -0.479045 -3.77904 -1.89131 -3.22142 -1.72096 868.763 2.01645e+16 8.52391e-07 8.37174e-06 1.98754e-22 2.70467e-08 53270.1 0 0 1.57882e-17 0 0 0.00155868 0 0 0 0 0 0 8.35426e+07 8.35426e+07 8.35426e+07 8.35426e+07 
0.047 -0.476368 -3.77637 -1.88733 -3.21853 -1.72363 913.572 2.00496e+16 8.52569e-07 8.35177e-06 2.049e-22 2.68284e-08 53789.9 0 0 1.63508e-17 0 0 0.00155868 0 0 0 0 0 0 8.71637e+07 8.71637e+07 8.71637e+07 8.71637e+07 
0.0475 -0.473666 -3.77367 -1.88333 -3.21561 -1.72633 960.395 1.99367e+16 8.52747e-07 8.33211e-06 2.11323e-22 2.66146e-08 54306.7 0 0 1.69385e-17 0 0 0.00155868 0 0 0 0 0 0 9.09221e+07 9.09221e+07 9.09221e+07 9.09221e+07 
0.048 -0.470937 -3.77094 -1.87932 -3.21267 -1.72906 1009.3 1.98257e+16 8.52927e-07 8.31277e-06 2.18033e-22 2.64049e-08 54820.7 0 0 1.75526e-17 0 0 0.00155868 0 0 0 0 0 0 9.48214e+07 9.48214e+07 9.48214e+07 9.48214e+07 
0.0485 -0.468184 -3.76818 -1.87528 -3.20971 -1.73182 1060.35 1.97165e+16 8.53107e-07 8.29372e-06 2.25041e-22 2.61992e-08 55331.7 0 0 1.81944e-17 0 0 0.00155868 0 0 0 0 0 0 9.88652e+07 9.88652e+07 9.88652e+07 9.88652e+07 
0.049 -0.465404 -3.7654 -1.87123 -3.20672 -1.7346 1113.63 1.9609e+16 8.53288e-07 8.27496e-06 2.32355e-22 2.59976e-08 55840 0 0 1.8865e-17 0 0 0.00155868 0 0 0 0 0 0 1.03057e+08 1.03057e+08 1.03057e+08 1.03057e+08 
0.0495 -0.4626 -3.7626 -1.86717 -3.20371 -1.7374 1169.21 1.95034e+16 8.53469e-07 8.25649e-06 2.39987e-22 2.57998e-08 56345.6 0 0 1.95658e-17 0 0 0.00155868 0 0 0 0 0 0 1.07402e+08 1.07402e+08 1.07402e+08 1.07402e+08 
0.05 -0.45977 -3.75977 -1.86308 -3.20068 -1.74023 1227.16 1.93994e+16 8.53651e-07 8.2383e-06 2.47947e-22 2.56057e-08 56848.4 0 0 2.02981e-17 0 0 0.00155868 0 0 0 0 0 0 1.11902e+08 1.11902e+08 1.11902e+08 1.11902e+08 
0.0505 -0.456915 -3.75691 -1.85898 -3.19762 -1.74309 1287.56 1.92971e+16 8.53834e-07 8.22038e-06 2.56247e-22 2.54152e-08 57348.5 0 0 2.10633e-17 0 0 0.00155868 0 0 0 0 0 0 1.16564e+08 1.16564e+08 1.16564e+08 1.16564e+08 
0.051 -0.454035 -3.75403 -1.85487 -3.19455 -1.74597 1350.52 1.91964e+16 8.54017e-07 8.20272e-06 2.64898e-22 2.52282e-08 57846.1 0 0 2.18628e-17 0 0 0.00155868 0 0 0 0 0 0 1.2139e+08 1.2139e+08 1.2139e+08 1.2139e+08 
0.0515 -0.45113 -3.75113 -1.85073 -3.19145 -1.74887 1416.1 1.90972e+16 8.54201e-07 8.18532e-06 2.73913e-22 2.50447e-08 58341 0 0 2.26981e-17 0 0 0.00155868 0 0 0 0 0 0 1.26387e+08 1.26387e+08 1.26387e+08 1.26387e+08 
0.052 -0.448201 -3.7482 -1.84658 -3.18832 -1.7518 1484.4 1.89996e+16 8.54385e-07 8.16817e-06 2.83305e-22 2.48645e-08 58833.4 0 0 2.35705e-17 0 0 0.00155868 0 0 0 0 0 0 1.31559e+08 1.31559e+08 1.31559e+08 1.31559e+08 
0.0525 -0.445247 -3.74525 -1.84242 -3.18518 -1.75475 1555.52 1.89035e+16 8.54571e-07 8.15127e-06 2.93086e-22 2.46875e-08 59323.3 0 0 2.44817e-17 0 0 0.00155868 0 0 0 0 0 0 1.3691e+08 1.3691e+08 1.3691e+08 1.3691e+08 
0.053 -0.442268 -3.74227 -1.83823 -3.18201 -1.75773 1629.55 1.88088e+16 8.54756e-07 8.13461e-06 3.03271e-22 2.45137e-08 59810.8 0 0 2.54332e-17 0 0 0.00155868 0 0 0 0 0 0 1.42447e+08 1.42447e+08 1.42447e+08 1.42447e+08 
0.0535 -0.439266 -3.73927 -1.83403 -3.17882 -1.76073 1706.6 1.87156e+16 8.54943e-07 8.11819e-06 3.13873e-22 2.4343e-08 60295.8 0 0 2.64265e-17 0 0 0.00155868 0 0 0 0 0 0 1.48174e+08 1.48174e+08 1.48174e+08 1.48174e+08 
0.054 -0.436239 -3.73624 -1.82982 -3.17561 -1.76376 1786.76 1.86237e+16 8.55129e-07 8.102e-06 3.24907e-22 2.41752e-08 60778.4 0 0 2.74633e-17 0 0 0.00155868 0 0 0 0 0 0 1.54098e+08 1.54098e+08 1.54098e+08 1.54098e+08 
0.0545 -0.433188 -3.73319 -1.82558 -3.17237 -1.76681 1870.15 1.85332e+16 8.55317e-07 8.08603e-06 3.36388e-22 2.40103e-08 61258.6 0 0 2.85453e-17 0 0 0.00155868 0 0 0 0 0 0 1.60223e+08 1.60223e+08 1.60223e+08 1.60223e+08 
0.055 -0.430113 -3.73011 -1.82133 -3.16911 -1.76989 1956.87 1.84441e+16 8.55505e-07 8.07028e-06 3.48331e-22 2.38482e-08 61736.6 0 0 2.96743e-17 0 0 0.00155868 0 0 0 0 0 0 1.66555e+08 1.66555e+08 1.66555e+08 1.66555e+08 
0.0555 -0.427014 -3.72701 -1.81707 -3.16584 -1.77299 2047.03 1.83562e+16 8.55693e-07 8.05475e-06 3.60751e-22 2.36889e-08 62212.2 0 0 3.08518e-17 0 0 0.00155868 0 0 0 0 0 0 1.73101e+08 1.73101e+08 1.73101e+08 1.73101e+08 
0.056 -0.423892 -3.72389 -1.81279 -3.16253 -1.77611 2140.76 1.82695e+16 8.55883e-07 8.03943e-06 3.73665e-22 2.35322e-08 62685.6 0 0 3.20798e-17 0 0 0.00155868 0 0 0 0 0 0 1.79866e+08 1.79866e+08 1.79866e+08 1.79866e+08 
0.0565 -0.420746 -3.72075 -1.80849 -3.15921 -1.77925 2238.16 1.81842e+16 8.56072e-07 8.02431e-06 3.8709e-22 2.33782e-08 63156.8 0 0 3.336e-17 0 0 0.00155868 0 0 0 0 0 0 1.86857e+08 1.86857e+08 1.86857e+08 1.86857e+08 
0.057 -0.417576 -3.71758 -1.80417 -3.15587 -1.78242 2339.35 1.81e+16 8.56263e-07 8.0094e-06 4.01041e-22 2.32267e-08 63625.7 0 0 3.46945e-17 0 0 0.00155868 0 0 0 0 0 0 1.94079e+08 1.94079e+08 1.94079e+08 1.94079e+08 
0.0575 -0.414383 -3.71438 -1.79984 -3.1525 -1.78562 2444.47 1.80169e+16 8.56453e-07 7.99468e-06 4.15536e-22 2.30777e-08 64092.6 0 0 3.60849e-17 0 0 0.00155868 0 0 0 0 0 0 2.01538e+08 2.01538e+08 2.01538e+08 2.01538e+08 
0.058 -0.411167 -3.71117 -1.79549 -3.14911 -1.78883 2553.62 1.79351e+16 8.56645e-07 7.98016e-06 4.30593e-22 2.29311e-08 64557.2 0 0 3.75335e-17 0 0 0.00155868 0 0 0 0 0 0 2.09242e+08 2.09242e+08 2.09242e+08 2.09242e+08 
0.0585 -0.407927 -3.70793 -1.79113 -3.1457 -1.79207 2666.95 1.78543e+16 8.56837e-07 7.96582e-06 4.46229e-22 2.27868e-08 65019.8 0 0 3.90421e-17 0 0 0.00155868 0 0 0 0 0 0 2.17195e+08 2.17195e+08 2.17195e+08 2.17195e+08 
0.059 -0.404665 -3.70466 -1.78674 -3.14227 -1.79534 2784.57 1.77746e+16 8.57029e-07 7.95167e-06 4.62462e-22 2.26449e-08 65480.3 0 0 4.06128e-17 0 0 0.00155868 0 0 0 0 0 0 2.25406e+08 2.25406e+08 2.25406e+08 2.25406e+08 
0.0595 -0.401379 -3.70138 -1.78235 -3.13882 -1.79862 2906.63 1.76961e+16 8.57222e-07 7.9377e-06 4.79311e-22 2.25051e-08 65938.8 0 0 4.22478e-17 0 0 0.00155868 0 0 0 0 0 0 2.33879e+08 2.33879e+08 2.33879e+08 2.33879e+08 
0.06 -0.398071 -3.69807 -1.77793 -3.13535 -1.80193 3033.25 1.76185e+16 8.57415e-07 7.92391e-06 4.96795e-22 2.23676e-08 66395.2 0 0 4.39492e-17 0 0 0.00155868 0 0 0 0 0 0 2.42622e+08 2.42622e+08 2.42622e+08 2.42622e+08 
0.0605 -0.39474 -3.69474 -1.7735 -3.13185 -1.80526 3164.56 1.7542e+16 8.57609e-07 7.91029e-06 5.14933e-22 2.22322e-08 66849.7 0 0 4.57192e-17 0 0 0.00155868 0 0 0 0 0 0 2.51642e+08 2.51642e+08 2.51642e+08 2.51642e+08 
0.061 -0.391386 -3.69139 -1.76906 -3.12834 -1.80861 3300.71 1.74665e+16 8.57804e-07 7.89685e-06 5.33744e-22 2.20989e-08 67302.2 0 0 4.756e-17 0 0 0.00155868 0 0 0 0 0 0 2.60944e+08 2.60944e+08 2.60944e+08 2.60944e+08 
0.0615 -0.38801 -3.68801 -1.7646 -3.1248 -1.81199 3441.84 1.7392e+16 8.57999e-07 7.88357e-06 5.53247e-22 2.19676e-08 67752.7 0 0 4.94741e-17 0 0 0.00155868 0 0 0 0 0 0 2.70535e+08 2.70535e+08 2.70535e+08 2.70535e+08 
0.062 -0.384611 -3.68461 -1.76012 -3.12124 -1.81539 3588.09 1.73184e+16 8.58194e-07 7.87045e-06 5.73464e-22 2.18383e-08 68201.4 0 0 5.14636e-17 0 0 0.00155868 0 0 0 0 0 0 2.80422e+08 2.80422e+08 2.80422e+08 2.80422e+08 
0.0625 -0.381189 -3.68119 -1.75562 -3.11766 -1.81881 3739.6 1.72458e+16 8.5839e-07 7.8575e-06 5.94414e-22 2.17109e-08 68648.1 0 0 5.35311e-17 0 0 0.00155868 0 0 0 0 0 0 2.90612e+08 2.90612e+08 2.90612e+08 2.90612e+08 
0.063 -0.377746 -3.67775 -1.75112 -3.11406 -1.82225 3896.52 1.71741e+16 8.58586e-07 7.8447e-06 6.16117e-22 2.15854e-08 69093 0 0 5.5679e-17 0 0 0.00155868 0 0 0 0 0 0 3.01112e+08 3.01112e+08 3.01112e+08 3.01112e+08 
0.0635 -0.37428 -3.67428 -1.74659 -3.11044 -1.82572 4059 1.71033e+16 8.58783e-07 7.83206e-06 6.38596e-22 2.14618e-08 69536 0 0 5.79098e-17 0 0 0.00155868 0 0 0 0 0 0 3.11928e+08 3.11928e+08 3.11928e+08 3.11928e+08 
0.064 -0.370792 -3.67079 -1.74205 -3.1068 -1.82921 4227.18 1.70334e+16 8.58981e-07 7.81957e-06 6.6187e-22 2.134e-08 69977.3 0 0 6.02261e-17 0 0 0.00155868 0 0 0 0 0 0 3.23068e+08 3.23068e+08 3.23068e+08 3.23068e+08 
0.0645 -0.367282 -3.66728 -1.73749 -3.10314 -1.83272 4401.23 1.69644e+16 8.59178e-07 7.80722e-06 6.85963e-22 2.122e-08 70416.7 0 0 6.26304e-17 0 0 0.00155868 0 0 0 0 0 0 3.34537e+08 3.34537e+08 3.34537e+08 3.34537e+08 
0.065 -0.363751 -3.66375 -1.73292 -3.09945 -1.83625 4581.29 1.68962e+16 8.59376e-07 7.79503e-06 7.10894e-22 2.11016e-08 70854.3 0 0 6.51256e-17 0 0 0.00155868 0 0 0 0 0 0 3.46343e+08 3.46343e+08 3.46343e+08 3.46343e+08 
0.0655 -0.360197 -3.6602 -1.72834 -3.09575 -1.8398 4767.52 1.68288e+16 8.59575e-07 7.78297e-06 7.36688e-22 2.0985e-08 71290.2 0 0 6.77142e-17 0 0 0.00155868 0 0 0 0 0 0 3.58493e+08 3.58493e+08 3.58493e+08 3.58493e+08 
0.066 -0.356622 -3.65662 -1.72373 -3.09203 -1.84338 4960.09 1.67623e+16 8.59774e-07 7.77106e-06 7.63365e-22 2.087e-08 71724.4 0 0 7.03991e-17 0 0 0.00155868 0 0 0 0 0 0 3.70995e+08 3.70995e+08 3.70995e+08 3.70995e+08 
0.0665 -0.353025 -3.65302 -1.71912 -3.08828 -1.84698 5159.14 1.66965e+16 8.59973e-07 7.75928e-06 7.9095e-22 2.07566e-08 72156.8 0 0 7.31831e-17 0 0 0.00155868 0 0 0 0 0 0 3.83854e+08 3.83854e+08 3.83854e+08 3.83854e+08 
0.067 -0.349406 -3.64941 -1.71448 -3.08452 -1.85059 5364.85 1.66315e+16 8.60173e-07 7.74764e-06 8.19465e-22 2.06449e-08 72587.6 0 0 7.60692e-17 0 0 0.00155868 0 0 0 0 0 0 3.97078e+08 3.97078e+08 3.97078e+08 3.97078e+08 
0.0675 -0.345766 -3.64577 -1.70984 -3.08073 -1.85423 5577.38 1.65673e+16 8.60374e-07 7.73613e-06 8.48934e-22 2.05346e-08 73016.7 0 0 7.90601e-17 0 0 0.00155868 0 0 0 0 0 0 4.10675e+08 4.10675e+08 4.10675e+08 4.10675e+08 
0.068 -0.342104 -3.6421 -1.70517 -3.07693 -1.8579 5796.89 1.65039e+16 8.60574e-07 7.72475e-06 8.79379e-22 2.04259e-08 73444.2 0 0 8.2159e-17 0 0 0.00155868 0 0 0 0 0 0 4.2465e+08 4.2465e+08 4.2465e+08 4.2465e+08 
0.0685 -0.338421 -3.63842 -1.7005 -3.0731 -1.86158 6023.56 1.64412e+16 8.60775e-07 7.7135e-06 9.10827e-22 2.03186e-08 73870 0 0 8.5369e-17 0 0 0.00155868 0 0 0 0 0 0 4.39013e+08 4.39013e+08 4.39013e+08 4.39013e+08 
0.069 -0.334717 -3.63472 -1.69581 -3.06926 -1.86528 6257.56 1.63792e+16 8.60977e-07 7.70238e-06 9.433e-22 2.02128e-08 74294.2 0 0 8.8693e-17 0 0 0.00155868 0 0 0 0 0 0 4.53769e+08 4.53769e+08 4.53769e+08 4.53769e+08 
0.0695 -0.330992 -3.63099 -1.6911 -3.06539 -1.86901 6499.06 1.63179e+16 8.61179e-07 7.69138e-06 9.76823e-22 2.01085e-08 74716.8 0 0 9.21344e-17 0 0 0.00155868 0 0 0 0 0 0 4.68926e+08 4.68926e+08 4.68926e+08 4.68926e+08 
0.07 -0.327246 -3.62725 -1.68638 -3.06151 -1.87275 6748.23 1.62573e+16 8.61381e-07 7.6805e-06 1.01142e-21 2.00055e-08 75137.8 0 0 9.56963e-17 0 0 0.00155868 0 0 0 0 0 0 4.84491e+08 4.84491e+08 4.84491e+08 4.84491e+08 
0.0705 -0.323478 -3.62348 -1.68164 -3.0576 -1.87652 7005.27 1.61974e+16 8.61583e-07 7.66974e-06 1.04712e-21 1.99038e-08 75557.3 0 0 9.93821e-17 0 0 0.00155868 0 0 0 0 0 0 5.00473e+08 5.00473e+08 5.00473e+08 5.00473e+08 
0.071 -0.31969 -3.61969 -1.67689 -3.05367 -1.88031 7270.33 1.61382e+16 8.61786e-07 7.6591e-06 1.08395e-21 1.98035e-08 75975.3 0 0 1.03195e-16 0 0 0.00155868 0 0 0 0 0 0 5.16877e+08 5.16877e+08 5.16877e+08 5.16877e+08 
0.0715 -0.315881 -3.61588 -1.67212 -3.04973 -1.88412 7543.61 1.60796e+16 8.61989e-07 7.64857e-06 1.12193e-21 1.97045e-08 76391.7 0 0 1.07139e-16 0 0 0.00155868 0 0 0 0 0 0 5.33712e+08 5.33712e+08 5.33712e+08 5.33712e+08 
0.072 -0.312051 -3.61205 -1.66734 -3.04576 -1.88795 7825.29 1.60217e+16 8.62193e-07 7.63815e-06 1.16108e-21 1.96068e-08 76806.6 0 0 1.11216e-16 0 0 0.00155868 0 0 0 0 0 0 5.50984e+08 5.50984e+08 5.50984e+08 5.50984e+08 
0.0725 -0.3082 -3.6082 -1.66255 -3.04178 -1.8918 8115.56 1.59644e+16 8.62397e-07 7.62785e-06 1.20145e-21 1.95104e-08 77220 0 0 1.15431e-16 0 0 0.00155868 0 0 0 0 0 0 5.68703e+08 5.68703e+08 5.68703e+08 5.68703e+08 
0.073 -0.304329 -3.60433 -1.65774 -3.03778 -1.89567 8414.61 1.59077e+16 8.62601e-07 7.61765e-06 1.24304e-21 1.94151e-08 77632 0 0 1.19788e-16 0 0 0.00155868 0 0 0 0 0 0 5.86874e+08 5.86874e+08 5.86874e+08 5.86874e+08 
0.0735 -0.300437 -3.60044 -1.65291 -3.03375 -1.89956 8722.62 1.58517e+16 8.62806e-07 7.60757e-06 1.28589e-21 1.93211e-08 78042.5 0 0 1.24289e-16 0 0 0.00155868 0 0 0 0 0 0 6.05506e+08 6.05506e+08 6.05506e+08 6.05506e+08 
0.074 -0.296524 -3.59652 -1.64807 -3.02971 -1.90348 9039.79 1.57962e+16 8.63011e-07 7.59759e-06 1.33004e-21 1.92282e-08 78451.5 0 0 1.28938e-16 0 0 0.00155868 0 0 0 0 0 0 6.24606e+08 6.24606e+08 6.24606e+08 6.24606e+08 
0.0745 -0.292592 -3.59259 -1.64322 -3.02565 -1.90741 9366.31 1.57414e+16 8.63216e-07 7.58771e-06 1.37549e-21 1.91366e-08 78859.1 0 0 1.3374e-16 0 0 0.00155868 0 0 0 0 0 0 6.44182e+08 6.44182e+08 6.44182e+08 6.44182e+08 
0.075 -0.288639 -3.58864 -1.63835 -3.02156 -1.91136 9702.38 1.56871e+16 8.63422e-07 7.57793e-06 1.42229e-21 1.9046e-08 79265.3 0 0 1.38699e-16 0 0 0.00155868 0 0 0 0 0 0 6.64242e+08 6.64242e+08 6.64242e+08 6.64242e+08 
0.0755 -0.284665 -3.58467 -1.63347 -3.01746 -1.91533 10048.2 1.56334e+16 8.63628e-07 7.56826e-06 1.47046e-21 1.89565e-08 79670.2 0 0 1.43817e-16 0 0 0.00155868 0 0 0 0 0 0 6.84793e+08 6.84793e+08 6.84793e+08 6.84793e+08 
0.076 -0.280672 -3.58067 -1.62857 -3.01334 -1.91933 10404 1.55802e+16 8.63834e-07 7.55868e-06 1.52003e-21 1.88682e-08 80073.6 0 0 1.49099e-16 0 0 0.00155868 0 0 0 0 0 0 7.05843e+08 7.05843e+08 7.05843e+08 7.05843e+08 
0.0765 -0.276658 -3.57666 -1.62366 -3.0092 -1.92334 10769.9 1.55276e+16 8.6404e-07 7.54921e-06 1.57103e-21 1.87809e-08 80475.7 0 0 1.54549e-16 0 0 0.00155868 0 0 0 0 0 0 7.274e+08 7.274e+08 7.274e+08 7.274e+08 
0.077 -0.272624 -3.57262 -1.61874 -3.00504 -1.92738 11146.2 1.54756e+16 8.64247e-07 7.53982e-06 1.62349e-21 1.86947e-08 80876.4 0 0 1.60171e-16 0 0 0.00155868 0 0 0 0 0 0 7.49472e+08 7.49472e+08 7.49472e+08 7.49472e+08 
0.0775 -0.26857 -3.56857 -1.6138 -3.00086 -1.93143 11533 1.5424e+16 8.64454e-07 7.53054e-06 1.67744e-21 1.86095e-08 81275.8 0 0 1.6597e-16 0 0 0.00155868 0 0 0 0 0 0 7.72066e+08 7.72066e+08 7.72066e+08 7.72066e+08 
0.078 -0.264496 -3.5645 -1.60885 -2.99667 -1.9355 11930.6 1.5373e+16 8.64662e-07 7.52134e-06 1.73291e-21 1.85253e-08 81673.8 0 0 1.71948e-16 0 0 0.00155868 0 0 0 0 0 0 7.9519e+08 7.9519e+08 7.9519e+08 7.9519e+08 
0.0785 -0.260403 -3.5604 -1.60388 -2.99245 -1.9396 12339.2 1.53225e+16 8.64869e-07 7.51224e-06 1.78992e-21 1.84421e-08 82070.6 0 0 1.78112e-16 0 0 0.00155868 0 0 0 0 0 0 8.18853e+08 8.18853e+08 8.18853e+08 8.18853e+08 
0.079 -0.256289 -3.55629 -1.5989 -2.98821 -1.94371 12759 1.52725e+16 8.65077e-07 7.50322e-06 1.84852e-21 1.83598e-08 82466 0 0 1.84464e-16 0 0 0.00155868 0 0 0 0 0 0 8.43062e+08 8.43062e+08 8.43062e+08 8.43062e+08 
0.0795 -0.252156 -3.55216 -1.5939 -2.98396 -1.94784 13190.2 1.5223e+16 8.65285e-07 7.4943e-06 1.90872e-21 1.82786e-08 82860.2 0 0 1.9101e-16 0 0 0.00155868 0 0 0 0 0 0 8.67825e+08 8.67825e+08 8.67825e+08 8.67825e+08 
0.08 -0.248003 -3.548 -1.58889 -2.97969 -1.952 13633.1 1.5174e+16 8.65494e-07 7.48546e-06 1.97057e-21 1.81982e-08 83253.1 0 0 1.97754e-16 0 0 0.00155868 0 0 0 0 0 0 8.9315e+08 8.9315e+08 8.9315e+08 8.9315e+08 
0.0805 -0.243831 -3.54383 -1.58387 -2.9754 -1.95617 14087.8 1.51255e+16 8.65703e-07 7.4767e-06 2.0341e-21 1.81188e-08 83644.7 0 0 2.047e-16 0 0 0.00155868 0 0 0 0 0 0 9.19046e+08 9.19046e+08 9.19046e+08 9.19046e+08 
0.081 -0.239639 -3.53964 -1.57883 -2.97108 -1.96036 14554.5 1.50774e+16 8.65912e-07 7.46803e-06 2.09932e-21 1.80403e-08 84035.1 0 0 2.11854e-16 0 0 0.00155868 0 0 0 0 0 0 9.45519e+08 9.45519e+08 9.45519e+08 9.45519e+08 
0.0815 -0.235427 -3.53543 -1.57378 -2.96676 -1.96457 15033.6 1.50299e+16 8.66121e-07 7.45945e-06 2.16629e-21 1.79627e-08 84424.2 0 0 2.19218e-16 0 0 0.00155868 0 0 0 0 0 0 9.72579e+08 9.72579e+08 9.72579e+08 9.72579e+08 
0.082 -0.231196 -3.5312 -1.56872 -2.96241 -1.9688 15525.2 1.49827e+16 8.6633e-07 7.45095e-06 2.23502e-21 1.7886e-08 84812.1 0 0 2.268e-16 0 0 0.00155868 0 0 0 0 0 0 1.00023e+09 1.00023e+09 1.00023e+09 1.00023e+09 
0.0825 -0.226946 -3.52695 -1.56364 -2.95804 -1.97305 16029.5 1.4936e+16 8.6654e-07 7.44252e-06 2.30556e-21 1.78101e-08 85198.8 0 0 2.34602e-16 0 0 0.00155868 0 0 0 0 0 0 1.02849e+09 1.02849e+09 1.02849e+09 1.02849e+09 
0.083 -0.222677 -3.52268 -1.55854 -2.95366 -1.97732 16546.8 1.48898e+16 8.6675e-07 7.43418e-06 2.37794e-21 1.7735e-08 85584.3 0 0 2.4263e-16 0 0 0.00155868 0 0 0 0 0 0 1.05736e+09 1.05736e+09 1.05736e+09 1.05736e+09 
0.0835 -0.218388 -3.51839 -1.55344 -2.94925 -1.98161 17077.3 1.4844e+16 8.66961e-07 7.42592e-06 2.45218e-21 1.76608e-08 85968.6 0 0 2.50889e-16 0 0 0.00155868 0 0 0 0 0 0 1.08685e+09 1.08685e+09 1.08685e+09 1.08685e+09 
0.084 -0.21408 -3.51408 -1.54831 -2.94483 -1.98592 17621.2 1.47986e+16 8.67171e-07 7.41773e-06 2.52833e-21 1.75874e-08 86351.8 0 0 2.59384e-16 0 0 0.00155868 0 0 0 0 0 0 1.11696e+09 1.11696e+09 1.11696e+09 1.11696e+09 
0.0845 -0.209753 -3.50975 -1.54318 -2.94039 -1.99025 18178.8 1.47537e+16 8.67382e-07 7.40962e-06 2.60641e-21 1.75148e-08 86733.7 0 0 2.6812e-16 0 0 0.00155868 0 0 0 0 0 0 1.14771e+09 1.14771e+09 1.14771e+09 1.14771e+09 
0.085 -0.205406 -3.50541 -1.53803 -2.93593 -1.99459 18750.3 1.47091e+16 8.67593e-07 7.40158e-06 2.68647e-21 1.7443e-08 87114.5 0 0 2.77102e-16 0 0 0.00155868 0 0 0 0 0 0 1.1791e+09 1.1791e+09 1.1791e+09 1.1791e+09 
0.0855 -0.201041 -3.50104 -1.53287 -2.93145 -1.99896 19335.9 1.4665e+16 8.67804e-07 7.39362e-06 2.76853e-21 1.7372e-08 87494.2 0 0 2.86335e-16 0 0 0.00155868 0 0 0 0 0 0 1.21114e+09 1.21114e+09 1.21114e+09 1.21114e+09 
0.086 -0.196657 -3.49666 -1.52769 -2.92696 -2.00334 19936 1.46213e+16 8.68016e-07 7.38573e-06 2.85263e-21 1.73017e-08 87872.7 0 0 2.95825e-16 0 0 0.00155868 0 0 0 0 0 0 1.24385e+09 1.24385e+09 1.24385e+09 1.24385e+09 
0.0865 -0.192254 -3.49225 -1.5225 -2.92245 -2.00775 20550.6 1.4578e+16 8.68227e-07 7.37791e-06 2.93881e-21 1.72322e-08 88250.1 0 0 3.05576e-16 0 0 0.00155868 0 0 0 0 0 0 1.27722e+09 1.27722e+09 1.27722e+09 1.27722e+09 
0.087 -0.187832 -3.48783 -1.51729 -2.91791 -2.01217 21180.2 1.4535e+16 8.68439e-07 7.37016e-06 3.0271e-21 1.71634e-08 88626.4 0 0 3.15594e-16 0 0 0.00155868 0 0 0 0 0 0 1.31127e+09 1.31127e+09 1.31127e+09 1.31127e+09 
0.0875 -0.183391 -3.48339 -1.51207 -2.91336 -2.01661 21824.8 1.44925e+16 8.68651e-07 7.36248e-06 3.11754e-21 1.70953e-08 89001.6 0 0 3.25885e-16 0 0 0.00155868 0 0 0 0 0 0 1.346e+09 1.346e+09 1.346e+09 1.346e+09 
0.088 -0.178932 -3.47893 -1.50684 -2.9088 -2.02107 22484.8 1.44503e+16 8.68864e-07 7.35487e-06 3.21016e-21 1.70279e-08 89375.7 0 0 3.36454e-16 0 0 0.00155868 0 0 0 0 0 0 1.38143e+09 1.38143e+09 1.38143e+09 1.38143e+09 
0.0885 -0.174454 -3.47445 -1.5016 -2.90421 -2.02555 23160.4 1.44085e+16 8.69076e-07 7.34733e-06 3.305e-21 1.69613e-08 89748.7 0 0 3.47307e-16 0 0 0.00155868 0 0 0 0 0 0 1.41756e+09 1.41756e+09 1.41756e+09 1.41756e+09 
0.089 -0.169957 -3.46996 -1.49634 -2.89961 -2.03004 23851.9 1.43671e+16 8.69289e-07 7.33986e-06 3.4021e-21 1.68953e-08 90120.6 0 0 3.58448e-16 0 0 0.00155868 0 0 0 0 0 0 1.4544e+09 1.4544e+09 1.4544e+09 1.4544e+09 
0.0895 -0.165442 -3.46544 -1.49106 -2.89498 -2.03456 24559.5 1.4326e+16 8.69502e-07 7.33245e-06 3.50149e-21 1.683e-08 90491.5 0 0 3.69885e-16 0 0 0.00155868 0 0 0 0 0 0 1.49195e+09 1.49195e+09 1.49195e+09 1.49195e+09 
0.09 -0.160908 -3.46091 -1.48577 -2.89035 -2.03909 25283.5 1.42853e+16 8.69715e-07 7.32511e-06 3.6032e-21 1.67654e-08 90861.3 0 0 3.81622e-16 0 0 0.00155868 0 0 0 0 0 0 1.53024e+09 1.53024e+09 1.53024e+09 1.53024e+09 
0.0905 -0.156355 -3.45636 -1.48047 -2.88569 -2.04364 26024.1 1.42449e+16 8.69929e-07 7.31783e-06 3.70729e-21 1.67014e-08 91230 0 0 3.93666e-16 0 0 0.00155868 0 0 0 0 0 0 1.56925e+09 1.56925e+09 1.56925e+09 1.56925e+09 
0.091 -0.151785 -3.45178 -1.47516 -2.88101 -2.04822 26781.5 1.42049e+16 8.70143e-07 7.31061e-06 3.81378e-21 1.6638e-08 91597.8 0 0 4.06023e-16 0 0 0.00155868 0 0 0 0 0 0 1.60902e+09 1.60902e+09 1.60902e+09 1.60902e+09 
0.0915 -0.147196 -3.4472 -1.46983 -2.87632 -2.0528 27556.1 1.41652e+16 8.70356e-07 7.30346e-06 3.92271e-21 1.65753e-08 91964.4 0 0 4.18698e-16 0 0 0.00155868 0 0 0 0 0 0 1.64953e+09 1.64953e+09 1.64953e+09 1.64953e+09 
0.092 -0.142588 -3.44259 -1.46448 -2.87161 -2.05741 28348.1 1.41259e+16 8.7057e-07 7.29637e-06 4.03412e-21 1.65133e-08 92330.1 0 0 4.31697e-16 0 0 0.00155868 0 0 0 0 0 0 1.6908e+09 1.6908e+09 1.6908e+09 1.6908e+09 
0.0925 -0.137963 -3.43796 -1.45913 -2.86688 -2.06204 29157.8 1.40869e+16 8.70785e-07 7.28934e-06 4.14806e-21 1.64518e-08 92694.8 0 0 4.45027e-16 0 0 0.00155868 0 0 0 0 0 0 1.73284e+09 1.73284e+09 1.73284e+09 1.73284e+09 
0.093 -0.133319 -3.43332 -1.45376 -2.86213 -2.06668 29985.3 1.40482e+16 8.70999e-07 7.28237e-06 4.26455e-21 1.63909e-08 93058.4 0 0 4.58694e-16 0 0 0.00155868 0 0 0 0 0 0 1.77566e+09 1.77566e+09 1.77566e+09 1.77566e+09 
0.0935 -0.128657 -3.42866 -1.44837 -2.85737 -2.07134 30831.1 1.40099e+16 8.71214e-07 7.27545e-06 4.38363e-21 1.63307e-08 93421.1 0 0 4.72703e-16 0 0 0.00155868 0 0 0 0 0 0 1.81927e+09 1.81927e+09 1.81927e+09 1.81927e+09 
0.094 -0.123977 -3.42398 -1.44298 -2.85259 -2.07602 31695.3 1.39718e+16 8.71428e-07 7.2686e-06 4.50536e-21 1.6271e-08 93782.7 0 0 4.87062e-16 0 0 0.00155868 0 0 0 0 0 0 1.86366e+09 1.86366e+09 1.86366e+09 1.86366e+09 
0.0945 -0.119278 -3.41928 -1.43757 -2.84779 -2.08072 32578.3 1.39341e+16 8.71643e-07 7.2618e-06 4.62975e-21 1.62119e-08 94143.4 0 0 5.01777e-16 0 0 0.00155868 0 0 0 0 0 0 1.90887e+09 1.90887e+09 1.90887e+09 1.90887e+09 
0.095 -0.114562 -3.41456 -1.43214 -2.84298 -2.08544 33480.2 1.38967e+16 8.71859e-07 7.25507e-06 4.75687e-21 1.61534e-08 94503.1 0 0 5.16854e-16 0 0 0.00155868 0 0 0 0 0 0 1.95488e+09 1.95488e+09 1.95488e+09 1.95488e+09 
0.0955 -0.109828 -3.40983 -1.4267 -2.83814 -2.09017 34401.4 1.38596e+16 8.72074e-07 7.24838e-06 4.88673e-21 1.60954e-08 94861.9 0 0 5.323e-16 0 0 0.00155868 0 0 0 0 0 0 2.00171e+09 2.00171e+09 2.00171e+09 2.00171e+09 
0.096 -0.105076 -3.40508 -1.42125 -2.83329 -2.09492 35342.2 1.38228e+16 8.72289e-07 7.24176e-06 5.0194e-21 1.6038e-08 95219.7 0 0 5.4812e-16 0 0 0.00155868 0 0 0 0 0 0 2.04937e+09 2.04937e+09 2.04937e+09 2.04937e+09 
0.0965 -0.100306 -3.40031 -1.41578 -2.82842 -2.09969 36302.8 1.37863e+16 8.72505e-07 7.23518e-06 5.1549e-21 1.59811e-08 95576.5 0 0 5.64323e-16 0 0 0.00155868 0 0 0 0 0 0 2.09786e+09 2.09786e+09 2.09786e+09 2.09786e+09 
0.097 -0.0955185 -3.39552 -1.4103 -2.82354 -2.10448 37283.4 1.375e+16 8.72721e-07 7.22866e-06 5.29327e-21 1.59247e-08 95932.4 0 0 5.80914e-16 0 0 0.00155868 0 0 0 0 0 0 2.1472e+09 2.1472e+09 2.1472e+09 2.1472e+09 
0.0975 -0.090713 -3.39071 -1.40481 -2.81864 -2.10929 38284.4 1.37141e+16 8.72937e-07 7.2222e-06 5.43456e-21 1.58689e-08 96287.4 0 0 5.97901e-16 0 0 0.00155868 0 0 0 0 0 0 2.19739e+09 2.19739e+09 2.19739e+09 2.19739e+09 
0.098 -0.0858897 -3.38589 -1.3993 -2.81372 -2.11411 39306.1 1.36785e+16 8.73153e-07 7.21579e-06 5.57882e-21 1.58136e-08 96641.5 0 0 6.1529e-16 0 0 0.00155868 0 0 0 0 0 0 2.24845e+09 2.24845e+09 2.24845e+09 2.24845e+09 
0.0985 -0.0810488 -3.38105 -1.39378 -2.80878 -2.11895 40348.7 1.36431e+16 8.7337e-07 7.20943e-06 5.72607e-21 1.57588e-08 96994.6 0 0 6.33088e-16 0 0 0.00155868 0 0 0 0 0 0 2.30037e+09 2.30037e+09 2.30037e+09 2.30037e+09 
0.099 -0.0761903 -3.37619 -1.38825 -2.80383 -2.12381 41412.4 1.3608e+16 8.73586e-07 7.20312e-06 5.87636e-21 1.57046e-08 97346.8 0 0 6.51302e-16 0 0 0.00155868 0 0 0 0 0 0 2.35317e+09 2.35317e+09 2.35317e+09 2.35317e+09 
0.0995 -0.0713141 -3.37131 -1.3827 -2.79885 -2.12869 42497.7 1.35732e+16 8.73803e-07 7.19686e-06 6.02973e-21 1.56508e-08 97698.1 0 0 6.69939e-16 0 0 0.00155868 0 0 0 0 0 0 2.40686e+09 2.40686e+09 2.40686e+09 2.40686e+09 
0.1 -0.0664205 -3.36642 -1.37714 -2.79387 -2.13358 43604.8 1.35387e+16 8.7402e-07 7.19065e-06 6.18624e-21 1.55975e-08 98048.6 0 0 6.89007e-16 0 0 0.00155868 0 0 0 0 0 0 2.46145e+09 2.46145e+09 2.46145e+09 2.46145e+09 
0.1005 -0.0615093 -3.36151 -1.37156 -2.78886 -2.13849 44733.9 1.35044e+16 8.74237e-07 7.18449e-06 6.3459e-21 1.55447e-08 98398.1 0 0 7.08512e-16 0 0 0.00155868 0 0 0 0 0 0 2.51693e+09 2.51693e+09 2.51693e+09 2.51693e+09 
0.101 -0.0565807 -3.35658 -1.36598 -2.78384 -2.14342 45885.3 1.34704e+16 8.74454e-07 7.17838e-06 6.50878e-21 1.54923e-08 98746.8 0 0 7.28462e-16 0 0 0.00155868 0 0 0 0 0 0 2.57333e+09 2.57333e+09 2.57333e+09 2.57333e+09 
0.1015 -0.0516346 -3.35163 -1.36037 -2.7788 -2.14837 47059.4 1.34366e+16 8.74672e-07 7.17232e-06 6.67492e-21 1.54405e-08 99094.5 0 0 7.48863e-16 0 0 0.00155868 0 0 0 0 0 0 2.63066e+09 2.63066e+09 2.63066e+09 2.63066e+09 
0.102 -0.0466712 -3.34667 -1.35476 -2.77375 -2.15333 48256.4 1.34031e+16 8.74889e-07 7.16631e-06 6.84434e-21 1.53891e-08 99441.4 0 0 7.69725e-16 0 0 0.00155868 0 0 0 0 0 0 2.68891e+09 2.68891e+09 2.68891e+09 2.68891e+09 
0.1025 -0.0416905 -3.34169 -1.34913 -2.76867 -2.15831 49476.7 1.33699e+16 8.75107e-07 7.16034e-06 7.01711e-21 1.53381e-08 99787.5 0 0 7.91053e-16 0 0 0.00155868 0 0 0 0 0 0 2.7481e+09 2.7481e+09 2.7481e+09 2.7481e+09 
0.103 -0.0366925 -3.33669 -1.34349 -2.76358 -2.16331 50720.4 1.33369e+16 8.75325e-07 7.15442e-06 7.19326e-21 1.52876e-08 100133 0 0 8.12856e-16 0 0 0.00155868 0 0 0 0 0 0 2.80823e+09 2.80823e+09 2.80823e+09 2.80823e+09 
0.1035 -0.0316772 -3.33168 -1.33783 -2.75848 -2.16832 51987.9 1.33041e+16 8.75543e-07 7.14855e-06 7.37284e-21 1.52376e-08 100477 0 0 8.35141e-16 0 0 0.00155868 0 0 0 0 0 0 2.86932e+09 2.86932e+09 2.86932e+09 2.86932e+09 
0.104 -0.0266448 -3.32664 -1.33216 -2.75335 -2.17336 53279.5 1.32716e+16 8.75761e-07 7.14272e-06 7.55589e-21 1.51879e-08 100820 0 0 8.57915e-16 0 0 0.00155868 0 0 0 0 0 0 2.93137e+09 2.93137e+09 2.93137e+09 2.93137e+09 
0.1045 -0.0215951 -3.3216 -1.32648 -2.74821 -2.1784 54595.6 1.32394e+16 8.7598e-07 7.13694e-06 7.74245e-21 1.51387e-08 101163 0 0 8.81187e-16 0 0 0.00155868 0 0 0 0 0 0 2.9944e+09 2.9944e+09 2.9944e+09 2.9944e+09 
0.105 -0.0165284 -3.31653 -1.32078 -2.74306 -2.18347 55936.2 1.32074e+16 8.76198e-07 7.1312e-06 7.93257e-21 1.509e-08 101505 0 0 9.04965e-16 0 0 0.00155868 0 0 0 0 0 0 3.0584e+09 3.0584e+09 3.0584e+09 3.0584e+09 
0.1055 -0.0114447 -3.31144 -1.31507 -2.73789 -2.18856 57301.9 1.31756e+16 8.76417e-07 7.1255e-06 8.1263e-21 1.50416e-08 101846 0 0 9.29255e-16 0 0 0.00155868 0 0 0 0 0 0 3.12339e+09 3.12339e+09 3.12339e+09 3.12339e+09 
0.106 -0.00634384 -3.30634 -1.30935 -2.7327 -2.19366 58692.9 1.3144e+16 8.76635e-07 7.11985e-06 8.32367e-21 1.49937e-08 102186 0 0 9.54066e-16 0 0 0.00155868 0 0 0 0 0 0 3.18938e+09 3.18938e+09 3.18938e+09 3.18938e+09 
0.1065 -0.00122604 -3.30123 -1.30361 -2.72749 -2.19877 60109.4 1.31127e+16 8.76854e-07 7.11424e-06 8.52474e-21 1.49462e-08 102526 0 0 9.79407e-16 0 0 0.00155868 0 0 0 0 0 0 3.25637e+09 3.25637e+09 3.25637e+09 3.25637e+09 
0.107 0.00390872 -3.29609 -1.29786 -2.72227 -2.20391 61551.9 1.30816e+16 8.77073e-07 7.10868e-06 8.72954e-21 1.48991e-08 102864 0 0 1.00528e-15 0 0 0.00155868 0 0 0 0 0 0 3.32438e+09 3.32438e+09 3.32438e+09 3.32438e+09 
0.1075 0.00906037 -3.29094 -1.2921 -2.71703 -2.20906 63020.5 1.30507e+16 8.77293e-07 7.10315e-06 8.93813e-21 1.48523e-08 103202 0 0 1.03171e-15 0 0 0.00155868 0 0 0 0 0 0 3.39341e+09 3.39341e+09 3.39341e+09 3.39341e+09 
0.108 0.0142289 -3.28577 -1.28632 -2.71177 -2.21423 64515.6 1.302e+16 8.77512e-07 7.09767e-06 9.15055e-21 1.4806e-08 103539 0 0 1.05868e-15 0 0 0.00155868 0 0 0 0 0 0 3.46347e+09 3.46347e+09 3.46347e+09 3.46347e+09 
0.1085 0.0194143 -3.28059 -1.28053 -2.7065 -2.21941 66037.5 1.29896e+16 8.77732e-07 7.09223e-06 9.36684e-21 1.47601e-08 103875 0 0 1.08622e-15 0 0 0.00155868 0 0 0 0 0 0 3.53456e+09 3.53456e+09 3.53456e+09 3.53456e+09 
0.109 0.0246164 -3.27538 -1.27472 -2.70121 -2.22462 67586.6 1.29594e+16 8.77951e-07 7.08683e-06 9.58705e-21 1.47145e-08 104210 0 0 1.11433e-15 0 0 0.00155868 0 0 0 0 0 0 3.60671e+09 3.60671e+09 3.60671e+09 3.60671e+09 
0.1095 0.0298353 -3.27016 -1.26891 -2.69591 -2.22984 69163 1.29293e+16 8.78171e-07 7.08146e-06 9.81124e-21 1.46693e-08 104545 0 0 1.14302e-15 0 0 0.00155868 0 0 0 0 0 0 3.67991e+09 3.67991e+09 3.67991e+09 3.67991e+09 
0.11 0.0350709 -3.26493 -1.26308 -2.69059 -2.23507 70767.1 1.28995e+16 8.78391e-07 7.07614e-06 1.00394e-20 1.46245e-08 104879 0 0 1.17229e-15 0 0 0.00155868 0 0 0 0 0 0 3.75417e+09 3.75417e+09 3.75417e+09 3.75417e+09 
0.1105 0.0403232 -3.25968 -1.25723 -2.68525 -2.24032 72399.3 1.28699e+16 8.78611e-07 7.07086e-06 1.02717e-20 1.45801e-08 105212 0 0 1.20216e-15 0 0 0.00155868 0 0 0 0 0 0 3.82951e+09 3.82951e+09 3.82951e+09 3.82951e+09 
0.111 0.0455921 -3.25441 -1.25137 -2.6799 -2.24559 74059.8 1.28405e+16 8.78831e-07 7.06562e-06 1.0508e-20 1.4536e-08 105544 0 0 1.23263e-15 0 0 0.00155868 0 0 0 0 0 0 3.90592e+09 3.90592e+09 3.90592e+09 3.90592e+09 
0.1115 0.0508776 -3.24912 -1.2455 -2.67453 -2.25088 75749 1.28114e+16 8.79051e-07 7.06041e-06 1.07486e-20 1.44922e-08 105876 0 0 1.26372e-15 0 0 0.00155868 0 0 0 0 0 0 3.98342e+09 3.98342e+09 3.98342e+09 3.98342e+09 
0.112 0.0561797 -3.24382 -1.23962 -2.66914 -2.25618 77467.1 1.27824e+16 8.79272e-07 7.05524e-06 1.09933e-20 1.44489e-08 106207 0 0 1.29542e-15 0 0 0.00155868 0 0 0 0 0 0 4.06202e+09 4.06202e+09 4.06202e+09 4.06202e+09 
0.1125 0.0614983 -3.2385 -1.23372 -2.66374 -2.2615 79214.5 1.27536e+16 8.79492e-07 7.05011e-06 1.12422e-20 1.44058e-08 106537 0 0 1.32776e-15 0 0 0.00155868 0 0 0 0 0 0 4.14173e+09 4.14173e+09 4.14173e+09 4.14173e+09 
0.113 0.0668333 -3.23317 -1.22781 -2.65832 -2.26683 80991.4 1.2725e+16 8.79713e-07 7.04502e-06 1.14955e-20 1.43631e-08 106866 0 0 1.36074e-15 0 0 0.00155868 0 0 0 0 0 0 4.22255e+09 4.22255e+09 4.22255e+09 4.22255e+09 
0.1135 0.0721849 -3.22782 -1.22188 -2.65289 -2.27218 82798.3 1.26966e+16 8.79934e-07 7.03997e-06 1.17531e-20 1.43208e-08 107195 0 0 1.39436e-15 0 0 0.00155868 0 0 0 0 0 0 4.30448e+09 4.30448e+09 4.30448e+09 4.30448e+09 
0.114 0.0775528 -3.22245 -1.21595 -2.64744 -2.27755 84635.4 1.26684e+16 8.80155e-07 7.03495e-06 1.20151e-20 1.42788e-08 107522 0 0 1.42864e-15 0 0 0.00155868 0 0 0 0 0 0 4.38755e+09 4.38755e+09 4.38755e+09 4.38755e+09 
0.1145 0.0829371 -3.21706 -1.20999 -2.64197 -2.28294 86503 1.26403e+16 8.80376e-07 7.02996e-06 1.22815e-20 1.42371e-08 107849 0 0 1.46359e-15 0 0 0.00155868 0 0 0 0 0 0 4.47176e+09 4.47176e+09 4.47176e+09 4.47176e+09 
0.115 0.0883377 -3.21166 -1.20403 -2.63649 -2.28834 88401.5 1.26125e+16 8.80597e-07 7.02501e-06 1.25524e-20 1.41958e-08 108176 0 0 1.49921e-15 0 0 0.00155868 0 0 0 0 0 0 4.55711e+09 4.55711e+09 4.55711e+09 4.55711e+09 
0.1155 0.0937547 -3.20625 -1.19805 -2.63099 -2.29375 90331.2 1.25848e+16 8.80819e-07 7.0201e-06 1.28279e-20 1.41547e-08 108502 0 0 1.53552e-15 0 0 0.00155868 0 0 0 0 0 0 4.64362e+09 4.64362e+09 4.64362e+09 4.64362e+09 
0.116 0.0991879 -3.20081 -1.19206 -2.62548 -2.29919 92292.3 1.25574e+16 8.8104e-07 7.01522e-06 1.31079e-20 1.4114e-08 108827 0 0 1.57252e-15 0 0 0.00155868 0 0 0 0 0 0 4.73129e+09 4.73129e+09 4.73129e+09 4.73129e+09 
0.1165 0.104637 -3.19536 -1.18606 -2.61995 -2.30464 94285.3 1.25301e+16 8.81262e-07 7.01038e-06 1.33926e-20 1.40736e-08 109151 0 0 1.61022e-15 0 0 0.00155868 0 0 0 0 0 0 4.82013e+09 4.82013e+09 4.82013e+09 4.82013e+09 
0.117 0.110103 -3.1899 -1.18004 -2.6144 -2.3101 96310.3 1.2503e+16 8.81483e-07 7.00557e-06 1.36819e-20 1.40335e-08 109474 0 0 1.64864e-15 0 0 0.00155868 0 0 0 0 0 0 4.91015e+09 4.91015e+09 4.91015e+09 4.91015e+09 
0.1175 0.115585 -3.18442 -1.17401 -2.60884 -2.31558 98367.9 1.2476e+16 8.81705e-07 7.00079e-06 1.3976e-20 1.39938e-08 109797 0 0 1.68778e-15 0 0 0.00155868 0 0 0 0 0 0 5.00135e+09 5.00135e+09 5.00135e+09 5.00135e+09 
0.118 0.121083 -3.17892 -1.16796 -2.60326 -2.32108 100458 1.24493e+16 8.81927e-07 6.99605e-06 1.42749e-20 1.39543e-08 110119 0 0 1.72764e-15 0 0 0.00155868 0 0 0 0 0 0 5.09375e+09 5.09375e+09 5.09375e+09 5.09375e+09 
0.1185 0.126597 -3.1734 -1.16191 -2.59767 -2.3266 102582 1.24227e+16 8.82149e-07 6.99134e-06 1.45786e-20 1.39151e-08 110441 0 0 1.76825e-15 0 0 0.00155868 0 0 0 0 0 0 5.18735e+09 5.18735e+09 5.18735e+09 5.18735e+09 
0.119 0.132127 -3.16787 -1.15584 -2.59206 -2.33213 104738 1.23963e+16 8.82371e-07 6.98666e-06 1.48871e-20 1.38762e-08 110762 0 0 1.80961e-15 0 0 0.00155868 0 0 0 0 0 0 5.28217e+09 5.28217e+09 5.28217e+09 5.28217e+09 
0.1195 0.137673 -3.16233 -1.14975 -2.58644 -2.33767 106929 1.237e+16 8.82594e-07 6.98201e-06 1.52006e-20 1.38376e-08 111082 0 0 1.85174e-15 0 0 0.00155868 0 0 0 0 0 0 5.3782e+09 5.3782e+09 5.3782e+09 5.3782e+09 
0.12 0.143235 -3.15677 -1.14365 -2.5808 -2.34323 109154 1.2344e+16 8.82816e-07 6.9774e-06 1.55191e-20 1.37993e-08 111401 0 0 1.89463e-15 0 0 0.00155868 0 0 0 0 0 0 5.47546e+09 5.47546e+09 5.47546e+09 5.47546e+09 
0.1205 0.148813 -3.15119 -1.13754 -2.57514 -2.34881 111413 1.2318e+16 8.83039e-07 6.97282e-06 1.58426e-20 1.37613e-08 111720 0 0 1.9383e-15 0 0 0.00155868 0 0 0 0 0 0 5.57395e+09 5.57395e+09 5.57395e+09 5.57395e+09 
0.121 0.154407 -3.14559 -1.13142 -2.56947 -2.35441 113706 1.22923e+16 8.83261e-07 6.96827e-06 1.61712e-20 1.37236e-08 112038 0 0 1.98276e-15 0 0 0.00155868 0 0 0 0 0 0 5.67369e+09 5.67369e+09 5.67369e+09 5.67369e+09 
0.1215 0.160017 -3.13998 -1.12528 -2.56379 -2.36002 116035 1.22667e+16 8.83484e-07 6.96375e-06 1.65049e-20 1.36861e-08 112355 0 0 2.02802e-15 0 0 0.00155868 0 0 0 0 0 0 5.77468e+09 5.77468e+09 5.77468e+09 5.77468e+09 
0.122 0.165642 -3.13436 -1.11913 -2.55808 -2.36564 118399 1.22413e+16 8.83707e-07 6.95926e-06 1.68437e-20 1.3649e-08 112672 0 0 2.07409e-15 0 0 0.00155868 0 0 0 0 0 0 5.87692e+09 5.87692e+09 5.87692e+09 5.87692e+09 
0.1225 0.171284 -3.12872 -1.11297 -2.55237 -2.37128 120799 1.2216e+16 8.8393e-07 6.9548e-06 1.71879e-20 1.36121e-08 112988 0 0 2.12098e-15 0 0 0.00155868 0 0 0 0 0 0 5.98043e+09 5.98043e+09 5.98043e+09 5.98043e+09 
0.123 0.176941 -3.12306 -1.1068 -2.54663 -2.37694 123235 1.21909e+16 8.84153e-07 6.95038e-06 1.75372e-20 1.35754e-08 113304 0 0 2.1687e-15 0 0 0.00155868 0 0 0 0 0 0 6.08522e+09 6.08522e+09 6.08522e+09 6.08522e+09 
0.1235 0.182614 -3.11739 -1.10061 -2.54088 -2.38261 125708 1.21659e+16 8.84376e-07 6.94598e-06 1.7892e-20 1.35391e-08 113619 0 0 2.21726e-15 0 0 0.00155868 0 0 0 0 0 0 6.19129e+09 6.19129e+09 6.19129e+09 6.19129e+09 
0.124 0.188303 -3.1117 -1.0944 -2.53512 -2.3883 128217 1.21411e+16 8.846e-07 6.94161e-06 1.82521e-20 1.3503e-08 113933 0 0 2.26667e-15 0 0 0.00155868 0 0 0 0 0 0 6.29865e+09 6.29865e+09 6.29865e+09 6.29865e+09 
0.1245 0.194008 -3.10599 -1.08819 -2.52934 -2.39401 130763 1.21165e+16 8.84823e-07 6.93727e-06 1.86176e-20 1.34671e-08 114246 0 0 2.31694e-15 0 0 0.00155868 0 0 0 0 0 0 6.40731e+09 6.40731e+09 6.40731e+09 6.40731e+09 
0.125 0.199728 -3.10027 -1.08196 -2.52355 -2.39973 133346 1.20919e+16 8.85047e-07 6.93296e-06 1.89886e-20 1.34315e-08 114559 0 0 2.36808e-15 0 0 0.00155868 0 0 0 0 0 0 6.51727e+09 6.51727e+09 6.51727e+09 6.51727e+09 
0.1255 0.205464 -3.09454 -1.07572 -2.51774 -2.40546 135967 1.20676e+16 8.8527e-07 6.92868e-06 1.93651e-20 1.33962e-08 114871 0 0 2.42011e-15 0 0 0.00155868 0 0 0 0 0 0 6.62855e+09 6.62855e+09 6.62855e+09 6.62855e+09 
0.126 0.211215 -3.08879 -1.06946 -2.51191 -2.41121 138626 1.20434e+16 8.85494e-07 6.92442e-06 1.97473e-20 1.33611e-08 115183 0 0 2.47302e-15 0 0 0.00155868 0 0 0 0 0 0 6.74115e+09 6.74115e+09 6.74115e+09 6.74115e+09 
0.1265 0.216982 -3.08302 -1.0632 -2.50607 -2.41698 141324 1.20193e+16 8.85718e-07 6.9202e-06 2.0135e-20 1.33263e-08 115494 0 0 2.52684e-15 0 0 0.00155868 0 0 0 0 0 0 6.85508e+09 6.85508e+09 6.85508e+09 6.85508e+09 
0.127 0.222764 -3.07724 -1.05692 -2.50022 -2.42276 144060 1.19954e+16 8.85942e-07 6.916e-06 2.05285e-20 1.32917e-08 115804 0 0 2.58157e-15 0 0 0.00155868 0 0 0 0 0 0 6.97034e+09 6.97034e+09 6.97034e+09 6.97034e+09 
0.1275 0.228562 -3.07144 -1.05062 -2.49434 -2.42856 146835 1.19716e+16 8.86166e-07 6.91183e-06 2.09277e-20 1.32573e-08 116114 0 0 2.63723e-15 0 0 0.00155868 0 0 0 0 0 0 7.08695e+09 7.08695e+09 7.08695e+09 7.08695e+09 
0.128 0.234376 -3.06562 -1.04432 -2.48846 -2.43438 149650 1.1948e+16 8.8639e-07 6.90769e-06 2.13327e-20 1.32232e-08 116423 0 0 2.69382e-15 0 0 0.00155868 0 0 0 0 0 0 7.20492e+09 7.20492e+09 7.20492e+09 7.20492e+09 
0.1285 0.240205 -3.0598 -1.038 -2.48256 -2.4402 152504 1.19245e+16 8.86614e-07 6.90357e-06 2.17435e-20 1.31894e-08 116732 0 0 2.75136e-15 0 0 0.00155868 0 0 0 0 0 0 7.32424e+09 7.32424e+09 7.32424e+09 7.32424e+09 
0.129 0.246049 -3.05395 -1.03166 -2.47664 -2.44605 155398 1.19011e+16 8.86839e-07 6.89949e-06 2.21602e-20 1.31557e-08 117040 0 0 2.80986e-15 0 0 0.00155868 0 0 0 0 0 0 7.44493e+09 7.44493e+09 7.44493e+09 7.44493e+09 
0.1295 0.251909 -3.04809 -1.02532 -2.47071 -2.45191 158333 1.18779e+16 8.87063e-07 6.89542e-06 2.25829e-20 1.31223e-08 117347 0 0 2.86932e-15 0 0 0.00155868 0 0 0 0 0 0 7.56699e+09 7.56699e+09 7.56699e+09 7.56699e+09 
0.13 0.257784 -3.04222 -1.01896 -2.46476 -2.45778 161309 1.18548e+16 8.87288e-07 6.89139e-06 2.30116e-20 1.30892e-08 117654 0 0 2.92976e-15 0 0 0.00155868 0 0 0 0 0 0 7.69044e+09 7.69044e+09 7.69044e+09 7.69044e+09 
0.1305 0.263674 -3.03633 -1.01259 -2.4588 -2.46367 164325 1.18319e+16 8.87512e-07 6.88738e-06 2.34463e-20 1.30562e-08 117960 0 0 2.99119e-15 0 0 0.00155868 0 0 0 0 0 0 7.81528e+09 7.81528e+09 7.81528e+09 7.81528e+09 
0.131 0.26958 -3.03042 -1.0062 -2.45282 -2.46958 167383 1.1809e+16 8.87737e-07 6.88339e-06 2.38872e-20 1.30235e-08 118266 0 0 3.05362e-15 0 0 0.00155868 0 0 0 0 0 0 7.94151e+09 7.94151e+09 7.94151e+09 7.94151e+09 
0.1315 0.275501 -3.0245 -0.999803 -2.44683 -2.4755 170482 1.17863e+16 8.87962e-07 6.87944e-06 2.43342e-20 1.2991e-08 118571 0 0 3.11707e-15 0 0 0.00155868 0 0 0 0 0 0 8.06915e+09 8.06915e+09 8.06915e+09 8.06915e+09 
0.132 0.281437 -3.01856 -0.993392 -2.44083 -2.48144 173624 1.17638e+16 8.88187e-07 6.8755e-06 2.47874e-20 1.29587e-08 118875 0 0 3.18153e-15 0 0 0.00155868 0 0 0 0 0 0 8.19821e+09 8.19821e+09 8.19821e+09 8.19821e+09 
0.1325 0.287388 -3.01261 -0.986969 -2.4348 -2.48739 176808 1.17414e+16 8.88412e-07 6.87159e-06 2.52468e-20 1.29267e-08 119179 0 0 3.24704e-15 0 0 0.00155868 0 0 0 0 0 0 8.32868e+09 8.32868e+09 8.32868e+09 8.32868e+09 
0.133 0.293355 -3.00665 -0.980532 -2.42877 -2.49335 180035 1.17191e+16 8.88637e-07 6.86771e-06 2.57126e-20 1.28948e-08 119482 0 0 3.31358e-15 0 0 0.00155868 0 0 0 0 0 0 8.46058e+09 8.46058e+09 8.46058e+09 8.46058e+09 
0.1335 0.299336 -3.00066 -0.974083 -2.42272 -2.49934 183305 1.16969e+16 8.88862e-07 6.86385e-06 2.61848e-20 1.28632e-08 119785 0 0 3.38119e-15 0 0 0.00155868 0 0 0 0 0 0 8.59392e+09 8.59392e+09 8.59392e+09 8.59392e+09 
0.134 0.305333 -2.99467 -0.96762 -2.41665 -2.50533 186618 1.16748e+16 8.89088e-07 6.86002e-06 2.66634e-20 1.28318e-08 120087 0 0 3.44987e-15 0 0 0.00155868 0 0 0 0 0 0 8.7287e+09 8.7287e+09 8.7287e+09 8.7287e+09 
0.1345 0.311345 -2.98865 -0.961145 -2.41057 -2.51135 189975 1.16529e+16 8.89313e-07 6.85621e-06 2.71485e-20 1.28005e-08 120388 0 0 3.51962e-15 0 0 0.00155868 0 0 0 0 0 0 8.86492e+09 8.86492e+09 8.86492e+09 8.86492e+09 
0.135 0.317372 -2.98263 -0.954657 -2.40447 -2.51737 193376 1.16311e+16 8.89539e-07 6.85242e-06 2.76401e-20 1.27695e-08 120689 0 0 3.59047e-15 0 0 0.00155868 0 0 0 0 0 0 9.00261e+09 9.00261e+09 9.00261e+09 9.00261e+09 
0.1355 0.323414 -2.97659 -0.948156 -2.39836 -2.52341 196822 1.16094e+16 8.89764e-07 6.84866e-06 2.81382e-20 1.27387e-08 120990 0 0 3.66242e-15 0 0 0.00155868 0 0 0 0 0 0 9.14176e+09 9.14176e+09 9.14176e+09 9.14176e+09 
0.136 0.329471 -2.97053 -0.941642 -2.39224 -2.52947 200312 1.15879e+16 8.8999e-07 6.84492e-06 2.86431e-20 1.27081e-08 121290 0 0 3.73549e-15 0 0 0.00155868 0 0 0 0 0 0 9.28238e+09 9.28238e+09 9.28238e+09 9.28238e+09 
0.1365 0.335543 -2.96446 -0.935115 -2.3861 -2.53554 203848 1.15664e+16 8.90216e-07 6.84121e-06 2.91546e-20 1.26777e-08 121589 0 0 3.80968e-15 0 0 0.00155868 0 0 0 0 0 0 9.42448e+09 9.42448e+09 9.42448e+09 9.42448e+09 
0.137 0.34163 -2.95837 -0.928576 -2.37994 -2.54163 207429 1.15451e+16 8.90442e-07 6.83752e-06 2.96728e-20 1.26475e-08 121888 0 0 3.88501e-15 0 0 0.00155868 0 0 0 0 0 0 9.56807e+09 9.56807e+09 9.56807e+09 9.56807e+09 
0.1375 0.347732 -2.95227 -0.922023 -2.37378 -2.54773 211056 1.15239e+16 8.90668e-07 6.83385e-06 3.01979e-20 1.26175e-08 122186 0 0 3.9615e-15 0 0 0.00155868 0 0 0 0 0 0 9.71315e+09 9.71315e+09 9.71315e+09 9.71315e+09 
0.138 0.353848 -2.94615 -0.915458 -2.36759 -2.55385 214729 1.15028e+16 8.90894e-07 6.8302e-06 3.07298e-20 1.25877e-08 122483 0 0 4.03915e-15 0 0 0.00155868 0 0 0 0 0 0 9.85973e+09 9.85973e+09 9.85973e+09 9.85973e+09 
0.1385 0.35998 -2.94002 -0.90888 -2.36139 -2.55998 218448 1.14818e+16 8.9112e-07 6.82658e-06 3.12686e-20 1.25581e-08 122780 0 0 4.11797e-15 0 0 0.00155868 0 0 0 0 0 0 1.00078e+10 1.00078e+10 1.00078e+10 1.00078e+10 
0.139 0.366126 -2.93387 -0.902289 -2.35518 -2.56613 222214 1.14609e+16 8.91346e-07 6.82298e-06 3.18144e-20 1.25287e-08 123077 0 0 4.19798e-15 0 0 0.00155868 0 0 0 0 0 0 1.01574e+10 1.01574e+10 1.01574e+10 1.01574e+10 
0.1395 0.372288 -2.92771 -0.895686 -2.34895 -2.57229 226028 1.14402e+16 8.91573e-07 6.8194e-06 3.23672e-20 1.24994e-08 123373 0 0 4.27919e-15 0 0 0.00155868 0 0 0 0 0 0 1.03085e+10 1.03085e+10 1.03085e+10 1.03085e+10 
0.14 0.378464 -2.92154 -0.889069 -2.34271 -2.57846 229889 1.14195e+16 8.91799e-07 6.81584e-06 3.29271e-20 1.24703e-08 123668 0 0 4.36161e-15 0 0 0.00155868 0 0 0 0 0 0 1.04612e+10 1.04612e+10 1.04612e+10 1.04612e+10 
0.1405 0.384655 -2.91535 -0.88244 -2.33645 -2.58465 233798 1.1399e+16 8.92026e-07 6.8123e-06 3.34941e-20 1.24415e-08 123963 0 0 4.44526e-15 0 0 0.00155868 0 0 0 0 0 0 1.06154e+10 1.06154e+10 1.06154e+10 1.06154e+10 
0.141 0.39086 -2.90914 -0.875798 -2.33018 -2.59086 237755 1.13786e+16 8.92252e-07 6.80879e-06 3.40682e-20 1.24128e-08 124258 0 0 4.53014e-15 0 0 0.00155868 0 0 0 0 0 0 1.07711e+10 1.07711e+10 1.07711e+10 1.07711e+10 
0.1415 0.39708 -2.90292 -0.869144 -2.3239 -2.59708 241760 1.13583e+16 8.92479e-07 6.8053e-06 3.46496e-20 1.23843e-08 124552 0 0 4.61627e-15 0 0 0.00155868 0 0 0 0 0 0 1.09284e+10 1.09284e+10 1.09284e+10 1.09284e+10 
0.142 0.403315 -2.89668 -0.862476 -2.3176 -2.60332 245815 1.13381e+16 8.92706e-07 6.80182e-06 3.52383e-20 1.23559e-08 124845 0 0 4.70366e-15 0 0 0.00155868 0 0 0 0 0 0 1.10872e+10 1.10872e+10 1.10872e+10 1.10872e+10 
0.1425 0.409565 -2.89044 -0.855796 -2.31128 -2.60956 249919 1.1318e+16 8.92933e-07 6.79837e-06 3.58344e-20 1.23278e-08 125138 0 0 4.79232e-15 0 0 0.00155868 0 0 0 0 0 0 1.12476e+10 1.12476e+10 1.12476e+10 1.12476e+10 
0.143 0.415829 -2.88417 -0.849104 -2.30495 -2.61583 254072 1.1298e+16 8.93159e-07 6.79494e-06 3.64378e-20 1.22998e-08 125430 0 0 4.88227e-15 0 0 0.00155868 0 0 0 0 0 0 1.14096e+10 1.14096e+10 1.14096e+10 1.14096e+10 
0.1435 0.422108 -2.87789 -0.842398 -2.29861 -2.62211 258275 1.12781e+16 8.93387e-07 6.79153e-06 3.70487e-20 1.2272e-08 125722 0 0 4.97352e-15 0 0 0.00155868 0 0 0 0 0 0 1.15732e+10 1.15732e+10 1.15732e+10 1.15732e+10 
0.144 0.428401 -2.8716 -0.83568 -2.29225 -2.6284 262529 1.12583e+16 8.93614e-07 6.78815e-06 3.76671e-20 1.22443e-08 126013 0 0 5.06608e-15 0 0 0.00155868 0 0 0 0 0 0 1.17383e+10 1.17383e+10 1.17383e+10 1.17383e+10 
0.1445 0.434709 -2.86529 -0.828949 -2.28588 -2.63471 266833 1.12386e+16 8.93841e-07 6.78478e-06 3.82931e-20 1.22169e-08 126304 0 0 5.15996e-15 0 0 0.00155868 0 0 0 0 0 0 1.1905e+10 1.1905e+10 1.1905e+10 1.1905e+10 
0.145 0.441032 -2.85897 -0.822206 -2.27949 -2.64103 271188 1.12191e+16 8.94068e-07 6.78143e-06 3.89266e-20 1.21896e-08 126594 0 0 5.25518e-15 0 0 0.00155868 0 0 0 0 0 0 1.20734e+10 1.20734e+10 1.20734e+10 1.20734e+10 
0.1455 0.447369 -2.85263 -0.81545 -2.27309 -2.64737 275595 1.11996e+16 8.94296e-07 6.7781e-06 3.95679e-20 1.21624e-08 126884 0 0 5.35175e-15 0 0 0.00155868 0 0 0 0 0 0 1.22433e+10 1.22433e+10 1.22433e+10 1.22433e+10 
0.146 0.45372 -2.84628 -0.808681 -2.26668 -2.65372 280053 1.11802e+16 8.94523e-07 6.77479e-06 4.02169e-20 1.21355e-08 127173 0 0 5.44968e-15 0 0 0.00155868 0 0 0 0 0 0 1.24148e+10 1.24148e+10 1.24148e+10 1.24148e+10 
0.1465 0.460086 -2.83991 -0.8019 -2.26025 -2.66009 284563 1.11609e+16 8.94751e-07 6.7715e-06 4.08736e-20 1.21087e-08 127462 0 0 5.54898e-15 0 0 0.00155868 0 0 0 0 0 0 1.2588e+10 1.2588e+10 1.2588e+10 1.2588e+10 
0.147 0.466466 -2.83353 -0.795106 -2.2538 -2.66647 289126 1.11418e+16 8.94978e-07 6.76824e-06 4.15382e-20 1.2082e-08 127750 0 0 5.64968e-15 0 0 0.00155868 0 0 0 0 0 0 1.27628e+10 1.27628e+10 1.27628e+10 1.27628e+10 
0.1475 0.472861 -2.82714 -0.788299 -2.24735 -2.67286 293741 1.11227e+16 8.95206e-07 6.76499e-06 4.22107e-20 1.20555e-08 128038 0 0 5.75177e-15 0 0 0.00155868 0 0 0 0 0 0 1.29392e+10 1.29392e+10 1.29392e+10 1.29392e+10 
0.148 0.47927 -2.82073 -0.78148 -2.24088 -2.67927 298409 1.11037e+16 8.95434e-07 6.76175e-06 4.28912e-20 1.20292e-08 128325 0 0 5.85528e-15 0 0 0.00155868 0 0 0 0 0 0 1.31172e+10 1.31172e+10 1.31172e+10 1.31172e+10 
0.1485 0.485693 -2.81431 -0.774649 -2.23439 -2.68569 303131 1.10848e+16 8.95662e-07 6.75854e-06 4.35797e-20 1.2003e-08 128612 0 0 5.96022e-15 0 0 0.00155868 0 0 0 0 0 0 1.32969e+10 1.32969e+10 1.32969e+10 1.32969e+10 
0.149 0.492131 -2.80787 -0.767804 -2.22789 -2.69213 307906 1.1066e+16 8.9589e-07 6.75535e-06 4.42762e-20 1.1977e-08 128898 0 0 6.06659e-15 0 0 0.00155868 0 0 0 0 0 0 1.34783e+10 1.34783e+10 1.34783e+10 1.34783e+10 
0.1495 0.498583 -2.80142 -0.760948 -2.22138 -2.69858 312736 1.10473e+16 8.96118e-07 6.75218e-06 4.49808e-20 1.19512e-08 129184 0 0 6.17442e-15 0 0 0.00155868 0 0 0 0 0 0 1.36613e+10 1.36613e+10 1.36613e+10 1.36613e+10 
0.15 0.50505 -2.79495 -0.754078 -2.21485 -2.70505 317620 1.10287e+16 8.96346e-07 6.74902e-06 4.56936e-20 1.19255e-08 129470 0 0 6.28372e-15 0 0 0.00155868 0 0 0 0 0 0 1.3846e+10 1.3846e+10 1.3846e+10 1.3846e+10 
0.1505 0.51153 -2.78847 -0.747197 -2.20831 -2.71153 322558 1.10102e+16 8.96574e-07 6.74588e-06 4.64146e-20 1.18999e-08 129754 0 0 6.3945e-15 0 0 0.00155868 0 0 0 0 0 0 1.40323e+10 1.40323e+10 1.40323e+10 1.40323e+10 
0.151 0.518025 -2.78197 -0.740302 -2.20175 -2.71803 327552 1.09917e+16 8.96802e-07 6.74276e-06 4.7144e-20 1.18745e-08 130039 0 0 6.50677e-15 0 0 0.00155868 0 0 0 0 0 0 1.42203e+10 1.42203e+10 1.42203e+10 1.42203e+10 
0.1515 0.524534 -2.77547 -0.733395 -2.19518 -2.72453 332601 1.09734e+16 8.9703e-07 6.73966e-06 4.78816e-20 1.18492e-08 130323 0 0 6.62054e-15 0 0 0.00155868 0 0 0 0 0 0 1.441e+10 1.441e+10 1.441e+10 1.441e+10 
0.152 0.531057 -2.76894 -0.726476 -2.18859 -2.73106 337706 1.09552e+16 8.97259e-07 6.73658e-06 4.86277e-20 1.18241e-08 130606 0 0 6.73584e-15 0 0 0.00155868 0 0 0 0 0 0 1.46014e+10 1.46014e+10 1.46014e+10 1.46014e+10 
0.1525 0.537595 -2.76241 -0.719544 -2.182 -2.73759 342868 1.0937e+16 8.97487e-07 6.73351e-06 4.93822e-20 1.17992e-08 130889 0 0 6.85267e-15 0 0 0.00155868 0 0 0 0 0 0 1.47945e+10 1.47945e+10 1.47945e+10 1.47945e+10 
0.153 0.544146 -2.75585 -0.7126 -2.17538 -2.74415 348085 1.0919e+16 8.97716e-07 6.73047e-06 5.01452e-20 1.17743e-08 131172 0 0 6.97105e-15 0 0 0.00155868 0 0 0 0 0 0 1.49893e+10 1.49893e+10 1.49893e+10 1.49893e+10 
0.1535 0.550712 -2.74929 -0.705643 -2.16876 -2.75071 353360 1.0901e+16 8.97945e-07 6.72744e-06 5.09168e-20 1.17497e-08 131454 0 0 7.09099e-15 0 0 0.00155868 0 0 0 0 0 0 1.51858e+10 1.51858e+10 1.51858e+10 1.51858e+10 
0.154 0.557292 -2.74271 -0.698674 -2.16212 -2.75729 358691 1.08831e+16 8.98173e-07 6.72443e-06 5.1697e-20 1.17251e-08 131735 0 0 7.21251e-15 0 0 0.00155868 0 0 0 0 0 0 1.5384e+10 1.5384e+10 1.5384e+10 1.5384e+10 
0.1545 0.563885 -2.73611 -0.691692 -2.15547 -2.76389 364081 1.08653e+16 8.98402e-07 6.72143e-06 5.24858e-20 1.17007e-08 132016 0 0 7.33561e-15 0 0 0.00155868 0 0 0 0 0 0 1.55839e+10 1.55839e+10 1.55839e+10 1.55839e+10 
0.155 0.570493 -2.72951 -0.684698 -2.1488 -2.77049 369528 1.08476e+16 8.98631e-07 6.71845e-06 5.32834e-20 1.16765e-08 132297 0 0 7.46032e-15 0 0 0.00155868 0 0 0 0 0 0 1.57856e+10 1.57856e+10 1.57856e+10 1.57856e+10 
0.1555 0.577115 -2.72288 -0.677692 -2.14212 -2.77712 375033 1.08299e+16 8.9886e-07 6.71549e-06 5.40898e-20 1.16524e-08 132577 0 0 7.58664e-15 0 0 0.00155868 0 0 0 0 0 0 1.5989e+10 1.5989e+10 1.5989e+10 1.5989e+10 
0.156 0.583751 -2.71625 -0.670673 -2.13542 -2.78375 380597 1.08124e+16 8.99089e-07 6.71255e-06 5.4905e-20 1.16284e-08 132857 0 0 7.7146e-15 0 0 0.00155868 0 0 0 0 0 0 1.61941e+10 1.61941e+10 1.61941e+10 1.61941e+10 
0.1565 0.590401 -2.7096 -0.663642 -2.12871 -2.7904 386219 1.07949e+16 8.99318e-07 6.70962e-06 5.57292e-20 1.16045e-08 133136 0 0 7.84419e-15 0 0 0.00155868 0 0 0 0 0 0 1.6401e+10 1.6401e+10 1.6401e+10 1.6401e+10 
0.157 0.597065 -2.70294 -0.656598 -2.12199 -2.79706 391901 1.07775e+16 8.99547e-07 6.70671e-06 5.65623e-20 1.15808e-08 133415 0 0 7.97545e-15 0 0 0.00155868 0 0 0 0 0 0 1.66097e+10 1.66097e+10 1.66097e+10 1.66097e+10 
0.1575 0.603742 -2.69626 -0.649542 -2.11525 -2.80374 397643 1.07602e+16 8.99777e-07 6.70381e-06 5.74044e-20 1.15572e-08 133693 0 0 8.10837e-15 0 0 0.00155868 0 0 0 0 0 0 1.68201e+10 1.68201e+10 1.68201e+10 1.68201e+10 
0.158 0.610434 -2.68957 -0.642474 -2.1085 -2.81043 403445 1.0743e+16 9.00006e-07 6.70094e-06 5.82555e-20 1.15338e-08 133971 0 0 8.24299e-15 0 0 0.00155868 0 0 0 0 0 0 1.70322e+10 1.70322e+10 1.70322e+10 1.70322e+10 
0.1585 0.617139 -2.68286 -0.635393 -2.10174 -2.81714 409306 1.07259e+16 9.00235e-07 6.69807e-06 5.91158e-20 1.15105e-08 134249 0 0 8.3793e-15 0 0 0.00155868 0 0 0 0 0 0 1.72461e+10 1.72461e+10 1.72461e+10 1.72461e+10 
0.159 0.623859 -2.67614 -0.6283 -2.09496 -2.82386 415229 1.07088e+16 9.00465e-07 6.69523e-06 5.99853e-20 1.14873e-08 134526 0 0 8.51733e-15 0 0 0.00155868 0 0 0 0 0 0 1.74618e+10 1.74618e+10 1.74618e+10 1.74618e+10 
0.1595 0.630592 -2.66941 -0.621194 -2.08817 -2.83059 421212 1.06918e+16 9.00694e-07 6.6924e-06 6.0864e-20 1.14642e-08 134802 0 0 8.65708e-15 0 0 0.00155868 0 0 0 0 0 0 1.76793e+10 1.76793e+10 1.76793e+10 1.76793e+10 
0.16 0.637339 -2.66266 -0.614077 -2.08137 -2.83734 427257 1.06749e+16 9.00924e-07 6.68958e-06 6.1752e-20 1.14413e-08 135079 0 0 8.79858e-15 0 0 0.00155868 0 0 0 0 0 0 1.78986e+10 1.78986e+10 1.78986e+10 1.78986e+10 
0.1605 0.6441 -2.6559 -0.606947 -2.07455 -2.8441 433363 1.06581e+16 9.01154e-07 6.68679e-06 6.26494e-20 1.14185e-08 135354 0 0 8.94184e-15 0 0 0.00155868 0 0 0 0 0 0 1.81197e+10 1.81197e+10 1.81197e+10 1.81197e+10 
0.161 0.650874 -2.64913 -0.599805 -2.06772 -2.85087 439531 1.06414e+16 9.01383e-07 6.684e-06 6.35562e-20 1.13958e-08 135630 0 0 9.08686e-15 0 0 0.00155868 0 0 0 0 0 0 1.83425e+10 1.83425e+10 1.83425e+10 1.83425e+10 
0.1615 0.657663 -2.64234 -0.59265 -2.06087 -2.85766 445762 1.06247e+16 9.01613e-07 6.68124e-06 6.44724e-20 1.13732e-08 135904 0 0 9.23368e-15 0 0 0.00155868 0 0 0 0 0 0 1.85672e+10 1.85672e+10 1.85672e+10 1.85672e+10 
0.162 0.664465 -2.63554 -0.585483 -2.05401 -2.86446 452055 1.06081e+16 9.01843e-07 6.67849e-06 6.53981e-20 1.13508e-08 136179 0 0 9.38229e-15 0 0 0.00155868 0 0 0 0 0 0 1.87937e+10 1.87937e+10 1.87937e+10 1.87937e+10 
0.1625 0.671281 -2.62872 -0.578304 -2.04714 -2.87128 458412 1.05916e+16 9.02073e-07 6.67575e-06 6.63335e-20 1.13285e-08 136453 0 0 9.53272e-15 0 0 0.00155868 0 0 0 0 0 0 1.9022e+10 1.9022e+10 1.9022e+10 1.9022e+10 
0.163 0.67811 -2.62189 -0.571113 -2.04025 -2.87811 464832 1.05752e+16 9.02303e-07 6.67303e-06 6.72784e-20 1.13063e-08 136726 0 0 9.68498e-15 0 0 0.00155868 0 0 0 0 0 0 1.92521e+10 1.92521e+10 1.92521e+10 1.92521e+10 
0.1635 0.684953 -2.61505 -0.563909 -2.03335 -2.88495 471315 1.05588e+16 9.02533e-07 6.67032e-06 6.82331e-20 1.12842e-08 137000 0 0 9.83908e-15 0 0 0.00155868 0 0 0 0 0 0 1.9484e+10 1.9484e+10 1.9484e+10 1.9484e+10 
0.164 0.69181 -2.60819 -0.556694 -2.02644 -2.89181 477862 1.05425e+16 9.02763e-07 6.66763e-06 6.91975e-20 1.12623e-08 137272 0 0 9.99504e-15 0 0 0.00155868 0 0 0 0 0 0 1.97178e+10 1.97178e+10 1.97178e+10 1.97178e+10 
0.1645 0.698681 -2.60132 -0.549466 -2.01951 -2.89868 484474 1.05263e+16 9.02994e-07 6.66495e-06 7.01717e-20 1.12404e-08 137545 0 0 1.01529e-14 0 0 0.00155868 0 0 0 0 0 0 1.99534e+10 1.99534e+10 1.99534e+10 1.99534e+10 
0.165 0.705565 -2.59444 -0.542226 -2.01257 -2.90556 491151 1.05102e+16 9.03224e-07 6.66229e-06 7.11557e-20 1.12187e-08 137817 0 0 1.03126e-14 0 0 0.00155868 0 0 0 0 0 0 2.01909e+10 2.01909e+10 2.01909e+10 2.01909e+10 
0.1655 0.712462 -2.58754 -0.534973 -2.00562 -2.91246 497893 1.04941e+16 9.03454e-07 6.65964e-06 7.21497e-20 1.11971e-08 138088 0 0 1.04742e-14 0 0 0.00155868 0 0 0 0 0 0 2.04302e+10 2.04302e+10 2.04302e+10 2.04302e+10 
0.166 0.719373 -2.58063 -0.527709 -1.99865 -2.91937 504700 1.04781e+16 9.03685e-07 6.65701e-06 7.31537e-20 1.11756e-08 138359 0 0 1.06378e-14 0 0 0.00155868 0 0 0 0 0 0 2.06714e+10 2.06714e+10 2.06714e+10 2.06714e+10 
0.1665 0.726298 -2.5737 -0.520432 -1.99167 -2.9263 511572 1.04622e+16 9.03915e-07 6.65439e-06 7.41676e-20 1.11542e-08 138630 0 0 1.08032e-14 0 0 0.00155868 0 0 0 0 0 0 2.09144e+10 2.09144e+10 2.09144e+10 2.09144e+10 
0.167 0.733236 -2.56676 -0.513143 -1.98468 -2.93324 518511 1.04463e+16 9.04146e-07 6.65179e-06 7.51917e-20 1.1133e-08 138900 0 0 1.09707e-14 0 0 0.00155868 0 0 0 0 0 0 2.11593e+10 2.11593e+10 2.11593e+10 2.11593e+10 
0.1675 0.740188 -2.55981 -0.505843 -1.97767 -2.94019 525517 1.04305e+16 9.04377e-07 6.6492e-06 7.62259e-20 1.11118e-08 139170 0 0 1.114e-14 0 0 0.00155868 0 0 0 0 0 0 2.14061e+10 2.14061e+10 2.14061e+10 2.14061e+10 
0.168 0.747153 -2.55285 -0.49853 -1.97065 -2.94715 532589 1.04148e+16 9.04607e-07 6.64663e-06 7.72703e-20 1.10908e-08 139439 0 0 1.13114e-14 0 0 0.00155868 0 0 0 0 0 0 2.16548e+10 2.16548e+10 2.16548e+10 2.16548e+10 
0.1685 0.754132 -2.54587 -0.491204 -1.96362 -2.95413 539728 1.03991e+16 9.04838e-07 6.64406e-06 7.8325e-20 1.10698e-08 139708 0 0 1.14848e-14 0 0 0.00155868 0 0 0 0 0 0 2.19053e+10 2.19053e+10 2.19053e+10 2.19053e+10 
0.169 0.761124 -2.53888 -0.483867 -1.95657 -2.96112 546934 1.03836e+16 9.05069e-07 6.64152e-06 7.939e-20 1.1049e-08 139977 0 0 1.16601e-14 0 0 0.00155868 0 0 0 0 0 0 2.21577e+10 2.21577e+10 2.21577e+10 2.21577e+10 
0.1695 0.76813 -2.53187 -0.476518 -1.94951 -2.96813 554209 1.0368e+16 9.053e-07 6.63898e-06 8.04653e-20 1.10283e-08 140245 0 0 1.18375e-14 0 0 0.00155868 0 0 0 0 0 0 2.24121e+10 2.24121e+10 2.24121e+10 2.24121e+10 
0.17 0.775149 -2.52485 -0.469156 -1.94244 -2.97515 561551 1.03526e+16 9.05531e-07 6.63646e-06 8.15511e-20 1.10077e-08 140513 0 0 1.20169e-14 0 0 0.00155868 0 0 0 0 0 0 2.26683e+10 2.26683e+10 2.26683e+10 2.26683e+10 
0.1705 0.782181 -2.51782 -0.461783 -1.93535 -2.98218 568962 1.03372e+16 9.05762e-07 6.63396e-06 8.26474e-20 1.09872e-08 140780 0 0 1.21984e-14 0 0 0.00155868 0 0 0 0 0 0 2.29264e+10 2.29264e+10 2.29264e+10 2.29264e+10 
0.171 0.789227 -2.51077 -0.454397 -1.92825 -2.98923 576442 1.03219e+16 9.05993e-07 6.63146e-06 8.37542e-20 1.09668e-08 141047 0 0 1.23819e-14 0 0 0.00155868 0 0 0 0 0 0 2.31864e+10 2.31864e+10 2.31864e+10 2.31864e+10 
0.1715 0.796286 -2.50371 -0.447 -1.92114 -2.99629 583991 1.03067e+16 9.06224e-07 6.62898e-06 8.48716e-20 1.09465e-08 141314 0 0 1.25676e-14 0 0 0.00155868 0 0 0 0 0 0 2.34484e+10 2.34484e+10 2.34484e+10 2.34484e+10 
0.172 0.803358 -2.49664 -0.43959 -1.91401 -3.00336 591609 1.02915e+16 9.06455e-07 6.62652e-06 8.59996e-20 1.09263e-08 141580 0 0 1.27553e-14 0 0 0.00155868 0 0 0 0 0 0 2.37123e+10 2.37123e+10 2.37123e+10 2.37123e+10 
0.1725 0.810444 -2.48956 -0.432169 -1.90687 -3.01044 599297 1.02764e+16 9.06687e-07 6.62406e-06 8.71384e-20 1.09062e-08 141846 0 0 1.29451e-14 0 0 0.00155868 0 0 0 0 0 0 2.3978e+10 2.3978e+10 2.3978e+10 2.3978e+10 
0.173 0.817543 -2.48246 -0.424735 -1.89972 -3.01754 607056 1.02613e+16 9.06918e-07 6.62162e-06 8.82879e-20 1.08862e-08 142112 0 0 1.31371e-14 0 0 0.00155868 0 0 0 0 0 0 2.42458e+10 2.42458e+10 2.42458e+10 2.42458e+10 
0.1735 0.824655 -2.47535 -0.417289 -1.89255 -3.02465 614884 1.02463e+16 9.0715e-07 6.6192e-06 8.94482e-20 1.08664e-08 142377 0 0 1.33312e-14 0 0 0.00155868 0 0 0 0 0 0 2.45154e+10 2.45154e+10 2.45154e+10 2.45154e+10 
0.174 0.83178 -2.46822 -0.409832 -1.88538 -3.03178 622784 1.02314e+16 9.07381e-07 6.61678e-06 9.06195e-20 1.08466e-08 142641 0 0 1.35275e-14 0 0 0.00155868 0 0 0 0 0 0 2.4787e+10 2.4787e+10 2.4787e+10 2.4787e+10 
0.1745 0.838919 -2.46108 -0.402362 -1.87818 -3.03892 630755 1.02165e+16 9.07613e-07 6.61438e-06 9.18016e-20 1.08269e-08 142906 0 0 1.37259e-14 0 0 0.00155868 0 0 0 0 0 0 2.50606e+10 2.50606e+10 2.50606e+10 2.50606e+10 
0.175 0.846071 -2.45393 -0.39488 -1.87098 -3.04607 638797 1.02017e+16 9.07844e-07 6.61199e-06 9.29948e-20 1.08073e-08 143169 0 0 1.39266e-14 0 0 0.00155868 0 0 0 0 0 0 2.53361e+10 2.53361e+10 2.53361e+10 2.53361e+10 
0.1755 0.853236 -2.44676 -0.387387 -1.86376 -3.05324 646911 1.0187e+16 9.08076e-07 6.60962e-06 9.4199e-20 1.07878e-08 143433 0 0 1.41294e-14 0 0 0.00155868 0 0 0 0 0 0 2.56135e+10 2.56135e+10 2.56135e+10 2.56135e+10 
0.176 0.860414 -2.43959 -0.379881 -1.85653 -3.06041 655097 1.01723e+16 9.08308e-07 6.60725e-06 9.54143e-20 1.07684e-08 143696 0 0 1.43345e-14 0 0 0.00155868 0 0 0 0 0 0 2.58929e+10 2.58929e+10 2.58929e+10 2.58929e+10 
0.1765 0.867606 -2.43239 -0.372364 -1.84929 -3.06761 663355 1.01577e+16 9.0854e-07 6.6049e-06 9.66408e-20 1.07491e-08 143959 0 0 1.45418e-14 0 0 0.00155868 0 0 0 0 0 0 2.61743e+10 2.61743e+10 2.61743e+10 2.61743e+10 
0.177 0.87481 -2.42519 -0.364835 -1.84203 -3.07481 671687 1.01432e+16 9.08772e-07 6.60256e-06 9.78785e-20 1.07299e-08 144221 0 0 1.47513e-14 0 0 0.00155868 0 0 0 0 0 0 2.64576e+10 2.64576e+10 2.64576e+10 2.64576e+10 
0.1775 0.882028 -2.41797 -0.357293 -1.83476 -3.08203 680091 1.01287e+16 9.09003e-07 6.60024e-06 9.91275e-20 1.07108e-08 144483 0 0 1.49632e-14 0 0 0.00155868 0 0 0 0 0 0 2.67429e+10 2.67429e+10 2.67429e+10 2.67429e+10 
0.178 0.889259 -2.41074 -0.34974 -1.82748 -3.08926 688569 1.01142e+16 9.09235e-07 6.59792e-06 1.00388e-19 1.06918e-08 144745 0 0 1.51773e-14 0 0 0.00155868 0 0 0 0 0 0 2.70302e+10 2.70302e+10 2.70302e+10 2.70302e+10 
0.1785 0.896502 -2.4035 -0.342175 -1.82018 -3.0965 697121 1.00999e+16 9.09468e-07 6.59562e-06 1.0166e-19 1.06729e-08 145006 0 0 1.53937e-14 0 0 0.00155868 0 0 0 0 0 0 2.73195e+10 2.73195e+10 2.73195e+10 2.73195e+10 
0.179 0.903759 -2.39624 -0.334598 -1.81287 -3.10376 705747 1.00855e+16 9.097e-07 6.59333e-06 1.02943e-19 1.0654e-08 145267 0 0 1.56124e-14 0 0 0.00155868 0 0 0 0 0 0 2.76108e+10 2.76108e+10 2.76108e+10 2.76108e+10 
0.1795 0.911029 -2.38897 -0.32701 -1.80555 -3.11103 714447 1.00713e+16 9.09932e-07 6.59105e-06 1.04237e-19 1.06353e-08 145528 0 0 1.58335e-14 0 0 0.00155868 0 0 0 0 0 0 2.7904e+10 2.7904e+10 2.7904e+10 2.7904e+10 
0.18 0.918312 -2.38169 -0.319409 -1.79822 -3.11831 723222 1.00571e+16 9.10164e-07 6.58878e-06 1.05544e-19 1.06166e-08 145788 0 0 1.60569e-14 0 0 0.00155868 0 0 0 0 0 0 2.81992e+10 2.81992e+10 2.81992e+10 2.81992e+10 
0.1805 0.925608 -2.37439 -0.311796 -1.79087 -3.12561 732072 1.00429e+16 9.10396e-07 6.58652e-06 1.06861e-19 1.05981e-08 146048 0 0 1.62827e-14 0 0 0.00155868 0 0 0 0 0 0 2.84964e+10 2.84964e+10 2.84964e+10 2.84964e+10 
0.181 0.932917 -2.36708 -0.304172 -1.78351 -3.13292 740998 1.00288e+16 9.10629e-07 6.58428e-06 1.08191e-19 1.05796e-08 146307 0 0 1.65109e-14 0 0 0.00155868 0 0 0 0 0 0 2.87956e+10 2.87956e+10 2.87956e+10 2.87956e+10 
0.1815 0.940238 -2.35976 -0.296536 -1.77614 -3.14024 750000 1.00148e+16 9.10861e-07 6.58204e-06 1.09532e-19 1.05612e-08 146566 0 0 1.67414e-14 0 0 0.00155868 0 0 0 0 0 0 2.90968e+10 2.90968e+10 2.90968e+10 2.90968e+10 
0.182 0.947573 -2.35243 -0.288888 -1.76875 -3.14757 759077 1.00008e+16 9.11094e-07 6.57981e-06 1.10885e-19 1.05428e-08 146825 0 0 1.69744e-14 0 0 0.00155868 0 0 0 0 0 0 2.94e+10 2.94e+10 2.94e+10 2.94e+10 
0.1825 0.954921 -2.34508 -0.281228 -1.76135 -3.15492 768231 9.98682e+15 9.11326e-07 6.57759e-06 1.1225e-19 1.05246e-08 147083 0 0 1.72098e-14 0 0 0.00155868 0 0 0 0 0 0 2.97052e+10 2.97052e+10 2.97052e+10 2.97052e+10 
0.183 0.962282 -2.33772 -0.273557 -1.75394 -3.16228 777461 9.9729e+15 9.11559e-07 6.57538e-06 1.13627e-19 1.05064e-08 147341 0 0 1.74476e-14 0 0 0.00155868 0 0 0 0 0 0 3.00123e+10 3.00123e+10 3.00123e+10 3.00123e+10 
0.1835 0.969655 -2.33034 -0.265874 -1.74652 -3.16966 786769 9.95903e+15 9.11792e-07 6.57318e-06 1.15015e-19 1.04882e-08 147599 0 0 1.76879e-14 0 0 0.00155868 0 0 0 0 0 0 3.03213e+10 3.03213e+10 3.03213e+10 3.03213e+10 
0.184 0.977041 -2.32296 -0.258179 -1.73908 -3.17704 796154 9.94518e+15 9.12024e-07 6.57098e-06 1.16416e-19 1.04702e-08 147856 0 0 1.79307e-14 0 0 0.00155868 0 0 0 0 0 0 3.06323e+10 3.06323e+10 3.06323e+10 3.06323e+10 
0.1845 0.984441 -2.31556 -0.250472 -1.73163 -3.18444 805617 9.93135e+15 9.12257e-07 6.56878e-06 1.17829e-19 1.04521e-08 148113 0 0 1.8176e-14 0 0 0.00155868 0 0 0 0 0 0 3.09451e+10 3.09451e+10 3.09451e+10 3.09451e+10 
0.185 0.991853 -2.30815 -0.242753 -1.72417 -3.19185 815157 9.91752e+15 9.1249e-07 6.56658e-06 1.19254e-19 1.04341e-08 148369 0 0 1.84238e-14 0 0 0.00155868 0 0 0 0 0 0 3.12598e+10 3.12598e+10 3.12598e+10 3.12598e+10 
0.1855 0.999278 -2.30072 -0.235023 -1.71669 -3.19928 824776 9.90369e+15 9.12723e-07 6.56438e-06 1.20691e-19 1.0416e-08 148626 0 0 1.86741e-14 0 0 0.00155868 0 0 0 0 0 0 3.15762e+10 3.15762e+10 3.15762e+10 3.15762e+10 
0.186 1.00672 -2.29328 -0.227281 -1.7092 -3.20672 834473 9.88983e+15 9.12956e-07 6.56217e-06 1.2214e-19 1.03979e-08 148881 0 0 1.89269e-14 0 0 0.00155868 0 0 0 0 0 0 3.18943e+10 3.18943e+10 3.18943e+10 3.18943e+10 
0.1865 1.01417 -2.28583 -0.219527 -1.7017 -3.21417 844249 9.87591e+15 9.13189e-07 6.55993e-06 1.23601e-19 1.03797e-08 149137 0 0 1.91823e-14 0 0 0.00155868 0 0 0 0 0 0 3.22139e+10 3.22139e+10 3.22139e+10 3.22139e+10 
0.187 1.02163 -2.27837 -0.211762 -1.69419 -3.22163 854104 9.86189e+15 9.13422e-07 6.55767e-06 1.25075e-19 1.03614e-08 149392 0 0 1.94402e-14 0 0 0.00155868 0 0 0 0 0 0 3.25349e+10 3.25349e+10 3.25349e+10 3.25349e+10 
0.1875 1.0291 -2.2709 -0.203985 -1.68666 -3.2291 864038 9.84773e+15 9.13655e-07 6.55537e-06 1.26561e-19 1.03429e-08 149647 0 0 1.97007e-14 0 0 0.00155868 0 0 0 0 0 0 3.28569e+10 3.28569e+10 3.28569e+10 3.28569e+10 
0.188 1.03659 -2.26341 -0.196196 -1.67912 -3.23659 874052 9.83334e+15 9.13888e-07 6.55301e-06 1.2806e-19 1.03241e-08 149901 0 0 1.99637e-14 0 0 0.00155868 0 0 0 0 0 0 3.31797e+10 3.31797e+10 3.31797e+10 3.31797e+10 
0.1885 1.0441 -2.2559 -0.188396 -1.67156 -3.2441 884145 9.81865e+15 9.14121e-07 6.55057e-06 1.2957e-19 1.03048e-08 150155 0 0 2.02294e-14 0 0 0.00155868 0 0 0 0 0 0 3.35027e+10 3.35027e+10 3.35027e+10 3.35027e+10 
0.189 1.05161 -2.24839 -0.180584 -1.66399 -3.25161 894317 9.80353e+15 9.14354e-07 6.54801e-06 1.31094e-19 1.02849e-08 150409 0 0 2.04976e-14 0 0 0.00155868 0 0 0 0 0 0 3.38255e+10 3.38255e+10 3.38255e+10 3.38255e+10 
0.1895 1.05914 -2.24086 -0.172761 -1.65641 -3.25914 904568 9.7878e+15 9.14588e-07 6.54529e-06 1.32629e-19 1.02642e-08 150662 0 0 2.07684e-14 0 0 0.00155868 0 0 0 0 0 0 3.41469e+10 3.41469e+10 3.41469e+10 3.41469e+10 
0.19 1.06668 -2.23332 -0.164926 -1.64881 -3.26668 914899 9.77126e+15 9.14821e-07 6.54236e-06 1.34177e-19 1.02422e-08 150915 0 0 2.10418e-14 0 0 0.00155868 0 0 0 0 0 0 3.44661e+10 3.44661e+10 3.44661e+10 3.44661e+10 
0.1905 1.07423 -2.22577 -0.157079 -1.64119 -3.27423 925308 9.75359e+15 9.15054e-07 6.53913e-06 1.35737e-19 1.02187e-08 151167 0 0 2.13176e-14 0 0 0.00155868 0 0 0 0 0 0 3.47812e+10 3.47812e+10 3.47812e+10 3.47812e+10 
0.191 1.08179 -2.21821 -0.149221 -1.63355 -3.28179 935795 9.73441e+15 9.15287e-07 6.5355e-06 1.3731e-19 1.01929e-08 151419 0 0 2.1596e-14 0 0 0.00155868 0 0 0 0 0 0 3.50902e+10 3.50902e+10 3.50902e+10 3.50902e+10 
0.1915 1.08937 -2.21063 -0.141352 -1.6259 -3.28937 946358 9.71315e+15 9.1552e-07 6.53133e-06 1.38894e-19 1.01642e-08 151670 0 0 2.18768e-14 0 0 0.00155868 0 0 0 0 0 0 3.53901e+10 3.53901e+10 3.53901e+10 3.53901e+10 
0.192 1.09696 -2.20304 -0.133471 -1.61822 -3.29696 956996 9.68909e+15 9.15753e-07 6.52642e-06 1.4049e-19 1.01314e-08 151921 0 0 2.216e-14 0 0 0.00155868 0 0 0 0 0 0 3.56769e+10 3.56769e+10 3.56769e+10 3.56769e+10 
0.1925 1.10456 -2.19544 -0.125579 -1.61051 -3.30456 967707 9.66125e+15 9.15985e-07 6.52051e-06 1.42098e-19 1.00931e-08 152171 0 0 2.24454e-14 0 0 0.00155868 0 0 0 0 0 0 3.59451e+10 3.59451e+10 3.59451e+10 3.59451e+10 
0.193 1.11218 -2.18782 -0.117675 -1.60277 -3.31218 978487 9.62828e+15 9.16218e-07 6.51326e-06 1.43716e-19 1.00475e-08 152421 0 0 2.27328e-14 0 0 0.00155868 0 0 0 0 0 0 3.61873e+10 3.61873e+10 3.61873e+10 3.61873e+10 
0.1935 1.1198 -2.1802 -0.109761 -1.59499 -3.3198 989331 9.58838e+15 9.16449e-07 6.50418e-06 1.45345e-19 9.9919e-09 152669 0 0 2.3022e-14 0 0 0.00155868 0 0 0 0 0 0 3.63933e+10 3.63933e+10 3.63933e+10 3.63933e+10 
0.194 1.12744 -2.17256 -0.101836 -1.58716 -3.32744 1.00023e+06 9.53911e+15 9.1668e-07 6.49262e-06 1.46983e-19 9.92288e-09 152916 0 0 2.33126e-14 0 0 0.00155868 0 0 0 0 0 0 3.65493e+10 3.65493e+10 3.65493e+10 3.65493e+10 
0.1945 1.1351 -2.1649 -0.0939006 -1.57928 -3.3351 1.01118e+06 9.47712e+15 9.1691e-07 6.47768e-06 1.48628e-19 9.83572e-09 153162 0 0 2.36042e-14 0 0 0.00155868 0 0 0 0 0 0 3.66366e+10 3.66366e+10 3.66366e+10 3.66366e+10 
0.195 1.14276 -2.15724 -0.0859549 -1.57131 -3.34276 1.02217e+06 9.39791e+15 9.17139e-07 6.45815e-06 1.5028e-19 9.7241e-09 153406 0 0 2.38962e-14 0 0 0.00155868 0 0 0 0 0 0 3.66293e+10 3.66293e+10 3.66293e+10 3.66293e+10 
0.1955 1.15044 -2.14956 -0.0779997 -1.56323 -3.35044 1.03318e+06 9.29528e+15 9.17366e-07 6.43232e-06 1.51935e-19 9.57945e-09 153648 0 0 2.41876e-14 0 0 0.00155868 0 0 0 0 0 0 3.64923e+10 3.64923e+10 3.64923e+10 3.64923e+10 
0.196 1.15812 -2.14188 -0.0700354 -1.55502 -3.35812 1.04419e+06 9.16075e+15 9.17591e-07 6.39785e-06 1.53591e-19 9.39022e-09 153886 0 0 2.44772e-14 0 0 0.00155868 0 0 0 0 0 0 3.61779e+10 3.61779e+10 3.61779e+10 3.61779e+10 
0.1965 1.16582 -2.13418 -0.062063 -1.5466 -3.36582 1.05516e+06 8.98261e+15 9.17813e-07 6.35141e-06 1.55241e-19 9.14078e-09 154121 0 0 2.47633e-14 0 0 0.00155868 0 0 0 0 0 0 3.56207e+10 3.56207e+10 3.56207e+10 3.56207e+10 
0.197 1.17354 -2.12646 -0.0540836 -1.53792 -3.37354 1.06606e+06 8.74455e+15 9.1803e-07 6.28825e-06 1.5688e-19 8.81003e-09 154350 0 0 2.50437e-14 0 0 0.00155868 0 0 0 0 0 0 3.47313e+10 3.47313e+10 3.47313e+10 3.47313e+10 
0.1975 1.18126 -2.11874 -0.0460989 -1.52885 -3.38126 1.07682e+06 8.42358e+15 9.18241e-07 6.2014e-06 1.585e-19 8.36945e-09 154572 0 0 2.53151e-14 0 0 0.00155868 0 0 0 0 0 0 3.3388e+10 3.3388e+10 3.3388e+10 3.3388e+10 
0.198 1.18899 -2.11101 -0.0381111 -1.5192 -3.38899 1.08736e+06 7.98676e+15 9.18364e-07 6.07983e-06 1.60073e-19 7.77987e-09 154681 0 0 2.54482e-14 0 0 0.00155868 0 0 0 0 0 0 3.14214e+10 3.14214e+10 3.14214e+10 3.14214e+10 
0.198 1.18899 -2.11101 -0.0381111 -1.5192 -3.38899 1.08736e+06 7.98676e+15 9.18508e-07 6.08078e-06 1.60098e-19 7.78109e-09 154868 0 0 2.5676e-14 0 0 0.00155867 0 0 0 0 0 0 3.14263e+10 3.14263e+10 3.14263e+10 3.14263e+10 
0.198409 1.19533 -2.10467 -0.0315711 -1.51065 -3.39533 1.09575e+06 7.51079e+15 9.18596e-07 5.94469e-06 1.61348e-19 7.15361e-09 154948 0 0 2.57713e-14 0 0 0.00155867 0 0 0 0 0 0 2.92028e+10 2.92028e+10 2.92028e+10 2.92028e+10 
0.198752 1.20064 -2.09936 -0.0261035 -1.50284 -3.40064 1.10254e+06 7.00199e+15 9.18721e-07 5.79517e-06 1.62369e-19 6.50127e-09 155076 0 0 2.59241e-14 0 0 0.00155866 0 0 0 0 0 0 2.6797e+10 2.6797e+10 2.6797e+10 2.6797e+10 
0.199038 1.20508 -2.09492 -0.0215335 -1.49561 -3.40508 1.10802e+06 6.47506e+15 9.18819e-07 5.63494e-06 1.63192e-19 5.84579e-09 155176 0 0 2.60408e-14 0 0 0.00155865 0 0 0 0 0 0 2.43094e+10 2.43094e+10 2.43094e+10 2.43094e+10 
0.199277 1.2088 -2.0912 -0.0177143 -1.48886 -3.4088 1.11242e+06 5.94373e+15 9.18895e-07 5.46716e-06 1.63854e-19 5.20632e-09 155253 0 0 2.61289e-14 0 0 0.00155862 0 0 0 0 0 0 2.183e+10 2.183e+10 2.183e+10 2.183e+10 
0.199478 1.21191 -2.08809 -0.0145228 -1.48249 -3.41191 1.11596e+06 5.41989e+15 9.18954e-07 5.2948e-06 1.64386e-19 4.5978e-09 155312 0 0 2.61947e-14 0 0 0.00155859 0 0 0 0 0 0 1.94307e+10 1.94307e+10 1.94307e+10 1.94307e+10 
0.199645 1.21451 -2.08549 -0.0118558 -1.47644 -3.41451 1.11881e+06 4.91314e+15 9.19e-07 5.12051e-06 1.64814e-19 4.03072e-09 155356 0 0 2.62436e-14 0 0 0.00155853 0 0 0 0 0 0 1.71637e+10 1.71637e+10 1.71637e+10 1.71637e+10 
0.199785 1.21668 -2.08332 -0.0096272 -1.47066 -3.41668 1.1211e+06 4.43073e+15 9.19034e-07 4.94653e-06 1.65158e-19 3.51145e-09 155390 0 0 2.62796e-14 0 0 0.00155845 0 0 0 0 0 0 1.50635e+10 1.50635e+10 1.50635e+10 1.50635e+10 
0.199902 1.2185 -2.0815 -0.00776485 -1.46509 -3.4185 1.12295e+06 3.97769e+15 9.19061e-07 4.77471e-06 1.65435e-19 3.04291e-09 155416 0 0 2.63059e-14 0 0 0.00155834 0 0 0 0 0 0 1.31488e+10 1.31488e+10 1.31488e+10 1.31488e+10 
0.2 1.22002 -2.07998 -0.00620847 -1.45971 -3.42002 1.12445e+06 3.55712e+15 9.19075e-07 4.60649e-06 1.65657e-19 2.6253e-09 155426 0 0 2.63162e-14 0 0 0.00155827 0 0 0 0 0 0 1.14264e+10 1.14264e+10 1.14264e+10 1.14264e+10 