# ASCII 1D datafile generated by TiberCAD
# x Ec Ev eQFermi hQFermi ElPotential eDensity hDensity eMobility hMobility eConductivity hConductivity ElField_x ElField_y ElField_z eCurrentDensity_x eCurrentDensity_y eCurrentDensity_z hCurrentDensity_x hCurrentDensity_y hCurrentDensity_z IonizedDonors IonizedAcceptors IonizedElectronTraps IonizedHoleTraps eNetRecombination eLangevinRecombination hNetRecombination hLangevinRecombination 
0 -4.75 -8.05 -6.22062 -7.54166 2.55 91.2694 7.02947e+16 8.6438e-07 1.59506e-05 9.27486e-23 1.79642e-07 93412 0 0 5.71733e-18 0 0 0.0183389 0 0 0 0 0 0 5.57746e+07 5.57746e+07 5.57746e+07 5.57746e+07 
9.79066e-05 -4.74909 -8.04909 -6.22001 -7.54066 2.54909 90.1812 7.01469e+16 8.64458e-07 1.59331e-05 9.25991e-23 1.79069e-07 93589.5 0 0 5.76153e-18 0 0 0.0183389 0 0 0 0 0 0 5.4937e+07 5.4937e+07 5.4937e+07 5.4937e+07 
0.000214985 -4.74799 -8.04799 -6.21928 -7.53946 2.54799 88.9277 6.99714e+16 8.64638e-07 1.5914e-05 9.2428e-23 1.78406e-07 94013.6 0 0 5.86635e-18 0 0 0.0183389 0 0 0 0 0 0 5.39769e+07 5.39769e+07 5.39769e+07 5.39769e+07 
0.000354988 -4.74667 -8.04667 -6.21838 -7.53801 2.54667 87.494 6.97632e+16 8.64853e-07 1.58913e-05 9.22324e-23 1.77622e-07 94519.3 0 0 5.9894e-18 0 0 0.0183389 0 0 0 0 0 0 5.28777e+07 5.28777e+07 5.28777e+07 5.28777e+07 
0.000522406 -4.74508 -8.04508 -6.21728 -7.53628 2.54508 85.8677 6.95166e+16 8.65113e-07 1.58645e-05 9.20106e-23 1.76695e-07 95122 0 0 6.1334e-18 0 0 0.0183389 0 0 0 0 0 0 5.16294e+07 5.16294e+07 5.16294e+07 5.16294e+07 
0.000722606 -4.74317 -8.04317 -6.21592 -7.5342 2.54317 84.0411 6.9225e+16 8.65424e-07 1.58328e-05 9.17616e-23 1.75602e-07 95840.1 0 0 6.30137e-18 0 0 0.0183389 0 0 0 0 0 0 5.02247e+07 5.02247e+07 5.02247e+07 5.02247e+07 
0.000962009 -4.74086 -8.04086 -6.21425 -7.53169 2.54086 82.0134 6.8881e+16 8.65799e-07 1.57954e-05 9.14854e-23 1.74317e-07 96694.7 0 0 6.49657e-18 0 0 0.0183389 0 0 0 0 0 0 4.86612e+07 4.86612e+07 4.86612e+07 4.86612e+07 
0.00124829 -4.73808 -8.03808 -6.21218 -7.52866 2.53808 79.7934 6.84761e+16 8.66251e-07 1.57514e-05 9.11832e-23 1.7281e-07 97711.2 0 0 6.7225e-18 0 0 0.0183389 0 0 0 0 0 0 4.69429e+07 4.69429e+07 4.69429e+07 4.69429e+07 
0.00159063 -4.73472 -8.03472 -6.2096 -7.52501 2.53472 77.4029 6.8001e+16 8.66796e-07 1.57e-05 9.08582e-23 1.7105e-07 98919 0 0 6.98294e-18 0 0 0.0183389 0 0 0 0 0 0 4.5082e+07 4.5082e+07 4.5082e+07 4.5082e+07 
0.002 -4.73064 -8.03064 -6.20638 -7.5206 2.53064 74.8802 6.74454e+16 8.67084e-07 1.56332e-05 9.05113e-23 1.68931e-07 99638.6 0 0 7.13563e-18 0 0 0.0183389 0 0 0 0 0 0 4.30828e+07 4.30828e+07 4.30828e+07 4.30828e+07 
0.002 -4.73064 -8.03064 -6.20638 -7.5206 2.53064 74.8802 6.74454e+16 8.67834e-07 1.56467e-05 9.05203e-23 1.69077e-07 101224 0 0 7.46052e-18 0 0 0.0183389 0 0 0 0 0 0 4.31201e+07 4.31201e+07 4.31201e+07 4.31201e+07 
0.0025 -4.72558 -8.02558 -6.20225 -7.51513 2.52558 72.2328 6.67847e+16 8.68228e-07 1.55679e-05 9.01568e-23 1.66578e-07 102087 0 0 7.63081e-18 0 0 0.0183389 0 0 0 0 0 0 4.09924e+07 4.09924e+07 4.09924e+07 4.09924e+07 
0.003 -4.72043 -8.02043 -6.19792 -7.50959 2.52043 69.9972 6.61426e+16 8.69043e-07 1.54986e-05 8.9855e-23 1.64242e-07 103805 0 0 7.96423e-18 0 0 0.0183389 0 0 0 0 0 0 3.9178e+07 3.9178e+07 3.9178e+07 3.9178e+07 
0.0035 -4.71519 -8.01519 -6.19339 -7.50397 2.51519 68.119 6.55182e+16 8.69867e-07 1.54315e-05 8.96024e-23 1.61987e-07 105507 0 0 8.28436e-18 0 0 0.0183389 0 0 0 0 0 0 3.76138e+07 3.76138e+07 3.76138e+07 3.76138e+07 
0.004 -4.70988 -8.00988 -6.18867 -7.49827 2.50988 66.5539 6.49107e+16 8.70699e-07 1.53663e-05 8.93932e-23 1.59807e-07 107193 0 0 8.5931e-18 0 0 0.0183389 0 0 0 0 0 0 3.62651e+07 3.62651e+07 3.62651e+07 3.62651e+07 
0.0045 -4.70448 -8.00448 -6.18378 -7.49249 2.50448 65.2664 6.43194e+16 8.7154e-07 1.53031e-05 8.92224e-23 1.577e-07 108863 0 0 8.89209e-18 0 0 0.0183389 0 0 0 0 0 0 3.51042e+07 3.51042e+07 3.51042e+07 3.51042e+07 
0.005 -4.69899 -7.99899 -6.17871 -7.48664 2.49899 64.2279 6.37436e+16 8.7239e-07 1.52416e-05 8.90861e-23 1.5566e-07 110518 0 0 9.18278e-18 0 0 0.0183389 0 0 0 0 0 0 3.41081e+07 3.41081e+07 3.41081e+07 3.41081e+07 
0.0055 -4.69342 -7.99342 -6.17347 -7.48071 2.49342 63.4152 6.31825e+16 8.73247e-07 1.5182e-05 8.89812e-23 1.53686e-07 112159 0 0 9.46645e-18 0 0 0.0183389 0 0 0 0 0 0 3.32583e+07 3.32583e+07 3.32583e+07 3.32583e+07 
0.006 -4.68777 -7.98777 -6.16807 -7.47471 2.48777 62.8098 6.26356e+16 8.74111e-07 1.5124e-05 8.89052e-23 1.51774e-07 113785 0 0 9.74423e-18 0 0 0.0183389 0 0 0 0 0 0 3.25395e+07 3.25395e+07 3.25395e+07 3.25395e+07 
0.0065 -4.68204 -7.98204 -6.16251 -7.46863 2.48204 62.397 6.21024e+16 8.74983e-07 1.50676e-05 8.88561e-23 1.49921e-07 115397 0 0 1.00172e-17 0 0 0.0183389 0 0 0 0 0 0 3.19392e+07 3.19392e+07 3.19392e+07 3.19392e+07 
0.007 -4.67623 -7.97623 -6.1568 -7.46247 2.47623 62.1652 6.15821e+16 8.75862e-07 1.50128e-05 8.88324e-23 1.48124e-07 116996 0 0 1.02862e-17 0 0 0.0183389 0 0 0 0 0 0 3.14472e+07 3.14472e+07 3.14472e+07 3.14472e+07 
0.0075 -4.67035 -7.97035 -6.15093 -7.45625 2.47035 62.1059 6.10743e+16 8.76748e-07 1.49594e-05 8.88329e-23 1.46381e-07 118581 0 0 1.05522e-17 0 0 0.0183389 0 0 0 0 0 0 3.10553e+07 3.10553e+07 3.10553e+07 3.10553e+07 
0.008 -4.66438 -7.96438 -6.14492 -7.44995 2.46438 62.2127 6.05786e+16 8.77641e-07 1.49075e-05 8.88568e-23 1.44689e-07 120154 0 0 1.0816e-17 0 0 0.0183389 0 0 0 0 0 0 3.07568e+07 3.07568e+07 3.07568e+07 3.07568e+07 
0.0085 -4.65833 -7.95833 -6.13876 -7.44357 2.45833 62.4817 6.00943e+16 8.7854e-07 1.4857e-05 8.89036e-23 1.43046e-07 121713 0 0 1.10783e-17 0 0 0.0183389 0 0 0 0 0 0 3.05465e+07 3.05465e+07 3.05465e+07 3.05465e+07 
0.009 -4.65221 -7.95221 -6.13246 -7.43713 2.45221 62.9108 5.96212e+16 8.79446e-07 1.48078e-05 8.89731e-23 1.4145e-07 123261 0 0 1.134e-17 0 0 0.0183389 0 0 0 0 0 0 3.04205e+07 3.04205e+07 3.04205e+07 3.04205e+07 
0.0095 -4.646 -7.946 -6.12601 -7.43061 2.446 63.4998 5.91587e+16 8.80359e-07 1.47599e-05 8.90654e-23 1.39898e-07 124796 0 0 1.16016e-17 0 0 0.0183389 0 0 0 0 0 0 3.03759e+07 3.03759e+07 3.03759e+07 3.03759e+07 
0.01 -4.63973 -7.93973 -6.11943 -7.42402 2.43973 64.2503 5.87065e+16 8.81277e-07 1.47132e-05 8.91807e-23 1.3839e-07 126319 0 0 1.1864e-17 0 0 0.0183389 0 0 0 0 0 0 3.04107e+07 3.04107e+07 3.04107e+07 3.04107e+07 
0.0105 -4.63337 -7.93337 -6.11271 -7.41736 2.43337 65.1657 5.82642e+16 8.82202e-07 1.46677e-05 8.93196e-23 1.36922e-07 127831 0 0 1.21277e-17 0 0 0.0183389 0 0 0 0 0 0 3.0524e+07 3.0524e+07 3.0524e+07 3.0524e+07 
0.011 -4.62694 -7.92694 -6.10586 -7.41063 2.42694 66.2508 5.78314e+16 8.83134e-07 1.46233e-05 8.94829e-23 1.35494e-07 129332 0 0 1.23936e-17 0 0 0.0183389 0 0 0 0 0 0 3.07158e+07 3.07158e+07 3.07158e+07 3.07158e+07 
0.0115 -4.62044 -7.92044 -6.09886 -7.40382 2.42044 67.5125 5.74077e+16 8.84071e-07 1.45801e-05 8.96715e-23 1.34104e-07 130821 0 0 1.26622e-17 0 0 0.0183389 0 0 0 0 0 0 3.09866e+07 3.09866e+07 3.09866e+07 3.09866e+07 
0.012 -4.61386 -7.91386 -6.09174 -7.39695 2.41386 68.9593 5.6993e+16 8.85014e-07 1.45379e-05 8.98869e-23 1.3275e-07 132300 0 0 1.29343e-17 0 0 0.0183389 0 0 0 0 0 0 3.13382e+07 3.13382e+07 3.13382e+07 3.13382e+07 
0.0125 -4.60721 -7.90721 -6.08447 -7.39001 2.40721 70.6015 5.65867e+16 8.85963e-07 1.44967e-05 9.01305e-23 1.3143e-07 133768 0 0 1.32105e-17 0 0 0.0183389 0 0 0 0 0 0 3.17727e+07 3.17727e+07 3.17727e+07 3.17727e+07 
0.013 -4.60048 -7.90048 -6.07708 -7.383 2.40048 72.4515 5.61887e+16 8.86919e-07 1.44566e-05 9.04042e-23 1.30144e-07 135226 0 0 1.34918e-17 0 0 0.0183389 0 0 0 0 0 0 3.22935e+07 3.22935e+07 3.22935e+07 3.22935e+07 
0.0135 -4.59369 -7.89369 -6.06955 -7.37592 2.39369 74.5239 5.57987e+16 8.8788e-07 1.44174e-05 9.07101e-23 1.28891e-07 136673 0 0 1.37787e-17 0 0 0.0183389 0 0 0 0 0 0 3.29044e+07 3.29044e+07 3.29044e+07 3.29044e+07 
0.014 -4.58682 -7.88682 -6.06189 -7.36877 2.38682 76.8353 5.54163e+16 8.88846e-07 1.43791e-05 9.10509e-23 1.27668e-07 138111 0 0 1.40722e-17 0 0 0.0183389 0 0 0 0 0 0 3.36104e+07 3.36104e+07 3.36104e+07 3.36104e+07 
0.0145 -4.57988 -7.87988 -6.0541 -7.36156 2.37988 79.405 5.50414e+16 8.89819e-07 1.43418e-05 9.14292e-23 1.26474e-07 139538 0 0 1.43731e-17 0 0 0.0183389 0 0 0 0 0 0 3.44173e+07 3.44173e+07 3.44173e+07 3.44173e+07 
0.015 -4.57286 -7.87286 -6.04617 -7.35427 2.37286 82.255 5.46737e+16 8.90797e-07 1.43053e-05 9.18484e-23 1.2531e-07 140956 0 0 1.46822e-17 0 0 0.0183389 0 0 0 0 0 0 3.53318e+07 3.53318e+07 3.53318e+07 3.53318e+07 
0.0155 -4.56578 -7.86578 -6.03812 -7.34692 2.36578 85.4102 5.4313e+16 8.91782e-07 1.42696e-05 9.23122e-23 1.24173e-07 142365 0 0 1.50006e-17 0 0 0.0183389 0 0 0 0 0 0 3.63619e+07 3.63619e+07 3.63619e+07 3.63619e+07 
0.016 -4.55863 -7.85863 -6.02993 -7.3395 2.35863 88.8987 5.3959e+16 8.92771e-07 1.42348e-05 9.28247e-23 1.23063e-07 143764 0 0 1.53293e-17 0 0 0.0183389 0 0 0 0 0 0 3.75165e+07 3.75165e+07 3.75165e+07 3.75165e+07 
0.0165 -4.5514 -7.8514 -6.0216 -7.33202 2.3514 92.7525 5.36115e+16 8.93767e-07 1.42008e-05 9.33907e-23 1.21978e-07 145155 0 0 1.56694e-17 0 0 0.0183389 0 0 0 0 0 0 3.88059e+07 3.88059e+07 3.88059e+07 3.88059e+07 
0.017 -4.54411 -7.84411 -6.01315 -7.32447 2.34411 97.007 5.32703e+16 8.94769e-07 1.41675e-05 9.40155e-23 1.20918e-07 146536 0 0 1.6022e-17 0 0 0.0183389 0 0 0 0 0 0 4.02414e+07 4.02414e+07 4.02414e+07 4.02414e+07 
0.0175 -4.53675 -7.83675 -6.00457 -7.31685 2.33675 101.702 5.29353e+16 8.95776e-07 1.4135e-05 9.4705e-23 1.19882e-07 147909 0 0 1.63884e-17 0 0 0.0183389 0 0 0 0 0 0 4.18361e+07 4.18361e+07 4.18361e+07 4.18361e+07 
0.018 -4.52932 -7.82932 -5.99585 -7.30917 2.32932 106.883 5.26061e+16 8.96788e-07 1.41032e-05 9.54658e-23 1.18868e-07 149273 0 0 1.67699e-17 0 0 0.0183389 0 0 0 0 0 0 4.36043e+07 4.36043e+07 4.36043e+07 4.36043e+07 
0.0185 -4.52182 -7.82182 -5.987 -7.30143 2.32182 112.598 5.22828e+16 8.97807e-07 1.40722e-05 9.63054e-23 1.17877e-07 150629 0 0 1.71681e-17 0 0 0.0183389 0 0 0 0 0 0 4.5562e+07 4.5562e+07 4.5562e+07 4.5562e+07 
0.019 -4.51426 -7.81426 -5.97803 -7.29362 2.31426 118.902 5.1965e+16 8.98831e-07 1.40418e-05 9.72318e-23 1.16908e-07 151976 0 0 1.75844e-17 0 0 0.0183389 0 0 0 0 0 0 4.77268e+07 4.77268e+07 4.77268e+07 4.77268e+07 
0.0195 -4.50662 -7.80662 -5.96892 -7.28574 2.30662 125.857 5.16527e+16 8.99861e-07 1.4012e-05 9.82541e-23 1.15959e-07 153315 0 0 1.80207e-17 0 0 0.0183389 0 0 0 0 0 0 5.01183e+07 5.01183e+07 5.01183e+07 5.01183e+07 
0.02 -4.49893 -7.79893 -5.95969 -7.2778 2.29893 133.528 5.13456e+16 9.00897e-07 1.3983e-05 9.93822e-23 1.1503e-07 154647 0 0 1.84787e-17 0 0 0.0183389 0 0 0 0 0 0 5.27576e+07 5.27576e+07 5.27576e+07 5.27576e+07 
0.0205 -4.49116 -7.79116 -5.95034 -7.2698 2.29116 141.989 5.10436e+16 9.01939e-07 1.39545e-05 1.00627e-22 1.14121e-07 155970 0 0 1.89605e-17 0 0 0.0183389 0 0 0 0 0 0 5.56679e+07 5.56679e+07 5.56679e+07 5.56679e+07 
0.021 -4.48333 -7.78333 -5.94086 -7.26173 2.28333 151.319 5.07466e+16 9.02986e-07 1.39267e-05 1.02001e-22 1.13231e-07 157286 0 0 1.94683e-17 0 0 0.0183389 0 0 0 0 0 0 5.88741e+07 5.88741e+07 5.88741e+07 5.88741e+07 
0.0215 -4.47543 -7.77543 -5.93126 -7.2536 2.27543 161.604 5.04544e+16 9.04039e-07 1.38994e-05 1.03516e-22 1.12358e-07 158594 0 0 2.00045e-17 0 0 0.0183389 0 0 0 0 0 0 6.24031e+07 6.24031e+07 6.24031e+07 6.24031e+07 
0.022 -4.46747 -7.76747 -5.92154 -7.24541 2.26747 172.936 5.01669e+16 9.05097e-07 1.38727e-05 1.05187e-22 1.11504e-07 159894 0 0 2.05717e-17 0 0 0.0183389 0 0 0 0 0 0 6.62836e+07 6.62836e+07 6.62836e+07 6.62836e+07 
0.0225 -4.45944 -7.75944 -5.91171 -7.23716 2.25944 185.415 4.9884e+16 9.06161e-07 1.38466e-05 1.07028e-22 1.10666e-07 161187 0 0 2.11728e-17 0 0 0.0183389 0 0 0 0 0 0 7.0546e+07 7.0546e+07 7.0546e+07 7.0546e+07 
0.023 -4.45135 -7.75135 -5.90177 -7.22884 2.25135 199.146 4.96055e+16 9.07231e-07 1.3821e-05 1.09056e-22 1.09845e-07 162473 0 0 2.18109e-17 0 0 0.0183389 0 0 0 0 0 0 7.52224e+07 7.52224e+07 7.52224e+07 7.52224e+07 
0.0235 -4.44319 -7.74319 -5.89172 -7.22046 2.24319 214.242 4.93313e+16 9.08306e-07 1.3796e-05 1.11287e-22 1.0904e-07 163752 0 0 2.24893e-17 0 0 0.0183389 0 0 0 0 0 0 8.03463e+07 8.03463e+07 8.03463e+07 8.03463e+07 
0.024 -4.43497 -7.73497 -5.88157 -7.21202 2.23497 230.82 4.90613e+16 9.09386e-07 1.37715e-05 1.13739e-22 1.08251e-07 165024 0 0 2.32119e-17 0 0 0.0183389 0 0 0 0 0 0 8.59525e+07 8.59525e+07 8.59525e+07 8.59525e+07 
0.0245 -4.42669 -7.72669 -5.87132 -7.20352 2.22669 249.004 4.87954e+16 9.10471e-07 1.37475e-05 1.16432e-22 1.07476e-07 166289 0 0 2.39825e-17 0 0 0.0183389 0 0 0 0 0 0 9.20772e+07 9.20772e+07 9.20772e+07 9.20772e+07 
0.025 -4.41835 -7.71835 -5.86098 -7.19496 2.21835 268.921 4.85335e+16 9.11562e-07 1.3724e-05 1.19384e-22 1.06716e-07 167547 0 0 2.48056e-17 0 0 0.0183389 0 0 0 0 0 0 9.87572e+07 9.87572e+07 9.87572e+07 9.87572e+07 
0.0255 -4.40994 -7.70994 -5.85056 -7.18634 2.20994 290.706 4.82755e+16 9.12657e-07 1.37009e-05 1.22617e-22 1.05971e-07 168798 0 0 2.56858e-17 0 0 0.0183389 0 0 0 0 0 0 1.0603e+08 1.0603e+08 1.0603e+08 1.0603e+08 
0.026 -4.40147 -7.70147 -5.84005 -7.17765 2.20147 314.495 4.80212e+16 9.13758e-07 1.36784e-05 1.26151e-22 1.05239e-07 170043 0 0 2.66281e-17 0 0 0.0183389 0 0 0 0 0 0 1.13935e+08 1.13935e+08 1.13935e+08 1.13935e+08 
0.0265 -4.39293 -7.69293 -5.82946 -7.16891 2.19293 340.43 4.77707e+16 9.14863e-07 1.36562e-05 1.30008e-22 1.04521e-07 171281 0 0 2.76379e-17 0 0 0.0183389 0 0 0 0 0 0 1.22511e+08 1.22511e+08 1.22511e+08 1.22511e+08 
0.027 -4.38434 -7.68434 -5.81881 -7.16011 2.18434 368.658 4.75237e+16 9.15972e-07 1.36346e-05 1.34211e-22 1.03816e-07 172512 0 0 2.87208e-17 0 0 0.0183389 0 0 0 0 0 0 1.31797e+08 1.31797e+08 1.31797e+08 1.31797e+08 
0.0275 -4.37568 -7.67568 -5.80808 -7.15125 2.17568 399.326 4.72803e+16 9.17086e-07 1.36133e-05 1.38783e-22 1.03123e-07 173738 0 0 2.98828e-17 0 0 0.0183389 0 0 0 0 0 0 1.41834e+08 1.41834e+08 1.41834e+08 1.41834e+08 
0.028 -4.36696 -7.66696 -5.79729 -7.14233 2.16696 432.59 4.70402e+16 9.18205e-07 1.35925e-05 1.43748e-22 1.02443e-07 174957 0 0 3.11304e-17 0 0 0.0183389 0 0 0 0 0 0 1.52661e+08 1.52661e+08 1.52661e+08 1.52661e+08 
0.0285 -4.35819 -7.65819 -5.78644 -7.13334 2.15819 468.608 4.68035e+16 9.19327e-07 1.35721e-05 1.49131e-22 1.01774e-07 176170 0 0 3.247e-17 0 0 0.0183389 0 0 0 0 0 0 1.64321e+08 1.64321e+08 1.64321e+08 1.64321e+08 
0.029 -4.34935 -7.64935 -5.77553 -7.12431 2.14935 507.541 4.65701e+16 9.20454e-07 1.35522e-05 1.54957e-22 1.01117e-07 177377 0 0 3.39087e-17 0 0 0.0183389 0 0 0 0 0 0 1.76855e+08 1.76855e+08 1.76855e+08 1.76855e+08 
0.0295 -4.34045 -7.64045 -5.76458 -7.11521 2.14045 549.558 4.63398e+16 9.21585e-07 1.35326e-05 1.61253e-22 1.00472e-07 178578 0 0 3.54538e-17 0 0 0.0183389 0 0 0 0 0 0 1.90306e+08 1.90306e+08 1.90306e+08 1.90306e+08 
0.03 -4.33149 -7.63149 -5.75357 -7.10605 2.13149 594.832 4.61126e+16 9.22719e-07 1.35134e-05 1.68046e-22 9.98374e-08 179772 0 0 3.71128e-17 0 0 0.0183389 0 0 0 0 0 0 2.04718e+08 2.04718e+08 2.04718e+08 2.04718e+08 
0.0305 -4.32247 -7.62247 -5.74251 -7.09684 2.12247 643.543 4.58885e+16 9.23857e-07 1.34945e-05 1.75365e-22 9.92137e-08 180962 0 0 3.88937e-17 0 0 0.0183389 0 0 0 0 0 0 2.20136e+08 2.20136e+08 2.20136e+08 2.20136e+08 
0.031 -4.31339 -7.61339 -5.73141 -7.08757 2.11339 695.877 4.56673e+16 9.24999e-07 1.34761e-05 1.83239e-22 9.86005e-08 182145 0 0 4.08048e-17 0 0 0.0183389 0 0 0 0 0 0 2.36606e+08 2.36606e+08 2.36606e+08 2.36606e+08 
0.0315 -4.30426 -7.60426 -5.72026 -7.07824 2.10426 752.027 4.5449e+16 9.26144e-07 1.3458e-05 1.91698e-22 9.79974e-08 183323 0 0 4.28547e-17 0 0 0.0183389 0 0 0 0 0 0 2.54176e+08 2.54176e+08 2.54176e+08 2.54176e+08 
0.032 -4.29506 -7.59506 -5.70907 -7.06886 2.09506 812.197 4.52336e+16 9.27293e-07 1.34402e-05 2.00776e-22 9.74042e-08 184495 0 0 4.50524e-17 0 0 0.0183389 0 0 0 0 0 0 2.72896e+08 2.72896e+08 2.72896e+08 2.72896e+08 
0.0325 -4.28581 -7.58581 -5.69784 -7.05941 2.08581 876.594 4.50209e+16 9.28445e-07 1.34228e-05 2.10505e-22 9.68206e-08 185661 0 0 4.74073e-17 0 0 0.0183389 0 0 0 0 0 0 2.92817e+08 2.92817e+08 2.92817e+08 2.92817e+08 
0.033 -4.2765 -7.5765 -5.68657 -7.04992 2.0765 945.44 4.48109e+16 9.296e-07 1.34058e-05 2.20921e-22 9.62465e-08 186822 0 0 4.99292e-17 0 0 0.0183389 0 0 0 0 0 0 3.13992e+08 3.13992e+08 3.13992e+08 3.13992e+08 
0.0335 -4.26713 -7.56713 -5.67526 -7.04036 2.06713 1018.96 4.46035e+16 9.30759e-07 1.3389e-05 2.3206e-22 9.56815e-08 187978 0 0 5.26283e-17 0 0 0.0183389 0 0 0 0 0 0 3.36478e+08 3.36478e+08 3.36478e+08 3.36478e+08 
0.034 -4.2577 -7.5577 -5.66391 -7.03075 2.0577 1097.4 4.43987e+16 9.3192e-07 1.33726e-05 2.43961e-22 9.51255e-08 189128 0 0 5.55153e-17 0 0 0.0183389 0 0 0 0 0 0 3.60331e+08 3.60331e+08 3.60331e+08 3.60331e+08 
0.0345 -4.24821 -7.54821 -5.65252 -7.02108 2.04821 1181 4.41965e+16 9.33085e-07 1.33565e-05 2.56664e-22 9.45782e-08 190274 0 0 5.86014e-17 0 0 0.0183389 0 0 0 0 0 0 3.85611e+08 3.85611e+08 3.85611e+08 3.85611e+08 
0.035 -4.23867 -7.53867 -5.64109 -7.01136 2.03867 1270.02 4.39967e+16 9.34253e-07 1.33407e-05 2.7021e-22 9.40394e-08 191413 0 0 6.18981e-17 0 0 0.0183389 0 0 0 0 0 0 4.12381e+08 4.12381e+08 4.12381e+08 4.12381e+08 
0.0355 -4.22907 -7.52907 -5.62963 -7.00158 2.02907 1364.73 4.37993e+16 9.35424e-07 1.33252e-05 2.84642e-22 9.35089e-08 192548 0 0 6.54176e-17 0 0 0.0183389 0 0 0 0 0 0 4.40703e+08 4.40703e+08 4.40703e+08 4.40703e+08 
0.036 -4.21942 -7.51942 -5.61813 -6.99175 2.01942 1465.41 4.36044e+16 9.36598e-07 1.33101e-05 3.00007e-22 9.29866e-08 193678 0 0 6.91726e-17 0 0 0.0183389 0 0 0 0 0 0 4.70646e+08 4.70646e+08 4.70646e+08 4.70646e+08 
0.0365 -4.2097 -7.5097 -5.60659 -6.98186 2.0097 1572.35 4.34117e+16 9.37775e-07 1.32952e-05 3.16352e-22 9.24721e-08 194803 0 0 7.31762e-17 0 0 0.0183389 0 0 0 0 0 0 5.02278e+08 5.02278e+08 5.02278e+08 5.02278e+08 
0.037 -4.19993 -7.49993 -5.59502 -6.97192 1.99993 1685.86 4.32213e+16 9.38955e-07 1.32806e-05 3.33725e-22 9.19653e-08 195922 0 0 7.74421e-17 0 0 0.0183389 0 0 0 0 0 0 5.3567e+08 5.3567e+08 5.3567e+08 5.3567e+08 
0.0375 -4.19011 -7.49011 -5.58341 -6.96192 1.99011 1806.24 4.30331e+16 9.40138e-07 1.32662e-05 3.52178e-22 9.14661e-08 197037 0 0 8.19848e-17 0 0 0.0183389 0 0 0 0 0 0 5.70894e+08 5.70894e+08 5.70894e+08 5.70894e+08 
0.038 -4.18023 -7.48023 -5.57176 -6.95187 1.98023 1933.83 4.28471e+16 9.41324e-07 1.32522e-05 3.71763e-22 9.09743e-08 198147 0 0 8.68191e-17 0 0 0.0183389 0 0 0 0 0 0 6.08028e+08 6.08028e+08 6.08028e+08 6.08028e+08 
0.0385 -4.1703 -7.4703 -5.56007 -6.94176 1.9703 2068.96 4.26633e+16 9.42513e-07 1.32384e-05 3.92537e-22 9.04897e-08 199252 0 0 9.19605e-17 0 0 0.0183389 0 0 0 0 0 0 6.47148e+08 6.47148e+08 6.47148e+08 6.47148e+08 
0.039 -4.16031 -7.46031 -5.54835 -6.9316 1.96031 2211.98 4.24815e+16 9.43704e-07 1.32248e-05 4.14556e-22 9.00121e-08 200353 0 0 9.74253e-17 0 0 0.0183389 0 0 0 0 0 0 6.88335e+08 6.88335e+08 6.88335e+08 6.88335e+08 
0.0395 -4.15026 -7.45026 -5.53659 -6.92139 1.95026 2363.25 4.23018e+16 9.44898e-07 1.32116e-05 4.37879e-22 8.95413e-08 201449 0 0 1.0323e-16 0 0 0.0183389 0 0 0 0 0 0 7.31671e+08 7.31671e+08 7.31671e+08 7.31671e+08 
0.04 -4.14016 -7.44016 -5.5248 -6.91112 1.94016 2523.13 4.2124e+16 9.46096e-07 1.31986e-05 4.62568e-22 8.90773e-08 202540 0 0 1.09393e-16 0 0 0.0183389 0 0 0 0 0 0 7.77242e+08 7.77242e+08 7.77242e+08 7.77242e+08 
0.0405 -4.13001 -7.43001 -5.51296 -6.9008 1.93001 2692.02 4.19483e+16 9.47295e-07 1.31858e-05 4.88687e-22 8.86199e-08 203627 0 0 1.15931e-16 0 0 0.0183389 0 0 0 0 0 0 8.25133e+08 8.25133e+08 8.25133e+08 8.25133e+08 
0.041 -4.1198 -7.4198 -5.50109 -6.89043 1.9198 2870.32 4.17745e+16 9.48498e-07 1.31733e-05 5.163e-22 8.81688e-08 204709 0 0 1.22864e-16 0 0 0.0183389 0 0 0 0 0 0 8.75435e+08 8.75435e+08 8.75435e+08 8.75435e+08 
0.0415 -4.10954 -7.40954 -5.48918 -6.88 1.90954 3058.42 4.16026e+16 9.49703e-07 1.3161e-05 5.45476e-22 8.77241e-08 205786 0 0 1.30212e-16 0 0 0.0183389 0 0 0 0 0 0 9.28239e+08 9.28239e+08 9.28239e+08 9.28239e+08 
0.042 -4.09922 -7.39922 -5.47724 -6.86952 1.89922 3256.76 4.14325e+16 9.50911e-07 1.31489e-05 5.76285e-22 8.72855e-08 206860 0 0 1.37994e-16 0 0 0.0183389 0 0 0 0 0 0 9.83638e+08 9.83638e+08 9.83638e+08 9.83638e+08 
0.0425 -4.08885 -7.38885 -5.46526 -6.85899 1.88885 3465.77 4.12643e+16 9.52122e-07 1.31371e-05 6.088e-22 8.68529e-08 207928 0 0 1.46232e-16 0 0 0.0183389 0 0 0 0 0 0 1.04173e+09 1.04173e+09 1.04173e+09 1.04173e+09 
0.043 -4.07843 -7.37843 -5.45324 -6.84841 1.87843 3685.89 4.10979e+16 9.53335e-07 1.31255e-05 6.43095e-22 8.64262e-08 208993 0 0 1.54947e-16 0 0 0.0183389 0 0 0 0 0 0 1.10261e+09 1.10261e+09 1.10261e+09 1.10261e+09 
0.0435 -4.06795 -7.36795 -5.44118 -6.83777 1.86795 3917.58 4.09332e+16 9.54551e-07 1.31141e-05 6.79248e-22 8.60053e-08 210053 0 0 1.64163e-16 0 0 0.0183389 0 0 0 0 0 0 1.16638e+09 1.16638e+09 1.16638e+09 1.16638e+09 
0.044 -4.05742 -7.35742 -5.42909 -6.82708 1.85742 4161.33 4.07702e+16 9.55769e-07 1.3103e-05 7.17337e-22 8.559e-08 211109 0 0 1.73903e-16 0 0 0.0183389 0 0 0 0 0 0 1.23315e+09 1.23315e+09 1.23315e+09 1.23315e+09 
0.0445 -4.04684 -7.34684 -5.41696 -6.81635 1.84684 4417.61 4.06089e+16 9.5699e-07 1.3092e-05 7.57446e-22 8.51802e-08 212161 0 0 1.8419e-16 0 0 0.0183389 0 0 0 0 0 0 1.30301e+09 1.30301e+09 1.30301e+09 1.30301e+09 
0.045 -4.03621 -7.33621 -5.40479 -6.80556 1.83621 4686.92 4.04493e+16 9.58214e-07 1.30813e-05 7.99658e-22 8.47758e-08 213209 0 0 1.95051e-16 0 0 0.0183389 0 0 0 0 0 0 1.37608e+09 1.37608e+09 1.37608e+09 1.37608e+09 
0.0455 -4.02552 -7.32552 -5.39258 -6.79471 1.82552 4969.79 4.02913e+16 9.5944e-07 1.30708e-05 8.44061e-22 8.43767e-08 214252 0 0 2.06511e-16 0 0 0.0183389 0 0 0 0 0 0 1.45247e+09 1.45247e+09 1.45247e+09 1.45247e+09 
0.046 -4.01478 -7.31478 -5.38034 -6.78382 1.81478 5266.74 4.0135e+16 9.60668e-07 1.30604e-05 8.90744e-22 8.39828e-08 215292 0 0 2.18598e-16 0 0 0.0183389 0 0 0 0 0 0 1.53229e+09 1.53229e+09 1.53229e+09 1.53229e+09 
0.0465 -4.00399 -7.30399 -5.36806 -6.77288 1.80399 5578.31 3.99801e+16 9.61899e-07 1.30503e-05 9.398e-22 8.3594e-08 216327 0 0 2.31338e-16 0 0 0.0183389 0 0 0 0 0 0 1.61565e+09 1.61565e+09 1.61565e+09 1.61565e+09 
0.047 -3.99315 -7.29315 -5.35574 -6.76188 1.79315 5905.06 3.98269e+16 9.63133e-07 1.30404e-05 9.91323e-22 8.32101e-08 217359 0 0 2.44761e-16 0 0 0.0183389 0 0 0 0 0 0 1.70267e+09 1.70267e+09 1.70267e+09 1.70267e+09 
0.0475 -3.98225 -7.28225 -5.34338 -6.75084 1.78225 6247.55 3.96751e+16 9.64369e-07 1.30306e-05 1.04541e-21 8.28311e-08 218386 0 0 2.58897e-16 0 0 0.0183389 0 0 0 0 0 0 1.79347e+09 1.79347e+09 1.79347e+09 1.79347e+09 
0.048 -3.97131 -7.27131 -5.33099 -6.73974 1.77131 6606.38 3.95249e+16 9.65607e-07 1.30211e-05 1.10216e-21 8.24569e-08 219410 0 0 2.73776e-16 0 0 0.0183389 0 0 0 0 0 0 1.88817e+09 1.88817e+09 1.88817e+09 1.88817e+09 
0.0485 -3.96031 -7.26031 -5.31856 -6.7286 1.76031 6982.14 3.93761e+16 9.66848e-07 1.30117e-05 1.16169e-21 8.20874e-08 220430 0 0 2.89429e-16 0 0 0.0183389 0 0 0 0 0 0 1.9869e+09 1.9869e+09 1.9869e+09 1.9869e+09 
0.049 -3.94927 -7.24927 -5.30609 -6.7174 1.74927 7375.45 3.92288e+16 9.68092e-07 1.30025e-05 1.22408e-21 8.17225e-08 221446 0 0 3.0589e-16 0 0 0.0183389 0 0 0 0 0 0 2.08978e+09 2.08978e+09 2.08978e+09 2.08978e+09 
0.0495 -3.93817 -7.23817 -5.29359 -6.70616 1.73817 7786.93 3.90828e+16 9.69337e-07 1.29935e-05 1.28946e-21 8.13621e-08 222458 0 0 3.23192e-16 0 0 0.0183389 0 0 0 0 0 0 2.19694e+09 2.19694e+09 2.19694e+09 2.19694e+09 
0.05 -3.92702 -7.22702 -5.28104 -6.69486 1.72702 8217.23 3.89383e+16 9.70585e-07 1.29847e-05 1.35793e-21 8.10061e-08 223467 0 0 3.4137e-16 0 0 0.0183389 0 0 0 0 0 0 2.30852e+09 2.30852e+09 2.30852e+09 2.30852e+09 
0.0505 -3.91582 -7.21582 -5.26846 -6.68352 1.71582 8667.02 3.87951e+16 9.71836e-07 1.2976e-05 1.42961e-21 8.06544e-08 224471 0 0 3.6046e-16 0 0 0.0183389 0 0 0 0 0 0 2.42464e+09 2.42464e+09 2.42464e+09 2.42464e+09 
0.051 -3.90457 -7.20457 -5.25584 -6.67213 1.70457 9136.95 3.86533e+16 9.73089e-07 1.29675e-05 1.50461e-21 8.0307e-08 225472 0 0 3.80497e-16 0 0 0.0183389 0 0 0 0 0 0 2.54544e+09 2.54544e+09 2.54544e+09 2.54544e+09 
0.0515 -3.89327 -7.19327 -5.24319 -6.66068 1.69327 9627.73 3.85128e+16 9.74344e-07 1.29592e-05 1.58307e-21 7.99637e-08 226470 0 0 4.01521e-16 0 0 0.0183389 0 0 0 0 0 0 2.67106e+09 2.67106e+09 2.67106e+09 2.67106e+09 
0.052 -3.88193 -7.18193 -5.2305 -6.64919 1.68193 10140.1 3.83736e+16 9.75601e-07 1.2951e-05 1.66509e-21 7.96246e-08 227463 0 0 4.2357e-16 0 0 0.0183389 0 0 0 0 0 0 2.80164e+09 2.80164e+09 2.80164e+09 2.80164e+09 
0.0525 -3.87053 -7.17053 -5.21776 -6.63765 1.67053 10674.7 3.82357e+16 9.76861e-07 1.2943e-05 1.7508e-21 7.92894e-08 228454 0 0 4.46685e-16 0 0 0.0183389 0 0 0 0 0 0 2.93733e+09 2.93733e+09 2.93733e+09 2.93733e+09 
0.053 -3.85908 -7.15908 -5.205 -6.62606 1.65908 11232.3 3.8099e+16 9.78123e-07 1.29352e-05 1.84034e-21 7.89582e-08 229440 0 0 4.70906e-16 0 0 0.0183389 0 0 0 0 0 0 3.07826e+09 3.07826e+09 3.07826e+09 3.07826e+09 
0.0535 -3.84758 -7.14758 -5.19219 -6.61443 1.64758 11813.6 3.79636e+16 9.79387e-07 1.29275e-05 1.93384e-21 7.86309e-08 230423 0 0 4.96277e-16 0 0 0.0183389 0 0 0 0 0 0 3.22459e+09 3.22459e+09 3.22459e+09 3.22459e+09 
0.054 -3.83604 -7.13604 -5.17935 -6.60274 1.63604 12419.5 3.78294e+16 9.80654e-07 1.292e-05 2.03143e-21 7.83073e-08 231403 0 0 5.22841e-16 0 0 0.0183389 0 0 0 0 0 0 3.37646e+09 3.37646e+09 3.37646e+09 3.37646e+09 
0.0545 -3.82444 -7.12444 -5.16647 -6.59101 1.62444 13050.7 3.76964e+16 9.81922e-07 1.29126e-05 2.13326e-21 7.79875e-08 232379 0 0 5.50642e-16 0 0 0.0183389 0 0 0 0 0 0 3.53403e+09 3.53403e+09 3.53403e+09 3.53403e+09 
0.055 -3.8128 -7.1128 -5.15355 -6.57923 1.6128 13708 3.75646e+16 9.83193e-07 1.29054e-05 2.23945e-21 7.76713e-08 233352 0 0 5.79727e-16 0 0 0.0183389 0 0 0 0 0 0 3.69746e+09 3.69746e+09 3.69746e+09 3.69746e+09 
0.0555 -3.80111 -7.10111 -5.14059 -6.5674 1.60111 14392.2 3.7434e+16 9.84466e-07 1.28983e-05 2.35017e-21 7.73587e-08 234321 0 0 6.10144e-16 0 0 0.0183389 0 0 0 0 0 0 3.86689e+09 3.86689e+09 3.86689e+09 3.86689e+09 
0.056 -3.78937 -7.08937 -5.1276 -6.55552 1.58937 15104.1 3.73045e+16 9.85742e-07 1.28914e-05 2.46555e-21 7.70497e-08 235287 0 0 6.4194e-16 0 0 0.0183389 0 0 0 0 0 0 4.0425e+09 4.0425e+09 4.0425e+09 4.0425e+09 
0.0565 -3.77758 -7.07758 -5.11457 -6.5436 1.57758 15844.7 3.71761e+16 9.87019e-07 1.28846e-05 2.58575e-21 7.67441e-08 236250 0 0 6.75166e-16 0 0 0.0183389 0 0 0 0 0 0 4.22443e+09 4.22443e+09 4.22443e+09 4.22443e+09 
0.057 -3.76574 -7.06574 -5.1015 -6.53162 1.56574 16614.7 3.70488e+16 9.88299e-07 1.2878e-05 2.71093e-21 7.64419e-08 237209 0 0 7.09873e-16 0 0 0.0183389 0 0 0 0 0 0 4.41286e+09 4.41286e+09 4.41286e+09 4.41286e+09 
0.0575 -3.75386 -7.05386 -5.0884 -6.5196 1.55386 17415.1 3.69227e+16 9.8958e-07 1.28714e-05 2.84124e-21 7.61431e-08 238165 0 0 7.46114e-16 0 0 0.0183389 0 0 0 0 0 0 4.60794e+09 4.60794e+09 4.60794e+09 4.60794e+09 
0.058 -3.74193 -7.04193 -5.07526 -6.50754 1.54193 18246.7 3.67976e+16 9.90864e-07 1.28651e-05 2.97684e-21 7.58476e-08 239118 0 0 7.83941e-16 0 0 0.0183389 0 0 0 0 0 0 4.80985e+09 4.80985e+09 4.80985e+09 4.80985e+09 
0.0585 -3.72995 -7.02995 -5.06208 -6.49543 1.52995 19110.4 3.66735e+16 9.9215e-07 1.28588e-05 3.1179e-21 7.55553e-08 240068 0 0 8.23412e-16 0 0 0.0183389 0 0 0 0 0 0 5.01877e+09 5.01877e+09 5.01877e+09 5.01877e+09 
0.059 -3.71792 -7.01792 -5.04886 -6.48327 1.51792 20007.2 3.65506e+16 9.93439e-07 1.28527e-05 3.26459e-21 7.52661e-08 241014 0 0 8.64581e-16 0 0 0.0183389 0 0 0 0 0 0 5.23485e+09 5.23485e+09 5.23485e+09 5.23485e+09 
0.0595 -3.70585 -7.00585 -5.0356 -6.47106 1.50585 20938.1 3.64286e+16 9.94729e-07 1.28468e-05 3.41708e-21 7.49801e-08 241958 0 0 9.07507e-16 0 0 0.0183389 0 0 0 0 0 0 5.45827e+09 5.45827e+09 5.45827e+09 5.45827e+09 
0.06 -3.69372 -6.99372 -5.02231 -6.45881 1.49372 21903.9 3.63077e+16 9.96021e-07 1.28409e-05 3.57554e-21 7.46972e-08 242898 0 0 9.52249e-16 0 0 0.0183389 0 0 0 0 0 0 5.68922e+09 5.68922e+09 5.68922e+09 5.68922e+09 
0.0605 -3.68156 -6.98156 -5.00898 -6.44651 1.48156 22905.7 3.61877e+16 9.97315e-07 1.28352e-05 3.74015e-21 7.44172e-08 243835 0 0 9.98868e-16 0 0 0.0183389 0 0 0 0 0 0 5.92787e+09 5.92787e+09 5.92787e+09 5.92787e+09 
0.061 -3.66934 -6.96934 -4.99562 -6.43417 1.46934 23944.4 3.60688e+16 9.98612e-07 1.28296e-05 3.91111e-21 7.41403e-08 244769 0 0 1.04743e-15 0 0 0.0183389 0 0 0 0 0 0 6.1744e+09 6.1744e+09 6.1744e+09 6.1744e+09 
0.0615 -3.65708 -6.95708 -4.98222 -6.42178 1.45708 25021.1 3.59508e+16 9.9991e-07 1.28241e-05 4.08858e-21 7.38662e-08 245699 0 0 1.09799e-15 0 0 0.0183389 0 0 0 0 0 0 6.429e+09 6.429e+09 6.429e+09 6.429e+09 
0.062 -3.64477 -6.94477 -4.96877 -6.40934 1.44477 26136.8 3.58337e+16 1.00121e-06 1.28188e-05 4.27276e-21 7.35951e-08 246627 0 0 1.15062e-15 0 0 0.0183389 0 0 0 0 0 0 6.69185e+09 6.69185e+09 6.69185e+09 6.69185e+09 
0.0625 -3.63242 -6.93242 -4.9553 -6.39686 1.43242 27292.6 3.57177e+16 1.00251e-06 1.28135e-05 4.46385e-21 7.33267e-08 247552 0 0 1.20538e-15 0 0 0.0183389 0 0 0 0 0 0 6.96314e+09 6.96314e+09 6.96314e+09 6.96314e+09 
0.063 -3.62002 -6.92002 -4.94178 -6.38433 1.42002 28489.4 3.56025e+16 1.00382e-06 1.28084e-05 4.66204e-21 7.30611e-08 248474 0 0 1.26235e-15 0 0 0.0183389 0 0 0 0 0 0 7.24305e+09 7.24305e+09 7.24305e+09 7.24305e+09 
0.0635 -3.60757 -6.90757 -4.92823 -6.37176 1.40757 29728.4 3.54883e+16 1.00512e-06 1.28034e-05 4.86753e-21 7.27983e-08 249393 0 0 1.32159e-15 0 0 0.0183389 0 0 0 0 0 0 7.53179e+09 7.53179e+09 7.53179e+09 7.53179e+09 
0.064 -3.59508 -6.89508 -4.91464 -6.35914 1.39508 31010.7 3.53749e+16 1.00643e-06 1.27985e-05 5.08053e-21 7.25381e-08 250309 0 0 1.38317e-15 0 0 0.0183389 0 0 0 0 0 0 7.82954e+09 7.82954e+09 7.82954e+09 7.82954e+09 
0.0645 -3.58254 -6.88254 -4.90102 -6.34647 1.38254 32337.3 3.52625e+16 1.00774e-06 1.27938e-05 5.30124e-21 7.22806e-08 251222 0 0 1.44717e-15 0 0 0.0183389 0 0 0 0 0 0 8.13649e+09 8.13649e+09 8.13649e+09 8.13649e+09 
0.065 -3.56995 -6.86995 -4.88735 -6.33377 1.36995 33709.5 3.51509e+16 1.00906e-06 1.27891e-05 5.52987e-21 7.20257e-08 252132 0 0 1.51366e-15 0 0 0.0183389 0 0 0 0 0 0 8.45286e+09 8.45286e+09 8.45286e+09 8.45286e+09 
0.0655 -3.55732 -6.85732 -4.87366 -6.32101 1.35732 35128.3 3.50402e+16 1.01037e-06 1.27846e-05 5.76664e-21 7.17733e-08 253039 0 0 1.58272e-15 0 0 0.0183389 0 0 0 0 0 0 8.77882e+09 8.77882e+09 8.77882e+09 8.77882e+09 
0.066 -3.54465 -6.84465 -4.85992 -6.30822 1.34465 36594.8 3.49304e+16 1.01169e-06 1.27801e-05 6.01176e-21 7.15235e-08 253943 0 0 1.65442e-15 0 0 0.0183389 0 0 0 0 0 0 9.1146e+09 9.1146e+09 9.1146e+09 9.1146e+09 
0.0665 -3.53193 -6.83193 -4.84615 -6.29537 1.33193 38110.4 3.48214e+16 1.013e-06 1.27758e-05 6.26547e-21 7.12761e-08 254845 0 0 1.72884e-15 0 0 0.0183389 0 0 0 0 0 0 9.46039e+09 9.46039e+09 9.46039e+09 9.46039e+09 
0.067 -3.51917 -6.81917 -4.83234 -6.28249 1.31917 39676.1 3.47132e+16 1.01432e-06 1.27716e-05 6.52798e-21 7.10312e-08 255744 0 0 1.80607e-15 0 0 0.0183389 0 0 0 0 0 0 9.81639e+09 9.81639e+09 9.81639e+09 9.81639e+09 
0.0675 -3.50636 -6.80636 -4.81849 -6.26956 1.30636 41293.2 3.46059e+16 1.01565e-06 1.27674e-05 6.79952e-21 7.07886e-08 256640 0 0 1.88618e-15 0 0 0.0183389 0 0 0 0 0 0 1.01828e+10 1.01828e+10 1.01828e+10 1.01828e+10 
0.068 -3.4935 -6.7935 -4.80461 -6.25658 1.2935 42962.9 3.44993e+16 1.01697e-06 1.27634e-05 7.08033e-21 7.05485e-08 257533 0 0 1.96926e-15 0 0 0.0183389 0 0 0 0 0 0 1.05599e+10 1.05599e+10 1.05599e+10 1.05599e+10 
0.0685 -3.4806 -6.7806 -4.79069 -6.24356 1.2806 44686.4 3.43936e+16 1.0183e-06 1.27595e-05 7.37065e-21 7.03107e-08 258423 0 0 2.0554e-15 0 0 0.0183389 0 0 0 0 0 0 1.09478e+10 1.09478e+10 1.09478e+10 1.09478e+10 
0.069 -3.46766 -6.76766 -4.77673 -6.2305 1.26766 46465 3.42886e+16 1.01962e-06 1.27557e-05 7.67071e-21 7.00751e-08 259311 0 0 2.14469e-15 0 0 0.0183389 0 0 0 0 0 0 1.13467e+10 1.13467e+10 1.13467e+10 1.13467e+10 
0.0695 -3.45467 -6.75467 -4.76274 -6.21739 1.25467 48299.9 3.41845e+16 1.02095e-06 1.27519e-05 7.98076e-21 6.98419e-08 260196 0 0 2.2372e-15 0 0 0.0183389 0 0 0 0 0 0 1.17569e+10 1.17569e+10 1.17569e+10 1.17569e+10 
0.07 -3.44164 -6.74164 -4.74871 -6.20424 1.24164 50192.5 3.40811e+16 1.02228e-06 1.27483e-05 8.30105e-21 6.96108e-08 261078 0 0 2.33304e-15 0 0 0.0183389 0 0 0 0 0 0 1.21786e+10 1.21786e+10 1.21786e+10 1.21786e+10 
0.0705 -3.42856 -6.72856 -4.73464 -6.19105 1.22856 52144.1 3.39784e+16 1.02362e-06 1.27448e-05 8.63183e-21 6.9382e-08 261958 0 0 2.4323e-15 0 0 0.0183389 0 0 0 0 0 0 1.26121e+10 1.26121e+10 1.26121e+10 1.26121e+10 
0.071 -3.41544 -6.71544 -4.72054 -6.17781 1.21544 54155.9 3.38765e+16 1.02495e-06 1.27414e-05 8.97335e-21 6.91553e-08 262835 0 0 2.53506e-15 0 0 0.0183389 0 0 0 0 0 0 1.30574e+10 1.30574e+10 1.30574e+10 1.30574e+10 
0.0715 -3.40228 -6.70228 -4.7064 -6.16453 1.20228 56229.3 3.37754e+16 1.02629e-06 1.2738e-05 9.32589e-21 6.89307e-08 263709 0 0 2.64144e-15 0 0 0.0183389 0 0 0 0 0 0 1.35149e+10 1.35149e+10 1.35149e+10 1.35149e+10 
0.072 -3.38907 -6.68907 -4.69222 -6.1512 1.18907 58365.7 3.3675e+16 1.02763e-06 1.27348e-05 9.68969e-21 6.87082e-08 264581 0 0 2.75151e-15 0 0 0.0183389 0 0 0 0 0 0 1.39847e+10 1.39847e+10 1.39847e+10 1.39847e+10 
0.0725 -3.37582 -6.67582 -4.67801 -6.13784 1.17582 60566.4 3.35753e+16 1.02897e-06 1.27316e-05 1.0065e-20 6.84878e-08 265450 0 0 2.86539e-15 0 0 0.0183389 0 0 0 0 0 0 1.44671e+10 1.44671e+10 1.44671e+10 1.44671e+10 
0.073 -3.36253 -6.66253 -4.66376 -6.12443 1.16253 62832.8 3.34763e+16 1.03031e-06 1.27286e-05 1.04522e-20 6.82694e-08 266317 0 0 2.98318e-15 0 0 0.0183389 0 0 0 0 0 0 1.49623e+10 1.49623e+10 1.49623e+10 1.49623e+10 
0.0735 -3.34919 -6.64919 -4.64948 -6.11097 1.14919 65166.3 3.3378e+16 1.03166e-06 1.27256e-05 1.08514e-20 6.80531e-08 267181 0 0 3.10497e-15 0 0 0.0183389 0 0 0 0 0 0 1.54706e+10 1.54706e+10 1.54706e+10 1.54706e+10 
0.074 -3.33581 -6.63581 -4.63516 -6.09748 1.13581 67568.3 3.32804e+16 1.033e-06 1.27227e-05 1.1263e-20 6.78387e-08 268043 0 0 3.23088e-15 0 0 0.0183389 0 0 0 0 0 0 1.59921e+10 1.59921e+10 1.59921e+10 1.59921e+10 
0.0745 -3.32239 -6.62239 -4.6208 -6.08394 1.12239 70040.2 3.31835e+16 1.03435e-06 1.27199e-05 1.16872e-20 6.76262e-08 268902 0 0 3.361e-15 0 0 0.0183389 0 0 0 0 0 0 1.65272e+10 1.65272e+10 1.65272e+10 1.65272e+10 
0.075 -3.30892 -6.60892 -4.60641 -6.07036 1.10892 72583.5 3.30872e+16 1.0357e-06 1.27172e-05 1.21244e-20 6.74157e-08 269758 0 0 3.49546e-15 0 0 0.0183389 0 0 0 0 0 0 1.7076e+10 1.7076e+10 1.7076e+10 1.7076e+10 
0.0755 -3.29541 -6.59541 -4.59198 -6.05674 1.09541 75199.6 3.29917e+16 1.03705e-06 1.27145e-05 1.25748e-20 6.72071e-08 270612 0 0 3.63436e-15 0 0 0.0183389 0 0 0 0 0 0 1.76387e+10 1.76387e+10 1.76387e+10 1.76387e+10 
0.076 -3.28186 -6.58186 -4.57751 -6.04307 1.08186 77890 3.28968e+16 1.0384e-06 1.2712e-05 1.30387e-20 6.70003e-08 271464 0 0 3.7778e-15 0 0 0.0183389 0 0 0 0 0 0 1.82156e+10 1.82156e+10 1.82156e+10 1.82156e+10 
0.0765 -3.26826 -6.56826 -4.56301 -6.02937 1.06826 80656.2 3.28025e+16 1.03976e-06 1.27095e-05 1.35164e-20 6.67954e-08 272313 0 0 3.92592e-15 0 0 0.0183389 0 0 0 0 0 0 1.8807e+10 1.8807e+10 1.8807e+10 1.8807e+10 
0.077 -3.25463 -6.55463 -4.54848 -6.01562 1.05463 83499.8 3.27089e+16 1.04111e-06 1.27071e-05 1.40083e-20 6.65923e-08 273160 0 0 4.07881e-15 0 0 0.0183389 0 0 0 0 0 0 1.9413e+10 1.9413e+10 1.9413e+10 1.9413e+10 
0.0775 -3.24095 -6.54095 -4.5339 -6.00183 1.04095 86422.1 3.26159e+16 1.04247e-06 1.27048e-05 1.45145e-20 6.63909e-08 274004 0 0 4.23661e-15 0 0 0.0183389 0 0 0 0 0 0 2.00339e+10 2.00339e+10 2.00339e+10 2.00339e+10 
0.078 -3.22723 -6.52723 -4.5193 -5.988 1.02723 89424.7 3.25236e+16 1.04383e-06 1.27026e-05 1.50355e-20 6.61914e-08 274846 0 0 4.39943e-15 0 0 0.0183389 0 0 0 0 0 0 2.067e+10 2.067e+10 2.067e+10 2.067e+10 
0.0785 -3.21346 -6.51346 -4.50465 -5.97412 1.01346 92509.2 3.24319e+16 1.04519e-06 1.27004e-05 1.55715e-20 6.59936e-08 275686 0 0 4.56739e-15 0 0 0.0183389 0 0 0 0 0 0 2.13214e+10 2.13214e+10 2.13214e+10 2.13214e+10 
0.079 -3.19966 -6.49966 -4.48997 -5.96021 0.999658 95677.2 3.23408e+16 1.04656e-06 1.26984e-05 1.61229e-20 6.57975e-08 276523 0 0 4.74061e-15 0 0 0.0183389 0 0 0 0 0 0 2.19885e+10 2.19885e+10 2.19885e+10 2.19885e+10 
0.0795 -3.18581 -6.48581 -4.47526 -5.94625 0.985811 98930.1 3.22503e+16 1.04792e-06 1.26964e-05 1.669e-20 6.5603e-08 277358 0 0 4.91923e-15 0 0 0.0183389 0 0 0 0 0 0 2.26714e+10 2.26714e+10 2.26714e+10 2.26714e+10 
0.08 -3.17192 -6.47192 -4.4605 -5.93225 0.971922 102270 3.21604e+16 1.04929e-06 1.26945e-05 1.72731e-20 6.54103e-08 278190 0 0 5.10337e-15 0 0 0.0183389 0 0 0 0 0 0 2.33705e+10 2.33705e+10 2.33705e+10 2.33705e+10 
0.0805 -3.15799 -6.45799 -4.44572 -5.91822 0.957992 105697 3.20711e+16 1.05065e-06 1.26926e-05 1.78725e-20 6.52192e-08 279021 0 0 5.29315e-15 0 0 0.0183389 0 0 0 0 0 0 2.40858e+10 2.40858e+10 2.40858e+10 2.40858e+10 
0.081 -3.14402 -6.44402 -4.4309 -5.90414 0.94402 109215 3.19824e+16 1.05202e-06 1.26909e-05 1.84886e-20 6.50297e-08 279848 0 0 5.48872e-15 0 0 0.0183389 0 0 0 0 0 0 2.48178e+10 2.48178e+10 2.48178e+10 2.48178e+10 
0.0815 -3.13001 -6.43001 -4.41604 -5.89001 0.930007 112824 3.18942e+16 1.0534e-06 1.26892e-05 1.91217e-20 6.48419e-08 280674 0 0 5.6902e-15 0 0 0.0183389 0 0 0 0 0 0 2.55667e+10 2.55667e+10 2.55667e+10 2.55667e+10 
0.082 -3.11595 -6.41595 -4.40114 -5.87585 0.915953 116526 3.18067e+16 1.05477e-06 1.26875e-05 1.97721e-20 6.46556e-08 281497 0 0 5.89773e-15 0 0 0.0183389 0 0 0 0 0 0 2.63326e+10 2.63326e+10 2.63326e+10 2.63326e+10 
0.0825 -3.10186 -6.40186 -4.38622 -5.86165 0.901857 120323 3.17197e+16 1.05614e-06 1.2686e-05 2.04402e-20 6.44708e-08 282318 0 0 6.11145e-15 0 0 0.0183389 0 0 0 0 0 0 2.71159e+10 2.71159e+10 2.71159e+10 2.71159e+10 
0.083 -3.08772 -6.38772 -4.37125 -5.84741 0.887721 124216 3.16332e+16 1.05752e-06 1.26845e-05 2.11264e-20 6.42876e-08 283137 0 0 6.33149e-15 0 0 0.0183389 0 0 0 0 0 0 2.79167e+10 2.79167e+10 2.79167e+10 2.79167e+10 
0.0835 -3.07354 -6.37354 -4.35625 -5.83312 0.873544 128207 3.15474e+16 1.0589e-06 1.26831e-05 2.18309e-20 6.4106e-08 283954 0 0 6.55801e-15 0 0 0.0183389 0 0 0 0 0 0 2.87354e+10 2.87354e+10 2.87354e+10 2.87354e+10 
0.084 -3.05933 -6.35933 -4.34122 -5.8188 0.859326 132298 3.1462e+16 1.06028e-06 1.26818e-05 2.25542e-20 6.39258e-08 284768 0 0 6.79113e-15 0 0 0.0183389 0 0 0 0 0 0 2.95722e+10 2.95722e+10 2.95722e+10 2.95722e+10 
0.0845 -3.04507 -6.34507 -4.32615 -5.80444 0.845067 136490 3.13772e+16 1.06166e-06 1.26805e-05 2.32966e-20 6.37471e-08 285581 0 0 7.03101e-15 0 0 0.0183389 0 0 0 0 0 0 3.04273e+10 3.04273e+10 3.04273e+10 3.04273e+10 
0.085 -3.03077 -6.33077 -4.31105 -5.79003 0.830768 140786 3.1293e+16 1.06304e-06 1.26793e-05 2.40584e-20 6.35699e-08 286391 0 0 7.2778e-15 0 0 0.0183389 0 0 0 0 0 0 3.13011e+10 3.13011e+10 3.13011e+10 3.13011e+10 
0.0855 -3.01643 -6.31643 -4.29591 -5.77559 0.816428 145186 3.12092e+16 1.06442e-06 1.26781e-05 2.48401e-20 6.33941e-08 287198 0 0 7.53163e-15 0 0 0.0183389 0 0 0 0 0 0 3.21936e+10 3.21936e+10 3.21936e+10 3.21936e+10 
0.086 -3.00205 -6.30205 -4.28073 -5.7611 0.802048 149693 3.1126e+16 1.06581e-06 1.26771e-05 2.5642e-20 6.32197e-08 288004 0 0 7.79268e-15 0 0 0.0183389 0 0 0 0 0 0 3.31053e+10 3.31053e+10 3.31053e+10 3.31053e+10 
0.0865 -2.98763 -6.28763 -4.26552 -5.74658 0.787627 154309 3.10433e+16 1.0672e-06 1.26761e-05 2.64644e-20 6.30468e-08 288808 0 0 8.06108e-15 0 0 0.0183389 0 0 0 0 0 0 3.40363e+10 3.40363e+10 3.40363e+10 3.40363e+10 
0.087 -2.97317 -6.27317 -4.25028 -5.73202 0.773167 159034 3.09612e+16 1.06859e-06 1.26751e-05 2.73078e-20 6.28752e-08 289609 0 0 8.337e-15 0 0 0.0183389 0 0 0 0 0 0 3.49869e+10 3.49869e+10 3.49869e+10 3.49869e+10 
0.0875 -2.95867 -6.25867 -4.235 -5.71741 0.758667 163872 3.08795e+16 1.06998e-06 1.26742e-05 2.81725e-20 6.2705e-08 290408 0 0 8.62059e-15 0 0 0.0183389 0 0 0 0 0 0 3.59574e+10 3.59574e+10 3.59574e+10 3.59574e+10 
0.088 -2.94413 -6.24413 -4.21968 -5.70277 0.744126 168823 3.07983e+16 1.07137e-06 1.26734e-05 2.90589e-20 6.25362e-08 291206 0 0 8.91201e-15 0 0 0.0183389 0 0 0 0 0 0 3.6948e+10 3.6948e+10 3.6948e+10 3.6948e+10 
0.0885 -2.92955 -6.22955 -4.20434 -5.68809 0.729546 173890 3.07177e+16 1.07276e-06 1.26727e-05 2.99675e-20 6.23687e-08 292001 0 0 9.21143e-15 0 0 0.0183389 0 0 0 0 0 0 3.79589e+10 3.79589e+10 3.79589e+10 3.79589e+10 
0.089 -2.91493 -6.21493 -4.18895 -5.67337 0.714926 179074 3.06375e+16 1.07416e-06 1.2672e-05 3.08985e-20 6.22025e-08 292794 0 0 9.519e-15 0 0 0.0183389 0 0 0 0 0 0 3.89905e+10 3.89905e+10 3.89905e+10 3.89905e+10 
0.0895 -2.90027 -6.20027 -4.17353 -5.65861 0.700267 184377 3.05578e+16 1.07555e-06 1.26713e-05 3.18524e-20 6.20376e-08 293585 0 0 9.8349e-15 0 0 0.0183389 0 0 0 0 0 0 4.0043e+10 4.0043e+10 4.0043e+10 4.0043e+10 
0.09 -2.88557 -6.18557 -4.15808 -5.64381 0.685568 189801 3.04786e+16 1.07695e-06 1.26708e-05 3.28296e-20 6.1874e-08 294374 0 0 1.01593e-14 0 0 0.0183389 0 0 0 0 0 0 4.11166e+10 4.11166e+10 4.11166e+10 4.11166e+10 
0.0905 -2.87083 -6.17083 -4.14259 -5.62897 0.670829 195348 3.03999e+16 1.07835e-06 1.26703e-05 3.38305e-20 6.17117e-08 295160 0 0 1.04923e-14 0 0 0.0183389 0 0 0 0 0 0 4.22116e+10 4.22116e+10 4.22116e+10 4.22116e+10 
0.091 -2.85605 -6.15605 -4.12707 -5.61409 0.656052 201019 3.03216e+16 1.07975e-06 1.26698e-05 3.48555e-20 6.15506e-08 295945 0 0 1.08342e-14 0 0 0.0183389 0 0 0 0 0 0 4.33283e+10 4.33283e+10 4.33283e+10 4.33283e+10 
0.0915 -2.84123 -6.14123 -4.11152 -5.59917 0.641235 206817 3.02438e+16 1.08116e-06 1.26694e-05 3.5905e-20 6.13908e-08 296728 0 0 1.11851e-14 0 0 0.0183389 0 0 0 0 0 0 4.44669e+10 4.44669e+10 4.44669e+10 4.44669e+10 
0.092 -2.82638 -6.12638 -4.09593 -5.58422 0.626379 212743 3.01665e+16 1.08256e-06 1.26691e-05 3.69794e-20 6.12322e-08 297509 0 0 1.15452e-14 0 0 0.0183389 0 0 0 0 0 0 4.56276e+10 4.56276e+10 4.56276e+10 4.56276e+10 
0.0925 -2.81148 -6.11148 -4.0803 -5.56922 0.611484 218800 3.00896e+16 1.08397e-06 1.26688e-05 3.80791e-20 6.10748e-08 298288 0 0 1.19146e-14 0 0 0.0183389 0 0 0 0 0 0 4.68108e+10 4.68108e+10 4.68108e+10 4.68108e+10 
0.093 -2.79655 -6.09655 -4.06464 -5.55419 0.59655 224988 3.00131e+16 1.08537e-06 1.26686e-05 3.92046e-20 6.09186e-08 299064 0 0 1.22936e-14 0 0 0.0183389 0 0 0 0 0 0 4.80167e+10 4.80167e+10 4.80167e+10 4.80167e+10 
0.0935 -2.78158 -6.08158 -4.04895 -5.53912 0.581577 231311 2.99372e+16 1.08678e-06 1.26684e-05 4.03563e-20 6.07635e-08 299839 0 0 1.26823e-14 0 0 0.0183389 0 0 0 0 0 0 4.92455e+10 4.92455e+10 4.92455e+10 4.92455e+10 
0.094 -2.76657 -6.06657 -4.03322 -5.52401 0.566566 237769 2.98616e+16 1.08819e-06 1.26683e-05 4.15346e-20 6.06097e-08 300612 0 0 1.30809e-14 0 0 0.0183389 0 0 0 0 0 0 5.04976e+10 5.04976e+10 5.04976e+10 5.04976e+10 
0.0945 -2.75152 -6.05152 -4.01746 -5.50886 0.551516 244366 2.97865e+16 1.0896e-06 1.26682e-05 4.27399e-20 6.0457e-08 301383 0 0 1.34895e-14 0 0 0.0183389 0 0 0 0 0 0 5.17731e+10 5.17731e+10 5.17731e+10 5.17731e+10 
0.095 -2.73643 -6.03643 -4.00167 -5.49368 0.536428 251102 2.97119e+16 1.09102e-06 1.26682e-05 4.39726e-20 6.03054e-08 302152 0 0 1.39085e-14 0 0 0.0183389 0 0 0 0 0 0 5.30723e+10 5.30723e+10 5.30723e+10 5.30723e+10 
0.0955 -2.7213 -6.0213 -3.98584 -5.47845 0.521301 257979 2.96376e+16 1.09243e-06 1.26683e-05 4.52333e-20 6.0155e-08 302919 0 0 1.4338e-14 0 0 0.0183389 0 0 0 0 0 0 5.43955e+10 5.43955e+10 5.43955e+10 5.43955e+10 
0.096 -2.70614 -6.00614 -3.96997 -5.46319 0.506136 265001 2.95638e+16 1.09385e-06 1.26684e-05 4.65224e-20 6.00057e-08 303685 0 0 1.47781e-14 0 0 0.0183389 0 0 0 0 0 0 5.5743e+10 5.5743e+10 5.5743e+10 5.5743e+10 
0.0965 -2.69093 -5.99093 -3.95408 -5.44789 0.490932 272167 2.94904e+16 1.09526e-06 1.26686e-05 4.78402e-20 5.98575e-08 304448 0 0 1.52291e-14 0 0 0.0183389 0 0 0 0 0 0 5.71149e+10 5.71149e+10 5.71149e+10 5.71149e+10 
0.097 -2.67569 -5.97569 -3.93815 -5.43255 0.475691 279482 2.94174e+16 1.09668e-06 1.26688e-05 4.91872e-20 5.97103e-08 305209 0 0 1.56911e-14 0 0 0.0183389 0 0 0 0 0 0 5.85116e+10 5.85116e+10 5.85116e+10 5.85116e+10 
0.0975 -2.66041 -5.96041 -3.92218 -5.41718 0.460412 286945 2.93449e+16 1.0981e-06 1.2669e-05 5.05639e-20 5.95643e-08 305969 0 0 1.61644e-14 0 0 0.0183389 0 0 0 0 0 0 5.99334e+10 5.99334e+10 5.99334e+10 5.99334e+10 
0.098 -2.64509 -5.94509 -3.90618 -5.40176 0.445094 294561 2.92727e+16 1.09952e-06 1.26693e-05 5.19708e-20 5.94193e-08 306726 0 0 1.66491e-14 0 0 0.0183389 0 0 0 0 0 0 6.13804e+10 6.13804e+10 6.13804e+10 6.13804e+10 
0.0985 -2.62974 -5.92974 -3.89015 -5.38631 0.429739 302329 2.9201e+16 1.10095e-06 1.26697e-05 5.34083e-20 5.92754e-08 307482 0 0 1.71455e-14 0 0 0.0183389 0 0 0 0 0 0 6.28529e+10 6.28529e+10 6.28529e+10 6.28529e+10 
0.099 -2.61435 -5.91435 -3.87408 -5.37083 0.414346 310253 2.91296e+16 1.10237e-06 1.26701e-05 5.48768e-20 5.91325e-08 308236 0 0 1.76538e-14 0 0 0.0183389 0 0 0 0 0 0 6.43513e+10 6.43513e+10 6.43513e+10 6.43513e+10 
0.0995 -2.59892 -5.89892 -3.85798 -5.3553 0.398915 318335 2.90587e+16 1.1038e-06 1.26706e-05 5.63768e-20 5.89906e-08 308988 0 0 1.81741e-14 0 0 0.0183389 0 0 0 0 0 0 6.58757e+10 6.58757e+10 6.58757e+10 6.58757e+10 
0.1 -2.58345 -5.88345 -3.84185 -5.33974 0.383447 326575 2.89881e+16 1.10522e-06 1.26711e-05 5.79089e-20 5.88497e-08 309738 0 0 1.87067e-14 0 0 0.0183389 0 0 0 0 0 0 6.74264e+10 6.74264e+10 6.74264e+10 6.74264e+10 
0.1005 -2.56794 -5.86794 -3.82569 -5.32414 0.367941 334977 2.89179e+16 1.10665e-06 1.26717e-05 5.94733e-20 5.87099e-08 310487 0 0 1.92519e-14 0 0 0.0183389 0 0 0 0 0 0 6.90037e+10 6.90037e+10 6.90037e+10 6.90037e+10 
0.101 -2.5524 -5.8524 -3.80949 -5.3085 0.352398 343543 2.88481e+16 1.10808e-06 1.26723e-05 6.10707e-20 5.8571e-08 311233 0 0 1.98097e-14 0 0 0.0183389 0 0 0 0 0 0 7.06078e+10 7.06078e+10 7.06078e+10 7.06078e+10 
0.1015 -2.53682 -5.83682 -3.79325 -5.29283 0.336818 352273 2.87787e+16 1.10951e-06 1.26729e-05 6.27015e-20 5.84331e-08 311978 0 0 2.03804e-14 0 0 0.0183389 0 0 0 0 0 0 7.2239e+10 7.2239e+10 7.2239e+10 7.2239e+10 
0.102 -2.5212 -5.8212 -3.77699 -5.27712 0.321201 361172 2.87097e+16 1.11095e-06 1.26736e-05 6.43662e-20 5.82962e-08 312721 0 0 2.09643e-14 0 0 0.0183389 0 0 0 0 0 0 7.38975e+10 7.38975e+10 7.38975e+10 7.38975e+10 
0.1025 -2.50555 -5.80555 -3.76069 -5.26137 0.305546 370239 2.86411e+16 1.11238e-06 1.26744e-05 6.60652e-20 5.81603e-08 313463 0 0 2.15615e-14 0 0 0.0183389 0 0 0 0 0 0 7.55836e+10 7.55836e+10 7.55836e+10 7.55836e+10 
0.103 -2.48985 -5.78985 -3.74435 -5.24559 0.289854 379478 2.85728e+16 1.11382e-06 1.26752e-05 6.77991e-20 5.80253e-08 314202 0 0 2.21723e-14 0 0 0.0183389 0 0 0 0 0 0 7.72975e+10 7.72975e+10 7.72975e+10 7.72975e+10 
0.1035 -2.47413 -5.77413 -3.72799 -5.22977 0.274126 388891 2.85049e+16 1.11525e-06 1.2676e-05 6.95683e-20 5.78912e-08 314940 0 0 2.27969e-14 0 0 0.0183389 0 0 0 0 0 0 7.90396e+10 7.90396e+10 7.90396e+10 7.90396e+10 
0.104 -2.45836 -5.75836 -3.71159 -5.21391 0.25836 398479 2.84373e+16 1.11669e-06 1.26769e-05 7.13733e-20 5.77581e-08 315676 0 0 2.34356e-14 0 0 0.0183389 0 0 0 0 0 0 8.081e+10 8.081e+10 8.081e+10 8.081e+10 
0.1045 -2.44256 -5.74256 -3.69516 -5.19801 0.242558 408244 2.83701e+16 1.11813e-06 1.26778e-05 7.32147e-20 5.76259e-08 316410 0 0 2.40885e-14 0 0 0.0183389 0 0 0 0 0 0 8.2609e+10 8.2609e+10 8.2609e+10 8.2609e+10 
0.105 -2.42672 -5.72672 -3.67869 -5.18208 0.226719 418189 2.83033e+16 1.11957e-06 1.26788e-05 7.50928e-20 5.74945e-08 317143 0 0 2.47558e-14 0 0 0.0183389 0 0 0 0 0 0 8.44369e+10 8.44369e+10 8.44369e+10 8.44369e+10 
0.1055 -2.41084 -5.71084 -3.6622 -5.16612 0.210844 428316 2.82368e+16 1.12101e-06 1.26799e-05 7.70083e-20 5.73641e-08 317873 0 0 2.54379e-14 0 0 0.0183389 0 0 0 0 0 0 8.62939e+10 8.62939e+10 8.62939e+10 8.62939e+10 
0.106 -2.39493 -5.69493 -3.64566 -5.15011 0.194932 438627 2.81707e+16 1.12246e-06 1.26809e-05 7.89616e-20 5.72346e-08 318602 0 0 2.6135e-14 0 0 0.0183389 0 0 0 0 0 0 8.81803e+10 8.81803e+10 8.81803e+10 8.81803e+10 
0.1065 -2.37898 -5.67898 -3.6291 -5.13408 0.178984 449123 2.81049e+16 1.1239e-06 1.2682e-05 8.09531e-20 5.7106e-08 319330 0 0 2.68472e-14 0 0 0.0183389 0 0 0 0 0 0 9.00963e+10 9.00963e+10 9.00963e+10 9.00963e+10 
0.107 -2.363 -5.663 -3.6125 -5.118 0.162999 459807 2.80395e+16 1.12535e-06 1.26832e-05 8.29835e-20 5.69782e-08 320055 0 0 2.75748e-14 0 0 0.0183389 0 0 0 0 0 0 9.20421e+10 9.20421e+10 9.20421e+10 9.20421e+10 
0.1075 -2.34698 -5.64698 -3.59588 -5.10189 0.146978 470681 2.79744e+16 1.12679e-06 1.26844e-05 8.50533e-20 5.68513e-08 320779 0 0 2.83182e-14 0 0 0.0183389 0 0 0 0 0 0 9.40181e+10 9.40181e+10 9.40181e+10 9.40181e+10 
0.108 -2.33092 -5.63092 -3.57921 -5.08574 0.130921 481747 2.79097e+16 1.12824e-06 1.26856e-05 8.71629e-20 5.67252e-08 321502 0 0 2.90774e-14 0 0 0.0183389 0 0 0 0 0 0 9.60245e+10 9.60245e+10 9.60245e+10 9.60245e+10 
0.1085 -2.31483 -5.61483 -3.56252 -5.06956 0.114828 493007 2.78452e+16 1.12969e-06 1.26869e-05 8.93128e-20 5.66e-08 322222 0 0 2.98527e-14 0 0 0.0183389 0 0 0 0 0 0 9.80614e+10 9.80614e+10 9.80614e+10 9.80614e+10 
0.109 -2.2987 -5.5987 -3.54579 -5.05334 0.0986989 504463 2.77812e+16 1.13115e-06 1.26882e-05 9.15036e-20 5.64756e-08 322941 0 0 3.06445e-14 0 0 0.0183389 0 0 0 0 0 0 1.00129e+11 1.00129e+11 1.00129e+11 1.00129e+11 
0.1095 -2.28253 -5.58253 -3.52903 -5.03709 0.0825339 516117 2.77174e+16 1.1326e-06 1.26896e-05 9.37358e-20 5.63521e-08 323659 0 0 3.14529e-14 0 0 0.0183389 0 0 0 0 0 0 1.02228e+11 1.02228e+11 1.02228e+11 1.02228e+11 
0.11 -2.26633 -5.56633 -3.51224 -5.0208 0.066333 527972 2.7654e+16 1.13405e-06 1.2691e-05 9.60099e-20 5.62293e-08 324374 0 0 3.22782e-14 0 0 0.0183389 0 0 0 0 0 0 1.04358e+11 1.04358e+11 1.04358e+11 1.04358e+11 
0.1105 -2.2501 -5.5501 -3.49542 -5.00447 0.0500964 540028 2.75909e+16 1.13551e-06 1.26924e-05 9.83265e-20 5.61074e-08 325088 0 0 3.31206e-14 0 0 0.0183389 0 0 0 0 0 0 1.0652e+11 1.0652e+11 1.0652e+11 1.0652e+11 
0.111 -2.23382 -5.53382 -3.47856 -4.98811 0.0338242 552290 2.75281e+16 1.13696e-06 1.26939e-05 1.00686e-19 5.59863e-08 325801 0 0 3.39804e-14 0 0 0.0183389 0 0 0 0 0 0 1.08714e+11 1.08714e+11 1.08714e+11 1.08714e+11 
0.1115 -2.21752 -5.51752 -3.46167 -4.97172 0.0175163 564757 2.74656e+16 1.13842e-06 1.26954e-05 1.03089e-19 5.58659e-08 326512 0 0 3.48579e-14 0 0 0.0183389 0 0 0 0 0 0 1.1094e+11 1.1094e+11 1.1094e+11 1.1094e+11 
0.112 -2.20117 -5.50117 -3.44475 -4.95529 0.001173 577434 2.74035e+16 1.13988e-06 1.2697e-05 1.05536e-19 5.57463e-08 327221 0 0 3.57533e-14 0 0 0.0183389 0 0 0 0 0 0 1.13198e+11 1.13198e+11 1.13198e+11 1.13198e+11 
0.1125 -2.18479 -5.48479 -3.4278 -4.93882 -0.0152057 590321 2.73417e+16 1.14134e-06 1.26986e-05 1.08028e-19 5.56276e-08 327928 0 0 3.66668e-14 0 0 0.0183389 0 0 0 0 0 0 1.15489e+11 1.15489e+11 1.15489e+11 1.15489e+11 
0.113 -2.16838 -5.46838 -3.41081 -4.92232 -0.0316198 603420 2.72801e+16 1.1428e-06 1.27002e-05 1.10565e-19 5.55095e-08 328634 0 0 3.75988e-14 0 0 0.0183389 0 0 0 0 0 0 1.17812e+11 1.17812e+11 1.17812e+11 1.17812e+11 
0.1135 -2.15193 -5.45193 -3.3938 -4.90578 -0.0480692 616735 2.72189e+16 1.14426e-06 1.27019e-05 1.13147e-19 5.53923e-08 329339 0 0 3.85494e-14 0 0 0.0183389 0 0 0 0 0 0 1.20169e+11 1.20169e+11 1.20169e+11 1.20169e+11 
0.114 -2.13545 -5.43545 -3.37675 -4.88921 -0.0645537 630266 2.7158e+16 1.14573e-06 1.27036e-05 1.15776e-19 5.52758e-08 330042 0 0 3.95191e-14 0 0 0.0183389 0 0 0 0 0 0 1.22559e+11 1.22559e+11 1.22559e+11 1.22559e+11 
0.1145 -2.11893 -5.41893 -3.35967 -4.87261 -0.0810733 644017 2.70974e+16 1.14719e-06 1.27053e-05 1.18451e-19 5.516e-08 330743 0 0 4.05079e-14 0 0 0.0183389 0 0 0 0 0 0 1.24982e+11 1.24982e+11 1.24982e+11 1.24982e+11 
0.115 -2.10237 -5.40237 -3.34255 -4.85597 -0.097628 657989 2.70371e+16 1.14866e-06 1.27071e-05 1.21174e-19 5.5045e-08 331443 0 0 4.15162e-14 0 0 0.0183389 0 0 0 0 0 0 1.27439e+11 1.27439e+11 1.27439e+11 1.27439e+11 
0.1155 -2.08578 -5.38578 -3.32541 -4.83929 -0.114218 672184 2.69771e+16 1.15013e-06 1.2709e-05 1.23944e-19 5.49307e-08 332141 0 0 4.25443e-14 0 0 0.0183389 0 0 0 0 0 0 1.2993e+11 1.2993e+11 1.2993e+11 1.2993e+11 
0.116 -2.06916 -5.36916 -3.30823 -4.82258 -0.130842 686604 2.69174e+16 1.1516e-06 1.27108e-05 1.26763e-19 5.48171e-08 332837 0 0 4.35924e-14 0 0 0.0183389 0 0 0 0 0 0 1.32456e+11 1.32456e+11 1.32456e+11 1.32456e+11 
0.1165 -2.0525 -5.3525 -3.29102 -4.80584 -0.147501 701251 2.68579e+16 1.15307e-06 1.27127e-05 1.29631e-19 5.47042e-08 333532 0 0 4.46609e-14 0 0 0.0183389 0 0 0 0 0 0 1.35016e+11 1.35016e+11 1.35016e+11 1.35016e+11 
0.117 -2.0358 -5.3358 -3.27378 -4.78906 -0.164195 716129 2.67988e+16 1.15454e-06 1.27146e-05 1.32548e-19 5.45921e-08 334226 0 0 4.57499e-14 0 0 0.0183389 0 0 0 0 0 0 1.3761e+11 1.3761e+11 1.3761e+11 1.3761e+11 
0.1175 -2.01908 -5.31908 -3.25651 -4.77224 -0.180924 731237 2.67399e+16 1.15601e-06 1.27166e-05 1.35515e-19 5.44806e-08 334918 0 0 4.68598e-14 0 0 0.0183389 0 0 0 0 0 0 1.4024e+11 1.4024e+11 1.4024e+11 1.4024e+11 
0.118 -2.00231 -5.30231 -3.23921 -4.7554 -0.197687 746580 2.66814e+16 1.15749e-06 1.27186e-05 1.38533e-19 5.43698e-08 335608 0 0 4.79908e-14 0 0 0.0183389 0 0 0 0 0 0 1.42904e+11 1.42904e+11 1.42904e+11 1.42904e+11 
0.1185 -1.98552 -5.28552 -3.22187 -4.73851 -0.214485 762158 2.66231e+16 1.15896e-06 1.27206e-05 1.41602e-19 5.42598e-08 336297 0 0 4.91433e-14 0 0 0.0183389 0 0 0 0 0 0 1.45604e+11 1.45604e+11 1.45604e+11 1.45604e+11 
0.119 -1.96868 -5.26868 -3.2045 -4.7216 -0.231317 777974 2.65651e+16 1.16044e-06 1.27227e-05 1.44723e-19 5.41504e-08 336985 0 0 5.03174e-14 0 0 0.0183389 0 0 0 0 0 0 1.4834e+11 1.4834e+11 1.4834e+11 1.4834e+11 
0.1195 -1.95182 -5.25182 -3.18711 -4.70465 -0.248183 794029 2.65074e+16 1.16192e-06 1.27248e-05 1.47896e-19 5.40417e-08 337671 0 0 5.15136e-14 0 0 0.0183389 0 0 0 0 0 0 1.51111e+11 1.51111e+11 1.51111e+11 1.51111e+11 
0.12 -1.93492 -5.23492 -3.16968 -4.68766 -0.265084 810327 2.64499e+16 1.16339e-06 1.2727e-05 1.51122e-19 5.39336e-08 338355 0 0 5.2732e-14 0 0 0.0183389 0 0 0 0 0 0 1.53919e+11 1.53919e+11 1.53919e+11 1.53919e+11 
0.1205 -1.91798 -5.21798 -3.15222 -4.67065 -0.282019 826869 2.63927e+16 1.16487e-06 1.27291e-05 1.54402e-19 5.38262e-08 339038 0 0 5.3973e-14 0 0 0.0183389 0 0 0 0 0 0 1.56763e+11 1.56763e+11 1.56763e+11 1.56763e+11 
0.121 -1.90101 -5.20101 -3.13472 -4.65359 -0.298988 843657 2.63358e+16 1.16636e-06 1.27313e-05 1.57735e-19 5.37195e-08 339720 0 0 5.52369e-14 0 0 0.0183389 0 0 0 0 0 0 1.59643e+11 1.59643e+11 1.59643e+11 1.59643e+11 
0.1215 -1.88401 -5.18401 -3.1172 -4.63651 -0.315991 860694 2.62792e+16 1.16784e-06 1.27336e-05 1.61123e-19 5.36134e-08 340400 0 0 5.65239e-14 0 0 0.0183389 0 0 0 0 0 0 1.6256e+11 1.6256e+11 1.6256e+11 1.6256e+11 
0.122 -1.86697 -5.16697 -3.09965 -4.61939 -0.333028 877980 2.62228e+16 1.16932e-06 1.27358e-05 1.64566e-19 5.35079e-08 341078 0 0 5.78344e-14 0 0 0.0183389 0 0 0 0 0 0 1.65514e+11 1.65514e+11 1.65514e+11 1.65514e+11 
0.1225 -1.8499 -5.1499 -3.08206 -4.60223 -0.350099 895519 2.61667e+16 1.17081e-06 1.27382e-05 1.68065e-19 5.34031e-08 341756 0 0 5.91686e-14 0 0 0.0183389 0 0 0 0 0 0 1.68505e+11 1.68505e+11 1.68505e+11 1.68505e+11 
0.123 -1.8328 -5.1328 -3.06444 -4.58505 -0.367203 913313 2.61109e+16 1.17229e-06 1.27405e-05 1.7162e-19 5.32989e-08 342431 0 0 6.05268e-14 0 0 0.0183389 0 0 0 0 0 0 1.71533e+11 1.71533e+11 1.71533e+11 1.71533e+11 
0.1235 -1.81566 -5.11566 -3.0468 -4.56783 -0.384342 931363 2.60553e+16 1.17378e-06 1.27429e-05 1.75232e-19 5.31954e-08 343105 0 0 6.19094e-14 0 0 0.0183389 0 0 0 0 0 0 1.746e+11 1.746e+11 1.746e+11 1.746e+11 
0.124 -1.79849 -5.09849 -3.02912 -4.55057 -0.401514 949671 2.6e+16 1.17527e-06 1.27453e-05 1.78902e-19 5.30924e-08 343778 0 0 6.33166e-14 0 0 0.0183389 0 0 0 0 0 0 1.77703e+11 1.77703e+11 1.77703e+11 1.77703e+11 
0.1245 -1.78128 -5.08128 -3.01141 -4.53329 -0.41872 968240 2.59449e+16 1.17676e-06 1.27477e-05 1.8263e-19 5.29901e-08 344450 0 0 6.47488e-14 0 0 0.0183389 0 0 0 0 0 0 1.80845e+11 1.80845e+11 1.80845e+11 1.80845e+11 
0.125 -1.76404 -5.06404 -2.99367 -4.51596 -0.435959 987072 2.58901e+16 1.17825e-06 1.27502e-05 1.86416e-19 5.28883e-08 345120 0 0 6.62062e-14 0 0 0.0183389 0 0 0 0 0 0 1.84026e+11 1.84026e+11 1.84026e+11 1.84026e+11 
0.1255 -1.74677 -5.04677 -2.97589 -4.49861 -0.453231 1.00617e+06 2.58356e+16 1.17974e-06 1.27526e-05 1.90261e-19 5.27872e-08 345788 0 0 6.76892e-14 0 0 0.0183389 0 0 0 0 0 0 1.87244e+11 1.87244e+11 1.87244e+11 1.87244e+11 
0.126 -1.72946 -5.02946 -2.95809 -4.48122 -0.470538 1.02553e+06 2.57813e+16 1.18123e-06 1.27552e-05 1.94167e-19 5.26867e-08 346455 0 0 6.9198e-14 0 0 0.0183389 0 0 0 0 0 0 1.90501e+11 1.90501e+11 1.90501e+11 1.90501e+11 
0.1265 -1.71212 -5.01212 -2.94026 -4.4638 -0.487877 1.04517e+06 2.57272e+16 1.18273e-06 1.27577e-05 1.98132e-19 5.25867e-08 347121 0 0 7.0733e-14 0 0 0.0183389 0 0 0 0 0 0 1.93797e+11 1.93797e+11 1.93797e+11 1.93797e+11 
0.127 -1.69475 -4.99475 -2.92239 -4.44635 -0.50525 1.06507e+06 2.56734e+16 1.18422e-06 1.27603e-05 2.02159e-19 5.24874e-08 347785 0 0 7.22945e-14 0 0 0.0183389 0 0 0 0 0 0 1.97133e+11 1.97133e+11 1.97133e+11 1.97133e+11 
0.1275 -1.67734 -4.97734 -2.9045 -4.42886 -0.522656 1.08524e+06 2.56198e+16 1.18572e-06 1.27629e-05 2.06247e-19 5.23886e-08 348448 0 0 7.38828e-14 0 0 0.0183389 0 0 0 0 0 0 2.00507e+11 2.00507e+11 2.00507e+11 2.00507e+11 
0.128 -1.65991 -4.95991 -2.88657 -4.41135 -0.540095 1.1057e+06 2.55665e+16 1.18722e-06 1.27656e-05 2.10398e-19 5.22904e-08 349110 0 0 7.54982e-14 0 0 0.0183389 0 0 0 0 0 0 2.03921e+11 2.03921e+11 2.03921e+11 2.03921e+11 
0.1285 -1.64243 -4.94243 -2.86862 -4.39379 -0.557567 1.12642e+06 2.55134e+16 1.18871e-06 1.27682e-05 2.14611e-19 5.21928e-08 349770 0 0 7.71411e-14 0 0 0.0183389 0 0 0 0 0 0 2.07374e+11 2.07374e+11 2.07374e+11 2.07374e+11 
0.129 -1.62493 -4.92493 -2.85063 -4.37621 -0.575072 1.14743e+06 2.54606e+16 1.19021e-06 1.27709e-05 2.18888e-19 5.20957e-08 350429 0 0 7.88116e-14 0 0 0.0183389 0 0 0 0 0 0 2.10868e+11 2.10868e+11 2.10868e+11 2.10868e+11 
0.1295 -1.60739 -4.90739 -2.83262 -4.35859 -0.592609 1.16872e+06 2.5408e+16 1.19172e-06 1.27737e-05 2.23228e-19 5.19992e-08 351087 0 0 8.05103e-14 0 0 0.0183389 0 0 0 0 0 0 2.14401e+11 2.14401e+11 2.14401e+11 2.14401e+11 
0.13 -1.58982 -4.88982 -2.81457 -4.34094 -0.61018 1.19029e+06 2.53556e+16 1.19322e-06 1.27764e-05 2.27633e-19 5.19032e-08 351743 0 0 8.22373e-14 0 0 0.0183389 0 0 0 0 0 0 2.17975e+11 2.17975e+11 2.17975e+11 2.17975e+11 
0.1305 -1.57222 -4.87222 -2.79649 -4.32326 -0.627784 1.21215e+06 2.53035e+16 1.19472e-06 1.27792e-05 2.32104e-19 5.18078e-08 352397 0 0 8.3993e-14 0 0 0.0183389 0 0 0 0 0 0 2.21589e+11 2.21589e+11 2.21589e+11 2.21589e+11 
0.131 -1.55458 -4.85458 -2.77838 -4.30554 -0.64542 1.23429e+06 2.52516e+16 1.19622e-06 1.2782e-05 2.3664e-19 5.17129e-08 353051 0 0 8.57778e-14 0 0 0.0183389 0 0 0 0 0 0 2.25244e+11 2.25244e+11 2.25244e+11 2.25244e+11 
0.1315 -1.53691 -4.83691 -2.76025 -4.2878 -0.663089 1.25672e+06 2.51999e+16 1.19773e-06 1.27849e-05 2.41242e-19 5.16186e-08 353703 0 0 8.75919e-14 0 0 0.0183389 0 0 0 0 0 0 2.28939e+11 2.28939e+11 2.28939e+11 2.28939e+11 
0.132 -1.51921 -4.81921 -2.74208 -4.27002 -0.68079 1.27945e+06 2.51484e+16 1.19924e-06 1.27878e-05 2.45912e-19 5.15248e-08 354354 0 0 8.94357e-14 0 0 0.0183389 0 0 0 0 0 0 2.32676e+11 2.32676e+11 2.32676e+11 2.32676e+11 
0.1325 -1.50148 -4.80148 -2.72388 -4.2522 -0.698524 1.30246e+06 2.50972e+16 1.20074e-06 1.27907e-05 2.50649e-19 5.14315e-08 355003 0 0 9.13095e-14 0 0 0.0183389 0 0 0 0 0 0 2.36454e+11 2.36454e+11 2.36454e+11 2.36454e+11 
0.133 -1.48371 -4.78371 -2.70565 -4.23436 -0.716291 1.32578e+06 2.50462e+16 1.20225e-06 1.27936e-05 2.55454e-19 5.13387e-08 355651 0 0 9.32137e-14 0 0 0.0183389 0 0 0 0 0 0 2.40273e+11 2.40273e+11 2.40273e+11 2.40273e+11 
0.1335 -1.46591 -4.76591 -2.68739 -4.21648 -0.734089 1.34938e+06 2.49954e+16 1.20376e-06 1.27966e-05 2.60328e-19 5.12465e-08 356298 0 0 9.51485e-14 0 0 0.0183389 0 0 0 0 0 0 2.44134e+11 2.44134e+11 2.44134e+11 2.44134e+11 
0.134 -1.44808 -4.74808 -2.6691 -4.19857 -0.75192 1.37329e+06 2.49449e+16 1.20527e-06 1.27995e-05 2.65271e-19 5.11548e-08 356944 0 0 9.71143e-14 0 0 0.0183389 0 0 0 0 0 0 2.48036e+11 2.48036e+11 2.48036e+11 2.48036e+11 
0.1345 -1.43022 -4.73022 -2.65079 -4.18063 -0.769784 1.3975e+06 2.48946e+16 1.20679e-06 1.28025e-05 2.70284e-19 5.10636e-08 357588 0 0 9.91115e-14 0 0 0.0183389 0 0 0 0 0 0 2.51981e+11 2.51981e+11 2.51981e+11 2.51981e+11 
0.135 -1.41232 -4.71232 -2.63244 -4.16266 -0.787679 1.42201e+06 2.48445e+16 1.2083e-06 1.28056e-05 2.75368e-19 5.09729e-08 358231 0 0 1.0114e-13 0 0 0.0183389 0 0 0 0 0 0 2.55967e+11 2.55967e+11 2.55967e+11 2.55967e+11 
0.1355 -1.39439 -4.69439 -2.61406 -4.14465 -0.805607 1.44683e+06 2.47946e+16 1.20981e-06 1.28086e-05 2.80524e-19 5.08826e-08 358872 0 0 1.03201e-13 0 0 0.0183389 0 0 0 0 0 0 2.59996e+11 2.59996e+11 2.59996e+11 2.59996e+11 
0.136 -1.37643 -4.67643 -2.59565 -4.12662 -0.823566 1.47195e+06 2.47449e+16 1.21133e-06 1.28117e-05 2.85751e-19 5.07929e-08 359512 0 0 1.05294e-13 0 0 0.0183389 0 0 0 0 0 0 2.64068e+11 2.64068e+11 2.64068e+11 2.64068e+11 
0.1365 -1.35844 -4.65844 -2.57721 -4.10855 -0.841558 1.49738e+06 2.46954e+16 1.21284e-06 1.28148e-05 2.9105e-19 5.07037e-08 360152 0 0 1.0742e-13 0 0 0.0183389 0 0 0 0 0 0 2.68182e+11 2.68182e+11 2.68182e+11 2.68182e+11 
0.137 -1.34042 -4.64042 -2.55875 -4.09045 -0.859582 1.52313e+06 2.46462e+16 1.21436e-06 1.2818e-05 2.96423e-19 5.0615e-08 360789 0 0 1.09579e-13 0 0 0.0183389 0 0 0 0 0 0 2.72338e+11 2.72338e+11 2.72338e+11 2.72338e+11 
0.1375 -1.32236 -4.62236 -2.54025 -4.07232 -0.877637 1.54918e+06 2.45971e+16 1.21588e-06 1.28211e-05 3.01869e-19 5.05268e-08 361426 0 0 1.11772e-13 0 0 0.0183389 0 0 0 0 0 0 2.76538e+11 2.76538e+11 2.76538e+11 2.76538e+11 
0.138 -1.30428 -4.60428 -2.52172 -4.05415 -0.895724 1.57555e+06 2.45483e+16 1.2174e-06 1.28243e-05 3.0739e-19 5.0439e-08 362061 0 0 1.13998e-13 0 0 0.0183389 0 0 0 0 0 0 2.80781e+11 2.80781e+11 2.80781e+11 2.80781e+11 
0.1385 -1.28616 -4.58616 -2.50316 -4.03596 -0.913843 1.60224e+06 2.44997e+16 1.21892e-06 1.28276e-05 3.12985e-19 5.03517e-08 362695 0 0 1.16258e-13 0 0 0.0183389 0 0 0 0 0 0 2.85067e+11 2.85067e+11 2.85067e+11 2.85067e+11 
0.139 -1.26801 -4.56801 -2.48458 -4.01773 -0.931994 1.62924e+06 2.44512e+16 1.22044e-06 1.28308e-05 3.18656e-19 5.02649e-08 363328 0 0 1.18552e-13 0 0 0.0183389 0 0 0 0 0 0 2.89397e+11 2.89397e+11 2.89397e+11 2.89397e+11 
0.1395 -1.24982 -4.54982 -2.46596 -3.99947 -0.950176 1.65657e+06 2.4403e+16 1.22197e-06 1.28341e-05 3.24403e-19 5.01785e-08 363959 0 0 1.20881e-13 0 0 0.0183389 0 0 0 0 0 0 2.93771e+11 2.93771e+11 2.93771e+11 2.93771e+11 
0.14 -1.23161 -4.53161 -2.44732 -3.98119 -0.968389 1.68421e+06 2.4355e+16 1.22349e-06 1.28373e-05 3.30227e-19 5.00927e-08 364589 0 0 1.23246e-13 0 0 0.0183389 0 0 0 0 0 0 2.98188e+11 2.98188e+11 2.98188e+11 2.98188e+11 
0.1405 -1.21337 -4.51337 -2.42864 -3.96286 -0.986635 1.71218e+06 2.43072e+16 1.22501e-06 1.28407e-05 3.36128e-19 5.00072e-08 365218 0 0 1.25646e-13 0 0 0.0183389 0 0 0 0 0 0 3.02649e+11 3.02649e+11 3.02649e+11 3.02649e+11 
0.141 -1.19509 -4.49509 -2.40994 -3.94451 -1.00491 1.74048e+06 2.42596e+16 1.22654e-06 1.2844e-05 3.42108e-19 4.99223e-08 365846 0 0 1.28081e-13 0 0 0.0183389 0 0 0 0 0 0 3.07155e+11 3.07155e+11 3.07155e+11 3.07155e+11 
0.1415 -1.17678 -4.47678 -2.39121 -3.92613 -1.02322 1.7691e+06 2.42122e+16 1.22807e-06 1.28474e-05 3.48165e-19 4.98377e-08 366472 0 0 1.30553e-13 0 0 0.0183389 0 0 0 0 0 0 3.11704e+11 3.11704e+11 3.11704e+11 3.11704e+11 
0.142 -1.15844 -4.45844 -2.37245 -3.90772 -1.04156 1.79806e+06 2.4165e+16 1.22959e-06 1.28507e-05 3.54303e-19 4.97537e-08 367098 0 0 1.33062e-13 0 0 0.0183389 0 0 0 0 0 0 3.16298e+11 3.16298e+11 3.16298e+11 3.16298e+11 
0.1425 -1.14007 -4.44007 -2.35365 -3.88927 -1.05993 1.82734e+06 2.4118e+16 1.23112e-06 1.28542e-05 3.60519e-19 4.967e-08 367722 0 0 1.35607e-13 0 0 0.0183389 0 0 0 0 0 0 3.20937e+11 3.20937e+11 3.20937e+11 3.20937e+11 
0.143 -1.12167 -4.42167 -2.33483 -3.87079 -1.07833 1.85696e+06 2.40711e+16 1.23265e-06 1.28576e-05 3.66817e-19 4.95869e-08 368345 0 0 1.38189e-13 0 0 0.0183389 0 0 0 0 0 0 3.2562e+11 3.2562e+11 3.2562e+11 3.2562e+11 
0.1435 -1.10324 -4.40324 -2.31598 -3.85229 -1.09676 1.88691e+06 2.40245e+16 1.23419e-06 1.2861e-05 3.73195e-19 4.95041e-08 368966 0 0 1.40809e-13 0 0 0.0183389 0 0 0 0 0 0 3.30349e+11 3.30349e+11 3.30349e+11 3.30349e+11 
0.144 -1.08477 -4.38477 -2.2971 -3.83375 -1.11523 1.91721e+06 2.39781e+16 1.23572e-06 1.28645e-05 3.79656e-19 4.94218e-08 369587 0 0 1.43467e-13 0 0 0.0183389 0 0 0 0 0 0 3.35122e+11 3.35122e+11 3.35122e+11 3.35122e+11 
0.1445 -1.06628 -4.36628 -2.2782 -3.81518 -1.13372 1.94783e+06 2.39318e+16 1.23725e-06 1.2868e-05 3.86198e-19 4.93399e-08 370206 0 0 1.46164e-13 0 0 0.0183389 0 0 0 0 0 0 3.39941e+11 3.39941e+11 3.39941e+11 3.39941e+11 
0.145 -1.04775 -4.34775 -2.25926 -3.79658 -1.15225 1.9788e+06 2.38858e+16 1.23878e-06 1.28716e-05 3.92824e-19 4.92585e-08 370824 0 0 1.48898e-13 0 0 0.0183389 0 0 0 0 0 0 3.44805e+11 3.44805e+11 3.44805e+11 3.44805e+11 
0.1455 -1.0292 -4.3292 -2.24029 -3.77795 -1.1708 2.01012e+06 2.38399e+16 1.24032e-06 1.28751e-05 3.99533e-19 4.91774e-08 371441 0 0 1.51672e-13 0 0 0.0183389 0 0 0 0 0 0 3.49714e+11 3.49714e+11 3.49714e+11 3.49714e+11 
0.146 -1.01061 -4.31061 -2.2213 -3.75929 -1.18939 2.04177e+06 2.37942e+16 1.24186e-06 1.28787e-05 4.06326e-19 4.90968e-08 372057 0 0 1.54486e-13 0 0 0.0183389 0 0 0 0 0 0 3.54669e+11 3.54669e+11 3.54669e+11 3.54669e+11 
0.1465 -0.99199 -4.29199 -2.20228 -3.7406 -1.20801 2.07377e+06 2.37487e+16 1.24339e-06 1.28823e-05 4.13204e-19 4.90166e-08 372671 0 0 1.57339e-13 0 0 0.0183389 0 0 0 0 0 0 3.5967e+11 3.5967e+11 3.5967e+11 3.5967e+11 
0.147 -0.973341 -4.27334 -2.18322 -3.72188 -1.22666 2.10612e+06 2.37034e+16 1.24493e-06 1.28859e-05 4.20167e-19 4.89368e-08 373284 0 0 1.60232e-13 0 0 0.0183389 0 0 0 0 0 0 3.64717e+11 3.64717e+11 3.64717e+11 3.64717e+11 
0.1475 -0.954661 -4.25466 -2.16414 -3.70312 -1.24534 2.13882e+06 2.36583e+16 1.24647e-06 1.28895e-05 4.27217e-19 4.88574e-08 373896 0 0 1.63166e-13 0 0 0.0183389 0 0 0 0 0 0 3.69809e+11 3.69809e+11 3.69809e+11 3.69809e+11 
0.148 -0.935951 -4.23595 -2.14503 -3.68434 -1.26405 2.17187e+06 2.36134e+16 1.24801e-06 1.28932e-05 4.34353e-19 4.87785e-08 374507 0 0 1.66141e-13 0 0 0.0183389 0 0 0 0 0 0 3.74948e+11 3.74948e+11 3.74948e+11 3.74948e+11 
0.1485 -0.917211 -4.21721 -2.12589 -3.66553 -1.28279 2.20527e+06 2.35686e+16 1.24955e-06 1.28969e-05 4.41577e-19 4.86999e-08 375117 0 0 1.69157e-13 0 0 0.0183389 0 0 0 0 0 0 3.80133e+11 3.80133e+11 3.80133e+11 3.80133e+11 
0.149 -0.898439 -4.19844 -2.10673 -3.64668 -1.30156 2.23903e+06 2.3524e+16 1.2511e-06 1.29006e-05 4.48888e-19 4.86217e-08 375726 0 0 1.72214e-13 0 0 0.0183389 0 0 0 0 0 0 3.85365e+11 3.85365e+11 3.85365e+11 3.85365e+11 
0.1495 -0.879638 -4.17964 -2.08753 -3.62781 -1.32036 2.27314e+06 2.34796e+16 1.25264e-06 1.29043e-05 4.56288e-19 4.85439e-08 376334 0 0 1.75314e-13 0 0 0.0183389 0 0 0 0 0 0 3.90643e+11 3.90643e+11 3.90643e+11 3.90643e+11 
0.15 -0.860806 -4.16081 -2.06831 -3.60891 -1.33919 2.30762e+06 2.34354e+16 1.25418e-06 1.2908e-05 4.63778e-19 4.84666e-08 376940 0 0 1.78456e-13 0 0 0.0183389 0 0 0 0 0 0 3.95968e+11 3.95968e+11 3.95968e+11 3.95968e+11 
0.1505 -0.841944 -4.14194 -2.04905 -3.58997 -1.35806 2.34245e+06 2.33913e+16 1.25573e-06 1.29118e-05 4.71357e-19 4.83896e-08 377545 0 0 1.8164e-13 0 0 0.0183389 0 0 0 0 0 0 4.01339e+11 4.01339e+11 4.01339e+11 4.01339e+11 
0.151 -0.823052 -4.12305 -2.02977 -3.57101 -1.37695 2.37764e+06 2.33475e+16 1.25727e-06 1.29156e-05 4.79026e-19 4.8313e-08 378149 0 0 1.84868e-13 0 0 0.0183389 0 0 0 0 0 0 4.06758e+11 4.06758e+11 4.06758e+11 4.06758e+11 
0.1515 -0.804129 -4.10413 -2.01046 -3.55201 -1.39587 2.41319e+06 2.33038e+16 1.25882e-06 1.29194e-05 4.86786e-19 4.82367e-08 378752 0 0 1.88139e-13 0 0 0.0183389 0 0 0 0 0 0 4.12224e+11 4.12224e+11 4.12224e+11 4.12224e+11 
0.152 -0.785176 -4.08518 -1.99113 -3.53299 -1.41482 2.44911e+06 2.32602e+16 1.26037e-06 1.29232e-05 4.94639e-19 4.81609e-08 379354 0 0 1.91454e-13 0 0 0.0183389 0 0 0 0 0 0 4.17736e+11 4.17736e+11 4.17736e+11 4.17736e+11 
0.1525 -0.766194 -4.06619 -1.97176 -3.51394 -1.43381 2.4854e+06 2.32169e+16 1.26192e-06 1.2927e-05 5.02583e-19 4.80854e-08 379955 0 0 1.94813e-13 0 0 0.0183389 0 0 0 0 0 0 4.23296e+11 4.23296e+11 4.23296e+11 4.23296e+11 
0.153 -0.747181 -4.04718 -1.95237 -3.49485 -1.45282 2.52206e+06 2.31737e+16 1.26347e-06 1.29309e-05 5.1062e-19 4.80103e-08 380554 0 0 1.98217e-13 0 0 0.0183389 0 0 0 0 0 0 4.28904e+11 4.28904e+11 4.28904e+11 4.28904e+11 
0.1535 -0.728138 -4.02814 -1.93294 -3.47574 -1.47186 2.55908e+06 2.31307e+16 1.26502e-06 1.29348e-05 5.18751e-19 4.79356e-08 381153 0 0 2.01666e-13 0 0 0.0183389 0 0 0 0 0 0 4.34559e+11 4.34559e+11 4.34559e+11 4.34559e+11 
0.154 -0.709066 -4.00907 -1.91349 -3.45659 -1.49093 2.59648e+06 2.30878e+16 1.26657e-06 1.29387e-05 5.26976e-19 4.78613e-08 381750 0 0 2.0516e-13 0 0 0.0183389 0 0 0 0 0 0 4.40261e+11 4.40261e+11 4.40261e+11 4.40261e+11 
0.1545 -0.689963 -3.98996 -1.89401 -3.43742 -1.51004 2.63424e+06 2.30451e+16 1.26813e-06 1.29426e-05 5.35296e-19 4.77873e-08 382347 0 0 2.087e-13 0 0 0.0183389 0 0 0 0 0 0 4.46012e+11 4.46012e+11 4.46012e+11 4.46012e+11 
0.155 -0.670831 -3.97083 -1.87451 -3.41822 -1.52917 2.67239e+06 2.30026e+16 1.26968e-06 1.29466e-05 5.43711e-19 4.77137e-08 382942 0 0 2.12286e-13 0 0 0.0183389 0 0 0 0 0 0 4.5181e+11 4.5181e+11 4.5181e+11 4.5181e+11 
0.1555 -0.651669 -3.95167 -1.85497 -3.39899 -1.54833 2.71091e+06 2.29603e+16 1.27124e-06 1.29506e-05 5.52223e-19 4.76404e-08 383536 0 0 2.15918e-13 0 0 0.0183389 0 0 0 0 0 0 4.57656e+11 4.57656e+11 4.57656e+11 4.57656e+11 
0.156 -0.632477 -3.93248 -1.83541 -3.37972 -1.56752 2.7498e+06 2.29181e+16 1.27279e-06 1.29545e-05 5.6083e-19 4.75675e-08 384129 0 0 2.19598e-13 0 0 0.0183389 0 0 0 0 0 0 4.6355e+11 4.6355e+11 4.6355e+11 4.6355e+11 
0.1565 -0.613256 -3.91326 -1.81582 -3.36043 -1.58674 2.78908e+06 2.2876e+16 1.27435e-06 1.29585e-05 5.69536e-19 4.7495e-08 384721 0 0 2.23324e-13 0 0 0.0183389 0 0 0 0 0 0 4.69492e+11 4.69492e+11 4.69492e+11 4.69492e+11 
0.157 -0.594005 -3.89401 -1.7962 -3.34111 -1.60599 2.82874e+06 2.28342e+16 1.27591e-06 1.29626e-05 5.78339e-19 4.74228e-08 385311 0 0 2.27099e-13 0 0 0.0183389 0 0 0 0 0 0 4.75483e+11 4.75483e+11 4.75483e+11 4.75483e+11 
0.1575 -0.574725 -3.87473 -1.77655 -3.32176 -1.62527 2.86877e+06 2.27925e+16 1.27747e-06 1.29666e-05 5.8724e-19 4.73509e-08 385901 0 0 2.30921e-13 0 0 0.0183389 0 0 0 0 0 0 4.81522e+11 4.81522e+11 4.81522e+11 4.81522e+11 
0.158 -0.555415 -3.85542 -1.75688 -3.30238 -1.64458 2.9092e+06 2.27509e+16 1.27903e-06 1.29707e-05 5.96241e-19 4.72794e-08 386490 0 0 2.34792e-13 0 0 0.0183389 0 0 0 0 0 0 4.87609e+11 4.87609e+11 4.87609e+11 4.87609e+11 
0.1585 -0.536076 -3.83608 -1.73718 -3.28297 -1.66392 2.95001e+06 2.27095e+16 1.28059e-06 1.29748e-05 6.05341e-19 4.72083e-08 387077 0 0 2.38711e-13 0 0 0.0183389 0 0 0 0 0 0 4.93745e+11 4.93745e+11 4.93745e+11 4.93745e+11 
0.159 -0.516707 -3.81671 -1.71744 -3.26354 -1.68329 2.9912e+06 2.26683e+16 1.28215e-06 1.29789e-05 6.14542e-19 4.71375e-08 387664 0 0 2.4268e-13 0 0 0.0183389 0 0 0 0 0 0 4.99929e+11 4.99929e+11 4.99929e+11 4.99929e+11 
0.1595 -0.49731 -3.79731 -1.69769 -3.24407 -1.70269 3.03279e+06 2.26272e+16 1.28371e-06 1.2983e-05 6.23843e-19 4.7067e-08 388249 0 0 2.46699e-13 0 0 0.0183389 0 0 0 0 0 0 5.06163e+11 5.06163e+11 5.06163e+11 5.06163e+11 
0.16 -0.477883 -3.77788 -1.6779 -3.22457 -1.72212 3.07476e+06 2.25863e+16 1.28528e-06 1.29871e-05 6.33247e-19 4.69968e-08 388834 0 0 2.50767e-13 0 0 0.0183389 0 0 0 0 0 0 5.12445e+11 5.12445e+11 5.12445e+11 5.12445e+11 
0.1605 -0.458426 -3.75843 -1.65809 -3.20505 -1.74157 3.11712e+06 2.25456e+16 1.28684e-06 1.29913e-05 6.42752e-19 4.6927e-08 389417 0 0 2.54886e-13 0 0 0.0183389 0 0 0 0 0 0 5.18776e+11 5.18776e+11 5.18776e+11 5.18776e+11 
0.161 -0.438941 -3.73894 -1.63825 -3.18549 -1.76106 3.15988e+06 2.2505e+16 1.28841e-06 1.29954e-05 6.52361e-19 4.68576e-08 389999 0 0 2.59056e-13 0 0 0.0183389 0 0 0 0 0 0 5.25156e+11 5.25156e+11 5.25156e+11 5.25156e+11 
0.1615 -0.419426 -3.71943 -1.61838 -3.16591 -1.78057 3.20303e+06 2.24645e+16 1.28997e-06 1.29996e-05 6.62072e-19 4.67884e-08 390581 0 0 2.63276e-13 0 0 0.0183389 0 0 0 0 0 0 5.31585e+11 5.31585e+11 5.31585e+11 5.31585e+11 
0.162 -0.399883 -3.69988 -1.59848 -3.1463 -1.80012 3.24658e+06 2.24242e+16 1.29154e-06 1.30038e-05 6.71888e-19 4.67196e-08 391161 0 0 2.67549e-13 0 0 0.0183389 0 0 0 0 0 0 5.38063e+11 5.38063e+11 5.38063e+11 5.38063e+11 
0.1625 -0.38031 -3.68031 -1.57856 -3.12666 -1.81969 3.29053e+06 2.2384e+16 1.29311e-06 1.30081e-05 6.81809e-19 4.66511e-08 391740 0 0 2.71873e-13 0 0 0.0183389 0 0 0 0 0 0 5.4459e+11 5.4459e+11 5.4459e+11 5.4459e+11 
0.163 -0.360709 -3.66071 -1.55861 -3.10699 -1.83929 3.33487e+06 2.2344e+16 1.29468e-06 1.30123e-05 6.91834e-19 4.65829e-08 392318 0 0 2.7625e-13 0 0 0.0183389 0 0 0 0 0 0 5.51167e+11 5.51167e+11 5.51167e+11 5.51167e+11 
0.1635 -0.341078 -3.64108 -1.53863 -3.08729 -1.85892 3.37962e+06 2.23042e+16 1.29625e-06 1.30166e-05 7.01966e-19 4.65151e-08 392895 0 0 2.80679e-13 0 0 0.0183389 0 0 0 0 0 0 5.57793e+11 5.57793e+11 5.57793e+11 5.57793e+11 
0.164 -0.321419 -3.62142 -1.51863 -3.06756 -1.87858 3.42476e+06 2.22645e+16 1.29782e-06 1.30209e-05 7.12204e-19 4.64475e-08 393471 0 0 2.85161e-13 0 0 0.0183389 0 0 0 0 0 0 5.64469e+11 5.64469e+11 5.64469e+11 5.64469e+11 
0.1645 -0.301731 -3.60173 -1.49859 -3.04781 -1.89827 3.47031e+06 2.22249e+16 1.29939e-06 1.30252e-05 7.22549e-19 4.63803e-08 394046 0 0 2.89697e-13 0 0 0.0183389 0 0 0 0 0 0 5.71194e+11 5.71194e+11 5.71194e+11 5.71194e+11 
0.165 -0.282015 -3.58201 -1.47853 -3.02802 -1.91799 3.51626e+06 2.21855e+16 1.30097e-06 1.30295e-05 7.33002e-19 4.63134e-08 394620 0 0 2.94287e-13 0 0 0.0183389 0 0 0 0 0 0 5.77968e+11 5.77968e+11 5.77968e+11 5.77968e+11 
0.1655 -0.262269 -3.56227 -1.45845 -3.00821 -1.93773 3.56262e+06 2.21463e+16 1.30254e-06 1.30338e-05 7.43564e-19 4.62468e-08 395193 0 0 2.98932e-13 0 0 0.0183389 0 0 0 0 0 0 5.84793e+11 5.84793e+11 5.84793e+11 5.84793e+11 
0.166 -0.242495 -3.5425 -1.43833 -2.98837 -1.9575 3.60939e+06 2.21071e+16 1.30412e-06 1.30382e-05 7.54234e-19 4.61805e-08 395765 0 0 3.03631e-13 0 0 0.0183389 0 0 0 0 0 0 5.91667e+11 5.91667e+11 5.91667e+11 5.91667e+11 
0.1665 -0.222693 -3.52269 -1.41819 -2.9685 -1.97731 3.65656e+06 2.20682e+16 1.30569e-06 1.30425e-05 7.65014e-19 4.61145e-08 396336 0 0 3.08385e-13 0 0 0.0183389 0 0 0 0 0 0 5.98591e+11 5.98591e+11 5.98591e+11 5.98591e+11 
0.167 -0.202862 -3.50286 -1.39802 -2.9486 -1.99714 3.70414e+06 2.20293e+16 1.30727e-06 1.30469e-05 7.75904e-19 4.60488e-08 396906 0 0 3.13194e-13 0 0 0.0183389 0 0 0 0 0 0 6.05565e+11 6.05565e+11 6.05565e+11 6.05565e+11 
0.1675 -0.183002 -3.483 -1.37783 -2.92867 -2.017 3.75214e+06 2.19906e+16 1.30885e-06 1.30513e-05 7.86904e-19 4.59835e-08 397475 0 0 3.1806e-13 0 0 0.0183389 0 0 0 0 0 0 6.12588e+11 6.12588e+11 6.12588e+11 6.12588e+11 
0.168 -0.163114 -3.46311 -1.35761 -2.90872 -2.03689 3.80055e+06 2.19521e+16 1.31042e-06 1.30557e-05 7.98017e-19 4.59184e-08 398043 0 0 3.22982e-13 0 0 0.0183389 0 0 0 0 0 0 6.19662e+11 6.19662e+11 6.19662e+11 6.19662e+11 
0.1685 -0.143198 -3.4432 -1.33736 -2.88873 -2.0568 3.84937e+06 2.19137e+16 1.312e-06 1.30601e-05 8.09241e-19 4.58536e-08 398610 0 0 3.2796e-13 0 0 0.0183389 0 0 0 0 0 0 6.26786e+11 6.26786e+11 6.26786e+11 6.26786e+11 
0.169 -0.123253 -3.42325 -1.31708 -2.86872 -2.07675 3.8986e+06 2.18754e+16 1.31358e-06 1.30646e-05 8.20577e-19 4.57891e-08 399176 0 0 3.32996e-13 0 0 0.0183389 0 0 0 0 0 0 6.3396e+11 6.3396e+11 6.3396e+11 6.3396e+11 
0.1695 -0.10328 -3.40328 -1.29678 -2.84868 -2.09672 3.94825e+06 2.18373e+16 1.31517e-06 1.30691e-05 8.32027e-19 4.57249e-08 399741 0 0 3.38089e-13 0 0 0.0183389 0 0 0 0 0 0 6.41184e+11 6.41184e+11 6.41184e+11 6.41184e+11 
0.17 -0.0832791 -3.38328 -1.27645 -2.82862 -2.11672 3.99832e+06 2.17993e+16 1.31675e-06 1.30735e-05 8.43591e-19 4.5661e-08 400305 0 0 3.4324e-13 0 0 0.0183389 0 0 0 0 0 0 6.48459e+11 6.48459e+11 6.48459e+11 6.48459e+11 
0.1705 -0.0632497 -3.36325 -1.25609 -2.80852 -2.13675 4.04881e+06 2.17614e+16 1.31833e-06 1.3078e-05 8.55269e-19 4.55974e-08 400868 0 0 3.48449e-13 0 0 0.0183389 0 0 0 0 0 0 6.55783e+11 6.55783e+11 6.55783e+11 6.55783e+11 
0.171 -0.0431923 -3.34319 -1.23571 -2.7884 -2.15681 4.09971e+06 2.17237e+16 1.31992e-06 1.30825e-05 8.67062e-19 4.5534e-08 401430 0 0 3.53717e-13 0 0 0.0183389 0 0 0 0 0 0 6.63158e+11 6.63158e+11 6.63158e+11 6.63158e+11 
0.1715 -0.0231067 -3.32311 -1.2153 -2.76825 -2.17689 4.15104e+06 2.16861e+16 1.3215e-06 1.30871e-05 8.78971e-19 4.5471e-08 401991 0 0 3.59044e-13 0 0 0.0183389 0 0 0 0 0 0 6.70584e+11 6.70584e+11 6.70584e+11 6.70584e+11 
0.172 -0.00299315 -3.30299 -1.19486 -2.74807 -2.19701 4.20279e+06 2.16486e+16 1.32309e-06 1.30916e-05 8.90995e-19 4.54082e-08 402551 0 0 3.64431e-13 0 0 0.0183389 0 0 0 0 0 0 6.78059e+11 6.78059e+11 6.78059e+11 6.78059e+11 
0.1725 0.0171484 -3.28285 -1.1744 -2.72786 -2.21715 4.25497e+06 2.16113e+16 1.32467e-06 1.30962e-05 9.03137e-19 4.53457e-08 403110 0 0 3.69878e-13 0 0 0.0183389 0 0 0 0 0 0 6.85586e+11 6.85586e+11 6.85586e+11 6.85586e+11 
0.173 0.0373179 -3.26268 -1.15391 -2.70762 -2.23732 4.30756e+06 2.15741e+16 1.32626e-06 1.31007e-05 9.15396e-19 4.52835e-08 403669 0 0 3.75385e-13 0 0 0.0183389 0 0 0 0 0 0 6.93162e+11 6.93162e+11 6.93162e+11 6.93162e+11 
0.1735 0.0575153 -3.24248 -1.13339 -2.68736 -2.25752 4.36059e+06 2.15371e+16 1.32785e-06 1.31053e-05 9.27773e-19 4.52215e-08 404226 0 0 3.80952e-13 0 0 0.0183389 0 0 0 0 0 0 7.0079e+11 7.0079e+11 7.0079e+11 7.0079e+11 
0.174 0.0777405 -3.22226 -1.11285 -2.66707 -2.27774 4.41404e+06 2.15002e+16 1.32944e-06 1.31099e-05 9.40269e-19 4.51599e-08 404782 0 0 3.86581e-13 0 0 0.0183389 0 0 0 0 0 0 7.08468e+11 7.08468e+11 7.08468e+11 7.08468e+11 
0.1745 0.0979935 -3.20201 -1.09228 -2.64675 -2.29799 4.46792e+06 2.14634e+16 1.33103e-06 1.31146e-05 9.52883e-19 4.50985e-08 405337 0 0 3.92272e-13 0 0 0.0183389 0 0 0 0 0 0 7.16196e+11 7.16196e+11 7.16196e+11 7.16196e+11 
0.175 0.118274 -3.18173 -1.07168 -2.62641 -2.31827 4.52223e+06 2.14267e+16 1.33262e-06 1.31192e-05 9.65618e-19 4.50374e-08 405892 0 0 3.98024e-13 0 0 0.0183389 0 0 0 0 0 0 7.23976e+11 7.23976e+11 7.23976e+11 7.23976e+11 
0.1755 0.138583 -3.16142 -1.05106 -2.60603 -2.33858 4.57697e+06 2.13902e+16 1.33421e-06 1.31239e-05 9.78472e-19 4.49765e-08 406445 0 0 4.03839e-13 0 0 0.0183389 0 0 0 0 0 0 7.31806e+11 7.31806e+11 7.31806e+11 7.31806e+11 
0.176 0.158919 -3.14108 -1.03041 -2.58563 -2.35892 4.63214e+06 2.13538e+16 1.33581e-06 1.31285e-05 9.91448e-19 4.49159e-08 406998 0 0 4.09716e-13 0 0 0.0183389 0 0 0 0 0 0 7.39686e+11 7.39686e+11 7.39686e+11 7.39686e+11 
0.1765 0.179282 -3.12072 -1.00974 -2.5652 -2.37928 4.68774e+06 2.13175e+16 1.3374e-06 1.31332e-05 1.00455e-18 4.48556e-08 407549 0 0 4.15656e-13 0 0 0.0183389 0 0 0 0 0 0 7.47618e+11 7.47618e+11 7.47618e+11 7.47618e+11 
0.177 0.199674 -3.10033 -0.989035 -2.54475 -2.39967 4.74378e+06 2.12813e+16 1.33899e-06 1.31379e-05 1.01776e-18 4.47956e-08 408100 0 0 4.21661e-13 0 0 0.0183389 0 0 0 0 0 0 7.556e+11 7.556e+11 7.556e+11 7.556e+11 
0.1775 0.220092 -3.07991 -0.968308 -2.52426 -2.42009 4.80025e+06 2.12453e+16 1.34059e-06 1.31426e-05 1.03111e-18 4.47358e-08 408649 0 0 4.27729e-13 0 0 0.0183389 0 0 0 0 0 0 7.63633e+11 7.63633e+11 7.63633e+11 7.63633e+11 
0.178 0.240539 -3.05946 -0.947554 -2.50375 -2.44054 4.85716e+06 2.12094e+16 1.34219e-06 1.31473e-05 1.04457e-18 4.46762e-08 409198 0 0 4.33861e-13 0 0 0.0183389 0 0 0 0 0 0 7.71717e+11 7.71717e+11 7.71717e+11 7.71717e+11 
0.1785 0.261012 -3.03899 -0.926774 -2.48322 -2.46101 4.9145e+06 2.11736e+16 1.34378e-06 1.31521e-05 1.05816e-18 4.4617e-08 409746 0 0 4.40058e-13 0 0 0.0183389 0 0 0 0 0 0 7.79852e+11 7.79852e+11 7.79852e+11 7.79852e+11 
0.179 0.281513 -3.01849 -0.905968 -2.46265 -2.48151 4.97228e+06 2.1138e+16 1.34538e-06 1.31568e-05 1.07187e-18 4.45579e-08 410293 0 0 4.46321e-13 0 0 0.0183389 0 0 0 0 0 0 7.88038e+11 7.88038e+11 7.88038e+11 7.88038e+11 
0.1795 0.302041 -2.99796 -0.885136 -2.44206 -2.50204 5.0305e+06 2.11025e+16 1.34698e-06 1.31616e-05 1.08571e-18 4.44992e-08 410839 0 0 4.52649e-13 0 0 0.0183389 0 0 0 0 0 0 7.96275e+11 7.96275e+11 7.96275e+11 7.96275e+11 
0.18 0.322597 -2.9774 -0.864278 -2.42144 -2.5226 5.08916e+06 2.10671e+16 1.34858e-06 1.31664e-05 1.09968e-18 4.44406e-08 411384 0 0 4.59043e-13 0 0 0.0183389 0 0 0 0 0 0 8.04562e+11 8.04562e+11 8.04562e+11 8.04562e+11 
0.1805 0.34318 -2.95682 -0.843394 -2.40079 -2.54318 5.14827e+06 2.10318e+16 1.35018e-06 1.31712e-05 1.11377e-18 4.43824e-08 411928 0 0 4.65504e-13 0 0 0.0183389 0 0 0 0 0 0 8.12901e+11 8.12901e+11 8.12901e+11 8.12901e+11 
0.181 0.36379 -2.93621 -0.822484 -2.38012 -2.56379 5.20781e+06 2.09966e+16 1.35178e-06 1.3176e-05 1.12798e-18 4.43244e-08 412471 0 0 4.72031e-13 0 0 0.0183389 0 0 0 0 0 0 8.21291e+11 8.21291e+11 8.21291e+11 8.21291e+11 
0.1815 0.384427 -2.91557 -0.801548 -2.35942 -2.58443 5.2678e+06 2.09616e+16 1.35338e-06 1.31808e-05 1.14233e-18 4.42666e-08 413013 0 0 4.78625e-13 0 0 0.0183389 0 0 0 0 0 0 8.29731e+11 8.29731e+11 8.29731e+11 8.29731e+11 
0.182 0.405091 -2.89491 -0.780586 -2.33869 -2.60509 5.32823e+06 2.09267e+16 1.35499e-06 1.31856e-05 1.1568e-18 4.42091e-08 413555 0 0 4.85287e-13 0 0 0.0183389 0 0 0 0 0 0 8.38223e+11 8.38223e+11 8.38223e+11 8.38223e+11 
0.1825 0.425782 -2.87422 -0.759598 -2.31794 -2.62578 5.3891e+06 2.08919e+16 1.35659e-06 1.31905e-05 1.1714e-18 4.41518e-08 414095 0 0 4.92018e-13 0 0 0.0183389 0 0 0 0 0 0 8.46766e+11 8.46766e+11 8.46766e+11 8.46766e+11 
0.183 0.446501 -2.8535 -0.738585 -2.29716 -2.6465 5.45043e+06 2.08572e+16 1.3582e-06 1.31953e-05 1.18613e-18 4.40948e-08 414635 0 0 4.98816e-13 0 0 0.0183389 0 0 0 0 0 0 8.55359e+11 8.55359e+11 8.55359e+11 8.55359e+11 
0.1835 0.467246 -2.83275 -0.717545 -2.27635 -2.66725 5.51219e+06 2.08226e+16 1.3598e-06 1.32002e-05 1.20099e-18 4.4038e-08 415174 0 0 5.05684e-13 0 0 0.0183389 0 0 0 0 0 0 8.64004e+11 8.64004e+11 8.64004e+11 8.64004e+11 
0.184 0.488018 -2.81198 -0.69648 -2.25551 -2.68802 5.57441e+06 2.07882e+16 1.36141e-06 1.32051e-05 1.21598e-18 4.39814e-08 415712 0 0 5.12621e-13 0 0 0.0183389 0 0 0 0 0 0 8.727e+11 8.727e+11 8.727e+11 8.727e+11 
0.1845 0.508817 -2.79118 -0.67539 -2.23465 -2.70882 5.63707e+06 2.07539e+16 1.36302e-06 1.321e-05 1.2311e-18 4.39251e-08 416248 0 0 5.19627e-13 0 0 0.0183389 0 0 0 0 0 0 8.81447e+11 8.81447e+11 8.81447e+11 8.81447e+11 
0.185 0.529643 -2.77036 -0.654273 -2.21376 -2.72964 5.70019e+06 2.07196e+16 1.36463e-06 1.32149e-05 1.24635e-18 4.3869e-08 416785 0 0 5.26704e-13 0 0 0.0183389 0 0 0 0 0 0 8.90245e+11 8.90245e+11 8.90245e+11 8.90245e+11 
0.1855 0.550496 -2.7495 -0.633131 -2.19285 -2.7505 5.76375e+06 2.06855e+16 1.36623e-06 1.32199e-05 1.26174e-18 4.38132e-08 417320 0 0 5.33851e-13 0 0 0.0183389 0 0 0 0 0 0 8.99094e+11 8.99094e+11 8.99094e+11 8.99094e+11 
0.186 0.571375 -2.72863 -0.611963 -2.1719 -2.77137 5.82777e+06 2.06516e+16 1.36784e-06 1.32248e-05 1.27725e-18 4.37575e-08 417854 0 0 5.41069e-13 0 0 0.0183389 0 0 0 0 0 0 9.07994e+11 9.07994e+11 9.07994e+11 9.07994e+11 
0.1865 0.592281 -2.70772 -0.59077 -2.15094 -2.79228 5.89223e+06 2.06177e+16 1.36946e-06 1.32298e-05 1.2929e-18 4.37022e-08 418387 0 0 5.48358e-13 0 0 0.0183389 0 0 0 0 0 0 9.16945e+11 9.16945e+11 9.16945e+11 9.16945e+11 
0.187 0.613214 -2.68679 -0.569552 -2.12994 -2.81321 5.95715e+06 2.05839e+16 1.37107e-06 1.32347e-05 1.30868e-18 4.3647e-08 418920 0 0 5.55719e-13 0 0 0.0183389 0 0 0 0 0 0 9.25948e+11 9.25948e+11 9.25948e+11 9.25948e+11 
0.1875 0.634173 -2.66583 -0.548307 -2.10892 -2.83417 6.02252e+06 2.05503e+16 1.37268e-06 1.32397e-05 1.3246e-18 4.35921e-08 419452 0 0 5.63152e-13 0 0 0.0183389 0 0 0 0 0 0 9.35001e+11 9.35001e+11 9.35001e+11 9.35001e+11 
0.188 0.655159 -2.64484 -0.527038 -2.08787 -2.85516 6.08835e+06 2.05168e+16 1.37429e-06 1.32447e-05 1.34065e-18 4.35374e-08 419982 0 0 5.70657e-13 0 0 0.0183389 0 0 0 0 0 0 9.44105e+11 9.44105e+11 9.44105e+11 9.44105e+11 
0.1885 0.676171 -2.62383 -0.505743 -2.0668 -2.87617 6.15464e+06 2.04833e+16 1.37591e-06 1.32497e-05 1.35684e-18 4.34829e-08 420512 0 0 5.78236e-13 0 0 0.0183389 0 0 0 0 0 0 9.53261e+11 9.53261e+11 9.53261e+11 9.53261e+11 
0.189 0.69721 -2.60279 -0.484422 -2.0457 -2.89721 6.22137e+06 2.045e+16 1.37752e-06 1.32548e-05 1.37316e-18 4.34286e-08 421041 0 0 5.85888e-13 0 0 0.0183389 0 0 0 0 0 0 9.62467e+11 9.62467e+11 9.62467e+11 9.62467e+11 
0.1895 0.718275 -2.58172 -0.463077 -2.02457 -2.91828 6.28857e+06 2.04168e+16 1.37914e-06 1.32598e-05 1.38962e-18 4.33746e-08 421570 0 0 5.93613e-13 0 0 0.0183389 0 0 0 0 0 0 9.71725e+11 9.71725e+11 9.71725e+11 9.71725e+11 
0.19 0.739367 -2.56063 -0.441706 -2.00342 -2.93937 6.35622e+06 2.03838e+16 1.38075e-06 1.32648e-05 1.40621e-18 4.33208e-08 422097 0 0 6.01413e-13 0 0 0.0183389 0 0 0 0 0 0 9.81034e+11 9.81034e+11 9.81034e+11 9.81034e+11 
0.1905 0.760485 -2.53951 -0.420309 -1.98224 -2.96049 6.42433e+06 2.03508e+16 1.38237e-06 1.32699e-05 1.42294e-18 4.32672e-08 422623 0 0 6.09288e-13 0 0 0.0183389 0 0 0 0 0 0 9.90393e+11 9.90393e+11 9.90393e+11 9.90393e+11 
0.191 0.781629 -2.51837 -0.398888 -1.96103 -2.98163 6.49291e+06 2.03179e+16 1.38399e-06 1.3275e-05 1.43981e-18 4.32138e-08 423149 0 0 6.17237e-13 0 0 0.0183389 0 0 0 0 0 0 9.99804e+11 9.99804e+11 9.99804e+11 9.99804e+11 
0.1915 0.8028 -2.4972 -0.377441 -1.9398 -3.0028 6.56194e+06 2.02851e+16 1.38561e-06 1.32801e-05 1.45682e-18 4.31607e-08 423674 0 0 6.25262e-13 0 0 0.0183389 0 0 0 0 0 0 1.00927e+12 1.00927e+12 1.00927e+12 1.00927e+12 
0.192 0.823997 -2.476 -0.355969 -1.91854 -3.024 6.63143e+06 2.02525e+16 1.38723e-06 1.32851e-05 1.47397e-18 4.31077e-08 424198 0 0 6.33362e-13 0 0 0.0183389 0 0 0 0 0 0 1.01878e+12 1.01878e+12 1.01878e+12 1.01878e+12 
0.1925 0.84522 -2.45478 -0.334473 -1.89726 -3.04522 6.70138e+06 2.02199e+16 1.38885e-06 1.32903e-05 1.49126e-18 4.3055e-08 424721 0 0 6.41539e-13 0 0 0.0183389 0 0 0 0 0 0 1.02834e+12 1.02834e+12 1.02834e+12 1.02834e+12 
0.193 0.866469 -2.43353 -0.312951 -1.87595 -3.06647 6.77179e+06 2.01875e+16 1.39047e-06 1.32954e-05 1.50869e-18 4.30024e-08 425243 0 0 6.49792e-13 0 0 0.0183389 0 0 0 0 0 0 1.03795e+12 1.03795e+12 1.03795e+12 1.03795e+12 
0.1935 0.887744 -2.41226 -0.291404 -1.85461 -3.08774 6.84267e+06 2.01551e+16 1.39209e-06 1.33005e-05 1.52626e-18 4.29499e-08 425765 0 0 6.58122e-13 0 0 0.0183389 0 0 0 0 0 0 1.04761e+12 1.04761e+12 1.04761e+12 1.04761e+12 
0.194 0.909045 -2.39095 -0.269832 -1.83325 -3.10905 6.91401e+06 2.01227e+16 1.39372e-06 1.33056e-05 1.54396e-18 4.28973e-08 426285 0 0 6.6653e-13 0 0 0.0183389 0 0 0 0 0 0 1.05732e+12 1.05732e+12 1.05732e+12 1.05732e+12 
0.1945 0.930373 -2.36963 -0.248235 -1.81186 -3.13037 6.98581e+06 2.00902e+16 1.39534e-06 1.33106e-05 1.56182e-18 4.28443e-08 426805 0 0 6.75015e-13 0 0 0.0183389 0 0 0 0 0 0 1.06706e+12 1.06706e+12 1.06706e+12 1.06706e+12 
0.195 0.951726 -2.34827 -0.226613 -1.79045 -3.15173 7.05808e+06 2.00573e+16 1.39697e-06 1.33155e-05 1.57981e-18 4.27899e-08 427324 0 0 6.83579e-13 0 0 0.0183389 0 0 0 0 0 0 1.07681e+12 1.07681e+12 1.07681e+12 1.07681e+12 
0.1955 0.973105 -2.3269 -0.204966 -1.769 -3.1731 7.1308e+06 2.00233e+16 1.39859e-06 1.33201e-05 1.59794e-18 4.27321e-08 427842 0 0 6.9222e-13 0 0 0.0183389 0 0 0 0 0 0 1.08652e+12 1.08652e+12 1.08652e+12 1.08652e+12 
0.196 0.99451 -2.30549 -0.183294 -1.74753 -3.19451 7.20399e+06 1.99866e+16 1.40022e-06 1.33238e-05 1.61622e-18 4.26656e-08 428359 0 0 7.00937e-13 0 0 0.0183389 0 0 0 0 0 0 1.09605e+12 1.09605e+12 1.09605e+12 1.09605e+12 
0.1965 1.01594 -2.28406 -0.161598 -1.72601 -3.21594 7.27762e+06 1.9943e+16 1.40184e-06 1.33255e-05 1.63463e-18 4.2578e-08 428875 0 0 7.09729e-13 0 0 0.0183389 0 0 0 0 0 0 1.10509e+12 1.10509e+12 1.10509e+12 1.10509e+12 
0.197 1.0374 -2.2626 -0.139877 -1.70444 -3.2374 7.35167e+06 1.98832e+16 1.40347e-06 1.33223e-05 1.65318e-18 4.244e-08 429390 0 0 7.18588e-13 0 0 0.0183389 0 0 0 0 0 0 1.11287e+12 1.11287e+12 1.11287e+12 1.11287e+12 
0.1975 1.05888 -2.24112 -0.118131 -1.68277 -3.25888 7.42608e+06 1.97839e+16 1.40509e-06 1.33073e-05 1.67184e-18 4.21805e-08 429903 0 0 7.27497e-13 0 0 0.0183389 0 0 0 0 0 0 1.1175e+12 1.1175e+12 1.1175e+12 1.1175e+12 
0.198 1.08039 -2.21961 -0.0963626 -1.66089 -3.28039 7.50068e+06 1.95898e+16 1.40595e-06 1.32565e-05 1.68966e-18 4.16072e-08 430158 0 0 7.31961e-13 0 0 0.0183389 0 0 0 0 0 0 1.11386e+12 1.11386e+12 1.11386e+12 1.11386e+12 
0.198 1.08039 -2.21961 -0.0963626 -1.66089 -3.28039 7.50068e+06 1.95898e+16 1.40732e-06 1.32695e-05 1.69132e-18 4.1648e-08 430619 0 0 7.40056e-13 0 0 0.0183389 0 0 0 0 0 0 1.11495e+12 1.11495e+12 1.11495e+12 1.11495e+12 
0.198409 1.09802 -2.20198 -0.078523 -1.64266 -3.29802 7.56161e+06 1.92788e+16 1.40796e-06 1.31813e-05 1.70583e-18 4.07144e-08 430823 0 0 7.43652e-13 0 0 0.0183389 0 0 0 0 0 0 1.09956e+12 1.09956e+12 1.09956e+12 1.09956e+12 
0.198752 1.11277 -2.18723 -0.0635946 -1.62697 -3.31277 7.61211e+06 1.88085e+16 1.40904e-06 1.30483e-05 1.71854e-18 3.93205e-08 431160 0 0 7.49586e-13 0 0 0.0183389 0 0 0 0 0 0 1.07014e+12 1.07014e+12 1.07014e+12 1.07014e+12 
0.199038 1.12512 -2.17488 -0.0511053 -1.61328 -3.32512 7.65362e+06 1.81514e+16 1.40992e-06 1.28545e-05 1.72899e-18 3.73831e-08 431433 0 0 7.54376e-13 0 0 0.0183389 0 0 0 0 0 0 1.02453e+12 1.02453e+12 1.02453e+12 1.02453e+12 
0.199277 1.13545 -2.16455 -0.0406588 -1.60113 -3.33545 7.68746e+06 1.72961e+16 1.41063e-06 1.25941e-05 1.73751e-18 3.49001e-08 431653 0 0 7.58177e-13 0 0 0.0183388 0 0 0 0 0 0 9.62721e+11 9.62721e+11 9.62721e+11 9.62721e+11 
0.199478 1.14409 -2.15591 -0.0319226 -1.59015 -3.34409 7.7148e+06 1.62483e+16 1.41119e-06 1.22655e-05 1.74438e-18 3.19302e-08 431826 0 0 7.61134e-13 0 0 0.0183388 0 0 0 0 0 0 8.86351e+11 8.86351e+11 8.86351e+11 8.86351e+11 
0.199645 1.15132 -2.14868 -0.0246179 -1.58 -3.35132 7.73671e+06 1.50275e+16 1.41163e-06 1.187e-05 1.74988e-18 2.8579e-08 431962 0 0 7.63388e-13 0 0 0.0183387 0 0 0 0 0 0 7.98338e+11 7.98338e+11 7.98338e+11 7.98338e+11 
0.199785 1.15737 -2.14263 -0.0185107 -1.57041 -3.35737 7.75414e+06 1.36621e+16 1.41197e-06 1.14111e-05 1.75424e-18 2.4978e-08 432066 0 0 7.65066e-13 0 0 0.0183385 0 0 0 0 0 0 7.02325e+11 7.02325e+11 7.02325e+11 7.02325e+11 
0.199902 1.16243 -2.13757 -0.0134053 -1.56113 -3.36243 7.76792e+06 1.21847e+16 1.41222e-06 1.08926e-05 1.75767e-18 2.12645e-08 432144 0 0 7.66286e-13 0 0 0.0183381 0 0 0 0 0 0 6.02124e+11 6.02124e+11 6.02124e+11 6.02124e+11 
0.2 1.16666 -2.13334 -0.00913763 -1.55188 -3.36666 7.77876e+06 1.06268e+16 1.41234e-06 1.0316e-05 1.76027e-18 1.7564e-08 432175 0 0 7.66757e-13 0 0 0.0183378 0 0 0 0 0 0 5.01237e+11 5.01237e+11 5.01237e+11 5.01237e+11 