# ASCII 1D datafile generated by TiberCAD
# x Ec Ev eQFermi hQFermi ElPotential eDensity hDensity eMobility hMobility eConductivity hConductivity ElField_x ElField_y ElField_z eCurrentDensity_x eCurrentDensity_y eCurrentDensity_z hCurrentDensity_x hCurrentDensity_y hCurrentDensity_z IonizedDonors IonizedAcceptors IonizedElectronTraps IonizedHoleTraps eNetRecombination eLangevinRecombination hNetRecombination hLangevinRecombination 
0 -0.925 -4.225 -2.44109 -3.7237 -1.275 15.7545 8.33315e+16 8.44497e-07 1.72078e-05 8.22405e-23 2.29744e-07 -24080.4 0 0 5.23035e-19 0 0 0.00221797 0 0 0 0 0 0 1.22529e+07 1.22529e+07 1.22529e+07 1.22529e+07 
9.79066e-05 -0.925236 -4.22524 -2.44103 -3.72361 -1.27476 15.937 8.26719e+16 8.44476e-07 1.71274e-05 8.22651e-23 2.26861e-07 -23871.2 0 0 5.31714e-19 0 0 0.00221797 0 0 0 0 0 0 1.2242e+07 1.2242e+07 1.2242e+07 1.2242e+07 
0.000214985 -0.925512 -4.22551 -2.44095 -3.72349 -1.27449 16.1563 8.18969e+16 8.44428e-07 1.70323e-05 8.22946e-23 2.23486e-07 -23373.1 0 0 5.52459e-19 0 0 0.00221797 0 0 0 0 0 0 1.2229e+07 1.2229e+07 1.2229e+07 1.2229e+07 
0.000354988 -0.925835 -4.22584 -2.44085 -3.72335 -1.27416 16.4201 8.09895e+16 8.44372e-07 1.69207e-05 8.23302e-23 2.19562e-07 -22783.6 0 0 5.77234e-19 0 0 0.00221797 0 0 0 0 0 0 1.22142e+07 1.22142e+07 1.22142e+07 1.22142e+07 
0.000522406 -0.926211 -4.22621 -2.44073 -3.72318 -1.27379 16.7378 7.99311e+16 8.44308e-07 1.67902e-05 8.2373e-23 2.15021e-07 -22087.2 0 0 6.06817e-19 0 0 0.00221797 0 0 0 0 0 0 1.21975e+07 1.21975e+07 1.21975e+07 1.21975e+07 
0.000722606 -0.926645 -4.22664 -2.44058 -3.72297 -1.27336 17.1209 7.87023e+16 8.44236e-07 1.66383e-05 8.24246e-23 2.098e-07 -21266.2 0 0 6.42135e-19 0 0 0.00221797 0 0 0 0 0 0 1.2179e+07 1.2179e+07 1.2179e+07 1.2179e+07 
0.000962009 -0.927142 -4.22714 -2.44039 -3.72271 -1.27286 17.5835 7.72832e+16 8.44155e-07 1.64623e-05 8.2487e-23 2.03838e-07 -20300.9 0 0 6.84291e-19 0 0 0.00221797 0 0 0 0 0 0 1.21588e+07 1.21588e+07 1.21588e+07 1.21588e+07 
0.00124829 -0.927707 -4.22771 -2.44014 -3.7224 -1.27229 18.1431 7.56546e+16 8.44066e-07 1.62595e-05 8.25624e-23 1.97084e-07 -19169.1 0 0 7.34599e-19 0 0 0.00221797 0 0 0 0 0 0 1.21374e+07 1.21374e+07 1.21374e+07 1.21374e+07 
0.00159063 -0.92834 -4.22834 -2.43983 -3.722 -1.27166 18.8216 7.37991e+16 8.43969e-07 1.60274e-05 8.26539e-23 1.89506e-07 -17846.5 0 0 7.94627e-19 0 0 0.00221797 0 0 0 0 0 0 1.21158e+07 1.21158e+07 1.21158e+07 1.21158e+07 
0.002 -0.929039 -4.22904 -2.43942 -3.72151 -1.27096 19.6462 7.17026e+16 8.4393e-07 1.57648e-05 8.27652e-23 1.81107e-07 -17065.5 0 0 8.30478e-19 0 0 0.00221797 0 0 0 0 0 0 1.2096e+07 1.2096e+07 1.2096e+07 1.2096e+07 
0.002 -0.929039 -4.22904 -2.43942 -3.72151 -1.27096 19.6462 7.17026e+16 8.43804e-07 1.57625e-05 8.27648e-23 1.8108e-07 -15380 0 0 9.09933e-19 0 0 0.00221797 0 0 0 0 0 0 1.20942e+07 1.20942e+07 1.20942e+07 1.20942e+07 
0.0025 -0.929808 -4.22981 -2.43887 -3.72089 -1.27019 20.6727 6.93081e+16 8.43767e-07 1.54606e-05 8.29035e-23 1.71681e-07 -14484.1 0 0 9.53523e-19 0 0 0.00221797 0 0 0 0 0 0 1.20776e+07 1.20776e+07 1.20776e+07 1.20776e+07 
0.003 -0.930487 -4.23049 -2.43827 -3.72022 -1.26951 21.7211 6.70793e+16 8.4368e-07 1.51765e-05 8.30449e-23 1.63106e-07 -12721.3 0 0 1.04063e-18 0 0 0.00221797 0 0 0 0 0 0 1.20678e+07 1.20678e+07 1.20678e+07 1.20678e+07 
0.0035 -0.93108 -4.23108 -2.43761 -3.71953 -1.26892 22.7914 6.50008e+16 8.43609e-07 1.49096e-05 8.31893e-23 1.55273e-07 -11014.2 0 0 1.12762e-18 0 0 0.00221797 0 0 0 0 0 0 1.20657e+07 1.20657e+07 1.20657e+07 1.20657e+07 
0.004 -0.931589 -4.23159 -2.43691 -3.7188 -1.26841 23.884 6.30587e+16 8.43553e-07 1.46586e-05 8.33368e-23 1.48098e-07 -9359 0 0 1.21454e-18 0 0 0.00221797 0 0 0 0 0 0 1.20709e+07 1.20709e+07 1.20709e+07 1.20709e+07 
0.0045 -0.932016 -4.23202 -2.43616 -3.71803 -1.26798 24.9993 6.1241e+16 8.43511e-07 1.44221e-05 8.34874e-23 1.41509e-07 -7752.42 0 0 1.30144e-18 0 0 0.00221797 0 0 0 0 0 0 1.20831e+07 1.20831e+07 1.20831e+07 1.20831e+07 
0.005 -0.932364 -4.23236 -2.43535 -3.71723 -1.26764 26.1379 5.95368e+16 8.43482e-07 1.4199e-05 8.36411e-23 1.35442e-07 -6191.35 0 0 1.38836e-18 0 0 0.00221797 0 0 0 0 0 0 1.21023e+07 1.21023e+07 1.21023e+07 1.21023e+07 
0.0055 -0.932635 -4.23264 -2.4345 -3.71639 -1.26736 27.3004 5.79363e+16 8.43465e-07 1.39881e-05 8.37981e-23 1.29844e-07 -4673 0 0 1.47536e-18 0 0 0.00221797 0 0 0 0 0 0 1.21283e+07 1.21283e+07 1.21283e+07 1.21283e+07 
0.006 -0.932831 -4.23283 -2.43359 -3.71552 -1.26717 28.4874 5.6431e+16 8.43459e-07 1.37886e-05 8.39585e-23 1.24666e-07 -3194.79 0 0 1.56246e-18 0 0 0.00221797 0 0 0 0 0 0 1.2161e+07 1.2161e+07 1.2161e+07 1.2161e+07 
0.0065 -0.932955 -4.23295 -2.43264 -3.71461 -1.26705 29.6998 5.50129e+16 8.43463e-07 1.35994e-05 8.41224e-23 1.19866e-07 -1754.37 0 0 1.64972e-18 0 0 0.00221797 0 0 0 0 0 0 1.22002e+07 1.22002e+07 1.22002e+07 1.22002e+07 
0.007 -0.933007 -4.23301 -2.43163 -3.71367 -1.26699 30.9386 5.36752e+16 8.43477e-07 1.342e-05 8.42899e-23 1.15408e-07 -349.568 0 0 1.73718e-18 0 0 0.00221797 0 0 0 0 0 0 1.22459e+07 1.22459e+07 1.22459e+07 1.22459e+07 
0.0075 -0.93299 -4.23299 -2.43057 -3.71269 -1.26701 32.2047 5.24114e+16 8.43499e-07 1.32495e-05 8.44611e-23 1.11259e-07 1021.61 0 0 1.82488e-18 0 0 0.00221797 0 0 0 0 0 0 1.22982e+07 1.22982e+07 1.22982e+07 1.22982e+07 
0.008 -0.932905 -4.2329 -2.42947 -3.71168 -1.2671 33.4994 5.1216e+16 8.43529e-07 1.30873e-05 8.46362e-23 1.07391e-07 2361 0 0 1.91286e-18 0 0 0.00221797 0 0 0 0 0 0 1.2357e+07 1.2357e+07 1.2357e+07 1.2357e+07 
0.0085 -0.932754 -4.23275 -2.42831 -3.71063 -1.26725 34.8239 5.00837e+16 8.43567e-07 1.29329e-05 8.48154e-23 1.03777e-07 3670.31 0 0 2.00117e-18 0 0 0.00221797 0 0 0 0 0 0 1.24224e+07 1.24224e+07 1.24224e+07 1.24224e+07 
0.009 -0.932538 -4.23254 -2.42711 -3.70954 -1.26746 36.1797 4.90098e+16 8.43612e-07 1.27857e-05 8.49989e-23 1.00396e-07 4951.1 0 0 2.08984e-18 0 0 0.00221797 0 0 0 0 0 0 1.24944e+07 1.24944e+07 1.24944e+07 1.24944e+07 
0.0095 -0.932258 -4.23226 -2.42586 -3.70842 -1.26774 37.5683 4.79902e+16 8.43664e-07 1.26452e-05 8.51869e-23 9.72272e-08 6204.84 0 0 2.17892e-18 0 0 0.00221797 0 0 0 0 0 0 1.25731e+07 1.25731e+07 1.25731e+07 1.25731e+07 
0.01 -0.931917 -4.23192 -2.42455 -3.70726 -1.26808 38.9913 4.7021e+16 8.43721e-07 1.25109e-05 8.53796e-23 9.42523e-08 7432.87 0 0 2.26846e-18 0 0 0.00221797 0 0 0 0 0 0 1.26586e+07 1.26586e+07 1.26586e+07 1.26586e+07 
0.0105 -0.931515 -4.23152 -2.4232 -3.70607 -1.26848 40.4507 4.60986e+16 8.43785e-07 1.23826e-05 8.55773e-23 9.14553e-08 8636.45 0 0 2.35849e-18 0 0 0.00221797 0 0 0 0 0 0 1.27511e+07 1.27511e+07 1.27511e+07 1.27511e+07 
0.011 -0.931054 -4.23105 -2.4218 -3.70484 -1.26895 41.9484 4.52199e+16 8.43854e-07 1.22597e-05 8.57803e-23 8.88216e-08 9816.75 0 0 2.44907e-18 0 0 0.00221797 0 0 0 0 0 0 1.28507e+07 1.28507e+07 1.28507e+07 1.28507e+07 
0.0115 -0.930533 -4.23053 -2.42034 -3.70357 -1.26947 43.4866 4.43819e+16 8.43929e-07 1.21419e-05 8.59888e-23 8.63383e-08 10974.9 0 0 2.54024e-18 0 0 0.00221797 0 0 0 0 0 0 1.29576e+07 1.29576e+07 1.29576e+07 1.29576e+07 
0.012 -0.929956 -4.22996 -2.41884 -3.70227 -1.27004 45.0676 4.35819e+16 8.44009e-07 1.2029e-05 8.62031e-23 8.39936e-08 12111.8 0 0 2.63205e-18 0 0 0.00221797 0 0 0 0 0 0 1.30721e+07 1.30721e+07 1.30721e+07 1.30721e+07 
0.0125 -0.929322 -4.22932 -2.41729 -3.70093 -1.27068 46.6939 4.28174e+16 8.44093e-07 1.19207e-05 8.64236e-23 8.17769e-08 13228.5 0 0 2.72455e-18 0 0 0.00221797 0 0 0 0 0 0 1.31943e+07 1.31943e+07 1.31943e+07 1.31943e+07 
0.013 -0.928633 -4.22863 -2.41569 -3.69956 -1.27137 48.3682 4.20862e+16 8.44182e-07 1.18166e-05 8.66508e-23 7.96784e-08 14325.9 0 0 2.81779e-18 0 0 0.00221797 0 0 0 0 0 0 1.33245e+07 1.33245e+07 1.33245e+07 1.33245e+07 
0.0135 -0.92789 -4.22789 -2.41404 -3.69815 -1.27211 50.0934 4.13862e+16 8.44275e-07 1.17165e-05 8.68848e-23 7.76896e-08 15404.8 0 0 2.91182e-18 0 0 0.00221797 0 0 0 0 0 0 1.34631e+07 1.34631e+07 1.34631e+07 1.34631e+07 
0.014 -0.927093 -4.22709 -2.41234 -3.6967 -1.27291 51.8727 4.07154e+16 8.44372e-07 1.16202e-05 8.71263e-23 7.58024e-08 16466 0 0 3.00671e-18 0 0 0.00221797 0 0 0 0 0 0 1.36103e+07 1.36103e+07 1.36103e+07 1.36103e+07 
0.0145 -0.926243 -4.22624 -2.41059 -3.69522 -1.27376 53.7094 4.00722e+16 8.44473e-07 1.15275e-05 8.73757e-23 7.40097e-08 17510.1 0 0 3.1025e-18 0 0 0.00221797 0 0 0 0 0 0 1.37666e+07 1.37666e+07 1.37666e+07 1.37666e+07 
0.015 -0.925342 -4.22534 -2.40879 -3.69371 -1.27466 55.6071 3.94548e+16 8.44578e-07 1.14382e-05 8.76334e-23 7.23048e-08 18538 0 0 3.19926e-18 0 0 0.00221797 0 0 0 0 0 0 1.39322e+07 1.39322e+07 1.39322e+07 1.39322e+07 
0.0155 -0.924389 -4.22439 -2.40694 -3.69215 -1.27561 57.5697 3.88618e+16 8.44686e-07 1.13521e-05 8.78999e-23 7.06818e-08 19550.3 0 0 3.29705e-18 0 0 0.00221797 0 0 0 0 0 0 1.41076e+07 1.41076e+07 1.41076e+07 1.41076e+07 
0.016 -0.923387 -4.22339 -2.40504 -3.69057 -1.27661 59.6013 3.82917e+16 8.44798e-07 1.1269e-05 8.8176e-23 6.91351e-08 20547.5 0 0 3.39594e-18 0 0 0.00221797 0 0 0 0 0 0 1.42933e+07 1.42933e+07 1.42933e+07 1.42933e+07 
0.0165 -0.922335 -4.22233 -2.40309 -3.68895 -1.27767 61.7065 3.77432e+16 8.44913e-07 1.11887e-05 8.8462e-23 6.76598e-08 21530.3 0 0 3.49601e-18 0 0 0.00221797 0 0 0 0 0 0 1.44897e+07 1.44897e+07 1.44897e+07 1.44897e+07 
0.017 -0.921234 -4.22123 -2.40109 -3.68729 -1.27877 63.8899 3.72152e+16 8.45031e-07 1.11112e-05 8.87588e-23 6.62511e-08 22499.1 0 0 3.59731e-18 0 0 0.00221797 0 0 0 0 0 0 1.46974e+07 1.46974e+07 1.46974e+07 1.46974e+07 
0.0175 -0.920085 -4.22008 -2.39903 -3.6856 -1.27992 66.1568 3.67066e+16 8.45153e-07 1.10363e-05 8.9067e-23 6.49049e-08 23454.6 0 0 3.69994e-18 0 0 0.00221797 0 0 0 0 0 0 1.4917e+07 1.4917e+07 1.4917e+07 1.4917e+07 
0.018 -0.918888 -4.21889 -2.39693 -3.68387 -1.28111 68.5126 3.62162e+16 8.45277e-07 1.09638e-05 8.93874e-23 6.36172e-08 24397.1 0 0 3.80397e-18 0 0 0.00221797 0 0 0 0 0 0 1.5149e+07 1.5149e+07 1.5149e+07 1.5149e+07 
0.0185 -0.917645 -4.21764 -2.39478 -3.68211 -1.28236 70.9632 3.57431e+16 8.45404e-07 1.08937e-05 8.97207e-23 6.23845e-08 25327.2 0 0 3.90949e-18 0 0 0.00221797 0 0 0 0 0 0 1.5394e+07 1.5394e+07 1.5394e+07 1.5394e+07 
0.019 -0.916355 -4.21636 -2.39257 -3.68032 -1.28364 73.515 3.52864e+16 8.45534e-07 1.08257e-05 9.00679e-23 6.12033e-08 26245.2 0 0 4.01659e-18 0 0 0.00221797 0 0 0 0 0 0 1.56529e+07 1.56529e+07 1.56529e+07 1.56529e+07 
0.0195 -0.91502 -4.21502 -2.39032 -3.67849 -1.28498 76.1748 3.48452e+16 8.45667e-07 1.07599e-05 9.04298e-23 6.00707e-08 27151.7 0 0 4.12537e-18 0 0 0.00221797 0 0 0 0 0 0 1.59263e+07 1.59263e+07 1.59263e+07 1.59263e+07 
0.02 -0.91364 -4.21364 -2.38801 -3.67663 -1.28636 78.9499 3.44189e+16 8.45803e-07 1.06961e-05 9.08075e-23 5.89838e-08 28046.9 0 0 4.23593e-18 0 0 0.00221797 0 0 0 0 0 0 1.62151e+07 1.62151e+07 1.62151e+07 1.62151e+07 
0.0205 -0.912216 -4.21222 -2.38565 -3.67473 -1.28778 81.8481 3.40065e+16 8.45941e-07 1.06342e-05 9.12021e-23 5.794e-08 28931.3 0 0 4.34838e-18 0 0 0.00221797 0 0 0 0 0 0 1.65201e+07 1.65201e+07 1.65201e+07 1.65201e+07 
0.021 -0.910747 -4.21075 -2.38325 -3.6728 -1.28925 84.8778 3.36075e+16 8.46081e-07 1.05742e-05 9.16146e-23 5.69368e-08 29805.3 0 0 4.46283e-18 0 0 0.00221797 0 0 0 0 0 0 1.68422e+07 1.68422e+07 1.68422e+07 1.68422e+07 
0.0215 -0.909235 -4.20924 -2.38078 -3.67083 -1.29076 88.0481 3.32212e+16 8.46224e-07 1.05159e-05 9.20464e-23 5.59719e-08 30669 0 0 4.5794e-18 0 0 0.00221797 0 0 0 0 0 0 1.71825e+07 1.71825e+07 1.71825e+07 1.71825e+07 
0.022 -0.90768 -4.20768 -2.37827 -3.66884 -1.29232 91.3687 3.2847e+16 8.4637e-07 1.04592e-05 9.24987e-23 5.50433e-08 31523 0 0 4.69823e-18 0 0 0.00221797 0 0 0 0 0 0 1.7542e+07 1.7542e+07 1.7542e+07 1.7542e+07 
0.0225 -0.906083 -4.20608 -2.37571 -3.66681 -1.29392 94.8499 3.24843e+16 8.46517e-07 1.04042e-05 9.2973e-23 5.41491e-08 32367.4 0 0 4.81945e-18 0 0 0.00221797 0 0 0 0 0 0 1.79218e+07 1.79218e+07 1.79218e+07 1.79218e+07 
0.023 -0.904444 -4.20444 -2.37309 -3.66474 -1.29556 98.5029 3.21326e+16 8.46667e-07 1.03506e-05 9.34708e-23 5.32872e-08 33202.5 0 0 4.94321e-18 0 0 0.00221797 0 0 0 0 0 0 1.83232e+07 1.83232e+07 1.83232e+07 1.83232e+07 
0.0235 -0.902763 -4.20276 -2.37042 -3.66264 -1.29724 102.34 3.17913e+16 8.4682e-07 1.02986e-05 9.39938e-23 5.24562e-08 34028.8 0 0 5.06965e-18 0 0 0.00221797 0 0 0 0 0 0 1.87475e+07 1.87475e+07 1.87475e+07 1.87475e+07 
0.024 -0.901041 -4.20104 -2.36769 -3.66051 -1.29896 106.373 3.14601e+16 8.46974e-07 1.02479e-05 9.45437e-23 5.16543e-08 34846.3 0 0 5.19895e-18 0 0 0.00221797 0 0 0 0 0 0 1.9196e+07 1.9196e+07 1.9196e+07 1.9196e+07 
0.0245 -0.899278 -4.19928 -2.36492 -3.65835 -1.30072 110.617 3.11384e+16 8.47131e-07 1.01986e-05 9.51224e-23 5.08801e-08 35655.4 0 0 5.33128e-18 0 0 0.00221797 0 0 0 0 0 0 1.96702e+07 1.96702e+07 1.96702e+07 1.96702e+07 
0.025 -0.897475 -4.19748 -2.36209 -3.65615 -1.30252 115.087 3.08259e+16 8.4729e-07 1.01506e-05 9.5732e-23 5.01323e-08 36456.3 0 0 5.46681e-18 0 0 0.00221797 0 0 0 0 0 0 2.01718e+07 2.01718e+07 2.01718e+07 2.01718e+07 
0.0255 -0.895632 -4.19563 -2.35921 -3.65393 -1.30437 119.798 3.05221e+16 8.47451e-07 1.01038e-05 9.63746e-23 4.94094e-08 37249.2 0 0 5.60574e-18 0 0 0.00221797 0 0 0 0 0 0 2.07024e+07 2.07024e+07 2.07024e+07 2.07024e+07 
0.026 -0.89375 -4.19375 -2.35627 -3.65167 -1.30625 124.767 3.02266e+16 8.47615e-07 1.00582e-05 9.70525e-23 4.87103e-08 38034.4 0 0 5.74829e-18 0 0 0.00221797 0 0 0 0 0 0 2.12638e+07 2.12638e+07 2.12638e+07 2.12638e+07 
0.0265 -0.891829 -4.19183 -2.35329 -3.64937 -1.30817 130.013 2.99392e+16 8.4778e-07 1.00138e-05 9.77684e-23 4.80339e-08 38812 0 0 5.89466e-18 0 0 0.00221797 0 0 0 0 0 0 2.1858e+07 2.1858e+07 2.1858e+07 2.1858e+07 
0.027 -0.889869 -4.18987 -2.35025 -3.64705 -1.31013 135.555 2.96595e+16 8.47948e-07 9.9704e-06 9.85248e-23 4.73791e-08 39582.4 0 0 6.0451e-18 0 0 0.00221797 0 0 0 0 0 0 2.24871e+07 2.24871e+07 2.24871e+07 2.24871e+07 
0.0275 -0.887871 -4.18787 -2.34715 -3.64469 -1.31213 141.414 2.93872e+16 8.48117e-07 9.92809e-06 9.93246e-23 4.67448e-08 40345.5 0 0 6.19983e-18 0 0 0.00221797 0 0 0 0 0 0 2.31531e+07 2.31531e+07 2.31531e+07 2.31531e+07 
0.028 -0.885834 -4.18583 -2.344 -3.6423 -1.31417 147.612 2.91219e+16 8.48289e-07 9.8868e-06 1.00171e-22 4.61302e-08 41101.8 0 0 6.35912e-18 0 0 0.00221797 0 0 0 0 0 0 2.38584e+07 2.38584e+07 2.38584e+07 2.38584e+07 
0.0285 -0.883761 -4.18376 -2.3408 -3.63988 -1.31624 154.175 2.88634e+16 8.48462e-07 9.84649e-06 1.01067e-22 4.55343e-08 41851.2 0 0 6.52324e-18 0 0 0.00221797 0 0 0 0 0 0 2.46055e+07 2.46055e+07 2.46055e+07 2.46055e+07 
0.029 -0.881649 -4.18165 -2.33755 -3.63743 -1.31835 161.126 2.86114e+16 8.48638e-07 9.80711e-06 1.02017e-22 4.49563e-08 42594.1 0 0 6.69248e-18 0 0 0.00221797 0 0 0 0 0 0 2.5397e+07 2.5397e+07 2.5397e+07 2.5397e+07 
0.0295 -0.879501 -4.1795 -2.33425 -3.63495 -1.3205 168.493 2.83657e+16 8.48815e-07 9.76864e-06 1.03023e-22 4.43954e-08 43330.5 0 0 6.86713e-18 0 0 0.00221797 0 0 0 0 0 0 2.62355e+07 2.62355e+07 2.62355e+07 2.62355e+07 
0.03 -0.877316 -4.17732 -2.33089 -3.63244 -1.32268 176.306 2.8126e+16 8.48995e-07 9.73105e-06 1.04091e-22 4.38509e-08 44060.7 0 0 7.04751e-18 0 0 0.00221797 0 0 0 0 0 0 2.71241e+07 2.71241e+07 2.71241e+07 2.71241e+07 
0.0305 -0.875095 -4.1751 -2.32748 -3.62989 -1.3249 184.593 2.78921e+16 8.49176e-07 9.6943e-06 1.05223e-22 4.3322e-08 44784.7 0 0 7.23394e-18 0 0 0.00221797 0 0 0 0 0 0 2.80657e+07 2.80657e+07 2.80657e+07 2.80657e+07 
0.031 -0.872838 -4.17284 -2.32401 -3.62732 -1.32716 193.389 2.76638e+16 8.49359e-07 9.65837e-06 1.06426e-22 4.28081e-08 45502.8 0 0 7.42678e-18 0 0 0.00221797 0 0 0 0 0 0 2.90634e+07 2.90634e+07 2.90634e+07 2.90634e+07 
0.0315 -0.870545 -4.17054 -2.3205 -3.62471 -1.32946 202.728 2.74409e+16 8.49545e-07 9.62322e-06 1.07703e-22 4.23086e-08 46215 0 0 7.62639e-18 0 0 0.00221797 0 0 0 0 0 0 3.01207e+07 3.01207e+07 3.01207e+07 3.01207e+07 
0.032 -0.868216 -4.16822 -2.31693 -3.62208 -1.33178 212.644 2.72231e+16 8.49732e-07 9.58883e-06 1.09059e-22 4.18228e-08 46921.6 0 0 7.83313e-18 0 0 0.00221797 0 0 0 0 0 0 3.1241e+07 3.1241e+07 3.1241e+07 3.1241e+07 
0.0325 -0.865853 -4.16585 -2.31332 -3.61941 -1.33415 223.177 2.70103e+16 8.49921e-07 9.55517e-06 1.10499e-22 4.13502e-08 47622.6 0 0 8.0474e-18 0 0 0.00221797 0 0 0 0 0 0 3.24279e+07 3.24279e+07 3.24279e+07 3.24279e+07 
0.033 -0.863454 -4.16345 -2.30965 -3.61671 -1.33655 234.365 2.68023e+16 8.50112e-07 9.52222e-06 1.1203e-22 4.08904e-08 48318.1 0 0 8.26961e-18 0 0 0.00221797 0 0 0 0 0 0 3.3685e+07 3.3685e+07 3.3685e+07 3.3685e+07 
0.0335 -0.861021 -4.16102 -2.30594 -3.61399 -1.33898 246.251 2.6599e+16 8.50305e-07 9.48995e-06 1.13657e-22 4.04426e-08 49008.3 0 0 8.50017e-18 0 0 0.00221797 0 0 0 0 0 0 3.50161e+07 3.50161e+07 3.50161e+07 3.50161e+07 
0.034 -0.858553 -4.15855 -2.30218 -3.61123 -1.34145 258.877 2.64001e+16 8.50499e-07 9.45835e-06 1.15385e-22 4.00066e-08 49693.3 0 0 8.73954e-18 0 0 0.00221797 0 0 0 0 0 0 3.64253e+07 3.64253e+07 3.64253e+07 3.64253e+07 
0.0345 -0.856051 -4.15605 -2.29837 -3.60844 -1.34395 272.287 2.62056e+16 8.50696e-07 9.42739e-06 1.17221e-22 3.95818e-08 50373.3 0 0 8.98815e-18 0 0 0.00221797 0 0 0 0 0 0 3.79163e+07 3.79163e+07 3.79163e+07 3.79163e+07 
0.035 -0.853516 -4.15352 -2.29451 -3.60563 -1.34648 286.527 2.60152e+16 8.50894e-07 9.39706e-06 1.19171e-22 3.91678e-08 51048.2 0 0 9.24648e-18 0 0 0.00221797 0 0 0 0 0 0 3.94934e+07 3.94934e+07 3.94934e+07 3.94934e+07 
0.0355 -0.850947 -4.15095 -2.29061 -3.60278 -1.34905 301.645 2.58289e+16 8.51093e-07 9.36732e-06 1.21241e-22 3.87642e-08 51718.3 0 0 9.51502e-18 0 0 0.00221797 0 0 0 0 0 0 4.11604e+07 4.11604e+07 4.11604e+07 4.11604e+07 
0.036 -0.848344 -4.14834 -2.28667 -3.5999 -1.35166 317.689 2.56464e+16 8.51295e-07 9.33816e-06 1.23439e-22 3.83706e-08 52383.6 0 0 9.79427e-18 0 0 0.00221797 0 0 0 0 0 0 4.29214e+07 4.29214e+07 4.29214e+07 4.29214e+07 
0.0365 -0.845708 -4.14571 -2.28268 -3.597 -1.35429 334.707 2.54678e+16 8.51498e-07 9.30958e-06 1.25771e-22 3.79866e-08 53044.3 0 0 1.00848e-17 0 0 0.00221797 0 0 0 0 0 0 4.47805e+07 4.47805e+07 4.47805e+07 4.47805e+07 
0.037 -0.84304 -4.14304 -2.27865 -3.59407 -1.35696 352.749 2.52927e+16 8.51703e-07 9.28153e-06 1.28244e-22 3.7612e-08 53700.4 0 0 1.03871e-17 0 0 0.00221797 0 0 0 0 0 0 4.67416e+07 4.67416e+07 4.67416e+07 4.67416e+07 
0.0375 -0.840338 -4.14034 -2.27458 -3.5911 -1.35966 371.866 2.51212e+16 8.51909e-07 9.25402e-06 1.30865e-22 3.72462e-08 54352 0 0 1.07017e-17 0 0 0.00221797 0 0 0 0 0 0 4.88087e+07 4.88087e+07 4.88087e+07 4.88087e+07 
0.038 -0.837604 -4.1376 -2.27048 -3.58811 -1.3624 392.107 2.49532e+16 8.52117e-07 9.22703e-06 1.33641e-22 3.68891e-08 54999.2 0 0 1.10294e-17 0 0 0.00221797 0 0 0 0 0 0 5.09856e+07 5.09856e+07 5.09856e+07 5.09856e+07 
0.0385 -0.834838 -4.13484 -2.26633 -3.58509 -1.36516 413.524 2.47884e+16 8.52326e-07 9.20053e-06 1.36579e-22 3.65402e-08 55642.1 0 0 1.13706e-17 0 0 0.00221797 0 0 0 0 0 0 5.3276e+07 5.3276e+07 5.3276e+07 5.3276e+07 
0.039 -0.83204 -4.13204 -2.26215 -3.58204 -1.36796 436.166 2.46268e+16 8.52537e-07 9.17452e-06 1.39685e-22 3.61995e-08 56280.8 0 0 1.17261e-17 0 0 0.00221797 0 0 0 0 0 0 5.56836e+07 5.56836e+07 5.56836e+07 5.56836e+07 
0.0395 -0.82921 -4.12921 -2.25794 -3.57896 -1.37079 460.085 2.44683e+16 8.52749e-07 9.14899e-06 1.42968e-22 3.58664e-08 56915.4 0 0 1.20966e-17 0 0 0.00221797 0 0 0 0 0 0 5.82118e+07 5.82118e+07 5.82118e+07 5.82118e+07 
0.04 -0.826349 -4.12635 -2.25369 -3.57586 -1.37365 485.33 2.43129e+16 8.52963e-07 9.12391e-06 1.46434e-22 3.55408e-08 57545.9 0 0 1.24829e-17 0 0 0.00221797 0 0 0 0 0 0 6.08641e+07 6.08641e+07 6.08641e+07 6.08641e+07 
0.0405 -0.823456 -4.12346 -2.24942 -3.57272 -1.37654 511.951 2.41603e+16 8.53177e-07 9.09927e-06 1.5009e-22 3.52225e-08 58172.4 0 0 1.28857e-17 0 0 0.00221797 0 0 0 0 0 0 6.36437e+07 6.36437e+07 6.36437e+07 6.36437e+07 
0.041 -0.820531 -4.12053 -2.24511 -3.56956 -1.37947 540 2.40106e+16 8.53393e-07 9.07507e-06 1.53942e-22 3.49111e-08 58795 0 0 1.33058e-17 0 0 0.00221797 0 0 0 0 0 0 6.65538e+07 6.65538e+07 6.65538e+07 6.65538e+07 
0.0415 -0.817576 -4.11758 -2.24078 -3.56637 -1.38242 569.526 2.38637e+16 8.5361e-07 9.05129e-06 1.57999e-22 3.46065e-08 59413.8 0 0 1.37442e-17 0 0 0.00221797 0 0 0 0 0 0 6.95976e+07 6.95976e+07 6.95976e+07 6.95976e+07 
0.042 -0.81459 -4.11459 -2.23642 -3.56315 -1.38541 600.58 2.37194e+16 8.53829e-07 9.02792e-06 1.62267e-22 3.43085e-08 60028.8 0 0 1.42018e-17 0 0 0.00221797 0 0 0 0 0 0 7.27782e+07 7.27782e+07 7.27782e+07 7.27782e+07 
0.0425 -0.811573 -4.11157 -2.23203 -3.5599 -1.38843 633.213 2.35777e+16 8.54048e-07 9.00494e-06 1.66754e-22 3.40167e-08 60640.1 0 0 1.46796e-17 0 0 0.00221797 0 0 0 0 0 0 7.60986e+07 7.60986e+07 7.60986e+07 7.60986e+07 
0.043 -0.808526 -4.10853 -2.22762 -3.55663 -1.39147 667.478 2.34385e+16 8.54269e-07 8.98236e-06 1.71466e-22 3.37311e-08 61247.8 0 0 1.51786e-17 0 0 0.00221797 0 0 0 0 0 0 7.95621e+07 7.95621e+07 7.95621e+07 7.95621e+07 
0.0435 -0.805449 -4.10545 -2.22318 -3.55333 -1.39455 703.427 2.33018e+16 8.5449e-07 8.96015e-06 1.76411e-22 3.34514e-08 61851.9 0 0 1.57e-17 0 0 0.00221797 0 0 0 0 0 0 8.31717e+07 8.31717e+07 8.31717e+07 8.31717e+07 
0.044 -0.802341 -4.10234 -2.21872 -3.55 -1.39766 741.117 2.31674e+16 8.54712e-07 8.9383e-06 1.81597e-22 3.31774e-08 62452.5 0 0 1.62449e-17 0 0 0.00221797 0 0 0 0 0 0 8.69308e+07 8.69308e+07 8.69308e+07 8.69308e+07 
0.0445 -0.799203 -4.0992 -2.21424 -3.54664 -1.4008 780.604 2.30353e+16 8.54936e-07 8.91682e-06 1.87033e-22 3.2909e-08 63049.7 0 0 1.68146e-17 0 0 0.00221797 0 0 0 0 0 0 9.08429e+07 9.08429e+07 9.08429e+07 9.08429e+07 
0.045 -0.796036 -4.09604 -2.20973 -3.54326 -1.40396 821.947 2.29055e+16 8.5516e-07 8.89568e-06 1.92725e-22 3.26459e-08 63643.5 0 0 1.74102e-17 0 0 0.00221797 0 0 0 0 0 0 9.49116e+07 9.49116e+07 9.49116e+07 9.49116e+07 
0.0455 -0.792839 -4.09284 -2.20521 -3.53985 -1.40716 865.209 2.27779e+16 8.55385e-07 8.87488e-06 1.98684e-22 3.23881e-08 64234 0 0 1.80332e-17 0 0 0.00221797 0 0 0 0 0 0 9.91407e+07 9.91407e+07 9.91407e+07 9.91407e+07 
0.046 -0.789613 -4.08961 -2.20066 -3.53641 -1.41039 910.453 2.26523e+16 8.55611e-07 8.85442e-06 2.04917e-22 3.21354e-08 64821.1 0 0 1.86849e-17 0 0 0.00221797 0 0 0 0 0 0 1.03534e+08 1.03534e+08 1.03534e+08 1.03534e+08 
0.0465 -0.786357 -4.08636 -2.19609 -3.53295 -1.41364 957.749 2.25289e+16 8.55838e-07 8.83427e-06 2.11436e-22 3.18875e-08 65405.1 0 0 1.93668e-17 0 0 0.00221797 0 0 0 0 0 0 1.08097e+08 1.08097e+08 1.08097e+08 1.08097e+08 
0.047 -0.783072 -4.08307 -2.19151 -3.52946 -1.41693 1007.17 2.24075e+16 8.56066e-07 8.81444e-06 2.18249e-22 3.16445e-08 65985.9 0 0 2.00802e-17 0 0 0.00221797 0 0 0 0 0 0 1.12833e+08 1.12833e+08 1.12833e+08 1.12833e+08 
0.0475 -0.779758 -4.07976 -2.1869 -3.52594 -1.42024 1058.79 2.2288e+16 8.56294e-07 8.79492e-06 2.25367e-22 3.1406e-08 66563.6 0 0 2.08268e-17 0 0 0.00221797 0 0 0 0 0 0 1.17748e+08 1.17748e+08 1.17748e+08 1.17748e+08 
0.048 -0.776416 -4.07642 -2.18227 -3.5224 -1.42358 1112.68 2.21704e+16 8.56524e-07 8.77569e-06 2.32802e-22 3.11721e-08 67138.2 0 0 2.1608e-17 0 0 0.00221797 0 0 0 0 0 0 1.22847e+08 1.22847e+08 1.22847e+08 1.22847e+08 
0.0485 -0.773044 -4.07304 -2.17762 -3.51883 -1.42696 1168.93 2.20547e+16 8.56754e-07 8.75676e-06 2.40565e-22 3.09425e-08 67709.9 0 0 2.24257e-17 0 0 0.00221797 0 0 0 0 0 0 1.28135e+08 1.28135e+08 1.28135e+08 1.28135e+08 
0.049 -0.769645 -4.06964 -2.17295 -3.51523 -1.43036 1227.63 2.19408e+16 8.56985e-07 8.73811e-06 2.48668e-22 3.07171e-08 68278.5 0 0 2.32813e-17 0 0 0.00221797 0 0 0 0 0 0 1.33618e+08 1.33618e+08 1.33618e+08 1.33618e+08 
0.0495 -0.766217 -4.06622 -2.16826 -3.5116 -1.43378 1288.87 2.18287e+16 8.57216e-07 8.71974e-06 2.57124e-22 3.04959e-08 68844.2 0 0 2.41766e-17 0 0 0.00221797 0 0 0 0 0 0 1.39302e+08 1.39302e+08 1.39302e+08 1.39302e+08 
0.05 -0.76276 -4.06276 -2.16355 -3.50796 -1.43724 1352.74 2.17183e+16 8.57449e-07 8.70165e-06 2.65947e-22 3.02787e-08 69407.1 0 0 2.51135e-17 0 0 0.00221797 0 0 0 0 0 0 1.45195e+08 1.45195e+08 1.45195e+08 1.45195e+08 
0.0505 -0.759276 -4.05928 -2.15882 -3.50428 -1.44072 1419.34 2.16095e+16 8.57682e-07 8.68382e-06 2.75149e-22 3.00653e-08 69967.1 0 0 2.60937e-17 0 0 0.00221797 0 0 0 0 0 0 1.51301e+08 1.51301e+08 1.51301e+08 1.51301e+08 
0.051 -0.755764 -4.05576 -2.15407 -3.50058 -1.44424 1488.78 2.15024e+16 8.57916e-07 8.66624e-06 2.84747e-22 2.98558e-08 70524.3 0 0 2.71191e-17 0 0 0.00221797 0 0 0 0 0 0 1.5763e+08 1.5763e+08 1.5763e+08 1.5763e+08 
0.0515 -0.752223 -4.05222 -2.1493 -3.49685 -1.44778 1561.16 2.13969e+16 8.58151e-07 8.64892e-06 2.94754e-22 2.96499e-08 71078.8 0 0 2.81916e-17 0 0 0.00221797 0 0 0 0 0 0 1.64187e+08 1.64187e+08 1.64187e+08 1.64187e+08 
0.052 -0.748656 -4.04866 -2.14451 -3.4931 -1.45134 1636.58 2.1293e+16 8.58386e-07 8.63185e-06 3.05186e-22 2.94476e-08 71630.6 0 0 2.93132e-17 0 0 0.00221797 0 0 0 0 0 0 1.7098e+08 1.7098e+08 1.7098e+08 1.7098e+08 
0.0525 -0.74506 -4.04506 -2.1397 -3.48932 -1.45494 1715.17 2.11905e+16 8.58622e-07 8.61502e-06 3.16059e-22 2.92488e-08 72179.7 0 0 3.04859e-17 0 0 0.00221797 0 0 0 0 0 0 1.78016e+08 1.78016e+08 1.78016e+08 1.78016e+08 
0.053 -0.741438 -4.04144 -2.13487 -3.48551 -1.45856 1797.04 2.10896e+16 8.58859e-07 8.59843e-06 3.2739e-22 2.90534e-08 72726.1 0 0 3.17119e-17 0 0 0.00221797 0 0 0 0 0 0 1.85305e+08 1.85305e+08 1.85305e+08 1.85305e+08 
0.0535 -0.737788 -4.03779 -2.13002 -3.48168 -1.46221 1882.31 2.09901e+16 8.59097e-07 8.58206e-06 3.39195e-22 2.88613e-08 73270 0 0 3.29933e-17 0 0 0.00221797 0 0 0 0 0 0 1.92852e+08 1.92852e+08 1.92852e+08 1.92852e+08 
0.054 -0.734111 -4.03411 -2.12514 -3.47783 -1.46589 1971.11 2.0892e+16 8.59336e-07 8.56593e-06 3.51493e-22 2.86724e-08 73811.4 0 0 3.43323e-17 0 0 0.00221797 0 0 0 0 0 0 2.00668e+08 2.00668e+08 2.00668e+08 2.00668e+08 
0.0545 -0.730407 -4.03041 -2.12025 -3.47395 -1.46959 2063.56 2.07953e+16 8.59575e-07 8.55001e-06 3.64301e-22 2.84867e-08 74350.2 0 0 3.57311e-17 0 0 0.00221797 0 0 0 0 0 0 2.0876e+08 2.0876e+08 2.0876e+08 2.0876e+08 
0.055 -0.726676 -4.02668 -2.11534 -3.47004 -1.47332 2159.8 2.06999e+16 8.59815e-07 8.53431e-06 3.77637e-22 2.8304e-08 74886.5 0 0 3.71921e-17 0 0 0.00221797 0 0 0 0 0 0 2.17136e+08 2.17136e+08 2.17136e+08 2.17136e+08 
0.0555 -0.722918 -4.02292 -2.11041 -3.46611 -1.47708 2259.95 2.06059e+16 8.60055e-07 8.51883e-06 3.91521e-22 2.81243e-08 75420.4 0 0 3.87177e-17 0 0 0.00221797 0 0 0 0 0 0 2.25805e+08 2.25805e+08 2.25805e+08 2.25805e+08 
0.056 -0.719134 -4.01913 -2.10546 -3.46216 -1.48087 2364.15 2.05131e+16 8.60296e-07 8.50355e-06 4.05971e-22 2.79475e-08 75951.8 0 0 4.03102e-17 0 0 0.00221797 0 0 0 0 0 0 2.34777e+08 2.34777e+08 2.34777e+08 2.34777e+08 
0.0565 -0.715323 -4.01532 -2.10048 -3.45818 -1.48468 2472.55 2.04217e+16 8.60538e-07 8.48847e-06 4.21007e-22 2.77735e-08 76480.9 0 0 4.19724e-17 0 0 0.00221797 0 0 0 0 0 0 2.44059e+08 2.44059e+08 2.44059e+08 2.44059e+08 
0.057 -0.711486 -4.01149 -2.09549 -3.45417 -1.48851 2585.28 2.03314e+16 8.60781e-07 8.47359e-06 4.3665e-22 2.76023e-08 77007.7 0 0 4.37066e-17 0 0 0.00221797 0 0 0 0 0 0 2.53661e+08 2.53661e+08 2.53661e+08 2.53661e+08 
0.0575 -0.707622 -4.00762 -2.09048 -3.45014 -1.49238 2702.48 2.02423e+16 8.61024e-07 8.45891e-06 4.5292e-22 2.74338e-08 77532.1 0 0 4.55156e-17 0 0 0.00221797 0 0 0 0 0 0 2.63591e+08 2.63591e+08 2.63591e+08 2.63591e+08 
0.058 -0.703732 -4.00373 -2.08544 -3.44609 -1.49627 2824.32 2.01545e+16 8.61268e-07 8.44442e-06 4.69838e-22 2.72679e-08 78054.2 0 0 4.74021e-17 0 0 0.00221797 0 0 0 0 0 0 2.73859e+08 2.73859e+08 2.73859e+08 2.73859e+08 
0.0585 -0.699817 -3.99982 -2.08039 -3.44201 -1.50018 2950.93 2.00677e+16 8.61513e-07 8.43011e-06 4.87425e-22 2.71046e-08 78574.1 0 0 4.93688e-17 0 0 0.00221797 0 0 0 0 0 0 2.84474e+08 2.84474e+08 2.84474e+08 2.84474e+08 
0.059 -0.695875 -3.99587 -2.07532 -3.4379 -1.50413 3082.47 1.99822e+16 8.61758e-07 8.41599e-06 5.05703e-22 2.69437e-08 79091.7 0 0 5.14187e-17 0 0 0.00221797 0 0 0 0 0 0 2.95446e+08 2.95446e+08 2.95446e+08 2.95446e+08 
0.0595 -0.691907 -3.99191 -2.07023 -3.43378 -1.50809 3219.1 1.98977e+16 8.62004e-07 8.40205e-06 5.24694e-22 2.67854e-08 79607.2 0 0 5.35546e-17 0 0 0.00221797 0 0 0 0 0 0 3.06783e+08 3.06783e+08 3.06783e+08 3.06783e+08 
0.06 -0.687914 -3.98791 -2.06512 -3.42962 -1.51209 3360.97 1.98142e+16 8.62251e-07 8.38828e-06 5.4442e-22 2.66294e-08 80120.5 0 0 5.57795e-17 0 0 0.00221797 0 0 0 0 0 0 3.18495e+08 3.18495e+08 3.18495e+08 3.18495e+08 
0.0605 -0.683895 -3.9839 -2.05999 -3.42545 -1.5161 3508.25 1.97319e+16 8.62498e-07 8.37468e-06 5.64905e-22 2.64757e-08 80631.6 0 0 5.80965e-17 0 0 0.00221797 0 0 0 0 0 0 3.30592e+08 3.30592e+08 3.30592e+08 3.30592e+08 
0.061 -0.679851 -3.97985 -2.05484 -3.42125 -1.52015 3661.1 1.96506e+16 8.62746e-07 8.36126e-06 5.86172e-22 2.63243e-08 81140.6 0 0 6.05088e-17 0 0 0.00221797 0 0 0 0 0 0 3.43083e+08 3.43083e+08 3.43083e+08 3.43083e+08 
0.0615 -0.675781 -3.97578 -2.04967 -3.41702 -1.52422 3819.68 1.95703e+16 8.62995e-07 8.348e-06 6.08245e-22 2.61752e-08 81647.6 0 0 6.30195e-17 0 0 0.00221797 0 0 0 0 0 0 3.55979e+08 3.55979e+08 3.55979e+08 3.55979e+08 
0.062 -0.671686 -3.97169 -2.04448 -3.41277 -1.52831 3984.17 1.94909e+16 8.63244e-07 8.3349e-06 6.31147e-22 2.60282e-08 82152.4 0 0 6.56319e-17 0 0 0.00221797 0 0 0 0 0 0 3.69287e+08 3.69287e+08 3.69287e+08 3.69287e+08 
0.0625 -0.667566 -3.96757 -2.03927 -3.4085 -1.53243 4154.73 1.94126e+16 8.63494e-07 8.32196e-06 6.54903e-22 2.58833e-08 82655.3 0 0 6.83495e-17 0 0 0.00221797 0 0 0 0 0 0 3.8302e+08 3.8302e+08 3.8302e+08 3.8302e+08 
0.063 -0.663421 -3.96342 -2.03405 -3.4042 -1.53658 4331.55 1.93352e+16 8.63744e-07 8.30918e-06 6.79539e-22 2.57405e-08 83156.1 0 0 7.11755e-17 0 0 0.00221797 0 0 0 0 0 0 3.97185e+08 3.97185e+08 3.97185e+08 3.97185e+08 
0.0635 -0.65925 -3.95925 -2.0288 -3.39988 -1.54075 4514.79 1.92588e+16 8.63995e-07 8.29655e-06 7.05079e-22 2.55998e-08 83654.9 0 0 7.41136e-17 0 0 0.00221797 0 0 0 0 0 0 4.11794e+08 4.11794e+08 4.11794e+08 4.11794e+08 
0.064 -0.655055 -3.95506 -2.02354 -3.39554 -1.54494 4704.64 1.91832e+16 8.64247e-07 8.28407e-06 7.31549e-22 2.5461e-08 84151.8 0 0 7.71674e-17 0 0 0.00221797 0 0 0 0 0 0 4.26857e+08 4.26857e+08 4.26857e+08 4.26857e+08 
0.0645 -0.650835 -3.95084 -2.01826 -3.39117 -1.54916 4901.28 1.91086e+16 8.64499e-07 8.27174e-06 7.58975e-22 2.53242e-08 84646.7 0 0 8.03405e-17 0 0 0.00221797 0 0 0 0 0 0 4.42383e+08 4.42383e+08 4.42383e+08 4.42383e+08 
0.065 -0.646591 -3.94659 -2.01296 -3.38678 -1.55341 5104.9 1.90348e+16 8.64751e-07 8.25955e-06 7.87384e-22 2.51893e-08 85139.7 0 0 8.36366e-17 0 0 0.00221797 0 0 0 0 0 0 4.58383e+08 4.58383e+08 4.58383e+08 4.58383e+08 
0.0655 -0.642321 -3.94232 -2.00764 -3.38237 -1.55768 5315.68 1.89619e+16 8.65004e-07 8.24751e-06 8.16803e-22 2.50562e-08 85630.8 0 0 8.70597e-17 0 0 0.00221797 0 0 0 0 0 0 4.74867e+08 4.74867e+08 4.74867e+08 4.74867e+08 
0.066 -0.638027 -3.93803 -2.0023 -3.37793 -1.56197 5533.82 1.88898e+16 8.65258e-07 8.23561e-06 8.4726e-22 2.49249e-08 86120.1 0 0 9.06135e-17 0 0 0.00221797 0 0 0 0 0 0 4.91846e+08 4.91846e+08 4.91846e+08 4.91846e+08 
0.0665 -0.633709 -3.93371 -1.99695 -3.37347 -1.56629 5759.5 1.88186e+16 8.65512e-07 8.22384e-06 8.78781e-22 2.47955e-08 86607.4 0 0 9.43022e-17 0 0 0.00221797 0 0 0 0 0 0 5.0933e+08 5.0933e+08 5.0933e+08 5.0933e+08 
0.067 -0.629367 -3.92937 -1.99157 -3.36899 -1.57063 5992.93 1.87482e+16 8.65767e-07 8.21221e-06 9.11396e-22 2.46678e-08 87093 0 0 9.81298e-17 0 0 0.00221797 0 0 0 0 0 0 5.27329e+08 5.27329e+08 5.27329e+08 5.27329e+08 
0.0675 -0.625 -3.925 -1.98618 -3.36448 -1.575 6234.31 1.86786e+16 8.66022e-07 8.20071e-06 9.45132e-22 2.45417e-08 87576.7 0 0 1.021e-16 0 0 0.00221797 0 0 0 0 0 0 5.45854e+08 5.45854e+08 5.45854e+08 5.45854e+08 
0.068 -0.620609 -3.92061 -1.98078 -3.35995 -1.57939 6483.83 1.86097e+16 8.66278e-07 8.18934e-06 9.8002e-22 2.44174e-08 88058.7 0 0 1.06218e-16 0 0 0.00221797 0 0 0 0 0 0 5.64916e+08 5.64916e+08 5.64916e+08 5.64916e+08 
0.0685 -0.616194 -3.91619 -1.97535 -3.35539 -1.58381 6741.71 1.85417e+16 8.66535e-07 8.1781e-06 1.01609e-21 2.42947e-08 88538.9 0 0 1.10488e-16 0 0 0.00221797 0 0 0 0 0 0 5.84525e+08 5.84525e+08 5.84525e+08 5.84525e+08 
0.069 -0.611755 -3.91176 -1.96991 -3.35082 -1.58824 7008.14 1.84743e+16 8.66791e-07 8.16698e-06 1.05337e-21 2.41736e-08 89017.3 0 0 1.14914e-16 0 0 0.00221797 0 0 0 0 0 0 6.04693e+08 6.04693e+08 6.04693e+08 6.04693e+08 
0.0695 -0.607292 -3.90729 -1.96444 -3.34622 -1.59271 7283.35 1.84078e+16 8.67049e-07 8.15599e-06 1.09189e-21 2.4054e-08 89494 0 0 1.195e-16 0 0 0.00221797 0 0 0 0 0 0 6.2543e+08 6.2543e+08 6.2543e+08 6.2543e+08 
0.07 -0.602806 -3.90281 -1.95896 -3.3416 -1.59719 7567.54 1.83419e+16 8.67306e-07 8.14512e-06 1.13168e-21 2.3936e-08 89969 0 0 1.24251e-16 0 0 0.00221797 0 0 0 0 0 0 6.46747e+08 6.46747e+08 6.46747e+08 6.46747e+08 
0.0705 -0.598295 -3.8983 -1.95347 -3.33695 -1.6017 7860.93 1.82768e+16 8.67565e-07 8.13436e-06 1.17277e-21 2.38195e-08 90442.3 0 0 1.29172e-16 0 0 0.00221797 0 0 0 0 0 0 6.68656e+08 6.68656e+08 6.68656e+08 6.68656e+08 
0.071 -0.593762 -3.89376 -1.94795 -3.33229 -1.60624 8163.74 1.82123e+16 8.67823e-07 8.12373e-06 1.2152e-21 2.37045e-08 90913.9 0 0 1.34268e-16 0 0 0.00221797 0 0 0 0 0 0 6.91167e+08 6.91167e+08 6.91167e+08 6.91167e+08 
0.0715 -0.589204 -3.8892 -1.94242 -3.3276 -1.6108 8476.19 1.81486e+16 8.68082e-07 8.11321e-06 1.259e-21 2.3591e-08 91383.9 0 0 1.39544e-16 0 0 0.00221797 0 0 0 0 0 0 7.14292e+08 7.14292e+08 7.14292e+08 7.14292e+08 
0.072 -0.584623 -3.88462 -1.93687 -3.32288 -1.61538 8798.51 1.80855e+16 8.68342e-07 8.1028e-06 1.30419e-21 2.34788e-08 91852.2 0 0 1.45003e-16 0 0 0.00221797 0 0 0 0 0 0 7.38042e+08 7.38042e+08 7.38042e+08 7.38042e+08 
0.0725 -0.580019 -3.88002 -1.93131 -3.31815 -1.61998 9130.92 1.80231e+16 8.68602e-07 8.09251e-06 1.35082e-21 2.33681e-08 92318.9 0 0 1.50652e-16 0 0 0.00221797 0 0 0 0 0 0 7.62429e+08 7.62429e+08 7.62429e+08 7.62429e+08 
0.073 -0.575391 -3.87539 -1.92572 -3.31339 -1.62461 9473.66 1.79613e+16 8.68863e-07 8.08232e-06 1.39891e-21 2.32587e-08 92784 0 0 1.56496e-16 0 0 0.00221797 0 0 0 0 0 0 7.87463e+08 7.87463e+08 7.87463e+08 7.87463e+08 
0.0735 -0.57074 -3.87074 -1.92012 -3.30861 -1.62926 9826.96 1.79002e+16 8.69123e-07 8.07224e-06 1.4485e-21 2.31506e-08 93247.6 0 0 1.6254e-16 0 0 0.00221797 0 0 0 0 0 0 8.13157e+08 8.13157e+08 8.13157e+08 8.13157e+08 
0.074 -0.566067 -3.86607 -1.91451 -3.30381 -1.63393 10191 1.78397e+16 8.69385e-07 8.06227e-06 1.49963e-21 2.30439e-08 93709.5 0 0 1.68788e-16 0 0 0.00221797 0 0 0 0 0 0 8.39523e+08 8.39523e+08 8.39523e+08 8.39523e+08 
0.0745 -0.561369 -3.86137 -1.90887 -3.29899 -1.63863 10566.2 1.77798e+16 8.69647e-07 8.0524e-06 1.55232e-21 2.29384e-08 94169.9 0 0 1.75247e-16 0 0 0.00221797 0 0 0 0 0 0 8.6657e+08 8.6657e+08 8.6657e+08 8.6657e+08 
0.075 -0.55665 -3.85665 -1.90322 -3.29414 -1.64335 10952.6 1.77206e+16 8.69909e-07 8.04264e-06 1.60662e-21 2.28342e-08 94628.7 0 0 1.81922e-16 0 0 0.00221797 0 0 0 0 0 0 8.94313e+08 8.94313e+08 8.94313e+08 8.94313e+08 
0.0755 -0.551907 -3.85191 -1.89755 -3.28928 -1.64809 11350.5 1.76619e+16 8.70171e-07 8.03297e-06 1.66256e-21 2.27313e-08 95086.1 0 0 1.88819e-16 0 0 0.00221797 0 0 0 0 0 0 9.22761e+08 9.22761e+08 9.22761e+08 9.22761e+08 
0.076 -0.547141 -3.84714 -1.89187 -3.28439 -1.65286 11760.2 1.76038e+16 8.70434e-07 8.02341e-06 1.72017e-21 2.26296e-08 95541.9 0 0 1.95943e-16 0 0 0.00221797 0 0 0 0 0 0 9.51928e+08 9.51928e+08 9.51928e+08 9.51928e+08 
0.0765 -0.542352 -3.84235 -1.88616 -3.27947 -1.65765 12181.9 1.75463e+16 8.70698e-07 8.01394e-06 1.7795e-21 2.2529e-08 95996.2 0 0 2.033e-16 0 0 0.00221797 0 0 0 0 0 0 9.81825e+08 9.81825e+08 9.81825e+08 9.81825e+08 
0.077 -0.537541 -3.83754 -1.88044 -3.27454 -1.66246 12615.9 1.74894e+16 8.70961e-07 8.00457e-06 1.84057e-21 2.24297e-08 96449 0 0 2.10896e-16 0 0 0.00221797 0 0 0 0 0 0 1.01246e+09 1.01246e+09 1.01246e+09 1.01246e+09 
0.0775 -0.532708 -3.83271 -1.87471 -3.26959 -1.66729 13062.4 1.7433e+16 8.71226e-07 7.99529e-06 1.90343e-21 2.23314e-08 96900.4 0 0 2.18737e-16 0 0 0.00221797 0 0 0 0 0 0 1.04386e+09 1.04386e+09 1.04386e+09 1.04386e+09 
0.078 -0.527851 -3.82785 -1.86896 -3.26461 -1.67215 13521.7 1.73772e+16 8.7149e-07 7.98611e-06 1.96811e-21 2.22344e-08 97350.3 0 0 2.26829e-16 0 0 0.00221797 0 0 0 0 0 0 1.07602e+09 1.07602e+09 1.07602e+09 1.07602e+09 
0.0785 -0.522972 -3.82297 -1.86319 -3.25961 -1.67703 13994 1.73219e+16 8.71755e-07 7.97702e-06 2.03466e-21 2.21384e-08 97798.8 0 0 2.35178e-16 0 0 0.00221797 0 0 0 0 0 0 1.10896e+09 1.10896e+09 1.10896e+09 1.10896e+09 
0.079 -0.518071 -3.81807 -1.8574 -3.25459 -1.68193 14479.7 1.72671e+16 8.7202e-07 7.96802e-06 2.10311e-21 2.20435e-08 98245.9 0 0 2.43791e-16 0 0 0.00221797 0 0 0 0 0 0 1.14268e+09 1.14268e+09 1.14268e+09 1.14268e+09 
0.0795 -0.513148 -3.81315 -1.8516 -3.24955 -1.68685 14978.9 1.72129e+16 8.72286e-07 7.9591e-06 2.17349e-21 2.19497e-08 98691.5 0 0 2.52673e-16 0 0 0.00221797 0 0 0 0 0 0 1.17722e+09 1.17722e+09 1.17722e+09 1.17722e+09 
0.08 -0.508202 -3.8082 -1.84578 -3.24449 -1.6918 15492 1.71592e+16 8.72552e-07 7.95028e-06 2.24586e-21 2.18569e-08 99135.8 0 0 2.61832e-16 0 0 0.00221797 0 0 0 0 0 0 1.21256e+09 1.21256e+09 1.21256e+09 1.21256e+09 
0.0805 -0.503234 -3.80323 -1.83994 -3.2394 -1.69677 16019.2 1.7106e+16 8.72819e-07 7.94154e-06 2.32025e-21 2.17652e-08 99578.7 0 0 2.71273e-16 0 0 0.00221797 0 0 0 0 0 0 1.24874e+09 1.24874e+09 1.24874e+09 1.24874e+09 
0.081 -0.498244 -3.79824 -1.83409 -3.2343 -1.70176 16560.8 1.70532e+16 8.73085e-07 7.93289e-06 2.39669e-21 2.16745e-08 100020 0 0 2.81004e-16 0 0 0.00221797 0 0 0 0 0 0 1.28576e+09 1.28576e+09 1.28576e+09 1.28576e+09 
0.0815 -0.493232 -3.79323 -1.82822 -3.22917 -1.70677 17117.1 1.7001e+16 8.73352e-07 7.92432e-06 2.47524e-21 2.15848e-08 100460 0 0 2.91031e-16 0 0 0.00221797 0 0 0 0 0 0 1.32363e+09 1.32363e+09 1.32363e+09 1.32363e+09 
0.082 -0.488198 -3.7882 -1.82233 -3.22402 -1.7118 17688.3 1.69493e+16 8.7362e-07 7.91584e-06 2.55593e-21 2.1496e-08 100899 0 0 3.01361e-16 0 0 0.00221797 0 0 0 0 0 0 1.36236e+09 1.36236e+09 1.36236e+09 1.36236e+09 
0.0825 -0.483142 -3.78314 -1.81643 -3.21885 -1.71686 18274.8 1.6898e+16 8.73888e-07 7.90743e-06 2.6388e-21 2.14082e-08 101337 0 0 3.12002e-16 0 0 0.00221797 0 0 0 0 0 0 1.40198e+09 1.40198e+09 1.40198e+09 1.40198e+09 
0.083 -0.478065 -3.77806 -1.81051 -3.21366 -1.72194 18876.8 1.68472e+16 8.74156e-07 7.89911e-06 2.7239e-21 2.13214e-08 101773 0 0 3.22959e-16 0 0 0.00221797 0 0 0 0 0 0 1.44248e+09 1.44248e+09 1.44248e+09 1.44248e+09 
0.0835 -0.472965 -3.77297 -1.80458 -3.20845 -1.72703 19494.6 1.67969e+16 8.74424e-07 7.89086e-06 2.81126e-21 2.12355e-08 102208 0 0 3.34241e-16 0 0 0.00221797 0 0 0 0 0 0 1.48389e+09 1.48389e+09 1.48389e+09 1.48389e+09 
0.084 -0.467844 -3.76784 -1.79863 -3.20322 -1.73216 20128.5 1.6747e+16 8.74693e-07 7.8827e-06 2.90094e-21 2.11505e-08 102641 0 0 3.45854e-16 0 0 0.00221797 0 0 0 0 0 0 1.52621e+09 1.52621e+09 1.52621e+09 1.52621e+09 
0.0845 -0.462701 -3.7627 -1.79266 -3.19796 -1.7373 20778.8 1.66975e+16 8.74962e-07 7.87461e-06 2.99297e-21 2.10664e-08 103073 0 0 3.57807e-16 0 0 0.00221797 0 0 0 0 0 0 1.56947e+09 1.56947e+09 1.56947e+09 1.56947e+09 
0.085 -0.457537 -3.75754 -1.78667 -3.19269 -1.74246 21445.8 1.66485e+16 8.75232e-07 7.86659e-06 3.0874e-21 2.09832e-08 103504 0 0 3.70105e-16 0 0 0.00221797 0 0 0 0 0 0 1.61367e+09 1.61367e+09 1.61367e+09 1.61367e+09 
0.0855 -0.452351 -3.75235 -1.78067 -3.18739 -1.74765 22129.8 1.66e+16 8.75501e-07 7.85865e-06 3.18427e-21 2.09009e-08 103934 0 0 3.82758e-16 0 0 0.00221797 0 0 0 0 0 0 1.65882e+09 1.65882e+09 1.65882e+09 1.65882e+09 
0.086 -0.447143 -3.74714 -1.77466 -3.18208 -1.75286 22831.1 1.65518e+16 8.75771e-07 7.85079e-06 3.28363e-21 2.08194e-08 104363 0 0 3.95773e-16 0 0 0.00221797 0 0 0 0 0 0 1.70494e+09 1.70494e+09 1.70494e+09 1.70494e+09 
0.0865 -0.441914 -3.74191 -1.76862 -3.17674 -1.75809 23550 1.65041e+16 8.76042e-07 7.843e-06 3.38552e-21 2.07388e-08 104790 0 0 4.09156e-16 0 0 0.00221797 0 0 0 0 0 0 1.75204e+09 1.75204e+09 1.75204e+09 1.75204e+09 
0.087 -0.436664 -3.73666 -1.76257 -3.17138 -1.76334 24286.8 1.64568e+16 8.76312e-07 7.83527e-06 3.48999e-21 2.0659e-08 105216 0 0 4.22918e-16 0 0 0.00221797 0 0 0 0 0 0 1.80014e+09 1.80014e+09 1.80014e+09 1.80014e+09 
0.0875 -0.431393 -3.73139 -1.75651 -3.166 -1.76861 25041.8 1.64099e+16 8.76583e-07 7.82762e-06 3.59708e-21 2.058e-08 105641 0 0 4.37064e-16 0 0 0.00221797 0 0 0 0 0 0 1.84924e+09 1.84924e+09 1.84924e+09 1.84924e+09 
0.088 -0.4261 -3.7261 -1.75043 -3.1606 -1.7739 25815.3 1.63634e+16 8.76855e-07 7.82004e-06 3.70685e-21 2.05018e-08 106064 0 0 4.51605e-16 0 0 0.00221797 0 0 0 0 0 0 1.89937e+09 1.89937e+09 1.89937e+09 1.89937e+09 
0.0885 -0.420786 -3.72079 -1.74433 -3.15518 -1.77921 26607.7 1.63173e+16 8.77126e-07 7.81253e-06 3.81932e-21 2.04244e-08 106487 0 0 4.66546e-16 0 0 0.00221797 0 0 0 0 0 0 1.95053e+09 1.95053e+09 1.95053e+09 1.95053e+09 
0.089 -0.415451 -3.71545 -1.73821 -3.14974 -1.78455 27419.3 1.62716e+16 8.77398e-07 7.80508e-06 3.93456e-21 2.03478e-08 106908 0 0 4.81898e-16 0 0 0.00221797 0 0 0 0 0 0 2.00273e+09 2.00273e+09 2.00273e+09 2.00273e+09 
0.0895 -0.410095 -3.7101 -1.73208 -3.14428 -1.7899 28250.3 1.62262e+16 8.7767e-07 7.79771e-06 4.05262e-21 2.02719e-08 107328 0 0 4.97668e-16 0 0 0.00221797 0 0 0 0 0 0 2.056e+09 2.056e+09 2.056e+09 2.056e+09 
0.09 -0.404719 -3.70472 -1.72593 -3.1388 -1.79528 29101.1 1.61813e+16 8.77943e-07 7.79039e-06 4.17353e-21 2.01968e-08 107747 0 0 5.13866e-16 0 0 0.00221797 0 0 0 0 0 0 2.11034e+09 2.11034e+09 2.11034e+09 2.11034e+09 
0.0905 -0.399321 -3.69932 -1.71977 -3.1333 -1.80068 29972 1.61367e+16 8.78216e-07 7.78315e-06 4.29734e-21 2.01225e-08 108165 0 0 5.30498e-16 0 0 0.00221797 0 0 0 0 0 0 2.16577e+09 2.16577e+09 2.16577e+09 2.16577e+09 
0.091 -0.393902 -3.6939 -1.71359 -3.12778 -1.8061 30863.4 1.60925e+16 8.78489e-07 7.77597e-06 4.42412e-21 2.00488e-08 108581 0 0 5.47575e-16 0 0 0.00221797 0 0 0 0 0 0 2.22229e+09 2.22229e+09 2.22229e+09 2.22229e+09 
0.0915 -0.388463 -3.68846 -1.7074 -3.12224 -1.81154 31775.6 1.60487e+16 8.78762e-07 7.76885e-06 4.5539e-21 1.99759e-08 108997 0 0 5.65105e-16 0 0 0.00221797 0 0 0 0 0 0 2.27994e+09 2.27994e+09 2.27994e+09 2.27994e+09 
0.092 -0.383002 -3.683 -1.70119 -3.11668 -1.817 32708.9 1.60052e+16 8.79036e-07 7.76179e-06 4.68673e-21 1.99037e-08 109411 0 0 5.83098e-16 0 0 0.00221797 0 0 0 0 0 0 2.3387e+09 2.3387e+09 2.3387e+09 2.3387e+09 
0.0925 -0.377522 -3.67752 -1.69496 -3.1111 -1.82248 33663.6 1.59621e+16 8.7931e-07 7.7548e-06 4.82266e-21 1.98322e-08 109824 0 0 6.01561e-16 0 0 0.00221797 0 0 0 0 0 0 2.39861e+09 2.39861e+09 2.39861e+09 2.39861e+09 
0.093 -0.37202 -3.67202 -1.68871 -3.10549 -1.82798 34640.1 1.59193e+16 8.79584e-07 7.74786e-06 4.96175e-21 1.97613e-08 110236 0 0 6.20505e-16 0 0 0.00221797 0 0 0 0 0 0 2.45968e+09 2.45968e+09 2.45968e+09 2.45968e+09 
0.0935 -0.366498 -3.6665 -1.68245 -3.09987 -1.8335 35638.7 1.58769e+16 8.79858e-07 7.74099e-06 5.10405e-21 1.96912e-08 110647 0 0 6.39938e-16 0 0 0.00221797 0 0 0 0 0 0 2.52191e+09 2.52191e+09 2.52191e+09 2.52191e+09 
0.094 -0.360955 -3.66096 -1.67618 -3.09423 -1.83904 36659.7 1.58348e+16 8.80133e-07 7.73417e-06 5.2496e-21 1.96217e-08 111057 0 0 6.59871e-16 0 0 0.00221797 0 0 0 0 0 0 2.58532e+09 2.58532e+09 2.58532e+09 2.58532e+09 
0.0945 -0.355392 -3.65539 -1.66989 -3.08857 -1.84461 37703.6 1.5793e+16 8.80408e-07 7.72742e-06 5.39846e-21 1.95528e-08 111466 0 0 6.80311e-16 0 0 0.00221797 0 0 0 0 0 0 2.64993e+09 2.64993e+09 2.64993e+09 2.64993e+09 
0.095 -0.349809 -3.64981 -1.66358 -3.08289 -1.85019 38770.6 1.57516e+16 8.80683e-07 7.72072e-06 5.55067e-21 1.94846e-08 111874 0 0 7.0127e-16 0 0 0.00221797 0 0 0 0 0 0 2.71574e+09 2.71574e+09 2.71574e+09 2.71574e+09 
0.0955 -0.344205 -3.6442 -1.65725 -3.07719 -1.8558 39861.1 1.57105e+16 8.80958e-07 7.71408e-06 5.7063e-21 1.94171e-08 112280 0 0 7.22757e-16 0 0 0.00221797 0 0 0 0 0 0 2.78278e+09 2.78278e+09 2.78278e+09 2.78278e+09 
0.096 -0.338581 -3.63858 -1.65091 -3.07146 -1.86142 40975.4 1.56697e+16 8.81234e-07 7.7075e-06 5.86539e-21 1.93501e-08 112686 0 0 7.44781e-16 0 0 0.00221797 0 0 0 0 0 0 2.85106e+09 2.85106e+09 2.85106e+09 2.85106e+09 
0.0965 -0.332936 -3.63294 -1.64456 -3.06572 -1.86706 42113.9 1.56292e+16 8.8151e-07 7.70097e-06 6.028e-21 1.92838e-08 113090 0 0 7.67353e-16 0 0 0.00221797 0 0 0 0 0 0 2.92058e+09 2.92058e+09 2.92058e+09 2.92058e+09 
0.097 -0.327272 -3.62727 -1.63819 -3.05996 -1.87273 43277 1.55891e+16 8.81786e-07 7.69449e-06 6.19418e-21 1.92181e-08 113494 0 0 7.90482e-16 0 0 0.00221797 0 0 0 0 0 0 2.99136e+09 2.99136e+09 2.99136e+09 2.99136e+09 
0.0975 -0.321587 -3.62159 -1.6318 -3.05418 -1.87841 44464.9 1.55492e+16 8.82063e-07 7.68807e-06 6.36398e-21 1.9153e-08 113896 0 0 8.14179e-16 0 0 0.00221797 0 0 0 0 0 0 3.06342e+09 3.06342e+09 3.06342e+09 3.06342e+09 
0.098 -0.315882 -3.61588 -1.6254 -3.04838 -1.88412 45678.1 1.55097e+16 8.8234e-07 7.68171e-06 6.53746e-21 1.90885e-08 114298 0 0 8.38455e-16 0 0 0.00221797 0 0 0 0 0 0 3.13678e+09 3.13678e+09 3.13678e+09 3.13678e+09 
0.0985 -0.310157 -3.61016 -1.61898 -3.04256 -1.88984 46917 1.54704e+16 8.82617e-07 7.6754e-06 6.71467e-21 1.90245e-08 114698 0 0 8.63318e-16 0 0 0.00221797 0 0 0 0 0 0 3.21143e+09 3.21143e+09 3.21143e+09 3.21143e+09 
0.099 -0.304412 -3.60441 -1.61254 -3.03672 -1.89559 48181.8 1.54315e+16 8.82894e-07 7.66914e-06 6.89567e-21 1.89611e-08 115098 0 0 8.8878e-16 0 0 0.00221797 0 0 0 0 0 0 3.2874e+09 3.2874e+09 3.2874e+09 3.2874e+09 
0.0995 -0.298647 -3.59865 -1.60609 -3.03086 -1.90135 49472.9 1.53928e+16 8.83171e-07 7.66293e-06 7.08051e-21 1.88983e-08 115496 0 0 9.14852e-16 0 0 0.00221797 0 0 0 0 0 0 3.36471e+09 3.36471e+09 3.36471e+09 3.36471e+09 
0.1 -0.292863 -3.59286 -1.59962 -3.02499 -1.90714 50790.8 1.53545e+16 8.83449e-07 7.65677e-06 7.26924e-21 1.88361e-08 115893 0 0 9.41543e-16 0 0 0.00221797 0 0 0 0 0 0 3.44336e+09 3.44336e+09 3.44336e+09 3.44336e+09 
0.1005 -0.287058 -3.58706 -1.59314 -3.01909 -1.91294 52135.7 1.53164e+16 8.83727e-07 7.65067e-06 7.46193e-21 1.87744e-08 116290 0 0 9.68866e-16 0 0 0.00221797 0 0 0 0 0 0 3.52337e+09 3.52337e+09 3.52337e+09 3.52337e+09 
0.101 -0.281234 -3.58123 -1.58664 -3.01317 -1.91877 53508.1 1.52786e+16 8.84005e-07 7.64461e-06 7.65863e-21 1.87132e-08 116685 0 0 9.9683e-16 0 0 0.00221797 0 0 0 0 0 0 3.60475e+09 3.60475e+09 3.60475e+09 3.60475e+09 
0.1015 -0.27539 -3.57539 -1.58012 -3.00724 -1.92461 54908.3 1.52411e+16 8.84283e-07 7.6386e-06 7.85939e-21 1.86526e-08 117080 0 0 1.02545e-15 0 0 0.00221797 0 0 0 0 0 0 3.68752e+09 3.68752e+09 3.68752e+09 3.68752e+09 
0.102 -0.269526 -3.56953 -1.57359 -3.00128 -1.93047 56336.7 1.52038e+16 8.84562e-07 7.63264e-06 8.06428e-21 1.85925e-08 117473 0 0 1.05473e-15 0 0 0.00221797 0 0 0 0 0 0 3.77168e+09 3.77168e+09 3.77168e+09 3.77168e+09 
0.1025 -0.263642 -3.56364 -1.56705 -2.99531 -1.93636 57793.6 1.51669e+16 8.84841e-07 7.62673e-06 8.27335e-21 1.8533e-08 117866 0 0 1.08468e-15 0 0 0.00221797 0 0 0 0 0 0 3.85726e+09 3.85726e+09 3.85726e+09 3.85726e+09 
0.103 -0.257739 -3.55774 -1.56048 -2.98931 -1.94226 59279.5 1.51302e+16 8.8512e-07 7.62087e-06 8.48665e-21 1.84739e-08 118257 0 0 1.11533e-15 0 0 0.00221797 0 0 0 0 0 0 3.94427e+09 3.94427e+09 3.94427e+09 3.94427e+09 
0.1035 -0.251816 -3.55182 -1.55391 -2.9833 -1.94818 60794.8 1.50937e+16 8.85399e-07 7.61505e-06 8.70425e-21 1.84153e-08 118648 0 0 1.14667e-15 0 0 0.00221797 0 0 0 0 0 0 4.03272e+09 4.03272e+09 4.03272e+09 4.03272e+09 
0.104 -0.245874 -3.54587 -1.54731 -2.97727 -1.95413 62339.7 1.50576e+16 8.85679e-07 7.60929e-06 8.9262e-21 1.83573e-08 119038 0 0 1.17872e-15 0 0 0.00221797 0 0 0 0 0 0 4.12263e+09 4.12263e+09 4.12263e+09 4.12263e+09 
0.1045 -0.239913 -3.53991 -1.5407 -2.97122 -1.96009 63914.7 1.50216e+16 8.85959e-07 7.60356e-06 9.15256e-21 1.82997e-08 119426 0 0 1.21149e-15 0 0 0.00221797 0 0 0 0 0 0 4.214e+09 4.214e+09 4.214e+09 4.214e+09 
0.105 -0.233932 -3.53393 -1.53408 -2.96515 -1.96607 65520.2 1.4986e+16 8.86239e-07 7.59788e-06 9.3834e-21 1.82426e-08 119814 0 0 1.245e-15 0 0 0.00221797 0 0 0 0 0 0 4.30686e+09 4.30686e+09 4.30686e+09 4.30686e+09 
0.1055 -0.227931 -3.52793 -1.52744 -2.95906 -1.97207 67156.6 1.49506e+16 8.86519e-07 7.59225e-06 9.61876e-21 1.8186e-08 120201 0 0 1.27925e-15 0 0 0.00221797 0 0 0 0 0 0 4.40122e+09 4.40122e+09 4.40122e+09 4.40122e+09 
0.106 -0.221912 -3.52191 -1.52078 -2.95295 -1.97809 68824.2 1.49154e+16 8.86799e-07 7.58666e-06 9.85872e-21 1.81299e-08 120587 0 0 1.31425e-15 0 0 0.00221797 0 0 0 0 0 0 4.49708e+09 4.49708e+09 4.49708e+09 4.49708e+09 
0.1065 -0.215873 -3.51587 -1.51411 -2.94683 -1.98413 70523.5 1.48805e+16 8.8708e-07 7.58112e-06 1.01033e-20 1.80743e-08 120972 0 0 1.35003e-15 0 0 0.00221797 0 0 0 0 0 0 4.59447e+09 4.59447e+09 4.59447e+09 4.59447e+09 
0.107 -0.209814 -3.50981 -1.50742 -2.94068 -1.99019 72254.8 1.48458e+16 8.87361e-07 7.57562e-06 1.03526e-20 1.80191e-08 121357 0 0 1.38659e-15 0 0 0.00221797 0 0 0 0 0 0 4.6934e+09 4.6934e+09 4.6934e+09 4.6934e+09 
0.1075 -0.203737 -3.50374 -1.50072 -2.93452 -1.99626 74018.5 1.48114e+16 8.87642e-07 7.57016e-06 1.06067e-20 1.79643e-08 121740 0 0 1.42394e-15 0 0 0.00221797 0 0 0 0 0 0 4.79387e+09 4.79387e+09 4.79387e+09 4.79387e+09 
0.108 -0.19764 -3.49764 -1.494 -2.92834 -2.00236 75815.1 1.47772e+16 8.87923e-07 7.56474e-06 1.08656e-20 1.791e-08 122122 0 0 1.46209e-15 0 0 0.00221797 0 0 0 0 0 0 4.89592e+09 4.89592e+09 4.89592e+09 4.89592e+09 
0.1085 -0.191525 -3.49152 -1.48726 -2.92214 -2.00848 77644.8 1.47432e+16 8.88204e-07 7.55937e-06 1.11294e-20 1.78562e-08 122504 0 0 1.50107e-15 0 0 0.00221797 0 0 0 0 0 0 4.99954e+09 4.99954e+09 4.99954e+09 4.99954e+09 
0.109 -0.18539 -3.48539 -1.48051 -2.91592 -2.01461 79508.2 1.47095e+16 8.88486e-07 7.55404e-06 1.13982e-20 1.78027e-08 122885 0 0 1.54088e-15 0 0 0.00221797 0 0 0 0 0 0 5.10476e+09 5.10476e+09 5.10476e+09 5.10476e+09 
0.1095 -0.179236 -3.47924 -1.47374 -2.90968 -2.02076 81405.6 1.4676e+16 8.88768e-07 7.54875e-06 1.1672e-20 1.77498e-08 123264 0 0 1.58153e-15 0 0 0.00221797 0 0 0 0 0 0 5.21158e+09 5.21158e+09 5.21158e+09 5.21158e+09 
0.11 -0.173064 -3.47306 -1.46696 -2.90342 -2.02694 83337.5 1.46427e+16 8.8905e-07 7.5435e-06 1.19508e-20 1.76972e-08 123643 0 0 1.62304e-15 0 0 0.00221797 0 0 0 0 0 0 5.32003e+09 5.32003e+09 5.32003e+09 5.32003e+09 
0.1105 -0.166872 -3.46687 -1.46017 -2.89714 -2.03313 85304.1 1.46097e+16 8.89332e-07 7.53829e-06 1.22348e-20 1.76451e-08 124021 0 0 1.66542e-15 0 0 0.00221797 0 0 0 0 0 0 5.43011e+09 5.43011e+09 5.43011e+09 5.43011e+09 
0.111 -0.160661 -3.46066 -1.45335 -2.89085 -2.03934 87306 1.45768e+16 8.89615e-07 7.53312e-06 1.2524e-20 1.75933e-08 124399 0 0 1.70868e-15 0 0 0.00221797 0 0 0 0 0 0 5.54184e+09 5.54184e+09 5.54184e+09 5.54184e+09 
0.1115 -0.154432 -3.45443 -1.44652 -2.88454 -2.04557 89343.6 1.45442e+16 8.89897e-07 7.52799e-06 1.28185e-20 1.7542e-08 124775 0 0 1.75284e-15 0 0 0.00221797 0 0 0 0 0 0 5.65523e+09 5.65523e+09 5.65523e+09 5.65523e+09 
0.112 -0.148184 -3.44818 -1.43968 -2.87821 -2.05182 91417.2 1.45118e+16 8.9018e-07 7.52289e-06 1.31183e-20 1.74911e-08 125151 0 0 1.7979e-15 0 0 0.00221797 0 0 0 0 0 0 5.77029e+09 5.77029e+09 5.77029e+09 5.77029e+09 
0.1125 -0.141917 -3.44192 -1.43282 -2.87186 -2.05808 93527.2 1.44796e+16 8.90463e-07 7.51784e-06 1.34234e-20 1.74406e-08 125525 0 0 1.84389e-15 0 0 0.00221797 0 0 0 0 0 0 5.88705e+09 5.88705e+09 5.88705e+09 5.88705e+09 
0.113 -0.135631 -3.43563 -1.42594 -2.86549 -2.06437 95674.1 1.44477e+16 8.90747e-07 7.51282e-06 1.37341e-20 1.73905e-08 125899 0 0 1.89082e-15 0 0 0.00221797 0 0 0 0 0 0 6.00551e+09 6.00551e+09 6.00551e+09 6.00551e+09 
0.1135 -0.129327 -3.42933 -1.41905 -2.8591 -2.07067 97858.3 1.44159e+16 8.9103e-07 7.50785e-06 1.40502e-20 1.73407e-08 126272 0 0 1.9387e-15 0 0 0.00221797 0 0 0 0 0 0 6.12568e+09 6.12568e+09 6.12568e+09 6.12568e+09 
0.114 -0.123004 -3.423 -1.41215 -2.8527 -2.077 100080 1.43843e+16 8.91314e-07 7.5029e-06 1.4372e-20 1.72914e-08 126645 0 0 1.98754e-15 0 0 0.00221797 0 0 0 0 0 0 6.24759e+09 6.24759e+09 6.24759e+09 6.24759e+09 
0.1145 -0.116663 -3.41666 -1.40523 -2.84628 -2.08334 102340 1.4353e+16 8.91597e-07 7.498e-06 1.46994e-20 1.72424e-08 127016 0 0 2.03736e-15 0 0 0.00221797 0 0 0 0 0 0 6.37124e+09 6.37124e+09 6.37124e+09 6.37124e+09 
0.115 -0.110303 -3.4103 -1.39829 -2.83983 -2.0897 104639 1.43218e+16 8.91882e-07 7.49313e-06 1.50325e-20 1.71938e-08 127387 0 0 2.08818e-15 0 0 0.00221797 0 0 0 0 0 0 6.49665e+09 6.49665e+09 6.49665e+09 6.49665e+09 
0.1155 -0.103924 -3.40392 -1.39134 -2.83338 -2.09608 106976 1.42909e+16 8.92166e-07 7.4883e-06 1.53714e-20 1.71456e-08 127756 0 0 2.14e-15 0 0 0.00221797 0 0 0 0 0 0 6.62383e+09 6.62383e+09 6.62383e+09 6.62383e+09 
0.116 -0.0975269 -3.39753 -1.38437 -2.8269 -2.10247 109353 1.42601e+16 8.9245e-07 7.48351e-06 1.57161e-20 1.70978e-08 128125 0 0 2.19284e-15 0 0 0.00221797 0 0 0 0 0 0 6.75279e+09 6.75279e+09 6.75279e+09 6.75279e+09 
0.1165 -0.0911114 -3.39111 -1.37739 -2.8204 -2.10889 111770 1.42296e+16 8.92735e-07 7.47875e-06 1.60668e-20 1.70503e-08 128494 0 0 2.24671e-15 0 0 0.00221797 0 0 0 0 0 0 6.88355e+09 6.88355e+09 6.88355e+09 6.88355e+09 
0.117 -0.0846775 -3.38468 -1.37039 -2.81389 -2.11532 114227 1.41992e+16 8.93019e-07 7.47402e-06 1.64234e-20 1.70031e-08 128861 0 0 2.30163e-15 0 0 0.00221797 0 0 0 0 0 0 7.01613e+09 7.01613e+09 7.01613e+09 7.01613e+09 
0.1175 -0.0782253 -3.37823 -1.36337 -2.80736 -2.12177 116724 1.4169e+16 8.93304e-07 7.46933e-06 1.67861e-20 1.69564e-08 129228 0 0 2.35762e-15 0 0 0.00221797 0 0 0 0 0 0 7.15053e+09 7.15053e+09 7.15053e+09 7.15053e+09 
0.118 -0.0717547 -3.37175 -1.35634 -2.80081 -2.12825 119263 1.41391e+16 8.93589e-07 7.46467e-06 1.71548e-20 1.69099e-08 129594 0 0 2.41469e-15 0 0 0.00221797 0 0 0 0 0 0 7.28678e+09 7.28678e+09 7.28678e+09 7.28678e+09 
0.1185 -0.0652659 -3.36527 -1.3493 -2.79424 -2.13473 121843 1.41093e+16 8.93875e-07 7.46005e-06 1.75298e-20 1.68638e-08 129959 0 0 2.47285e-15 0 0 0.00221797 0 0 0 0 0 0 7.42487e+09 7.42487e+09 7.42487e+09 7.42487e+09 
0.119 -0.0587589 -3.35876 -1.34224 -2.78766 -2.14124 124465 1.40797e+16 8.9416e-07 7.45546e-06 1.7911e-20 1.68181e-08 130323 0 0 2.53211e-15 0 0 0.00221797 0 0 0 0 0 0 7.56483e+09 7.56483e+09 7.56483e+09 7.56483e+09 
0.1195 -0.0522336 -3.35223 -1.33516 -2.78106 -2.14777 127129 1.40502e+16 8.94446e-07 7.45091e-06 1.82985e-20 1.67727e-08 130687 0 0 2.5925e-15 0 0 0.00221797 0 0 0 0 0 0 7.70668e+09 7.70668e+09 7.70668e+09 7.70668e+09 
0.12 -0.0456902 -3.34569 -1.32807 -2.77443 -2.15431 129836 1.4021e+16 8.94732e-07 7.44638e-06 1.86924e-20 1.67276e-08 131050 0 0 2.65403e-15 0 0 0.00221797 0 0 0 0 0 0 7.85041e+09 7.85041e+09 7.85041e+09 7.85041e+09 
0.1205 -0.0391286 -3.33913 -1.32097 -2.7678 -2.16087 132587 1.39919e+16 8.95018e-07 7.44189e-06 1.90927e-20 1.66829e-08 131412 0 0 2.71671e-15 0 0 0.00221797 0 0 0 0 0 0 7.99605e+09 7.99605e+09 7.99605e+09 7.99605e+09 
0.121 -0.032549 -3.33255 -1.31384 -2.76114 -2.16745 135381 1.3963e+16 8.95304e-07 7.43744e-06 1.94996e-20 1.66384e-08 131773 0 0 2.78056e-15 0 0 0.00221797 0 0 0 0 0 0 8.14362e+09 8.14362e+09 8.14362e+09 8.14362e+09 
0.1215 -0.0259514 -3.32595 -1.30671 -2.75447 -2.17405 138219 1.39343e+16 8.9559e-07 7.43301e-06 1.9913e-20 1.65943e-08 132133 0 0 2.84559e-15 0 0 0.00221797 0 0 0 0 0 0 8.29312e+09 8.29312e+09 8.29312e+09 8.29312e+09 
0.122 -0.0193357 -3.31934 -1.29956 -2.74777 -2.18066 141101 1.39058e+16 8.95877e-07 7.42862e-06 2.03331e-20 1.65506e-08 132493 0 0 2.91183e-15 0 0 0.00221797 0 0 0 0 0 0 8.44456e+09 8.44456e+09 8.44456e+09 8.44456e+09 
0.1225 -0.012702 -3.3127 -1.29239 -2.74106 -2.1873 144029 1.38774e+16 8.96163e-07 7.42425e-06 2.07599e-20 1.65071e-08 132852 0 0 2.97928e-15 0 0 0.00221797 0 0 0 0 0 0 8.59797e+09 8.59797e+09 8.59797e+09 8.59797e+09 
0.123 -0.00605044 -3.30605 -1.28521 -2.73434 -2.19395 147002 1.38492e+16 8.9645e-07 7.41992e-06 2.11936e-20 1.64639e-08 133211 0 0 3.04795e-15 0 0 0.00221797 0 0 0 0 0 0 8.75335e+09 8.75335e+09 8.75335e+09 8.75335e+09 
0.1235 0.00061905 -3.29938 -1.27801 -2.72759 -2.20062 150020 1.38211e+16 8.96737e-07 7.41562e-06 2.1634e-20 1.64211e-08 133568 0 0 3.11788e-15 0 0 0.00221797 0 0 0 0 0 0 8.91071e+09 8.91071e+09 8.91071e+09 8.91071e+09 
0.124 0.0073064 -3.29269 -1.27079 -2.72083 -2.20731 153085 1.37933e+16 8.97025e-07 7.41135e-06 2.20814e-20 1.63785e-08 133925 0 0 3.18907e-15 0 0 0.00221797 0 0 0 0 0 0 9.07008e+09 9.07008e+09 9.07008e+09 9.07008e+09 
0.1245 0.0140116 -3.28599 -1.26357 -2.71405 -2.21401 156197 1.37656e+16 8.97312e-07 7.40711e-06 2.25358e-20 1.63363e-08 134282 0 0 3.26153e-15 0 0 0.00221797 0 0 0 0 0 0 9.23146e+09 9.23146e+09 9.23146e+09 9.23146e+09 
0.125 0.0207346 -3.27927 -1.25632 -2.70725 -2.22073 159356 1.3738e+16 8.97599e-07 7.4029e-06 2.29973e-20 1.62943e-08 134637 0 0 3.3353e-15 0 0 0.00221797 0 0 0 0 0 0 9.39487e+09 9.39487e+09 9.39487e+09 9.39487e+09 
0.1255 0.0274753 -3.27252 -1.24906 -2.70044 -2.22748 162562 1.37107e+16 8.97887e-07 7.39872e-06 2.34659e-20 1.62527e-08 134992 0 0 3.41037e-15 0 0 0.00221797 0 0 0 0 0 0 9.56032e+09 9.56032e+09 9.56032e+09 9.56032e+09 
0.126 0.0342337 -3.26577 -1.24179 -2.69361 -2.23423 165817 1.36834e+16 8.98175e-07 7.39457e-06 2.39417e-20 1.62113e-08 135346 0 0 3.48677e-15 0 0 0.00221797 0 0 0 0 0 0 9.72783e+09 9.72783e+09 9.72783e+09 9.72783e+09 
0.1265 0.0410099 -3.25899 -1.2345 -2.68676 -2.24101 169120 1.36564e+16 8.98463e-07 7.39044e-06 2.44248e-20 1.61702e-08 135699 0 0 3.56451e-15 0 0 0.00221797 0 0 0 0 0 0 9.8974e+09 9.8974e+09 9.8974e+09 9.8974e+09 
0.127 0.0478037 -3.2522 -1.2272 -2.67989 -2.2478 172472 1.36295e+16 8.98751e-07 7.38635e-06 2.49153e-20 1.61294e-08 136052 0 0 3.64361e-15 0 0 0.00221797 0 0 0 0 0 0 1.0069e+10 1.0069e+10 1.0069e+10 1.0069e+10 
0.1275 0.0546151 -3.24538 -1.21988 -2.67301 -2.25462 175873 1.36027e+16 8.99039e-07 7.38228e-06 2.54132e-20 1.60889e-08 136404 0 0 3.72409e-15 0 0 0.00221797 0 0 0 0 0 0 1.02428e+10 1.02428e+10 1.02428e+10 1.02428e+10 
0.128 0.061444 -3.23856 -1.21255 -2.6661 -2.26144 179324 1.35761e+16 8.99328e-07 7.37825e-06 2.59186e-20 1.60487e-08 136755 0 0 3.80597e-15 0 0 0.00221797 0 0 0 0 0 0 1.04186e+10 1.04186e+10 1.04186e+10 1.04186e+10 
0.1285 0.0682906 -3.23171 -1.2052 -2.65919 -2.26829 182825 1.35497e+16 8.99617e-07 7.37424e-06 2.64315e-20 1.60087e-08 137106 0 0 3.88925e-15 0 0 0.00221797 0 0 0 0 0 0 1.05966e+10 1.05966e+10 1.05966e+10 1.05966e+10 
0.129 0.0751546 -3.22485 -1.19783 -2.65225 -2.27515 186377 1.35234e+16 8.99905e-07 7.37026e-06 2.69521e-20 1.5969e-08 137456 0 0 3.97397e-15 0 0 0.00221797 0 0 0 0 0 0 1.07767e+10 1.07767e+10 1.07767e+10 1.07767e+10 
0.1295 0.0820362 -3.21796 -1.19045 -2.6453 -2.28204 189980 1.34973e+16 9.00194e-07 7.3663e-06 2.74804e-20 1.59296e-08 137805 0 0 4.06013e-15 0 0 0.00221797 0 0 0 0 0 0 1.0959e+10 1.0959e+10 1.0959e+10 1.0959e+10 
0.13 0.0889351 -3.21106 -1.18306 -2.63833 -2.28894 193635 1.34713e+16 9.00483e-07 7.36237e-06 2.80165e-20 1.58905e-08 138154 0 0 4.14775e-15 0 0 0.00221797 0 0 0 0 0 0 1.11434e+10 1.11434e+10 1.11434e+10 1.11434e+10 
0.1305 0.0958515 -3.20415 -1.17565 -2.63134 -2.29585 197342 1.34454e+16 9.00773e-07 7.35847e-06 2.85604e-20 1.58516e-08 138501 0 0 4.23685e-15 0 0 0.00221797 0 0 0 0 0 0 1.13299e+10 1.13299e+10 1.13299e+10 1.13299e+10 
0.131 0.102785 -3.19721 -1.16823 -2.62433 -2.30279 201101 1.34197e+16 9.01062e-07 7.3546e-06 2.91123e-20 1.58129e-08 138849 0 0 4.32744e-15 0 0 0.00221797 0 0 0 0 0 0 1.15187e+10 1.15187e+10 1.15187e+10 1.15187e+10 
0.1315 0.109736 -3.19026 -1.16079 -2.61731 -2.30974 204913 1.33941e+16 9.01352e-07 7.35075e-06 2.96722e-20 1.57746e-08 139195 0 0 4.41955e-15 0 0 0.00221797 0 0 0 0 0 0 1.17096e+10 1.17096e+10 1.17096e+10 1.17096e+10 
0.132 0.116705 -3.1833 -1.15333 -2.61027 -2.3167 208779 1.33687e+16 9.01641e-07 7.34693e-06 3.02401e-20 1.57364e-08 139541 0 0 4.51319e-15 0 0 0.00221797 0 0 0 0 0 0 1.19028e+10 1.19028e+10 1.19028e+10 1.19028e+10 
0.1325 0.12369 -3.17631 -1.14586 -2.60322 -2.32369 212699 1.33434e+16 9.01931e-07 7.34314e-06 3.08162e-20 1.56986e-08 139886 0 0 4.60838e-15 0 0 0.00221797 0 0 0 0 0 0 1.20982e+10 1.20982e+10 1.20982e+10 1.20982e+10 
0.133 0.130693 -3.16931 -1.13838 -2.59615 -2.33069 216672 1.33183e+16 9.02221e-07 7.33937e-06 3.14005e-20 1.56609e-08 140231 0 0 4.70514e-15 0 0 0.00221797 0 0 0 0 0 0 1.22958e+10 1.22958e+10 1.22958e+10 1.22958e+10 
0.1335 0.137714 -3.16229 -1.13088 -2.58906 -2.33771 220701 1.32933e+16 9.02512e-07 7.33562e-06 3.19931e-20 1.56236e-08 140575 0 0 4.80349e-15 0 0 0.00221797 0 0 0 0 0 0 1.24957e+10 1.24957e+10 1.24957e+10 1.24957e+10 
0.134 0.144751 -3.15525 -1.12337 -2.58195 -2.34475 224785 1.32684e+16 9.02802e-07 7.33191e-06 3.25941e-20 1.55864e-08 140918 0 0 4.90343e-15 0 0 0.00221797 0 0 0 0 0 0 1.26978e+10 1.26978e+10 1.26978e+10 1.26978e+10 
0.1345 0.151805 -3.14819 -1.11584 -2.57483 -2.35181 228925 1.32437e+16 9.03092e-07 7.32821e-06 3.32035e-20 1.55496e-08 141261 0 0 5.005e-15 0 0 0.00221797 0 0 0 0 0 0 1.29022e+10 1.29022e+10 1.29022e+10 1.29022e+10 
0.135 0.158877 -3.14112 -1.10829 -2.56769 -2.35888 233120 1.32191e+16 9.03383e-07 7.32454e-06 3.38215e-20 1.55129e-08 141603 0 0 5.10821e-15 0 0 0.00221797 0 0 0 0 0 0 1.31089e+10 1.31089e+10 1.31089e+10 1.31089e+10 
0.1355 0.165966 -3.13403 -1.10073 -2.56053 -2.36597 237373 1.31946e+16 9.03674e-07 7.3209e-06 3.4448e-20 1.54765e-08 141944 0 0 5.21308e-15 0 0 0.00221797 0 0 0 0 0 0 1.33179e+10 1.33179e+10 1.33179e+10 1.33179e+10 
0.136 0.173071 -3.12693 -1.09316 -2.55335 -2.37307 241682 1.31703e+16 9.03965e-07 7.31728e-06 3.50832e-20 1.54403e-08 142285 0 0 5.31962e-15 0 0 0.00221797 0 0 0 0 0 0 1.35292e+10 1.35292e+10 1.35292e+10 1.35292e+10 
0.1365 0.180194 -3.11981 -1.08557 -2.54616 -2.38019 246049 1.31461e+16 9.04256e-07 7.31368e-06 3.57271e-20 1.54044e-08 142625 0 0 5.42786e-15 0 0 0.00221797 0 0 0 0 0 0 1.37428e+10 1.37428e+10 1.37428e+10 1.37428e+10 
0.137 0.187334 -3.11267 -1.07797 -2.53896 -2.38733 250474 1.3122e+16 9.04547e-07 7.31011e-06 3.63799e-20 1.53686e-08 142965 0 0 5.53781e-15 0 0 0.00221797 0 0 0 0 0 0 1.39588e+10 1.39588e+10 1.39588e+10 1.39588e+10 
0.1375 0.194491 -3.10551 -1.07035 -2.53173 -2.39449 254957 1.30981e+16 9.04838e-07 7.30656e-06 3.70415e-20 1.53332e-08 143304 0 0 5.64949e-15 0 0 0.00221797 0 0 0 0 0 0 1.41771e+10 1.41771e+10 1.41771e+10 1.41771e+10 
0.138 0.201664 -3.09834 -1.06272 -2.52449 -2.40166 259500 1.30743e+16 9.0513e-07 7.30304e-06 3.77122e-20 1.52979e-08 143642 0 0 5.76292e-15 0 0 0.00221797 0 0 0 0 0 0 1.43977e+10 1.43977e+10 1.43977e+10 1.43977e+10 
0.1385 0.208855 -3.09115 -1.05507 -2.51723 -2.40885 264101 1.30506e+16 9.05421e-07 7.29954e-06 3.83918e-20 1.52628e-08 143980 0 0 5.87813e-15 0 0 0.00221797 0 0 0 0 0 0 1.46208e+10 1.46208e+10 1.46208e+10 1.46208e+10 
0.139 0.216062 -3.08394 -1.04741 -2.50996 -2.41606 268763 1.3027e+16 9.05713e-07 7.29606e-06 3.90806e-20 1.5228e-08 144317 0 0 5.99512e-15 0 0 0.00221797 0 0 0 0 0 0 1.48462e+10 1.48462e+10 1.48462e+10 1.48462e+10 
0.1395 0.223287 -3.07671 -1.03973 -2.50267 -2.42329 273484 1.30036e+16 9.06005e-07 7.29261e-06 3.97785e-20 1.51934e-08 144653 0 0 6.11392e-15 0 0 0.00221797 0 0 0 0 0 0 1.5074e+10 1.5074e+10 1.5074e+10 1.5074e+10 
0.14 0.230528 -3.06947 -1.03204 -2.49536 -2.43053 278267 1.29802e+16 9.06297e-07 7.28917e-06 4.04858e-20 1.5159e-08 144989 0 0 6.23455e-15 0 0 0.00221797 0 0 0 0 0 0 1.53042e+10 1.53042e+10 1.53042e+10 1.53042e+10 
0.1405 0.237785 -3.06221 -1.02433 -2.48804 -2.43779 283110 1.2957e+16 9.06589e-07 7.28576e-06 4.12024e-20 1.51249e-08 145324 0 0 6.35702e-15 0 0 0.00221797 0 0 0 0 0 0 1.55369e+10 1.55369e+10 1.55369e+10 1.55369e+10 
0.141 0.24506 -3.05494 -1.01661 -2.4807 -2.44506 288016 1.2934e+16 9.06882e-07 7.28238e-06 4.19284e-20 1.50909e-08 145659 0 0 6.48136e-15 0 0 0.00221797 0 0 0 0 0 0 1.5772e+10 1.5772e+10 1.5772e+10 1.5772e+10 
0.1415 0.252351 -3.04765 -1.00888 -2.47334 -2.45235 292983 1.2911e+16 9.07174e-07 7.27901e-06 4.26639e-20 1.50571e-08 145993 0 0 6.60759e-15 0 0 0.00221797 0 0 0 0 0 0 1.60095e+10 1.60095e+10 1.60095e+10 1.60095e+10 
0.142 0.259659 -3.04034 -1.00113 -2.46597 -2.45966 298013 1.28881e+16 9.07467e-07 7.27567e-06 4.34089e-20 1.50236e-08 146326 0 0 6.73572e-15 0 0 0.00221797 0 0 0 0 0 0 1.62495e+10 1.62495e+10 1.62495e+10 1.62495e+10 
0.1425 0.266984 -3.03302 -0.99336 -2.45858 -2.46698 303107 1.28654e+16 9.0776e-07 7.27235e-06 4.41637e-20 1.49902e-08 146659 0 0 6.86578e-15 0 0 0.00221797 0 0 0 0 0 0 1.64919e+10 1.64919e+10 1.64919e+10 1.64919e+10 
0.143 0.274325 -3.02567 -0.98558 -2.45117 -2.47433 308263 1.28428e+16 9.08052e-07 7.26905e-06 4.49281e-20 1.49571e-08 146992 0 0 6.99778e-15 0 0 0.00221797 0 0 0 0 0 0 1.67369e+10 1.67369e+10 1.67369e+10 1.67369e+10 
0.1435 0.281683 -3.01832 -0.977786 -2.44375 -2.48168 313484 1.28203e+16 9.08345e-07 7.26577e-06 4.57024e-20 1.49242e-08 147323 0 0 7.13174e-15 0 0 0.00221797 0 0 0 0 0 0 1.69843e+10 1.69843e+10 1.69843e+10 1.69843e+10 
0.144 0.289058 -3.01094 -0.969977 -2.43631 -2.48906 318769 1.27979e+16 9.08639e-07 7.26251e-06 4.64865e-20 1.48914e-08 147654 0 0 7.26769e-15 0 0 0.00221797 0 0 0 0 0 0 1.72343e+10 1.72343e+10 1.72343e+10 1.72343e+10 
0.1445 0.296449 -3.00355 -0.962153 -2.42885 -2.49645 324119 1.27756e+16 9.08932e-07 7.25927e-06 4.72806e-20 1.48589e-08 147985 0 0 7.40564e-15 0 0 0.00221797 0 0 0 0 0 0 1.74867e+10 1.74867e+10 1.74867e+10 1.74867e+10 
0.145 0.303856 -2.99614 -0.954314 -2.42138 -2.50386 329535 1.27535e+16 9.09225e-07 7.25606e-06 4.80847e-20 1.48266e-08 148315 0 0 7.54562e-15 0 0 0.00221797 0 0 0 0 0 0 1.77417e+10 1.77417e+10 1.77417e+10 1.77417e+10 
0.1455 0.31128 -2.98872 -0.946461 -2.41389 -2.51128 335016 1.27314e+16 9.09519e-07 7.25286e-06 4.8899e-20 1.47944e-08 148644 0 0 7.68764e-15 0 0 0.00221797 0 0 0 0 0 0 1.79992e+10 1.79992e+10 1.79992e+10 1.79992e+10 
0.146 0.318721 -2.98128 -0.938594 -2.40639 -2.51872 340564 1.27095e+16 9.09812e-07 7.24969e-06 4.97234e-20 1.47624e-08 148973 0 0 7.83173e-15 0 0 0.00221797 0 0 0 0 0 0 1.82593e+10 1.82593e+10 1.82593e+10 1.82593e+10 
0.1465 0.326177 -2.97382 -0.930712 -2.39887 -2.52618 346178 1.26877e+16 9.10106e-07 7.24654e-06 5.05581e-20 1.47307e-08 149301 0 0 7.9779e-15 0 0 0.00221797 0 0 0 0 0 0 1.85219e+10 1.85219e+10 1.85219e+10 1.85219e+10 
0.147 0.333651 -2.96635 -0.922815 -2.39133 -2.53365 351860 1.26659e+16 9.104e-07 7.2434e-06 5.14032e-20 1.46991e-08 149629 0 0 8.12618e-15 0 0 0.00221797 0 0 0 0 0 0 1.87872e+10 1.87872e+10 1.87872e+10 1.87872e+10 
0.1475 0.34114 -2.95886 -0.914904 -2.38378 -2.54114 357609 1.26443e+16 9.10694e-07 7.24029e-06 5.22586e-20 1.46677e-08 149956 0 0 8.27659e-15 0 0 0.00221797 0 0 0 0 0 0 1.9055e+10 1.9055e+10 1.9055e+10 1.9055e+10 
0.148 0.348646 -2.95135 -0.906978 -2.37621 -2.54865 363427 1.26228e+16 9.10988e-07 7.2372e-06 5.31246e-20 1.46365e-08 150283 0 0 8.42914e-15 0 0 0.00221797 0 0 0 0 0 0 1.93254e+10 1.93254e+10 1.93254e+10 1.93254e+10 
0.1485 0.356169 -2.94383 -0.899038 -2.36863 -2.55617 369313 1.26014e+16 9.11283e-07 7.23412e-06 5.40012e-20 1.46055e-08 150609 0 0 8.58386e-15 0 0 0.00221797 0 0 0 0 0 0 1.95984e+10 1.95984e+10 1.95984e+10 1.95984e+10 
0.149 0.363707 -2.93629 -0.891083 -2.36103 -2.56371 375269 1.25801e+16 9.11577e-07 7.23107e-06 5.48884e-20 1.45746e-08 150934 0 0 8.74078e-15 0 0 0.00221797 0 0 0 0 0 0 1.9874e+10 1.9874e+10 1.9874e+10 1.9874e+10 
0.1495 0.371262 -2.92874 -0.883114 -2.35341 -2.57126 381294 1.25589e+16 9.11872e-07 7.22803e-06 5.57864e-20 1.4544e-08 151259 0 0 8.8999e-15 0 0 0.00221797 0 0 0 0 0 0 2.01523e+10 2.01523e+10 2.01523e+10 2.01523e+10 
0.15 0.378833 -2.92117 -0.875131 -2.34578 -2.57883 387389 1.25378e+16 9.12167e-07 7.22502e-06 5.66951e-20 1.45135e-08 151584 0 0 9.06125e-15 0 0 0.00221797 0 0 0 0 0 0 2.04332e+10 2.04332e+10 2.04332e+10 2.04332e+10 
0.1505 0.38642 -2.91358 -0.867133 -2.33813 -2.58642 393555 1.25168e+16 9.12461e-07 7.22202e-06 5.76148e-20 1.44832e-08 151907 0 0 9.22486e-15 0 0 0.00221797 0 0 0 0 0 0 2.07168e+10 2.07168e+10 2.07168e+10 2.07168e+10 
0.151 0.394024 -2.90598 -0.85912 -2.33046 -2.59402 399791 1.24959e+16 9.12756e-07 7.21905e-06 5.85454e-20 1.4453e-08 152231 0 0 9.39073e-15 0 0 0.00221797 0 0 0 0 0 0 2.1003e+10 2.1003e+10 2.1003e+10 2.1003e+10 
0.1515 0.401643 -2.89836 -0.851093 -2.32278 -2.60164 406099 1.24751e+16 9.13051e-07 7.21609e-06 5.94871e-20 1.44231e-08 152553 0 0 9.55891e-15 0 0 0.00221797 0 0 0 0 0 0 2.1292e+10 2.1292e+10 2.1292e+10 2.1292e+10 
0.152 0.409279 -2.89072 -0.843052 -2.31508 -2.60928 412479 1.24544e+16 9.13347e-07 7.21315e-06 6.04399e-20 1.43933e-08 152876 0 0 9.7294e-15 0 0 0.00221797 0 0 0 0 0 0 2.15836e+10 2.15836e+10 2.15836e+10 2.15836e+10 
0.1525 0.416931 -2.88307 -0.834997 -2.30737 -2.61693 418932 1.24338e+16 9.13642e-07 7.21023e-06 6.1404e-20 1.43636e-08 153197 0 0 9.90223e-15 0 0 0.00221797 0 0 0 0 0 0 2.18779e+10 2.18779e+10 2.18779e+10 2.18779e+10 
0.153 0.424599 -2.8754 -0.826927 -2.29964 -2.6246 425457 1.24133e+16 9.13937e-07 7.20732e-06 6.23793e-20 1.43342e-08 153518 0 0 1.00774e-14 0 0 0.00221797 0 0 0 0 0 0 2.21749e+10 2.21749e+10 2.21749e+10 2.21749e+10 
0.1535 0.432283 -2.86772 -0.818842 -2.2919 -2.63228 432056 1.23929e+16 9.14233e-07 7.20444e-06 6.3366e-20 1.43049e-08 153839 0 0 1.0255e-14 0 0 0.00221797 0 0 0 0 0 0 2.24746e+10 2.24746e+10 2.24746e+10 2.24746e+10 
0.154 0.439983 -2.86002 -0.810744 -2.28414 -2.63998 438728 1.23726e+16 9.14529e-07 7.20157e-06 6.43641e-20 1.42758e-08 154159 0 0 1.0435e-14 0 0 0.00221797 0 0 0 0 0 0 2.27771e+10 2.27771e+10 2.27771e+10 2.27771e+10 
0.1545 0.447699 -2.8523 -0.802631 -2.27636 -2.6477 445475 1.23524e+16 9.14824e-07 7.19872e-06 6.53738e-20 1.42468e-08 154479 0 0 1.06174e-14 0 0 0.00221797 0 0 0 0 0 0 2.30823e+10 2.30823e+10 2.30823e+10 2.30823e+10 
0.155 0.455431 -2.84457 -0.794504 -2.26857 -2.65543 452296 1.23323e+16 9.1512e-07 7.19589e-06 6.63951e-20 1.4218e-08 154798 0 0 1.08022e-14 0 0 0.00221797 0 0 0 0 0 0 2.33903e+10 2.33903e+10 2.33903e+10 2.33903e+10 
0.1555 0.463179 -2.83682 -0.786362 -2.26076 -2.66318 459193 1.23123e+16 9.15416e-07 7.19308e-06 6.7428e-20 1.41894e-08 155116 0 0 1.09895e-14 0 0 0.00221797 0 0 0 0 0 0 2.37011e+10 2.37011e+10 2.37011e+10 2.37011e+10 
0.156 0.470942 -2.82906 -0.778206 -2.25294 -2.67094 466165 1.22924e+16 9.15713e-07 7.19028e-06 6.84728e-20 1.41609e-08 155434 0 0 1.11793e-14 0 0 0.00221797 0 0 0 0 0 0 2.40146e+10 2.40146e+10 2.40146e+10 2.40146e+10 
0.1565 0.478722 -2.82128 -0.770036 -2.2451 -2.67872 473214 1.22725e+16 9.16009e-07 7.18751e-06 6.95293e-20 1.41326e-08 155752 0 0 1.13716e-14 0 0 0.00221797 0 0 0 0 0 0 2.43309e+10 2.43309e+10 2.43309e+10 2.43309e+10 
0.157 0.486517 -2.81348 -0.761852 -2.23724 -2.68652 480339 1.22528e+16 9.16305e-07 7.18475e-06 7.05978e-20 1.41045e-08 156069 0 0 1.15665e-14 0 0 0.00221797 0 0 0 0 0 0 2.465e+10 2.465e+10 2.465e+10 2.465e+10 
0.1575 0.494329 -2.80567 -0.753653 -2.22937 -2.69433 487541 1.22331e+16 9.16602e-07 7.182e-06 7.16784e-20 1.40764e-08 156385 0 0 1.17639e-14 0 0 0.00221797 0 0 0 0 0 0 2.49719e+10 2.49719e+10 2.49719e+10 2.49719e+10 
0.158 0.502156 -2.79784 -0.745441 -2.22149 -2.70216 494821 1.22136e+16 9.16899e-07 7.17928e-06 7.27709e-20 1.40486e-08 156701 0 0 1.19639e-14 0 0 0.00221797 0 0 0 0 0 0 2.52967e+10 2.52967e+10 2.52967e+10 2.52967e+10 
0.1585 0.509999 -2.79 -0.737214 -2.21359 -2.71 502179 1.21941e+16 9.17195e-07 7.17657e-06 7.38757e-20 1.40209e-08 157017 0 0 1.21665e-14 0 0 0.00221797 0 0 0 0 0 0 2.56242e+10 2.56242e+10 2.56242e+10 2.56242e+10 
0.159 0.517858 -2.78214 -0.728972 -2.20567 -2.71786 509615 1.21747e+16 9.17492e-07 7.17387e-06 7.49927e-20 1.39934e-08 157332 0 0 1.23717e-14 0 0 0.00221797 0 0 0 0 0 0 2.59547e+10 2.59547e+10 2.59547e+10 2.59547e+10 
0.1595 0.525732 -2.77427 -0.720717 -2.19774 -2.72573 517130 1.21554e+16 9.17789e-07 7.1712e-06 7.6122e-20 1.3966e-08 157646 0 0 1.25796e-14 0 0 0.00221797 0 0 0 0 0 0 2.62879e+10 2.62879e+10 2.62879e+10 2.62879e+10 
0.16 0.533622 -2.76638 -0.712448 -2.18979 -2.73362 524725 1.21362e+16 9.18086e-07 7.16854e-06 7.72638e-20 1.39387e-08 157960 0 0 1.27902e-14 0 0 0.00221797 0 0 0 0 0 0 2.6624e+10 2.6624e+10 2.6624e+10 2.6624e+10 
0.1605 0.541528 -2.75847 -0.704164 -2.18182 -2.74153 532399 1.2117e+16 9.18384e-07 7.16589e-06 7.8418e-20 1.39116e-08 158274 0 0 1.30034e-14 0 0 0.00221797 0 0 0 0 0 0 2.6963e+10 2.6963e+10 2.6963e+10 2.6963e+10 
0.161 0.54945 -2.75055 -0.695866 -2.17384 -2.74945 540154 1.2098e+16 9.18681e-07 7.16327e-06 7.95848e-20 1.38847e-08 158587 0 0 1.32194e-14 0 0 0.00221797 0 0 0 0 0 0 2.73049e+10 2.73049e+10 2.73049e+10 2.73049e+10 
0.1615 0.557387 -2.74261 -0.687554 -2.16585 -2.75739 547990 1.2079e+16 9.18978e-07 7.16065e-06 8.07643e-20 1.38578e-08 158899 0 0 1.3438e-14 0 0 0.00221797 0 0 0 0 0 0 2.76497e+10 2.76497e+10 2.76497e+10 2.76497e+10 
0.162 0.56534 -2.73466 -0.679228 -2.15784 -2.76534 555907 1.20602e+16 9.19276e-07 7.15806e-06 8.19564e-20 1.38312e-08 159211 0 0 1.36595e-14 0 0 0.00221797 0 0 0 0 0 0 2.79974e+10 2.79974e+10 2.79974e+10 2.79974e+10 
0.1625 0.573308 -2.72669 -0.670888 -2.14981 -2.77331 563906 1.20414e+16 9.19574e-07 7.15548e-06 8.31614e-20 1.38047e-08 159523 0 0 1.38838e-14 0 0 0.00221797 0 0 0 0 0 0 2.8348e+10 2.8348e+10 2.8348e+10 2.8348e+10 
0.163 0.581292 -2.71871 -0.662534 -2.14177 -2.78129 571987 1.20227e+16 9.19872e-07 7.15292e-06 8.43793e-20 1.37783e-08 159834 0 0 1.41108e-14 0 0 0.00221797 0 0 0 0 0 0 2.87015e+10 2.87015e+10 2.87015e+10 2.87015e+10 
0.1635 0.589291 -2.71071 -0.654166 -2.13372 -2.78929 580150 1.20041e+16 9.20169e-07 7.15037e-06 8.56101e-20 1.3752e-08 160144 0 0 1.43407e-14 0 0 0.00221797 0 0 0 0 0 0 2.90579e+10 2.90579e+10 2.90579e+10 2.90579e+10 
0.164 0.597306 -2.70269 -0.645784 -2.12564 -2.79731 588397 1.19855e+16 9.20467e-07 7.14784e-06 8.6854e-20 1.37259e-08 160454 0 0 1.45735e-14 0 0 0.00221797 0 0 0 0 0 0 2.94173e+10 2.94173e+10 2.94173e+10 2.94173e+10 
0.1645 0.605337 -2.69466 -0.637387 -2.11756 -2.80534 596727 1.19671e+16 9.20766e-07 7.14532e-06 8.81111e-20 1.37e-08 160764 0 0 1.48091e-14 0 0 0.00221797 0 0 0 0 0 0 2.97796e+10 2.97796e+10 2.97796e+10 2.97796e+10 
0.165 0.613383 -2.68662 -0.628977 -2.10945 -2.81338 605142 1.19487e+16 9.21064e-07 7.14282e-06 8.93813e-20 1.36741e-08 161073 0 0 1.50476e-14 0 0 0.00221797 0 0 0 0 0 0 3.0145e+10 3.0145e+10 3.0145e+10 3.0145e+10 
0.1655 0.621444 -2.67856 -0.620553 -2.10134 -2.82144 613641 1.19304e+16 9.21362e-07 7.14033e-06 9.06649e-20 1.36484e-08 161382 0 0 1.52891e-14 0 0 0.00221797 0 0 0 0 0 0 3.05132e+10 3.05132e+10 3.05132e+10 3.05132e+10 
0.166 0.629521 -2.67048 -0.612114 -2.0932 -2.82952 622225 1.19121e+16 9.21661e-07 7.13786e-06 9.19618e-20 1.36229e-08 161690 0 0 1.55335e-14 0 0 0.00221797 0 0 0 0 0 0 3.08845e+10 3.08845e+10 3.08845e+10 3.08845e+10 
0.1665 0.637613 -2.66239 -0.603662 -2.08505 -2.83761 630894 1.1894e+16 9.21959e-07 7.13541e-06 9.32721e-20 1.35974e-08 161998 0 0 1.57809e-14 0 0 0.00221797 0 0 0 0 0 0 3.12587e+10 3.12587e+10 3.12587e+10 3.12587e+10 
0.167 0.645721 -2.65428 -0.595196 -2.07689 -2.84572 639650 1.18759e+16 9.22258e-07 7.13297e-06 9.45961e-20 1.35721e-08 162305 0 0 1.60313e-14 0 0 0.00221797 0 0 0 0 0 0 3.1636e+10 3.1636e+10 3.1636e+10 3.1636e+10 
0.1675 0.653844 -2.64616 -0.586716 -2.06871 -2.85384 648492 1.1858e+16 9.22557e-07 7.13054e-06 9.59336e-20 1.3547e-08 162612 0 0 1.62847e-14 0 0 0.00221797 0 0 0 0 0 0 3.20163e+10 3.20163e+10 3.20163e+10 3.20163e+10 
0.168 0.661982 -2.63802 -0.578222 -2.06052 -2.86198 657420 1.184e+16 9.22856e-07 7.12813e-06 9.72848e-20 1.35219e-08 162918 0 0 1.65412e-14 0 0 0.00221797 0 0 0 0 0 0 3.23996e+10 3.23996e+10 3.23996e+10 3.23996e+10 
0.1685 0.670135 -2.62986 -0.569714 -2.05231 -2.87014 666436 1.18222e+16 9.23155e-07 7.12573e-06 9.86498e-20 1.3497e-08 163224 0 0 1.68007e-14 0 0 0.00221797 0 0 0 0 0 0 3.27859e+10 3.27859e+10 3.27859e+10 3.27859e+10 
0.169 0.678304 -2.6217 -0.561192 -2.04409 -2.8783 675540 1.18045e+16 9.23454e-07 7.12335e-06 1.00029e-19 1.34723e-08 163529 0 0 1.70633e-14 0 0 0.00221797 0 0 0 0 0 0 3.31752e+10 3.31752e+10 3.31752e+10 3.31752e+10 
0.1695 0.686488 -2.61351 -0.552656 -2.03585 -2.88649 684732 1.17868e+16 9.23753e-07 7.12098e-06 1.01422e-19 1.34476e-08 163834 0 0 1.73291e-14 0 0 0.00221797 0 0 0 0 0 0 3.35677e+10 3.35677e+10 3.35677e+10 3.35677e+10 
0.17 0.694688 -2.60531 -0.544106 -2.02759 -2.89469 694013 1.17692e+16 9.24053e-07 7.11863e-06 1.02828e-19 1.34231e-08 164138 0 0 1.7598e-14 0 0 0.00221797 0 0 0 0 0 0 3.39631e+10 3.39631e+10 3.39631e+10 3.39631e+10 
0.1705 0.702902 -2.5971 -0.535543 -2.01932 -2.9029 703383 1.17516e+16 9.24352e-07 7.11629e-06 1.04249e-19 1.33987e-08 164442 0 0 1.787e-14 0 0 0.00221797 0 0 0 0 0 0 3.43617e+10 3.43617e+10 3.43617e+10 3.43617e+10 
0.171 0.711132 -2.58887 -0.526965 -2.01104 -2.91113 712842 1.17342e+16 9.24652e-07 7.11396e-06 1.05685e-19 1.33744e-08 164746 0 0 1.81453e-14 0 0 0.00221797 0 0 0 0 0 0 3.47633e+10 3.47633e+10 3.47633e+10 3.47633e+10 
0.1715 0.719377 -2.58062 -0.518374 -2.00274 -2.91938 722392 1.17168e+16 9.24951e-07 7.11165e-06 1.07134e-19 1.33502e-08 165049 0 0 1.84238e-14 0 0 0.00221797 0 0 0 0 0 0 3.5168e+10 3.5168e+10 3.5168e+10 3.5168e+10 
0.172 0.727637 -2.57236 -0.509769 -1.99443 -2.92764 732032 1.16995e+16 9.25251e-07 7.10936e-06 1.08598e-19 1.33262e-08 165352 0 0 1.87055e-14 0 0 0.00221797 0 0 0 0 0 0 3.55758e+10 3.55758e+10 3.55758e+10 3.55758e+10 
0.1725 0.735912 -2.56409 -0.50115 -1.9861 -2.93591 741763 1.16822e+16 9.25551e-07 7.10707e-06 1.10076e-19 1.33023e-08 165654 0 0 1.89905e-14 0 0 0.00221797 0 0 0 0 0 0 3.59867e+10 3.59867e+10 3.59867e+10 3.59867e+10 
0.173 0.744202 -2.5558 -0.492517 -1.97775 -2.9442 751586 1.16651e+16 9.25851e-07 7.1048e-06 1.11569e-19 1.32785e-08 165956 0 0 1.92788e-14 0 0 0.00221797 0 0 0 0 0 0 3.64007e+10 3.64007e+10 3.64007e+10 3.64007e+10 
0.1735 0.752507 -2.54749 -0.483871 -1.96939 -2.95251 761501 1.1648e+16 9.26151e-07 7.10255e-06 1.13076e-19 1.32548e-08 166257 0 0 1.95704e-14 0 0 0.00221797 0 0 0 0 0 0 3.68179e+10 3.68179e+10 3.68179e+10 3.68179e+10 
0.174 0.760828 -2.53917 -0.475211 -1.96102 -2.96083 771508 1.16309e+16 9.26451e-07 7.1003e-06 1.14598e-19 1.32313e-08 166558 0 0 1.98653e-14 0 0 0.00221797 0 0 0 0 0 0 3.72381e+10 3.72381e+10 3.72381e+10 3.72381e+10 
0.1745 0.769163 -2.53084 -0.466537 -1.95263 -2.96916 781607 1.1614e+16 9.26752e-07 7.09807e-06 1.16135e-19 1.32078e-08 166858 0 0 2.01636e-14 0 0 0.00221797 0 0 0 0 0 0 3.76616e+10 3.76616e+10 3.76616e+10 3.76616e+10 
0.175 0.777514 -2.52249 -0.457849 -1.94423 -2.97751 791800 1.15971e+16 9.27052e-07 7.09586e-06 1.17686e-19 1.31845e-08 167158 0 0 2.04653e-14 0 0 0.00221797 0 0 0 0 0 0 3.80881e+10 3.80881e+10 3.80881e+10 3.80881e+10 
0.1755 0.785879 -2.51412 -0.449148 -1.93581 -2.98588 802087 1.15803e+16 9.27353e-07 7.09365e-06 1.19253e-19 1.31613e-08 167458 0 0 2.07704e-14 0 0 0.00221797 0 0 0 0 0 0 3.85179e+10 3.85179e+10 3.85179e+10 3.85179e+10 
0.176 0.794259 -2.50574 -0.440433 -1.92737 -2.99426 812468 1.15635e+16 9.27653e-07 7.09146e-06 1.20834e-19 1.31382e-08 167757 0 0 2.1079e-14 0 0 0.00221797 0 0 0 0 0 0 3.89508e+10 3.89508e+10 3.89508e+10 3.89508e+10 
0.1765 0.802655 -2.49735 -0.431704 -1.91892 -3.00265 822944 1.15468e+16 9.27954e-07 7.08929e-06 1.22431e-19 1.31152e-08 168056 0 0 2.1391e-14 0 0 0.00221797 0 0 0 0 0 0 3.93868e+10 3.93868e+10 3.93868e+10 3.93868e+10 
0.177 0.811065 -2.48894 -0.422961 -1.91046 -3.01106 833515 1.15302e+16 9.28255e-07 7.08712e-06 1.24043e-19 1.30923e-08 168354 0 0 2.17066e-14 0 0 0.00221797 0 0 0 0 0 0 3.98261e+10 3.98261e+10 3.98261e+10 3.98261e+10 
0.1775 0.81949 -2.48051 -0.414205 -1.90198 -3.01949 844181 1.15136e+16 9.28556e-07 7.08497e-06 1.2567e-19 1.30696e-08 168652 0 0 2.20256e-14 0 0 0.00221797 0 0 0 0 0 0 4.02686e+10 4.02686e+10 4.02686e+10 4.02686e+10 
0.178 0.82793 -2.47207 -0.405435 -1.89349 -3.02793 854944 1.14972e+16 9.28857e-07 7.08284e-06 1.27312e-19 1.30469e-08 168949 0 0 2.23482e-14 0 0 0.00221797 0 0 0 0 0 0 4.07142e+10 4.07142e+10 4.07142e+10 4.07142e+10 
0.1785 0.836385 -2.46361 -0.396652 -1.88498 -3.03639 865802 1.14807e+16 9.29158e-07 7.08071e-06 1.2897e-19 1.30244e-08 169246 0 0 2.26744e-14 0 0 0.00221797 0 0 0 0 0 0 4.11631e+10 4.11631e+10 4.11631e+10 4.11631e+10 
0.179 0.844855 -2.45515 -0.387855 -1.87646 -3.04485 876758 1.14644e+16 9.29459e-07 7.0786e-06 1.30643e-19 1.3002e-08 169543 0 0 2.30042e-14 0 0 0.00221797 0 0 0 0 0 0 4.16152e+10 4.16152e+10 4.16152e+10 4.16152e+10 
0.1795 0.853339 -2.44666 -0.379044 -1.86793 -3.05334 887811 1.14481e+16 9.2976e-07 7.0765e-06 1.32332e-19 1.29796e-08 169839 0 0 2.33375e-14 0 0 0.00221797 0 0 0 0 0 0 4.20705e+10 4.20705e+10 4.20705e+10 4.20705e+10 
0.18 0.861839 -2.43816 -0.37022 -1.85937 -3.06184 898962 1.14319e+16 9.30062e-07 7.07441e-06 1.34037e-19 1.29574e-08 170135 0 0 2.36746e-14 0 0 0.00221797 0 0 0 0 0 0 4.2529e+10 4.2529e+10 4.2529e+10 4.2529e+10 
0.1805 0.870353 -2.42965 -0.361382 -1.85081 -3.07035 910212 1.14157e+16 9.30363e-07 7.07233e-06 1.35757e-19 1.29353e-08 170430 0 0 2.40153e-14 0 0 0.00221797 0 0 0 0 0 0 4.29908e+10 4.29908e+10 4.29908e+10 4.29908e+10 
0.181 0.878882 -2.42112 -0.35253 -1.84223 -3.07888 921560 1.13996e+16 9.30665e-07 7.07027e-06 1.37493e-19 1.29133e-08 170725 0 0 2.43597e-14 0 0 0.00221797 0 0 0 0 0 0 4.34558e+10 4.34558e+10 4.34558e+10 4.34558e+10 
0.1815 0.887425 -2.41257 -0.343665 -1.83363 -3.08743 933007 1.13836e+16 9.30967e-07 7.06822e-06 1.39245e-19 1.28914e-08 171019 0 0 2.47078e-14 0 0 0.00221797 0 0 0 0 0 0 4.39241e+10 4.39241e+10 4.39241e+10 4.39241e+10 
0.182 0.895984 -2.40402 -0.334787 -1.82502 -3.09598 944554 1.13676e+16 9.31268e-07 7.06618e-06 1.41013e-19 1.28696e-08 171313 0 0 2.50597e-14 0 0 0.00221797 0 0 0 0 0 0 4.43957e+10 4.43957e+10 4.43957e+10 4.43957e+10 
0.1825 0.904557 -2.39544 -0.325895 -1.8164 -3.10456 956200 1.13517e+16 9.3157e-07 7.06415e-06 1.42797e-19 1.28479e-08 171607 0 0 2.54154e-14 0 0 0.00221797 0 0 0 0 0 0 4.48705e+10 4.48705e+10 4.48705e+10 4.48705e+10 
0.183 0.913144 -2.38686 -0.316989 -1.80776 -3.11314 967948 1.13358e+16 9.31872e-07 7.06213e-06 1.44597e-19 1.28262e-08 171900 0 0 2.57748e-14 0 0 0.00221797 0 0 0 0 0 0 4.53485e+10 4.53485e+10 4.53485e+10 4.53485e+10 
0.1835 0.921747 -2.37825 -0.30807 -1.79911 -3.12175 979796 1.132e+16 9.32175e-07 7.06012e-06 1.46413e-19 1.28047e-08 172193 0 0 2.61381e-14 0 0 0.00221797 0 0 0 0 0 0 4.58299e+10 4.58299e+10 4.58299e+10 4.58299e+10 
0.184 0.930364 -2.36964 -0.299138 -1.79044 -3.13036 991746 1.13043e+16 9.32477e-07 7.05813e-06 1.48246e-19 1.27833e-08 172486 0 0 2.65053e-14 0 0 0.00221797 0 0 0 0 0 0 4.63145e+10 4.63145e+10 4.63145e+10 4.63145e+10 
0.1845 0.938995 -2.361 -0.290191 -1.78175 -3.139 1.0038e+06 1.12886e+16 9.32779e-07 7.05614e-06 1.50095e-19 1.27619e-08 172778 0 0 2.68763e-14 0 0 0.00221797 0 0 0 0 0 0 4.68023e+10 4.68023e+10 4.68023e+10 4.68023e+10 
0.185 0.947641 -2.35236 -0.281232 -1.77306 -3.14764 1.01595e+06 1.12729e+16 9.33082e-07 7.05416e-06 1.51961e-19 1.27407e-08 173069 0 0 2.72513e-14 0 0 0.00221797 0 0 0 0 0 0 4.72933e+10 4.72933e+10 4.72933e+10 4.72933e+10 
0.1855 0.956302 -2.3437 -0.272259 -1.76435 -3.1563 1.02821e+06 1.12573e+16 9.33384e-07 7.05218e-06 1.53843e-19 1.27195e-08 173360 0 0 2.76301e-14 0 0 0.00221797 0 0 0 0 0 0 4.77876e+10 4.77876e+10 4.77876e+10 4.77876e+10 
0.186 0.964978 -2.33502 -0.263272 -1.75562 -3.16498 1.04057e+06 1.12417e+16 9.33687e-07 7.05021e-06 1.55742e-19 1.26983e-08 173651 0 0 2.8013e-14 0 0 0.00221797 0 0 0 0 0 0 4.8285e+10 4.8285e+10 4.8285e+10 4.8285e+10 
0.1865 0.973667 -2.32633 -0.254273 -1.74688 -3.17367 1.05303e+06 1.12262e+16 9.33989e-07 7.04824e-06 1.57657e-19 1.26772e-08 173942 0 0 2.83998e-14 0 0 0.00221797 0 0 0 0 0 0 4.87854e+10 4.87854e+10 4.87854e+10 4.87854e+10 
0.187 0.982372 -2.31763 -0.245259 -1.73812 -3.18237 1.0656e+06 1.12106e+16 9.34292e-07 7.04627e-06 1.59589e-19 1.26561e-08 174232 0 0 2.87906e-14 0 0 0.00221797 0 0 0 0 0 0 4.92889e+10 4.92889e+10 4.92889e+10 4.92889e+10 
0.1875 0.99109 -2.30891 -0.236233 -1.72935 -3.19109 1.07827e+06 1.1195e+16 9.34595e-07 7.04429e-06 1.61539e-19 1.26349e-08 174521 0 0 2.91855e-14 0 0 0.00221797 0 0 0 0 0 0 4.97951e+10 4.97951e+10 4.97951e+10 4.97951e+10 
0.188 0.999824 -2.30018 -0.227193 -1.72057 -3.19982 1.09104e+06 1.11793e+16 9.34898e-07 7.04229e-06 1.63505e-19 1.26136e-08 174810 0 0 2.95844e-14 0 0 0.00221797 0 0 0 0 0 0 5.03039e+10 5.03039e+10 5.03039e+10 5.03039e+10 
0.1885 1.00857 -2.29143 -0.218139 -1.71177 -3.20857 1.10393e+06 1.11636e+16 9.35201e-07 7.04026e-06 1.65488e-19 1.25922e-08 175099 0 0 2.99874e-14 0 0 0.00221797 0 0 0 0 0 0 5.08151e+10 5.08151e+10 5.08151e+10 5.08151e+10 
0.189 1.01733 -2.28267 -0.209073 -1.70296 -3.21733 1.11691e+06 1.11476e+16 9.35504e-07 7.03818e-06 1.67488e-19 1.25705e-08 175388 0 0 3.03945e-14 0 0 0.00221797 0 0 0 0 0 0 5.1328e+10 5.1328e+10 5.1328e+10 5.1328e+10 
0.1895 1.02611 -2.27389 -0.199993 -1.69413 -3.22611 1.13e+06 1.11314e+16 9.35807e-07 7.03603e-06 1.69505e-19 1.25484e-08 175676 0 0 3.08056e-14 0 0 0.00221797 0 0 0 0 0 0 5.18421e+10 5.18421e+10 5.18421e+10 5.18421e+10 
0.19 1.0349 -2.2651 -0.190899 -1.68528 -3.2349 1.1432e+06 1.11148e+16 9.36111e-07 7.03377e-06 1.71539e-19 1.25257e-08 175963 0 0 3.12209e-14 0 0 0.00221797 0 0 0 0 0 0 5.23564e+10 5.23564e+10 5.23564e+10 5.23564e+10 
0.1905 1.04371 -2.25629 -0.181793 -1.67642 -3.24371 1.1565e+06 1.10976e+16 9.36414e-07 7.03136e-06 1.7359e-19 1.2502e-08 176250 0 0 3.16403e-14 0 0 0.00221797 0 0 0 0 0 0 5.28696e+10 5.28696e+10 5.28696e+10 5.28696e+10 
0.191 1.05253 -2.24747 -0.172673 -1.66754 -3.25253 1.16991e+06 1.10795e+16 9.36717e-07 7.02872e-06 1.75659e-19 1.24769e-08 176537 0 0 3.20638e-14 0 0 0.00221797 0 0 0 0 0 0 5.33798e+10 5.33798e+10 5.33798e+10 5.33798e+10 
0.1915 1.06136 -2.23864 -0.16354 -1.65864 -3.26136 1.18342e+06 1.10602e+16 9.3702e-07 7.02577e-06 1.77744e-19 1.24499e-08 176823 0 0 3.24913e-14 0 0 0.00221797 0 0 0 0 0 0 5.38843e+10 5.38843e+10 5.38843e+10 5.38843e+10 
0.192 1.07021 -2.22979 -0.154394 -1.64972 -3.27021 1.19704e+06 1.10391e+16 9.37324e-07 7.02237e-06 1.79847e-19 1.24202e-08 177109 0 0 3.29228e-14 0 0 0.00221797 0 0 0 0 0 0 5.4379e+10 5.4379e+10 5.4379e+10 5.4379e+10 
0.1925 1.07907 -2.22093 -0.145234 -1.64078 -3.27907 1.21076e+06 1.10154e+16 9.37627e-07 7.01831e-06 1.81966e-19 1.23864e-08 177394 0 0 3.33582e-14 0 0 0.00221797 0 0 0 0 0 0 5.48585e+10 5.48585e+10 5.48585e+10 5.48585e+10 
0.193 1.08795 -2.21205 -0.136062 -1.63181 -3.28795 1.22458e+06 1.09882e+16 9.3793e-07 7.01333e-06 1.84101e-19 1.23469e-08 177678 0 0 3.37973e-14 0 0 0.00221797 0 0 0 0 0 0 5.53147e+10 5.53147e+10 5.53147e+10 5.53147e+10 
0.1935 1.09684 -2.20316 -0.126877 -1.62282 -3.29684 1.23849e+06 1.09557e+16 9.38232e-07 7.00704e-06 1.86252e-19 1.22995e-08 177962 0 0 3.424e-14 0 0 0.00221797 0 0 0 0 0 0 5.5736e+10 5.5736e+10 5.5736e+10 5.5736e+10 
0.194 1.10574 -2.19426 -0.117679 -1.61378 -3.30574 1.2525e+06 1.0916e+16 9.38535e-07 6.99887e-06 1.88418e-19 1.22405e-08 178244 0 0 3.46858e-14 0 0 0.00221797 0 0 0 0 0 0 5.61061e+10 5.61061e+10 5.61061e+10 5.61061e+10 
0.1945 1.11466 -2.18534 -0.108468 -1.60469 -3.31466 1.26658e+06 1.08658e+16 9.38836e-07 6.98803e-06 1.90597e-19 1.21654e-08 178526 0 0 3.51342e-14 0 0 0.00221797 0 0 0 0 0 0 5.64013e+10 5.64013e+10 5.64013e+10 5.64013e+10 
0.195 1.1236 -2.1764 -0.0992451 -1.59554 -3.3236 1.28074e+06 1.08007e+16 9.39137e-07 6.97338e-06 1.92789e-19 1.20672e-08 178806 0 0 3.55846e-14 0 0 0.00221797 0 0 0 0 0 0 5.65878e+10 5.65878e+10 5.65878e+10 5.65878e+10 
0.1955 1.13254 -2.16746 -0.0900104 -1.5863 -3.33254 1.29496e+06 1.07145e+16 9.39435e-07 6.95327e-06 1.94989e-19 1.19364e-08 179084 0 0 3.60359e-14 0 0 0.00221797 0 0 0 0 0 0 5.6617e+10 5.6617e+10 5.6617e+10 5.6617e+10 
0.196 1.14151 -2.15849 -0.0807644 -1.57694 -3.34151 1.3092e+06 1.05981e+16 9.39732e-07 6.92532e-06 1.97195e-19 1.17592e-08 179360 0 0 3.64865e-14 0 0 0.00221797 0 0 0 0 0 0 5.64194e+10 5.64194e+10 5.64194e+10 5.64194e+10 
0.1965 1.15048 -2.14952 -0.0715078 -1.56741 -3.35048 1.32344e+06 1.04384e+16 9.40026e-07 6.88601e-06 1.99402e-19 1.15162e-08 179631 0 0 3.69342e-14 0 0 0.00221797 0 0 0 0 0 0 5.58948e+10 5.58948e+10 5.58948e+10 5.58948e+10 
0.197 1.15947 -2.14053 -0.0622417 -1.55763 -3.35947 1.33763e+06 1.02163e+16 9.40314e-07 6.83017e-06 2.016e-19 1.11798e-08 179898 0 0 3.73759e-14 0 0 0.00221797 0 0 0 0 0 0 5.48997e+10 5.48997e+10 5.48997e+10 5.48997e+10 
0.1975 1.16847 -2.13153 -0.0529678 -1.5475 -3.36847 1.35169e+06 9.90398e+15 9.40597e-07 6.74996e-06 2.0378e-19 1.07108e-08 180158 0 0 3.7807e-14 0 0 0.00221797 0 0 0 0 0 0 5.32278e+10 5.32278e+10 5.32278e+10 5.32278e+10 
0.198 1.17748 -2.12252 -0.0436882 -1.53682 -3.37748 1.36553e+06 9.45977e+15 9.40758e-07 6.63235e-06 2.05901e-19 1.00521e-08 180286 0 0 3.80192e-14 0 0 0.00221797 0 0 0 0 0 0 5.05765e+10 5.05765e+10 5.05765e+10 5.05765e+10 
0.198 1.17748 -2.12252 -0.0436882 -1.53682 -3.37748 1.36553e+06 9.45977e+15 9.4096e-07 6.63378e-06 2.05945e-19 1.00543e-08 180509 0 0 3.8386e-14 0 0 0.00221797 0 0 0 0 0 0 5.05874e+10 5.05874e+10 5.05874e+10 5.05874e+10 
0.198409 1.18487 -2.11513 -0.0360888 -1.52745 -3.38487 1.37658e+06 8.95609e+15 9.41075e-07 6.49713e-06 2.07636e-19 9.32288e-09 180604 0 0 3.85407e-14 0 0 0.00221796 0 0 0 0 0 0 4.74111e+10 4.74111e+10 4.74111e+10 4.74111e+10 
0.198752 1.19106 -2.10894 -0.0297343 -1.51895 -3.39106 1.38553e+06 8.39929e+15 9.41246e-07 6.34251e-06 2.09024e-19 8.5352e-09 180757 0 0 3.87898e-14 0 0 0.00221795 0 0 0 0 0 0 4.38236e+10 4.38236e+10 4.38236e+10 4.38236e+10 
0.199038 1.19624 -2.10376 -0.0244222 -1.51113 -3.39624 1.39276e+06 7.8059e+15 9.41379e-07 6.17244e-06 2.10145e-19 7.71952e-09 180877 0 0 3.89812e-14 0 0 0.00221794 0 0 0 0 0 0 3.9985e+10 3.9985e+10 3.9985e+10 3.9985e+10 
0.199277 1.20057 -2.09943 -0.0199823 -1.50387 -3.40057 1.39858e+06 7.19274e+15 9.41484e-07 5.99042e-06 2.11046e-19 6.90338e-09 180970 0 0 3.91263e-14 0 0 0.00221791 0 0 0 0 0 0 3.60519e+10 3.60519e+10 3.60519e+10 3.60519e+10 
0.199478 1.20419 -2.09581 -0.0162716 -1.49705 -3.40419 1.40326e+06 6.57536e+15 9.41564e-07 5.79988e-06 2.11769e-19 6.11012e-09 181041 0 0 3.92353e-14 0 0 0.00221788 0 0 0 0 0 0 3.21591e+10 3.21591e+10 3.21591e+10 3.21591e+10 
0.199645 1.20722 -2.09278 -0.0131706 -1.49057 -3.40722 1.40701e+06 5.9671e+15 9.41626e-07 5.60402e-06 2.12348e-19 5.35763e-09 181095 0 0 3.93161e-14 0 0 0.00221781 0 0 0 0 0 0 2.84122e+10 2.84122e+10 2.84122e+10 2.84122e+10 
0.199785 1.20976 -2.09024 -0.0105792 -1.48437 -3.40976 1.41002e+06 5.37864e+15 9.41674e-07 5.40559e-06 2.12814e-19 4.65828e-09 181137 0 0 3.93757e-14 0 0 0.00221772 0 0 0 0 0 0 2.48873e+10 2.48873e+10 2.48873e+10 2.48873e+10 
0.199902 1.21188 -2.08812 -0.00841363 -1.47839 -3.41188 1.41244e+06 4.81801e+15 9.4171e-07 5.20691e-06 2.13187e-19 4.01937e-09 181167 0 0 3.94191e-14 0 0 0.00221758 0 0 0 0 0 0 2.16326e+10 2.16326e+10 2.16326e+10 2.16326e+10 
0.2 1.21365 -2.08635 -0.0066038 -1.47257 -3.41365 1.41439e+06 4.29072e+15 9.41729e-07 5.00979e-06 2.13486e-19 3.44397e-09 181180 0 0 3.9436e-14 0 0 0.0022175 0 0 0 0 0 0 1.86733e+10 1.86733e+10 1.86733e+10 1.86733e+10 