# ASCII 1D datafile generated by TiberCAD
# x Ec Ev eQFermi hQFermi ElPotential eDensity hDensity eMobility hMobility eConductivity hConductivity ElField_x ElField_y ElField_z eCurrentDensity_x eCurrentDensity_y eCurrentDensity_z hCurrentDensity_x hCurrentDensity_y hCurrentDensity_z IonizedDonors IonizedAcceptors IonizedElectronTraps IonizedHoleTraps eNetRecombination eLangevinRecombination hNetRecombination hLangevinRecombination 
0 -4.275 -7.575 -5.74791 -7.06722 2.075 83.542 7.12593e+16 8.57032e-07 1.59388e-05 9.15801e-23 1.81973e-07 74902 0 0 4.66854e-18 0 0 0.0154592 0 0 0 0 0 0 5.16942e+07 5.16942e+07 5.16942e+07 5.16942e+07 
9.79066e-05 -4.27427 -7.57427 -5.74741 -7.06639 2.07427 82.7904 7.10865e+16 8.57096e-07 1.59181e-05 9.14778e-23 1.81296e-07 75082 0 0 4.70806e-18 0 0 0.0154592 0 0 0 0 0 0 5.10421e+07 5.10421e+07 5.10421e+07 5.10421e+07 
0.000214985 -4.27339 -7.57339 -5.7468 -7.06539 2.07339 81.9234 7.08814e+16 8.57242e-07 1.58948e-05 9.13606e-23 1.80509e-07 75511.6 0 0 4.80188e-18 0 0 0.0154592 0 0 0 0 0 0 5.02924e+07 5.02924e+07 5.02924e+07 5.02924e+07 
0.000354988 -4.27232 -7.57232 -5.74606 -7.06418 2.07232 80.93 7.06384e+16 8.57417e-07 1.58673e-05 9.12264e-23 1.79578e-07 76023.8 0 0 4.91224e-18 0 0 0.0154592 0 0 0 0 0 0 4.94313e+07 4.94313e+07 4.94313e+07 4.94313e+07 
0.000522406 -4.27105 -7.57105 -5.74514 -7.06274 2.07105 79.8012 7.0351e+16 8.57628e-07 1.58347e-05 9.10741e-23 1.7848e-07 76634 0 0 5.04172e-18 0 0 0.0154592 0 0 0 0 0 0 4.84495e+07 4.84495e+07 4.84495e+07 4.84495e+07 
0.000722606 -4.2695 -7.5695 -5.74402 -7.061 2.0695 78.5312 7.00117e+16 8.57881e-07 1.57962e-05 9.09028e-23 1.77188e-07 77360.4 0 0 5.19318e-18 0 0 0.0154592 0 0 0 0 0 0 4.73399e+07 4.73399e+07 4.73399e+07 4.73399e+07 
0.000962009 -4.26764 -7.56764 -5.74262 -7.0589 2.06764 77.1193 6.96122e+16 8.58187e-07 1.57509e-05 9.07125e-23 1.75672e-07 78224.5 0 0 5.36974e-18 0 0 0.0154592 0 0 0 0 0 0 4.60986e+07 4.60986e+07 4.60986e+07 4.60986e+07 
0.00124829 -4.26539 -7.56539 -5.74089 -7.05637 2.06539 75.5721 6.91431e+16 8.58556e-07 1.56978e-05 9.05042e-23 1.73899e-07 79251.3 0 0 5.57482e-18 0 0 0.0154592 0 0 0 0 0 0 4.47268e+07 4.47268e+07 4.47268e+07 4.47268e+07 
0.00159063 -4.26265 -7.56265 -5.73874 -7.05331 2.06265 73.9065 6.8594e+16 8.59001e-07 1.56356e-05 9.02804e-23 1.71835e-07 80470.2 0 0 5.81211e-18 0 0 0.0154592 0 0 0 0 0 0 4.3232e+07 4.3232e+07 4.3232e+07 4.3232e+07 
0.002 -4.25933 -7.55933 -5.73603 -7.0496 2.05933 72.1527 6.7954e+16 8.59238e-07 1.55578e-05 9.00417e-23 1.69384e-07 81196.1 0 0 5.95151e-18 0 0 0.0154592 0 0 0 0 0 0 4.16155e+07 4.16155e+07 4.16155e+07 4.16155e+07 
0.002 -4.25933 -7.55933 -5.73603 -7.0496 2.05933 72.1527 6.7954e+16 8.5985e-07 1.55689e-05 9.00488e-23 1.69505e-07 82793.5 0 0 6.24935e-18 0 0 0.0154592 0 0 0 0 0 0 4.16452e+07 4.16452e+07 4.16452e+07 4.16452e+07 
0.0025 -4.25519 -7.55519 -5.73256 -7.045 2.05519 70.3234 6.71957e+16 8.60175e-07 1.5477e-05 8.98005e-23 1.66624e-07 83662 0 0 6.40613e-18 0 0 0.0154592 0 0 0 0 0 0 3.99127e+07 3.99127e+07 3.99127e+07 3.99127e+07 
0.003 -4.25096 -7.55096 -5.7289 -7.04032 2.05096 68.7966 6.64616e+16 8.60845e-07 1.53941e-05 8.95974e-23 1.63921e-07 85389.6 0 0 6.71363e-18 0 0 0.0154592 0 0 0 0 0 0 3.84252e+07 3.84252e+07 3.84252e+07 3.84252e+07 
0.0035 -4.24665 -7.54665 -5.72507 -7.03557 2.04665 67.5375 6.57504e+16 8.61525e-07 1.53139e-05 8.94311e-23 1.61322e-07 87098.4 0 0 7.0098e-18 0 0 0.0154592 0 0 0 0 0 0 3.71357e+07 3.71357e+07 3.71357e+07 3.71357e+07 
0.004 -4.24225 -7.54225 -5.72106 -7.03074 2.04225 66.5174 6.50611e+16 8.62212e-07 1.52362e-05 8.92976e-23 1.58821e-07 88789.2 0 0 7.29612e-18 0 0 0.0154593 0 0 0 0 0 0 3.60191e+07 3.60191e+07 3.60191e+07 3.60191e+07 
0.0045 -4.23777 -7.53777 -5.7169 -7.02583 2.03777 65.7131 6.43925e+16 8.62908e-07 1.5161e-05 8.91939e-23 1.56413e-07 90462.4 0 0 7.57388e-18 0 0 0.0154593 0 0 0 0 0 0 3.5055e+07 3.5055e+07 3.5055e+07 3.5055e+07 
0.005 -4.23321 -7.53321 -5.71257 -7.02086 2.03321 65.1057 6.37437e+16 8.63612e-07 1.50882e-05 8.91172e-23 1.54093e-07 92118.5 0 0 7.84423e-18 0 0 0.0154593 0 0 0 0 0 0 3.42262e+07 3.42262e+07 3.42262e+07 3.42262e+07 
0.0055 -4.22856 -7.52856 -5.70809 -7.0158 2.02856 64.6799 6.31136e+16 8.64324e-07 1.50175e-05 8.90657e-23 1.51856e-07 93758.2 0 0 8.10819e-18 0 0 0.0154593 0 0 0 0 0 0 3.35187e+07 3.35187e+07 3.35187e+07 3.35187e+07 
0.006 -4.22383 -7.52383 -5.70347 -7.01068 2.02383 64.4233 6.25015e+16 8.65043e-07 1.49491e-05 8.90376e-23 1.49697e-07 95381.8 0 0 8.36668e-18 0 0 0.0154593 0 0 0 0 0 0 3.29209e+07 3.29209e+07 3.29209e+07 3.29209e+07 
0.0065 -4.21902 -7.51902 -5.6987 -7.00548 2.01902 64.3262 6.19065e+16 8.65769e-07 1.48826e-05 8.90316e-23 1.47613e-07 96989.7 0 0 8.62052e-18 0 0 0.0154593 0 0 0 0 0 0 3.2423e+07 3.2423e+07 3.2423e+07 3.2423e+07 
0.007 -4.21413 -7.51413 -5.69379 -7.0002 2.01413 64.381 6.13278e+16 8.66503e-07 1.48181e-05 8.90468e-23 1.456e-07 98582.6 0 0 8.87046e-18 0 0 0.0154593 0 0 0 0 0 0 3.20171e+07 3.20171e+07 3.20171e+07 3.20171e+07 
0.0075 -4.20916 -7.50916 -5.68874 -6.99486 2.00916 64.582 6.07647e+16 8.67243e-07 1.47555e-05 8.90823e-23 1.43653e-07 100161 0 0 9.11721e-18 0 0 0.0154593 0 0 0 0 0 0 3.16965e+07 3.16965e+07 3.16965e+07 3.16965e+07 
0.008 -4.20412 -7.50412 -5.68355 -6.98944 2.00412 64.9252 6.02165e+16 8.67989e-07 1.46946e-05 8.91378e-23 1.4177e-07 101724 0 0 9.36142e-18 0 0 0.0154593 0 0 0 0 0 0 3.14561e+07 3.14561e+07 3.14561e+07 3.14561e+07 
0.0085 -4.19899 -7.49899 -5.67824 -6.98396 1.99899 65.4083 5.96826e+16 8.68742e-07 1.46355e-05 8.92129e-23 1.39947e-07 103274 0 0 9.60369e-18 0 0 0.0154593 0 0 0 0 0 0 3.12913e+07 3.12913e+07 3.12913e+07 3.12913e+07 
0.009 -4.19379 -7.49379 -5.67279 -6.9784 1.99379 66.0302 5.91623e+16 8.69502e-07 1.4578e-05 8.93075e-23 1.38182e-07 104810 0 0 9.8446e-18 0 0 0.0154593 0 0 0 0 0 0 3.11988e+07 3.11988e+07 3.11988e+07 3.11988e+07 
0.0095 -4.18851 -7.48851 -5.66721 -6.97277 1.98851 66.7911 5.86551e+16 8.70268e-07 1.4522e-05 8.94217e-23 1.36472e-07 106333 0 0 1.00847e-17 0 0 0.0154593 0 0 0 0 0 0 3.11761e+07 3.11761e+07 3.11761e+07 3.11761e+07 
0.01 -4.18316 -7.48316 -5.66151 -6.96707 1.98316 67.6926 5.81605e+16 8.71039e-07 1.44676e-05 8.95557e-23 1.34814e-07 107843 0 0 1.03245e-17 0 0 0.0154593 0 0 0 0 0 0 3.12213e+07 3.12213e+07 3.12213e+07 3.12213e+07 
0.0105 -4.17773 -7.47773 -5.65569 -6.9613 1.97773 68.7373 5.76779e+16 8.71817e-07 1.44147e-05 8.97101e-23 1.33206e-07 109340 0 0 1.05646e-17 0 0 0.0154593 0 0 0 0 0 0 3.13331e+07 3.13331e+07 3.13331e+07 3.13331e+07 
0.011 -4.17222 -7.47222 -5.64974 -6.95547 1.97222 69.9293 5.72069e+16 8.72601e-07 1.43631e-05 8.98854e-23 1.31646e-07 110825 0 0 1.08054e-17 0 0 0.0154593 0 0 0 0 0 0 3.15111e+07 3.15111e+07 3.15111e+07 3.15111e+07 
0.0115 -4.16664 -7.46664 -5.64367 -6.94956 1.96664 71.2735 5.6747e+16 8.7339e-07 1.43129e-05 9.00823e-23 1.30131e-07 112298 0 0 1.10475e-17 0 0 0.0154593 0 0 0 0 0 0 3.17553e+07 3.17553e+07 3.17553e+07 3.17553e+07 
0.012 -4.16099 -7.46099 -5.63747 -6.94359 1.96099 72.7764 5.62977e+16 8.74185e-07 1.4264e-05 9.03019e-23 1.2866e-07 113759 0 0 1.12913e-17 0 0 0.0154593 0 0 0 0 0 0 3.20663e+07 3.20663e+07 3.20663e+07 3.20663e+07 
0.0125 -4.15527 -7.45527 -5.63116 -6.93755 1.95527 74.4453 5.58588e+16 8.74986e-07 1.42163e-05 9.05452e-23 1.2723e-07 115208 0 0 1.15375e-17 0 0 0.0154593 0 0 0 0 0 0 3.24451e+07 3.24451e+07 3.24451e+07 3.24451e+07 
0.013 -4.14947 -7.44947 -5.62473 -6.93144 1.94947 76.2891 5.54296e+16 8.75792e-07 1.41698e-05 9.08135e-23 1.2584e-07 116647 0 0 1.17864e-17 0 0 0.0154593 0 0 0 0 0 0 3.28934e+07 3.28934e+07 3.28934e+07 3.28934e+07 
0.0135 -4.1436 -7.4436 -5.61818 -6.92526 1.9436 78.318 5.501e+16 8.76603e-07 1.41245e-05 9.11084e-23 1.24488e-07 118074 0 0 1.20387e-17 0 0 0.0154593 0 0 0 0 0 0 3.34134e+07 3.34134e+07 3.34134e+07 3.34134e+07 
0.014 -4.13766 -7.43766 -5.61152 -6.91902 1.93766 80.5436 5.45996e+16 8.7742e-07 1.40803e-05 9.14315e-23 1.23172e-07 119491 0 0 1.22949e-17 0 0 0.0154593 0 0 0 0 0 0 3.40079e+07 3.40079e+07 3.40079e+07 3.40079e+07 
0.0145 -4.13165 -7.43165 -5.60474 -6.91271 1.93165 82.979 5.41979e+16 8.78242e-07 1.40372e-05 9.17848e-23 1.21892e-07 120897 0 0 1.25555e-17 0 0 0.0154593 0 0 0 0 0 0 3.46802e+07 3.46802e+07 3.46802e+07 3.46802e+07 
0.015 -4.12557 -7.42557 -5.59784 -6.90634 1.92557 85.639 5.38048e+16 8.7907e-07 1.39952e-05 9.21704e-23 1.20645e-07 122293 0 0 1.28212e-17 0 0 0.0154593 0 0 0 0 0 0 3.5434e+07 3.5434e+07 3.5434e+07 3.5434e+07 
0.0155 -4.11943 -7.41943 -5.59083 -6.8999 1.91943 88.5402 5.34199e+16 8.79902e-07 1.39541e-05 9.25909e-23 1.1943e-07 123679 0 0 1.30926e-17 0 0 0.0154593 0 0 0 0 0 0 3.62739e+07 3.62739e+07 3.62739e+07 3.62739e+07 
0.016 -4.11321 -7.41321 -5.5837 -6.89339 1.91321 91.7009 5.30429e+16 8.8074e-07 1.3914e-05 9.30488e-23 1.18247e-07 125055 0 0 1.33703e-17 0 0 0.0154593 0 0 0 0 0 0 3.7205e+07 3.7205e+07 3.7205e+07 3.7205e+07 
0.0165 -4.10692 -7.40692 -5.57646 -6.88682 1.90692 95.1418 5.26735e+16 8.81583e-07 1.38748e-05 9.35471e-23 1.17093e-07 126422 0 0 1.36551e-17 0 0 0.0154593 0 0 0 0 0 0 3.8233e+07 3.8233e+07 3.8233e+07 3.8233e+07 
0.017 -4.10056 -7.40056 -5.56911 -6.88019 1.90056 98.8855 5.23115e+16 8.82431e-07 1.38366e-05 9.40894e-23 1.15968e-07 127778 0 0 1.39477e-17 0 0 0.0154593 0 0 0 0 0 0 3.93643e+07 3.93643e+07 3.93643e+07 3.93643e+07 
0.0175 -4.09414 -7.39414 -5.56164 -6.87349 1.89414 102.957 5.19567e+16 8.83285e-07 1.37992e-05 9.46791e-23 1.1487e-07 129126 0 0 1.4249e-17 0 0 0.0154593 0 0 0 0 0 0 4.06061e+07 4.06061e+07 4.06061e+07 4.06061e+07 
0.018 -4.08765 -7.38765 -5.55406 -6.86673 1.88765 107.384 5.16088e+16 8.84143e-07 1.37627e-05 9.53204e-23 1.13799e-07 130465 0 0 1.45597e-17 0 0 0.0154593 0 0 0 0 0 0 4.19664e+07 4.19664e+07 4.19664e+07 4.19664e+07 
0.0185 -4.0811 -7.3811 -5.54637 -6.85991 1.8811 112.198 5.12675e+16 8.85006e-07 1.3727e-05 9.60178e-23 1.12753e-07 131794 0 0 1.48807e-17 0 0 0.0154593 0 0 0 0 0 0 4.34541e+07 4.34541e+07 4.34541e+07 4.34541e+07 
0.019 -4.07447 -7.37447 -5.53857 -6.85302 1.87447 117.431 5.09327e+16 8.85874e-07 1.36921e-05 9.67761e-23 1.11732e-07 133115 0 0 1.52132e-17 0 0 0.0154593 0 0 0 0 0 0 4.50786e+07 4.50786e+07 4.50786e+07 4.50786e+07 
0.0195 -4.06778 -7.36778 -5.53065 -6.84607 1.86778 123.12 5.06042e+16 8.86748e-07 1.3658e-05 9.76009e-23 1.10735e-07 134428 0 0 1.5558e-17 0 0 0.0154593 0 0 0 0 0 0 4.68507e+07 4.68507e+07 4.68507e+07 4.68507e+07 
0.02 -4.06103 -7.36103 -5.52263 -6.83906 1.86103 129.306 5.02817e+16 8.87626e-07 1.36246e-05 9.84979e-23 1.0976e-07 135732 0 0 1.59164e-17 0 0 0.0154593 0 0 0 0 0 0 4.87818e+07 4.87818e+07 4.87818e+07 4.87818e+07 
0.0205 -4.05421 -7.35421 -5.5145 -6.83199 1.85421 136.032 4.99651e+16 8.88509e-07 1.3592e-05 9.94737e-23 1.08808e-07 137027 0 0 1.62896e-17 0 0 0.0154593 0 0 0 0 0 0 5.08845e+07 5.08845e+07 5.08845e+07 5.08845e+07 
0.021 -4.04733 -7.34733 -5.50626 -6.82486 1.84733 143.346 4.96541e+16 8.89397e-07 1.35601e-05 1.00535e-22 1.07877e-07 138315 0 0 1.66788e-17 0 0 0.0154593 0 0 0 0 0 0 5.31724e+07 5.31724e+07 5.31724e+07 5.31724e+07 
0.0215 -4.04038 -7.34038 -5.49791 -6.81766 1.84038 151.299 4.93487e+16 8.9029e-07 1.35288e-05 1.0169e-22 1.06966e-07 139595 0 0 1.70856e-17 0 0 0.0154593 0 0 0 0 0 0 5.56602e+07 5.56602e+07 5.56602e+07 5.56602e+07 
0.022 -4.03337 -7.33337 -5.48946 -6.8104 1.83337 159.947 4.90486e+16 8.91188e-07 1.34982e-05 1.02947e-22 1.06075e-07 140866 0 0 1.75115e-17 0 0 0.0154593 0 0 0 0 0 0 5.83634e+07 5.83634e+07 5.83634e+07 5.83634e+07 
0.0225 -4.02629 -7.32629 -5.48091 -6.80309 1.82629 169.35 4.87538e+16 8.9209e-07 1.34683e-05 1.04314e-22 1.05204e-07 142130 0 0 1.79581e-17 0 0 0.0154593 0 0 0 0 0 0 6.12991e+07 6.12991e+07 6.12991e+07 6.12991e+07 
0.023 -4.01915 -7.31915 -5.47225 -6.79571 1.81915 179.573 4.84639e+16 8.92998e-07 1.3439e-05 1.05801e-22 1.04351e-07 143387 0 0 1.84273e-17 0 0 0.0154593 0 0 0 0 0 0 6.4485e+07 6.4485e+07 6.4485e+07 6.4485e+07 
0.0235 -4.01195 -7.31195 -5.4635 -6.78827 1.81195 190.683 4.8179e+16 8.9391e-07 1.34103e-05 1.07418e-22 1.03516e-07 144636 0 0 1.89209e-17 0 0 0.0154593 0 0 0 0 0 0 6.79401e+07 6.79401e+07 6.79401e+07 6.79401e+07 
0.024 -4.00469 -7.30469 -5.45464 -6.78078 1.80469 202.755 4.78988e+16 8.94827e-07 1.33822e-05 1.09177e-22 1.02698e-07 145878 0 0 1.94411e-17 0 0 0.0154593 0 0 0 0 0 0 7.16846e+07 7.16846e+07 7.16846e+07 7.16846e+07 
0.0245 -3.99737 -7.29737 -5.4457 -6.77322 1.79737 215.865 4.76232e+16 8.95748e-07 1.33547e-05 1.11089e-22 1.01897e-07 147113 0 0 1.99901e-17 0 0 0.0154593 0 0 0 0 0 0 7.57396e+07 7.57396e+07 7.57396e+07 7.57396e+07 
0.025 -3.98998 -7.28998 -5.43666 -6.7656 1.78998 230.098 4.73521e+16 8.96674e-07 1.33277e-05 1.13165e-22 1.01113e-07 148340 0 0 2.05704e-17 0 0 0.0154593 0 0 0 0 0 0 8.01269e+07 8.01269e+07 8.01269e+07 8.01269e+07 
0.0255 -3.98253 -7.28253 -5.42753 -6.75793 1.78253 245.538 4.70854e+16 8.97605e-07 1.33013e-05 1.1542e-22 1.00344e-07 149561 0 0 2.11847e-17 0 0 0.0154593 0 0 0 0 0 0 8.48698e+07 8.48698e+07 8.48698e+07 8.48698e+07 
0.026 -3.97502 -7.27502 -5.41831 -6.7502 1.77502 262.278 4.68229e+16 8.9854e-07 1.32754e-05 1.17867e-22 9.95901e-08 150775 0 0 2.18356e-17 0 0 0.0154593 0 0 0 0 0 0 8.99919e+07 8.99919e+07 8.99919e+07 8.99919e+07 
0.0265 -3.96745 -7.26745 -5.40901 -6.74241 1.76745 280.411 4.65645e+16 8.99479e-07 1.325e-05 1.2052e-22 9.88514e-08 151982 0 0 2.25264e-17 0 0 0.0154593 0 0 0 0 0 0 9.55182e+07 9.55182e+07 9.55182e+07 9.55182e+07 
0.027 -3.95983 -7.25983 -5.39963 -6.73456 1.75983 300.039 4.63101e+16 9.00423e-07 1.32252e-05 1.23394e-22 9.8127e-08 153182 0 0 2.32602e-17 0 0 0.0154593 0 0 0 0 0 0 1.01474e+08 1.01474e+08 1.01474e+08 1.01474e+08 
0.0275 -3.95214 -7.25214 -5.39017 -6.72665 1.75214 321.264 4.60597e+16 9.01371e-07 1.32008e-05 1.26504e-22 9.74165e-08 154376 0 0 2.40407e-17 0 0 0.0154593 0 0 0 0 0 0 1.07886e+08 1.07886e+08 1.07886e+08 1.07886e+08 
0.028 -3.94439 -7.24439 -5.38063 -6.71869 1.74439 344.196 4.58131e+16 9.02323e-07 1.31769e-05 1.29869e-22 9.67195e-08 155563 0 0 2.48714e-17 0 0 0.0154593 0 0 0 0 0 0 1.1478e+08 1.1478e+08 1.1478e+08 1.1478e+08 
0.0285 -3.93658 -7.23658 -5.37103 -6.71067 1.73658 368.945 4.55701e+16 9.03279e-07 1.31535e-05 1.33503e-22 9.60356e-08 156744 0 0 2.57565e-17 0 0 0.0154593 0 0 0 0 0 0 1.22186e+08 1.22186e+08 1.22186e+08 1.22186e+08 
0.029 -3.92871 -7.22871 -5.36135 -6.70259 1.72871 395.63 4.53308e+16 9.04239e-07 1.31305e-05 1.37426e-22 9.53644e-08 157919 0 0 2.67001e-17 0 0 0.0154593 0 0 0 0 0 0 1.30131e+08 1.30131e+08 1.30131e+08 1.30131e+08 
0.0295 -3.92079 -7.22079 -5.35161 -6.69446 1.72079 424.372 4.5095e+16 9.05203e-07 1.3108e-05 1.41655e-22 9.47056e-08 159088 0 0 2.77069e-17 0 0 0.0154593 0 0 0 0 0 0 1.38646e+08 1.38646e+08 1.38646e+08 1.38646e+08 
0.03 -3.9128 -7.2128 -5.34181 -6.68627 1.7128 455.299 4.48626e+16 9.06171e-07 1.30859e-05 1.46211e-22 9.40589e-08 160251 0 0 2.87815e-17 0 0 0.0154593 0 0 0 0 0 0 1.4776e+08 1.4776e+08 1.4776e+08 1.4776e+08 
0.0305 -3.90476 -7.20476 -5.33194 -6.67803 1.70476 488.542 4.46336e+16 9.07142e-07 1.30643e-05 1.51114e-22 9.34237e-08 161408 0 0 2.99291e-17 0 0 0.0154593 0 0 0 0 0 0 1.57506e+08 1.57506e+08 1.57506e+08 1.57506e+08 
0.031 -3.89666 -7.19666 -5.32201 -6.66972 1.69666 524.239 4.44078e+16 9.08117e-07 1.3043e-05 1.56384e-22 9.28e-08 162558 0 0 3.1155e-17 0 0 0.0154593 0 0 0 0 0 0 1.67916e+08 1.67916e+08 1.67916e+08 1.67916e+08 
0.0315 -3.88851 -7.18851 -5.31203 -6.66137 1.68851 562.534 4.41852e+16 9.09096e-07 1.30222e-05 1.62044e-22 9.21872e-08 163704 0 0 3.24646e-17 0 0 0.0154593 0 0 0 0 0 0 1.79023e+08 1.79023e+08 1.79023e+08 1.79023e+08 
0.032 -3.88029 -7.18029 -5.30199 -6.65296 1.68029 603.578 4.39657e+16 9.10078e-07 1.30017e-05 1.68117e-22 9.15852e-08 164843 0 0 3.3864e-17 0 0 0.0154593 0 0 0 0 0 0 1.90864e+08 1.90864e+08 1.90864e+08 1.90864e+08 
0.0325 -3.87202 -7.17202 -5.2919 -6.64449 1.67202 647.527 4.37492e+16 9.11064e-07 1.29816e-05 1.74627e-22 9.09936e-08 165977 0 0 3.53593e-17 0 0 0.0154593 0 0 0 0 0 0 2.03474e+08 2.03474e+08 2.03474e+08 2.03474e+08 
0.033 -3.8637 -7.1637 -5.28176 -6.63597 1.6637 694.544 4.35357e+16 9.12053e-07 1.29619e-05 1.816e-22 9.04121e-08 167105 0 0 3.69568e-17 0 0 0.0154593 0 0 0 0 0 0 2.16891e+08 2.16891e+08 2.16891e+08 2.16891e+08 
0.0335 -3.85531 -7.15531 -5.27156 -6.62739 1.65531 744.801 4.33251e+16 9.13045e-07 1.29426e-05 1.89063e-22 8.98405e-08 168227 0 0 3.86634e-17 0 0 0.0154593 0 0 0 0 0 0 2.31154e+08 2.31154e+08 2.31154e+08 2.31154e+08 
0.034 -3.84687 -7.14687 -5.26132 -6.61876 1.64687 798.474 4.31173e+16 9.14041e-07 1.29236e-05 1.97042e-22 8.92786e-08 169345 0 0 4.0486e-17 0 0 0.0154593 0 0 0 0 0 0 2.46303e+08 2.46303e+08 2.46303e+08 2.46303e+08 
0.0345 -3.83838 -7.13838 -5.25103 -6.61007 1.63838 855.749 4.29123e+16 9.15039e-07 1.2905e-05 2.05566e-22 8.8726e-08 170457 0 0 4.2432e-17 0 0 0.0154593 0 0 0 0 0 0 2.6238e+08 2.6238e+08 2.6238e+08 2.6238e+08 
0.035 -3.82983 -7.12983 -5.2407 -6.60134 1.62983 916.818 4.27099e+16 9.16041e-07 1.28868e-05 2.14667e-22 8.81825e-08 171563 0 0 4.4509e-17 0 0 0.0154593 0 0 0 0 0 0 2.7943e+08 2.7943e+08 2.7943e+08 2.7943e+08 
0.0355 -3.82122 -7.12122 -5.23031 -6.59254 1.62122 981.882 4.25102e+16 9.17046e-07 1.28688e-05 2.24374e-22 8.76479e-08 172665 0 0 4.6725e-17 0 0 0.0154593 0 0 0 0 0 0 2.97495e+08 2.97495e+08 2.97495e+08 2.97495e+08 
0.036 -3.81256 -7.11256 -5.21989 -6.5837 1.61256 1051.15 4.2313e+16 9.18054e-07 1.28512e-05 2.34721e-22 8.7122e-08 173761 0 0 4.90884e-17 0 0 0.0154593 0 0 0 0 0 0 3.16623e+08 3.16623e+08 3.16623e+08 3.16623e+08 
0.0365 -3.80385 -7.10385 -5.20942 -6.5748 1.60385 1124.83 4.21184e+16 9.19065e-07 1.28339e-05 2.45741e-22 8.66045e-08 174852 0 0 5.16078e-17 0 0 0.0154593 0 0 0 0 0 0 3.36861e+08 3.36861e+08 3.36861e+08 3.36861e+08 
0.037 -3.79508 -7.09508 -5.1989 -6.56585 1.59508 1203.16 4.19262e+16 9.20079e-07 1.28169e-05 2.57471e-22 8.60953e-08 175939 0 0 5.42924e-17 0 0 0.0154593 0 0 0 0 0 0 3.58258e+08 3.58258e+08 3.58258e+08 3.58258e+08 
0.0375 -3.78625 -7.08625 -5.18834 -6.55684 1.58625 1286.37 4.17364e+16 9.21096e-07 1.28002e-05 2.69946e-22 8.55941e-08 177020 0 0 5.71516e-17 0 0 0.0154593 0 0 0 0 0 0 3.80865e+08 3.80865e+08 3.80865e+08 3.80865e+08 
0.038 -3.77737 -7.07737 -5.17775 -6.54779 1.57737 1374.69 4.1549e+16 9.22116e-07 1.27839e-05 2.83205e-22 8.51007e-08 178097 0 0 6.01952e-17 0 0 0.0154593 0 0 0 0 0 0 4.04734e+08 4.04734e+08 4.04734e+08 4.04734e+08 
0.0385 -3.76844 -7.06844 -5.16711 -6.53868 1.56844 1468.38 4.13638e+16 9.23138e-07 1.27678e-05 2.97287e-22 8.4615e-08 179168 0 0 6.34335e-17 0 0 0.0154593 0 0 0 0 0 0 4.29919e+08 4.29919e+08 4.29919e+08 4.29919e+08 
0.039 -3.75946 -7.05946 -5.15643 -6.52952 1.55946 1567.7 4.1181e+16 9.24163e-07 1.2752e-05 3.12234e-22 8.41367e-08 180235 0 0 6.68773e-17 0 0 0.0154593 0 0 0 0 0 0 4.56475e+08 4.56475e+08 4.56475e+08 4.56475e+08 
0.0395 -3.75042 -7.05042 -5.1457 -6.5203 1.55042 1672.91 4.10003e+16 9.25191e-07 1.27365e-05 3.28087e-22 8.36657e-08 181297 0 0 7.05376e-17 0 0 0.0154593 0 0 0 0 0 0 4.84459e+08 4.84459e+08 4.84459e+08 4.84459e+08 
0.04 -3.74133 -7.04133 -5.13494 -6.51104 1.54133 1784.29 4.08218e+16 9.26222e-07 1.27213e-05 3.44892e-22 8.32017e-08 182355 0 0 7.44262e-17 0 0 0.0154593 0 0 0 0 0 0 5.13929e+08 5.13929e+08 5.13929e+08 5.13929e+08 
0.0405 -3.73218 -7.03218 -5.12414 -6.50172 1.53218 1902.13 4.06453e+16 9.27255e-07 1.27063e-05 3.62694e-22 8.27448e-08 183408 0 0 7.8555e-17 0 0 0.0154593 0 0 0 0 0 0 5.44946e+08 5.44946e+08 5.44946e+08 5.44946e+08 
0.041 -3.72299 -7.02299 -5.1133 -6.49236 1.52299 2026.72 4.0471e+16 9.28291e-07 1.26916e-05 3.8154e-22 8.22946e-08 184456 0 0 8.29366e-17 0 0 0.0154593 0 0 0 0 0 0 5.77572e+08 5.77572e+08 5.77572e+08 5.77572e+08 
0.0415 -3.71374 -7.01374 -5.10242 -6.48294 1.51374 2158.38 4.02987e+16 9.2933e-07 1.26772e-05 4.0148e-22 8.1851e-08 185500 0 0 8.75841e-17 0 0 0.0154593 0 0 0 0 0 0 6.11869e+08 6.11869e+08 6.11869e+08 6.11869e+08 
0.042 -3.70444 -7.00444 -5.0915 -6.47347 1.50444 2297.41 4.01284e+16 9.30371e-07 1.2663e-05 4.22565e-22 8.14139e-08 186540 0 0 9.25112e-17 0 0 0.0154593 0 0 0 0 0 0 6.47904e+08 6.47904e+08 6.47904e+08 6.47904e+08 
0.0425 -3.69508 -6.99508 -5.08054 -6.46395 1.49508 2444.14 3.996e+16 9.31415e-07 1.26491e-05 4.44846e-22 8.09831e-08 187575 0 0 9.77317e-17 0 0 0.0154593 0 0 0 0 0 0 6.85743e+08 6.85743e+08 6.85743e+08 6.85743e+08 
0.043 -3.68568 -6.98568 -5.06955 -6.45438 1.48568 2598.92 3.97935e+16 9.32461e-07 1.26354e-05 4.68379e-22 8.05585e-08 188606 0 0 1.03261e-16 0 0 0.0154593 0 0 0 0 0 0 7.25454e+08 7.25454e+08 7.25454e+08 7.25454e+08 
0.0435 -3.67622 -6.97622 -5.05851 -6.44476 1.47622 2762.09 3.96289e+16 9.3351e-07 1.26219e-05 4.9322e-22 8.01399e-08 189632 0 0 1.09113e-16 0 0 0.0154593 0 0 0 0 0 0 7.67109e+08 7.67109e+08 7.67109e+08 7.67109e+08 
0.044 -3.66672 -6.96672 -5.04744 -6.43509 1.46672 2934 3.94661e+16 9.34561e-07 1.26087e-05 5.19426e-22 7.97272e-08 190655 0 0 1.15304e-16 0 0 0.0154593 0 0 0 0 0 0 8.1078e+08 8.1078e+08 8.1078e+08 8.1078e+08 
0.0445 -3.65716 -6.95716 -5.03633 -6.42537 1.45716 3115.03 3.93052e+16 9.35615e-07 1.25958e-05 5.47058e-22 7.93203e-08 191673 0 0 1.21851e-16 0 0 0.0154593 0 0 0 0 0 0 8.5654e+08 8.5654e+08 8.5654e+08 8.5654e+08 
0.045 -3.64755 -6.94755 -5.02518 -6.4156 1.44755 3305.56 3.9146e+16 9.36671e-07 1.2583e-05 5.76178e-22 7.8919e-08 192687 0 0 1.28771e-16 0 0 0.0154593 0 0 0 0 0 0 9.04466e+08 9.04466e+08 9.04466e+08 9.04466e+08 
0.0455 -3.63789 -6.93789 -5.014 -6.40578 1.43789 3505.98 3.89885e+16 9.37729e-07 1.25705e-05 6.0685e-22 7.85233e-08 193697 0 0 1.36081e-16 0 0 0.0154593 0 0 0 0 0 0 9.54634e+08 9.54634e+08 9.54634e+08 9.54634e+08 
0.046 -3.62818 -6.92818 -5.00277 -6.39591 1.42818 3716.69 3.88327e+16 9.3879e-07 1.25582e-05 6.39138e-22 7.8133e-08 194702 0 0 1.43799e-16 0 0 0.0154593 0 0 0 0 0 0 1.00712e+09 1.00712e+09 1.00712e+09 1.00712e+09 
0.0465 -3.61842 -6.91842 -4.99151 -6.386 1.41842 3938.1 3.86786e+16 9.39853e-07 1.25461e-05 6.73113e-22 7.77479e-08 195704 0 0 1.51944e-16 0 0 0.0154593 0 0 0 0 0 0 1.06202e+09 1.06202e+09 1.06202e+09 1.06202e+09 
0.047 -3.60861 -6.90861 -4.98022 -6.37603 1.40861 4170.65 3.85261e+16 9.40919e-07 1.25342e-05 7.08842e-22 7.73681e-08 196702 0 0 1.60536e-16 0 0 0.0154593 0 0 0 0 0 0 1.1194e+09 1.1194e+09 1.1194e+09 1.1194e+09 
0.0475 -3.59875 -6.89875 -4.96888 -6.36602 1.39875 4414.77 3.83752e+16 9.41986e-07 1.25225e-05 7.46399e-22 7.69933e-08 197696 0 0 1.69594e-16 0 0 0.0154593 0 0 0 0 0 0 1.17935e+09 1.17935e+09 1.17935e+09 1.17935e+09 
0.048 -3.58884 -6.88884 -4.95751 -6.35595 1.38884 4670.92 3.82259e+16 9.43056e-07 1.25111e-05 7.85858e-22 7.66234e-08 198686 0 0 1.7914e-16 0 0 0.0154593 0 0 0 0 0 0 1.24196e+09 1.24196e+09 1.24196e+09 1.24196e+09 
0.0485 -3.57888 -6.87888 -4.9461 -6.34584 1.37888 4939.54 3.80781e+16 9.44129e-07 1.24998e-05 8.27294e-22 7.62584e-08 199672 0 0 1.89196e-16 0 0 0.0154593 0 0 0 0 0 0 1.30732e+09 1.30732e+09 1.30732e+09 1.30732e+09 
0.049 -3.56887 -6.86887 -4.93465 -6.33568 1.36887 5221.12 3.79318e+16 9.45203e-07 1.24887e-05 8.70787e-22 7.58982e-08 200655 0 0 1.99783e-16 0 0 0.0154593 0 0 0 0 0 0 1.37551e+09 1.37551e+09 1.37551e+09 1.37551e+09 
0.0495 -3.55881 -6.85881 -4.92317 -6.32547 1.35881 5516.15 3.77871e+16 9.4628e-07 1.24778e-05 9.16417e-22 7.55427e-08 201634 0 0 2.10925e-16 0 0 0.0154593 0 0 0 0 0 0 1.44663e+09 1.44663e+09 1.44663e+09 1.44663e+09 
0.05 -3.54871 -6.84871 -4.91165 -6.31522 1.34871 5825.12 3.76438e+16 9.47359e-07 1.24671e-05 9.64267e-22 7.51917e-08 202608 0 0 2.22644e-16 0 0 0.0154593 0 0 0 0 0 0 1.52078e+09 1.52078e+09 1.52078e+09 1.52078e+09 
0.0505 -3.53855 -6.83855 -4.9001 -6.30491 1.33855 6148.54 3.75019e+16 9.48441e-07 1.24566e-05 1.01442e-21 7.48452e-08 203580 0 0 2.34967e-16 0 0 0.0154593 0 0 0 0 0 0 1.59804e+09 1.59804e+09 1.59804e+09 1.59804e+09 
0.051 -3.52835 -6.82835 -4.8885 -6.29456 1.32835 6486.95 3.73614e+16 9.49524e-07 1.24463e-05 1.06697e-21 7.4503e-08 204547 0 0 2.47917e-16 0 0 0.0154593 0 0 0 0 0 0 1.67852e+09 1.67852e+09 1.67852e+09 1.67852e+09 
0.0515 -3.5181 -6.8181 -4.87688 -6.28416 1.3181 6840.86 3.72224e+16 9.50609e-07 1.24361e-05 1.122e-21 7.41652e-08 205511 0 0 2.61522e-16 0 0 0.0154593 0 0 0 0 0 0 1.76232e+09 1.76232e+09 1.76232e+09 1.76232e+09 
0.052 -3.5078 -6.8078 -4.86521 -6.27372 1.3078 7210.85 3.70847e+16 9.51697e-07 1.24262e-05 1.17961e-21 7.38316e-08 206472 0 0 2.75808e-16 0 0 0.0154593 0 0 0 0 0 0 1.84953e+09 1.84953e+09 1.84953e+09 1.84953e+09 
0.0525 -3.49745 -6.79745 -4.85351 -6.26322 1.29745 7597.46 3.69483e+16 9.52787e-07 1.24164e-05 1.23989e-21 7.35021e-08 207429 0 0 2.90802e-16 0 0 0.0154593 0 0 0 0 0 0 1.94026e+09 1.94026e+09 1.94026e+09 1.94026e+09 
0.053 -3.48706 -6.78706 -4.84177 -6.25269 1.28706 8001.27 3.68133e+16 9.53879e-07 1.24067e-05 1.30293e-21 7.31767e-08 208382 0 0 3.06533e-16 0 0 0.0154593 0 0 0 0 0 0 2.03462e+09 2.03462e+09 2.03462e+09 2.03462e+09 
0.0535 -3.47661 -6.77661 -4.82999 -6.2421 1.27661 8422.88 3.66795e+16 9.54973e-07 1.23973e-05 1.36884e-21 7.28552e-08 209332 0 0 3.23031e-16 0 0 0.0154593 0 0 0 0 0 0 2.13271e+09 2.13271e+09 2.13271e+09 2.13271e+09 
0.054 -3.46612 -6.76612 -4.81818 -6.23147 1.26612 8862.88 3.6547e+16 9.56069e-07 1.2388e-05 1.43772e-21 7.25377e-08 210278 0 0 3.40325e-16 0 0 0.0154593 0 0 0 0 0 0 2.23465e+09 2.23465e+09 2.23465e+09 2.23465e+09 
0.0545 -3.45559 -6.75559 -4.80634 -6.22079 1.25559 9321.89 3.64158e+16 9.57167e-07 1.23789e-05 1.50967e-21 7.22239e-08 211221 0 0 3.58448e-16 0 0 0.0154593 0 0 0 0 0 0 2.34053e+09 2.34053e+09 2.34053e+09 2.34053e+09 
0.055 -3.445 -6.745 -4.79445 -6.21006 1.245 9800.55 3.62858e+16 9.58267e-07 1.23699e-05 1.5848e-21 7.19139e-08 212161 0 0 3.7743e-16 0 0 0.0154593 0 0 0 0 0 0 2.45048e+09 2.45048e+09 2.45048e+09 2.45048e+09 
0.0555 -3.43437 -6.73437 -4.78253 -6.19929 1.23437 10299.5 3.6157e+16 9.59369e-07 1.23611e-05 1.66322e-21 7.16076e-08 213097 0 0 3.97305e-16 0 0 0.0154593 0 0 0 0 0 0 2.56461e+09 2.56461e+09 2.56461e+09 2.56461e+09 
0.056 -3.42369 -6.72369 -4.77058 -6.18847 1.22369 10819.4 3.60294e+16 9.60473e-07 1.23524e-05 1.74504e-21 7.13049e-08 214030 0 0 4.18106e-16 0 0 0.0154593 0 0 0 0 0 0 2.68303e+09 2.68303e+09 2.68303e+09 2.68303e+09 
0.0565 -3.41297 -6.71297 -4.75859 -6.17761 1.21297 11360.9 3.5903e+16 9.61579e-07 1.23439e-05 1.83038e-21 7.10058e-08 214960 0 0 4.39869e-16 0 0 0.0154593 0 0 0 0 0 0 2.80586e+09 2.80586e+09 2.80586e+09 2.80586e+09 
0.057 -3.4022 -6.7022 -4.74656 -6.1667 1.2022 11924.6 3.57777e+16 9.62688e-07 1.23356e-05 1.91936e-21 7.07101e-08 215887 0 0 4.62629e-16 0 0 0.0154593 0 0 0 0 0 0 2.93322e+09 2.93322e+09 2.93322e+09 2.93322e+09 
0.0575 -3.39138 -6.69138 -4.7345 -6.15575 1.19138 12511.4 3.56535e+16 9.63798e-07 1.23273e-05 2.01209e-21 7.04179e-08 216810 0 0 4.86422e-16 0 0 0.0154593 0 0 0 0 0 0 3.06524e+09 3.06524e+09 3.06524e+09 3.06524e+09 
0.058 -3.38051 -6.68051 -4.7224 -6.14475 1.18051 13121.9 3.55305e+16 9.6491e-07 1.23193e-05 2.10869e-21 7.0129e-08 217730 0 0 5.11286e-16 0 0 0.0154593 0 0 0 0 0 0 3.20204e+09 3.20204e+09 3.20204e+09 3.20204e+09 
0.0585 -3.3696 -6.6696 -4.71026 -6.1337 1.1696 13756.8 3.54086e+16 9.66024e-07 1.23114e-05 2.2093e-21 6.98433e-08 218647 0 0 5.37261e-16 0 0 0.0154593 0 0 0 0 0 0 3.34373e+09 3.34373e+09 3.34373e+09 3.34373e+09 
0.059 -3.35865 -6.65865 -4.69809 -6.12261 1.15865 14416.9 3.52877e+16 9.67139e-07 1.23036e-05 2.31404e-21 6.9561e-08 219561 0 0 5.64385e-16 0 0 0.0154593 0 0 0 0 0 0 3.49046e+09 3.49046e+09 3.49046e+09 3.49046e+09 
0.0595 -3.34765 -6.64765 -4.68588 -6.11148 1.14765 15102.9 3.5168e+16 9.68257e-07 1.22959e-05 2.42304e-21 6.92818e-08 220471 0 0 5.92699e-16 0 0 0.0154593 0 0 0 0 0 0 3.64234e+09 3.64234e+09 3.64234e+09 3.64234e+09 
0.06 -3.3366 -6.6366 -4.67364 -6.1003 1.1366 15815.5 3.50492e+16 9.69377e-07 1.22884e-05 2.53644e-21 6.90057e-08 221379 0 0 6.22245e-16 0 0 0.0154593 0 0 0 0 0 0 3.79951e+09 3.79951e+09 3.79951e+09 3.79951e+09 
0.0605 -3.32551 -6.62551 -4.66136 -6.08908 1.12551 16555.7 3.49315e+16 9.70498e-07 1.22811e-05 2.65437e-21 6.87327e-08 222283 0 0 6.53065e-16 0 0 0.0154593 0 0 0 0 0 0 3.9621e+09 3.9621e+09 3.9621e+09 3.9621e+09 
0.061 -3.31437 -6.61437 -4.64905 -6.07781 1.11437 17324.1 3.48148e+16 9.71622e-07 1.22738e-05 2.77697e-21 6.84627e-08 223185 0 0 6.85204e-16 0 0 0.0154593 0 0 0 0 0 0 4.13024e+09 4.13024e+09 4.13024e+09 4.13024e+09 
0.0615 -3.30319 -6.60319 -4.6367 -6.0665 1.10319 18121.6 3.46991e+16 9.72747e-07 1.22667e-05 2.90439e-21 6.81957e-08 224083 0 0 7.18706e-16 0 0 0.0154593 0 0 0 0 0 0 4.30407e+09 4.30407e+09 4.30407e+09 4.30407e+09 
0.062 -3.29197 -6.59197 -4.62431 -6.05514 1.09197 18949.1 3.45844e+16 9.73874e-07 1.22597e-05 3.03676e-21 6.79316e-08 224979 0 0 7.53618e-16 0 0 0.0154593 0 0 0 0 0 0 4.48373e+09 4.48373e+09 4.48373e+09 4.48373e+09 
0.0625 -3.28069 -6.58069 -4.61189 -6.04374 1.08069 19807.2 3.44707e+16 9.75003e-07 1.22529e-05 3.17425e-21 6.76703e-08 225871 0 0 7.89986e-16 0 0 0.0154593 0 0 0 0 0 0 4.66935e+09 4.66935e+09 4.66935e+09 4.66935e+09 
0.063 -3.26938 -6.56938 -4.59944 -6.0323 1.06938 20697 3.43579e+16 9.76134e-07 1.22461e-05 3.31699e-21 6.74118e-08 226761 0 0 8.27858e-16 0 0 0.0154593 0 0 0 0 0 0 4.86108e+09 4.86108e+09 4.86108e+09 4.86108e+09 
0.0635 -3.25802 -6.55802 -4.58695 -6.02081 1.05802 21619.2 3.42461e+16 9.77266e-07 1.22395e-05 3.46514e-21 6.71562e-08 227648 0 0 8.67284e-16 0 0 0.0154593 0 0 0 0 0 0 5.05906e+09 5.05906e+09 5.05906e+09 5.05906e+09 
0.064 -3.24661 -6.54661 -4.57442 -6.00928 1.04661 22574.8 3.41352e+16 9.78401e-07 1.2233e-05 3.61886e-21 6.69032e-08 228532 0 0 9.08314e-16 0 0 0.0154593 0 0 0 0 0 0 5.26343e+09 5.26343e+09 5.26343e+09 5.26343e+09 
0.0645 -3.23516 -6.53516 -4.56186 -5.9977 1.03516 23564.6 3.40252e+16 9.79537e-07 1.22267e-05 3.77831e-21 6.66529e-08 229413 0 0 9.51001e-16 0 0 0.0154593 0 0 0 0 0 0 5.47434e+09 5.47434e+09 5.47434e+09 5.47434e+09 
0.065 -3.22367 -6.52367 -4.54926 -5.98608 1.02367 24589.6 3.39161e+16 9.80675e-07 1.22204e-05 3.94365e-21 6.64052e-08 230291 0 0 9.95396e-16 0 0 0.0154593 0 0 0 0 0 0 5.69194e+09 5.69194e+09 5.69194e+09 5.69194e+09 
0.0655 -3.21214 -6.51214 -4.53663 -5.97442 1.01214 25650.6 3.38079e+16 9.81814e-07 1.22143e-05 4.11505e-21 6.61601e-08 231166 0 0 1.04155e-15 0 0 0.0154593 0 0 0 0 0 0 5.91636e+09 5.91636e+09 5.91636e+09 5.91636e+09 
0.066 -3.20056 -6.50056 -4.52396 -5.96272 1.00056 26748.7 3.37005e+16 9.82956e-07 1.22083e-05 4.29268e-21 6.59176e-08 232039 0 0 1.08953e-15 0 0 0.0154593 0 0 0 0 0 0 6.14778e+09 6.14778e+09 6.14778e+09 6.14778e+09 
0.0665 -3.18893 -6.48893 -4.51126 -5.95097 0.988932 27884.8 3.35941e+16 9.84099e-07 1.22024e-05 4.4767e-21 6.56775e-08 232908 0 0 1.13938e-15 0 0 0.0154593 0 0 0 0 0 0 6.38633e+09 6.38633e+09 6.38633e+09 6.38633e+09 
0.067 -3.17726 -6.47726 -4.49852 -5.93918 0.977265 29059.8 3.34884e+16 9.85243e-07 1.21966e-05 4.66729e-21 6.54399e-08 233775 0 0 1.19116e-15 0 0 0.0154593 0 0 0 0 0 0 6.63217e+09 6.63217e+09 6.63217e+09 6.63217e+09 
0.0675 -3.16555 -6.46555 -4.48574 -5.92735 0.965555 30274.7 3.33837e+16 9.8639e-07 1.21909e-05 4.86464e-21 6.52048e-08 234640 0 0 1.24493e-15 0 0 0.0154593 0 0 0 0 0 0 6.88546e+09 6.88546e+09 6.88546e+09 6.88546e+09 
0.068 -3.1538 -6.4538 -4.47294 -5.91547 0.953801 31530.6 3.32797e+16 9.87538e-07 1.21853e-05 5.06891e-21 6.4972e-08 235501 0 0 1.30076e-15 0 0 0.0154593 0 0 0 0 0 0 7.14635e+09 7.14635e+09 7.14635e+09 7.14635e+09 
0.0685 -3.142 -6.442 -4.46009 -5.90355 0.942004 32828.4 3.31766e+16 9.88688e-07 1.21798e-05 5.2803e-21 6.47415e-08 236360 0 0 1.35869e-15 0 0 0.0154593 0 0 0 0 0 0 7.41501e+09 7.41501e+09 7.41501e+09 7.41501e+09 
0.069 -3.13016 -6.43016 -4.44721 -5.89159 0.930165 34169.2 3.30743e+16 9.8984e-07 1.21745e-05 5.49899e-21 6.45134e-08 237217 0 0 1.4188e-15 0 0 0.0154593 0 0 0 0 0 0 7.69158e+09 7.69158e+09 7.69158e+09 7.69158e+09 
0.0695 -3.11828 -6.41828 -4.4343 -5.87959 0.918283 35554 3.29727e+16 9.90993e-07 1.21692e-05 5.72518e-21 6.42875e-08 238070 0 0 1.48115e-15 0 0 0.0154593 0 0 0 0 0 0 7.97624e+09 7.97624e+09 7.97624e+09 7.97624e+09 
0.07 -3.10636 -6.40636 -4.42135 -5.86754 0.906358 36983.8 3.2872e+16 9.92148e-07 1.2164e-05 5.95904e-21 6.40639e-08 238921 0 0 1.5458e-15 0 0 0.0154593 0 0 0 0 0 0 8.26915e+09 8.26915e+09 8.26915e+09 8.26915e+09 
0.0705 -3.09439 -6.39439 -4.40837 -5.85546 0.894391 38459.8 3.2772e+16 9.93305e-07 1.2159e-05 6.20079e-21 6.38425e-08 239770 0 0 1.61282e-15 0 0 0.0154593 0 0 0 0 0 0 8.57046e+09 8.57046e+09 8.57046e+09 8.57046e+09 
0.071 -3.08238 -6.38238 -4.39535 -5.84333 0.882381 39983 3.26728e+16 9.94463e-07 1.2154e-05 6.45062e-21 6.36232e-08 240616 0 0 1.68228e-15 0 0 0.0154593 0 0 0 0 0 0 8.88035e+09 8.88035e+09 8.88035e+09 8.88035e+09 
0.0715 -3.07033 -6.37033 -4.3823 -5.83116 0.870329 41554.5 3.25743e+16 9.95623e-07 1.21491e-05 6.70874e-21 6.34061e-08 241459 0 0 1.75425e-15 0 0 0.0154593 0 0 0 0 0 0 9.19898e+09 9.19898e+09 9.19898e+09 9.19898e+09 
0.072 -3.05824 -6.35824 -4.36921 -5.81895 0.858235 43175.5 3.24766e+16 9.96784e-07 1.21444e-05 6.97534e-21 6.3191e-08 242300 0 0 1.8288e-15 0 0 0.0154593 0 0 0 0 0 0 9.52652e+09 9.52652e+09 9.52652e+09 9.52652e+09 
0.0725 -3.0461 -6.3461 -4.35609 -5.8067 0.846099 44847 3.23796e+16 9.97947e-07 1.21397e-05 7.25064e-21 6.2978e-08 243138 0 0 1.90599e-15 0 0 0.0154593 0 0 0 0 0 0 9.86315e+09 9.86315e+09 9.86315e+09 9.86315e+09 
0.073 -3.03392 -6.33392 -4.34293 -5.7944 0.833921 46570.2 3.22833e+16 9.99112e-07 1.21351e-05 7.53485e-21 6.27671e-08 243974 0 0 1.98591e-15 0 0 0.0154593 0 0 0 0 0 0 1.0209e+10 1.0209e+10 1.0209e+10 1.0209e+10 
0.0735 -3.0217 -6.3217 -4.32974 -5.78207 0.821702 48346.3 3.21877e+16 1.00028e-06 1.21306e-05 7.82819e-21 6.25582e-08 244807 0 0 2.06863e-15 0 0 0.0154593 0 0 0 0 0 0 1.05643e+10 1.05643e+10 1.05643e+10 1.05643e+10 
0.074 -3.00944 -6.30944 -4.31652 -5.76969 0.809441 50176.4 3.20929e+16 1.00145e-06 1.21262e-05 8.13087e-21 6.23512e-08 245638 0 0 2.15422e-15 0 0 0.0154593 0 0 0 0 0 0 1.09292e+10 1.09292e+10 1.09292e+10 1.09292e+10 
0.0745 -2.99714 -6.29714 -4.30325 -5.75727 0.797138 52061.6 3.19987e+16 1.00262e-06 1.21219e-05 8.44312e-21 6.21462e-08 246466 0 0 2.24276e-15 0 0 0.0154593 0 0 0 0 0 0 1.13039e+10 1.13039e+10 1.13039e+10 1.13039e+10 
0.075 -2.98479 -6.28479 -4.28996 -5.74481 0.784794 54003.3 3.19052e+16 1.00379e-06 1.21177e-05 8.76515e-21 6.19431e-08 247292 0 0 2.33432e-15 0 0 0.0154593 0 0 0 0 0 0 1.16885e+10 1.16885e+10 1.16885e+10 1.16885e+10 
0.0755 -2.97241 -6.27241 -4.27663 -5.73232 0.772409 56002.6 3.18124e+16 1.00496e-06 1.21136e-05 9.09721e-21 6.17419e-08 248116 0 0 2.429e-15 0 0 0.0154593 0 0 0 0 0 0 1.20833e+10 1.20833e+10 1.20833e+10 1.20833e+10 
0.076 -2.95998 -6.25998 -4.26327 -5.71978 0.759982 58060.7 3.17203e+16 1.00613e-06 1.21096e-05 9.43951e-21 6.15426e-08 248937 0 0 2.52687e-15 0 0 0.0154593 0 0 0 0 0 0 1.24883e+10 1.24883e+10 1.24883e+10 1.24883e+10 
0.0765 -2.94751 -6.24751 -4.24987 -5.7072 0.747515 60178.9 3.16288e+16 1.00731e-06 1.21056e-05 9.7923e-21 6.13451e-08 249756 0 0 2.62802e-15 0 0 0.0154593 0 0 0 0 0 0 1.29039e+10 1.29039e+10 1.29039e+10 1.29039e+10 
0.077 -2.93501 -6.23501 -4.23644 -5.69458 0.735007 62358.4 3.1538e+16 1.00849e-06 1.21018e-05 1.01558e-20 6.11494e-08 250572 0 0 2.73252e-15 0 0 0.0154593 0 0 0 0 0 0 1.33301e+10 1.33301e+10 1.33301e+10 1.33301e+10 
0.0775 -2.92246 -6.22246 -4.22297 -5.68192 0.722458 64600.5 3.14478e+16 1.00966e-06 1.2098e-05 1.05303e-20 6.09555e-08 251386 0 0 2.84047e-15 0 0 0.0154593 0 0 0 0 0 0 1.37671e+10 1.37671e+10 1.37671e+10 1.37671e+10 
0.078 -2.90987 -6.20987 -4.20947 -5.66921 0.709868 66906.5 3.13582e+16 1.01085e-06 1.20943e-05 1.0916e-20 6.07633e-08 252198 0 0 2.95195e-15 0 0 0.0154593 0 0 0 0 0 0 1.42152e+10 1.42152e+10 1.42152e+10 1.42152e+10 
0.0785 -2.89724 -6.19724 -4.19594 -5.65647 0.697238 69277.6 3.12693e+16 1.01203e-06 1.20907e-05 1.13131e-20 6.05729e-08 253008 0 0 3.06705e-15 0 0 0.0154593 0 0 0 0 0 0 1.46745e+10 1.46745e+10 1.46745e+10 1.46745e+10 
0.079 -2.88457 -6.18457 -4.18237 -5.64369 0.684567 71715.2 3.1181e+16 1.01321e-06 1.20871e-05 1.17219e-20 6.03842e-08 253815 0 0 3.18586e-15 0 0 0.0154593 0 0 0 0 0 0 1.51453e+10 1.51453e+10 1.51453e+10 1.51453e+10 
0.0795 -2.87186 -6.17186 -4.16877 -5.63087 0.671856 74220.5 3.10933e+16 1.01439e-06 1.20837e-05 1.21427e-20 6.01971e-08 254620 0 0 3.30847e-15 0 0 0.0154593 0 0 0 0 0 0 1.56276e+10 1.56276e+10 1.56276e+10 1.56276e+10 
0.08 -2.85911 -6.15911 -4.15513 -5.61801 0.659105 76795 3.10062e+16 1.01558e-06 1.20803e-05 1.25757e-20 6.00118e-08 255422 0 0 3.43498e-15 0 0 0.0154593 0 0 0 0 0 0 1.61216e+10 1.61216e+10 1.61216e+10 1.61216e+10 
0.0805 -2.84631 -6.14631 -4.14146 -5.60511 0.646314 79439.9 3.09197e+16 1.01677e-06 1.2077e-05 1.30212e-20 5.9828e-08 256223 0 0 3.56548e-15 0 0 0.0154593 0 0 0 0 0 0 1.66277e+10 1.66277e+10 1.66277e+10 1.66277e+10 
0.081 -2.83348 -6.13348 -4.12775 -5.59217 0.633483 82156.6 3.08338e+16 1.01796e-06 1.20738e-05 1.34794e-20 5.96459e-08 257021 0 0 3.70007e-15 0 0 0.0154593 0 0 0 0 0 0 1.71459e+10 1.71459e+10 1.71459e+10 1.71459e+10 
0.0815 -2.82061 -6.12061 -4.11401 -5.57919 0.620612 84946.5 3.07485e+16 1.01915e-06 1.20706e-05 1.39506e-20 5.94653e-08 257817 0 0 3.83885e-15 0 0 0.0154593 0 0 0 0 0 0 1.76764e+10 1.76764e+10 1.76764e+10 1.76764e+10 
0.082 -2.8077 -6.1077 -4.10024 -5.56618 0.607701 87810.9 3.06638e+16 1.02034e-06 1.20675e-05 1.44351e-20 5.92864e-08 258611 0 0 3.9819e-15 0 0 0.0154593 0 0 0 0 0 0 1.82195e+10 1.82195e+10 1.82195e+10 1.82195e+10 
0.0825 -2.79475 -6.09475 -4.08644 -5.55312 0.594751 90751.3 3.05796e+16 1.02153e-06 1.20645e-05 1.49332e-20 5.91089e-08 259402 0 0 4.12935e-15 0 0 0.0154593 0 0 0 0 0 0 1.87753e+10 1.87753e+10 1.87753e+10 1.87753e+10 
0.083 -2.78176 -6.08176 -4.0726 -5.54002 0.581761 93769 3.0496e+16 1.02273e-06 1.20616e-05 1.5445e-20 5.8933e-08 260192 0 0 4.28128e-15 0 0 0.0154593 0 0 0 0 0 0 1.93441e+10 1.93441e+10 1.93441e+10 1.93441e+10 
0.0835 -2.76873 -6.06873 -4.05872 -5.52689 0.568732 96865.6 3.04129e+16 1.02393e-06 1.20588e-05 1.5971e-20 5.87587e-08 260979 0 0 4.4378e-15 0 0 0.0154593 0 0 0 0 0 0 1.99259e+10 1.99259e+10 1.99259e+10 1.99259e+10 
0.084 -2.75566 -6.05566 -4.04482 -5.51371 0.555663 100042 3.03304e+16 1.02512e-06 1.2056e-05 1.65113e-20 5.85857e-08 261764 0 0 4.59903e-15 0 0 0.0154593 0 0 0 0 0 0 2.05211e+10 2.05211e+10 2.05211e+10 2.05211e+10 
0.0845 -2.74256 -6.04256 -4.03088 -5.5005 0.542556 103301 3.02485e+16 1.02632e-06 1.20533e-05 1.70663e-20 5.84143e-08 262547 0 0 4.76505e-15 0 0 0.0154593 0 0 0 0 0 0 2.11298e+10 2.11298e+10 2.11298e+10 2.11298e+10 
0.085 -2.72941 -6.02941 -4.0169 -5.48725 0.529409 106642 3.0167e+16 1.02752e-06 1.20506e-05 1.76363e-20 5.82443e-08 263328 0 0 4.93599e-15 0 0 0.0154593 0 0 0 0 0 0 2.17522e+10 2.17522e+10 2.17522e+10 2.17522e+10 
0.0855 -2.71622 -6.01622 -4.0029 -5.47396 0.516223 110068 3.00862e+16 1.02872e-06 1.20481e-05 1.82215e-20 5.80757e-08 264107 0 0 5.11195e-15 0 0 0.0154593 0 0 0 0 0 0 2.23884e+10 2.23884e+10 2.23884e+10 2.23884e+10 
0.086 -2.703 -6.003 -3.98885 -5.46063 0.502998 113580 3.00058e+16 1.02993e-06 1.20456e-05 1.88223e-20 5.79086e-08 264883 0 0 5.29305e-15 0 0 0.0154593 0 0 0 0 0 0 2.30388e+10 2.30388e+10 2.30388e+10 2.30388e+10 
0.0865 -2.68973 -5.98973 -3.97478 -5.44726 0.489734 117180 2.99259e+16 1.03113e-06 1.20431e-05 1.94389e-20 5.77428e-08 265658 0 0 5.4794e-15 0 0 0.0154593 0 0 0 0 0 0 2.37035e+10 2.37035e+10 2.37035e+10 2.37035e+10 
0.087 -2.67643 -5.97643 -3.96067 -5.43386 0.476432 120869 2.98466e+16 1.03234e-06 1.20408e-05 2.00717e-20 5.75784e-08 266430 0 0 5.67111e-15 0 0 0.0154593 0 0 0 0 0 0 2.43827e+10 2.43827e+10 2.43827e+10 2.43827e+10 
0.0875 -2.66309 -5.96309 -3.94653 -5.42041 0.463091 124648 2.97678e+16 1.03355e-06 1.20385e-05 2.07209e-20 5.74153e-08 267201 0 0 5.8683e-15 0 0 0.0154593 0 0 0 0 0 0 2.50765e+10 2.50765e+10 2.50765e+10 2.50765e+10 
0.088 -2.64971 -5.94971 -3.93236 -5.40693 0.449712 128519 2.96894e+16 1.03476e-06 1.20362e-05 2.13868e-20 5.72536e-08 267969 0 0 6.07109e-15 0 0 0.0154593 0 0 0 0 0 0 2.57853e+10 2.57853e+10 2.57853e+10 2.57853e+10 
0.0885 -2.63629 -5.93629 -3.91815 -5.39341 0.436294 132484 2.96116e+16 1.03597e-06 1.20341e-05 2.20698e-20 5.70932e-08 268736 0 0 6.2796e-15 0 0 0.0154593 0 0 0 0 0 0 2.65092e+10 2.65092e+10 2.65092e+10 2.65092e+10 
0.089 -2.62284 -5.92284 -3.90391 -5.37985 0.422839 136544 2.95342e+16 1.03718e-06 1.2032e-05 2.27702e-20 5.69341e-08 269500 0 0 6.49395e-15 0 0 0.0154593 0 0 0 0 0 0 2.72483e+10 2.72483e+10 2.72483e+10 2.72483e+10 
0.0895 -2.60934 -5.90934 -3.88964 -5.36626 0.409344 140701 2.94574e+16 1.03839e-06 1.20299e-05 2.34883e-20 5.67763e-08 270263 0 0 6.71426e-15 0 0 0.0154593 0 0 0 0 0 0 2.8003e+10 2.8003e+10 2.8003e+10 2.8003e+10 
0.09 -2.59581 -5.89581 -3.87533 -5.35263 0.395812 144956 2.9381e+16 1.0396e-06 1.20279e-05 2.42245e-20 5.66198e-08 271023 0 0 6.94065e-15 0 0 0.0154593 0 0 0 0 0 0 2.87734e+10 2.87734e+10 2.87734e+10 2.87734e+10 
0.0905 -2.58224 -5.88224 -3.86099 -5.33896 0.382242 149311 2.93051e+16 1.04082e-06 1.2026e-05 2.49789e-20 5.64645e-08 271782 0 0 7.17327e-15 0 0 0.0154593 0 0 0 0 0 0 2.95597e+10 2.95597e+10 2.95597e+10 2.95597e+10 
0.091 -2.56863 -5.86863 -3.84662 -5.32525 0.368634 153768 2.92296e+16 1.04204e-06 1.20242e-05 2.5752e-20 5.63104e-08 272538 0 0 7.41222e-15 0 0 0.0154593 0 0 0 0 0 0 3.03621e+10 3.03621e+10 3.03621e+10 3.03621e+10 
0.0915 -2.55499 -5.85499 -3.83221 -5.3115 0.354988 158327 2.91547e+16 1.04326e-06 1.20224e-05 2.65442e-20 5.61576e-08 273293 0 0 7.65764e-15 0 0 0.0154593 0 0 0 0 0 0 3.11808e+10 3.11808e+10 3.11808e+10 3.11808e+10 
0.092 -2.5413 -5.8413 -3.81778 -5.29772 0.341305 162991 2.90801e+16 1.04448e-06 1.20206e-05 2.73556e-20 5.6006e-08 274046 0 0 7.90967e-15 0 0 0.0154593 0 0 0 0 0 0 3.2016e+10 3.2016e+10 3.2016e+10 3.2016e+10 
0.0925 -2.52758 -5.82758 -3.80331 -5.2839 0.327584 167762 2.90061e+16 1.0457e-06 1.2019e-05 2.81867e-20 5.58556e-08 274797 0 0 8.16843e-15 0 0 0.0154593 0 0 0 0 0 0 3.2868e+10 3.2868e+10 3.2868e+10 3.2868e+10 
0.093 -2.51383 -5.81383 -3.7888 -5.27004 0.313825 172640 2.89325e+16 1.04692e-06 1.20173e-05 2.90378e-20 5.57063e-08 275545 0 0 8.43406e-15 0 0 0.0154593 0 0 0 0 0 0 3.37369e+10 3.37369e+10 3.37369e+10 3.37369e+10 
0.0935 -2.50003 -5.80003 -3.77427 -5.25615 0.300029 177628 2.88593e+16 1.04814e-06 1.20158e-05 2.99093e-20 5.55582e-08 276292 0 0 8.70669e-15 0 0 0.0154593 0 0 0 0 0 0 3.46229e+10 3.46229e+10 3.46229e+10 3.46229e+10 
0.094 -2.4862 -5.7862 -3.7597 -5.24222 0.286196 182727 2.87866e+16 1.04937e-06 1.20143e-05 3.08014e-20 5.54112e-08 277037 0 0 8.98647e-15 0 0 0.0154593 0 0 0 0 0 0 3.55263e+10 3.55263e+10 3.55263e+10 3.55263e+10 
0.0945 -2.47233 -5.77233 -3.7451 -5.22825 0.272325 187939 2.87143e+16 1.05059e-06 1.20128e-05 3.17146e-20 5.52654e-08 277781 0 0 9.27353e-15 0 0 0.0154593 0 0 0 0 0 0 3.64472e+10 3.64472e+10 3.64472e+10 3.64472e+10 
0.095 -2.45842 -5.75842 -3.73046 -5.21424 0.258418 193265 2.86424e+16 1.05182e-06 1.20114e-05 3.26492e-20 5.51207e-08 278522 0 0 9.56802e-15 0 0 0.0154593 0 0 0 0 0 0 3.73859e+10 3.73859e+10 3.73859e+10 3.73859e+10 
0.0955 -2.44447 -5.74447 -3.7158 -5.2002 0.244473 198707 2.8571e+16 1.05305e-06 1.20101e-05 3.36054e-20 5.49771e-08 279261 0 0 9.87007e-15 0 0 0.0154593 0 0 0 0 0 0 3.83425e+10 3.83425e+10 3.83425e+10 3.83425e+10 
0.096 -2.43049 -5.73049 -3.7011 -5.18612 0.230492 204268 2.85e+16 1.05428e-06 1.20088e-05 3.45838e-20 5.48346e-08 279999 0 0 1.01798e-14 0 0 0.0154593 0 0 0 0 0 0 3.93173e+10 3.93173e+10 3.93173e+10 3.93173e+10 
0.0965 -2.41647 -5.71647 -3.68636 -5.17201 0.216473 209948 2.84294e+16 1.05551e-06 1.20076e-05 3.55847e-20 5.46932e-08 280735 0 0 1.04974e-14 0 0 0.0154593 0 0 0 0 0 0 4.03105e+10 4.03105e+10 4.03105e+10 4.03105e+10 
0.097 -2.40242 -5.70242 -3.6716 -5.15786 0.202418 215749 2.83592e+16 1.05674e-06 1.20064e-05 3.66083e-20 5.45529e-08 281469 0 0 1.08231e-14 0 0 0.0154593 0 0 0 0 0 0 4.13223e+10 4.13223e+10 4.13223e+10 4.13223e+10 
0.0975 -2.38833 -5.68833 -3.65681 -5.14367 0.188326 221673 2.82894e+16 1.05798e-06 1.20053e-05 3.76552e-20 5.44136e-08 282201 0 0 1.11568e-14 0 0 0.0154593 0 0 0 0 0 0 4.23529e+10 4.23529e+10 4.23529e+10 4.23529e+10 
0.098 -2.3742 -5.6742 -3.64198 -5.12945 0.174198 227722 2.822e+16 1.05921e-06 1.20042e-05 3.87255e-20 5.42753e-08 282931 0 0 1.14989e-14 0 0 0.0154593 0 0 0 0 0 0 4.34024e+10 4.34024e+10 4.34024e+10 4.34024e+10 
0.0985 -2.36003 -5.66003 -3.62712 -5.11519 0.160033 233897 2.8151e+16 1.06045e-06 1.20032e-05 3.98198e-20 5.41381e-08 283660 0 0 1.18495e-14 0 0 0.0154593 0 0 0 0 0 0 4.44712e+10 4.44712e+10 4.44712e+10 4.44712e+10 
0.099 -2.34583 -5.64583 -3.61222 -5.10089 0.145832 240201 2.80825e+16 1.06168e-06 1.20023e-05 4.09384e-20 5.40019e-08 284387 0 0 1.22086e-14 0 0 0.0154593 0 0 0 0 0 0 4.55594e+10 4.55594e+10 4.55594e+10 4.55594e+10 
0.0995 -2.33159 -5.63159 -3.5973 -5.08656 0.131595 246634 2.80143e+16 1.06292e-06 1.20013e-05 4.20817e-20 5.38666e-08 285112 0 0 1.25765e-14 0 0 0.0154593 0 0 0 0 0 0 4.66672e+10 4.66672e+10 4.66672e+10 4.66672e+10 
0.1 -2.31732 -5.61732 -3.58234 -5.07219 0.117321 253199 2.79465e+16 1.06416e-06 1.20005e-05 4.325e-20 5.37324e-08 285835 0 0 1.29534e-14 0 0 0.0154593 0 0 0 0 0 0 4.77948e+10 4.77948e+10 4.77948e+10 4.77948e+10 
0.1005 -2.30301 -5.60301 -3.56735 -5.05779 0.103011 259897 2.78791e+16 1.0654e-06 1.19997e-05 4.44437e-20 5.35992e-08 286557 0 0 1.33393e-14 0 0 0.0154593 0 0 0 0 0 0 4.89425e+10 4.89425e+10 4.89425e+10 4.89425e+10 
0.101 -2.28867 -5.58867 -3.55233 -5.04335 0.0886651 266731 2.7812e+16 1.06665e-06 1.19989e-05 4.56632e-20 5.34669e-08 287277 0 0 1.37344e-14 0 0 0.0154593 0 0 0 0 0 0 5.01104e+10 5.01104e+10 5.01104e+10 5.01104e+10 
0.1015 -2.27428 -5.57428 -3.53728 -5.02888 0.0742833 273701 2.77454e+16 1.06789e-06 1.19982e-05 4.69089e-20 5.33356e-08 287995 0 0 1.4139e-14 0 0 0.0154593 0 0 0 0 0 0 5.12987e+10 5.12987e+10 5.12987e+10 5.12987e+10 
0.102 -2.25987 -5.55987 -3.5222 -5.01437 0.0598657 280810 2.76791e+16 1.06913e-06 1.19975e-05 4.81813e-20 5.32053e-08 288711 0 0 1.45532e-14 0 0 0.0154593 0 0 0 0 0 0 5.25078e+10 5.25078e+10 5.25078e+10 5.25078e+10 
0.1025 -2.24541 -5.54541 -3.50708 -4.99982 0.0454122 288060 2.76132e+16 1.07038e-06 1.19969e-05 4.94806e-20 5.30759e-08 289426 0 0 1.4977e-14 0 0 0.0154593 0 0 0 0 0 0 5.37377e+10 5.37377e+10 5.37377e+10 5.37377e+10 
0.103 -2.23092 -5.53092 -3.49193 -4.98524 0.0309231 295451 2.75477e+16 1.07163e-06 1.19964e-05 5.08072e-20 5.29474e-08 290139 0 0 1.54108e-14 0 0 0.0154593 0 0 0 0 0 0 5.49886e+10 5.49886e+10 5.49886e+10 5.49886e+10 
0.1035 -2.2164 -5.5164 -3.47675 -4.97062 0.0163984 302987 2.74825e+16 1.07288e-06 1.19958e-05 5.21617e-20 5.28198e-08 290850 0 0 1.58547e-14 0 0 0.0154593 0 0 0 0 0 0 5.62609e+10 5.62609e+10 5.62609e+10 5.62609e+10 
0.104 -2.20184 -5.50184 -3.46154 -4.95597 0.0018381 310669 2.74177e+16 1.07413e-06 1.19954e-05 5.35443e-20 5.26931e-08 291560 0 0 1.63088e-14 0 0 0.0154593 0 0 0 0 0 0 5.75546e+10 5.75546e+10 5.75546e+10 5.75546e+10 
0.1045 -2.18724 -5.48724 -3.4463 -4.94129 -0.0127576 318498 2.73532e+16 1.07538e-06 1.19949e-05 5.49555e-20 5.25674e-08 292267 0 0 1.67733e-14 0 0 0.0154593 0 0 0 0 0 0 5.88701e+10 5.88701e+10 5.88701e+10 5.88701e+10 
0.105 -2.17261 -5.47261 -3.43102 -4.92656 -0.0273886 326477 2.72891e+16 1.07663e-06 1.19945e-05 5.63957e-20 5.24425e-08 292974 0 0 1.72484e-14 0 0 0.0154593 0 0 0 0 0 0 6.02074e+10 6.02074e+10 6.02074e+10 6.02074e+10 
0.1055 -2.15795 -5.45795 -3.41572 -4.91181 -0.042055 334607 2.72253e+16 1.07788e-06 1.19942e-05 5.78653e-20 5.23185e-08 293678 0 0 1.77343e-14 0 0 0.0154593 0 0 0 0 0 0 6.15668e+10 6.15668e+10 6.15668e+10 6.15668e+10 
0.106 -2.14324 -5.44324 -3.40038 -4.89702 -0.0567565 342890 2.71619e+16 1.07914e-06 1.19939e-05 5.93646e-20 5.21953e-08 294381 0 0 1.82311e-14 0 0 0.0154593 0 0 0 0 0 0 6.29486e+10 6.29486e+10 6.29486e+10 6.29486e+10 
0.1065 -2.12851 -5.42851 -3.38501 -4.88219 -0.0714931 351329 2.70988e+16 1.08039e-06 1.19937e-05 6.08942e-20 5.2073e-08 295083 0 0 1.87391e-14 0 0 0.0154593 0 0 0 0 0 0 6.43529e+10 6.43529e+10 6.43529e+10 6.43529e+10 
0.107 -2.11374 -5.41374 -3.36961 -4.86733 -0.0862647 359923 2.70361e+16 1.08165e-06 1.19935e-05 6.24545e-20 5.19516e-08 295782 0 0 1.92583e-14 0 0 0.0154593 0 0 0 0 0 0 6.57799e+10 6.57799e+10 6.57799e+10 6.57799e+10 
0.1075 -2.09893 -5.39893 -3.35418 -4.85243 -0.101071 368677 2.69737e+16 1.0829e-06 1.19933e-05 6.40457e-20 5.1831e-08 296480 0 0 1.97891e-14 0 0 0.0154593 0 0 0 0 0 0 6.72298e+10 6.72298e+10 6.72298e+10 6.72298e+10 
0.108 -2.08409 -5.38409 -3.33872 -4.8375 -0.115913 377591 2.69116e+16 1.08416e-06 1.19932e-05 6.56685e-20 5.17112e-08 297177 0 0 2.03315e-14 0 0 0.0154593 0 0 0 0 0 0 6.87029e+10 6.87029e+10 6.87029e+10 6.87029e+10 
0.1085 -2.06921 -5.36921 -3.32322 -4.82254 -0.130789 386667 2.68499e+16 1.08542e-06 1.19931e-05 6.73231e-20 5.15923e-08 297872 0 0 2.08858e-14 0 0 0.0154593 0 0 0 0 0 0 7.01993e+10 7.01993e+10 7.01993e+10 7.01993e+10 
0.109 -2.0543 -5.3543 -3.3077 -4.80754 -0.1457 395908 2.67885e+16 1.08668e-06 1.19931e-05 6.90101e-20 5.14742e-08 298565 0 0 2.14521e-14 0 0 0.0154593 0 0 0 0 0 0 7.17193e+10 7.17193e+10 7.17193e+10 7.17193e+10 
0.1095 -2.03935 -5.33935 -3.29214 -4.7925 -0.160646 405315 2.67274e+16 1.08795e-06 1.19931e-05 7.07298e-20 5.13568e-08 299257 0 0 2.20306e-14 0 0 0.0154593 0 0 0 0 0 0 7.3263e+10 7.3263e+10 7.3263e+10 7.3263e+10 
0.11 -2.02437 -5.32437 -3.27655 -4.77744 -0.175626 414889 2.66666e+16 1.08921e-06 1.19931e-05 7.24827e-20 5.12403e-08 299947 0 0 2.26216e-14 0 0 0.0154593 0 0 0 0 0 0 7.48307e+10 7.48307e+10 7.48307e+10 7.48307e+10 
0.1105 -2.00936 -5.30936 -3.26094 -4.76233 -0.19064 424633 2.66062e+16 1.09047e-06 1.19932e-05 7.42692e-20 5.11245e-08 300635 0 0 2.32252e-14 0 0 0.0154593 0 0 0 0 0 0 7.64225e+10 7.64225e+10 7.64225e+10 7.64225e+10 
0.111 -1.99431 -5.29431 -3.24529 -4.7472 -0.205689 434549 2.65461e+16 1.09174e-06 1.19934e-05 7.60897e-20 5.10095e-08 301322 0 0 2.38416e-14 0 0 0.0154593 0 0 0 0 0 0 7.80386e+10 7.80386e+10 7.80386e+10 7.80386e+10 
0.1115 -1.97923 -5.27923 -3.22961 -4.73203 -0.220772 444639 2.64862e+16 1.09301e-06 1.19935e-05 7.79447e-20 5.08953e-08 302008 0 0 2.44709e-14 0 0 0.0154593 0 0 0 0 0 0 7.96794e+10 7.96794e+10 7.96794e+10 7.96794e+10 
0.112 -1.96411 -5.26411 -3.21389 -4.71682 -0.23589 454903 2.64267e+16 1.09427e-06 1.19938e-05 7.98347e-20 5.07819e-08 302692 0 0 2.51135e-14 0 0 0.0154593 0 0 0 0 0 0 8.13449e+10 8.13449e+10 8.13449e+10 8.13449e+10 
0.1125 -1.94896 -5.24896 -3.19815 -4.70159 -0.251042 465345 2.63675e+16 1.09554e-06 1.1994e-05 8.176e-20 5.06692e-08 303374 0 0 2.57695e-14 0 0 0.0154593 0 0 0 0 0 0 8.30353e+10 8.30353e+10 8.30353e+10 8.30353e+10 
0.113 -1.93377 -5.23377 -3.18238 -4.68631 -0.266227 475966 2.63086e+16 1.09681e-06 1.19943e-05 8.37211e-20 5.05572e-08 304055 0 0 2.64391e-14 0 0 0.0154593 0 0 0 0 0 0 8.47509e+10 8.47509e+10 8.47509e+10 8.47509e+10 
0.1135 -1.91855 -5.21855 -3.16658 -4.67101 -0.281447 486769 2.625e+16 1.09808e-06 1.19946e-05 8.57185e-20 5.0446e-08 304734 0 0 2.71225e-14 0 0 0.0154593 0 0 0 0 0 0 8.64919e+10 8.64919e+10 8.64919e+10 8.64919e+10 
0.114 -1.9033 -5.2033 -3.15074 -4.65567 -0.296701 497754 2.61917e+16 1.09936e-06 1.1995e-05 8.77526e-20 5.03355e-08 305412 0 0 2.78199e-14 0 0 0.0154593 0 0 0 0 0 0 8.82585e+10 8.82585e+10 8.82585e+10 8.82585e+10 
0.1145 -1.88801 -5.18801 -3.13488 -4.6403 -0.311988 508923 2.61337e+16 1.10063e-06 1.19954e-05 8.98238e-20 5.02258e-08 306088 0 0 2.85316e-14 0 0 0.0154593 0 0 0 0 0 0 9.00507e+10 9.00507e+10 9.00507e+10 9.00507e+10 
0.115 -1.87269 -5.17269 -3.11898 -4.62489 -0.32731 520280 2.6076e+16 1.1019e-06 1.19959e-05 9.19327e-20 5.01167e-08 306763 0 0 2.92576e-14 0 0 0.0154593 0 0 0 0 0 0 9.1869e+10 9.1869e+10 9.1869e+10 9.1869e+10 
0.1155 -1.85734 -5.15734 -3.10306 -4.60945 -0.342665 531825 2.60186e+16 1.10318e-06 1.19963e-05 9.40796e-20 5.00084e-08 307437 0 0 2.99982e-14 0 0 0.0154593 0 0 0 0 0 0 9.37134e+10 9.37134e+10 9.37134e+10 9.37134e+10 
0.116 -1.84195 -5.14195 -3.0871 -4.59398 -0.358053 543561 2.59615e+16 1.10446e-06 1.19969e-05 9.6265e-20 4.99008e-08 308108 0 0 3.07537e-14 0 0 0.0154593 0 0 0 0 0 0 9.55842e+10 9.55842e+10 9.55842e+10 9.55842e+10 
0.1165 -1.82652 -5.12652 -3.07111 -4.57847 -0.373475 555489 2.59046e+16 1.10573e-06 1.19974e-05 9.84894e-20 4.97938e-08 308779 0 0 3.15243e-14 0 0 0.0154593 0 0 0 0 0 0 9.74815e+10 9.74815e+10 9.74815e+10 9.74815e+10 
0.117 -1.81107 -5.11107 -3.05509 -4.56293 -0.388931 567611 2.5848e+16 1.10701e-06 1.1998e-05 1.00753e-19 4.96875e-08 309448 0 0 3.23101e-14 0 0 0.0154593 0 0 0 0 0 0 9.94055e+10 9.94055e+10 9.94055e+10 9.94055e+10 
0.1175 -1.79558 -5.09558 -3.03905 -4.54736 -0.40442 579930 2.57918e+16 1.10829e-06 1.19986e-05 1.03057e-19 4.9582e-08 310115 0 0 3.31113e-14 0 0 0.0154593 0 0 0 0 0 0 1.01356e+11 1.01356e+11 1.01356e+11 1.01356e+11 
0.118 -1.78006 -5.08006 -3.02297 -4.53175 -0.419943 592447 2.57358e+16 1.10957e-06 1.19993e-05 1.05401e-19 4.94771e-08 310781 0 0 3.39283e-14 0 0 0.0154593 0 0 0 0 0 0 1.03335e+11 1.03335e+11 1.03335e+11 1.03335e+11 
0.1185 -1.7645 -5.0645 -3.00686 -4.51611 -0.435498 605163 2.568e+16 1.11085e-06 1.2e-05 1.07786e-19 4.93728e-08 311446 0 0 3.47612e-14 0 0 0.0154593 0 0 0 0 0 0 1.0534e+11 1.0534e+11 1.0534e+11 1.0534e+11 
0.119 -1.74891 -5.04891 -2.99072 -4.50044 -0.451087 618082 2.56246e+16 1.11214e-06 1.20008e-05 1.10212e-19 4.92692e-08 312109 0 0 3.56101e-14 0 0 0.0154593 0 0 0 0 0 0 1.07373e+11 1.07373e+11 1.07373e+11 1.07373e+11 
0.1195 -1.73329 -5.03329 -2.97455 -4.48473 -0.466709 631204 2.55694e+16 1.11342e-06 1.20015e-05 1.1268e-19 4.91663e-08 312770 0 0 3.64755e-14 0 0 0.0154593 0 0 0 0 0 0 1.09434e+11 1.09434e+11 1.09434e+11 1.09434e+11 
0.12 -1.71764 -5.01764 -2.95835 -4.469 -0.482364 644532 2.55145e+16 1.11471e-06 1.20023e-05 1.15191e-19 4.9064e-08 313431 0 0 3.73574e-14 0 0 0.0154593 0 0 0 0 0 0 1.11522e+11 1.11522e+11 1.11522e+11 1.11522e+11 
0.1205 -1.70195 -5.00195 -2.94213 -4.45323 -0.498052 658068 2.54598e+16 1.11599e-06 1.20032e-05 1.17744e-19 4.89623e-08 314090 0 0 3.82561e-14 0 0 0.0154593 0 0 0 0 0 0 1.13639e+11 1.13639e+11 1.13639e+11 1.13639e+11 
0.121 -1.68623 -4.98623 -2.92587 -4.43742 -0.513773 671814 2.54055e+16 1.11728e-06 1.20041e-05 1.2034e-19 4.88613e-08 314747 0 0 3.91718e-14 0 0 0.0154593 0 0 0 0 0 0 1.15784e+11 1.15784e+11 1.15784e+11 1.15784e+11 
0.1215 -1.67047 -4.97047 -2.90958 -4.42159 -0.529527 685770 2.53513e+16 1.11857e-06 1.2005e-05 1.2298e-19 4.87609e-08 315403 0 0 4.01048e-14 0 0 0.0154593 0 0 0 0 0 0 1.17957e+11 1.17957e+11 1.17957e+11 1.17957e+11 
0.122 -1.65469 -4.95469 -2.89326 -4.40572 -0.545314 699941 2.52975e+16 1.11986e-06 1.20059e-05 1.25664e-19 4.86612e-08 316058 0 0 4.10552e-14 0 0 0.0154593 0 0 0 0 0 0 1.20159e+11 1.20159e+11 1.20159e+11 1.20159e+11 
0.1225 -1.63887 -4.93887 -2.87691 -4.38982 -0.561133 714326 2.52439e+16 1.12115e-06 1.20069e-05 1.28393e-19 4.8562e-08 316711 0 0 4.20233e-14 0 0 0.0154593 0 0 0 0 0 0 1.2239e+11 1.2239e+11 1.2239e+11 1.2239e+11 
0.123 -1.62302 -4.92302 -2.86053 -4.37389 -0.576985 728929 2.51905e+16 1.12244e-06 1.20079e-05 1.31167e-19 4.84635e-08 317363 0 0 4.30094e-14 0 0 0.0154593 0 0 0 0 0 0 1.2465e+11 1.2465e+11 1.2465e+11 1.2465e+11 
0.1235 -1.60713 -4.90713 -2.84412 -4.35792 -0.592869 743750 2.51374e+16 1.12373e-06 1.20089e-05 1.33986e-19 4.83655e-08 318013 0 0 4.40136e-14 0 0 0.0154593 0 0 0 0 0 0 1.26939e+11 1.26939e+11 1.26939e+11 1.26939e+11 
0.124 -1.59121 -4.89121 -2.82769 -4.34192 -0.608786 758793 2.50846e+16 1.12502e-06 1.201e-05 1.36852e-19 4.82682e-08 318662 0 0 4.50362e-14 0 0 0.0154593 0 0 0 0 0 0 1.29257e+11 1.29257e+11 1.29257e+11 1.29257e+11 
0.1245 -1.57526 -4.87526 -2.81122 -4.32589 -0.624735 774059 2.5032e+16 1.12632e-06 1.20111e-05 1.39764e-19 4.81714e-08 319310 0 0 4.60775e-14 0 0 0.0154593 0 0 0 0 0 0 1.31605e+11 1.31605e+11 1.31605e+11 1.31605e+11 
0.125 -1.55928 -4.85928 -2.79472 -4.30983 -0.640717 789549 2.49797e+16 1.12761e-06 1.20123e-05 1.42723e-19 4.80753e-08 319957 0 0 4.71376e-14 0 0 0.0154593 0 0 0 0 0 0 1.33983e+11 1.33983e+11 1.33983e+11 1.33983e+11 
0.1255 -1.54327 -4.84327 -2.77819 -4.29374 -0.656731 805267 2.49276e+16 1.12891e-06 1.20134e-05 1.4573e-19 4.79797e-08 320602 0 0 4.82169e-14 0 0 0.0154593 0 0 0 0 0 0 1.36391e+11 1.36391e+11 1.36391e+11 1.36391e+11 
0.126 -1.52722 -4.82722 -2.76164 -4.27761 -0.672777 821213 2.48757e+16 1.13021e-06 1.20146e-05 1.48784e-19 4.78846e-08 321245 0 0 4.93155e-14 0 0 0.0154593 0 0 0 0 0 0 1.38829e+11 1.38829e+11 1.38829e+11 1.38829e+11 
0.1265 -1.51114 -4.81114 -2.74505 -4.26145 -0.688856 837389 2.48241e+16 1.1315e-06 1.20159e-05 1.51888e-19 4.77902e-08 321888 0 0 5.04337e-14 0 0 0.0154593 0 0 0 0 0 0 1.41297e+11 1.41297e+11 1.41297e+11 1.41297e+11 
0.127 -1.49503 -4.79503 -2.72843 -4.24526 -0.704966 853798 2.47727e+16 1.1328e-06 1.20171e-05 1.5504e-19 4.76963e-08 322529 0 0 5.15717e-14 0 0 0.0154593 0 0 0 0 0 0 1.43796e+11 1.43796e+11 1.43796e+11 1.43796e+11 
0.1275 -1.47889 -4.77889 -2.71179 -4.22904 -0.721108 870441 2.47216e+16 1.1341e-06 1.20184e-05 1.58242e-19 4.7603e-08 323169 0 0 5.27298e-14 0 0 0.0154593 0 0 0 0 0 0 1.46325e+11 1.46325e+11 1.46325e+11 1.46325e+11 
0.128 -1.46272 -4.76272 -2.69512 -4.21279 -0.737283 887321 2.46707e+16 1.13541e-06 1.20197e-05 1.61494e-19 4.75102e-08 323807 0 0 5.39082e-14 0 0 0.0154593 0 0 0 0 0 0 1.48885e+11 1.48885e+11 1.48885e+11 1.48885e+11 
0.1285 -1.44651 -4.74651 -2.67841 -4.1965 -0.753489 904438 2.46201e+16 1.13671e-06 1.20211e-05 1.64797e-19 4.7418e-08 324444 0 0 5.51072e-14 0 0 0.0154593 0 0 0 0 0 0 1.51476e+11 1.51476e+11 1.51476e+11 1.51476e+11 
0.129 -1.43027 -4.73027 -2.66168 -4.18018 -0.769727 921796 2.45696e+16 1.13801e-06 1.20225e-05 1.68151e-19 4.73263e-08 325080 0 0 5.6327e-14 0 0 0.0154593 0 0 0 0 0 0 1.54099e+11 1.54099e+11 1.54099e+11 1.54099e+11 
0.1295 -1.414 -4.714 -2.64492 -4.16384 -0.785997 939395 2.45194e+16 1.13932e-06 1.20239e-05 1.71556e-19 4.72352e-08 325714 0 0 5.75679e-14 0 0 0.0154593 0 0 0 0 0 0 1.56752e+11 1.56752e+11 1.56752e+11 1.56752e+11 
0.13 -1.3977 -4.6977 -2.62812 -4.14746 -0.802299 957239 2.44695e+16 1.14062e-06 1.20253e-05 1.75013e-19 4.71445e-08 326347 0 0 5.88301e-14 0 0 0.0154593 0 0 0 0 0 0 1.59437e+11 1.59437e+11 1.59437e+11 1.59437e+11 
0.1305 -1.38137 -4.68137 -2.6113 -4.13104 -0.818632 975328 2.44197e+16 1.14193e-06 1.20268e-05 1.78523e-19 4.70545e-08 326979 0 0 6.01139e-14 0 0 0.0154593 0 0 0 0 0 0 1.62154e+11 1.62154e+11 1.62154e+11 1.62154e+11 
0.131 -1.365 -4.665 -2.59445 -4.1146 -0.834997 993664 2.43702e+16 1.14323e-06 1.20283e-05 1.82086e-19 4.69649e-08 327610 0 0 6.14195e-14 0 0 0.0154593 0 0 0 0 0 0 1.64903e+11 1.64903e+11 1.64903e+11 1.64903e+11 
0.1315 -1.34861 -4.64861 -2.57758 -4.09813 -0.851393 1.01225e+06 2.43209e+16 1.14454e-06 1.20298e-05 1.85702e-19 4.68759e-08 328239 0 0 6.27472e-14 0 0 0.0154593 0 0 0 0 0 0 1.67684e+11 1.67684e+11 1.67684e+11 1.67684e+11 
0.132 -1.33218 -4.63218 -2.56067 -4.08162 -0.867821 1.03109e+06 2.42718e+16 1.14585e-06 1.20314e-05 1.89373e-19 4.67873e-08 328867 0 0 6.40972e-14 0 0 0.0154593 0 0 0 0 0 0 1.70497e+11 1.70497e+11 1.70497e+11 1.70497e+11 
0.1325 -1.31572 -4.61572 -2.54373 -4.06509 -0.88428 1.05018e+06 2.4223e+16 1.14716e-06 1.2033e-05 1.93098e-19 4.66993e-08 329494 0 0 6.54698e-14 0 0 0.0154593 0 0 0 0 0 0 1.73342e+11 1.73342e+11 1.73342e+11 1.73342e+11 
0.133 -1.29923 -4.59923 -2.52677 -4.04852 -0.90077 1.06952e+06 2.41743e+16 1.14847e-06 1.20346e-05 1.96878e-19 4.66118e-08 330120 0 0 6.68653e-14 0 0 0.0154593 0 0 0 0 0 0 1.7622e+11 1.7622e+11 1.7622e+11 1.7622e+11 
0.1335 -1.28271 -4.58271 -2.50977 -4.03192 -0.917292 1.08913e+06 2.41259e+16 1.14978e-06 1.20362e-05 2.00714e-19 4.65248e-08 330744 0 0 6.82839e-14 0 0 0.0154593 0 0 0 0 0 0 1.7913e+11 1.7913e+11 1.7913e+11 1.7913e+11 
0.134 -1.26616 -4.56616 -2.49275 -4.01529 -0.933844 1.10899e+06 2.40777e+16 1.1511e-06 1.20379e-05 2.04607e-19 4.64382e-08 331367 0 0 6.97259e-14 0 0 0.0154593 0 0 0 0 0 0 1.82074e+11 1.82074e+11 1.82074e+11 1.82074e+11 
0.1345 -1.24957 -4.54957 -2.4757 -3.99863 -0.950428 1.12911e+06 2.40297e+16 1.15241e-06 1.20396e-05 2.08555e-19 4.63522e-08 331989 0 0 7.11915e-14 0 0 0.0154593 0 0 0 0 0 0 1.8505e+11 1.8505e+11 1.8505e+11 1.8505e+11 
0.135 -1.23296 -4.53296 -2.45861 -3.98194 -0.967043 1.1495e+06 2.39819e+16 1.15373e-06 1.20413e-05 2.12561e-19 4.62667e-08 332609 0 0 7.2681e-14 0 0 0.0154593 0 0 0 0 0 0 1.8806e+11 1.8806e+11 1.8806e+11 1.8806e+11 
0.1355 -1.21631 -4.51631 -2.4415 -3.96522 -0.983689 1.17015e+06 2.39344e+16 1.15504e-06 1.20431e-05 2.16625e-19 4.61816e-08 333229 0 0 7.41947e-14 0 0 0.0154593 0 0 0 0 0 0 1.91103e+11 1.91103e+11 1.91103e+11 1.91103e+11 
0.136 -1.19963 -4.49963 -2.42437 -3.94846 -1.00037 1.19106e+06 2.3887e+16 1.15636e-06 1.20448e-05 2.20747e-19 4.6097e-08 333847 0 0 7.57328e-14 0 0 0.0154593 0 0 0 0 0 0 1.94179e+11 1.94179e+11 1.94179e+11 1.94179e+11 
0.1365 -1.18293 -4.48293 -2.4072 -3.93168 -1.01707 1.21225e+06 2.38399e+16 1.15767e-06 1.20466e-05 2.24927e-19 4.60129e-08 334464 0 0 7.72957e-14 0 0 0.0154593 0 0 0 0 0 0 1.97289e+11 1.97289e+11 1.97289e+11 1.97289e+11 
0.137 -1.16619 -4.46619 -2.39 -3.91487 -1.03381 1.2337e+06 2.37929e+16 1.15899e-06 1.20485e-05 2.29167e-19 4.59293e-08 335079 0 0 7.88835e-14 0 0 0.0154593 0 0 0 0 0 0 2.00433e+11 2.00433e+11 2.00433e+11 2.00433e+11 
0.1375 -1.14942 -4.44942 -2.37278 -3.89802 -1.05058 1.25542e+06 2.37462e+16 1.16031e-06 1.20503e-05 2.33467e-19 4.58461e-08 335694 0 0 8.04965e-14 0 0 0.0154593 0 0 0 0 0 0 2.03611e+11 2.03611e+11 2.03611e+11 2.03611e+11 
0.138 -1.13262 -4.43262 -2.35553 -3.88115 -1.06738 1.27742e+06 2.36996e+16 1.16163e-06 1.20522e-05 2.37827e-19 4.57634e-08 336307 0 0 8.21351e-14 0 0 0.0154593 0 0 0 0 0 0 2.06823e+11 2.06823e+11 2.06823e+11 2.06823e+11 
0.1385 -1.11579 -4.41579 -2.33825 -3.86424 -1.08421 1.2997e+06 2.36533e+16 1.16295e-06 1.20541e-05 2.42248e-19 4.56811e-08 336919 0 0 8.37995e-14 0 0 0.0154593 0 0 0 0 0 0 2.10069e+11 2.10069e+11 2.10069e+11 2.10069e+11 
0.139 -1.09893 -4.39893 -2.32094 -3.84731 -1.10107 1.32225e+06 2.36071e+16 1.16428e-06 1.2056e-05 2.4673e-19 4.55993e-08 337530 0 0 8.54899e-14 0 0 0.0154593 0 0 0 0 0 0 2.1335e+11 2.1335e+11 2.1335e+11 2.1335e+11 
0.1395 -1.08203 -4.38203 -2.3036 -3.83034 -1.11797 1.34508e+06 2.35612e+16 1.1656e-06 1.2058e-05 2.51274e-19 4.55179e-08 338140 0 0 8.72067e-14 0 0 0.0154593 0 0 0 0 0 0 2.16665e+11 2.16665e+11 2.16665e+11 2.16665e+11 
0.14 -1.06511 -4.36511 -2.28623 -3.81334 -1.13489 1.36819e+06 2.35155e+16 1.16692e-06 1.206e-05 2.5588e-19 4.5437e-08 338748 0 0 8.89501e-14 0 0 0.0154593 0 0 0 0 0 0 2.20015e+11 2.20015e+11 2.20015e+11 2.20015e+11 
0.1405 -1.04816 -4.34816 -2.26884 -3.79632 -1.15184 1.39159e+06 2.34699e+16 1.16825e-06 1.2062e-05 2.60549e-19 4.53565e-08 339355 0 0 9.07204e-14 0 0 0.0154593 0 0 0 0 0 0 2.234e+11 2.234e+11 2.234e+11 2.234e+11 
0.141 -1.03118 -4.33118 -2.25142 -3.77926 -1.16882 1.41527e+06 2.34245e+16 1.16957e-06 1.2064e-05 2.65282e-19 4.52765e-08 339961 0 0 9.25178e-14 0 0 0.0154593 0 0 0 0 0 0 2.2682e+11 2.2682e+11 2.2682e+11 2.2682e+11 
0.1415 -1.01416 -4.31416 -2.23397 -3.76217 -1.18584 1.43923e+06 2.33794e+16 1.1709e-06 1.20661e-05 2.70079e-19 4.51969e-08 340566 0 0 9.43427e-14 0 0 0.0154593 0 0 0 0 0 0 2.30275e+11 2.30275e+11 2.30275e+11 2.30275e+11 
0.142 -0.99712 -4.29712 -2.21649 -3.74505 -1.20288 1.46349e+06 2.33344e+16 1.17223e-06 1.20681e-05 2.7494e-19 4.51177e-08 341170 0 0 9.61954e-14 0 0 0.0154593 0 0 0 0 0 0 2.33765e+11 2.33765e+11 2.33765e+11 2.33765e+11 
0.1425 -0.980047 -4.28005 -2.19898 -3.72791 -1.21995 1.48803e+06 2.32896e+16 1.17356e-06 1.20702e-05 2.79867e-19 4.5039e-08 341773 0 0 9.80761e-14 0 0 0.0154593 0 0 0 0 0 0 2.37291e+11 2.37291e+11 2.37291e+11 2.37291e+11 
0.143 -0.962943 -4.26294 -2.18145 -3.71073 -1.23706 1.51287e+06 2.3245e+16 1.17489e-06 1.20724e-05 2.84859e-19 4.49607e-08 342374 0 0 9.99851e-14 0 0 0.0154593 0 0 0 0 0 0 2.40852e+11 2.40852e+11 2.40852e+11 2.40852e+11 
0.1435 -0.945809 -4.24581 -2.16388 -3.69352 -1.25419 1.538e+06 2.32006e+16 1.17622e-06 1.20745e-05 2.89917e-19 4.48828e-08 342975 0 0 1.01923e-13 0 0 0.0154593 0 0 0 0 0 0 2.44449e+11 2.44449e+11 2.44449e+11 2.44449e+11 
0.144 -0.928645 -4.22865 -2.14629 -3.67629 -1.27135 1.56342e+06 2.31564e+16 1.17755e-06 1.20767e-05 2.95041e-19 4.48053e-08 343574 0 0 1.03889e-13 0 0 0.0154593 0 0 0 0 0 0 2.48082e+11 2.48082e+11 2.48082e+11 2.48082e+11 
0.1445 -0.911452 -4.21145 -2.12867 -3.65902 -1.28855 1.58914e+06 2.31124e+16 1.17888e-06 1.20789e-05 3.00233e-19 4.47282e-08 344172 0 0 1.05885e-13 0 0 0.0154593 0 0 0 0 0 0 2.51751e+11 2.51751e+11 2.51751e+11 2.51751e+11 
0.145 -0.894228 -4.19423 -2.11103 -3.64172 -1.30577 1.61516e+06 2.30685e+16 1.18021e-06 1.20811e-05 3.05493e-19 4.46515e-08 344769 0 0 1.0791e-13 0 0 0.0154593 0 0 0 0 0 0 2.55456e+11 2.55456e+11 2.55456e+11 2.55456e+11 
0.1455 -0.876975 -4.17697 -2.09335 -3.6244 -1.32303 1.64148e+06 2.30248e+16 1.18155e-06 1.20834e-05 3.10821e-19 4.45753e-08 345364 0 0 1.09965e-13 0 0 0.0154593 0 0 0 0 0 0 2.59197e+11 2.59197e+11 2.59197e+11 2.59197e+11 
0.146 -0.859692 -4.15969 -2.07565 -3.60704 -1.34031 1.6681e+06 2.29813e+16 1.18288e-06 1.20856e-05 3.16217e-19 4.44994e-08 345959 0 0 1.12049e-13 0 0 0.0154593 0 0 0 0 0 0 2.62975e+11 2.62975e+11 2.62975e+11 2.62975e+11 
0.1465 -0.842379 -4.14238 -2.05792 -3.58966 -1.35762 1.69503e+06 2.2938e+16 1.18422e-06 1.20879e-05 3.21683e-19 4.4424e-08 346553 0 0 1.14165e-13 0 0 0.0154593 0 0 0 0 0 0 2.66789e+11 2.66789e+11 2.66789e+11 2.66789e+11 
0.147 -0.825037 -4.12504 -2.04016 -3.57224 -1.37496 1.72226e+06 2.28949e+16 1.18556e-06 1.20902e-05 3.27219e-19 4.43489e-08 347145 0 0 1.1631e-13 0 0 0.0154593 0 0 0 0 0 0 2.7064e+11 2.7064e+11 2.7064e+11 2.7064e+11 
0.1475 -0.807664 -4.10766 -2.02238 -3.5548 -1.39234 1.7498e+06 2.28519e+16 1.18689e-06 1.20926e-05 3.32825e-19 4.42742e-08 347736 0 0 1.18487e-13 0 0 0.0154593 0 0 0 0 0 0 2.74527e+11 2.74527e+11 2.74527e+11 2.74527e+11 
0.148 -0.790263 -4.09026 -2.00456 -3.53733 -1.40974 1.77765e+06 2.28091e+16 1.18823e-06 1.20949e-05 3.38502e-19 4.41999e-08 348326 0 0 1.20695e-13 0 0 0.0154593 0 0 0 0 0 0 2.78452e+11 2.78452e+11 2.78452e+11 2.78452e+11 
0.1485 -0.772832 -4.07283 -1.98672 -3.51982 -1.42717 1.80581e+06 2.27665e+16 1.18957e-06 1.20973e-05 3.44251e-19 4.4126e-08 348915 0 0 1.22934e-13 0 0 0.0154593 0 0 0 0 0 0 2.82414e+11 2.82414e+11 2.82414e+11 2.82414e+11 
0.149 -0.755371 -4.05537 -1.96886 -3.50229 -1.44463 1.83429e+06 2.27241e+16 1.19091e-06 1.20997e-05 3.50071e-19 4.40525e-08 349503 0 0 1.25205e-13 0 0 0.0154593 0 0 0 0 0 0 2.86412e+11 2.86412e+11 2.86412e+11 2.86412e+11 
0.1495 -0.737881 -4.03788 -1.95096 -3.48473 -1.46212 1.86308e+06 2.26818e+16 1.19225e-06 1.21021e-05 3.55964e-19 4.39794e-08 350090 0 0 1.27509e-13 0 0 0.0154593 0 0 0 0 0 0 2.90448e+11 2.90448e+11 2.90448e+11 2.90448e+11 
0.15 -0.720362 -4.02036 -1.93304 -3.46714 -1.47964 1.89218e+06 2.26397e+16 1.19359e-06 1.21046e-05 3.6193e-19 4.39066e-08 350676 0 0 1.29844e-13 0 0 0.0154593 0 0 0 0 0 0 2.94522e+11 2.94522e+11 2.94522e+11 2.94522e+11 
0.1505 -0.702814 -4.00281 -1.91509 -3.44952 -1.49719 1.9216e+06 2.25978e+16 1.19494e-06 1.2107e-05 3.6797e-19 4.38342e-08 351261 0 0 1.32213e-13 0 0 0.0154593 0 0 0 0 0 0 2.98633e+11 2.98633e+11 2.98633e+11 2.98633e+11 
0.151 -0.685236 -3.98524 -1.89711 -3.43187 -1.51476 1.95134e+06 2.2556e+16 1.19628e-06 1.21095e-05 3.74084e-19 4.37622e-08 351844 0 0 1.34614e-13 0 0 0.0154593 0 0 0 0 0 0 3.02782e+11 3.02782e+11 3.02782e+11 3.02782e+11 
0.1515 -0.667629 -3.96763 -1.8791 -3.4142 -1.53237 1.9814e+06 2.25144e+16 1.19762e-06 1.2112e-05 3.80272e-19 4.36906e-08 352427 0 0 1.37048e-13 0 0 0.0154593 0 0 0 0 0 0 3.06968e+11 3.06968e+11 3.06968e+11 3.06968e+11 
0.152 -0.649994 -3.94999 -1.86107 -3.39649 -1.55001 2.01179e+06 2.2473e+16 1.19897e-06 1.21145e-05 3.86536e-19 4.36193e-08 353008 0 0 1.39517e-13 0 0 0.0154593 0 0 0 0 0 0 3.11192e+11 3.11192e+11 3.11192e+11 3.11192e+11 
0.1525 -0.632329 -3.93233 -1.84301 -3.37876 -1.56767 2.0425e+06 2.24317e+16 1.20031e-06 1.21171e-05 3.92876e-19 4.35483e-08 353589 0 0 1.42019e-13 0 0 0.0154593 0 0 0 0 0 0 3.15455e+11 3.15455e+11 3.15455e+11 3.15455e+11 
0.153 -0.614635 -3.91463 -1.82492 -3.36099 -1.58537 2.07353e+06 2.23907e+16 1.20166e-06 1.21197e-05 3.99292e-19 4.34778e-08 354168 0 0 1.44555e-13 0 0 0.0154593 0 0 0 0 0 0 3.19755e+11 3.19755e+11 3.19755e+11 3.19755e+11 
0.1535 -0.596912 -3.89691 -1.80681 -3.3432 -1.60309 2.10489e+06 2.23497e+16 1.20301e-06 1.21222e-05 4.05784e-19 4.34076e-08 354746 0 0 1.47126e-13 0 0 0.0154593 0 0 0 0 0 0 3.24094e+11 3.24094e+11 3.24094e+11 3.24094e+11 
0.154 -0.57916 -3.87916 -1.78867 -3.32538 -1.62084 2.13658e+06 2.23089e+16 1.20436e-06 1.21249e-05 4.12354e-19 4.33377e-08 355324 0 0 1.49731e-13 0 0 0.0154593 0 0 0 0 0 0 3.28471e+11 3.28471e+11 3.28471e+11 3.28471e+11 
0.1545 -0.561379 -3.86138 -1.7705 -3.30753 -1.63862 2.16861e+06 2.22683e+16 1.20571e-06 1.21275e-05 4.19002e-19 4.32682e-08 355900 0 0 1.52372e-13 0 0 0.0154593 0 0 0 0 0 0 3.32887e+11 3.32887e+11 3.32887e+11 3.32887e+11 
0.155 -0.54357 -3.84357 -1.7523 -3.28965 -1.65643 2.20096e+06 2.22279e+16 1.20706e-06 1.21301e-05 4.25729e-19 4.3199e-08 356475 0 0 1.55048e-13 0 0 0.0154593 0 0 0 0 0 0 3.37341e+11 3.37341e+11 3.37341e+11 3.37341e+11 
0.1555 -0.525732 -3.82573 -1.73408 -3.27174 -1.67427 2.23365e+06 2.21876e+16 1.20841e-06 1.21328e-05 4.32534e-19 4.31302e-08 357049 0 0 1.5776e-13 0 0 0.0154593 0 0 0 0 0 0 3.41833e+11 3.41833e+11 3.41833e+11 3.41833e+11 
0.156 -0.507865 -3.80787 -1.71583 -3.25381 -1.69213 2.26668e+06 2.21474e+16 1.20976e-06 1.21355e-05 4.39419e-19 4.30617e-08 357622 0 0 1.60508e-13 0 0 0.0154593 0 0 0 0 0 0 3.46365e+11 3.46365e+11 3.46365e+11 3.46365e+11 
0.1565 -0.48997 -3.78997 -1.69756 -3.23584 -1.71003 2.30004e+06 2.21075e+16 1.21111e-06 1.21382e-05 4.46384e-19 4.29936e-08 358194 0 0 1.63292e-13 0 0 0.0154593 0 0 0 0 0 0 3.50935e+11 3.50935e+11 3.50935e+11 3.50935e+11 
0.157 -0.472046 -3.77205 -1.67925 -3.21785 -1.72795 2.33374e+06 2.20676e+16 1.21247e-06 1.21409e-05 4.5343e-19 4.29258e-08 358765 0 0 1.66113e-13 0 0 0.0154593 0 0 0 0 0 0 3.55545e+11 3.55545e+11 3.55545e+11 3.55545e+11 
0.1575 -0.454093 -3.75409 -1.66092 -3.19983 -1.74591 2.36778e+06 2.2028e+16 1.21382e-06 1.21437e-05 4.60557e-19 4.28583e-08 359335 0 0 1.68971e-13 0 0 0.0154593 0 0 0 0 0 0 3.60193e+11 3.60193e+11 3.60193e+11 3.60193e+11 
0.158 -0.436112 -3.73611 -1.64257 -3.18178 -1.76389 2.40217e+06 2.19885e+16 1.21518e-06 1.21464e-05 4.67765e-19 4.27912e-08 359904 0 0 1.71866e-13 0 0 0.0154593 0 0 0 0 0 0 3.64881e+11 3.64881e+11 3.64881e+11 3.64881e+11 
0.1585 -0.418103 -3.7181 -1.62418 -3.1637 -1.7819 2.4369e+06 2.19491e+16 1.21653e-06 1.21492e-05 4.75056e-19 4.27244e-08 360472 0 0 1.74799e-13 0 0 0.0154593 0 0 0 0 0 0 3.69608e+11 3.69608e+11 3.69608e+11 3.69608e+11 
0.159 -0.400065 -3.70007 -1.60577 -3.14559 -1.79993 2.47197e+06 2.19099e+16 1.21789e-06 1.2152e-05 4.82429e-19 4.26579e-08 361039 0 0 1.7777e-13 0 0 0.0154593 0 0 0 0 0 0 3.74374e+11 3.74374e+11 3.74374e+11 3.74374e+11 
0.1595 -0.381999 -3.682 -1.58734 -3.12746 -1.818 2.50739e+06 2.18708e+16 1.21925e-06 1.21549e-05 4.89886e-19 4.25917e-08 361605 0 0 1.80779e-13 0 0 0.0154593 0 0 0 0 0 0 3.7918e+11 3.7918e+11 3.7918e+11 3.7918e+11 
0.16 -0.363905 -3.6639 -1.56887 -3.1093 -1.8361 2.54316e+06 2.18319e+16 1.22061e-06 1.21577e-05 4.97427e-19 4.25259e-08 362169 0 0 1.83826e-13 0 0 0.0154593 0 0 0 0 0 0 3.84025e+11 3.84025e+11 3.84025e+11 3.84025e+11 
0.1605 -0.345782 -3.64578 -1.55038 -3.09111 -1.85422 2.57928e+06 2.17931e+16 1.22197e-06 1.21606e-05 5.05052e-19 4.24604e-08 362733 0 0 1.86913e-13 0 0 0.0154593 0 0 0 0 0 0 3.8891e+11 3.8891e+11 3.8891e+11 3.8891e+11 
0.161 -0.327631 -3.62763 -1.53187 -3.07289 -1.87237 2.61575e+06 2.17545e+16 1.22333e-06 1.21634e-05 5.12762e-19 4.23952e-08 363296 0 0 1.90038e-13 0 0 0.0154593 0 0 0 0 0 0 3.93835e+11 3.93835e+11 3.93835e+11 3.93835e+11 
0.1615 -0.309452 -3.60945 -1.51332 -3.05464 -1.89055 2.65257e+06 2.1716e+16 1.22469e-06 1.21663e-05 5.20558e-19 4.23303e-08 363858 0 0 1.93203e-13 0 0 0.0154593 0 0 0 0 0 0 3.988e+11 3.988e+11 3.988e+11 3.988e+11 
0.162 -0.291245 -3.59125 -1.49475 -3.03637 -1.90875 2.68974e+06 2.16777e+16 1.22605e-06 1.21693e-05 5.28439e-19 4.22657e-08 364419 0 0 1.96408e-13 0 0 0.0154593 0 0 0 0 0 0 4.03804e+11 4.03804e+11 4.03804e+11 4.03804e+11 
0.1625 -0.273011 -3.57301 -1.47616 -3.01807 -1.92699 2.72728e+06 2.16395e+16 1.22741e-06 1.21722e-05 5.36407e-19 4.22014e-08 364979 0 0 1.99653e-13 0 0 0.0154593 0 0 0 0 0 0 4.08849e+11 4.08849e+11 4.08849e+11 4.08849e+11 
0.163 -0.254748 -3.55475 -1.45753 -2.99974 -1.94525 2.76517e+06 2.16015e+16 1.22877e-06 1.21751e-05 5.44462e-19 4.21375e-08 365538 0 0 2.02938e-13 0 0 0.0154593 0 0 0 0 0 0 4.13934e+11 4.13934e+11 4.13934e+11 4.13934e+11 
0.1635 -0.236457 -3.53646 -1.43888 -2.98138 -1.96354 2.80341e+06 2.15636e+16 1.23014e-06 1.21781e-05 5.52605e-19 4.20738e-08 366096 0 0 2.06265e-13 0 0 0.0154593 0 0 0 0 0 0 4.19059e+11 4.19059e+11 4.19059e+11 4.19059e+11 
0.164 -0.218138 -3.51814 -1.42021 -2.96299 -1.98186 2.84202e+06 2.15259e+16 1.2315e-06 1.21811e-05 5.60836e-19 4.20105e-08 366652 0 0 2.09632e-13 0 0 0.0154593 0 0 0 0 0 0 4.24224e+11 4.24224e+11 4.24224e+11 4.24224e+11 
0.1645 -0.199792 -3.49979 -1.40151 -2.94458 -2.00021 2.88099e+06 2.14882e+16 1.23287e-06 1.21841e-05 5.69156e-19 4.19474e-08 367208 0 0 2.13041e-13 0 0 0.0154593 0 0 0 0 0 0 4.29429e+11 4.29429e+11 4.29429e+11 4.29429e+11 
0.165 -0.181417 -3.48142 -1.38278 -2.92614 -2.01858 2.92033e+06 2.14508e+16 1.23424e-06 1.21871e-05 5.77565e-19 4.18846e-08 367763 0 0 2.16491e-13 0 0 0.0154593 0 0 0 0 0 0 4.34675e+11 4.34675e+11 4.34675e+11 4.34675e+11 
0.1655 -0.163015 -3.46302 -1.36403 -2.90767 -2.03698 2.96003e+06 2.14134e+16 1.2356e-06 1.21902e-05 5.86063e-19 4.18222e-08 368317 0 0 2.19984e-13 0 0 0.0154593 0 0 0 0 0 0 4.39962e+11 4.39962e+11 4.39962e+11 4.39962e+11 
0.166 -0.144585 -3.44459 -1.34525 -2.88918 -2.05541 3.00009e+06 2.13763e+16 1.23697e-06 1.21932e-05 5.94652e-19 4.176e-08 368870 0 0 2.23519e-13 0 0 0.0154593 0 0 0 0 0 0 4.45289e+11 4.45289e+11 4.45289e+11 4.45289e+11 
0.1665 -0.126128 -3.42613 -1.32644 -2.87065 -2.07387 3.04052e+06 2.13392e+16 1.23834e-06 1.21963e-05 6.03332e-19 4.16981e-08 369423 0 0 2.27096e-13 0 0 0.0154593 0 0 0 0 0 0 4.50657e+11 4.50657e+11 4.50657e+11 4.50657e+11 
0.167 -0.107643 -3.40764 -1.30761 -2.8521 -2.09236 3.08132e+06 2.13023e+16 1.23971e-06 1.21994e-05 6.12103e-19 4.16365e-08 369974 0 0 2.30717e-13 0 0 0.0154593 0 0 0 0 0 0 4.56065e+11 4.56065e+11 4.56065e+11 4.56065e+11 
0.1675 -0.0891308 -3.38913 -1.28875 -2.83352 -2.11087 3.12249e+06 2.12655e+16 1.24108e-06 1.22025e-05 6.20966e-19 4.15752e-08 370524 0 0 2.34381e-13 0 0 0.0154593 0 0 0 0 0 0 4.61515e+11 4.61515e+11 4.61515e+11 4.61515e+11 
0.168 -0.0705908 -3.37059 -1.26986 -2.81492 -2.12941 3.16404e+06 2.12288e+16 1.24245e-06 1.22056e-05 6.29922e-19 4.15142e-08 371073 0 0 2.38089e-13 0 0 0.0154593 0 0 0 0 0 0 4.67005e+11 4.67005e+11 4.67005e+11 4.67005e+11 
0.1685 -0.0520235 -3.35202 -1.25095 -2.79629 -2.14798 3.20595e+06 2.11923e+16 1.24382e-06 1.22088e-05 6.38971e-19 4.14535e-08 371621 0 0 2.41841e-13 0 0 0.0154593 0 0 0 0 0 0 4.72536e+11 4.72536e+11 4.72536e+11 4.72536e+11 
0.169 -0.0334287 -3.33343 -1.23202 -2.77763 -2.16657 3.24824e+06 2.1156e+16 1.2452e-06 1.22119e-05 6.48113e-19 4.1393e-08 372169 0 0 2.45637e-13 0 0 0.0154593 0 0 0 0 0 0 4.78109e+11 4.78109e+11 4.78109e+11 4.78109e+11 
0.1695 -0.0148066 -3.31481 -1.21305 -2.75894 -2.18519 3.29091e+06 2.11197e+16 1.24657e-06 1.22151e-05 6.57349e-19 4.13328e-08 372715 0 0 2.49478e-13 0 0 0.0154593 0 0 0 0 0 0 4.83722e+11 4.83722e+11 4.83722e+11 4.83722e+11 
0.17 0.00384284 -3.29616 -1.19407 -2.74022 -2.20384 3.33395e+06 2.10836e+16 1.24795e-06 1.22183e-05 6.66679e-19 4.12729e-08 373261 0 0 2.53364e-13 0 0 0.0154593 0 0 0 0 0 0 4.89377e+11 4.89377e+11 4.89377e+11 4.89377e+11 
0.1705 0.0225195 -3.27748 -1.17505 -2.72148 -2.22252 3.37737e+06 2.10476e+16 1.24932e-06 1.22215e-05 6.76105e-19 4.12133e-08 373805 0 0 2.57295e-13 0 0 0.0154593 0 0 0 0 0 0 4.95073e+11 4.95073e+11 4.95073e+11 4.95073e+11 
0.171 0.0412234 -3.25878 -1.15601 -2.70271 -2.24122 3.42117e+06 2.10118e+16 1.2507e-06 1.22247e-05 6.85627e-19 4.1154e-08 374349 0 0 2.61271e-13 0 0 0.0154593 0 0 0 0 0 0 5.0081e+11 5.0081e+11 5.0081e+11 5.0081e+11 
0.1715 0.0599544 -3.24005 -1.13695 -2.68392 -2.25995 3.46535e+06 2.0976e+16 1.25207e-06 1.2228e-05 6.95244e-19 4.10949e-08 374892 0 0 2.65294e-13 0 0 0.0154593 0 0 0 0 0 0 5.06588e+11 5.06588e+11 5.06588e+11 5.06588e+11 
0.172 0.0787125 -3.22129 -1.11785 -2.66509 -2.27871 3.50991e+06 2.09404e+16 1.25345e-06 1.22312e-05 7.04959e-19 4.10361e-08 375433 0 0 2.69363e-13 0 0 0.0154593 0 0 0 0 0 0 5.12408e+11 5.12408e+11 5.12408e+11 5.12408e+11 
0.1725 0.0974977 -3.2025 -1.09874 -2.64625 -2.2975 3.55486e+06 2.0905e+16 1.25483e-06 1.22345e-05 7.1477e-19 4.09775e-08 375974 0 0 2.73479e-13 0 0 0.0154593 0 0 0 0 0 0 5.1827e+11 5.1827e+11 5.1827e+11 5.1827e+11 
0.173 0.11631 -3.18369 -1.07959 -2.62737 -2.31631 3.6002e+06 2.08696e+16 1.25621e-06 1.22378e-05 7.2468e-19 4.09192e-08 376514 0 0 2.77642e-13 0 0 0.0154593 0 0 0 0 0 0 5.24173e+11 5.24173e+11 5.24173e+11 5.24173e+11 
0.1735 0.135149 -3.16485 -1.06043 -2.60847 -2.33515 3.64591e+06 2.08344e+16 1.25759e-06 1.22411e-05 7.34688e-19 4.08612e-08 377053 0 0 2.81852e-13 0 0 0.0154593 0 0 0 0 0 0 5.30117e+11 5.30117e+11 5.30117e+11 5.30117e+11 
0.174 0.154015 -3.14598 -1.04123 -2.58953 -2.35402 3.69202e+06 2.07993e+16 1.25897e-06 1.22444e-05 7.44794e-19 4.08034e-08 377591 0 0 2.8611e-13 0 0 0.0154593 0 0 0 0 0 0 5.36104e+11 5.36104e+11 5.36104e+11 5.36104e+11 
0.1745 0.172908 -3.12709 -1.02201 -2.57058 -2.37291 3.73852e+06 2.07644e+16 1.26035e-06 1.22477e-05 7.55e-19 4.07459e-08 378129 0 0 2.90416e-13 0 0 0.0154593 0 0 0 0 0 0 5.42132e+11 5.42132e+11 5.42132e+11 5.42132e+11 
0.175 0.191828 -3.10817 -1.00277 -2.55159 -2.39183 3.7854e+06 2.07295e+16 1.26173e-06 1.22511e-05 7.65306e-19 4.06887e-08 378665 0 0 2.9477e-13 0 0 0.0154593 0 0 0 0 0 0 5.48201e+11 5.48201e+11 5.48201e+11 5.48201e+11 
0.1755 0.210775 -3.08923 -0.983498 -2.53258 -2.41077 3.83268e+06 2.06948e+16 1.26312e-06 1.22544e-05 7.75712e-19 4.06317e-08 379200 0 0 2.99172e-13 0 0 0.0154593 0 0 0 0 0 0 5.54313e+11 5.54313e+11 5.54313e+11 5.54313e+11 
0.176 0.229748 -3.07025 -0.964202 -2.51355 -2.42975 3.88035e+06 2.06602e+16 1.2645e-06 1.22578e-05 7.86219e-19 4.0575e-08 379735 0 0 3.03624e-13 0 0 0.0154593 0 0 0 0 0 0 5.60467e+11 5.60467e+11 5.60467e+11 5.60467e+11 
0.1765 0.248748 -3.05125 -0.944881 -2.49448 -2.44875 3.92841e+06 2.06257e+16 1.26588e-06 1.22612e-05 7.96827e-19 4.05185e-08 380268 0 0 3.08125e-13 0 0 0.0154593 0 0 0 0 0 0 5.66662e+11 5.66662e+11 5.66662e+11 5.66662e+11 
0.177 0.267775 -3.03223 -0.925535 -2.47539 -2.46777 3.97687e+06 2.05914e+16 1.26727e-06 1.22646e-05 8.07538e-19 4.04622e-08 380801 0 0 3.12676e-13 0 0 0.0154593 0 0 0 0 0 0 5.72899e+11 5.72899e+11 5.72899e+11 5.72899e+11 
0.1775 0.286828 -3.01317 -0.906163 -2.45628 -2.48683 4.02572e+06 2.05571e+16 1.26865e-06 1.2268e-05 8.18351e-19 4.04063e-08 381333 0 0 3.17277e-13 0 0 0.0154593 0 0 0 0 0 0 5.79179e+11 5.79179e+11 5.79179e+11 5.79179e+11 
0.178 0.305908 -2.99409 -0.886766 -2.43713 -2.50591 4.07497e+06 2.0523e+16 1.27004e-06 1.22715e-05 8.29267e-19 4.03505e-08 381864 0 0 3.21928e-13 0 0 0.0154593 0 0 0 0 0 0 5.855e+11 5.855e+11 5.855e+11 5.855e+11 
0.1785 0.325015 -2.97499 -0.867343 -2.41796 -2.52501 4.12462e+06 2.0489e+16 1.27143e-06 1.22749e-05 8.40286e-19 4.0295e-08 382394 0 0 3.26629e-13 0 0 0.0154593 0 0 0 0 0 0 5.91864e+11 5.91864e+11 5.91864e+11 5.91864e+11 
0.179 0.344148 -2.95585 -0.847896 -2.39877 -2.54415 4.17467e+06 2.04552e+16 1.27282e-06 1.22784e-05 8.5141e-19 4.02398e-08 382923 0 0 3.31382e-13 0 0 0.0154593 0 0 0 0 0 0 5.9827e+11 5.9827e+11 5.9827e+11 5.9827e+11 
0.1795 0.363307 -2.93669 -0.828423 -2.37955 -2.56331 4.22512e+06 2.04214e+16 1.2742e-06 1.22819e-05 8.62638e-19 4.01848e-08 383452 0 0 3.36186e-13 0 0 0.0154593 0 0 0 0 0 0 6.04718e+11 6.04718e+11 6.04718e+11 6.04718e+11 
0.18 0.382493 -2.91751 -0.808925 -2.3603 -2.58249 4.27597e+06 2.03878e+16 1.27559e-06 1.22854e-05 8.73971e-19 4.013e-08 383979 0 0 3.41042e-13 0 0 0.0154593 0 0 0 0 0 0 6.11208e+11 6.11208e+11 6.11208e+11 6.11208e+11 
0.1805 0.401705 -2.8983 -0.789402 -2.34102 -2.6017 4.32722e+06 2.03543e+16 1.27698e-06 1.22889e-05 8.8541e-19 4.00755e-08 384506 0 0 3.4595e-13 0 0 0.0154593 0 0 0 0 0 0 6.17741e+11 6.17741e+11 6.17741e+11 6.17741e+11 
0.181 0.420943 -2.87906 -0.769854 -2.32172 -2.62094 4.37888e+06 2.03208e+16 1.27838e-06 1.22924e-05 8.96955e-19 4.00212e-08 385031 0 0 3.5091e-13 0 0 0.0154593 0 0 0 0 0 0 6.24316e+11 6.24316e+11 6.24316e+11 6.24316e+11 
0.1815 0.440208 -2.85979 -0.750281 -2.3024 -2.64021 4.43095e+06 2.02876e+16 1.27977e-06 1.2296e-05 9.08607e-19 3.99671e-08 385556 0 0 3.55922e-13 0 0 0.0154593 0 0 0 0 0 0 6.30933e+11 6.30933e+11 6.30933e+11 6.30933e+11 
0.182 0.459499 -2.8405 -0.730683 -2.28304 -2.6595 4.48342e+06 2.02544e+16 1.28116e-06 1.22995e-05 9.20366e-19 3.99133e-08 386080 0 0 3.60988e-13 0 0 0.0154593 0 0 0 0 0 0 6.37592e+11 6.37592e+11 6.37592e+11 6.37592e+11 
0.1825 0.478816 -2.82118 -0.71106 -2.26366 -2.67882 4.53629e+06 2.02213e+16 1.28255e-06 1.23031e-05 9.32233e-19 3.98597e-08 386603 0 0 3.66107e-13 0 0 0.0154593 0 0 0 0 0 0 6.44294e+11 6.44294e+11 6.44294e+11 6.44294e+11 
0.183 0.498159 -2.80184 -0.691412 -2.24426 -2.69816 4.58958e+06 2.01884e+16 1.28395e-06 1.23067e-05 9.44207e-19 3.98063e-08 387126 0 0 3.7128e-13 0 0 0.0154593 0 0 0 0 0 0 6.51039e+11 6.51039e+11 6.51039e+11 6.51039e+11 
0.1835 0.517529 -2.78247 -0.671739 -2.22483 -2.71753 4.64328e+06 2.01555e+16 1.28534e-06 1.23103e-05 9.56291e-19 3.97532e-08 387647 0 0 3.76507e-13 0 0 0.0154593 0 0 0 0 0 0 6.57826e+11 6.57826e+11 6.57826e+11 6.57826e+11 
0.184 0.536924 -2.76308 -0.652041 -2.20537 -2.73692 4.69738e+06 2.01228e+16 1.28674e-06 1.23139e-05 9.68483e-19 3.97003e-08 388168 0 0 3.81789e-13 0 0 0.0154593 0 0 0 0 0 0 6.64655e+11 6.64655e+11 6.64655e+11 6.64655e+11 
0.1845 0.556345 -2.74365 -0.632319 -2.18589 -2.75635 4.7519e+06 2.00902e+16 1.28813e-06 1.23175e-05 9.80786e-19 3.96476e-08 388687 0 0 3.87125e-13 0 0 0.0154593 0 0 0 0 0 0 6.71527e+11 6.71527e+11 6.71527e+11 6.71527e+11 
0.185 0.575793 -2.72421 -0.612572 -2.16638 -2.77579 4.80683e+06 2.00577e+16 1.28953e-06 1.23211e-05 9.93198e-19 3.95951e-08 389206 0 0 3.92516e-13 0 0 0.0154593 0 0 0 0 0 0 6.78442e+11 6.78442e+11 6.78442e+11 6.78442e+11 
0.1855 0.595266 -2.70473 -0.5928 -2.14685 -2.79527 4.86218e+06 2.00253e+16 1.29093e-06 1.23248e-05 1.00572e-18 3.95429e-08 389724 0 0 3.97962e-13 0 0 0.0154593 0 0 0 0 0 0 6.85399e+11 6.85399e+11 6.85399e+11 6.85399e+11 
0.186 0.614765 -2.68523 -0.573003 -2.12728 -2.81477 4.91794e+06 1.9993e+16 1.29233e-06 1.23284e-05 1.01836e-18 3.94909e-08 390242 0 0 4.03465e-13 0 0 0.0154593 0 0 0 0 0 0 6.92399e+11 6.92399e+11 6.92399e+11 6.92399e+11 
0.1865 0.63429 -2.66571 -0.553182 -2.1077 -2.83429 4.97412e+06 1.99608e+16 1.29372e-06 1.23321e-05 1.0311e-18 3.94391e-08 390758 0 0 4.09023e-13 0 0 0.0154593 0 0 0 0 0 0 6.99442e+11 6.99442e+11 6.99442e+11 6.99442e+11 
0.187 0.653841 -2.64616 -0.533336 -2.08809 -2.85384 5.03071e+06 1.99288e+16 1.29512e-06 1.23358e-05 1.04396e-18 3.93875e-08 391274 0 0 4.14638e-13 0 0 0.0154593 0 0 0 0 0 0 7.06527e+11 7.06527e+11 7.06527e+11 7.06527e+11 
0.1875 0.673418 -2.62658 -0.513465 -2.06845 -2.87342 5.08772e+06 1.98968e+16 1.29652e-06 1.23395e-05 1.05693e-18 3.93361e-08 391788 0 0 4.20309e-13 0 0 0.0154593 0 0 0 0 0 0 7.13655e+11 7.13655e+11 7.13655e+11 7.13655e+11 
0.188 0.69302 -2.60698 -0.49357 -2.04879 -2.89302 5.14515e+06 1.9865e+16 1.29793e-06 1.23432e-05 1.07002e-18 3.9285e-08 392302 0 0 4.26038e-13 0 0 0.0154593 0 0 0 0 0 0 7.20825e+11 7.20825e+11 7.20825e+11 7.20825e+11 
0.1885 0.712648 -2.58735 -0.47365 -2.0291 -2.91265 5.203e+06 1.98332e+16 1.29933e-06 1.23469e-05 1.08322e-18 3.9234e-08 392815 0 0 4.31824e-13 0 0 0.0154593 0 0 0 0 0 0 7.28039e+11 7.28039e+11 7.28039e+11 7.28039e+11 
0.189 0.732301 -2.5677 -0.453706 -2.00938 -2.9323 5.26127e+06 1.98016e+16 1.30073e-06 1.23507e-05 1.09653e-18 3.91833e-08 393328 0 0 4.37668e-13 0 0 0.0154593 0 0 0 0 0 0 7.35295e+11 7.35295e+11 7.35295e+11 7.35295e+11 
0.1895 0.751981 -2.54802 -0.433737 -1.98964 -2.95198 5.31996e+06 1.977e+16 1.30213e-06 1.23544e-05 1.10996e-18 3.91328e-08 393839 0 0 4.4357e-13 0 0 0.0154593 0 0 0 0 0 0 7.42594e+11 7.42594e+11 7.42594e+11 7.42594e+11 
0.19 0.771685 -2.52831 -0.413744 -1.96988 -2.97169 5.37907e+06 1.97386e+16 1.30354e-06 1.23582e-05 1.1235e-18 3.90825e-08 394350 0 0 4.49531e-13 0 0 0.0154593 0 0 0 0 0 0 7.49935e+11 7.49935e+11 7.49935e+11 7.49935e+11 
0.1905 0.791416 -2.50858 -0.393726 -1.95009 -2.99142 5.43861e+06 1.97073e+16 1.30494e-06 1.2362e-05 1.13716e-18 3.90324e-08 394860 0 0 4.5555e-13 0 0 0.0154593 0 0 0 0 0 0 7.5732e+11 7.5732e+11 7.5732e+11 7.5732e+11 
0.191 0.811171 -2.48883 -0.373685 -1.93027 -3.01117 5.49857e+06 1.96761e+16 1.30635e-06 1.23658e-05 1.15093e-18 3.89825e-08 395369 0 0 4.61629e-13 0 0 0.0154593 0 0 0 0 0 0 7.64747e+11 7.64747e+11 7.64747e+11 7.64747e+11 
0.1915 0.830952 -2.46905 -0.353618 -1.91043 -3.03095 5.55896e+06 1.96449e+16 1.30775e-06 1.23696e-05 1.16482e-18 3.89328e-08 395877 0 0 4.67767e-13 0 0 0.0154593 0 0 0 0 0 0 7.72217e+11 7.72217e+11 7.72217e+11 7.72217e+11 
0.192 0.850759 -2.44924 -0.333528 -1.89057 -3.05076 5.61977e+06 1.96139e+16 1.30916e-06 1.23734e-05 1.17883e-18 3.88833e-08 396384 0 0 4.73964e-13 0 0 0.0154593 0 0 0 0 0 0 7.79729e+11 7.79729e+11 7.79729e+11 7.79729e+11 
0.1925 0.870591 -2.42941 -0.313413 -1.87067 -3.07059 5.68102e+06 1.9583e+16 1.31057e-06 1.23772e-05 1.19296e-18 3.88339e-08 396891 0 0 4.80223e-13 0 0 0.0154593 0 0 0 0 0 0 7.87283e+11 7.87283e+11 7.87283e+11 7.87283e+11 
0.193 0.890448 -2.40955 -0.293274 -1.85076 -3.09045 5.74268e+06 1.95521e+16 1.31198e-06 1.2381e-05 1.2072e-18 3.87847e-08 397397 0 0 4.86541e-13 0 0 0.0154593 0 0 0 0 0 0 7.94878e+11 7.94878e+11 7.94878e+11 7.94878e+11 
0.1935 0.910331 -2.38967 -0.273111 -1.83082 -3.11033 5.80478e+06 1.95212e+16 1.31338e-06 1.23849e-05 1.22157e-18 3.87354e-08 397902 0 0 4.9292e-13 0 0 0.0154593 0 0 0 0 0 0 8.02512e+11 8.02512e+11 8.02512e+11 8.02512e+11 
0.194 0.930238 -2.36976 -0.252924 -1.81085 -3.13024 5.86731e+06 1.94903e+16 1.31479e-06 1.23886e-05 1.23605e-18 3.86859e-08 398406 0 0 4.99361e-13 0 0 0.0154593 0 0 0 0 0 0 8.10178e+11 8.10178e+11 8.10178e+11 8.10178e+11 
0.1945 0.950171 -2.34983 -0.232712 -1.79085 -3.15017 5.93026e+06 1.94591e+16 1.3162e-06 1.23923e-05 1.25065e-18 3.86355e-08 398910 0 0 5.05863e-13 0 0 0.0154593 0 0 0 0 0 0 8.17866e+11 8.17866e+11 8.17866e+11 8.17866e+11 
0.195 0.970129 -2.32987 -0.212477 -1.77083 -3.17013 5.99365e+06 1.94272e+16 1.31761e-06 1.23958e-05 1.26537e-18 3.85829e-08 399412 0 0 5.12426e-13 0 0 0.0154593 0 0 0 0 0 0 8.25545e+11 8.25545e+11 8.25545e+11 8.25545e+11 
0.1955 0.990112 -2.30989 -0.192217 -1.75078 -3.19011 6.05746e+06 1.93935e+16 1.31903e-06 1.23987e-05 1.28021e-18 3.85252e-08 399914 0 0 5.1905e-13 0 0 0.0154593 0 0 0 0 0 0 8.33153e+11 8.33153e+11 8.33153e+11 8.33153e+11 
0.196 1.01012 -2.28988 -0.171933 -1.7307 -3.21012 6.1217e+06 1.93558e+16 1.32044e-06 1.24005e-05 1.29517e-18 3.84557e-08 400415 0 0 5.25735e-13 0 0 0.0154593 0 0 0 0 0 0 8.40543e+11 8.40543e+11 8.40543e+11 8.40543e+11 
0.1965 1.03015 -2.26985 -0.151626 -1.71058 -3.23015 6.18634e+06 1.93088e+16 1.32185e-06 1.23996e-05 1.31024e-18 3.83596e-08 400914 0 0 5.32476e-13 0 0 0.0154593 0 0 0 0 0 0 8.47389e+11 8.47389e+11 8.47389e+11 8.47389e+11 
0.197 1.05021 -2.24979 -0.131295 -1.69039 -3.25021 6.25135e+06 1.92408e+16 1.32326e-06 1.23928e-05 1.32543e-18 3.82033e-08 401413 0 0 5.39266e-13 0 0 0.0154593 0 0 0 0 0 0 8.5294e+11 8.5294e+11 8.5294e+11 8.5294e+11 
0.1975 1.0703 -2.2297 -0.11094 -1.67008 -3.2703 6.31667e+06 1.91255e+16 1.32467e-06 1.23723e-05 1.3407e-18 3.79117e-08 401909 0 0 5.46089e-13 0 0 0.0154593 0 0 0 0 0 0 8.55498e+11 8.55498e+11 8.55498e+11 8.55498e+11 
0.198 1.0904 -2.2096 -0.0905636 -1.64953 -3.2904 6.38212e+06 1.89029e+16 1.32541e-06 1.23149e-05 1.35535e-18 3.72966e-08 402156 0 0 5.49506e-13 0 0 0.0154593 0 0 0 0 0 0 8.50768e+11 8.50768e+11 8.50768e+11 8.50768e+11 
0.198 1.0904 -2.2096 -0.0905636 -1.64953 -3.2904 6.38212e+06 1.89029e+16 1.3266e-06 1.23259e-05 1.35656e-18 3.733e-08 402600 0 0 5.55688e-13 0 0 0.0154593 0 0 0 0 0 0 8.51529e+11 8.51529e+11 8.51529e+11 8.51529e+11 
0.198409 1.10688 -2.19312 -0.0738648 -1.63235 -3.30688 6.43551e+06 1.85572e+16 1.32715e-06 1.2231e-05 1.36848e-18 3.6365e-08 402797 0 0 5.58425e-13 0 0 0.0154593 0 0 0 0 0 0 8.37121e+11 8.37121e+11 8.37121e+11 8.37121e+11 
0.198752 1.12068 -2.17932 -0.0598914 -1.61751 -3.32068 6.47968e+06 1.80513e+16 1.32808e-06 1.20923e-05 1.37884e-18 3.49726e-08 403121 0 0 5.62933e-13 0 0 0.0154592 0 0 0 0 0 0 8.1156e+11 8.1156e+11 8.1156e+11 8.1156e+11 
0.199038 1.13222 -2.16778 -0.0482013 -1.60451 -3.33222 6.51593e+06 1.73652e+16 1.32884e-06 1.18971e-05 1.38734e-18 3.31002e-08 403383 0 0 5.66558e-13 0 0 0.0154592 0 0 0 0 0 0 7.73705e+11 7.73705e+11 7.73705e+11 7.73705e+11 
0.199277 1.14188 -2.15812 -0.0384238 -1.59292 -3.34188 6.54543e+06 1.64947e+16 1.32944e-06 1.16419e-05 1.39426e-18 3.07665e-08 403592 0 0 5.69422e-13 0 0 0.0154592 0 0 0 0 0 0 7.24037e+11 7.24037e+11 7.24037e+11 7.24037e+11 
0.199478 1.14996 -2.15004 -0.0302474 -1.58239 -3.34996 6.56924e+06 1.54511e+16 1.32992e-06 1.13267e-05 1.39983e-18 2.80397e-08 403757 0 0 5.71642e-13 0 0 0.0154592 0 0 0 0 0 0 6.6418e+11 6.6418e+11 6.6418e+11 6.6418e+11 
0.199645 1.15673 -2.14327 -0.023411 -1.57264 -3.35673 6.5883e+06 1.42572e+16 1.3303e-06 1.09542e-05 1.40429e-18 2.50222e-08 403886 0 0 5.73328e-13 0 0 0.0154591 0 0 0 0 0 0 5.96566e+11 5.96566e+11 5.96566e+11 5.96566e+11 
0.199785 1.16238 -2.13762 -0.0176957 -1.5634 -3.36238 6.60346e+06 1.29427e+16 1.33058e-06 1.05284e-05 1.40783e-18 2.18322e-08 403984 0 0 5.74582e-13 0 0 0.0154589 0 0 0 0 0 0 5.24007e+11 5.24007e+11 5.24007e+11 5.24007e+11 
0.199902 1.16711 -2.13289 -0.012918 -1.55445 -3.36711 6.61547e+06 1.15394e+16 1.3308e-06 1.00534e-05 1.41061e-18 1.85869e-08 404059 0 0 5.75492e-13 0 0 0.0154585 0 0 0 0 0 0 4.49303e+11 4.49303e+11 4.49303e+11 4.49303e+11 
0.2 1.17107 -2.12893 -0.0089244 -1.54554 -3.37107 6.62494e+06 1.00774e+16 1.3309e-06 9.53157e-06 1.41274e-18 1.53894e-08 404088 0 0 5.75844e-13 0 0 0.0154583 0 0 0 0 0 0 3.74932e+11 3.74932e+11 3.74932e+11 3.74932e+11 