# ASCII 1D datafile generated by TiberCAD
# x Ec Ev eQFermi hQFermi ElPotential eDensity hDensity eMobility hMobility eConductivity hConductivity ElField_x ElField_y ElField_z eCurrentDensity_x eCurrentDensity_y eCurrentDensity_z hCurrentDensity_x hCurrentDensity_y hCurrentDensity_z IonizedDonors IonizedAcceptors IonizedElectronTraps IonizedHoleTraps eNetRecombination eLangevinRecombination hNetRecombination hLangevinRecombination 
0 -3.25 -6.55 -4.73012 -6.04335 1.05 63.2218 7.32319e+16 8.47415e-07 1.60102e-05 8.86925e-23 1.87849e-07 39255.2 0 0 2.59016e-18 0 0 0.0100359 0 0 0 0 0 0 4.03513e+07 4.03513e+07 4.03513e+07 4.03513e+07 
9.79066e-05 -3.24962 -6.54962 -4.72984 -6.04282 1.04962 62.982 7.29836e+16 8.4745e-07 1.59799e-05 8.86603e-23 1.86857e-07 39439.9 0 0 2.61986e-18 0 0 0.0100359 0 0 0 0 0 0 3.99899e+07 3.99899e+07 3.99899e+07 3.99899e+07 
0.000214985 -3.24915 -6.54915 -4.72949 -6.04219 1.04915 62.7062 7.26897e+16 8.47529e-07 1.59447e-05 8.86236e-23 1.85694e-07 39880.8 0 0 2.69052e-18 0 0 0.0100359 0 0 0 0 0 0 3.95716e+07 3.95716e+07 3.95716e+07 3.95716e+07 
0.000354988 -3.24859 -6.54859 -4.72906 -6.04143 1.04859 62.3915 7.23424e+16 8.47624e-07 1.5903e-05 8.85819e-23 1.84325e-07 40405.7 0 0 2.77399e-18 0 0 0.0100359 0 0 0 0 0 0 3.9088e+07 3.9088e+07 3.9088e+07 3.9088e+07 
0.000522406 -3.24791 -6.54791 -4.72852 -6.04052 1.04791 62.036 7.19332e+16 8.4774e-07 1.58539e-05 8.85347e-23 1.82716e-07 41030.1 0 0 2.87241e-18 0 0 0.0100359 0 0 0 0 0 0 3.85324e+07 3.85324e+07 3.85324e+07 3.85324e+07 
0.000722606 -3.24708 -6.54708 -4.72786 -6.03941 1.04708 61.6396 7.14522e+16 8.47879e-07 1.57962e-05 8.84823e-23 1.80833e-07 41772.1 0 0 2.98817e-18 0 0 0.0100359 0 0 0 0 0 0 3.7899e+07 3.7899e+07 3.7899e+07 3.7899e+07 
0.000962009 -3.24607 -6.54607 -4.72703 -6.03807 1.04607 61.2047 7.08885e+16 8.48049e-07 1.57285e-05 8.84249e-23 1.78637e-07 42653 0 0 3.124e-18 0 0 0.0100359 0 0 0 0 0 0 3.71832e+07 3.71832e+07 3.71832e+07 3.71832e+07 
0.00124829 -3.24483 -6.54483 -4.72599 -6.03645 1.04483 60.7377 7.02304e+16 8.48255e-07 1.56494e-05 8.83634e-23 1.76089e-07 43697.4 0 0 3.2829e-18 0 0 0.0100359 0 0 0 0 0 0 3.6383e+07 3.6383e+07 3.6383e+07 3.6383e+07 
0.00159063 -3.24331 -6.54331 -4.72468 -6.03449 1.04331 60.2505 6.94655e+16 8.48507e-07 1.55573e-05 8.82996e-23 1.73147e-07 44933.6 0 0 3.46824e-18 0 0 0.0100359 0 0 0 0 0 0 3.54994e+07 3.54994e+07 3.54994e+07 3.54994e+07 
0.002 -3.24145 -6.54145 -4.72303 -6.03209 1.04145 59.763 6.85809e+16 8.48643e-07 1.54476e-05 8.82347e-23 1.69737e-07 45668.7 0 0 3.57759e-18 0 0 0.0100359 0 0 0 0 0 0 3.45317e+07 3.45317e+07 3.45317e+07 3.45317e+07 
0.002 -3.24145 -6.54145 -4.72303 -6.03209 1.04145 59.763 6.85809e+16 8.4899e-07 1.5454e-05 8.8238e-23 1.69806e-07 47280.9 0 0 3.81335e-18 0 0 0.0100359 0 0 0 0 0 0 3.45458e+07 3.45458e+07 3.45458e+07 3.45458e+07 
0.0025 -3.23908 -6.53908 -4.72086 -6.0291 1.03908 59.2975 6.75424e+16 8.4918e-07 1.53252e-05 8.81765e-23 1.65842e-07 48153.8 0 0 3.93866e-18 0 0 0.0100359 0 0 0 0 0 0 3.34915e+07 3.34915e+07 3.34915e+07 3.34915e+07 
0.003 -3.23663 -6.53663 -4.71856 -6.02604 1.03663 58.9632 6.65471e+16 8.4957e-07 1.5205e-05 8.81347e-23 1.62116e-07 49887 0 0 4.18547e-18 0 0 0.0100359 0 0 0 0 0 0 3.25688e+07 3.25688e+07 3.25688e+07 3.25688e+07 
0.0035 -3.23409 -6.53409 -4.71612 -6.02291 1.03409 58.7504 6.55921e+16 8.4997e-07 1.50895e-05 8.81095e-23 1.58576e-07 51594.9 0 0 4.42506e-18 0 0 0.0100359 0 0 0 0 0 0 3.17563e+07 3.17563e+07 3.17563e+07 3.17563e+07 
0.004 -3.23147 -6.53147 -4.71354 -6.01971 1.03147 58.6509 6.4675e+16 8.50378e-07 1.49785e-05 8.80998e-23 1.55209e-07 53278.6 0 0 4.65823e-18 0 0 0.0100359 0 0 0 0 0 0 3.10424e+07 3.10424e+07 3.10424e+07 3.10424e+07 
0.0045 -3.22876 -6.52876 -4.71083 -6.01644 1.02876 58.6583 6.37935e+16 8.50795e-07 1.48717e-05 8.81047e-23 1.52002e-07 54939.1 0 0 4.8857e-18 0 0 0.0100359 0 0 0 0 0 0 3.04174e+07 3.04174e+07 3.04174e+07 3.04174e+07 
0.005 -3.22598 -6.52598 -4.70799 -6.01311 1.02598 58.7671 6.29455e+16 8.5122e-07 1.47689e-05 8.81235e-23 1.48944e-07 56577.2 0 0 5.10812e-18 0 0 0.0100359 0 0 0 0 0 0 2.98729e+07 2.98729e+07 2.98729e+07 2.98729e+07 
0.0055 -3.22311 -6.52311 -4.70503 -6.00971 1.02311 58.9731 6.21289e+16 8.51652e-07 1.46699e-05 8.81557e-23 1.46026e-07 58193.8 0 0 5.32609e-18 0 0 0.0100359 0 0 0 0 0 0 2.9402e+07 2.9402e+07 2.9402e+07 2.9402e+07 
0.006 -3.22016 -6.52016 -4.70195 -6.00624 1.02016 59.2733 6.13421e+16 8.52092e-07 1.45744e-05 8.82008e-23 1.43238e-07 59789.6 0 0 5.54013e-18 0 0 0.0100359 0 0 0 0 0 0 2.89987e+07 2.89987e+07 2.89987e+07 2.89987e+07 
0.0065 -3.21713 -6.51713 -4.69875 -6.0027 1.01713 59.6653 6.05833e+16 8.5254e-07 1.44822e-05 8.82586e-23 1.40572e-07 61365.5 0 0 5.75074e-18 0 0 0.0100359 0 0 0 0 0 0 2.86579e+07 2.86579e+07 2.86579e+07 2.86579e+07 
0.007 -3.21402 -6.51402 -4.69544 -5.9991 1.01402 60.1474 5.9851e+16 8.52994e-07 1.43932e-05 8.83288e-23 1.3802e-07 62922.2 0 0 5.95837e-18 0 0 0.0100359 0 0 0 0 0 0 2.83756e+07 2.83756e+07 2.83756e+07 2.83756e+07 
0.0075 -3.21084 -6.51084 -4.69201 -5.99543 1.01084 60.7189 5.91438e+16 8.53455e-07 1.43073e-05 8.84114e-23 1.35574e-07 64460.2 0 0 6.16345e-18 0 0 0.0100359 0 0 0 0 0 0 2.8148e+07 2.8148e+07 2.8148e+07 2.8148e+07 
0.008 -3.20757 -6.50757 -4.68846 -5.9917 1.00757 61.3797 5.84603e+16 8.53922e-07 1.42242e-05 8.85064e-23 1.33229e-07 65980.2 0 0 6.36637e-18 0 0 0.0100359 0 0 0 0 0 0 2.79721e+07 2.79721e+07 2.79721e+07 2.79721e+07 
0.0085 -3.20424 -6.50424 -4.68481 -5.9879 1.00424 62.1302 5.77992e+16 8.54396e-07 1.41438e-05 8.86138e-23 1.30978e-07 67482.9 0 0 6.56751e-18 0 0 0.0100359 0 0 0 0 0 0 2.78456e+07 2.78456e+07 2.78456e+07 2.78456e+07 
0.009 -3.20083 -6.50083 -4.68105 -5.98404 1.00083 62.9714 5.71595e+16 8.54875e-07 1.4066e-05 8.87338e-23 1.28816e-07 68968.7 0 0 6.76723e-18 0 0 0.0100359 0 0 0 0 0 0 2.77664e+07 2.77664e+07 2.77664e+07 2.77664e+07 
0.0095 -3.19734 -6.49734 -4.67719 -5.98011 0.997341 63.9052 5.654e+16 8.55361e-07 1.39907e-05 8.88666e-23 1.26737e-07 70438.3 0 0 6.96585e-18 0 0 0.0100359 0 0 0 0 0 0 2.77329e+07 2.77329e+07 2.77329e+07 2.77329e+07 
0.01 -3.19378 -6.49378 -4.67321 -5.97612 0.993782 64.9336 5.59397e+16 8.55852e-07 1.39177e-05 8.90127e-23 1.24738e-07 71892.1 0 0 7.16372e-18 0 0 0.0100359 0 0 0 0 0 0 2.77439e+07 2.77439e+07 2.77439e+07 2.77439e+07 
0.0105 -3.19015 -6.49015 -4.66914 -5.97206 0.990152 66.0596 5.53577e+16 8.56349e-07 1.38469e-05 8.91724e-23 1.22812e-07 73330.6 0 0 7.36115e-18 0 0 0.0100359 0 0 0 0 0 0 2.77985e+07 2.77985e+07 2.77985e+07 2.77985e+07 
0.011 -3.18645 -6.48645 -4.66496 -5.96795 0.986449 67.2865 5.47932e+16 8.56852e-07 1.37783e-05 8.93461e-23 1.20957e-07 74754.4 0 0 7.55845e-18 0 0 0.0100359 0 0 0 0 0 0 2.78962e+07 2.78962e+07 2.78962e+07 2.78962e+07 
0.0115 -3.18268 -6.48268 -4.66068 -5.96377 0.982676 68.6185 5.42452e+16 8.5736e-07 1.37117e-05 8.95345e-23 1.19169e-07 76163.7 0 0 7.75592e-18 0 0 0.0100359 0 0 0 0 0 0 2.80367e+07 2.80367e+07 2.80367e+07 2.80367e+07 
0.012 -3.17883 -6.47883 -4.6563 -5.95953 0.978833 70.06 5.3713e+16 8.57873e-07 1.36471e-05 8.97383e-23 1.17443e-07 77559.1 0 0 7.95389e-18 0 0 0.0100359 0 0 0 0 0 0 2.82201e+07 2.82201e+07 2.82201e+07 2.82201e+07 
0.0125 -3.17492 -6.47492 -4.65182 -5.95522 0.97492 71.6163 5.31959e+16 8.58391e-07 1.35843e-05 8.99582e-23 1.15778e-07 78940.9 0 0 8.15264e-18 0 0 0.0100359 0 0 0 0 0 0 2.84466e+07 2.84466e+07 2.84466e+07 2.84466e+07 
0.013 -3.17094 -6.47094 -4.64724 -5.95086 0.970939 73.2934 5.26931e+16 8.58914e-07 1.35233e-05 9.0195e-23 1.14169e-07 80309.5 0 0 8.35249e-18 0 0 0.0100359 0 0 0 0 0 0 2.87169e+07 2.87169e+07 2.87169e+07 2.87169e+07 
0.0135 -3.16689 -6.46689 -4.64256 -5.94643 0.966889 75.098 5.22042e+16 8.59442e-07 1.3464e-05 9.04496e-23 1.12613e-07 81665.3 0 0 8.55375e-18 0 0 0.0100359 0 0 0 0 0 0 2.90318e+07 2.90318e+07 2.90318e+07 2.90318e+07 
0.014 -3.16277 -6.46277 -4.63778 -5.94195 0.962772 77.0374 5.17284e+16 8.59974e-07 1.34063e-05 9.07233e-23 1.11109e-07 83008.6 0 0 8.75674e-18 0 0 0.0100359 0 0 0 0 0 0 2.93924e+07 2.93924e+07 2.93924e+07 2.93924e+07 
0.0145 -3.15859 -6.45859 -4.63291 -5.9374 0.958588 79.1198 5.12652e+16 8.60512e-07 1.33502e-05 9.1017e-23 1.09653e-07 84339.8 0 0 8.96177e-18 0 0 0.0100359 0 0 0 0 0 0 2.98e+07 2.98e+07 2.98e+07 2.98e+07 
0.015 -3.15434 -6.45434 -4.62793 -5.9328 0.954338 81.3543 5.0814e+16 8.61054e-07 1.32956e-05 9.13321e-23 1.08243e-07 85659.2 0 0 9.16918e-18 0 0 0.0100359 0 0 0 0 0 0 3.02564e+07 3.02564e+07 3.02564e+07 3.02564e+07 
0.0155 -3.15002 -6.45002 -4.62287 -5.92813 0.950023 83.7508 5.03744e+16 8.616e-07 1.32424e-05 9.16701e-23 1.06878e-07 86967.1 0 0 9.37932e-18 0 0 0.0100359 0 0 0 0 0 0 3.07635e+07 3.07635e+07 3.07635e+07 3.07635e+07 
0.016 -3.14564 -6.44564 -4.6177 -5.92341 0.945642 86.3205 4.99459e+16 8.62152e-07 1.31906e-05 9.20324e-23 1.05554e-07 88263.7 0 0 9.59255e-18 0 0 0.0100359 0 0 0 0 0 0 3.13234e+07 3.13234e+07 3.13234e+07 3.13234e+07 
0.0165 -3.1412 -6.4412 -4.61244 -5.91862 0.941196 89.0753 4.9528e+16 8.62707e-07 1.31402e-05 9.24209e-23 1.04271e-07 89549.4 0 0 9.80924e-18 0 0 0.0100359 0 0 0 0 0 0 3.19388e+07 3.19388e+07 3.19388e+07 3.19388e+07 
0.017 -3.13669 -6.43669 -4.60709 -5.91378 0.936687 92.0284 4.91202e+16 8.63267e-07 1.3091e-05 9.28373e-23 1.03025e-07 90824.5 0 0 1.00298e-17 0 0 0.0100359 0 0 0 0 0 0 3.26124e+07 3.26124e+07 3.26124e+07 3.26124e+07 
0.0175 -3.13211 -6.43211 -4.60164 -5.90888 0.932114 95.1942 4.87223e+16 8.63831e-07 1.3043e-05 9.32838e-23 1.01816e-07 92089.1 0 0 1.02546e-17 0 0 0.0100359 0 0 0 0 0 0 3.33474e+07 3.33474e+07 3.33474e+07 3.33474e+07 
0.018 -3.12748 -6.42748 -4.5961 -5.90393 0.927478 98.5887 4.83338e+16 8.644e-07 1.29963e-05 9.37626e-23 1.00642e-07 93343.6 0 0 1.04841e-17 0 0 0.0100359 0 0 0 0 0 0 3.41473e+07 3.41473e+07 3.41473e+07 3.41473e+07 
0.0185 -3.12278 -6.42278 -4.59046 -5.89891 0.922779 102.229 4.79543e+16 8.64973e-07 1.29507e-05 9.42761e-23 9.95016e-08 94588.1 0 0 1.07187e-17 0 0 0.0100359 0 0 0 0 0 0 3.5016e+07 3.5016e+07 3.5016e+07 3.5016e+07 
0.019 -3.11802 -6.41802 -4.58473 -5.89384 0.918019 106.134 4.75835e+16 8.65549e-07 1.29062e-05 9.48271e-23 9.83928e-08 95822.9 0 0 1.0959e-17 0 0 0.0100359 0 0 0 0 0 0 3.59577e+07 3.59577e+07 3.59577e+07 3.59577e+07 
0.0195 -3.1132 -6.4132 -4.57891 -5.88871 0.913197 110.324 4.72211e+16 8.66131e-07 1.28627e-05 9.54184e-23 9.73146e-08 97048.3 0 0 1.12054e-17 0 0 0.0100359 0 0 0 0 0 0 3.69771e+07 3.69771e+07 3.69771e+07 3.69771e+07 
0.02 -3.10831 -6.40831 -4.57299 -5.88353 0.908314 114.821 4.68667e+16 8.66716e-07 1.28203e-05 9.60533e-23 9.62658e-08 98264.4 0 0 1.14585e-17 0 0 0.0100359 0 0 0 0 0 0 3.80792e+07 3.80792e+07 3.80792e+07 3.80792e+07 
0.0205 -3.10337 -6.40337 -4.56698 -5.87829 0.903371 119.65 4.65202e+16 8.67305e-07 1.27788e-05 9.67351e-23 9.5245e-08 99471.4 0 0 1.17188e-17 0 0 0.0100359 0 0 0 0 0 0 3.92697e+07 3.92697e+07 3.92697e+07 3.92697e+07 
0.021 -3.09837 -6.39837 -4.56088 -5.87299 0.898367 124.837 4.61811e+16 8.67898e-07 1.27383e-05 9.74677e-23 9.42512e-08 100670 0 0 1.1987e-17 0 0 0.0100359 0 0 0 0 0 0 4.05543e+07 4.05543e+07 4.05543e+07 4.05543e+07 
0.0215 -3.0933 -6.3933 -4.55468 -5.86764 0.893304 130.409 4.58492e+16 8.68495e-07 1.26988e-05 9.8255e-23 9.32832e-08 101859 0 0 1.22636e-17 0 0 0.0100359 0 0 0 0 0 0 4.19396e+07 4.19396e+07 4.19396e+07 4.19396e+07 
0.022 -3.08818 -6.38818 -4.5484 -5.86223 0.888181 136.398 4.55244e+16 8.69097e-07 1.26601e-05 9.91015e-23 9.23401e-08 103040 0 0 1.25494e-17 0 0 0.0100359 0 0 0 0 0 0 4.34326e+07 4.34326e+07 4.34326e+07 4.34326e+07 
0.0225 -3.083 -6.383 -4.54202 -5.85677 0.883 142.836 4.52062e+16 8.69702e-07 1.26222e-05 1.00012e-22 9.14208e-08 104213 0 0 1.2845e-17 0 0 0.0100359 0 0 0 0 0 0 4.50405e+07 4.50405e+07 4.50405e+07 4.50405e+07 
0.023 -3.07776 -6.37776 -4.53556 -5.85125 0.87776 149.758 4.48946e+16 8.70311e-07 1.25853e-05 1.00991e-22 9.05245e-08 105377 0 0 1.31512e-17 0 0 0.0100359 0 0 0 0 0 0 4.67714e+07 4.67714e+07 4.67714e+07 4.67714e+07 
0.0235 -3.07246 -6.37246 -4.529 -5.84568 0.872462 157.203 4.45892e+16 8.70924e-07 1.25491e-05 1.02044e-22 8.96503e-08 106534 0 0 1.34688e-17 0 0 0.0100359 0 0 0 0 0 0 4.86335e+07 4.86335e+07 4.86335e+07 4.86335e+07 
0.024 -3.06711 -6.36711 -4.52236 -5.84006 0.867106 165.21 4.42899e+16 8.71541e-07 1.25137e-05 1.03178e-22 8.87974e-08 107683 0 0 1.37987e-17 0 0 0.0100359 0 0 0 0 0 0 5.06359e+07 5.06359e+07 5.06359e+07 5.06359e+07 
0.0245 -3.06169 -6.36169 -4.51563 -5.83438 0.861694 173.821 4.39965e+16 8.72161e-07 1.2479e-05 1.04398e-22 8.79649e-08 108824 0 0 1.41415e-17 0 0 0.0100359 0 0 0 0 0 0 5.27879e+07 5.27879e+07 5.27879e+07 5.27879e+07 
0.025 -3.05622 -6.35622 -4.50882 -5.82865 0.856224 183.083 4.37087e+16 8.72786e-07 1.24451e-05 1.0571e-22 8.71521e-08 109957 0 0 1.44984e-17 0 0 0.0100359 0 0 0 0 0 0 5.50991e+07 5.50991e+07 5.50991e+07 5.50991e+07 
0.0255 -3.0507 -6.3507 -4.50192 -5.82287 0.850698 193.041 4.34265e+16 8.73414e-07 1.24119e-05 1.07122e-22 8.63583e-08 111084 0 0 1.48702e-17 0 0 0.0100359 0 0 0 0 0 0 5.75799e+07 5.75799e+07 5.75799e+07 5.75799e+07 
0.026 -3.04512 -6.34512 -4.49494 -5.81703 0.845116 203.746 4.31496e+16 8.74046e-07 1.23794e-05 1.08641e-22 8.55828e-08 112203 0 0 1.52579e-17 0 0 0.0100359 0 0 0 0 0 0 6.02405e+07 6.02405e+07 6.02405e+07 6.02405e+07 
0.0265 -3.03948 -6.33948 -4.48788 -5.81114 0.839478 215.249 4.28778e+16 8.74681e-07 1.23476e-05 1.10274e-22 8.48251e-08 113315 0 0 1.56626e-17 0 0 0.0100359 0 0 0 0 0 0 6.30917e+07 6.30917e+07 6.30917e+07 6.30917e+07 
0.027 -3.03378 -6.33378 -4.48074 -5.8052 0.833784 227.603 4.26111e+16 8.7532e-07 1.23164e-05 1.12028e-22 8.40843e-08 114420 0 0 1.60853e-17 0 0 0.0100359 0 0 0 0 0 0 6.61445e+07 6.61445e+07 6.61445e+07 6.61445e+07 
0.0275 -3.02804 -6.32804 -4.47353 -5.79921 0.828036 240.863 4.23492e+16 8.75963e-07 1.22858e-05 1.13913e-22 8.336e-08 115518 0 0 1.65272e-17 0 0 0.0100359 0 0 0 0 0 0 6.94099e+07 6.94099e+07 6.94099e+07 6.94099e+07 
0.028 -3.02223 -6.32223 -4.46624 -5.79316 0.822232 255.084 4.20919e+16 8.76609e-07 1.22558e-05 1.15935e-22 8.26517e-08 116609 0 0 1.69896e-17 0 0 0.0100359 0 0 0 0 0 0 7.28988e+07 7.28988e+07 7.28988e+07 7.28988e+07 
0.0285 -3.01637 -6.31637 -4.45888 -5.78706 0.816375 270.323 4.18393e+16 8.77258e-07 1.22265e-05 1.18103e-22 8.19587e-08 117694 0 0 1.74736e-17 0 0 0.0100359 0 0 0 0 0 0 7.66222e+07 7.66222e+07 7.66222e+07 7.66222e+07 
0.029 -3.01046 -6.31046 -4.45145 -5.78092 0.810463 286.637 4.1591e+16 8.77911e-07 1.21977e-05 1.20426e-22 8.12805e-08 118772 0 0 1.79807e-17 0 0 0.0100359 0 0 0 0 0 0 8.0591e+07 8.0591e+07 8.0591e+07 8.0591e+07 
0.0295 -3.0045 -6.3045 -4.44395 -5.77472 0.804498 304.085 4.13471e+16 8.78567e-07 1.21694e-05 1.22912e-22 8.06167e-08 119844 0 0 1.85122e-17 0 0 0.0100359 0 0 0 0 0 0 8.48159e+07 8.48159e+07 8.48159e+07 8.48159e+07 
0.03 -2.99848 -6.29848 -4.43639 -5.76847 0.798479 322.724 4.11073e+16 8.79226e-07 1.21417e-05 1.2557e-22 7.99668e-08 120910 0 0 1.90698e-17 0 0 0.0100359 0 0 0 0 0 0 8.93072e+07 8.93072e+07 8.93072e+07 8.93072e+07 
0.0305 -2.99241 -6.29241 -4.42877 -5.76217 0.792407 342.611 4.08715e+16 8.79888e-07 1.21146e-05 1.28408e-22 7.93304e-08 121969 0 0 1.9655e-17 0 0 0.0100359 0 0 0 0 0 0 9.40752e+07 9.40752e+07 9.40752e+07 9.40752e+07 
0.031 -2.98628 -6.28628 -4.42109 -5.75582 0.786282 363.807 4.06397e+16 8.80553e-07 1.20879e-05 1.31435e-22 7.8707e-08 123023 0 0 2.02697e-17 0 0 0.0100359 0 0 0 0 0 0 9.913e+07 9.913e+07 9.913e+07 9.913e+07 
0.0315 -2.9801 -6.2801 -4.41336 -5.74942 0.780104 386.37 4.04117e+16 8.81221e-07 1.20618e-05 1.34659e-22 7.80962e-08 124071 0 0 2.09157e-17 0 0 0.0100359 0 0 0 0 0 0 1.04482e+08 1.04482e+08 1.04482e+08 1.04482e+08 
0.032 -2.97387 -6.27387 -4.40557 -5.74297 0.773875 410.36 4.01875e+16 8.81892e-07 1.20361e-05 1.3809e-22 7.74976e-08 125112 0 0 2.15953e-17 0 0 0.0100359 0 0 0 0 0 0 1.1014e+08 1.1014e+08 1.1014e+08 1.1014e+08 
0.0325 -2.96759 -6.26759 -4.39773 -5.73647 0.767593 435.84 3.99668e+16 8.82565e-07 1.2011e-05 1.41738e-22 7.69108e-08 126148 0 0 2.23105e-17 0 0 0.0100359 0 0 0 0 0 0 1.16116e+08 1.16116e+08 1.16116e+08 1.16116e+08 
0.033 -2.96126 -6.26126 -4.38983 -5.72992 0.76126 462.873 3.97497e+16 8.83241e-07 1.19862e-05 1.4561e-22 7.63356e-08 127179 0 0 2.30639e-17 0 0 0.0100359 0 0 0 0 0 0 1.22419e+08 1.22419e+08 1.22419e+08 1.22419e+08 
0.0335 -2.95488 -6.25488 -4.38189 -5.72332 0.754875 491.528 3.95359e+16 8.8392e-07 1.1962e-05 1.49719e-22 7.57714e-08 128203 0 0 2.3858e-17 0 0 0.0100359 0 0 0 0 0 0 1.29062e+08 1.29062e+08 1.29062e+08 1.29062e+08 
0.034 -2.94844 -6.24844 -4.37391 -5.71667 0.748439 521.875 3.93255e+16 8.84602e-07 1.19382e-05 1.54074e-22 7.52181e-08 129223 0 0 2.46956e-17 0 0 0.0100359 0 0 0 0 0 0 1.36056e+08 1.36056e+08 1.36056e+08 1.36056e+08 
0.0345 -2.94195 -6.24195 -4.36587 -5.70998 0.741953 553.992 3.91184e+16 8.85286e-07 1.19148e-05 1.58686e-22 7.46752e-08 130237 0 0 2.55797e-17 0 0 0.0100359 0 0 0 0 0 0 1.43413e+08 1.43413e+08 1.43413e+08 1.43413e+08 
0.035 -2.93542 -6.23542 -4.35779 -5.70323 0.735416 587.961 3.89144e+16 8.85972e-07 1.18918e-05 1.63569e-22 7.41425e-08 131245 0 0 2.65135e-17 0 0 0.0100359 0 0 0 0 0 0 1.5115e+08 1.5115e+08 1.5115e+08 1.5115e+08 
0.0355 -2.92883 -6.22883 -4.34967 -5.69644 0.728828 623.871 3.87135e+16 8.86661e-07 1.18692e-05 1.68735e-22 7.36197e-08 132249 0 0 2.75002e-17 0 0 0.0100359 0 0 0 0 0 0 1.5928e+08 1.5928e+08 1.5928e+08 1.5928e+08 
0.036 -2.92219 -6.22219 -4.3415 -5.6896 0.722191 661.816 3.85155e+16 8.87352e-07 1.1847e-05 1.74199e-22 7.31065e-08 133247 0 0 2.85435e-17 0 0 0.0100359 0 0 0 0 0 0 1.6782e+08 1.6782e+08 1.6782e+08 1.6782e+08 
0.0365 -2.9155 -6.2155 -4.33329 -5.68272 0.715504 701.902 3.83205e+16 8.88045e-07 1.18252e-05 1.79976e-22 7.26025e-08 134240 0 0 2.96471e-17 0 0 0.0100359 0 0 0 0 0 0 1.76791e+08 1.76791e+08 1.76791e+08 1.76791e+08 
0.037 -2.90877 -6.20877 -4.32504 -5.67578 0.708767 744.239 3.81284e+16 8.88741e-07 1.18038e-05 1.86082e-22 7.21077e-08 135228 0 0 3.08148e-17 0 0 0.0100359 0 0 0 0 0 0 1.8621e+08 1.8621e+08 1.8621e+08 1.8621e+08 
0.0375 -2.90198 -6.20198 -4.31674 -5.6688 0.701981 788.947 3.7939e+16 8.89439e-07 1.17828e-05 1.92537e-22 7.16217e-08 136211 0 0 3.20508e-17 0 0 0.0100359 0 0 0 0 0 0 1.96101e+08 1.96101e+08 1.96101e+08 1.96101e+08 
0.038 -2.89515 -6.19515 -4.3084 -5.66177 0.695146 836.155 3.77524e+16 8.9014e-07 1.17621e-05 1.99358e-22 7.11442e-08 137190 0 0 3.33594e-17 0 0 0.0100359 0 0 0 0 0 0 2.06487e+08 2.06487e+08 2.06487e+08 2.06487e+08 
0.0385 -2.88826 -6.18826 -4.30002 -5.65469 0.688262 885.998 3.75683e+16 8.90843e-07 1.17418e-05 2.06566e-22 7.0675e-08 138163 0 0 3.47449e-17 0 0 0.0100359 0 0 0 0 0 0 2.17391e+08 2.17391e+08 2.17391e+08 2.17391e+08 
0.039 -2.88133 -6.18133 -4.29159 -5.64757 0.68133 938.622 3.73869e+16 8.91548e-07 1.17218e-05 2.14183e-22 7.0214e-08 139132 0 0 3.62122e-17 0 0 0.0100359 0 0 0 0 0 0 2.28841e+08 2.28841e+08 2.28841e+08 2.28841e+08 
0.0395 -2.87435 -6.17435 -4.28312 -5.6404 0.674349 994.179 3.7208e+16 8.92255e-07 1.17021e-05 2.22232e-22 6.97608e-08 140096 0 0 3.7766e-17 0 0 0.0100359 0 0 0 0 0 0 2.40864e+08 2.40864e+08 2.40864e+08 2.40864e+08 
0.04 -2.86732 -6.16732 -4.2746 -5.63318 0.66732 1052.83 3.70315e+16 8.92965e-07 1.16828e-05 2.30736e-22 6.93153e-08 141056 0 0 3.94114e-17 0 0 0.0100359 0 0 0 0 0 0 2.53488e+08 2.53488e+08 2.53488e+08 2.53488e+08 
0.0405 -2.86024 -6.16024 -4.26605 -5.62592 0.660243 1114.74 3.68574e+16 8.93677e-07 1.16638e-05 2.3972e-22 6.88773e-08 142011 0 0 4.11537e-17 0 0 0.0100359 0 0 0 0 0 0 2.66744e+08 2.66744e+08 2.66744e+08 2.66744e+08 
0.041 -2.85312 -6.15312 -4.25745 -5.61861 0.653119 1180.09 3.66857e+16 8.94391e-07 1.16451e-05 2.49212e-22 6.84465e-08 142961 0 0 4.29985e-17 0 0 0.0100359 0 0 0 0 0 0 2.80663e+08 2.80663e+08 2.80663e+08 2.80663e+08 
0.0415 -2.84595 -6.14595 -4.2488 -5.61126 0.645947 1249.05 3.65163e+16 8.95107e-07 1.16268e-05 2.59238e-22 6.80229e-08 143907 0 0 4.49514e-17 0 0 0.0100359 0 0 0 0 0 0 2.95277e+08 2.95277e+08 2.95277e+08 2.95277e+08 
0.042 -2.83873 -6.13873 -4.24012 -5.60386 0.638728 1321.82 3.63491e+16 8.95826e-07 1.16087e-05 2.69826e-22 6.76061e-08 144849 0 0 4.70184e-17 0 0 0.0100359 0 0 0 0 0 0 3.10618e+08 3.10618e+08 3.10618e+08 3.10618e+08 
0.0425 -2.83146 -6.13146 -4.23139 -5.59641 0.631462 1398.6 3.6184e+16 8.96547e-07 1.15909e-05 2.81007e-22 6.71961e-08 145787 0 0 4.92057e-17 0 0 0.0100359 0 0 0 0 0 0 3.26721e+08 3.26721e+08 3.26721e+08 3.26721e+08 
0.043 -2.82415 -6.12415 -4.22262 -5.58892 0.62415 1479.57 3.60212e+16 8.9727e-07 1.15734e-05 2.9281e-22 6.67927e-08 146720 0 0 5.15197e-17 0 0 0.0100359 0 0 0 0 0 0 3.43619e+08 3.43619e+08 3.43619e+08 3.43619e+08 
0.0435 -2.81679 -6.11679 -4.2138 -5.58139 0.61679 1564.96 3.58604e+16 8.97996e-07 1.15562e-05 3.05267e-22 6.63956e-08 147649 0 0 5.39671e-17 0 0 0.0100359 0 0 0 0 0 0 3.61349e+08 3.61349e+08 3.61349e+08 3.61349e+08 
0.044 -2.80938 -6.10938 -4.20495 -5.57381 0.609385 1654.97 3.57017e+16 8.98723e-07 1.15392e-05 3.1841e-22 6.60048e-08 148574 0 0 5.65549e-17 0 0 0.0100359 0 0 0 0 0 0 3.79946e+08 3.79946e+08 3.79946e+08 3.79946e+08 
0.0445 -2.80193 -6.10193 -4.19605 -5.56618 0.601933 1749.83 3.55449e+16 8.99453e-07 1.15226e-05 3.32273e-22 6.56201e-08 149495 0 0 5.92903e-17 0 0 0.0100359 0 0 0 0 0 0 3.99446e+08 3.99446e+08 3.99446e+08 3.99446e+08 
0.045 -2.79444 -6.09444 -4.18712 -5.55851 0.594435 1849.75 3.53901e+16 9.00185e-07 1.15062e-05 3.4689e-22 6.52413e-08 150412 0 0 6.21807e-17 0 0 0.0100359 0 0 0 0 0 0 4.19888e+08 4.19888e+08 4.19888e+08 4.19888e+08 
0.0455 -2.78689 -6.08689 -4.17814 -5.5508 0.586892 1954.98 3.52373e+16 9.00919e-07 1.149e-05 3.62297e-22 6.48684e-08 151324 0 0 6.5234e-17 0 0 0.0100359 0 0 0 0 0 0 4.41309e+08 4.41309e+08 4.41309e+08 4.41309e+08 
0.046 -2.7793 -6.0793 -4.16912 -5.54304 0.579303 2065.75 3.50863e+16 9.01655e-07 1.14741e-05 3.7853e-22 6.45011e-08 152233 0 0 6.84582e-17 0 0 0.0100359 0 0 0 0 0 0 4.63747e+08 4.63747e+08 4.63747e+08 4.63747e+08 
0.0465 -2.77167 -6.07167 -4.16006 -5.53524 0.571668 2182.31 3.49371e+16 9.02393e-07 1.14585e-05 3.95626e-22 6.41393e-08 153138 0 0 7.18616e-17 0 0 0.0100359 0 0 0 0 0 0 4.87243e+08 4.87243e+08 4.87243e+08 4.87243e+08 
0.047 -2.76399 -6.06399 -4.15097 -5.5274 0.563989 2304.91 3.47898e+16 9.03133e-07 1.14431e-05 4.13624e-22 6.37829e-08 154040 0 0 7.54529e-17 0 0 0.0100359 0 0 0 0 0 0 5.11837e+08 5.11837e+08 5.11837e+08 5.11837e+08 
0.0475 -2.75626 -6.05626 -4.14183 -5.51951 0.556264 2433.8 3.46442e+16 9.03875e-07 1.14279e-05 4.32564e-22 6.34317e-08 154937 0 0 7.9241e-17 0 0 0.0100359 0 0 0 0 0 0 5.37569e+08 5.37569e+08 5.37569e+08 5.37569e+08 
0.048 -2.7485 -6.0485 -4.13266 -5.51157 0.548495 2569.25 3.45003e+16 9.04619e-07 1.1413e-05 4.52486e-22 6.30858e-08 155831 0 0 8.32353e-17 0 0 0.0100359 0 0 0 0 0 0 5.6448e+08 5.6448e+08 5.6448e+08 5.6448e+08 
0.0485 -2.74068 -6.04068 -4.12345 -5.5036 0.540681 2711.54 3.43581e+16 9.05365e-07 1.13983e-05 4.73433e-22 6.27448e-08 156721 0 0 8.74453e-17 0 0 0.0100359 0 0 0 0 0 0 5.92614e+08 5.92614e+08 5.92614e+08 5.92614e+08 
0.049 -2.73282 -6.03282 -4.1142 -5.49558 0.532823 2860.94 3.42176e+16 9.06113e-07 1.13838e-05 4.95447e-22 6.24088e-08 157607 0 0 9.1881e-17 0 0 0.0100359 0 0 0 0 0 0 6.22013e+08 6.22013e+08 6.22013e+08 6.22013e+08 
0.0495 -2.72492 -6.02492 -4.10492 -5.48752 0.524921 3017.74 3.40786e+16 9.06863e-07 1.13695e-05 5.18573e-22 6.20776e-08 158490 0 0 9.65527e-17 0 0 0.0100359 0 0 0 0 0 0 6.52722e+08 6.52722e+08 6.52722e+08 6.52722e+08 
0.05 -2.71697 -6.01697 -4.09559 -5.47941 0.516974 3182.24 3.39413e+16 9.07615e-07 1.13555e-05 5.42857e-22 6.1751e-08 159369 0 0 1.01471e-16 0 0 0.0100359 0 0 0 0 0 0 6.84786e+08 6.84786e+08 6.84786e+08 6.84786e+08 
0.0505 -2.70898 -6.00898 -4.08623 -5.47127 0.508984 3354.73 3.38055e+16 9.08369e-07 1.13416e-05 5.68345e-22 6.14291e-08 160245 0 0 1.06647e-16 0 0 0.0100359 0 0 0 0 0 0 7.18249e+08 7.18249e+08 7.18249e+08 7.18249e+08 
0.051 -2.70095 -6.00095 -4.07684 -5.46308 0.50095 3535.52 3.36713e+16 9.09124e-07 1.1328e-05 5.95085e-22 6.11116e-08 161117 0 0 1.12092e-16 0 0 0.0100359 0 0 0 0 0 0 7.53159e+08 7.53159e+08 7.53159e+08 7.53159e+08 
0.0515 -2.69287 -5.99287 -4.06741 -5.45484 0.492872 3724.94 3.35385e+16 9.09881e-07 1.13146e-05 6.23126e-22 6.07986e-08 161985 0 0 1.17817e-16 0 0 0.0100359 0 0 0 0 0 0 7.89563e+08 7.89563e+08 7.89563e+08 7.89563e+08 
0.052 -2.68475 -5.98475 -4.05794 -5.44657 0.484751 3923.3 3.34073e+16 9.10641e-07 1.13014e-05 6.52521e-22 6.04898e-08 162851 0 0 1.23835e-16 0 0 0.0100359 0 0 0 0 0 0 8.2751e+08 8.2751e+08 8.2751e+08 8.2751e+08 
0.0525 -2.67659 -5.97659 -4.04844 -5.43825 0.476587 4130.94 3.32774e+16 9.11401e-07 1.12883e-05 6.8332e-22 6.01853e-08 163713 0 0 1.30158e-16 0 0 0.0100359 0 0 0 0 0 0 8.67048e+08 8.67048e+08 8.67048e+08 8.67048e+08 
0.053 -2.66838 -5.96838 -4.03891 -5.42989 0.46838 4348.21 3.3149e+16 9.12164e-07 1.12755e-05 7.15577e-22 5.98849e-08 164571 0 0 1.368e-16 0 0 0.0100359 0 0 0 0 0 0 9.08229e+08 9.08229e+08 9.08229e+08 9.08229e+08 
0.0535 -2.66013 -5.96013 -4.02934 -5.42149 0.46013 4575.45 3.30219e+16 9.12928e-07 1.12629e-05 7.49347e-22 5.95885e-08 165426 0 0 1.43773e-16 0 0 0.0100359 0 0 0 0 0 0 9.51103e+08 9.51103e+08 9.51103e+08 9.51103e+08 
0.054 -2.65184 -5.95184 -4.01973 -5.41305 0.451837 4813.02 3.28963e+16 9.13695e-07 1.12504e-05 7.84687e-22 5.9296e-08 166278 0 0 1.51091e-16 0 0 0.0100359 0 0 0 0 0 0 9.95722e+08 9.95722e+08 9.95722e+08 9.95722e+08 
0.0545 -2.6435 -5.9435 -4.01009 -5.40457 0.443502 5061.29 3.27719e+16 9.14462e-07 1.12381e-05 8.21654e-22 5.90074e-08 167127 0 0 1.58768e-16 0 0 0.0100359 0 0 0 0 0 0 1.04214e+09 1.04214e+09 1.04214e+09 1.04214e+09 
0.055 -2.63512 -5.93512 -4.00042 -5.39604 0.435124 5320.64 3.26489e+16 9.15232e-07 1.12261e-05 8.60307e-22 5.87226e-08 167973 0 0 1.66819e-16 0 0 0.0100359 0 0 0 0 0 0 1.09041e+09 1.09041e+09 1.09041e+09 1.09041e+09 
0.0555 -2.6267 -5.9267 -3.99071 -5.38748 0.426705 5591.45 3.25271e+16 9.16003e-07 1.12141e-05 9.00709e-22 5.84415e-08 168815 0 0 1.75258e-16 0 0 0.0100359 0 0 0 0 0 0 1.14059e+09 1.14059e+09 1.14059e+09 1.14059e+09 
0.056 -2.61824 -5.91824 -3.98097 -5.37887 0.418243 5874.11 3.24066e+16 9.16776e-07 1.12024e-05 9.42919e-22 5.8164e-08 169655 0 0 1.84102e-16 0 0 0.0100359 0 0 0 0 0 0 1.19273e+09 1.19273e+09 1.19273e+09 1.19273e+09 
0.0565 -2.60974 -5.90974 -3.9712 -5.37022 0.409739 6169.03 3.22873e+16 9.1755e-07 1.11908e-05 9.87004e-22 5.78901e-08 170491 0 0 1.93366e-16 0 0 0.0100359 0 0 0 0 0 0 1.24689e+09 1.24689e+09 1.24689e+09 1.24689e+09 
0.057 -2.60119 -5.90119 -3.96139 -5.36154 0.401194 6476.63 3.21693e+16 9.18326e-07 1.11794e-05 1.03303e-21 5.76197e-08 171324 0 0 2.03066e-16 0 0 0.0100359 0 0 0 0 0 0 1.30313e+09 1.30313e+09 1.30313e+09 1.30313e+09 
0.0575 -2.59261 -5.89261 -3.95155 -5.35281 0.392607 6797.31 3.20525e+16 9.19103e-07 1.11682e-05 1.08106e-21 5.73527e-08 172154 0 0 2.1322e-16 0 0 0.0100359 0 0 0 0 0 0 1.36151e+09 1.36151e+09 1.36151e+09 1.36151e+09 
0.058 -2.58398 -5.88398 -3.94168 -5.34404 0.383978 7131.52 3.19368e+16 9.19882e-07 1.11571e-05 1.13116e-21 5.7089e-08 172981 0 0 2.23843e-16 0 0 0.0100359 0 0 0 0 0 0 1.42208e+09 1.42208e+09 1.42208e+09 1.42208e+09 
0.0585 -2.57531 -5.87531 -3.93177 -5.33523 0.375309 7479.69 3.18223e+16 9.20663e-07 1.11462e-05 1.18341e-21 5.68286e-08 173805 0 0 2.34955e-16 0 0 0.0100359 0 0 0 0 0 0 1.48491e+09 1.48491e+09 1.48491e+09 1.48491e+09 
0.059 -2.5666 -5.8666 -3.92183 -5.32638 0.366598 7842.27 3.17089e+16 9.21445e-07 1.11354e-05 1.23788e-21 5.65714e-08 174626 0 0 2.46574e-16 0 0 0.0100359 0 0 0 0 0 0 1.55007e+09 1.55007e+09 1.55007e+09 1.55007e+09 
0.0595 -2.55785 -5.85785 -3.91186 -5.31749 0.357846 8219.72 3.15966e+16 9.22229e-07 1.11248e-05 1.29463e-21 5.63174e-08 175444 0 0 2.58717e-16 0 0 0.0100359 0 0 0 0 0 0 1.6176e+09 1.6176e+09 1.6176e+09 1.6176e+09 
0.06 -2.54905 -5.84905 -3.90186 -5.30856 0.349054 8612.52 3.14855e+16 9.23014e-07 1.11143e-05 1.35375e-21 5.60665e-08 176260 0 0 2.71405e-16 0 0 0.0100359 0 0 0 0 0 0 1.68758e+09 1.68758e+09 1.68758e+09 1.68758e+09 
0.0605 -2.54022 -5.84022 -3.89182 -5.29959 0.34022 9021.13 3.13754e+16 9.23801e-07 1.1104e-05 1.41532e-21 5.58186e-08 177072 0 0 2.84657e-16 0 0 0.0100359 0 0 0 0 0 0 1.76007e+09 1.76007e+09 1.76007e+09 1.76007e+09 
0.061 -2.53135 -5.83135 -3.88175 -5.29058 0.331346 9446.04 3.12663e+16 9.24589e-07 1.10938e-05 1.4794e-21 5.55737e-08 177882 0 0 2.98494e-16 0 0 0.0100359 0 0 0 0 0 0 1.83514e+09 1.83514e+09 1.83514e+09 1.83514e+09 
0.0615 -2.52243 -5.82243 -3.87166 -5.28153 0.322432 9887.76 3.11584e+16 9.25378e-07 1.10838e-05 1.54609e-21 5.53317e-08 178689 0 0 3.12936e-16 0 0 0.0100359 0 0 0 0 0 0 1.91285e+09 1.91285e+09 1.91285e+09 1.91285e+09 
0.062 -2.51348 -5.81348 -3.86152 -5.27244 0.313477 10346.8 3.10514e+16 9.26169e-07 1.10739e-05 1.61546e-21 5.50926e-08 179493 0 0 3.28004e-16 0 0 0.0100359 0 0 0 0 0 0 1.99326e+09 1.99326e+09 1.99326e+09 1.99326e+09 
0.0625 -2.50448 -5.80448 -3.85136 -5.26331 0.304483 10823.6 3.09454e+16 9.26962e-07 1.10642e-05 1.68759e-21 5.48563e-08 180294 0 0 3.43721e-16 0 0 0.0100359 0 0 0 0 0 0 2.07646e+09 2.07646e+09 2.07646e+09 2.07646e+09 
0.063 -2.49545 -5.79545 -3.84117 -5.25415 0.295448 11318.9 3.08405e+16 9.27756e-07 1.10546e-05 1.76258e-21 5.46227e-08 181093 0 0 3.60109e-16 0 0 0.0100359 0 0 0 0 0 0 2.16251e+09 2.16251e+09 2.16251e+09 2.16251e+09 
0.0635 -2.48637 -5.78637 -3.83094 -5.24494 0.286373 11832.9 3.07365e+16 9.28551e-07 1.10451e-05 1.8405e-21 5.43919e-08 181889 0 0 3.77191e-16 0 0 0.0100359 0 0 0 0 0 0 2.25148e+09 2.25148e+09 2.25148e+09 2.25148e+09 
0.064 -2.47726 -5.77726 -3.82068 -5.23569 0.277259 12366.5 3.06334e+16 9.29348e-07 1.10358e-05 1.92145e-21 5.41637e-08 182682 0 0 3.9499e-16 0 0 0.0100359 0 0 0 0 0 0 2.34343e+09 2.34343e+09 2.34343e+09 2.34343e+09 
0.0645 -2.46811 -5.76811 -3.81039 -5.22641 0.268105 12920 3.05313e+16 9.30146e-07 1.10266e-05 2.00552e-21 5.39381e-08 183472 0 0 4.13531e-16 0 0 0.0100359 0 0 0 0 0 0 2.43845e+09 2.43845e+09 2.43845e+09 2.43845e+09 
0.065 -2.45891 -5.75891 -3.80007 -5.21709 0.258912 13494.1 3.04301e+16 9.30945e-07 1.10175e-05 2.0928e-21 5.37151e-08 184260 0 0 4.32838e-16 0 0 0.0100359 0 0 0 0 0 0 2.5366e+09 2.5366e+09 2.5366e+09 2.5366e+09 
0.0655 -2.44968 -5.74968 -3.78972 -5.20773 0.249679 14089.3 3.03299e+16 9.31746e-07 1.10085e-05 2.18339e-21 5.34946e-08 185046 0 0 4.52937e-16 0 0 0.0100359 0 0 0 0 0 0 2.63796e+09 2.63796e+09 2.63796e+09 2.63796e+09 
0.066 -2.44041 -5.74041 -3.77933 -5.19833 0.240407 14706.3 3.02305e+16 9.32548e-07 1.09997e-05 2.27738e-21 5.32766e-08 185828 0 0 4.73854e-16 0 0 0.0100359 0 0 0 0 0 0 2.74261e+09 2.74261e+09 2.74261e+09 2.74261e+09 
0.0665 -2.4311 -5.7311 -3.76892 -5.18889 0.231096 15345.5 3.01321e+16 9.33352e-07 1.0991e-05 2.37487e-21 5.30611e-08 186609 0 0 4.95615e-16 0 0 0.0100359 0 0 0 0 0 0 2.85061e+09 2.85061e+09 2.85061e+09 2.85061e+09 
0.067 -2.42175 -5.72175 -3.75847 -5.17941 0.221747 16007.7 3.00345e+16 9.34156e-07 1.09824e-05 2.47596e-21 5.28479e-08 187386 0 0 5.18247e-16 0 0 0.0100359 0 0 0 0 0 0 2.96206e+09 2.96206e+09 2.96206e+09 2.96206e+09 
0.0675 -2.41236 -5.71236 -3.748 -5.1699 0.212358 16693.4 2.99377e+16 9.34963e-07 1.09739e-05 2.58074e-21 5.2637e-08 188161 0 0 5.41777e-16 0 0 0.0100359 0 0 0 0 0 0 3.07701e+09 3.07701e+09 3.07701e+09 3.07701e+09 
0.068 -2.40293 -5.70293 -3.73749 -5.16035 0.20293 17403.3 2.98418e+16 9.3577e-07 1.09656e-05 2.68934e-21 5.24285e-08 188934 0 0 5.66236e-16 0 0 0.0100359 0 0 0 0 0 0 3.19557e+09 3.19557e+09 3.19557e+09 3.19557e+09 
0.0685 -2.39346 -5.69346 -3.72695 -5.15076 0.193464 18138 2.97467e+16 9.36579e-07 1.09574e-05 2.80184e-21 5.22222e-08 189704 0 0 5.9165e-16 0 0 0.0100359 0 0 0 0 0 0 3.31779e+09 3.31779e+09 3.31779e+09 3.31779e+09 
0.069 -2.38396 -5.68396 -3.71638 -5.14113 0.18396 18898.2 2.96525e+16 9.37389e-07 1.09492e-05 2.91836e-21 5.20182e-08 190472 0 0 6.1805e-16 0 0 0.0100359 0 0 0 0 0 0 3.44377e+09 3.44377e+09 3.44377e+09 3.44377e+09 
0.0695 -2.37442 -5.67442 -3.70578 -5.13147 0.174417 19684.5 2.9559e+16 9.382e-07 1.09412e-05 3.039e-21 5.18163e-08 191237 0 0 6.45467e-16 0 0 0.0100359 0 0 0 0 0 0 3.57358e+09 3.57358e+09 3.57358e+09 3.57358e+09 
0.07 -2.36484 -5.66484 -3.69515 -5.12176 0.164836 20497.5 2.94664e+16 9.39012e-07 1.09333e-05 3.16388e-21 5.16167e-08 192000 0 0 6.73931e-16 0 0 0.0100359 0 0 0 0 0 0 3.7073e+09 3.7073e+09 3.7073e+09 3.7073e+09 
0.0705 -2.35522 -5.65522 -3.68449 -5.11202 0.155217 21338 2.93745e+16 9.39826e-07 1.09255e-05 3.29312e-21 5.14191e-08 192761 0 0 7.03473e-16 0 0 0.0100359 0 0 0 0 0 0 3.84503e+09 3.84503e+09 3.84503e+09 3.84503e+09 
0.071 -2.34556 -5.64556 -3.67379 -5.10224 0.14556 22206.7 2.92834e+16 9.40641e-07 1.09179e-05 3.42681e-21 5.12236e-08 193519 0 0 7.34127e-16 0 0 0.0100359 0 0 0 0 0 0 3.98684e+09 3.98684e+09 3.98684e+09 3.98684e+09 
0.0715 -2.33587 -5.63587 -3.66307 -5.09243 0.135865 23104.1 2.91931e+16 9.41457e-07 1.09103e-05 3.56509e-21 5.10301e-08 194275 0 0 7.65924e-16 0 0 0.0100359 0 0 0 0 0 0 4.13281e+09 4.13281e+09 4.13281e+09 4.13281e+09 
0.072 -2.32613 -5.62613 -3.65232 -5.08258 0.126133 24031.2 2.91035e+16 9.42275e-07 1.09028e-05 3.70807e-21 5.08387e-08 195028 0 0 7.98899e-16 0 0 0.0100359 0 0 0 0 0 0 4.28304e+09 4.28304e+09 4.28304e+09 4.28304e+09 
0.0725 -2.31636 -5.61636 -3.64153 -5.07269 0.116362 24988.5 2.90146e+16 9.43094e-07 1.08955e-05 3.85588e-21 5.06492e-08 195779 0 0 8.33086e-16 0 0 0.0100359 0 0 0 0 0 0 4.43761e+09 4.43761e+09 4.43761e+09 4.43761e+09 
0.073 -2.30655 -5.60655 -3.63072 -5.06276 0.106555 25976.8 2.89265e+16 9.43913e-07 1.08882e-05 4.00862e-21 5.04617e-08 196528 0 0 8.68519e-16 0 0 0.0100359 0 0 0 0 0 0 4.5966e+09 4.5966e+09 4.5966e+09 4.5966e+09 
0.0735 -2.29671 -5.59671 -3.61987 -5.0528 0.0967097 26996.8 2.88391e+16 9.44735e-07 1.0881e-05 4.16644e-21 5.02761e-08 197275 0 0 9.05235e-16 0 0 0.0100359 0 0 0 0 0 0 4.76011e+09 4.76011e+09 4.76011e+09 4.76011e+09 
0.074 -2.28683 -5.58683 -3.609 -5.0428 0.0868273 28049.4 2.87524e+16 9.45557e-07 1.0874e-05 4.32945e-21 5.00924e-08 198019 0 0 9.4327e-16 0 0 0.0100359 0 0 0 0 0 0 4.92822e+09 4.92822e+09 4.92822e+09 4.92822e+09 
0.0745 -2.27691 -5.57691 -3.59809 -5.03277 0.0769078 29135.2 2.86664e+16 9.4638e-07 1.0867e-05 4.49778e-21 4.99106e-08 198761 0 0 9.82661e-16 0 0 0.0100359 0 0 0 0 0 0 5.10103e+09 5.10103e+09 5.10103e+09 5.10103e+09 
0.075 -2.26695 -5.56695 -3.58716 -5.02269 0.0669512 30255 2.85811e+16 9.47205e-07 1.08601e-05 4.67157e-21 4.97305e-08 199501 0 0 1.02345e-15 0 0 0.0100359 0 0 0 0 0 0 5.27861e+09 5.27861e+09 5.27861e+09 5.27861e+09 
0.0755 -2.25696 -5.55696 -3.57619 -5.01259 0.0569576 31409.5 2.84964e+16 9.48031e-07 1.08533e-05 4.85094e-21 4.95523e-08 200239 0 0 1.06566e-15 0 0 0.0100359 0 0 0 0 0 0 5.46107e+09 5.46107e+09 5.46107e+09 5.46107e+09 
0.076 -2.24693 -5.54693 -3.5652 -5.00244 0.0469273 32599.7 2.84125e+16 9.48858e-07 1.08466e-05 5.03604e-21 4.93758e-08 200975 0 0 1.10935e-15 0 0 0.0100359 0 0 0 0 0 0 5.64849e+09 5.64849e+09 5.64849e+09 5.64849e+09 
0.0765 -2.23686 -5.53686 -3.55417 -4.99226 0.0368602 33826.3 2.83291e+16 9.49686e-07 1.08401e-05 5.22699e-21 4.92011e-08 201708 0 0 1.15455e-15 0 0 0.0100359 0 0 0 0 0 0 5.84097e+09 5.84097e+09 5.84097e+09 5.84097e+09 
0.077 -2.22676 -5.52676 -3.54312 -4.98204 0.0267565 35090 2.82465e+16 9.50515e-07 1.08335e-05 5.42395e-21 4.90281e-08 202439 0 0 1.20131e-15 0 0 0.0100359 0 0 0 0 0 0 6.0386e+09 6.0386e+09 6.0386e+09 6.0386e+09 
0.0775 -2.21662 -5.51662 -3.53203 -4.97179 0.0166162 36391.8 2.81644e+16 9.51345e-07 1.08271e-05 5.62703e-21 4.88568e-08 203168 0 0 1.24965e-15 0 0 0.0100359 0 0 0 0 0 0 6.24148e+09 6.24148e+09 6.24148e+09 6.24148e+09 
0.078 -2.20644 -5.50644 -3.52091 -4.9615 0.00643963 37732.4 2.8083e+16 9.52177e-07 1.08208e-05 5.8364e-21 4.86871e-08 203895 0 0 1.29963e-15 0 0 0.0100359 0 0 0 0 0 0 6.44969e+09 6.44969e+09 6.44969e+09 6.44969e+09 
0.0785 -2.19623 -5.49623 -3.50977 -4.95118 -0.00377329 39112.7 2.80023e+16 9.53009e-07 1.08146e-05 6.05219e-21 4.85191e-08 204620 0 0 1.3513e-15 0 0 0.0100359 0 0 0 0 0 0 6.66334e+09 6.66334e+09 6.66334e+09 6.66334e+09 
0.079 -2.18598 -5.48598 -3.49859 -4.94082 -0.0140224 40533.6 2.79221e+16 9.53843e-07 1.08084e-05 6.27455e-21 4.83527e-08 205343 0 0 1.40468e-15 0 0 0.0100359 0 0 0 0 0 0 6.88252e+09 6.88252e+09 6.88252e+09 6.88252e+09 
0.0795 -2.17569 -5.47569 -3.48739 -4.93042 -0.0243076 41995.8 2.78425e+16 9.54678e-07 1.08024e-05 6.50363e-21 4.81879e-08 206064 0 0 1.45983e-15 0 0 0.0100359 0 0 0 0 0 0 7.10733e+09 7.10733e+09 7.10733e+09 7.10733e+09 
0.08 -2.16537 -5.46537 -3.47615 -4.91999 -0.0346288 43500.3 2.77636e+16 9.55514e-07 1.07964e-05 6.73958e-21 4.80246e-08 206783 0 0 1.5168e-15 0 0 0.0100359 0 0 0 0 0 0 7.33786e+09 7.33786e+09 7.33786e+09 7.33786e+09 
0.0805 -2.15501 -5.45501 -3.46489 -4.90952 -0.0449858 45048 2.76852e+16 9.56351e-07 1.07905e-05 6.98255e-21 4.78629e-08 207499 0 0 1.57562e-15 0 0 0.0100359 0 0 0 0 0 0 7.57421e+09 7.57421e+09 7.57421e+09 7.57421e+09 
0.081 -2.14462 -5.44462 -3.45359 -4.89902 -0.0553787 46639.7 2.76074e+16 9.57189e-07 1.07847e-05 7.2327e-21 4.77027e-08 208214 0 0 1.63636e-15 0 0 0.0100359 0 0 0 0 0 0 7.81648e+09 7.81648e+09 7.81648e+09 7.81648e+09 
0.0815 -2.13419 -5.43419 -3.44227 -4.88849 -0.0658072 48276.3 2.75302e+16 9.58028e-07 1.07789e-05 7.49018e-21 4.7544e-08 208927 0 0 1.69904e-15 0 0 0.0100359 0 0 0 0 0 0 8.06478e+09 8.06478e+09 8.06478e+09 8.06478e+09 
0.082 -2.12373 -5.42373 -3.43092 -4.87791 -0.0762714 49958.8 2.74536e+16 9.58868e-07 1.07733e-05 7.75516e-21 4.73867e-08 209637 0 0 1.76372e-15 0 0 0.0100359 0 0 0 0 0 0 8.31919e+09 8.31919e+09 8.31919e+09 8.31919e+09 
0.0825 -2.11323 -5.41323 -3.41953 -4.86731 -0.086771 51688 2.73775e+16 9.5971e-07 1.07677e-05 8.02778e-21 4.72309e-08 210346 0 0 1.83046e-15 0 0 0.0100359 0 0 0 0 0 0 8.57983e+09 8.57983e+09 8.57983e+09 8.57983e+09 
0.083 -2.10269 -5.40269 -3.40812 -4.85667 -0.0973059 53465 2.7302e+16 9.60552e-07 1.07622e-05 8.30822e-21 4.70766e-08 211053 0 0 1.8993e-15 0 0 0.0100359 0 0 0 0 0 0 8.84679e+09 8.84679e+09 8.84679e+09 8.84679e+09 
0.0835 -2.09212 -5.39212 -3.39668 -4.84599 -0.107876 55290.5 2.7227e+16 9.61395e-07 1.07568e-05 8.59665e-21 4.69236e-08 211757 0 0 1.97029e-15 0 0 0.0100359 0 0 0 0 0 0 9.12017e+09 9.12017e+09 9.12017e+09 9.12017e+09 
0.084 -2.08152 -5.38152 -3.38521 -4.83528 -0.118482 57165.7 2.71525e+16 9.6224e-07 1.07514e-05 8.89321e-21 4.67721e-08 212460 0 0 2.04349e-15 0 0 0.0100359 0 0 0 0 0 0 9.40008e+09 9.40008e+09 9.40008e+09 9.40008e+09 
0.0845 -2.07088 -5.37088 -3.37371 -4.82453 -0.129122 59091.4 2.70786e+16 9.63085e-07 1.07461e-05 9.1981e-21 4.66219e-08 213161 0 0 2.11894e-15 0 0 0.0100359 0 0 0 0 0 0 9.68662e+09 9.68662e+09 9.68662e+09 9.68662e+09 
0.085 -2.0602 -5.3602 -3.36218 -4.81375 -0.139798 61068.5 2.70052e+16 9.63932e-07 1.07409e-05 9.51147e-21 4.6473e-08 213860 0 0 2.1967e-15 0 0 0.0100359 0 0 0 0 0 0 9.97989e+09 9.97989e+09 9.97989e+09 9.97989e+09 
0.0855 -2.04949 -5.34949 -3.35062 -4.80294 -0.150508 63098.2 2.69324e+16 9.64779e-07 1.07358e-05 9.83349e-21 4.63255e-08 214557 0 0 2.27683e-15 0 0 0.0100359 0 0 0 0 0 0 1.028e+10 1.028e+10 1.028e+10 1.028e+10 
0.086 -2.03875 -5.33875 -3.33903 -4.79209 -0.161254 65181.4 2.686e+16 9.65628e-07 1.07308e-05 1.01644e-20 4.61793e-08 215253 0 0 2.35937e-15 0 0 0.0100359 0 0 0 0 0 0 1.05871e+10 1.05871e+10 1.05871e+10 1.05871e+10 
0.0865 -2.02797 -5.32797 -3.32741 -4.7812 -0.172034 67319 2.67882e+16 9.66477e-07 1.07258e-05 1.05042e-20 4.60344e-08 215946 0 0 2.44439e-15 0 0 0.0100359 0 0 0 0 0 0 1.09012e+10 1.09012e+10 1.09012e+10 1.09012e+10 
0.087 -2.01715 -5.31715 -3.31576 -4.77029 -0.182848 69512 2.67168e+16 9.67328e-07 1.07209e-05 1.08533e-20 4.58907e-08 216638 0 0 2.53194e-15 0 0 0.0100359 0 0 0 0 0 0 1.12224e+10 1.12224e+10 1.12224e+10 1.12224e+10 
0.0875 -2.0063 -5.3063 -3.30409 -4.75934 -0.193697 71761.6 2.6646e+16 9.68179e-07 1.0716e-05 1.12117e-20 4.57484e-08 217327 0 0 2.62208e-15 0 0 0.0100359 0 0 0 0 0 0 1.15509e+10 1.15509e+10 1.15509e+10 1.15509e+10 
0.088 -1.99542 -5.29542 -3.29238 -4.74835 -0.204581 74068.6 2.65756e+16 9.69032e-07 1.07113e-05 1.15797e-20 4.56072e-08 218015 0 0 2.71487e-15 0 0 0.0100359 0 0 0 0 0 0 1.18868e+10 1.18868e+10 1.18868e+10 1.18868e+10 
0.0885 -1.9845 -5.2845 -3.28065 -4.73733 -0.215499 76434.2 2.65057e+16 9.69885e-07 1.07065e-05 1.19574e-20 4.54673e-08 218701 0 0 2.81037e-15 0 0 0.0100359 0 0 0 0 0 0 1.22301e+10 1.22301e+10 1.22301e+10 1.22301e+10 
0.089 -1.97355 -5.27355 -3.26888 -4.72628 -0.226451 78859.4 2.64363e+16 9.7074e-07 1.07019e-05 1.23451e-20 4.53286e-08 219386 0 0 2.90863e-15 0 0 0.0100359 0 0 0 0 0 0 1.25811e+10 1.25811e+10 1.25811e+10 1.25811e+10 
0.0895 -1.96256 -5.26256 -3.25709 -4.71519 -0.237437 81345.2 2.63674e+16 9.71595e-07 1.06973e-05 1.27428e-20 4.51911e-08 220068 0 0 3.00972e-15 0 0 0.0100359 0 0 0 0 0 0 1.29397e+10 1.29397e+10 1.29397e+10 1.29397e+10 
0.09 -1.95154 -5.25154 -3.24527 -4.70407 -0.248458 83892.6 2.62989e+16 9.72452e-07 1.06928e-05 1.31509e-20 4.50547e-08 220749 0 0 3.1137e-15 0 0 0.0100359 0 0 0 0 0 0 1.33061e+10 1.33061e+10 1.33061e+10 1.33061e+10 
0.0905 -1.94049 -5.24049 -3.23342 -4.69292 -0.259512 86502.9 2.62309e+16 9.73309e-07 1.06884e-05 1.35695e-20 4.49195e-08 221428 0 0 3.22063e-15 0 0 0.0100359 0 0 0 0 0 0 1.36804e+10 1.36804e+10 1.36804e+10 1.36804e+10 
0.091 -1.9294 -5.2294 -3.22154 -4.68173 -0.270601 89176.9 2.61633e+16 9.74167e-07 1.0684e-05 1.39987e-20 4.47855e-08 222105 0 0 3.33058e-15 0 0 0.0100359 0 0 0 0 0 0 1.40627e+10 1.40627e+10 1.40627e+10 1.40627e+10 
0.0915 -1.91828 -5.21828 -3.20963 -4.67051 -0.281723 91915.9 2.60962e+16 9.75027e-07 1.06797e-05 1.44389e-20 4.46526e-08 222780 0 0 3.44361e-15 0 0 0.0100359 0 0 0 0 0 0 1.44532e+10 1.44532e+10 1.44532e+10 1.44532e+10 
0.092 -1.90712 -5.20712 -3.1977 -4.65925 -0.292879 94720.9 2.60295e+16 9.75887e-07 1.06754e-05 1.48901e-20 4.45207e-08 223454 0 0 3.55979e-15 0 0 0.0100359 0 0 0 0 0 0 1.48519e+10 1.48519e+10 1.48519e+10 1.48519e+10 
0.0925 -1.89593 -5.19593 -3.18573 -4.64796 -0.304068 97592.9 2.59633e+16 9.76748e-07 1.06713e-05 1.53527e-20 4.439e-08 224126 0 0 3.67917e-15 0 0 0.0100359 0 0 0 0 0 0 1.52589e+10 1.52589e+10 1.52589e+10 1.52589e+10 
0.093 -1.88471 -5.18471 -3.17374 -4.63664 -0.315291 100533 2.58975e+16 9.7761e-07 1.06671e-05 1.58267e-20 4.42604e-08 224797 0 0 3.80184e-15 0 0 0.0100359 0 0 0 0 0 0 1.56744e+10 1.56744e+10 1.56744e+10 1.56744e+10 
0.0935 -1.87345 -5.17345 -3.16171 -4.62529 -0.326548 103543 2.58321e+16 9.78473e-07 1.06631e-05 1.63124e-20 4.41318e-08 225465 0 0 3.92786e-15 0 0 0.0100359 0 0 0 0 0 0 1.60984e+10 1.60984e+10 1.60984e+10 1.60984e+10 
0.094 -1.86216 -5.16216 -3.14966 -4.6139 -0.337838 106623 2.57672e+16 9.79337e-07 1.0659e-05 1.681e-20 4.40043e-08 226132 0 0 4.05729e-15 0 0 0.0100359 0 0 0 0 0 0 1.65312e+10 1.65312e+10 1.65312e+10 1.65312e+10 
0.0945 -1.85084 -5.15084 -3.13758 -4.60248 -0.349161 109775 2.57026e+16 9.80202e-07 1.06551e-05 1.73197e-20 4.38779e-08 226797 0 0 4.1902e-15 0 0 0.0100359 0 0 0 0 0 0 1.69727e+10 1.69727e+10 1.69727e+10 1.69727e+10 
0.095 -1.83948 -5.13948 -3.12547 -4.59103 -0.360518 112999 2.56385e+16 9.81068e-07 1.06512e-05 1.78418e-20 4.37524e-08 227461 0 0 4.32668e-15 0 0 0.0100359 0 0 0 0 0 0 1.74231e+10 1.74231e+10 1.74231e+10 1.74231e+10 
0.0955 -1.82809 -5.12809 -3.11334 -4.57954 -0.371907 116297 2.55748e+16 9.81935e-07 1.06474e-05 1.83764e-20 4.3628e-08 228123 0 0 4.46678e-15 0 0 0.0100359 0 0 0 0 0 0 1.78826e+10 1.78826e+10 1.78826e+10 1.78826e+10 
0.096 -1.81667 -5.11667 -3.10117 -4.56803 -0.38333 119671 2.55115e+16 9.82803e-07 1.06436e-05 1.89237e-20 4.35046e-08 228783 0 0 4.61058e-15 0 0 0.0100359 0 0 0 0 0 0 1.83511e+10 1.83511e+10 1.83511e+10 1.83511e+10 
0.0965 -1.80521 -5.10521 -3.08898 -4.55648 -0.394785 123120 2.54486e+16 9.83671e-07 1.06399e-05 1.94841e-20 4.33821e-08 229442 0 0 4.75816e-15 0 0 0.0100359 0 0 0 0 0 0 1.8829e+10 1.8829e+10 1.8829e+10 1.8829e+10 
0.097 -1.79373 -5.09373 -3.07675 -4.54489 -0.406274 126647 2.53861e+16 9.84541e-07 1.06362e-05 2.00576e-20 4.32607e-08 230099 0 0 4.90958e-15 0 0 0.0100359 0 0 0 0 0 0 1.93161e+10 1.93161e+10 1.93161e+10 1.93161e+10 
0.0975 -1.7822 -5.0822 -3.0645 -4.53328 -0.417795 130253 2.5324e+16 9.85411e-07 1.06326e-05 2.06445e-20 4.31402e-08 230754 0 0 5.06493e-15 0 0 0.0100359 0 0 0 0 0 0 1.98128e+10 1.98128e+10 1.98128e+10 1.98128e+10 
0.098 -1.77065 -5.07065 -3.05222 -4.52163 -0.429349 133938 2.52622e+16 9.86282e-07 1.06291e-05 2.1245e-20 4.30206e-08 231408 0 0 5.22428e-15 0 0 0.0100359 0 0 0 0 0 0 2.0319e+10 2.0319e+10 2.0319e+10 2.0319e+10 
0.0985 -1.75906 -5.05906 -3.03992 -4.50995 -0.440936 137705 2.52009e+16 9.87154e-07 1.06256e-05 2.18594e-20 4.2902e-08 232060 0 0 5.3877e-15 0 0 0.0100359 0 0 0 0 0 0 2.08349e+10 2.08349e+10 2.08349e+10 2.08349e+10 
0.099 -1.74744 -5.04744 -3.02758 -4.49824 -0.452555 141553 2.51399e+16 9.88027e-07 1.06221e-05 2.24879e-20 4.27844e-08 232711 0 0 5.55528e-15 0 0 0.0100359 0 0 0 0 0 0 2.13606e+10 2.13606e+10 2.13606e+10 2.13606e+10 
0.0995 -1.73579 -5.03579 -3.01522 -4.48649 -0.464207 145485 2.50793e+16 9.88901e-07 1.06187e-05 2.31306e-20 4.26676e-08 233360 0 0 5.7271e-15 0 0 0.0100359 0 0 0 0 0 0 2.18963e+10 2.18963e+10 2.18963e+10 2.18963e+10 
0.1 -1.72411 -5.02411 -3.00283 -4.47472 -0.475891 149501 2.50191e+16 9.89776e-07 1.06154e-05 2.3788e-20 4.25518e-08 234008 0 0 5.90322e-15 0 0 0.0100359 0 0 0 0 0 0 2.2442e+10 2.2442e+10 2.2442e+10 2.2442e+10 
0.1005 -1.71239 -5.01239 -2.99041 -4.46291 -0.487608 153604 2.49592e+16 9.90652e-07 1.06121e-05 2.446e-20 4.24368e-08 234654 0 0 6.08374e-15 0 0 0.0100359 0 0 0 0 0 0 2.29978e+10 2.29978e+10 2.29978e+10 2.29978e+10 
0.101 -1.70064 -5.00064 -2.97796 -4.45107 -0.499357 157793 2.48997e+16 9.91528e-07 1.06089e-05 2.51471e-20 4.23227e-08 235298 0 0 6.26873e-15 0 0 0.0100359 0 0 0 0 0 0 2.3564e+10 2.3564e+10 2.3564e+10 2.3564e+10 
0.1015 -1.68886 -4.98886 -2.96548 -4.43919 -0.511138 162071 2.48406e+16 9.92405e-07 1.06057e-05 2.58495e-20 4.22095e-08 235941 0 0 6.45829e-15 0 0 0.0100359 0 0 0 0 0 0 2.41405e+10 2.41405e+10 2.41405e+10 2.41405e+10 
0.102 -1.67705 -4.97705 -2.95298 -4.42729 -0.522951 166438 2.47818e+16 9.93284e-07 1.06025e-05 2.65673e-20 4.20972e-08 236582 0 0 6.65248e-15 0 0 0.0100359 0 0 0 0 0 0 2.47275e+10 2.47275e+10 2.47275e+10 2.47275e+10 
0.1025 -1.6652 -4.9652 -2.94044 -4.41535 -0.534796 170896 2.47234e+16 9.94163e-07 1.05994e-05 2.73008e-20 4.19857e-08 237222 0 0 6.8514e-15 0 0 0.0100359 0 0 0 0 0 0 2.53251e+10 2.53251e+10 2.53251e+10 2.53251e+10 
0.103 -1.65333 -4.95333 -2.92788 -4.40339 -0.546673 175446 2.46653e+16 9.95043e-07 1.05964e-05 2.80503e-20 4.1875e-08 237860 0 0 7.05513e-15 0 0 0.0100359 0 0 0 0 0 0 2.59335e+10 2.59335e+10 2.59335e+10 2.59335e+10 
0.1035 -1.64142 -4.94142 -2.9153 -4.39139 -0.558582 180089 2.46076e+16 9.95923e-07 1.05934e-05 2.88159e-20 4.17652e-08 238497 0 0 7.26376e-15 0 0 0.0100359 0 0 0 0 0 0 2.65527e+10 2.65527e+10 2.65527e+10 2.65527e+10 
0.104 -1.62948 -4.92948 -2.90268 -4.37936 -0.570523 184827 2.45501e+16 9.96805e-07 1.05905e-05 2.95981e-20 4.16562e-08 239133 0 0 7.47737e-15 0 0 0.0100359 0 0 0 0 0 0 2.71829e+10 2.71829e+10 2.71829e+10 2.71829e+10 
0.1045 -1.6175 -4.9175 -2.89004 -4.3673 -0.582495 189661 2.44931e+16 9.97687e-07 1.05876e-05 3.03969e-20 4.15481e-08 239767 0 0 7.69606e-15 0 0 0.0100359 0 0 0 0 0 0 2.78241e+10 2.78241e+10 2.78241e+10 2.78241e+10 
0.105 -1.6055 -4.9055 -2.87737 -4.3552 -0.5945 194592 2.44363e+16 9.98571e-07 1.05847e-05 3.12126e-20 4.14407e-08 240399 0 0 7.91991e-15 0 0 0.0100359 0 0 0 0 0 0 2.84766e+10 2.84766e+10 2.84766e+10 2.84766e+10 
0.1055 -1.59346 -4.89346 -2.86467 -4.34308 -0.606535 199622 2.43799e+16 9.99455e-07 1.05819e-05 3.20456e-20 4.13341e-08 241030 0 0 8.149e-15 0 0 0.0100359 0 0 0 0 0 0 2.91403e+10 2.91403e+10 2.91403e+10 2.91403e+10 
0.106 -1.5814 -4.8814 -2.85194 -4.33092 -0.618603 204751 2.43239e+16 1.00034e-06 1.05792e-05 3.28959e-20 4.12283e-08 241659 0 0 8.38344e-15 0 0 0.0100359 0 0 0 0 0 0 2.98155e+10 2.98155e+10 2.98155e+10 2.98155e+10 
0.1065 -1.5693 -4.8693 -2.83919 -4.31874 -0.630701 209981 2.42681e+16 1.00123e-06 1.05765e-05 3.3764e-20 4.11233e-08 242288 0 0 8.62332e-15 0 0 0.0100359 0 0 0 0 0 0 3.05023e+10 3.05023e+10 3.05023e+10 3.05023e+10 
0.107 -1.55717 -4.85717 -2.8264 -4.30652 -0.642831 215314 2.42127e+16 1.00211e-06 1.05738e-05 3.465e-20 4.1019e-08 242914 0 0 8.86872e-15 0 0 0.0100359 0 0 0 0 0 0 3.12007e+10 3.12007e+10 3.12007e+10 3.12007e+10 
0.1075 -1.54501 -4.84501 -2.81359 -4.29427 -0.654993 220750 2.41575e+16 1.003e-06 1.05712e-05 3.55543e-20 4.09155e-08 243539 0 0 9.11974e-15 0 0 0.0100359 0 0 0 0 0 0 3.19109e+10 3.19109e+10 3.19109e+10 3.19109e+10 
0.108 -1.53281 -4.83281 -2.80076 -4.28199 -0.667185 226292 2.41027e+16 1.00389e-06 1.05686e-05 3.6477e-20 4.08127e-08 244163 0 0 9.37648e-15 0 0 0.0100359 0 0 0 0 0 0 3.2633e+10 3.2633e+10 3.2633e+10 3.2633e+10 
0.1085 -1.52059 -4.82059 -2.78789 -4.26968 -0.679409 231940 2.40482e+16 1.00478e-06 1.05661e-05 3.74184e-20 4.07107e-08 244785 0 0 9.63902e-15 0 0 0.0100359 0 0 0 0 0 0 3.33671e+10 3.33671e+10 3.33671e+10 3.33671e+10 
0.109 -1.50834 -4.80834 -2.775 -4.25734 -0.691664 237695 2.3994e+16 1.00567e-06 1.05636e-05 3.83788e-20 4.06094e-08 245406 0 0 9.90748e-15 0 0 0.0100359 0 0 0 0 0 0 3.41133e+10 3.41133e+10 3.41133e+10 3.41133e+10 
0.1095 -1.49605 -4.79605 -2.76208 -4.24497 -0.70395 243560 2.39402e+16 1.00656e-06 1.05612e-05 3.93585e-20 4.05089e-08 246026 0 0 1.01819e-14 0 0 0.0100359 0 0 0 0 0 0 3.48718e+10 3.48718e+10 3.48718e+10 3.48718e+10 
0.11 -1.48373 -4.78373 -2.74913 -4.23256 -0.716266 249534 2.38866e+16 1.00745e-06 1.05588e-05 4.03577e-20 4.0409e-08 246644 0 0 1.04625e-14 0 0 0.0100359 0 0 0 0 0 0 3.56426e+10 3.56426e+10 3.56426e+10 3.56426e+10 
0.1105 -1.47139 -4.77139 -2.73616 -4.22013 -0.728614 255621 2.38333e+16 1.00834e-06 1.05564e-05 4.13767e-20 4.03099e-08 247261 0 0 1.07493e-14 0 0 0.0100359 0 0 0 0 0 0 3.6426e+10 3.6426e+10 3.6426e+10 3.6426e+10 
0.111 -1.45901 -4.75901 -2.72316 -4.20767 -0.740992 261821 2.37803e+16 1.00923e-06 1.05541e-05 4.24157e-20 4.02114e-08 247876 0 0 1.10423e-14 0 0 0.0100359 0 0 0 0 0 0 3.72219e+10 3.72219e+10 3.72219e+10 3.72219e+10 
0.1115 -1.4466 -4.7466 -2.71013 -4.19517 -0.753402 268135 2.37276e+16 1.01013e-06 1.05518e-05 4.34751e-20 4.01137e-08 248490 0 0 1.13418e-14 0 0 0.0100359 0 0 0 0 0 0 3.80305e+10 3.80305e+10 3.80305e+10 3.80305e+10 
0.112 -1.43416 -4.73416 -2.69707 -4.18265 -0.765841 274565 2.36752e+16 1.01102e-06 1.05496e-05 4.4555e-20 4.00166e-08 249103 0 0 1.16478e-14 0 0 0.0100359 0 0 0 0 0 0 3.8852e+10 3.8852e+10 3.8852e+10 3.8852e+10 
0.1125 -1.42169 -4.72169 -2.68399 -4.17009 -0.778312 281112 2.36231e+16 1.01192e-06 1.05474e-05 4.56558e-20 3.99202e-08 249714 0 0 1.19603e-14 0 0 0.0100359 0 0 0 0 0 0 3.96864e+10 3.96864e+10 3.96864e+10 3.96864e+10 
0.113 -1.40919 -4.70919 -2.67088 -4.15751 -0.790813 287777 2.35712e+16 1.01281e-06 1.05453e-05 4.67778e-20 3.98245e-08 250324 0 0 1.22796e-14 0 0 0.0100359 0 0 0 0 0 0 4.05338e+10 4.05338e+10 4.05338e+10 4.05338e+10 
0.1135 -1.39666 -4.69666 -2.65774 -4.14489 -0.803344 294563 2.35196e+16 1.01371e-06 1.05432e-05 4.79212e-20 3.97294e-08 250933 0 0 1.26057e-14 0 0 0.0100359 0 0 0 0 0 0 4.13945e+10 4.13945e+10 4.13945e+10 4.13945e+10 
0.114 -1.38409 -4.68409 -2.64458 -4.13225 -0.815906 301469 2.34684e+16 1.01461e-06 1.05411e-05 4.90863e-20 3.9635e-08 251540 0 0 1.29388e-14 0 0 0.0100359 0 0 0 0 0 0 4.22684e+10 4.22684e+10 4.22684e+10 4.22684e+10 
0.1145 -1.3715 -4.6715 -2.63139 -4.11957 -0.828498 308499 2.34174e+16 1.0155e-06 1.05391e-05 5.02734e-20 3.95412e-08 252146 0 0 1.32788e-14 0 0 0.0100359 0 0 0 0 0 0 4.31558e+10 4.31558e+10 4.31558e+10 4.31558e+10 
0.115 -1.35888 -4.65888 -2.61817 -4.10687 -0.841121 315652 2.33666e+16 1.0164e-06 1.05371e-05 5.14828e-20 3.94481e-08 252751 0 0 1.3626e-14 0 0 0.0100359 0 0 0 0 0 0 4.40566e+10 4.40566e+10 4.40566e+10 4.40566e+10 
0.1155 -1.34623 -4.64623 -2.60492 -4.09413 -0.853774 322931 2.33162e+16 1.0173e-06 1.05351e-05 5.27147e-20 3.93556e-08 253354 0 0 1.39805e-14 0 0 0.0100359 0 0 0 0 0 0 4.49711e+10 4.49711e+10 4.49711e+10 4.49711e+10 
0.116 -1.33354 -4.63354 -2.59165 -4.08137 -0.866456 330337 2.3266e+16 1.0182e-06 1.05332e-05 5.39695e-20 3.92638e-08 253957 0 0 1.43423e-14 0 0 0.0100359 0 0 0 0 0 0 4.58994e+10 4.58994e+10 4.58994e+10 4.58994e+10 
0.1165 -1.32083 -4.62083 -2.57835 -4.06857 -0.879169 337871 2.3216e+16 1.01911e-06 1.05313e-05 5.52473e-20 3.91725e-08 254557 0 0 1.47115e-14 0 0 0.0100359 0 0 0 0 0 0 4.68416e+10 4.68416e+10 4.68416e+10 4.68416e+10 
0.117 -1.30809 -4.60809 -2.56503 -4.05575 -0.891912 345535 2.31664e+16 1.02001e-06 1.05295e-05 5.65486e-20 3.90819e-08 255157 0 0 1.50884e-14 0 0 0.0100359 0 0 0 0 0 0 4.77977e+10 4.77977e+10 4.77977e+10 4.77977e+10 
0.1175 -1.29532 -4.59532 -2.55167 -4.04289 -0.904685 353330 2.3117e+16 1.02091e-06 1.05277e-05 5.78736e-20 3.89918e-08 255755 0 0 1.54729e-14 0 0 0.0100359 0 0 0 0 0 0 4.87679e+10 4.87679e+10 4.87679e+10 4.87679e+10 
0.118 -1.28251 -4.58251 -2.53829 -4.03001 -0.917488 361258 2.30678e+16 1.02181e-06 1.05259e-05 5.92226e-20 3.89024e-08 256352 0 0 1.58652e-14 0 0 0.0100359 0 0 0 0 0 0 4.97524e+10 4.97524e+10 4.97524e+10 4.97524e+10 
0.1185 -1.26968 -4.56968 -2.52489 -4.01709 -0.93032 369319 2.30189e+16 1.02272e-06 1.05242e-05 6.05958e-20 3.88136e-08 256948 0 0 1.62655e-14 0 0 0.0100359 0 0 0 0 0 0 5.07511e+10 5.07511e+10 5.07511e+10 5.07511e+10 
0.119 -1.25682 -4.55682 -2.51145 -4.00415 -0.943182 377516 2.29703e+16 1.02362e-06 1.05225e-05 6.19937e-20 3.87253e-08 257542 0 0 1.66738e-14 0 0 0.0100359 0 0 0 0 0 0 5.17644e+10 5.17644e+10 5.17644e+10 5.17644e+10 
0.1195 -1.24393 -4.54393 -2.49799 -3.99118 -0.956074 385849 2.29219e+16 1.02453e-06 1.05208e-05 6.34164e-20 3.86377e-08 258135 0 0 1.70902e-14 0 0 0.0100359 0 0 0 0 0 0 5.27921e+10 5.27921e+10 5.27921e+10 5.27921e+10 
0.12 -1.231 -4.531 -2.48451 -3.97818 -0.968996 394321 2.28738e+16 1.02544e-06 1.05192e-05 6.48643e-20 3.85506e-08 258727 0 0 1.75149e-14 0 0 0.0100359 0 0 0 0 0 0 5.38346e+10 5.38346e+10 5.38346e+10 5.38346e+10 
0.1205 -1.21805 -4.51805 -2.47099 -3.96515 -0.981947 402932 2.28259e+16 1.02634e-06 1.05176e-05 6.63376e-20 3.84641e-08 259318 0 0 1.79479e-14 0 0 0.0100359 0 0 0 0 0 0 5.48919e+10 5.48919e+10 5.48919e+10 5.48919e+10 
0.121 -1.20507 -4.50507 -2.45745 -3.95208 -0.994928 411685 2.27782e+16 1.02725e-06 1.05161e-05 6.78367e-20 3.83781e-08 259907 0 0 1.83895e-14 0 0 0.0100359 0 0 0 0 0 0 5.5964e+10 5.5964e+10 5.5964e+10 5.5964e+10 
0.1215 -1.19206 -4.49206 -2.44389 -3.939 -1.00794 420580 2.27308e+16 1.02816e-06 1.05145e-05 6.93619e-20 3.82927e-08 260495 0 0 1.88397e-14 0 0 0.0100359 0 0 0 0 0 0 5.70512e+10 5.70512e+10 5.70512e+10 5.70512e+10 
0.122 -1.17902 -4.47902 -2.4303 -3.92588 -1.02098 429619 2.26837e+16 1.02907e-06 1.05131e-05 7.09135e-20 3.82078e-08 261082 0 0 1.92986e-14 0 0 0.0100359 0 0 0 0 0 0 5.81535e+10 5.81535e+10 5.81535e+10 5.81535e+10 
0.1225 -1.16595 -4.46595 -2.41668 -3.91273 -1.03405 438803 2.26367e+16 1.02998e-06 1.05116e-05 7.24917e-20 3.81235e-08 261668 0 0 1.97664e-14 0 0 0.0100359 0 0 0 0 0 0 5.9271e+10 5.9271e+10 5.9271e+10 5.9271e+10 
0.123 -1.15286 -4.45286 -2.40303 -3.89955 -1.04714 448134 2.259e+16 1.03089e-06 1.05102e-05 7.40969e-20 3.80398e-08 262253 0 0 2.02432e-14 0 0 0.0100359 0 0 0 0 0 0 6.04039e+10 6.04039e+10 6.04039e+10 6.04039e+10 
0.1235 -1.13973 -4.43973 -2.38936 -3.88635 -1.06027 457613 2.25436e+16 1.0318e-06 1.05088e-05 7.57294e-20 3.79565e-08 262836 0 0 2.07291e-14 0 0 0.0100359 0 0 0 0 0 0 6.15522e+10 6.15522e+10 6.15522e+10 6.15522e+10 
0.124 -1.12657 -4.42657 -2.37566 -3.87311 -1.07343 467242 2.24974e+16 1.03271e-06 1.05075e-05 7.73895e-20 3.78738e-08 263418 0 0 2.12242e-14 0 0 0.0100359 0 0 0 0 0 0 6.27161e+10 6.27161e+10 6.27161e+10 6.27161e+10 
0.1245 -1.11339 -4.41339 -2.36194 -3.85985 -1.08661 477023 2.24514e+16 1.03363e-06 1.05061e-05 7.90776e-20 3.77917e-08 263999 0 0 2.17286e-14 0 0 0.0100359 0 0 0 0 0 0 6.38958e+10 6.38958e+10 6.38958e+10 6.38958e+10 
0.125 -1.10017 -4.40017 -2.34819 -3.84656 -1.09983 486956 2.24056e+16 1.03454e-06 1.05048e-05 8.07938e-20 3.771e-08 264579 0 0 2.22426e-14 0 0 0.0100359 0 0 0 0 0 0 6.50912e+10 6.50912e+10 6.50912e+10 6.50912e+10 
0.1255 -1.08693 -4.38693 -2.33441 -3.83323 -1.11307 497043 2.236e+16 1.03545e-06 1.05036e-05 8.25385e-20 3.76289e-08 265158 0 0 2.27661e-14 0 0 0.0100359 0 0 0 0 0 0 6.63025e+10 6.63025e+10 6.63025e+10 6.63025e+10 
0.126 -1.07366 -4.37366 -2.32061 -3.81988 -1.12634 507285 2.23147e+16 1.03637e-06 1.05024e-05 8.43121e-20 3.75482e-08 265735 0 0 2.32994e-14 0 0 0.0100359 0 0 0 0 0 0 6.75299e+10 6.75299e+10 6.75299e+10 6.75299e+10 
0.1265 -1.06036 -4.36036 -2.30678 -3.80651 -1.13964 517685 2.22696e+16 1.03729e-06 1.05012e-05 8.61149e-20 3.74681e-08 266311 0 0 2.38426e-14 0 0 0.0100359 0 0 0 0 0 0 6.87733e+10 6.87733e+10 6.87733e+10 6.87733e+10 
0.127 -1.04703 -4.34703 -2.29292 -3.7931 -1.15297 528243 2.22248e+16 1.0382e-06 1.05e-05 8.79471e-20 3.73885e-08 266886 0 0 2.43957e-14 0 0 0.0100359 0 0 0 0 0 0 7.00331e+10 7.00331e+10 7.00331e+10 7.00331e+10 
0.1275 -1.03367 -4.33367 -2.27904 -3.77966 -1.16633 538961 2.21801e+16 1.03912e-06 1.04989e-05 8.98091e-20 3.73093e-08 267460 0 0 2.4959e-14 0 0 0.0100359 0 0 0 0 0 0 7.13092e+10 7.13092e+10 7.13092e+10 7.13092e+10 
0.128 -1.02028 -4.32028 -2.26513 -3.7662 -1.17972 549840 2.21357e+16 1.04004e-06 1.04978e-05 9.17012e-20 3.72307e-08 268033 0 0 2.55325e-14 0 0 0.0100359 0 0 0 0 0 0 7.26017e+10 7.26017e+10 7.26017e+10 7.26017e+10 
0.1285 -1.00686 -4.30686 -2.2512 -3.75271 -1.19314 560883 2.20914e+16 1.04096e-06 1.04967e-05 9.36238e-20 3.71525e-08 268605 0 0 2.61164e-14 0 0 0.0100359 0 0 0 0 0 0 7.39108e+10 7.39108e+10 7.39108e+10 7.39108e+10 
0.129 -0.993419 -4.29342 -2.23724 -3.73919 -1.20658 572089 2.20474e+16 1.04187e-06 1.04957e-05 9.5577e-20 3.70748e-08 269175 0 0 2.67108e-14 0 0 0.0100359 0 0 0 0 0 0 7.52366e+10 7.52366e+10 7.52366e+10 7.52366e+10 
0.1295 -0.979946 -4.27995 -2.22326 -3.72564 -1.22005 583462 2.20036e+16 1.04279e-06 1.04947e-05 9.75614e-20 3.69976e-08 269745 0 0 2.73159e-14 0 0 0.0100359 0 0 0 0 0 0 7.65792e+10 7.65792e+10 7.65792e+10 7.65792e+10 
0.13 -0.966445 -4.26644 -2.20924 -3.71206 -1.23356 595001 2.196e+16 1.04371e-06 1.04937e-05 9.95771e-20 3.69209e-08 270313 0 0 2.79318e-14 0 0 0.0100359 0 0 0 0 0 0 7.79387e+10 7.79387e+10 7.79387e+10 7.79387e+10 
0.1305 -0.952915 -4.25291 -2.19521 -3.69846 -1.24709 606710 2.19166e+16 1.04464e-06 1.04928e-05 1.01625e-19 3.68446e-08 270880 0 0 2.85586e-14 0 0 0.0100359 0 0 0 0 0 0 7.93151e+10 7.93151e+10 7.93151e+10 7.93151e+10 
0.131 -0.939357 -4.23936 -2.18114 -3.68482 -1.26064 618589 2.18734e+16 1.04556e-06 1.04918e-05 1.03704e-19 3.67688e-08 271446 0 0 2.91964e-14 0 0 0.0100359 0 0 0 0 0 0 8.07087e+10 8.07087e+10 8.07087e+10 8.07087e+10 
0.1315 -0.92577 -4.22577 -2.16706 -3.67116 -1.27423 630639 2.18305e+16 1.04648e-06 1.04909e-05 1.05816e-19 3.66934e-08 272011 0 0 2.98454e-14 0 0 0.0100359 0 0 0 0 0 0 8.21195e+10 8.21195e+10 8.21195e+10 8.21195e+10 
0.132 -0.912156 -4.21216 -2.15294 -3.65747 -1.28784 642863 2.17877e+16 1.0474e-06 1.04901e-05 1.0796e-19 3.66185e-08 272575 0 0 3.05058e-14 0 0 0.0100359 0 0 0 0 0 0 8.35477e+10 8.35477e+10 8.35477e+10 8.35477e+10 
0.1325 -0.898513 -4.19851 -2.1388 -3.64375 -1.30149 655261 2.17451e+16 1.04833e-06 1.04893e-05 1.10138e-19 3.6544e-08 273137 0 0 3.11777e-14 0 0 0.0100359 0 0 0 0 0 0 8.49932e+10 8.49932e+10 8.49932e+10 8.49932e+10 
0.133 -0.884842 -4.18484 -2.12464 -3.63001 -1.31516 667836 2.17027e+16 1.04925e-06 1.04885e-05 1.12349e-19 3.647e-08 273699 0 0 3.18611e-14 0 0 0.0100359 0 0 0 0 0 0 8.64563e+10 8.64563e+10 8.64563e+10 8.64563e+10 
0.1335 -0.871143 -4.17114 -2.11045 -3.61624 -1.32886 680588 2.16606e+16 1.05018e-06 1.04877e-05 1.14594e-19 3.63965e-08 274259 0 0 3.25564e-14 0 0 0.0100359 0 0 0 0 0 0 8.79371e+10 8.79371e+10 8.79371e+10 8.79371e+10 
0.134 -0.857416 -4.15742 -2.09623 -3.60244 -1.34258 693519 2.16186e+16 1.0511e-06 1.04869e-05 1.16872e-19 3.63233e-08 274819 0 0 3.32635e-14 0 0 0.0100359 0 0 0 0 0 0 8.94356e+10 8.94356e+10 8.94356e+10 8.94356e+10 
0.1345 -0.843661 -4.14366 -2.08199 -3.58861 -1.35634 706630 2.15768e+16 1.05203e-06 1.04862e-05 1.19185e-19 3.62506e-08 275377 0 0 3.39826e-14 0 0 0.0100359 0 0 0 0 0 0 9.09519e+10 9.09519e+10 9.09519e+10 9.09519e+10 
0.135 -0.829878 -4.12988 -2.06772 -3.57475 -1.37012 719924 2.15352e+16 1.05296e-06 1.04855e-05 1.21533e-19 3.61783e-08 275934 0 0 3.47139e-14 0 0 0.0100359 0 0 0 0 0 0 9.24862e+10 9.24862e+10 9.24862e+10 9.24862e+10 
0.1355 -0.816068 -4.11607 -2.05342 -3.56087 -1.38393 733401 2.14938e+16 1.05388e-06 1.04848e-05 1.23915e-19 3.61065e-08 276490 0 0 3.54576e-14 0 0 0.0100359 0 0 0 0 0 0 9.40385e+10 9.40385e+10 9.40385e+10 9.40385e+10 
0.136 -0.802229 -4.10223 -2.03911 -3.54696 -1.39777 747063 2.14526e+16 1.05481e-06 1.04842e-05 1.26333e-19 3.6035e-08 277045 0 0 3.62137e-14 0 0 0.0100359 0 0 0 0 0 0 9.56091e+10 9.56091e+10 9.56091e+10 9.56091e+10 
0.1365 -0.788363 -4.08836 -2.02476 -3.53302 -1.41164 760912 2.14115e+16 1.05574e-06 1.04836e-05 1.28787e-19 3.5964e-08 277599 0 0 3.69825e-14 0 0 0.0100359 0 0 0 0 0 0 9.71978e+10 9.71978e+10 9.71978e+10 9.71978e+10 
0.137 -0.774469 -4.07447 -2.01039 -3.51905 -1.42553 774949 2.13707e+16 1.05667e-06 1.0483e-05 1.31277e-19 3.58934e-08 278152 0 0 3.77639e-14 0 0 0.0100359 0 0 0 0 0 0 9.88049e+10 9.88049e+10 9.88049e+10 9.88049e+10 
0.1375 -0.760548 -4.06055 -1.996 -3.50506 -1.43945 789175 2.133e+16 1.0576e-06 1.04824e-05 1.33803e-19 3.58232e-08 278704 0 0 3.85583e-14 0 0 0.0100359 0 0 0 0 0 0 1.00431e+11 1.00431e+11 1.00431e+11 1.00431e+11 
0.138 -0.746599 -4.0466 -1.98158 -3.49103 -1.4534 803592 2.12896e+16 1.05853e-06 1.04819e-05 1.36366e-19 3.57534e-08 279255 0 0 3.93658e-14 0 0 0.0100359 0 0 0 0 0 0 1.02075e+11 1.02075e+11 1.02075e+11 1.02075e+11 
0.1385 -0.732622 -4.03262 -1.96713 -3.47699 -1.46738 818201 2.12493e+16 1.05946e-06 1.04814e-05 1.38965e-19 3.5684e-08 279805 0 0 4.01865e-14 0 0 0.0100359 0 0 0 0 0 0 1.03738e+11 1.03738e+11 1.03738e+11 1.03738e+11 
0.139 -0.718618 -4.01862 -1.95266 -3.46291 -1.48138 833004 2.12091e+16 1.0604e-06 1.04809e-05 1.41603e-19 3.5615e-08 280354 0 0 4.10205e-14 0 0 0.0100359 0 0 0 0 0 0 1.05419e+11 1.05419e+11 1.05419e+11 1.05419e+11 
0.1395 -0.704587 -4.00459 -1.93816 -3.44881 -1.49541 848003 2.11692e+16 1.06133e-06 1.04805e-05 1.44278e-19 3.55464e-08 280902 0 0 4.1868e-14 0 0 0.0100359 0 0 0 0 0 0 1.0712e+11 1.0712e+11 1.0712e+11 1.0712e+11 
0.14 -0.690528 -3.99053 -1.92364 -3.43468 -1.50947 863198 2.11295e+16 1.06226e-06 1.048e-05 1.4699e-19 3.54782e-08 281448 0 0 4.27292e-14 0 0 0.0100359 0 0 0 0 0 0 1.08839e+11 1.08839e+11 1.08839e+11 1.08839e+11 
0.1405 -0.676442 -3.97644 -1.9091 -3.42052 -1.52356 878592 2.10899e+16 1.0632e-06 1.04796e-05 1.49742e-19 3.54104e-08 281994 0 0 4.36041e-14 0 0 0.0100359 0 0 0 0 0 0 1.10578e+11 1.10578e+11 1.10578e+11 1.10578e+11 
0.141 -0.662329 -3.96233 -1.89453 -3.40634 -1.53767 894185 2.10505e+16 1.06413e-06 1.04792e-05 1.52532e-19 3.53429e-08 282539 0 0 4.44931e-14 0 0 0.0100359 0 0 0 0 0 0 1.12335e+11 1.12335e+11 1.12335e+11 1.12335e+11 
0.1415 -0.648188 -3.94819 -1.87993 -3.39212 -1.55181 909980 2.10112e+16 1.06507e-06 1.04789e-05 1.55361e-19 3.52758e-08 283082 0 0 4.53961e-14 0 0 0.0100359 0 0 0 0 0 0 1.14112e+11 1.14112e+11 1.14112e+11 1.14112e+11 
0.142 -0.634021 -3.93402 -1.86531 -3.37789 -1.56598 925977 2.09722e+16 1.066e-06 1.04786e-05 1.5823e-19 3.52091e-08 283625 0 0 4.63135e-14 0 0 0.0100359 0 0 0 0 0 0 1.15908e+11 1.15908e+11 1.15908e+11 1.15908e+11 
0.1425 -0.619826 -3.91983 -1.85066 -3.36362 -1.58017 942178 2.09333e+16 1.06694e-06 1.04782e-05 1.61138e-19 3.51428e-08 284167 0 0 4.72452e-14 0 0 0.0100359 0 0 0 0 0 0 1.17724e+11 1.17724e+11 1.17724e+11 1.17724e+11 
0.143 -0.605604 -3.9056 -1.83599 -3.34933 -1.5944 958585 2.08946e+16 1.06788e-06 1.0478e-05 1.64087e-19 3.50769e-08 284707 0 0 4.81915e-14 0 0 0.0100359 0 0 0 0 0 0 1.19559e+11 1.19559e+11 1.19559e+11 1.19559e+11 
0.1435 -0.591355 -3.89136 -1.82129 -3.33501 -1.60864 975199 2.0856e+16 1.06881e-06 1.04777e-05 1.67076e-19 3.50113e-08 285247 0 0 4.91526e-14 0 0 0.0100359 0 0 0 0 0 0 1.21414e+11 1.21414e+11 1.21414e+11 1.21414e+11 
0.144 -0.577079 -3.87708 -1.80657 -3.32066 -1.62292 992022 2.08177e+16 1.06975e-06 1.04775e-05 1.70106e-19 3.49461e-08 285785 0 0 5.01285e-14 0 0 0.0100359 0 0 0 0 0 0 1.23289e+11 1.23289e+11 1.23289e+11 1.23289e+11 
0.1445 -0.562776 -3.86278 -1.79183 -3.30629 -1.63722 1.00905e+06 2.07794e+16 1.07069e-06 1.04773e-05 1.73177e-19 3.48812e-08 286323 0 0 5.11195e-14 0 0 0.0100359 0 0 0 0 0 0 1.25183e+11 1.25183e+11 1.25183e+11 1.25183e+11 
0.145 -0.548447 -3.84845 -1.77706 -3.29189 -1.65155 1.0263e+06 2.07414e+16 1.07163e-06 1.04771e-05 1.7629e-19 3.48167e-08 286860 0 0 5.21257e-14 0 0 0.0100359 0 0 0 0 0 0 1.27098e+11 1.27098e+11 1.27098e+11 1.27098e+11 
0.1455 -0.53409 -3.83409 -1.76226 -3.27747 -1.66591 1.04376e+06 2.07035e+16 1.07257e-06 1.04769e-05 1.79444e-19 3.47526e-08 287395 0 0 5.31473e-14 0 0 0.0100359 0 0 0 0 0 0 1.29032e+11 1.29032e+11 1.29032e+11 1.29032e+11 
0.146 -0.519707 -3.81971 -1.74744 -3.26301 -1.68029 1.06143e+06 2.06658e+16 1.07351e-06 1.04768e-05 1.82641e-19 3.46888e-08 287930 0 0 5.41844e-14 0 0 0.0100359 0 0 0 0 0 0 1.30987e+11 1.30987e+11 1.30987e+11 1.30987e+11 
0.1465 -0.505297 -3.8053 -1.7326 -3.24853 -1.6947 1.07932e+06 2.06282e+16 1.07445e-06 1.04766e-05 1.8588e-19 3.46253e-08 288464 0 0 5.52372e-14 0 0 0.0100359 0 0 0 0 0 0 1.32962e+11 1.32962e+11 1.32962e+11 1.32962e+11 
0.147 -0.490861 -3.79086 -1.71773 -3.23403 -1.70914 1.09742e+06 2.05908e+16 1.07539e-06 1.04765e-05 1.89163e-19 3.45622e-08 288997 0 0 5.63058e-14 0 0 0.0100359 0 0 0 0 0 0 1.34957e+11 1.34957e+11 1.34957e+11 1.34957e+11 
0.1475 -0.476398 -3.7764 -1.70283 -3.2195 -1.7236 1.11574e+06 2.05536e+16 1.07634e-06 1.04765e-05 1.92488e-19 3.44994e-08 289528 0 0 5.73905e-14 0 0 0.0100359 0 0 0 0 0 0 1.36972e+11 1.36972e+11 1.36972e+11 1.36972e+11 
0.148 -0.461908 -3.76191 -1.68791 -3.20494 -1.73809 1.13429e+06 2.05165e+16 1.07728e-06 1.04764e-05 1.95857e-19 3.4437e-08 290059 0 0 5.84913e-14 0 0 0.0100359 0 0 0 0 0 0 1.39008e+11 1.39008e+11 1.39008e+11 1.39008e+11 
0.1485 -0.447392 -3.74739 -1.67297 -3.19035 -1.75261 1.15305e+06 2.04795e+16 1.07822e-06 1.04764e-05 1.99271e-19 3.43749e-08 290589 0 0 5.96085e-14 0 0 0.0100359 0 0 0 0 0 0 1.41064e+11 1.41064e+11 1.41064e+11 1.41064e+11 
0.149 -0.432849 -3.73285 -1.658 -3.17574 -1.76715 1.17204e+06 2.04428e+16 1.07917e-06 1.04764e-05 2.02728e-19 3.43131e-08 291118 0 0 6.07422e-14 0 0 0.0100359 0 0 0 0 0 0 1.43142e+11 1.43142e+11 1.43142e+11 1.43142e+11 
0.1495 -0.41828 -3.71828 -1.64301 -3.16111 -1.78172 1.19125e+06 2.04061e+16 1.08011e-06 1.04764e-05 2.06231e-19 3.42517e-08 291646 0 0 6.18925e-14 0 0 0.0100359 0 0 0 0 0 0 1.4524e+11 1.4524e+11 1.4524e+11 1.4524e+11 
0.15 -0.403685 -3.70368 -1.62799 -3.14644 -1.79632 1.21069e+06 2.03697e+16 1.08106e-06 1.04764e-05 2.09778e-19 3.41906e-08 292173 0 0 6.30597e-14 0 0 0.0100359 0 0 0 0 0 0 1.47358e+11 1.47358e+11 1.47358e+11 1.47358e+11 
0.1505 -0.389063 -3.68906 -1.61295 -3.13175 -1.81094 1.23036e+06 2.03333e+16 1.08201e-06 1.04765e-05 2.13371e-19 3.41298e-08 292699 0 0 6.42439e-14 0 0 0.0100359 0 0 0 0 0 0 1.49498e+11 1.49498e+11 1.49498e+11 1.49498e+11 
0.151 -0.374415 -3.67441 -1.59788 -3.11704 -1.82559 1.25025e+06 2.02972e+16 1.08295e-06 1.04765e-05 2.17009e-19 3.40694e-08 293224 0 0 6.54453e-14 0 0 0.0100359 0 0 0 0 0 0 1.51659e+11 1.51659e+11 1.51659e+11 1.51659e+11 
0.1515 -0.35974 -3.65974 -1.58279 -3.1023 -1.84026 1.27038e+06 2.02612e+16 1.0839e-06 1.04766e-05 2.20694e-19 3.40092e-08 293749 0 0 6.6664e-14 0 0 0.0100359 0 0 0 0 0 0 1.5384e+11 1.5384e+11 1.5384e+11 1.5384e+11 
0.152 -0.34504 -3.64504 -1.56768 -3.08753 -1.85496 1.29074e+06 2.02253e+16 1.08485e-06 1.04768e-05 2.24426e-19 3.39494e-08 294272 0 0 6.79002e-14 0 0 0.0100359 0 0 0 0 0 0 1.56043e+11 1.56043e+11 1.56043e+11 1.56043e+11 
0.1525 -0.330313 -3.63031 -1.55254 -3.07273 -1.86969 1.31133e+06 2.01896e+16 1.0858e-06 1.04769e-05 2.28204e-19 3.38899e-08 294794 0 0 6.91541e-14 0 0 0.0100359 0 0 0 0 0 0 1.58267e+11 1.58267e+11 1.58267e+11 1.58267e+11 
0.153 -0.31556 -3.61556 -1.53738 -3.05791 -1.88444 1.33215e+06 2.0154e+16 1.08675e-06 1.04771e-05 2.32029e-19 3.38307e-08 295316 0 0 7.04259e-14 0 0 0.0100359 0 0 0 0 0 0 1.60513e+11 1.60513e+11 1.60513e+11 1.60513e+11 
0.1535 -0.300782 -3.60078 -1.52219 -3.04307 -1.89922 1.35321e+06 2.01186e+16 1.08769e-06 1.04772e-05 2.35902e-19 3.37718e-08 295836 0 0 7.17156e-14 0 0 0.0100359 0 0 0 0 0 0 1.6278e+11 1.6278e+11 1.6278e+11 1.6278e+11 
0.154 -0.285977 -3.58598 -1.50698 -3.0282 -1.91402 1.37451e+06 2.00833e+16 1.08865e-06 1.04774e-05 2.39823e-19 3.37132e-08 296356 0 0 7.30236e-14 0 0 0.0100359 0 0 0 0 0 0 1.65068e+11 1.65068e+11 1.65068e+11 1.65068e+11 
0.1545 -0.271146 -3.57115 -1.49174 -3.0133 -1.92885 1.39605e+06 2.00481e+16 1.0896e-06 1.04777e-05 2.43792e-19 3.3655e-08 296874 0 0 7.43499e-14 0 0 0.0100359 0 0 0 0 0 0 1.67378e+11 1.67378e+11 1.67378e+11 1.67378e+11 
0.155 -0.256289 -3.55629 -1.47648 -2.99838 -1.94371 1.41783e+06 2.00131e+16 1.09055e-06 1.04779e-05 2.4781e-19 3.3597e-08 297392 0 0 7.56947e-14 0 0 0.0100359 0 0 0 0 0 0 1.6971e+11 1.6971e+11 1.6971e+11 1.6971e+11 
0.1555 -0.241407 -3.54141 -1.4612 -2.98343 -1.95859 1.43985e+06 1.99783e+16 1.0915e-06 1.04782e-05 2.51877e-19 3.35393e-08 297909 0 0 7.70583e-14 0 0 0.0100359 0 0 0 0 0 0 1.72064e+11 1.72064e+11 1.72064e+11 1.72064e+11 
0.156 -0.226498 -3.5265 -1.44589 -2.96845 -1.9735 1.46211e+06 1.99436e+16 1.09245e-06 1.04785e-05 2.55993e-19 3.34819e-08 298425 0 0 7.84408e-14 0 0 0.0100359 0 0 0 0 0 0 1.74439e+11 1.74439e+11 1.74439e+11 1.74439e+11 
0.1565 -0.211564 -3.51156 -1.43056 -2.95345 -1.98844 1.48462e+06 1.9909e+16 1.0934e-06 1.04788e-05 2.60159e-19 3.34248e-08 298940 0 0 7.98423e-14 0 0 0.0100359 0 0 0 0 0 0 1.76836e+11 1.76836e+11 1.76836e+11 1.76836e+11 
0.157 -0.196604 -3.4966 -1.4152 -2.93843 -2.0034 1.50737e+06 1.98745e+16 1.09436e-06 1.04791e-05 2.64376e-19 3.3368e-08 299454 0 0 8.1263e-14 0 0 0.0100359 0 0 0 0 0 0 1.79256e+11 1.79256e+11 1.79256e+11 1.79256e+11 
0.1575 -0.181619 -3.48162 -1.39982 -2.92338 -2.01838 1.53037e+06 1.98402e+16 1.09531e-06 1.04794e-05 2.68642e-19 3.33115e-08 299968 0 0 8.27032e-14 0 0 0.0100359 0 0 0 0 0 0 1.81697e+11 1.81697e+11 1.81697e+11 1.81697e+11 
0.158 -0.166608 -3.46661 -1.38442 -2.9083 -2.03339 1.55362e+06 1.98061e+16 1.09627e-06 1.04798e-05 2.7296e-19 3.32553e-08 300480 0 0 8.41629e-14 0 0 0.0100359 0 0 0 0 0 0 1.84161e+11 1.84161e+11 1.84161e+11 1.84161e+11 
0.1585 -0.151571 -3.45157 -1.36899 -2.8932 -2.04843 1.57712e+06 1.9772e+16 1.09722e-06 1.04802e-05 2.77329e-19 3.31994e-08 300992 0 0 8.56424e-14 0 0 0.0100359 0 0 0 0 0 0 1.86646e+11 1.86646e+11 1.86646e+11 1.86646e+11 
0.159 -0.136508 -3.43651 -1.35354 -2.87807 -2.06349 1.60087e+06 1.97381e+16 1.09818e-06 1.04806e-05 2.81749e-19 3.31437e-08 301502 0 0 8.71418e-14 0 0 0.0100359 0 0 0 0 0 0 1.89155e+11 1.89155e+11 1.89155e+11 1.89155e+11 
0.1595 -0.121421 -3.42142 -1.33806 -2.86292 -2.07858 1.62487e+06 1.97044e+16 1.09913e-06 1.0481e-05 2.86221e-19 3.30883e-08 302012 0 0 8.86614e-14 0 0 0.0100359 0 0 0 0 0 0 1.91685e+11 1.91685e+11 1.91685e+11 1.91685e+11 
0.16 -0.106307 -3.40631 -1.32256 -2.84774 -2.09369 1.64913e+06 1.96707e+16 1.10009e-06 1.04814e-05 2.90746e-19 3.30332e-08 302521 0 0 9.02013e-14 0 0 0.0100359 0 0 0 0 0 0 1.94238e+11 1.94238e+11 1.94238e+11 1.94238e+11 
0.1605 -0.0911685 -3.39117 -1.30704 -2.83254 -2.10883 1.67364e+06 1.96372e+16 1.10105e-06 1.04819e-05 2.95323e-19 3.29784e-08 303029 0 0 9.17616e-14 0 0 0.0100359 0 0 0 0 0 0 1.96813e+11 1.96813e+11 1.96813e+11 1.96813e+11 
0.161 -0.0760043 -3.376 -1.29149 -2.81731 -2.124 1.69841e+06 1.96039e+16 1.10201e-06 1.04823e-05 2.99954e-19 3.29239e-08 303536 0 0 9.33426e-14 0 0 0.0100359 0 0 0 0 0 0 1.99412e+11 1.99412e+11 1.99412e+11 1.99412e+11 
0.1615 -0.0608149 -3.36081 -1.27592 -2.80206 -2.13919 1.72344e+06 1.95706e+16 1.10297e-06 1.04828e-05 3.04637e-19 3.28696e-08 304043 0 0 9.49445e-14 0 0 0.0100359 0 0 0 0 0 0 2.02032e+11 2.02032e+11 2.02032e+11 2.02032e+11 
0.162 -0.0456001 -3.3456 -1.26033 -2.78678 -2.1544 1.74873e+06 1.95375e+16 1.10392e-06 1.04833e-05 3.09375e-19 3.28156e-08 304548 0 0 9.65673e-14 0 0 0.0100359 0 0 0 0 0 0 2.04676e+11 2.04676e+11 2.04676e+11 2.04676e+11 
0.1625 -0.03036 -3.33036 -1.24471 -2.77147 -2.16964 1.77428e+06 1.95045e+16 1.10488e-06 1.04839e-05 3.14166e-19 3.27618e-08 305053 0 0 9.82114e-14 0 0 0.0100359 0 0 0 0 0 0 2.07342e+11 2.07342e+11 2.07342e+11 2.07342e+11 
0.163 -0.0150948 -3.31509 -1.22907 -2.75614 -2.18491 1.80009e+06 1.94717e+16 1.10584e-06 1.04844e-05 3.19012e-19 3.27083e-08 305557 0 0 9.98769e-14 0 0 0.0100359 0 0 0 0 0 0 2.10032e+11 2.10032e+11 2.10032e+11 2.10032e+11 
0.1635 0.000195627 -3.2998 -1.2134 -2.74079 -2.2002 1.82616e+06 1.9439e+16 1.10681e-06 1.0485e-05 3.23913e-19 3.26551e-08 306060 0 0 1.01564e-13 0 0 0.0100359 0 0 0 0 0 0 2.12744e+11 2.12744e+11 2.12744e+11 2.12744e+11 
0.164 0.0155112 -3.28449 -1.19772 -2.72541 -2.21551 1.8525e+06 1.94064e+16 1.10777e-06 1.04856e-05 3.2887e-19 3.26022e-08 306562 0 0 1.03273e-13 0 0 0.0100359 0 0 0 0 0 0 2.15479e+11 2.15479e+11 2.15479e+11 2.15479e+11 
0.1645 0.0308518 -3.26915 -1.182 -2.71001 -2.23085 1.87911e+06 1.93739e+16 1.10873e-06 1.04862e-05 3.33882e-19 3.25495e-08 307063 0 0 1.05003e-13 0 0 0.0100359 0 0 0 0 0 0 2.18238e+11 2.18238e+11 2.18238e+11 2.18238e+11 
0.165 0.0462174 -3.25378 -1.16627 -2.69458 -2.24622 1.90599e+06 1.93415e+16 1.10969e-06 1.04868e-05 3.38949e-19 3.2497e-08 307563 0 0 1.06756e-13 0 0 0.0100359 0 0 0 0 0 0 2.21019e+11 2.21019e+11 2.21019e+11 2.21019e+11 
0.1655 0.0616081 -3.23839 -1.15051 -2.67912 -2.26161 1.93313e+06 1.93093e+16 1.11065e-06 1.04874e-05 3.44074e-19 3.24449e-08 308063 0 0 1.08531e-13 0 0 0.0100359 0 0 0 0 0 0 2.23824e+11 2.23824e+11 2.23824e+11 2.23824e+11 
0.166 0.0770237 -3.22298 -1.13473 -2.66365 -2.27702 1.96054e+06 1.92772e+16 1.11162e-06 1.04881e-05 3.49254e-19 3.23929e-08 308562 0 0 1.10329e-13 0 0 0.0100359 0 0 0 0 0 0 2.26652e+11 2.26652e+11 2.26652e+11 2.26652e+11 
0.1665 0.0924643 -3.20754 -1.11892 -2.64814 -2.29246 1.98823e+06 1.92452e+16 1.11258e-06 1.04887e-05 3.54492e-19 3.23412e-08 309059 0 0 1.12149e-13 0 0 0.0100359 0 0 0 0 0 0 2.29504e+11 2.29504e+11 2.29504e+11 2.29504e+11 
0.167 0.10793 -3.19207 -1.10309 -2.63261 -2.30793 2.01619e+06 1.92134e+16 1.11355e-06 1.04894e-05 3.59788e-19 3.22898e-08 309557 0 0 1.13993e-13 0 0 0.0100359 0 0 0 0 0 0 2.32379e+11 2.32379e+11 2.32379e+11 2.32379e+11 
0.1675 0.12342 -3.17658 -1.08724 -2.61706 -2.32342 2.04442e+06 1.91816e+16 1.11451e-06 1.04901e-05 3.65141e-19 3.22386e-08 310053 0 0 1.15859e-13 0 0 0.0100359 0 0 0 0 0 0 2.35278e+11 2.35278e+11 2.35278e+11 2.35278e+11 
0.168 0.138935 -3.16107 -1.07136 -2.60148 -2.33893 2.07293e+06 1.915e+16 1.11548e-06 1.04908e-05 3.70552e-19 3.21877e-08 310548 0 0 1.17748e-13 0 0 0.0100359 0 0 0 0 0 0 2.382e+11 2.382e+11 2.382e+11 2.382e+11 
0.1685 0.154475 -3.14553 -1.05546 -2.58588 -2.35447 2.10172e+06 1.91185e+16 1.11644e-06 1.04916e-05 3.76022e-19 3.2137e-08 311043 0 0 1.19661e-13 0 0 0.0100359 0 0 0 0 0 0 2.41146e+11 2.41146e+11 2.41146e+11 2.41146e+11 
0.169 0.170039 -3.12996 -1.03954 -2.57026 -2.37004 2.13078e+06 1.90871e+16 1.11741e-06 1.04923e-05 3.81551e-19 3.20865e-08 311537 0 0 1.21598e-13 0 0 0.0100359 0 0 0 0 0 0 2.44115e+11 2.44115e+11 2.44115e+11 2.44115e+11 
0.1695 0.185628 -3.11437 -1.02359 -2.5546 -2.38563 2.16012e+06 1.90558e+16 1.11838e-06 1.04931e-05 3.87139e-19 3.20363e-08 312030 0 0 1.23558e-13 0 0 0.0100359 0 0 0 0 0 0 2.47109e+11 2.47109e+11 2.47109e+11 2.47109e+11 
0.17 0.201242 -3.09876 -1.00763 -2.53893 -2.40124 2.18975e+06 1.90247e+16 1.11934e-06 1.04939e-05 3.92787e-19 3.19863e-08 312522 0 0 1.25543e-13 0 0 0.0100359 0 0 0 0 0 0 2.50126e+11 2.50126e+11 2.50126e+11 2.50126e+11 
0.1705 0.216881 -3.08312 -0.991634 -2.52323 -2.41688 2.21966e+06 1.89936e+16 1.12031e-06 1.04947e-05 3.98495e-19 3.19366e-08 313013 0 0 1.27551e-13 0 0 0.0100359 0 0 0 0 0 0 2.53167e+11 2.53167e+11 2.53167e+11 2.53167e+11 
0.171 0.232544 -3.06746 -0.975619 -2.5075 -2.43254 2.24985e+06 1.89627e+16 1.12128e-06 1.04955e-05 4.04263e-19 3.18871e-08 313504 0 0 1.29584e-13 0 0 0.0100359 0 0 0 0 0 0 2.56232e+11 2.56232e+11 2.56232e+11 2.56232e+11 
0.1715 0.248231 -3.05177 -0.959581 -2.49176 -2.44823 2.28032e+06 1.89319e+16 1.12225e-06 1.04963e-05 4.10092e-19 3.18378e-08 313994 0 0 1.31642e-13 0 0 0.0100359 0 0 0 0 0 0 2.59321e+11 2.59321e+11 2.59321e+11 2.59321e+11 
0.172 0.263943 -3.03606 -0.943519 -2.47598 -2.46394 2.31108e+06 1.89012e+16 1.12322e-06 1.04972e-05 4.15982e-19 3.17887e-08 314483 0 0 1.33724e-13 0 0 0.0100359 0 0 0 0 0 0 2.62434e+11 2.62434e+11 2.62434e+11 2.62434e+11 
0.1725 0.279679 -3.02032 -0.927435 -2.46019 -2.47968 2.34213e+06 1.88706e+16 1.12419e-06 1.04981e-05 4.21933e-19 3.17399e-08 314971 0 0 1.35831e-13 0 0 0.0100359 0 0 0 0 0 0 2.65571e+11 2.65571e+11 2.65571e+11 2.65571e+11 
0.173 0.29544 -3.00456 -0.911328 -2.44436 -2.49544 2.37347e+06 1.88402e+16 1.12516e-06 1.04989e-05 4.27947e-19 3.16913e-08 315458 0 0 1.37964e-13 0 0 0.0100359 0 0 0 0 0 0 2.68733e+11 2.68733e+11 2.68733e+11 2.68733e+11 
0.1735 0.311225 -2.98877 -0.895198 -2.42852 -2.51123 2.40509e+06 1.88098e+16 1.12613e-06 1.04998e-05 4.34023e-19 3.1643e-08 315945 0 0 1.40122e-13 0 0 0.0100359 0 0 0 0 0 0 2.71919e+11 2.71919e+11 2.71919e+11 2.71919e+11 
0.174 0.327034 -2.97297 -0.879045 -2.41265 -2.52703 2.43701e+06 1.87795e+16 1.1271e-06 1.05008e-05 4.40161e-19 3.15948e-08 316431 0 0 1.42305e-13 0 0 0.0100359 0 0 0 0 0 0 2.75129e+11 2.75129e+11 2.75129e+11 2.75129e+11 
0.1745 0.342868 -2.95713 -0.862869 -2.39675 -2.54287 2.46922e+06 1.87494e+16 1.12808e-06 1.05017e-05 4.46362e-19 3.15469e-08 316916 0 0 1.44514e-13 0 0 0.0100359 0 0 0 0 0 0 2.78363e+11 2.78363e+11 2.78363e+11 2.78363e+11 
0.175 0.358726 -2.94127 -0.84667 -2.38083 -2.55873 2.50173e+06 1.87194e+16 1.12905e-06 1.05026e-05 4.52627e-19 3.14992e-08 317400 0 0 1.46749e-13 0 0 0.0100359 0 0 0 0 0 0 2.81622e+11 2.81622e+11 2.81622e+11 2.81622e+11 
0.1755 0.374608 -2.92539 -0.830449 -2.36489 -2.57461 2.53452e+06 1.86895e+16 1.13002e-06 1.05036e-05 4.58955e-19 3.14517e-08 317884 0 0 1.4901e-13 0 0 0.0100359 0 0 0 0 0 0 2.84906e+11 2.84906e+11 2.84906e+11 2.84906e+11 
0.176 0.390514 -2.90949 -0.814204 -2.34893 -2.59051 2.56762e+06 1.86596e+16 1.131e-06 1.05046e-05 4.65347e-19 3.14045e-08 318366 0 0 1.51298e-13 0 0 0.0100359 0 0 0 0 0 0 2.88214e+11 2.88214e+11 2.88214e+11 2.88214e+11 
0.1765 0.406445 -2.89356 -0.797937 -2.33293 -2.60644 2.60101e+06 1.86299e+16 1.13197e-06 1.05056e-05 4.71804e-19 3.13574e-08 318848 0 0 1.53612e-13 0 0 0.0100359 0 0 0 0 0 0 2.91546e+11 2.91546e+11 2.91546e+11 2.91546e+11 
0.177 0.422399 -2.8776 -0.781647 -2.31692 -2.6224 2.6347e+06 1.86003e+16 1.13295e-06 1.05066e-05 4.78325e-19 3.13106e-08 319329 0 0 1.55952e-13 0 0 0.0100359 0 0 0 0 0 0 2.94903e+11 2.94903e+11 2.94903e+11 2.94903e+11 
0.1775 0.438378 -2.86162 -0.765334 -2.30088 -2.63838 2.66869e+06 1.85708e+16 1.13392e-06 1.05076e-05 4.84912e-19 3.1264e-08 319810 0 0 1.5832e-13 0 0 0.0100359 0 0 0 0 0 0 2.98285e+11 2.98285e+11 2.98285e+11 2.98285e+11 
0.178 0.45438 -2.84562 -0.748999 -2.28482 -2.65438 2.70298e+06 1.85414e+16 1.1349e-06 1.05086e-05 4.91564e-19 3.12176e-08 320290 0 0 1.60715e-13 0 0 0.0100359 0 0 0 0 0 0 3.01692e+11 3.01692e+11 3.01692e+11 3.01692e+11 
0.1785 0.470407 -2.82959 -0.732641 -2.26873 -2.67041 2.73757e+06 1.85122e+16 1.13587e-06 1.05097e-05 4.98282e-19 3.11714e-08 320769 0 0 1.63137e-13 0 0 0.0100359 0 0 0 0 0 0 3.05123e+11 3.05123e+11 3.05123e+11 3.05123e+11 
0.179 0.486457 -2.81354 -0.71626 -2.25262 -2.68646 2.77247e+06 1.8483e+16 1.13685e-06 1.05107e-05 5.05067e-19 3.11254e-08 321247 0 0 1.65586e-13 0 0 0.0100359 0 0 0 0 0 0 3.0858e+11 3.0858e+11 3.0858e+11 3.0858e+11 
0.1795 0.502531 -2.79747 -0.699857 -2.23649 -2.70253 2.80767e+06 1.84539e+16 1.13783e-06 1.05118e-05 5.11918e-19 3.10796e-08 321724 0 0 1.68063e-13 0 0 0.0100359 0 0 0 0 0 0 3.12061e+11 3.12061e+11 3.12061e+11 3.12061e+11 
0.18 0.518629 -2.78137 -0.683431 -2.22033 -2.71863 2.84317e+06 1.84249e+16 1.13881e-06 1.05129e-05 5.18836e-19 3.1034e-08 322201 0 0 1.70568e-13 0 0 0.0100359 0 0 0 0 0 0 3.15567e+11 3.15567e+11 3.15567e+11 3.15567e+11 
0.1805 0.534751 -2.76525 -0.666983 -2.20415 -2.73475 2.87898e+06 1.8396e+16 1.13978e-06 1.0514e-05 5.25821e-19 3.09887e-08 322677 0 0 1.73102e-13 0 0 0.0100359 0 0 0 0 0 0 3.19098e+11 3.19098e+11 3.19098e+11 3.19098e+11 
0.181 0.550897 -2.7491 -0.650512 -2.18795 -2.7509 2.9151e+06 1.83673e+16 1.14076e-06 1.05151e-05 5.32875e-19 3.09435e-08 323152 0 0 1.75663e-13 0 0 0.0100359 0 0 0 0 0 0 3.22654e+11 3.22654e+11 3.22654e+11 3.22654e+11 
0.1815 0.567067 -2.73293 -0.634019 -2.17172 -2.76707 2.95153e+06 1.83386e+16 1.14174e-06 1.05163e-05 5.39996e-19 3.08985e-08 323626 0 0 1.78253e-13 0 0 0.0100359 0 0 0 0 0 0 3.26236e+11 3.26236e+11 3.26236e+11 3.26236e+11 
0.182 0.58326 -2.71674 -0.617503 -2.15547 -2.78326 2.98827e+06 1.831e+16 1.14272e-06 1.05174e-05 5.47186e-19 3.08537e-08 324100 0 0 1.80872e-13 0 0 0.0100359 0 0 0 0 0 0 3.29842e+11 3.29842e+11 3.29842e+11 3.29842e+11 
0.1825 0.599477 -2.70052 -0.600965 -2.13919 -2.79948 3.02532e+06 1.82816e+16 1.1437e-06 1.05186e-05 5.54444e-19 3.08092e-08 324573 0 0 1.8352e-13 0 0 0.0100359 0 0 0 0 0 0 3.33474e+11 3.33474e+11 3.33474e+11 3.33474e+11 
0.183 0.615717 -2.68428 -0.584405 -2.12289 -2.81572 3.06269e+06 1.82532e+16 1.14468e-06 1.05197e-05 5.61772e-19 3.07648e-08 325045 0 0 1.86196e-13 0 0 0.0100359 0 0 0 0 0 0 3.3713e+11 3.3713e+11 3.3713e+11 3.3713e+11 
0.1835 0.631981 -2.66802 -0.567822 -2.10657 -2.83198 3.10036e+06 1.82249e+16 1.14566e-06 1.05209e-05 5.69169e-19 3.07206e-08 325517 0 0 1.88902e-13 0 0 0.0100359 0 0 0 0 0 0 3.40813e+11 3.40813e+11 3.40813e+11 3.40813e+11 
0.184 0.648269 -2.65173 -0.551217 -2.09022 -2.84827 3.13835e+06 1.81967e+16 1.14665e-06 1.05221e-05 5.76637e-19 3.06766e-08 325987 0 0 1.91638e-13 0 0 0.0100359 0 0 0 0 0 0 3.4452e+11 3.4452e+11 3.4452e+11 3.4452e+11 
0.1845 0.66458 -2.63542 -0.534589 -2.07385 -2.86458 3.17666e+06 1.81687e+16 1.14763e-06 1.05234e-05 5.84174e-19 3.06328e-08 326457 0 0 1.94403e-13 0 0 0.0100359 0 0 0 0 0 0 3.48253e+11 3.48253e+11 3.48253e+11 3.48253e+11 
0.185 0.680914 -2.61909 -0.517939 -2.05746 -2.88091 3.21529e+06 1.81407e+16 1.14861e-06 1.05246e-05 5.91782e-19 3.05892e-08 326927 0 0 1.97199e-13 0 0 0.0100359 0 0 0 0 0 0 3.52011e+11 3.52011e+11 3.52011e+11 3.52011e+11 
0.1855 0.697273 -2.60273 -0.501267 -2.04105 -2.89727 3.25423e+06 1.81128e+16 1.14959e-06 1.05258e-05 5.99462e-19 3.05458e-08 327395 0 0 2.00024e-13 0 0 0.0100359 0 0 0 0 0 0 3.55795e+11 3.55795e+11 3.55795e+11 3.55795e+11 
0.186 0.713654 -2.58635 -0.484573 -2.02461 -2.91365 3.29349e+06 1.8085e+16 1.15058e-06 1.05271e-05 6.07212e-19 3.05026e-08 327863 0 0 2.0288e-13 0 0 0.0100359 0 0 0 0 0 0 3.59604e+11 3.59604e+11 3.59604e+11 3.59604e+11 
0.1865 0.730059 -2.56994 -0.467857 -2.00814 -2.93006 3.33307e+06 1.80573e+16 1.15156e-06 1.05284e-05 6.15034e-19 3.04596e-08 328330 0 0 2.05766e-13 0 0 0.0100359 0 0 0 0 0 0 3.63439e+11 3.63439e+11 3.63439e+11 3.63439e+11 
0.187 0.746487 -2.55351 -0.451118 -1.99166 -2.94649 3.37298e+06 1.80297e+16 1.15255e-06 1.05296e-05 6.22929e-19 3.04167e-08 328797 0 0 2.08683e-13 0 0 0.0100359 0 0 0 0 0 0 3.67299e+11 3.67299e+11 3.67299e+11 3.67299e+11 
0.1875 0.762939 -2.53706 -0.434357 -1.97515 -2.96294 3.41321e+06 1.80022e+16 1.15353e-06 1.05309e-05 6.30896e-19 3.03741e-08 329262 0 0 2.11631e-13 0 0 0.0100359 0 0 0 0 0 0 3.71185e+11 3.71185e+11 3.71185e+11 3.71185e+11 
0.188 0.779413 -2.52059 -0.417575 -1.95862 -2.97941 3.45376e+06 1.79748e+16 1.15452e-06 1.05323e-05 6.38936e-19 3.03316e-08 329727 0 0 2.1461e-13 0 0 0.0100359 0 0 0 0 0 0 3.75097e+11 3.75097e+11 3.75097e+11 3.75097e+11 
0.1885 0.795911 -2.50409 -0.40077 -1.94206 -2.99591 3.49463e+06 1.79474e+16 1.1555e-06 1.05336e-05 6.47049e-19 3.02893e-08 330192 0 0 2.1762e-13 0 0 0.0100359 0 0 0 0 0 0 3.79034e+11 3.79034e+11 3.79034e+11 3.79034e+11 
0.189 0.812432 -2.48757 -0.383943 -1.92548 -3.01243 3.53583e+06 1.79202e+16 1.15649e-06 1.05349e-05 6.55235e-19 3.02472e-08 330655 0 0 2.20662e-13 0 0 0.0100359 0 0 0 0 0 0 3.82997e+11 3.82997e+11 3.82997e+11 3.82997e+11 
0.1895 0.828977 -2.47102 -0.367094 -1.90888 -3.02898 3.57736e+06 1.78931e+16 1.15748e-06 1.05363e-05 6.63495e-19 3.02052e-08 331118 0 0 2.23736e-13 0 0 0.0100359 0 0 0 0 0 0 3.86985e+11 3.86985e+11 3.86985e+11 3.86985e+11 
0.19 0.845544 -2.45446 -0.350223 -1.89226 -3.04554 3.61922e+06 1.7866e+16 1.15846e-06 1.05376e-05 6.7183e-19 3.01634e-08 331580 0 0 2.26841e-13 0 0 0.0100359 0 0 0 0 0 0 3.91e+11 3.91e+11 3.91e+11 3.91e+11 
0.1905 0.862135 -2.43787 -0.33333 -1.87561 -3.06213 3.6614e+06 1.78391e+16 1.15945e-06 1.0539e-05 6.80239e-19 3.01218e-08 332042 0 0 2.29979e-13 0 0 0.0100359 0 0 0 0 0 0 3.9504e+11 3.9504e+11 3.9504e+11 3.9504e+11 
0.191 0.878748 -2.42125 -0.316416 -1.85894 -3.07875 3.70391e+06 1.78122e+16 1.16044e-06 1.05404e-05 6.88724e-19 3.00804e-08 332503 0 0 2.33149e-13 0 0 0.0100359 0 0 0 0 0 0 3.99105e+11 3.99105e+11 3.99105e+11 3.99105e+11 
0.1915 0.895385 -2.40461 -0.299479 -1.84225 -3.09539 3.74676e+06 1.77853e+16 1.16143e-06 1.05418e-05 6.97283e-19 3.0039e-08 332963 0 0 2.36352e-13 0 0 0.0100359 0 0 0 0 0 0 4.03196e+11 4.03196e+11 4.03196e+11 4.03196e+11 
0.192 0.912045 -2.38796 -0.282521 -1.82553 -3.11204 3.78994e+06 1.77586e+16 1.16242e-06 1.05432e-05 7.05919e-19 2.99978e-08 333422 0 0 2.39587e-13 0 0 0.0100359 0 0 0 0 0 0 4.07311e+11 4.07311e+11 4.07311e+11 4.07311e+11 
0.1925 0.928727 -2.37127 -0.26554 -1.80879 -3.12873 3.83345e+06 1.77318e+16 1.16341e-06 1.05445e-05 7.1463e-19 2.99564e-08 333881 0 0 2.42856e-13 0 0 0.0100359 0 0 0 0 0 0 4.11449e+11 4.11449e+11 4.11449e+11 4.11449e+11 
0.193 0.945433 -2.35457 -0.248538 -1.79203 -3.14543 3.87729e+06 1.77049e+16 1.1644e-06 1.05459e-05 7.23418e-19 2.99149e-08 334339 0 0 2.46157e-13 0 0 0.0100359 0 0 0 0 0 0 4.15608e+11 4.15608e+11 4.15608e+11 4.15608e+11 
0.1935 0.962161 -2.33784 -0.231514 -1.77524 -3.16216 3.92147e+06 1.76779e+16 1.16539e-06 1.05472e-05 7.32282e-19 2.98728e-08 334796 0 0 2.49492e-13 0 0 0.0100359 0 0 0 0 0 0 4.19782e+11 4.19782e+11 4.19782e+11 4.19782e+11 
0.194 0.978912 -2.32109 -0.214469 -1.75843 -3.17891 3.96598e+06 1.76503e+16 1.16638e-06 1.05483e-05 7.41223e-19 2.98294e-08 335253 0 0 2.52861e-13 0 0 0.0100359 0 0 0 0 0 0 4.23961e+11 4.23961e+11 4.23961e+11 4.23961e+11 
0.1945 0.995686 -2.30431 -0.197401 -1.7416 -3.19569 4.01083e+06 1.76216e+16 1.16737e-06 1.05491e-05 7.50241e-19 2.97832e-08 335709 0 0 2.56262e-13 0 0 0.0100359 0 0 0 0 0 0 4.28124e+11 4.28124e+11 4.28124e+11 4.28124e+11 
0.195 1.01248 -2.28752 -0.180312 -1.72473 -3.21248 4.05601e+06 1.75906e+16 1.16836e-06 1.05494e-05 7.59335e-19 2.97315e-08 336164 0 0 2.59697e-13 0 0 0.0100359 0 0 0 0 0 0 4.32231e+11 4.32231e+11 4.32231e+11 4.32231e+11 
0.1955 1.0293 -2.2707 -0.163202 -1.70784 -3.2293 4.10152e+06 1.75551e+16 1.16936e-06 1.05484e-05 7.68506e-19 2.96689e-08 336618 0 0 2.63164e-13 0 0 0.0100359 0 0 0 0 0 0 4.36201e+11 4.36201e+11 4.36201e+11 4.36201e+11 
0.196 1.04615 -2.25385 -0.146069 -1.6909 -3.24615 4.14734e+06 1.75109e+16 1.17035e-06 1.05451e-05 7.77749e-19 2.95849e-08 337071 0 0 2.66661e-13 0 0 0.0100359 0 0 0 0 0 0 4.39876e+11 4.39876e+11 4.39876e+11 4.39876e+11 
0.1965 1.06301 -2.23699 -0.128916 -1.6739 -3.26301 4.19345e+06 1.74492e+16 1.17134e-06 1.05373e-05 7.87062e-19 2.94588e-08 337523 0 0 2.70185e-13 0 0 0.0100359 0 0 0 0 0 0 4.42942e+11 4.42942e+11 4.42942e+11 4.42942e+11 
0.197 1.0799 -2.2201 -0.111742 -1.65681 -3.2799 4.23982e+06 1.73534e+16 1.17233e-06 1.05204e-05 7.96434e-19 2.92502e-08 337973 0 0 2.73729e-13 0 0 0.0100359 0 0 0 0 0 0 4.44777e+11 4.44777e+11 4.44777e+11 4.44777e+11 
0.1975 1.09681 -2.20319 -0.0945473 -1.63954 -3.29681 4.28634e+06 1.71903e+16 1.17331e-06 1.04857e-05 8.05847e-19 2.88797e-08 338420 0 0 2.77278e-13 0 0 0.0100359 0 0 0 0 0 0 4.44147e+11 4.44147e+11 4.44147e+11 4.44147e+11 
0.198 1.11374 -2.18626 -0.0773337 -1.62196 -3.31374 4.33284e+06 1.6894e+16 1.17384e-06 1.04116e-05 8.14953e-19 2.81811e-08 338642 0 0 2.79051e-13 0 0 0.0100359 0 0 0 0 0 0 4.38439e+11 4.38439e+11 4.38439e+11 4.38439e+11 
0.198 1.11374 -2.18626 -0.0773337 -1.62196 -3.31374 4.33284e+06 1.6894e+16 1.17465e-06 1.04187e-05 8.15515e-19 2.82006e-08 339039 0 0 2.82235e-13 0 0 0.0100359 0 0 0 0 0 0 4.38741e+11 4.38741e+11 4.38741e+11 4.38741e+11 
0.198409 1.12762 -2.17238 -0.0632279 -1.60713 -3.32762 4.37062e+06 1.64694e+16 1.17503e-06 1.03085e-05 8.22896e-19 2.72011e-08 339213 0 0 2.83632e-13 0 0 0.0100359 0 0 0 0 0 0 4.27358e+11 4.27358e+11 4.27358e+11 4.27358e+11 
0.198752 1.13924 -2.16076 -0.0514253 -1.59418 -3.33924 4.40173e+06 1.58946e+16 1.17567e-06 1.01587e-05 8.29205e-19 2.58702e-08 339500 0 0 2.85921e-13 0 0 0.0100359 0 0 0 0 0 0 4.09983e+11 4.09983e+11 4.09983e+11 4.09983e+11 
0.199038 1.14896 -2.15104 -0.0415525 -1.58271 -3.34896 4.42715e+06 1.51663e+16 1.17619e-06 9.96327e-06 8.34358e-19 2.42098e-08 339729 0 0 2.87742e-13 0 0 0.0100359 0 0 0 0 0 0 3.86687e+11 3.86687e+11 3.86687e+11 3.86687e+11 
0.199277 1.15709 -2.14291 -0.0332959 -1.57237 -3.35709 4.44775e+06 1.42944e+16 1.1766e-06 9.72258e-06 8.38533e-19 2.22668e-08 339912 0 0 2.89166e-13 0 0 0.0100359 0 0 0 0 0 0 3.58256e+11 3.58256e+11 3.58256e+11 3.58256e+11 
0.199478 1.1639 -2.1361 -0.0263922 -1.56289 -3.3639 4.46434e+06 1.32993e+16 1.17692e-06 9.43939e-06 8.41889e-19 2.01133e-08 340055 0 0 2.9026e-13 0 0 0.0100359 0 0 0 0 0 0 3.25877e+11 3.25877e+11 3.25877e+11 3.25877e+11 
0.199645 1.16959 -2.13041 -0.0206207 -1.55403 -3.36959 4.4776e+06 1.22075e+16 1.17717e-06 9.11785e-06 8.4457e-19 1.78333e-08 340165 0 0 2.91085e-13 0 0 0.0100358 0 0 0 0 0 0 2.90934e+11 2.90934e+11 2.90934e+11 2.90934e+11 
0.199785 1.17436 -2.12564 -0.0157962 -1.5456 -3.37436 4.48817e+06 1.10478e+16 1.17736e-06 8.7626e-06 8.467e-19 1.55102e-08 340249 0 0 2.91695e-13 0 0 0.0100356 0 0 0 0 0 0 2.54814e+11 2.54814e+11 2.54814e+11 2.54814e+11 
0.199902 1.17834 -2.12166 -0.0117635 -1.53742 -3.37834 4.49656e+06 9.8478e+15 1.1775e-06 8.37795e-06 8.48387e-19 1.32187e-08 340312 0 0 2.92138e-13 0 0 0.0100353 0 0 0 0 0 0 2.18758e+11 2.18758e+11 2.18758e+11 2.18758e+11 
0.2 1.18167 -2.11833 -0.00839286 -1.52932 -3.38167 4.50321e+06 8.63194e+15 1.17757e-06 7.96693e-06 8.49689e-19 1.10182e-08 340337 0 0 2.92309e-13 0 0 0.0100351 0 0 0 0 0 0 1.83774e+11 1.83774e+11 1.83774e+11 1.83774e+11 