# ASCII 1D datafile generated by TiberCAD
# x Ec Ev eQFermi hQFermi ElPotential eDensity hDensity eMobility hMobility eConductivity hConductivity ElField_x ElField_y ElField_z eCurrentDensity_x eCurrentDensity_y eCurrentDensity_z hCurrentDensity_x hCurrentDensity_y hCurrentDensity_z IonizedDonors IonizedAcceptors IonizedElectronTraps IonizedHoleTraps eNetRecombination eLangevinRecombination hNetRecombination hLangevinRecombination 
0 -3.425 -6.725 -4.9037 -6.21817 1.225 66.7934 7.29265e+16 8.48544e-07 1.59927e-05 8.91895e-23 1.86861e-07 44893 0 0 2.908e-18 0 0 0.0108827 0 0 0 0 0 0 4.24119e+07 4.24119e+07 4.24119e+07 4.24119e+07 
9.79066e-05 -3.42456 -6.72456 -4.90338 -6.2176 1.22456 66.4839 7.26933e+16 8.48584e-07 1.59643e-05 8.91478e-23 1.85933e-07 45076.9 0 0 2.93935e-18 0 0 0.0108827 0 0 0 0 0 0 4.20095e+07 4.20095e+07 4.20095e+07 4.20095e+07 
0.000214985 -3.42403 -6.72403 -4.90299 -6.21691 1.22403 66.1272 7.24172e+16 8.48673e-07 1.59314e-05 8.91003e-23 1.84845e-07 45516.1 0 0 3.0139e-18 0 0 0.0108827 0 0 0 0 0 0 4.15442e+07 4.15442e+07 4.15442e+07 4.15442e+07 
0.000354988 -3.42339 -6.72339 -4.90251 -6.21609 1.22339 65.7192 7.20908e+16 8.48782e-07 1.58926e-05 8.9046e-23 1.83563e-07 46039.1 0 0 3.1019e-18 0 0 0.0108827 0 0 0 0 0 0 4.10068e+07 4.10068e+07 4.10068e+07 4.10068e+07 
0.000522406 -3.42261 -6.72261 -4.90192 -6.21509 1.22261 65.2568 7.17058e+16 8.48912e-07 1.58467e-05 8.89844e-23 1.82056e-07 46661.4 0 0 3.20558e-18 0 0 0.0108827 0 0 0 0 0 0 4.03902e+07 4.03902e+07 4.03902e+07 4.03902e+07 
0.000722606 -3.42167 -6.72167 -4.90118 -6.21389 1.22167 64.7389 7.12529e+16 8.4907e-07 1.57927e-05 8.89156e-23 1.8029e-07 47401.3 0 0 3.32743e-18 0 0 0.0108827 0 0 0 0 0 0 3.96883e+07 3.96883e+07 3.96883e+07 3.96883e+07 
0.000962009 -3.42053 -6.72053 -4.90027 -6.21243 1.22053 64.1672 7.07218e+16 8.49262e-07 1.57294e-05 8.88398e-23 1.78228e-07 48279.9 0 0 3.47024e-18 0 0 0.0108827 0 0 0 0 0 0 3.88964e+07 3.88964e+07 3.88964e+07 3.88964e+07 
0.00124829 -3.41913 -6.71913 -4.89912 -6.21067 1.21913 63.5477 7.01011e+16 8.49494e-07 1.56554e-05 8.87579e-23 1.75832e-07 49322 0 0 3.63712e-18 0 0 0.0108827 0 0 0 0 0 0 3.80128e+07 3.80128e+07 3.80128e+07 3.80128e+07 
0.00159063 -3.41742 -6.71742 -4.89768 -6.20854 1.21742 62.8928 6.93787e+16 8.49777e-07 1.55691e-05 8.86716e-23 1.73062e-07 50556.4 0 0 3.8315e-18 0 0 0.0108827 0 0 0 0 0 0 3.70395e+07 3.70395e+07 3.70395e+07 3.70395e+07 
0.002 -3.41532 -6.71532 -4.89586 -6.20594 1.21532 62.2235 6.8542e+16 8.49928e-07 1.54657e-05 8.8582e-23 1.69838e-07 51290.5 0 0 3.9461e-18 0 0 0.0108827 0 0 0 0 0 0 3.59756e+07 3.59756e+07 3.59756e+07 3.59756e+07 
0.002 -3.41532 -6.71532 -4.89586 -6.20594 1.21532 62.2235 6.8542e+16 8.50318e-07 1.54728e-05 8.85859e-23 1.69916e-07 52901.8 0 0 4.19281e-18 0 0 0.0108827 0 0 0 0 0 0 3.5992e+07 3.5992e+07 3.5992e+07 3.5992e+07 
0.0025 -3.41267 -6.71267 -4.89349 -6.2027 1.21267 61.5604 6.75582e+16 8.50529e-07 1.53512e-05 8.84976e-23 1.66161e-07 53775 0 0 4.32373e-18 0 0 0.0108827 0 0 0 0 0 0 3.48364e+07 3.48364e+07 3.48364e+07 3.48364e+07 
0.003 -3.40994 -6.70994 -4.89097 -6.19939 1.20994 61.052 6.66135e+16 8.50964e-07 1.52381e-05 8.84326e-23 1.62631e-07 55509.2 0 0 4.58139e-18 0 0 0.0108827 0 0 0 0 0 0 3.38288e+07 3.38288e+07 3.38288e+07 3.38288e+07 
0.0035 -3.40712 -6.70712 -4.88831 -6.19601 1.20712 60.6856 6.57055e+16 8.51408e-07 1.51293e-05 8.8387e-23 1.59269e-07 57219.4 0 0 4.83117e-18 0 0 0.0108827 0 0 0 0 0 0 3.29441e+07 3.29441e+07 3.29441e+07 3.29441e+07 
0.004 -3.40422 -6.70422 -4.8855 -6.19256 1.20422 60.4507 6.48321e+16 8.51861e-07 1.50246e-05 8.83593e-23 1.56065e-07 58906.6 0 0 5.07398e-18 0 0 0.0108827 0 0 0 0 0 0 3.21691e+07 3.21691e+07 3.21691e+07 3.21691e+07 
0.0045 -3.40123 -6.70123 -4.88257 -6.18904 1.20123 60.3385 6.39911e+16 8.52321e-07 1.49238e-05 8.83485e-23 1.53006e-07 60571.7 0 0 5.31061e-18 0 0 0.0108827 0 0 0 0 0 0 3.14926e+07 3.14926e+07 3.14926e+07 3.14926e+07 
0.005 -3.39816 -6.69816 -4.87949 -6.18545 1.19816 60.3423 6.31809e+16 8.5279e-07 1.48266e-05 8.83535e-23 1.50085e-07 62215.4 0 0 5.54179e-18 0 0 0.0108827 0 0 0 0 0 0 3.09051e+07 3.09051e+07 3.09051e+07 3.09051e+07 
0.0055 -3.39501 -6.69501 -4.87629 -6.18179 1.19501 60.4563 6.23995e+16 8.53267e-07 1.47328e-05 8.83737e-23 1.47292e-07 63838.5 0 0 5.76816e-18 0 0 0.0108827 0 0 0 0 0 0 3.03986e+07 3.03986e+07 3.03986e+07 3.03986e+07 
0.006 -3.39178 -6.69178 -4.87297 -6.17806 1.19178 60.6762 6.16454e+16 8.53751e-07 1.46423e-05 8.84085e-23 1.44618e-07 65441.8 0 0 5.99034e-18 0 0 0.0108827 0 0 0 0 0 0 2.99664e+07 2.99664e+07 2.99664e+07 2.99664e+07 
0.0065 -3.38847 -6.68847 -4.86952 -6.17427 1.18847 60.9988 6.09172e+16 8.54242e-07 1.45549e-05 8.84574e-23 1.42056e-07 67025.9 0 0 6.20885e-18 0 0 0.0108827 0 0 0 0 0 0 2.96029e+07 2.96029e+07 2.96029e+07 2.96029e+07 
0.007 -3.38508 -6.68508 -4.86595 -6.1704 1.18508 61.4217 6.02134e+16 8.5474e-07 1.44704e-05 8.85202e-23 1.396e-07 68591.5 0 0 6.4242e-18 0 0 0.0108827 0 0 0 0 0 0 2.93032e+07 2.93032e+07 2.93032e+07 2.93032e+07 
0.0075 -3.38161 -6.68161 -4.86226 -6.16647 1.18161 61.9435 5.95328e+16 8.55245e-07 1.43887e-05 8.85967e-23 1.37243e-07 70139.3 0 0 6.63686e-18 0 0 0.0108827 0 0 0 0 0 0 2.90632e+07 2.90632e+07 2.90632e+07 2.90632e+07 
0.008 -3.37806 -6.67806 -4.85846 -6.16247 1.17806 62.5636 5.88741e+16 8.55756e-07 1.43097e-05 8.86867e-23 1.34979e-07 71669.7 0 0 6.84725e-18 0 0 0.0108827 0 0 0 0 0 0 2.88798e+07 2.88798e+07 2.88798e+07 2.88798e+07 
0.0085 -3.37444 -6.67444 -4.85454 -6.15841 1.17444 63.2819 5.82362e+16 8.56274e-07 1.42332e-05 8.87905e-23 1.32802e-07 73183.3 0 0 7.0558e-18 0 0 0.0108827 0 0 0 0 0 0 2.87501e+07 2.87501e+07 2.87501e+07 2.87501e+07 
0.009 -3.37074 -6.67074 -4.85051 -6.15428 1.17074 64.0995 5.76182e+16 8.56798e-07 1.4159e-05 8.8908e-23 1.30708e-07 74680.8 0 0 7.26289e-18 0 0 0.0108827 0 0 0 0 0 0 2.86719e+07 2.86719e+07 2.86719e+07 2.86719e+07 
0.0095 -3.36697 -6.66697 -4.84637 -6.15008 1.16697 65.0177 5.7019e+16 8.57328e-07 1.40872e-05 8.90396e-23 1.28693e-07 76162.5 0 0 7.46889e-18 0 0 0.0108827 0 0 0 0 0 0 2.86435e+07 2.86435e+07 2.86435e+07 2.86435e+07 
0.01 -3.36313 -6.66313 -4.84212 -6.14582 1.16313 66.0388 5.64377e+16 8.57863e-07 1.40175e-05 8.91855e-23 1.26751e-07 77628.9 0 0 7.67416e-18 0 0 0.0108827 0 0 0 0 0 0 2.86635e+07 2.86635e+07 2.86635e+07 2.86635e+07 
0.0105 -3.35921 -6.65921 -4.83777 -6.1415 1.15921 67.1656 5.58735e+16 8.58404e-07 1.39499e-05 8.93462e-23 1.24878e-07 79080.5 0 0 7.87906e-18 0 0 0.0108827 0 0 0 0 0 0 2.8731e+07 2.8731e+07 2.8731e+07 2.8731e+07 
0.011 -3.35522 -6.65522 -4.83331 -6.13711 1.15522 68.4016 5.53255e+16 8.58951e-07 1.38843e-05 8.95222e-23 1.23072e-07 80517.8 0 0 8.08392e-18 0 0 0.0108827 0 0 0 0 0 0 2.88455e+07 2.88455e+07 2.88455e+07 2.88455e+07 
0.0115 -3.35116 -6.65116 -4.82874 -6.13266 1.15116 69.7509 5.47931e+16 8.59503e-07 1.38206e-05 8.97141e-23 1.21328e-07 81941.1 0 0 8.28908e-18 0 0 0.0108827 0 0 0 0 0 0 2.90067e+07 2.90067e+07 2.90067e+07 2.90067e+07 
0.012 -3.34703 -6.64703 -4.82407 -6.12814 1.14703 71.2186 5.42755e+16 8.6006e-07 1.37587e-05 8.99225e-23 1.19644e-07 83350.8 0 0 8.49487e-18 0 0 0.0108827 0 0 0 0 0 0 2.92147e+07 2.92147e+07 2.92147e+07 2.92147e+07 
0.0125 -3.34282 -6.64282 -4.81929 -6.12356 1.14282 72.8101 5.3772e+16 8.60623e-07 1.36986e-05 9.01484e-23 1.18016e-07 84747.3 0 0 8.70164e-18 0 0 0.0108827 0 0 0 0 0 0 2.94699e+07 2.94699e+07 2.94699e+07 2.94699e+07 
0.013 -3.33855 -6.63855 -4.81441 -6.11892 1.13855 74.5318 5.32821e+16 8.6119e-07 1.36401e-05 9.03926e-23 1.16442e-07 86131 0 0 8.90971e-18 0 0 0.0108827 0 0 0 0 0 0 2.9773e+07 2.9773e+07 2.9773e+07 2.9773e+07 
0.0135 -3.33421 -6.63421 -4.80944 -6.11422 1.13421 76.391 5.28051e+16 8.61763e-07 1.35832e-05 9.06561e-23 1.14918e-07 87502.2 0 0 9.11944e-18 0 0 0.0108827 0 0 0 0 0 0 3.01251e+07 3.01251e+07 3.01251e+07 3.01251e+07 
0.014 -3.3298 -6.6298 -4.80436 -6.10945 1.1298 78.3956 5.23406e+16 8.6234e-07 1.35278e-05 9.09401e-23 1.13443e-07 88861.2 0 0 9.33117e-18 0 0 0.0108827 0 0 0 0 0 0 3.05274e+07 3.05274e+07 3.05274e+07 3.05274e+07 
0.0145 -3.32532 -6.62532 -4.79918 -6.10462 1.12532 80.5544 5.18879e+16 8.62923e-07 1.3474e-05 9.12459e-23 1.12014e-07 90208.4 0 0 9.54525e-18 0 0 0.0108827 0 0 0 0 0 0 3.09816e+07 3.09816e+07 3.09816e+07 3.09816e+07 
0.015 -3.32078 -6.62078 -4.7939 -6.09974 1.12078 82.8775 5.14465e+16 8.6351e-07 1.34215e-05 9.15749e-23 1.10629e-07 91544 0 0 9.76207e-18 0 0 0.0108827 0 0 0 0 0 0 3.14896e+07 3.14896e+07 3.14896e+07 3.14896e+07 
0.0155 -3.31617 -6.61617 -4.78852 -6.09479 1.11617 85.3757 5.10162e+16 8.64101e-07 1.33704e-05 9.19286e-23 1.09286e-07 92868.3 0 0 9.98199e-18 0 0 0.0108827 0 0 0 0 0 0 3.20537e+07 3.20537e+07 3.20537e+07 3.20537e+07 
0.016 -3.31149 -6.61149 -4.78304 -6.08978 1.11149 88.061 5.05963e+16 8.64698e-07 1.33206e-05 9.23088e-23 1.07982e-07 94181.7 0 0 1.02054e-17 0 0 0.0108827 0 0 0 0 0 0 3.26764e+07 3.26764e+07 3.26764e+07 3.26764e+07 
0.0165 -3.30675 -6.60675 -4.77746 -6.08471 1.10675 90.9467 5.01864e+16 8.65299e-07 1.32721e-05 9.27173e-23 1.06717e-07 95484.3 0 0 1.04328e-17 0 0 0.0108827 0 0 0 0 0 0 3.33607e+07 3.33607e+07 3.33607e+07 3.33607e+07 
0.017 -3.30194 -6.60194 -4.77179 -6.07958 1.10194 94.0472 4.97862e+16 8.65904e-07 1.32247e-05 9.31563e-23 1.05489e-07 96776.5 0 0 1.06645e-17 0 0 0.0108827 0 0 0 0 0 0 3.41098e+07 3.41098e+07 3.41098e+07 3.41098e+07 
0.0175 -3.29707 -6.59707 -4.76602 -6.07439 1.09707 97.3784 4.93954e+16 8.66514e-07 1.31786e-05 9.36279e-23 1.04295e-07 98058.4 0 0 1.09011e-17 0 0 0.0108827 0 0 0 0 0 0 3.49275e+07 3.49275e+07 3.49275e+07 3.49275e+07 
0.018 -3.29214 -6.59214 -4.76015 -6.06915 1.09214 100.958 4.90135e+16 8.67128e-07 1.31335e-05 9.41348e-23 1.03135e-07 99330.3 0 0 1.11429e-17 0 0 0.0108827 0 0 0 0 0 0 3.58177e+07 3.58177e+07 3.58177e+07 3.58177e+07 
0.0185 -3.28714 -6.58714 -4.75418 -6.06384 1.08714 104.804 4.86402e+16 8.67746e-07 1.30896e-05 9.46796e-23 1.02007e-07 100593 0 0 1.13906e-17 0 0 0.0108827 0 0 0 0 0 0 3.67849e+07 3.67849e+07 3.67849e+07 3.67849e+07 
0.019 -3.28208 -6.58208 -4.74812 -6.05848 1.08208 108.939 4.82752e+16 8.68369e-07 1.30466e-05 9.52652e-23 1.0091e-07 101845 0 0 1.16446e-17 0 0 0.0108827 0 0 0 0 0 0 3.7834e+07 3.7834e+07 3.7834e+07 3.7834e+07 
0.0195 -3.27696 -6.57696 -4.74196 -6.05306 1.07696 113.383 4.79181e+16 8.68996e-07 1.30047e-05 9.5895e-23 9.98417e-08 103088 0 0 1.19055e-17 0 0 0.0108827 0 0 0 0 0 0 3.89705e+07 3.89705e+07 3.89705e+07 3.89705e+07 
0.02 -3.27177 -6.57177 -4.7357 -6.04758 1.07177 118.163 4.75688e+16 8.69627e-07 1.29638e-05 9.65724e-23 9.88018e-08 104323 0 0 1.21739e-17 0 0 0.0108827 0 0 0 0 0 0 4.02001e+07 4.02001e+07 4.02001e+07 4.02001e+07 
0.0205 -3.26652 -6.56652 -4.72935 -6.04204 1.06652 123.304 4.72269e+16 8.70263e-07 1.29238e-05 9.73013e-23 9.77891e-08 105548 0 0 1.24505e-17 0 0 0.0108827 0 0 0 0 0 0 4.15291e+07 4.15291e+07 4.15291e+07 4.15291e+07 
0.021 -3.26122 -6.56122 -4.72291 -6.03645 1.06122 128.835 4.68922e+16 8.70903e-07 1.28847e-05 9.80857e-23 9.68023e-08 106764 0 0 1.2736e-17 0 0 0.0108827 0 0 0 0 0 0 4.29644e+07 4.29644e+07 4.29644e+07 4.29644e+07 
0.0215 -3.25585 -6.55585 -4.71637 -6.0308 1.05585 134.788 4.65644e+16 8.71546e-07 1.28465e-05 9.89302e-23 9.58406e-08 107972 0 0 1.30309e-17 0 0 0.0108827 0 0 0 0 0 0 4.45134e+07 4.45134e+07 4.45134e+07 4.45134e+07 
0.022 -3.25042 -6.55042 -4.70974 -6.0251 1.05042 141.195 4.62433e+16 8.72194e-07 1.28091e-05 9.98396e-23 9.49029e-08 109172 0 0 1.33362e-17 0 0 0.0108827 0 0 0 0 0 0 4.6184e+07 4.6184e+07 4.6184e+07 4.6184e+07 
0.0225 -3.24493 -6.54493 -4.70302 -6.01933 1.04493 148.094 4.59286e+16 8.72846e-07 1.27726e-05 1.00819e-22 9.39882e-08 110363 0 0 1.36525e-17 0 0 0.0108827 0 0 0 0 0 0 4.79846e+07 4.79846e+07 4.79846e+07 4.79846e+07 
0.023 -3.23938 -6.53938 -4.6962 -6.01352 1.03938 155.521 4.56202e+16 8.73502e-07 1.27369e-05 1.01874e-22 9.30958e-08 111546 0 0 1.39807e-17 0 0 0.0108827 0 0 0 0 0 0 4.99242e+07 4.99242e+07 4.99242e+07 4.99242e+07 
0.0235 -3.23378 -6.53378 -4.6893 -6.00765 1.03378 163.519 4.53178e+16 8.74162e-07 1.27019e-05 1.03011e-22 9.22249e-08 112722 0 0 1.43218e-17 0 0 0.0108827 0 0 0 0 0 0 5.20122e+07 5.20122e+07 5.20122e+07 5.20122e+07 
0.024 -3.22811 -6.52811 -4.6823 -6.00172 1.02811 172.131 4.50213e+16 8.74826e-07 1.26677e-05 1.04235e-22 9.13745e-08 113889 0 0 1.46765e-17 0 0 0.0108827 0 0 0 0 0 0 5.42588e+07 5.42588e+07 5.42588e+07 5.42588e+07 
0.0245 -3.22239 -6.52239 -4.67522 -5.99574 1.02239 181.403 4.47304e+16 8.75494e-07 1.26342e-05 1.05554e-22 9.0544e-08 115050 0 0 1.5046e-17 0 0 0.0108827 0 0 0 0 0 0 5.66742e+07 5.66742e+07 5.66742e+07 5.66742e+07 
0.025 -3.21661 -6.51661 -4.66805 -5.9897 1.01661 191.383 4.4445e+16 8.76166e-07 1.26014e-05 1.06975e-22 8.97327e-08 116202 0 0 1.54311e-17 0 0 0.0108827 0 0 0 0 0 0 5.92694e+07 5.92694e+07 5.92694e+07 5.92694e+07 
0.0255 -3.21077 -6.51077 -4.6608 -5.98361 1.01077 202.122 4.41649e+16 8.76842e-07 1.25693e-05 1.08504e-22 8.89399e-08 117347 0 0 1.58331e-17 0 0 0.0108827 0 0 0 0 0 0 6.20556e+07 6.20556e+07 6.20556e+07 6.20556e+07 
0.026 -3.20487 -6.50487 -4.65346 -5.97746 1.00487 213.673 4.38899e+16 8.77521e-07 1.25378e-05 1.1015e-22 8.8165e-08 118486 0 0 1.6253e-17 0 0 0.0108827 0 0 0 0 0 0 6.50443e+07 6.50443e+07 6.50443e+07 6.50443e+07 
0.0265 -3.19892 -6.49892 -4.64605 -5.97127 0.998918 226.091 4.36199e+16 8.78204e-07 1.2507e-05 1.11921e-22 8.74072e-08 119617 0 0 1.66919e-17 0 0 0.0108827 0 0 0 0 0 0 6.82473e+07 6.82473e+07 6.82473e+07 6.82473e+07 
0.027 -3.19291 -6.49291 -4.63855 -5.96501 0.992909 239.431 4.33547e+16 8.78891e-07 1.24768e-05 1.13824e-22 8.66661e-08 120741 0 0 1.71512e-17 0 0 0.0108827 0 0 0 0 0 0 7.16763e+07 7.16763e+07 7.16763e+07 7.16763e+07 
0.0275 -3.18684 -6.48684 -4.63099 -5.95871 0.986844 253.75 4.30942e+16 8.79582e-07 1.24472e-05 1.15868e-22 8.59411e-08 121858 0 0 1.76322e-17 0 0 0.0108827 0 0 0 0 0 0 7.53432e+07 7.53432e+07 7.53432e+07 7.53432e+07 
0.028 -3.18072 -6.48072 -4.62334 -5.95235 0.980723 269.108 4.28383e+16 8.80275e-07 1.24182e-05 1.18063e-22 8.52316e-08 122969 0 0 1.81363e-17 0 0 0.0108827 0 0 0 0 0 0 7.926e+07 7.926e+07 7.926e+07 7.926e+07 
0.0285 -3.17455 -6.47455 -4.61563 -5.94594 0.974547 285.564 4.25868e+16 8.80973e-07 1.23898e-05 1.20415e-22 8.45372e-08 124073 0 0 1.86649e-17 0 0 0.0108827 0 0 0 0 0 0 8.34384e+07 8.34384e+07 8.34384e+07 8.34384e+07 
0.029 -3.16832 -6.46832 -4.60785 -5.93948 0.968316 303.176 4.23395e+16 8.81674e-07 1.23619e-05 1.22935e-22 8.38572e-08 125171 0 0 1.92196e-17 0 0 0.0108827 0 0 0 0 0 0 8.78899e+07 8.78899e+07 8.78899e+07 8.78899e+07 
0.0295 -3.16203 -6.46203 -4.6 -5.93296 0.96203 322.007 4.20964e+16 8.82378e-07 1.23345e-05 1.25632e-22 8.31914e-08 126262 0 0 1.98022e-17 0 0 0.0108827 0 0 0 0 0 0 9.26262e+07 9.26262e+07 9.26262e+07 9.26262e+07 
0.03 -3.15569 -6.45569 -4.59209 -5.9264 0.95569 342.116 4.18574e+16 8.83085e-07 1.23077e-05 1.28513e-22 8.25392e-08 127347 0 0 2.04145e-17 0 0 0.0108827 0 0 0 0 0 0 9.76584e+07 9.76584e+07 9.76584e+07 9.76584e+07 
0.0305 -3.1493 -6.4493 -4.58412 -5.91978 0.949295 363.565 4.16222e+16 8.83795e-07 1.22814e-05 1.31589e-22 8.19001e-08 128426 0 0 2.10586e-17 0 0 0.0108827 0 0 0 0 0 0 1.02998e+08 1.02998e+08 1.02998e+08 1.02998e+08 
0.031 -3.14285 -6.44285 -4.5761 -5.91311 0.942847 386.417 4.13909e+16 8.84509e-07 1.22556e-05 1.34869e-22 8.12739e-08 129499 0 0 2.17365e-17 0 0 0.0108827 0 0 0 0 0 0 1.08656e+08 1.08656e+08 1.08656e+08 1.08656e+08 
0.0315 -3.13635 -6.43635 -4.56801 -5.90639 0.936346 410.737 4.11634e+16 8.85225e-07 1.22303e-05 1.38363e-22 8.066e-08 130566 0 0 2.24505e-17 0 0 0.0108827 0 0 0 0 0 0 1.14645e+08 1.14645e+08 1.14645e+08 1.14645e+08 
0.032 -3.12979 -6.42979 -4.55988 -5.89962 0.929791 436.592 4.09394e+16 8.85944e-07 1.22054e-05 1.4208e-22 8.00581e-08 131627 0 0 2.32033e-17 0 0 0.0108827 0 0 0 0 0 0 1.20975e+08 1.20975e+08 1.20975e+08 1.20975e+08 
0.0325 -3.12318 -6.42318 -4.55169 -5.8928 0.923183 464.05 4.07189e+16 8.86666e-07 1.21811e-05 1.46032e-22 7.94679e-08 132683 0 0 2.39974e-17 0 0 0.0108827 0 0 0 0 0 0 1.2766e+08 1.2766e+08 1.2766e+08 1.2766e+08 
0.033 -3.11652 -6.41652 -4.54345 -5.88592 0.916522 493.188 4.05019e+16 8.87391e-07 1.21571e-05 1.50228e-22 7.8889e-08 133732 0 0 2.48358e-17 0 0 0.0108827 0 0 0 0 0 0 1.34713e+08 1.34713e+08 1.34713e+08 1.34713e+08 
0.0335 -3.10981 -6.40981 -4.53517 -5.879 0.90981 524.081 4.02882e+16 8.88119e-07 1.21336e-05 1.54682e-22 7.8321e-08 134777 0 0 2.57217e-17 0 0 0.0108827 0 0 0 0 0 0 1.42147e+08 1.42147e+08 1.42147e+08 1.42147e+08 
0.034 -3.10304 -6.40304 -4.52683 -5.87203 0.903045 556.817 4.00778e+16 8.88849e-07 1.21105e-05 1.59405e-22 7.77637e-08 135815 0 0 2.66582e-17 0 0 0.0108827 0 0 0 0 0 0 1.49979e+08 1.49979e+08 1.49979e+08 1.49979e+08 
0.0345 -3.09623 -6.39623 -4.51845 -5.86501 0.896228 591.484 3.98705e+16 8.89582e-07 1.20879e-05 1.64411e-22 7.72167e-08 136849 0 0 2.76489e-17 0 0 0.0108827 0 0 0 0 0 0 1.58226e+08 1.58226e+08 1.58226e+08 1.58226e+08 
0.035 -3.08936 -6.38936 -4.51002 -5.85794 0.88936 628.18 3.96663e+16 8.90317e-07 1.20656e-05 1.69715e-22 7.66798e-08 137877 0 0 2.86976e-17 0 0 0.0108827 0 0 0 0 0 0 1.66904e+08 1.66904e+08 1.66904e+08 1.66904e+08 
0.0355 -3.08244 -6.38244 -4.50155 -5.85081 0.88244 667.013 3.94651e+16 8.91055e-07 1.20437e-05 1.75333e-22 7.61525e-08 138900 0 0 2.9808e-17 0 0 0.0108827 0 0 0 0 0 0 1.76035e+08 1.76035e+08 1.76035e+08 1.76035e+08 
0.036 -3.07547 -6.37547 -4.49303 -5.84365 0.87547 708.095 3.92668e+16 8.91795e-07 1.20223e-05 1.81282e-22 7.56348e-08 139917 0 0 3.09845e-17 0 0 0.0108827 0 0 0 0 0 0 1.85641e+08 1.85641e+08 1.85641e+08 1.85641e+08 
0.0365 -3.06845 -6.36845 -4.48447 -5.83643 0.868449 751.548 3.90714e+16 8.92538e-07 1.20012e-05 1.8758e-22 7.51263e-08 140930 0 0 3.22312e-17 0 0 0.0108827 0 0 0 0 0 0 1.95743e+08 1.95743e+08 1.95743e+08 1.95743e+08 
0.037 -3.06138 -6.36138 -4.47586 -5.82916 0.861377 797.504 3.88787e+16 8.93283e-07 1.19804e-05 1.94247e-22 7.46267e-08 141937 0 0 3.35527e-17 0 0 0.0108827 0 0 0 0 0 0 2.06368e+08 2.06368e+08 2.06368e+08 2.06368e+08 
0.0375 -3.05425 -6.35425 -4.4672 -5.82184 0.854255 846.102 3.86888e+16 8.94031e-07 1.196e-05 2.01304e-22 7.41359e-08 142940 0 0 3.49537e-17 0 0 0.0108827 0 0 0 0 0 0 2.17542e+08 2.17542e+08 2.17542e+08 2.17542e+08 
0.038 -3.04708 -6.34708 -4.4585 -5.81448 0.847083 897.49 3.85015e+16 8.94782e-07 1.194e-05 2.08773e-22 7.36535e-08 143937 0 0 3.64391e-17 0 0 0.0108827 0 0 0 0 0 0 2.29293e+08 2.29293e+08 2.29293e+08 2.29293e+08 
0.0385 -3.03986 -6.33986 -4.44976 -5.80707 0.839861 951.824 3.83169e+16 8.95534e-07 1.19203e-05 2.16677e-22 7.31793e-08 144930 0 0 3.80142e-17 0 0 0.0108827 0 0 0 0 0 0 2.41651e+08 2.41651e+08 2.41651e+08 2.41651e+08 
0.039 -3.03259 -6.33259 -4.44097 -5.79961 0.83259 1009.27 3.81347e+16 8.96289e-07 1.1901e-05 2.25041e-22 7.27132e-08 145918 0 0 3.96842e-17 0 0 0.0108827 0 0 0 0 0 0 2.54647e+08 2.54647e+08 2.54647e+08 2.54647e+08 
0.0395 -3.02527 -6.32527 -4.43213 -5.7921 0.825269 1069.99 3.7955e+16 8.97047e-07 1.1882e-05 2.33891e-22 7.22549e-08 146902 0 0 4.14547e-17 0 0 0.0108827 0 0 0 0 0 0 2.68313e+08 2.68313e+08 2.68313e+08 2.68313e+08 
0.04 -3.0179 -6.3179 -4.42326 -5.78455 0.8179 1134.18 3.77778e+16 8.97807e-07 1.18633e-05 2.43254e-22 7.18043e-08 147881 0 0 4.33316e-17 0 0 0.0108827 0 0 0 0 0 0 2.82682e+08 2.82682e+08 2.82682e+08 2.82682e+08 
0.0405 -3.01048 -6.31048 -4.41433 -5.77695 0.810481 1202.01 3.76028e+16 8.9857e-07 1.18449e-05 2.53159e-22 7.1361e-08 148855 0 0 4.5321e-17 0 0 0.0108827 0 0 0 0 0 0 2.9779e+08 2.9779e+08 2.9779e+08 2.9779e+08 
0.041 -3.00301 -6.30301 -4.40536 -5.7693 0.803014 1273.69 3.74302e+16 8.99334e-07 1.18268e-05 2.63634e-22 7.0925e-08 149825 0 0 4.74291e-17 0 0 0.0108827 0 0 0 0 0 0 3.13672e+08 3.13672e+08 3.13672e+08 3.13672e+08 
0.0415 -2.9955 -6.2955 -4.39635 -5.7616 0.795499 1349.4 3.72599e+16 9.00102e-07 1.1809e-05 2.74709e-22 7.0496e-08 150790 0 0 4.96625e-17 0 0 0.0108827 0 0 0 0 0 0 3.30363e+08 3.30363e+08 3.30363e+08 3.30363e+08 
0.042 -2.98794 -6.28794 -4.3873 -5.75386 0.787935 1429.37 3.70917e+16 9.00871e-07 1.17915e-05 2.86417e-22 7.00739e-08 151751 0 0 5.2028e-17 0 0 0.0108827 0 0 0 0 0 0 3.47902e+08 3.47902e+08 3.47902e+08 3.47902e+08 
0.0425 -2.98032 -6.28032 -4.3782 -5.74607 0.780324 1513.79 3.69257e+16 9.01643e-07 1.17743e-05 2.98789e-22 6.96584e-08 152708 0 0 5.45328e-17 0 0 0.0108827 0 0 0 0 0 0 3.66325e+08 3.66325e+08 3.66325e+08 3.66325e+08 
0.043 -2.97266 -6.27266 -4.36906 -5.73824 0.772664 1602.89 3.67618e+16 9.02417e-07 1.17574e-05 3.11859e-22 6.92495e-08 153660 0 0 5.71841e-17 0 0 0.0108827 0 0 0 0 0 0 3.85673e+08 3.85673e+08 3.85673e+08 3.85673e+08 
0.0435 -2.96496 -6.26496 -4.35987 -5.73036 0.764958 1696.89 3.65999e+16 9.03194e-07 1.17407e-05 3.25662e-22 6.8847e-08 154609 0 0 5.99897e-17 0 0 0.0108827 0 0 0 0 0 0 4.05984e+08 4.05984e+08 4.05984e+08 4.05984e+08 
0.044 -2.9572 -6.2572 -4.35065 -5.72243 0.757204 1796.03 3.64401e+16 9.03973e-07 1.17243e-05 3.40233e-22 6.84507e-08 155553 0 0 6.29576e-17 0 0 0.0108827 0 0 0 0 0 0 4.27299e+08 4.27299e+08 4.27299e+08 4.27299e+08 
0.0445 -2.9494 -6.2494 -4.34138 -5.71446 0.749402 1900.55 3.62822e+16 9.04754e-07 1.17082e-05 3.55608e-22 6.80604e-08 156493 0 0 6.60959e-17 0 0 0.0108827 0 0 0 0 0 0 4.49659e+08 4.49659e+08 4.49659e+08 4.49659e+08 
0.045 -2.94155 -6.24155 -4.33207 -5.70644 0.741554 2010.68 3.61263e+16 9.05537e-07 1.16924e-05 3.71825e-22 6.76761e-08 157428 0 0 6.94132e-17 0 0 0.0108827 0 0 0 0 0 0 4.73106e+08 4.73106e+08 4.73106e+08 4.73106e+08 
0.0455 -2.93366 -6.23366 -4.32272 -5.69838 0.733659 2126.69 3.59722e+16 9.06322e-07 1.16767e-05 3.88923e-22 6.72975e-08 158360 0 0 7.29185e-17 0 0 0.0108827 0 0 0 0 0 0 4.97681e+08 4.97681e+08 4.97681e+08 4.97681e+08 
0.046 -2.92572 -6.22572 -4.31334 -5.69027 0.725718 2248.83 3.582e+16 9.0711e-07 1.16614e-05 4.06942e-22 6.69246e-08 159288 0 0 7.6621e-17 0 0 0.0108827 0 0 0 0 0 0 5.23429e+08 5.23429e+08 5.23429e+08 5.23429e+08 
0.0465 -2.91773 -6.21773 -4.30391 -5.68212 0.717731 2377.36 3.56696e+16 9.079e-07 1.16463e-05 4.25923e-22 6.65572e-08 160212 0 0 8.05301e-17 0 0 0.0108827 0 0 0 0 0 0 5.50394e+08 5.50394e+08 5.50394e+08 5.50394e+08 
0.047 -2.9097 -6.2097 -4.29444 -5.67392 0.709697 2512.55 3.5521e+16 9.08691e-07 1.16314e-05 4.45908e-22 6.61952e-08 161132 0 0 8.46559e-17 0 0 0.0108827 0 0 0 0 0 0 5.78621e+08 5.78621e+08 5.78621e+08 5.78621e+08 
0.0475 -2.90162 -6.20162 -4.28493 -5.66568 0.701617 2654.7 3.53741e+16 9.09485e-07 1.16167e-05 4.6694e-22 6.58385e-08 162049 0 0 8.90086e-17 0 0 0.0108827 0 0 0 0 0 0 6.08155e+08 6.08155e+08 6.08155e+08 6.08155e+08 
0.048 -2.89349 -6.19349 -4.27539 -5.65739 0.693492 2804.08 3.52289e+16 9.10281e-07 1.16023e-05 4.89065e-22 6.54869e-08 162961 0 0 9.35987e-17 0 0 0.0108827 0 0 0 0 0 0 6.39045e+08 6.39045e+08 6.39045e+08 6.39045e+08 
0.0485 -2.88532 -6.18532 -4.26581 -5.64906 0.685321 2961 3.50854e+16 9.11079e-07 1.15881e-05 5.12328e-22 6.51403e-08 163870 0 0 9.84373e-17 0 0 0.0108827 0 0 0 0 0 0 6.71336e+08 6.71336e+08 6.71336e+08 6.71336e+08 
0.049 -2.87711 -6.17711 -4.25619 -5.64069 0.677105 3125.75 3.49435e+16 9.11879e-07 1.15741e-05 5.36777e-22 6.47986e-08 164775 0 0 1.03536e-16 0 0 0.0108827 0 0 0 0 0 0 7.05079e+08 7.05079e+08 7.05079e+08 7.05079e+08 
0.0495 -2.86884 -6.16884 -4.24653 -5.63227 0.668844 3298.64 3.48032e+16 9.12681e-07 1.15604e-05 5.62461e-22 6.44618e-08 165677 0 0 1.08906e-16 0 0 0.0108827 0 0 0 0 0 0 7.40323e+08 7.40323e+08 7.40323e+08 7.40323e+08 
0.05 -2.86054 -6.16054 -4.23684 -5.6238 0.660537 3480 3.46645e+16 9.13485e-07 1.15468e-05 5.89429e-22 6.41296e-08 166575 0 0 1.1456e-16 0 0 0.0108827 0 0 0 0 0 0 7.77119e+08 7.77119e+08 7.77119e+08 7.77119e+08 
0.0505 -2.85219 -6.15219 -4.22711 -5.6153 0.652186 3670.16 3.45273e+16 9.14291e-07 1.15335e-05 6.17733e-22 6.3802e-08 167469 0 0 1.2051e-16 0 0 0.0108827 0 0 0 0 0 0 8.15518e+08 8.15518e+08 8.15518e+08 8.15518e+08 
0.051 -2.84379 -6.14379 -4.21734 -5.60675 0.643791 3869.44 3.43917e+16 9.15098e-07 1.15204e-05 6.47427e-22 6.3479e-08 168360 0 0 1.2677e-16 0 0 0.0108827 0 0 0 0 0 0 8.55573e+08 8.55573e+08 8.55573e+08 8.55573e+08 
0.0515 -2.83535 -6.13535 -4.20754 -5.59815 0.63535 4078.21 3.42575e+16 9.15908e-07 1.15074e-05 6.78563e-22 6.31603e-08 169247 0 0 1.33352e-16 0 0 0.0108827 0 0 0 0 0 0 8.97339e+08 8.97339e+08 8.97339e+08 8.97339e+08 
0.052 -2.82687 -6.12687 -4.1977 -5.58952 0.626866 4296.8 3.41248e+16 9.16719e-07 1.14947e-05 7.11199e-22 6.28459e-08 170131 0 0 1.40271e-16 0 0 0.0108827 0 0 0 0 0 0 9.40869e+08 9.40869e+08 9.40869e+08 9.40869e+08 
0.0525 -2.81834 -6.11834 -4.18783 -5.58084 0.618337 4525.59 3.39934e+16 9.17532e-07 1.14821e-05 7.45392e-22 6.25358e-08 171011 0 0 1.4754e-16 0 0 0.0108827 0 0 0 0 0 0 9.86221e+08 9.86221e+08 9.86221e+08 9.86221e+08 
0.053 -2.80976 -6.10976 -4.17792 -5.57211 0.609765 4764.95 3.38635e+16 9.18347e-07 1.14698e-05 7.81201e-22 6.22298e-08 171888 0 0 1.55176e-16 0 0 0.0108827 0 0 0 0 0 0 1.03345e+09 1.03345e+09 1.03345e+09 1.03345e+09 
0.0535 -2.80115 -6.10115 -4.16797 -5.56335 0.601148 5015.25 3.3735e+16 9.19164e-07 1.14576e-05 8.18686e-22 6.19278e-08 172762 0 0 1.63192e-16 0 0 0.0108827 0 0 0 0 0 0 1.08262e+09 1.08262e+09 1.08262e+09 1.08262e+09 
0.054 -2.79249 -6.09249 -4.158 -5.55454 0.592489 5276.9 3.36078e+16 9.19983e-07 1.14456e-05 8.5791e-22 6.16298e-08 173632 0 0 1.71604e-16 0 0 0.0108827 0 0 0 0 0 0 1.13378e+09 1.13378e+09 1.13378e+09 1.13378e+09 
0.0545 -2.78379 -6.08379 -4.14798 -5.54569 0.583785 5550.28 3.3482e+16 9.20803e-07 1.14338e-05 8.98936e-22 6.13356e-08 174500 0 0 1.80429e-16 0 0 0.0108827 0 0 0 0 0 0 1.187e+09 1.187e+09 1.187e+09 1.187e+09 
0.055 -2.77504 -6.07504 -4.13794 -5.5368 0.575039 5835.82 3.33574e+16 9.21625e-07 1.14222e-05 9.4183e-22 6.10453e-08 175364 0 0 1.89683e-16 0 0 0.0108827 0 0 0 0 0 0 1.24233e+09 1.24233e+09 1.24233e+09 1.24233e+09 
0.0555 -2.76625 -6.06625 -4.12785 -5.52786 0.566249 6133.93 3.32341e+16 9.22449e-07 1.14107e-05 9.86658e-22 6.07587e-08 176224 0 0 1.99384e-16 0 0 0.0108827 0 0 0 0 0 0 1.29984e+09 1.29984e+09 1.29984e+09 1.29984e+09 
0.056 -2.75742 -6.05742 -4.11774 -5.51889 0.557416 6445.03 3.31121e+16 9.23275e-07 1.13994e-05 1.03349e-21 6.04757e-08 177082 0 0 2.09548e-16 0 0 0.0108827 0 0 0 0 0 0 1.3596e+09 1.3596e+09 1.3596e+09 1.3596e+09 
0.0565 -2.74854 -6.04854 -4.10759 -5.50987 0.548541 6769.58 3.29913e+16 9.24102e-07 1.13883e-05 1.0824e-21 6.01963e-08 177936 0 0 2.20195e-16 0 0 0.0108827 0 0 0 0 0 0 1.42167e+09 1.42167e+09 1.42167e+09 1.42167e+09 
0.057 -2.73962 -6.03962 -4.09741 -5.50081 0.539623 7108.01 3.28717e+16 9.24931e-07 1.13774e-05 1.13345e-21 5.99204e-08 178787 0 0 2.31342e-16 0 0 0.0108827 0 0 0 0 0 0 1.48611e+09 1.48611e+09 1.48611e+09 1.48611e+09 
0.0575 -2.73066 -6.03066 -4.08719 -5.49171 0.530662 7460.79 3.27533e+16 9.25761e-07 1.13666e-05 1.18672e-21 5.96479e-08 179636 0 0 2.43009e-16 0 0 0.0108827 0 0 0 0 0 0 1.55299e+09 1.55299e+09 1.55299e+09 1.55299e+09 
0.058 -2.72166 -6.02166 -4.07694 -5.48256 0.521659 7828.39 3.26361e+16 9.26593e-07 1.13559e-05 1.24228e-21 5.93788e-08 180481 0 0 2.55216e-16 0 0 0.0108827 0 0 0 0 0 0 1.62238e+09 1.62238e+09 1.62238e+09 1.62238e+09 
0.0585 -2.71261 -6.01261 -4.06666 -5.47338 0.512614 8211.27 3.252e+16 9.27427e-07 1.13454e-05 1.30022e-21 5.9113e-08 181323 0 0 2.67982e-16 0 0 0.0108827 0 0 0 0 0 0 1.69434e+09 1.69434e+09 1.69434e+09 1.69434e+09 
0.059 -2.70353 -6.00353 -4.05634 -5.46415 0.503527 8609.95 3.24051e+16 9.28262e-07 1.13351e-05 1.36061e-21 5.88504e-08 182162 0 0 2.8133e-16 0 0 0.0108827 0 0 0 0 0 0 1.76896e+09 1.76896e+09 1.76896e+09 1.76896e+09 
0.0595 -2.6944 -5.9944 -4.04599 -5.45489 0.494398 9024.9 3.22912e+16 9.29099e-07 1.13249e-05 1.42354e-21 5.8591e-08 182998 0 0 2.95279e-16 0 0 0.0108827 0 0 0 0 0 0 1.84629e+09 1.84629e+09 1.84629e+09 1.84629e+09 
0.06 -2.68523 -5.98523 -4.03561 -5.44558 0.485227 9456.65 3.21784e+16 9.29938e-07 1.13149e-05 1.48908e-21 5.83347e-08 183832 0 0 3.09853e-16 0 0 0.0108827 0 0 0 0 0 0 1.92641e+09 1.92641e+09 1.92641e+09 1.92641e+09 
0.0605 -2.67601 -5.97601 -4.02519 -5.43623 0.476014 9905.71 3.20668e+16 9.30778e-07 1.1305e-05 1.55732e-21 5.80815e-08 184662 0 0 3.25073e-16 0 0 0.0108827 0 0 0 0 0 0 2.0094e+09 2.0094e+09 2.0094e+09 2.0094e+09 
0.061 -2.66676 -5.96676 -4.01474 -5.42684 0.466761 10372.6 3.19561e+16 9.31619e-07 1.12953e-05 1.62834e-21 5.78313e-08 185489 0 0 3.40964e-16 0 0 0.0108827 0 0 0 0 0 0 2.09533e+09 2.09533e+09 2.09533e+09 2.09533e+09 
0.0615 -2.65747 -5.95747 -4.00426 -5.41741 0.457466 10857.9 3.18465e+16 9.32462e-07 1.12857e-05 1.70225e-21 5.7584e-08 186314 0 0 3.57547e-16 0 0 0.0108827 0 0 0 0 0 0 2.18428e+09 2.18428e+09 2.18428e+09 2.18428e+09 
0.062 -2.64813 -5.94813 -3.99375 -5.40794 0.448129 11362.1 3.1738e+16 9.33307e-07 1.12763e-05 1.77911e-21 5.73396e-08 187136 0 0 3.74849e-16 0 0 0.0108827 0 0 0 0 0 0 2.27631e+09 2.27631e+09 2.27631e+09 2.27631e+09 
0.0625 -2.63875 -5.93875 -3.9832 -5.39844 0.438752 11885.8 3.16304e+16 9.34153e-07 1.12669e-05 1.85904e-21 5.7098e-08 187955 0 0 3.92893e-16 0 0 0.0108827 0 0 0 0 0 0 2.37152e+09 2.37152e+09 2.37152e+09 2.37152e+09 
0.063 -2.62933 -5.92933 -3.97262 -5.38889 0.429334 12429.6 3.15238e+16 9.35001e-07 1.12578e-05 1.94211e-21 5.68592e-08 188771 0 0 4.11706e-16 0 0 0.0108827 0 0 0 0 0 0 2.46997e+09 2.46997e+09 2.46997e+09 2.46997e+09 
0.0635 -2.61987 -5.91987 -3.96201 -5.3793 0.419875 12994.1 3.14182e+16 9.3585e-07 1.12487e-05 2.02843e-21 5.66232e-08 189585 0 0 4.31314e-16 0 0 0.0108827 0 0 0 0 0 0 2.57175e+09 2.57175e+09 2.57175e+09 2.57175e+09 
0.064 -2.61038 -5.91038 -3.95137 -5.36967 0.410375 13579.7 3.13136e+16 9.367e-07 1.12398e-05 2.1181e-21 5.63898e-08 190396 0 0 4.51743e-16 0 0 0.0108827 0 0 0 0 0 0 2.67694e+09 2.67694e+09 2.67694e+09 2.67694e+09 
0.0645 -2.60084 -5.90084 -3.94069 -5.36 0.400835 14187.3 3.12098e+16 9.37552e-07 1.1231e-05 2.21121e-21 5.61591e-08 191204 0 0 4.73022e-16 0 0 0.0108827 0 0 0 0 0 0 2.78563e+09 2.78563e+09 2.78563e+09 2.78563e+09 
0.065 -2.59125 -5.89125 -3.92999 -5.35029 0.391255 14817.3 3.1107e+16 9.38406e-07 1.12223e-05 2.30787e-21 5.5931e-08 192009 0 0 4.95177e-16 0 0 0.0108827 0 0 0 0 0 0 2.89788e+09 2.89788e+09 2.89788e+09 2.89788e+09 
0.0655 -2.58163 -5.88163 -3.91925 -5.34054 0.381634 15470.4 3.10052e+16 9.3926e-07 1.12138e-05 2.40818e-21 5.57054e-08 192812 0 0 5.18239e-16 0 0 0.0108827 0 0 0 0 0 0 3.01379e+09 3.01379e+09 3.01379e+09 3.01379e+09 
0.066 -2.57197 -5.87197 -3.90847 -5.33075 0.371974 16147.2 3.09042e+16 9.40117e-07 1.12054e-05 2.51225e-21 5.54823e-08 193612 0 0 5.42237e-16 0 0 0.0108827 0 0 0 0 0 0 3.13345e+09 3.13345e+09 3.13345e+09 3.13345e+09 
0.0665 -2.56227 -5.86227 -3.89767 -5.32093 0.362273 16848.4 3.08041e+16 9.40974e-07 1.11971e-05 2.62018e-21 5.52617e-08 194410 0 0 5.672e-16 0 0 0.0108827 0 0 0 0 0 0 3.25693e+09 3.25693e+09 3.25693e+09 3.25693e+09 
0.067 -2.55253 -5.85253 -3.88684 -5.31106 0.352533 17574.6 3.07049e+16 9.41833e-07 1.11889e-05 2.73208e-21 5.50434e-08 195205 0 0 5.9316e-16 0 0 0.0108827 0 0 0 0 0 0 3.38433e+09 3.38433e+09 3.38433e+09 3.38433e+09 
0.0675 -2.54275 -5.84275 -3.87597 -5.30115 0.342753 18326.5 3.06065e+16 9.42694e-07 1.11809e-05 2.84807e-21 5.48276e-08 195997 0 0 6.20149e-16 0 0 0.0108827 0 0 0 0 0 0 3.51574e+09 3.51574e+09 3.51574e+09 3.51574e+09 
0.068 -2.53293 -5.83293 -3.86507 -5.29121 0.332933 19104.8 3.0509e+16 9.43556e-07 1.11729e-05 2.96826e-21 5.46141e-08 196787 0 0 6.48198e-16 0 0 0.0108827 0 0 0 0 0 0 3.65123e+09 3.65123e+09 3.65123e+09 3.65123e+09 
0.0685 -2.52307 -5.82307 -3.85414 -5.28123 0.323074 19910.2 3.04123e+16 9.44419e-07 1.11651e-05 3.09277e-21 5.44028e-08 197575 0 0 6.77342e-16 0 0 0.0108827 0 0 0 0 0 0 3.79091e+09 3.79091e+09 3.79091e+09 3.79091e+09 
0.069 -2.51318 -5.81318 -3.84318 -5.27121 0.313176 20743.3 3.03164e+16 9.45283e-07 1.11574e-05 3.22171e-21 5.41939e-08 198359 0 0 7.07612e-16 0 0 0.0108827 0 0 0 0 0 0 3.93487e+09 3.93487e+09 3.93487e+09 3.93487e+09 
0.0695 -2.50324 -5.80324 -3.83218 -5.26115 0.303238 21604.9 3.02213e+16 9.46149e-07 1.11498e-05 3.3552e-21 5.39871e-08 199142 0 0 7.39045e-16 0 0 0.0108827 0 0 0 0 0 0 4.08319e+09 4.08319e+09 4.08319e+09 4.08319e+09 
0.07 -2.49326 -5.79326 -3.82116 -5.25105 0.293261 22495.8 3.0127e+16 9.47016e-07 1.11423e-05 3.49337e-21 5.37825e-08 199922 0 0 7.71675e-16 0 0 0.0108827 0 0 0 0 0 0 4.23597e+09 4.23597e+09 4.23597e+09 4.23597e+09 
0.0705 -2.48325 -5.78325 -3.8101 -5.24091 0.283246 23416.6 3.00336e+16 9.47885e-07 1.11349e-05 3.63633e-21 5.35801e-08 200700 0 0 8.05538e-16 0 0 0.0108827 0 0 0 0 0 0 4.3933e+09 4.3933e+09 4.3933e+09 4.3933e+09 
0.071 -2.47319 -5.77319 -3.79901 -5.23074 0.273191 24368.1 2.99408e+16 9.48755e-07 1.11276e-05 3.78423e-21 5.33798e-08 201475 0 0 8.4067e-16 0 0 0.0108827 0 0 0 0 0 0 4.55528e+09 4.55528e+09 4.55528e+09 4.55528e+09 
0.0715 -2.4631 -5.7631 -3.78789 -5.22053 0.263098 25351 2.98489e+16 9.49626e-07 1.11204e-05 3.93718e-21 5.31815e-08 202247 0 0 8.77111e-16 0 0 0.0108827 0 0 0 0 0 0 4.722e+09 4.722e+09 4.722e+09 4.722e+09 
0.072 -2.45297 -5.75297 -3.77674 -5.21027 0.252967 26366.1 2.97577e+16 9.50498e-07 1.11134e-05 4.09531e-21 5.29853e-08 203018 0 0 9.14897e-16 0 0 0.0108827 0 0 0 0 0 0 4.89356e+09 4.89356e+09 4.89356e+09 4.89356e+09 
0.0725 -2.4428 -5.7428 -3.76556 -5.19999 0.242797 27414.2 2.96672e+16 9.51372e-07 1.11064e-05 4.25877e-21 5.27911e-08 203786 0 0 9.54067e-16 0 0 0.0108827 0 0 0 0 0 0 5.07006e+09 5.07006e+09 5.07006e+09 5.07006e+09 
0.073 -2.43259 -5.73259 -3.75435 -5.18966 0.232588 28496.1 2.95774e+16 9.52247e-07 1.10995e-05 4.42767e-21 5.25988e-08 204552 0 0 9.94662e-16 0 0 0.0108827 0 0 0 0 0 0 5.2516e+09 5.2516e+09 5.2516e+09 5.2516e+09 
0.0735 -2.42234 -5.72234 -3.74311 -5.1793 0.222341 29612.6 2.94884e+16 9.53123e-07 1.10928e-05 4.60217e-21 5.24085e-08 205315 0 0 1.03672e-15 0 0 0.0108827 0 0 0 0 0 0 5.43827e+09 5.43827e+09 5.43827e+09 5.43827e+09 
0.074 -2.41206 -5.71206 -3.73183 -5.1689 0.212057 30764.5 2.94001e+16 9.54e-07 1.10861e-05 4.78239e-21 5.22201e-08 206076 0 0 1.08029e-15 0 0 0.0108827 0 0 0 0 0 0 5.63018e+09 5.63018e+09 5.63018e+09 5.63018e+09 
0.0745 -2.40173 -5.70173 -3.72052 -5.15846 0.201734 31952.6 2.93125e+16 9.54879e-07 1.10795e-05 4.96849e-21 5.20336e-08 206835 0 0 1.1254e-15 0 0 0.0108827 0 0 0 0 0 0 5.82742e+09 5.82742e+09 5.82742e+09 5.82742e+09 
0.075 -2.39137 -5.69137 -3.70919 -5.14798 0.191373 33177.7 2.92255e+16 9.55759e-07 1.1073e-05 5.1606e-21 5.18489e-08 207592 0 0 1.17211e-15 0 0 0.0108827 0 0 0 0 0 0 6.03011e+09 6.03011e+09 6.03011e+09 6.03011e+09 
0.0755 -2.38097 -5.68097 -3.69782 -5.13747 0.180975 34440.7 2.91393e+16 9.5664e-07 1.10667e-05 5.35886e-21 5.16661e-08 208346 0 0 1.22045e-15 0 0 0.0108827 0 0 0 0 0 0 6.23833e+09 6.23833e+09 6.23833e+09 6.23833e+09 
0.076 -2.37054 -5.67054 -3.68642 -5.12692 0.170538 35742.5 2.90537e+16 9.57523e-07 1.10604e-05 5.56344e-21 5.1485e-08 209098 0 0 1.27048e-15 0 0 0.0108827 0 0 0 0 0 0 6.4522e+09 6.4522e+09 6.4522e+09 6.4522e+09 
0.0765 -2.36006 -5.66006 -3.67499 -5.11633 0.160065 37083.9 2.89688e+16 9.58406e-07 1.10542e-05 5.77447e-21 5.13058e-08 209848 0 0 1.32223e-15 0 0 0.0108827 0 0 0 0 0 0 6.67182e+09 6.67182e+09 6.67182e+09 6.67182e+09 
0.077 -2.34955 -5.64955 -3.66353 -5.10571 0.149554 38465.7 2.88845e+16 9.59291e-07 1.10481e-05 5.99211e-21 5.11282e-08 210596 0 0 1.37575e-15 0 0 0.0108827 0 0 0 0 0 0 6.8973e+09 6.8973e+09 6.8973e+09 6.8973e+09 
0.0775 -2.33901 -5.63901 -3.65204 -5.09504 0.139005 39889 2.88008e+16 9.60177e-07 1.1042e-05 6.21652e-21 5.09524e-08 211342 0 0 1.43109e-15 0 0 0.0108827 0 0 0 0 0 0 7.12874e+09 7.12874e+09 7.12874e+09 7.12874e+09 
0.078 -2.32842 -5.62842 -3.64051 -5.08435 0.128419 41354.4 2.87178e+16 9.61064e-07 1.10361e-05 6.44784e-21 5.07782e-08 212085 0 0 1.48829e-15 0 0 0.0108827 0 0 0 0 0 0 7.36624e+09 7.36624e+09 7.36624e+09 7.36624e+09 
0.0785 -2.3178 -5.6178 -3.62896 -5.07361 0.117797 42863.1 2.86355e+16 9.61953e-07 1.10302e-05 6.68625e-21 5.06057e-08 212826 0 0 1.54742e-15 0 0 0.0108827 0 0 0 0 0 0 7.60992e+09 7.60992e+09 7.60992e+09 7.60992e+09 
0.079 -2.30714 -5.60714 -3.61738 -5.06284 0.107137 44415.9 2.85537e+16 9.62842e-07 1.10245e-05 6.93189e-21 5.04349e-08 213565 0 0 1.60851e-15 0 0 0.0108827 0 0 0 0 0 0 7.85989e+09 7.85989e+09 7.85989e+09 7.85989e+09 
0.0795 -2.29644 -5.59644 -3.60576 -5.05204 0.0964401 46013.6 2.84726e+16 9.63733e-07 1.10188e-05 7.18494e-21 5.02657e-08 214303 0 0 1.67161e-15 0 0 0.0108827 0 0 0 0 0 0 8.11625e+09 8.11625e+09 8.11625e+09 8.11625e+09 
0.08 -2.28571 -5.58571 -3.59412 -5.04119 0.0857065 47657.4 2.8392e+16 9.64625e-07 1.10132e-05 7.44555e-21 5.0098e-08 215038 0 0 1.73679e-15 0 0 0.0108827 0 0 0 0 0 0 8.37911e+09 8.37911e+09 8.37911e+09 8.37911e+09 
0.0805 -2.27494 -5.57494 -3.58244 -5.03031 0.0749363 49348 2.83121e+16 9.65518e-07 1.10077e-05 7.7139e-21 4.99319e-08 215770 0 0 1.80408e-15 0 0 0.0108827 0 0 0 0 0 0 8.64859e+09 8.64859e+09 8.64859e+09 8.64859e+09 
0.081 -2.26413 -5.56413 -3.57074 -5.0194 0.0641295 51086.5 2.82327e+16 9.66412e-07 1.10023e-05 7.99015e-21 4.97674e-08 216501 0 0 1.87355e-15 0 0 0.0108827 0 0 0 0 0 0 8.92479e+09 8.92479e+09 8.92479e+09 8.92479e+09 
0.0815 -2.25329 -5.55329 -3.559 -5.00845 0.0532862 52873.9 2.81539e+16 9.67307e-07 1.09969e-05 8.27449e-21 4.96043e-08 217230 0 0 1.94525e-15 0 0 0.0108827 0 0 0 0 0 0 9.20784e+09 9.20784e+09 9.20784e+09 9.20784e+09 
0.082 -2.24241 -5.54241 -3.54723 -4.99746 0.0424065 54711 2.80757e+16 9.68204e-07 1.09916e-05 8.56707e-21 4.94428e-08 217957 0 0 2.01923e-15 0 0 0.0108827 0 0 0 0 0 0 9.49783e+09 9.49783e+09 9.49783e+09 9.49783e+09 
0.0825 -2.23149 -5.53149 -3.53544 -4.98644 0.0314905 56599 2.7998e+16 9.69101e-07 1.09864e-05 8.86808e-21 4.92827e-08 218682 0 0 2.09554e-15 0 0 0.0108827 0 0 0 0 0 0 9.79488e+09 9.79488e+09 9.79488e+09 9.79488e+09 
0.083 -2.22054 -5.52054 -3.52361 -4.97538 0.0205383 58538.8 2.79209e+16 9.7e-07 1.09813e-05 9.1777e-21 4.91241e-08 219404 0 0 2.17426e-15 0 0 0.0108827 0 0 0 0 0 0 1.00991e+10 1.00991e+10 1.00991e+10 1.00991e+10 
0.0835 -2.20955 -5.50955 -3.51175 -4.96428 0.00955006 60531.5 2.78444e+16 9.709e-07 1.09763e-05 9.4961e-21 4.89669e-08 220125 0 0 2.25542e-15 0 0 0.0108827 0 0 0 0 0 0 1.04106e+10 1.04106e+10 1.04106e+10 1.04106e+10 
0.084 -2.19853 -5.49853 -3.49987 -4.95315 -0.00147419 62578 2.77684e+16 9.71801e-07 1.09713e-05 9.82347e-21 4.88112e-08 220844 0 0 2.3391e-15 0 0 0.0108827 0 0 0 0 0 0 1.07296e+10 1.07296e+10 1.07296e+10 1.07296e+10 
0.0845 -2.18747 -5.48747 -3.48795 -4.94199 -0.0125343 64679.3 2.76929e+16 9.72703e-07 1.09664e-05 1.016e-20 4.86568e-08 221561 0 0 2.42536e-15 0 0 0.0108827 0 0 0 0 0 0 1.1056e+10 1.1056e+10 1.1056e+10 1.1056e+10 
0.085 -2.17637 -5.47637 -3.476 -4.93079 -0.0236303 66836.6 2.76179e+16 9.73606e-07 1.09616e-05 1.05059e-20 4.85038e-08 222276 0 0 2.51424e-15 0 0 0.0108827 0 0 0 0 0 0 1.13901e+10 1.13901e+10 1.13901e+10 1.13901e+10 
0.0855 -2.16524 -5.46524 -3.46402 -4.91955 -0.0347619 69050.9 2.75435e+16 9.7451e-07 1.09569e-05 1.08613e-20 4.83522e-08 222989 0 0 2.60582e-15 0 0 0.0108827 0 0 0 0 0 0 1.1732e+10 1.1732e+10 1.1732e+10 1.1732e+10 
0.086 -2.15407 -5.45407 -3.45201 -4.90828 -0.0459291 71323.2 2.74696e+16 9.75415e-07 1.09522e-05 1.12264e-20 4.82019e-08 223700 0 0 2.70015e-15 0 0 0.0108827 0 0 0 0 0 0 1.20817e+10 1.20817e+10 1.20817e+10 1.20817e+10 
0.0865 -2.14287 -5.44287 -3.43998 -4.89697 -0.0571319 73654.6 2.73962e+16 9.76322e-07 1.09476e-05 1.16014e-20 4.80529e-08 224409 0 0 2.79731e-15 0 0 0.0108827 0 0 0 0 0 0 1.24395e+10 1.24395e+10 1.24395e+10 1.24395e+10 
0.087 -2.13163 -5.43163 -3.42791 -4.88563 -0.06837 76046.2 2.73233e+16 9.77229e-07 1.09431e-05 1.19866e-20 4.79052e-08 225116 0 0 2.89735e-15 0 0 0.0108827 0 0 0 0 0 0 1.28053e+10 1.28053e+10 1.28053e+10 1.28053e+10 
0.0875 -2.12036 -5.42036 -3.41581 -4.87426 -0.0796435 78499 2.72509e+16 9.78138e-07 1.09386e-05 1.23821e-20 4.77587e-08 225821 0 0 3.00033e-15 0 0 0.0108827 0 0 0 0 0 0 1.31794e+10 1.31794e+10 1.31794e+10 1.31794e+10 
0.088 -2.10905 -5.40905 -3.40368 -4.86285 -0.0909522 81014.3 2.7179e+16 9.79047e-07 1.09342e-05 1.27881e-20 4.76136e-08 226525 0 0 3.10634e-15 0 0 0.0108827 0 0 0 0 0 0 1.35618e+10 1.35618e+10 1.35618e+10 1.35618e+10 
0.0885 -2.0977 -5.3977 -3.39152 -4.8514 -0.102296 83593 2.71076e+16 9.79958e-07 1.09299e-05 1.32048e-20 4.74697e-08 227227 0 0 3.21542e-15 0 0 0.0108827 0 0 0 0 0 0 1.39528e+10 1.39528e+10 1.39528e+10 1.39528e+10 
0.089 -2.08633 -5.38633 -3.37934 -4.83992 -0.113675 86236.4 2.70367e+16 9.80869e-07 1.09256e-05 1.36324e-20 4.7327e-08 227926 0 0 3.32766e-15 0 0 0.0108827 0 0 0 0 0 0 1.43523e+10 1.43523e+10 1.43523e+10 1.43523e+10 
0.0895 -2.07491 -5.37491 -3.36712 -4.82841 -0.125089 88945.5 2.69662e+16 9.81782e-07 1.09214e-05 1.40711e-20 4.71855e-08 228624 0 0 3.44312e-15 0 0 0.0108827 0 0 0 0 0 0 1.47605e+10 1.47605e+10 1.47605e+10 1.47605e+10 
0.09 -2.06346 -5.36346 -3.35487 -4.81686 -0.136537 91721.5 2.68962e+16 9.82696e-07 1.09173e-05 1.45212e-20 4.70452e-08 229321 0 0 3.56187e-15 0 0 0.0108827 0 0 0 0 0 0 1.51775e+10 1.51775e+10 1.51775e+10 1.51775e+10 
0.0905 -2.05198 -5.35198 -3.3426 -4.80527 -0.148021 94565.5 2.68267e+16 9.8361e-07 1.09132e-05 1.49828e-20 4.69061e-08 230015 0 0 3.68398e-15 0 0 0.0108827 0 0 0 0 0 0 1.56036e+10 1.56036e+10 1.56036e+10 1.56036e+10 
0.091 -2.04046 -5.34046 -3.33029 -4.79366 -0.159539 97478.7 2.67576e+16 9.84526e-07 1.09092e-05 1.54562e-20 4.67682e-08 230708 0 0 3.80952e-15 0 0 0.0108827 0 0 0 0 0 0 1.60387e+10 1.60387e+10 1.60387e+10 1.60387e+10 
0.0915 -2.02891 -5.32891 -3.31795 -4.782 -0.171091 100462 2.6689e+16 9.85443e-07 1.09053e-05 1.59416e-20 4.66314e-08 231398 0 0 3.93857e-15 0 0 0.0108827 0 0 0 0 0 0 1.6483e+10 1.6483e+10 1.6483e+10 1.6483e+10 
0.092 -2.01732 -5.31732 -3.30559 -4.77032 -0.182679 103517 2.66208e+16 9.8636e-07 1.09014e-05 1.64392e-20 4.64957e-08 232087 0 0 4.0712e-15 0 0 0.0108827 0 0 0 0 0 0 1.69366e+10 1.69366e+10 1.69366e+10 1.69366e+10 
0.0925 -2.0057 -5.3057 -3.29319 -4.7586 -0.1943 106645 2.6553e+16 9.87279e-07 1.08976e-05 1.69492e-20 4.63612e-08 232775 0 0 4.20749e-15 0 0 0.0108827 0 0 0 0 0 0 1.73997e+10 1.73997e+10 1.73997e+10 1.73997e+10 
0.093 -1.99404 -5.29404 -3.28077 -4.74684 -0.205956 109847 2.64857e+16 9.88199e-07 1.08938e-05 1.74718e-20 4.62278e-08 233460 0 0 4.34751e-15 0 0 0.0108827 0 0 0 0 0 0 1.78724e+10 1.78724e+10 1.78724e+10 1.78724e+10 
0.0935 -1.98235 -5.28235 -3.26832 -4.73506 -0.217646 113124 2.64189e+16 9.8912e-07 1.08901e-05 1.80073e-20 4.60954e-08 234144 0 0 4.49134e-15 0 0 0.0108827 0 0 0 0 0 0 1.83548e+10 1.83548e+10 1.83548e+10 1.83548e+10 
0.094 -1.97063 -5.27063 -3.25583 -4.72324 -0.22937 116477 2.63524e+16 9.90041e-07 1.08865e-05 1.85559e-20 4.59642e-08 234826 0 0 4.63905e-15 0 0 0.0108827 0 0 0 0 0 0 1.8847e+10 1.8847e+10 1.8847e+10 1.8847e+10 
0.0945 -1.95887 -5.25887 -3.24332 -4.71138 -0.241129 119907 2.62864e+16 9.90964e-07 1.08829e-05 1.91178e-20 4.5834e-08 235506 0 0 4.79073e-15 0 0 0.0108827 0 0 0 0 0 0 1.93492e+10 1.93492e+10 1.93492e+10 1.93492e+10 
0.095 -1.94708 -5.24708 -3.23078 -4.69949 -0.252921 123417 2.62208e+16 9.91888e-07 1.08794e-05 1.96932e-20 4.57048e-08 236185 0 0 4.94646e-15 0 0 0.0108827 0 0 0 0 0 0 1.98615e+10 1.98615e+10 1.98615e+10 1.98615e+10 
0.0955 -1.93525 -5.23525 -3.21821 -4.68757 -0.264747 127006 2.61556e+16 9.92812e-07 1.08759e-05 2.02825e-20 4.55767e-08 236862 0 0 5.10631e-15 0 0 0.0108827 0 0 0 0 0 0 2.0384e+10 2.0384e+10 2.0384e+10 2.0384e+10 
0.096 -1.92339 -5.22339 -3.20561 -4.67561 -0.276607 130677 2.60909e+16 9.93738e-07 1.08725e-05 2.08857e-20 4.54496e-08 237537 0 0 5.27037e-15 0 0 0.0108827 0 0 0 0 0 0 2.09168e+10 2.09168e+10 2.09168e+10 2.09168e+10 
0.0965 -1.9115 -5.2115 -3.19298 -4.66362 -0.288501 134430 2.60265e+16 9.94665e-07 1.08692e-05 2.15032e-20 4.53235e-08 238211 0 0 5.43872e-15 0 0 0.0108827 0 0 0 0 0 0 2.146e+10 2.146e+10 2.146e+10 2.146e+10 
0.097 -1.89957 -5.19957 -3.18032 -4.6516 -0.300428 138267 2.59625e+16 9.95592e-07 1.08659e-05 2.21352e-20 4.51984e-08 238883 0 0 5.61145e-15 0 0 0.0108827 0 0 0 0 0 0 2.20139e+10 2.20139e+10 2.20139e+10 2.20139e+10 
0.0975 -1.88761 -5.18761 -3.16763 -4.63955 -0.312389 142188 2.58989e+16 9.96521e-07 1.08627e-05 2.27819e-20 4.50743e-08 239553 0 0 5.78864e-15 0 0 0.0108827 0 0 0 0 0 0 2.25785e+10 2.25785e+10 2.25785e+10 2.25785e+10 
0.098 -1.87562 -5.17562 -3.15491 -4.62746 -0.324384 146197 2.58357e+16 9.9745e-07 1.08595e-05 2.34437e-20 4.49511e-08 240222 0 0 5.97038e-15 0 0 0.0108827 0 0 0 0 0 0 2.31539e+10 2.31539e+10 2.31539e+10 2.31539e+10 
0.0985 -1.86359 -5.16359 -3.14217 -4.61534 -0.336412 150292 2.57729e+16 9.98381e-07 1.08564e-05 2.41206e-20 4.4829e-08 240889 0 0 6.15676e-15 0 0 0.0108827 0 0 0 0 0 0 2.37403e+10 2.37403e+10 2.37403e+10 2.37403e+10 
0.099 -1.85153 -5.15153 -3.12939 -4.60318 -0.348473 154477 2.57105e+16 9.99312e-07 1.08533e-05 2.4813e-20 4.47077e-08 241554 0 0 6.34785e-15 0 0 0.0108827 0 0 0 0 0 0 2.43378e+10 2.43378e+10 2.43378e+10 2.43378e+10 
0.0995 -1.83943 -5.13943 -3.11659 -4.591 -0.360567 158752 2.56485e+16 1.00024e-06 1.08503e-05 2.55211e-20 4.45874e-08 242218 0 0 6.54376e-15 0 0 0.0108827 0 0 0 0 0 0 2.49465e+10 2.49465e+10 2.49465e+10 2.49465e+10 
0.1 -1.82731 -5.12731 -3.10376 -4.57878 -0.372694 163118 2.55868e+16 1.00118e-06 1.08473e-05 2.62452e-20 4.44681e-08 242880 0 0 6.74457e-15 0 0 0.0108827 0 0 0 0 0 0 2.55666e+10 2.55666e+10 2.55666e+10 2.55666e+10 
0.1005 -1.81514 -5.11514 -3.0909 -4.56652 -0.384855 167577 2.55255e+16 1.00211e-06 1.08444e-05 2.69856e-20 4.43496e-08 243541 0 0 6.95038e-15 0 0 0.0108827 0 0 0 0 0 0 2.61982e+10 2.61982e+10 2.61982e+10 2.61982e+10 
0.101 -1.80295 -5.10295 -3.07801 -4.55424 -0.397049 172130 2.54646e+16 1.00305e-06 1.08415e-05 2.77424e-20 4.4232e-08 244200 0 0 7.16127e-15 0 0 0.0108827 0 0 0 0 0 0 2.68414e+10 2.68414e+10 2.68414e+10 2.68414e+10 
0.1015 -1.79072 -5.09072 -3.06509 -4.54192 -0.409275 176779 2.5404e+16 1.00398e-06 1.08387e-05 2.8516e-20 4.41154e-08 244858 0 0 7.37733e-15 0 0 0.0108827 0 0 0 0 0 0 2.74964e+10 2.74964e+10 2.74964e+10 2.74964e+10 
0.102 -1.77847 -5.07847 -3.05214 -4.52957 -0.421534 181524 2.53438e+16 1.00492e-06 1.08359e-05 2.93065e-20 4.39996e-08 245514 0 0 7.59868e-15 0 0 0.0108827 0 0 0 0 0 0 2.81632e+10 2.81632e+10 2.81632e+10 2.81632e+10 
0.1025 -1.76617 -5.06617 -3.03916 -4.51719 -0.433826 186367 2.52839e+16 1.00586e-06 1.08332e-05 3.01143e-20 4.38847e-08 246168 0 0 7.82539e-15 0 0 0.0108827 0 0 0 0 0 0 2.8842e+10 2.8842e+10 2.8842e+10 2.8842e+10 
0.103 -1.75385 -5.05385 -3.02616 -4.50477 -0.446151 191310 2.52244e+16 1.0068e-06 1.08306e-05 3.09397e-20 4.37706e-08 246821 0 0 8.05757e-15 0 0 0.0108827 0 0 0 0 0 0 2.9533e+10 2.9533e+10 2.9533e+10 2.9533e+10 
0.1035 -1.74149 -5.04149 -3.01312 -4.49232 -0.458508 196354 2.51653e+16 1.00774e-06 1.08279e-05 3.17828e-20 4.36574e-08 247472 0 0 8.2953e-15 0 0 0.0108827 0 0 0 0 0 0 3.02363e+10 3.02363e+10 3.02363e+10 3.02363e+10 
0.104 -1.7291 -5.0291 -3.00006 -4.47984 -0.470898 201500 2.51064e+16 1.00868e-06 1.08254e-05 3.2644e-20 4.3545e-08 248122 0 0 8.53871e-15 0 0 0.0108827 0 0 0 0 0 0 3.09519e+10 3.09519e+10 3.09519e+10 3.09519e+10 
0.1045 -1.71668 -5.01668 -2.98697 -4.46733 -0.483321 206749 2.5048e+16 1.00962e-06 1.08229e-05 3.35236e-20 4.34335e-08 248770 0 0 8.78787e-15 0 0 0.0108827 0 0 0 0 0 0 3.168e+10 3.168e+10 3.168e+10 3.168e+10 
0.105 -1.70422 -5.00422 -2.97385 -4.45479 -0.495775 212104 2.49898e+16 1.01056e-06 1.08204e-05 3.44217e-20 4.33228e-08 249417 0 0 9.04289e-15 0 0 0.0108827 0 0 0 0 0 0 3.24209e+10 3.24209e+10 3.24209e+10 3.24209e+10 
0.1055 -1.69174 -4.99174 -2.9607 -4.44221 -0.508262 217564 2.4932e+16 1.0115e-06 1.0818e-05 3.53387e-20 4.32129e-08 250062 0 0 9.30388e-15 0 0 0.0108827 0 0 0 0 0 0 3.31745e+10 3.31745e+10 3.31745e+10 3.31745e+10 
0.106 -1.67922 -4.97922 -2.94753 -4.4296 -0.520782 223133 2.48746e+16 1.01245e-06 1.08156e-05 3.62749e-20 4.31038e-08 250706 0 0 9.57093e-15 0 0 0.0108827 0 0 0 0 0 0 3.3941e+10 3.3941e+10 3.3941e+10 3.3941e+10 
0.1065 -1.66667 -4.96667 -2.93432 -4.41696 -0.533333 228810 2.48174e+16 1.01339e-06 1.08132e-05 3.72305e-20 4.29955e-08 251348 0 0 9.84415e-15 0 0 0.0108827 0 0 0 0 0 0 3.47205e+10 3.47205e+10 3.47205e+10 3.47205e+10 
0.107 -1.65408 -4.95408 -2.92109 -4.40429 -0.545916 234598 2.47606e+16 1.01434e-06 1.08109e-05 3.82058e-20 4.28879e-08 251989 0 0 1.01236e-14 0 0 0.0108827 0 0 0 0 0 0 3.55133e+10 3.55133e+10 3.55133e+10 3.55133e+10 
0.1075 -1.64147 -4.94147 -2.90783 -4.39159 -0.558532 240498 2.47041e+16 1.01528e-06 1.08087e-05 3.9201e-20 4.27812e-08 252628 0 0 1.04095e-14 0 0 0.0108827 0 0 0 0 0 0 3.63193e+10 3.63193e+10 3.63193e+10 3.63193e+10 
0.108 -1.62882 -4.92882 -2.89454 -4.37885 -0.571179 246511 2.46479e+16 1.01623e-06 1.08065e-05 4.02166e-20 4.26752e-08 253266 0 0 1.07019e-14 0 0 0.0108827 0 0 0 0 0 0 3.71388e+10 3.71388e+10 3.71388e+10 3.71388e+10 
0.1085 -1.61614 -4.91614 -2.88122 -4.36609 -0.583858 252639 2.4592e+16 1.01718e-06 1.08043e-05 4.12527e-20 4.257e-08 253903 0 0 1.10008e-14 0 0 0.0108827 0 0 0 0 0 0 3.79718e+10 3.79718e+10 3.79718e+10 3.79718e+10 
0.109 -1.60343 -4.90343 -2.86788 -4.35329 -0.596569 258883 2.45365e+16 1.01813e-06 1.08022e-05 4.23097e-20 4.24655e-08 254538 0 0 1.13065e-14 0 0 0.0108827 0 0 0 0 0 0 3.88186e+10 3.88186e+10 3.88186e+10 3.88186e+10 
0.1095 -1.59069 -4.89069 -2.8545 -4.34046 -0.609312 265244 2.44812e+16 1.01908e-06 1.08002e-05 4.33877e-20 4.23617e-08 255171 0 0 1.1619e-14 0 0 0.0108827 0 0 0 0 0 0 3.96792e+10 3.96792e+10 3.96792e+10 3.96792e+10 
0.11 -1.57791 -4.87791 -2.8411 -4.3276 -0.622087 271725 2.44263e+16 1.02003e-06 1.07981e-05 4.44873e-20 4.22587e-08 255803 0 0 1.19384e-14 0 0 0.0108827 0 0 0 0 0 0 4.05537e+10 4.05537e+10 4.05537e+10 4.05537e+10 
0.1105 -1.56511 -4.86511 -2.82767 -4.31471 -0.634892 278326 2.43717e+16 1.02098e-06 1.07961e-05 4.56085e-20 4.21564e-08 256434 0 0 1.22648e-14 0 0 0.0108827 0 0 0 0 0 0 4.14423e+10 4.14423e+10 4.14423e+10 4.14423e+10 
0.111 -1.55227 -4.85227 -2.81421 -4.30179 -0.64773 285049 2.43173e+16 1.02193e-06 1.07942e-05 4.67517e-20 4.20549e-08 257063 0 0 1.25984e-14 0 0 0.0108827 0 0 0 0 0 0 4.23452e+10 4.23452e+10 4.23452e+10 4.23452e+10 
0.1115 -1.5394 -4.8394 -2.80073 -4.28883 -0.660599 291895 2.42633e+16 1.02289e-06 1.07923e-05 4.79172e-20 4.1954e-08 257691 0 0 1.29392e-14 0 0 0.0108827 0 0 0 0 0 0 4.32623e+10 4.32623e+10 4.32623e+10 4.32623e+10 
0.112 -1.5265 -4.8265 -2.78721 -4.27585 -0.673499 298866 2.42095e+16 1.02384e-06 1.07904e-05 4.91054e-20 4.18538e-08 258318 0 0 1.32875e-14 0 0 0.0108827 0 0 0 0 0 0 4.4194e+10 4.4194e+10 4.4194e+10 4.4194e+10 
0.1125 -1.51357 -4.81357 -2.77367 -4.26283 -0.686431 305963 2.4156e+16 1.0248e-06 1.07886e-05 5.03164e-20 4.17543e-08 258943 0 0 1.36432e-14 0 0 0.0108827 0 0 0 0 0 0 4.51403e+10 4.51403e+10 4.51403e+10 4.51403e+10 
0.113 -1.50061 -4.80061 -2.7601 -4.24978 -0.699393 313188 2.41029e+16 1.02575e-06 1.07868e-05 5.15507e-20 4.16556e-08 259567 0 0 1.40065e-14 0 0 0.0108827 0 0 0 0 0 0 4.61013e+10 4.61013e+10 4.61013e+10 4.61013e+10 
0.1135 -1.48761 -4.78761 -2.7465 -4.2367 -0.712387 320543 2.405e+16 1.02671e-06 1.07851e-05 5.28084e-20 4.15574e-08 260189 0 0 1.43776e-14 0 0 0.0108827 0 0 0 0 0 0 4.70771e+10 4.70771e+10 4.70771e+10 4.70771e+10 
0.114 -1.47459 -4.77459 -2.73288 -4.2236 -0.725412 328027 2.39974e+16 1.02767e-06 1.07834e-05 5.409e-20 4.146e-08 260810 0 0 1.47565e-14 0 0 0.0108827 0 0 0 0 0 0 4.8068e+10 4.8068e+10 4.8068e+10 4.8068e+10 
0.1145 -1.46153 -4.76153 -2.71922 -4.21046 -0.738468 335644 2.3945e+16 1.02863e-06 1.07817e-05 5.53956e-20 4.13632e-08 261430 0 0 1.51434e-14 0 0 0.0108827 0 0 0 0 0 0 4.9074e+10 4.9074e+10 4.9074e+10 4.9074e+10 
0.115 -1.44844 -4.74844 -2.70554 -4.19729 -0.751555 343395 2.3893e+16 1.02959e-06 1.07801e-05 5.67257e-20 4.12671e-08 262048 0 0 1.55384e-14 0 0 0.0108827 0 0 0 0 0 0 5.00952e+10 5.00952e+10 5.00952e+10 5.00952e+10 
0.1155 -1.43533 -4.73533 -2.69184 -4.18408 -0.764673 351281 2.38412e+16 1.03055e-06 1.07785e-05 5.80806e-20 4.11716e-08 262665 0 0 1.59416e-14 0 0 0.0108827 0 0 0 0 0 0 5.11318e+10 5.11318e+10 5.11318e+10 5.11318e+10 
0.116 -1.42218 -4.72218 -2.6781 -4.17085 -0.777822 359303 2.37897e+16 1.03151e-06 1.0777e-05 5.94604e-20 4.10768e-08 263280 0 0 1.63531e-14 0 0 0.0108827 0 0 0 0 0 0 5.2184e+10 5.2184e+10 5.2184e+10 5.2184e+10 
0.1165 -1.409 -4.709 -2.66434 -4.15759 -0.791001 367463 2.37385e+16 1.03247e-06 1.07755e-05 6.08657e-20 4.09826e-08 263895 0 0 1.67731e-14 0 0 0.0108827 0 0 0 0 0 0 5.32517e+10 5.32517e+10 5.32517e+10 5.32517e+10 
0.117 -1.39579 -4.69579 -2.65055 -4.1443 -0.804211 375763 2.36875e+16 1.03343e-06 1.0774e-05 6.22966e-20 4.0889e-08 264508 0 0 1.72017e-14 0 0 0.0108827 0 0 0 0 0 0 5.43353e+10 5.43353e+10 5.43353e+10 5.43353e+10 
0.1175 -1.38255 -4.68255 -2.63673 -4.13098 -0.817452 384204 2.36368e+16 1.03439e-06 1.07726e-05 6.37535e-20 4.0796e-08 265119 0 0 1.7639e-14 0 0 0.0108827 0 0 0 0 0 0 5.54347e+10 5.54347e+10 5.54347e+10 5.54347e+10 
0.118 -1.36928 -4.66928 -2.62288 -4.11762 -0.830723 392787 2.35864e+16 1.03536e-06 1.07712e-05 6.52366e-20 4.07037e-08 265730 0 0 1.80851e-14 0 0 0.0108827 0 0 0 0 0 0 5.65502e+10 5.65502e+10 5.65502e+10 5.65502e+10 
0.1185 -1.35598 -4.65598 -2.60901 -4.10424 -0.844025 401515 2.35362e+16 1.03632e-06 1.07698e-05 6.67465e-20 4.0612e-08 266339 0 0 1.85402e-14 0 0 0.0108827 0 0 0 0 0 0 5.76818e+10 5.76818e+10 5.76818e+10 5.76818e+10 
0.119 -1.34264 -4.64264 -2.59511 -4.09083 -0.857357 410388 2.34863e+16 1.03729e-06 1.07685e-05 6.82832e-20 4.05208e-08 266947 0 0 1.90044e-14 0 0 0.0108827 0 0 0 0 0 0 5.88296e+10 5.88296e+10 5.88296e+10 5.88296e+10 
0.1195 -1.32928 -4.62928 -2.58118 -4.07738 -0.870719 419408 2.34366e+16 1.03825e-06 1.07672e-05 6.98473e-20 4.04303e-08 267553 0 0 1.94778e-14 0 0 0.0108827 0 0 0 0 0 0 5.99939e+10 5.99939e+10 5.99939e+10 5.99939e+10 
0.12 -1.31589 -4.61589 -2.56722 -4.06391 -0.884112 428577 2.33872e+16 1.03922e-06 1.07659e-05 7.14389e-20 4.03403e-08 268158 0 0 1.99606e-14 0 0 0.0108827 0 0 0 0 0 0 6.11747e+10 6.11747e+10 6.11747e+10 6.11747e+10 
0.1205 -1.30246 -4.60246 -2.55324 -4.05041 -0.897535 437896 2.3338e+16 1.04019e-06 1.07647e-05 7.30584e-20 4.0251e-08 268762 0 0 2.04529e-14 0 0 0.0108827 0 0 0 0 0 0 6.23722e+10 6.23722e+10 6.23722e+10 6.23722e+10 
0.121 -1.28901 -4.58901 -2.53923 -4.03687 -0.910989 447367 2.32891e+16 1.04116e-06 1.07635e-05 7.47062e-20 4.01622e-08 269365 0 0 2.09548e-14 0 0 0.0108827 0 0 0 0 0 0 6.35864e+10 6.35864e+10 6.35864e+10 6.35864e+10 
0.1215 -1.27553 -4.57553 -2.52519 -4.02331 -0.924472 456991 2.32404e+16 1.04213e-06 1.07624e-05 7.63826e-20 4.0074e-08 269966 0 0 2.14665e-14 0 0 0.0108827 0 0 0 0 0 0 6.48176e+10 6.48176e+10 6.48176e+10 6.48176e+10 
0.122 -1.26201 -4.56201 -2.51113 -4.00972 -0.937985 466769 2.3192e+16 1.0431e-06 1.07612e-05 7.80878e-20 3.99863e-08 270566 0 0 2.19881e-14 0 0 0.0108827 0 0 0 0 0 0 6.60658e+10 6.60658e+10 6.60658e+10 6.60658e+10 
0.1225 -1.24847 -4.54847 -2.49704 -3.99609 -0.951528 476704 2.31438e+16 1.04407e-06 1.07602e-05 7.98223e-20 3.98992e-08 271165 0 0 2.25197e-14 0 0 0.0108827 0 0 0 0 0 0 6.73311e+10 6.73311e+10 6.73311e+10 6.73311e+10 
0.123 -1.2349 -4.5349 -2.48292 -3.98244 -0.965102 486797 2.30959e+16 1.04504e-06 1.07591e-05 8.15864e-20 3.98127e-08 271763 0 0 2.30614e-14 0 0 0.0108827 0 0 0 0 0 0 6.86137e+10 6.86137e+10 6.86137e+10 6.86137e+10 
0.1235 -1.2213 -4.5213 -2.46877 -3.96876 -0.978705 497049 2.30482e+16 1.04601e-06 1.07581e-05 8.33803e-20 3.97267e-08 272359 0 0 2.36135e-14 0 0 0.0108827 0 0 0 0 0 0 6.99138e+10 6.99138e+10 6.99138e+10 6.99138e+10 
0.124 -1.20766 -4.50766 -2.4546 -3.95505 -0.992338 507461 2.30007e+16 1.04699e-06 1.07571e-05 8.52045e-20 3.96413e-08 272955 0 0 2.41761e-14 0 0 0.0108827 0 0 0 0 0 0 7.12313e+10 7.12313e+10 7.12313e+10 7.12313e+10 
0.1245 -1.194 -4.494 -2.4404 -3.94131 -1.006 518036 2.29535e+16 1.04796e-06 1.07562e-05 8.70593e-20 3.95564e-08 273549 0 0 2.47492e-14 0 0 0.0108827 0 0 0 0 0 0 7.25665e+10 7.25665e+10 7.25665e+10 7.25665e+10 
0.125 -1.18031 -4.48031 -2.42618 -3.92753 -1.01969 528775 2.29065e+16 1.04893e-06 1.07552e-05 8.8945e-20 3.9472e-08 274141 0 0 2.53331e-14 0 0 0.0108827 0 0 0 0 0 0 7.39195e+10 7.39195e+10 7.39195e+10 7.39195e+10 
0.1255 -1.16659 -4.46659 -2.41192 -3.91373 -1.03341 539680 2.28597e+16 1.04991e-06 1.07544e-05 9.08619e-20 3.93882e-08 274733 0 0 2.59278e-14 0 0 0.0108827 0 0 0 0 0 0 7.52904e+10 7.52904e+10 7.52904e+10 7.52904e+10 
0.126 -1.15283 -4.45283 -2.39764 -3.89991 -1.04717 550751 2.28132e+16 1.05089e-06 1.07535e-05 9.28104e-20 3.93048e-08 275323 0 0 2.65336e-14 0 0 0.0108827 0 0 0 0 0 0 7.66793e+10 7.66793e+10 7.66793e+10 7.66793e+10 
0.1265 -1.13905 -4.43905 -2.38334 -3.88605 -1.06095 561991 2.27668e+16 1.05186e-06 1.07527e-05 9.47909e-20 3.9222e-08 275912 0 0 2.71505e-14 0 0 0.0108827 0 0 0 0 0 0 7.80864e+10 7.80864e+10 7.80864e+10 7.80864e+10 
0.127 -1.12524 -4.42524 -2.369 -3.87216 -1.07476 573401 2.27207e+16 1.05284e-06 1.07519e-05 9.68036e-20 3.91397e-08 276500 0 0 2.77787e-14 0 0 0.0108827 0 0 0 0 0 0 7.95117e+10 7.95117e+10 7.95117e+10 7.95117e+10 
0.1275 -1.1114 -4.4114 -2.35464 -3.85824 -1.0886 584983 2.26749e+16 1.05382e-06 1.07511e-05 9.88489e-20 3.9058e-08 277087 0 0 2.84184e-14 0 0 0.0108827 0 0 0 0 0 0 8.09554e+10 8.09554e+10 8.09554e+10 8.09554e+10 
0.128 -1.09753 -4.39753 -2.34026 -3.8443 -1.10247 596738 2.26292e+16 1.0548e-06 1.07504e-05 1.00927e-19 3.89767e-08 277673 0 0 2.90696e-14 0 0 0.0108827 0 0 0 0 0 0 8.24177e+10 8.24177e+10 8.24177e+10 8.24177e+10 
0.1285 -1.08364 -4.38364 -2.32584 -3.83032 -1.11636 608668 2.25838e+16 1.05578e-06 1.07497e-05 1.03039e-19 3.88959e-08 278257 0 0 2.97327e-14 0 0 0.0108827 0 0 0 0 0 0 8.38985e+10 8.38985e+10 8.38985e+10 8.38985e+10 
0.129 -1.06971 -4.36971 -2.3114 -3.81632 -1.13029 620774 2.25386e+16 1.05676e-06 1.0749e-05 1.05184e-19 3.88156e-08 278840 0 0 3.04076e-14 0 0 0.0108827 0 0 0 0 0 0 8.53981e+10 8.53981e+10 8.53981e+10 8.53981e+10 
0.1295 -1.05575 -4.35575 -2.29694 -3.80228 -1.14425 633057 2.24936e+16 1.05774e-06 1.07484e-05 1.07364e-19 3.87358e-08 279422 0 0 3.10946e-14 0 0 0.0108827 0 0 0 0 0 0 8.69166e+10 8.69166e+10 8.69166e+10 8.69166e+10 
0.13 -1.04177 -4.34177 -2.28245 -3.78822 -1.15823 645520 2.24488e+16 1.05872e-06 1.07478e-05 1.09577e-19 3.86565e-08 280003 0 0 3.17938e-14 0 0 0.0108827 0 0 0 0 0 0 8.8454e+10 8.8454e+10 8.8454e+10 8.8454e+10 
0.1305 -1.02775 -4.32775 -2.26793 -3.77413 -1.17225 658165 2.24042e+16 1.05971e-06 1.07472e-05 1.11826e-19 3.85776e-08 280583 0 0 3.25053e-14 0 0 0.0108827 0 0 0 0 0 0 9.00106e+10 9.00106e+10 9.00106e+10 9.00106e+10 
0.131 -1.01371 -4.31371 -2.25338 -3.76001 -1.18629 670991 2.23598e+16 1.06069e-06 1.07467e-05 1.14109e-19 3.84992e-08 281161 0 0 3.32293e-14 0 0 0.0108827 0 0 0 0 0 0 9.15864e+10 9.15864e+10 9.15864e+10 9.15864e+10 
0.1315 -0.999636 -4.29964 -2.23881 -3.74586 -1.20036 684002 2.23157e+16 1.06167e-06 1.07461e-05 1.16428e-19 3.84213e-08 281739 0 0 3.3966e-14 0 0 0.0108827 0 0 0 0 0 0 9.31815e+10 9.31815e+10 9.31815e+10 9.31815e+10 
0.132 -0.985534 -4.28553 -2.22421 -3.73169 -1.21447 697198 2.22717e+16 1.06266e-06 1.07456e-05 1.18783e-19 3.83439e-08 282315 0 0 3.47155e-14 0 0 0.0108827 0 0 0 0 0 0 9.47961e+10 9.47961e+10 9.47961e+10 9.47961e+10 
0.1325 -0.971404 -4.2714 -2.20958 -3.71748 -1.2286 710582 2.22279e+16 1.06364e-06 1.07452e-05 1.21174e-19 3.82669e-08 282890 0 0 3.5478e-14 0 0 0.0108827 0 0 0 0 0 0 9.64303e+10 9.64303e+10 9.64303e+10 9.64303e+10 
0.133 -0.957245 -4.25725 -2.19493 -3.70325 -1.24275 724154 2.21844e+16 1.06463e-06 1.07447e-05 1.23601e-19 3.81904e-08 283464 0 0 3.62536e-14 0 0 0.0108827 0 0 0 0 0 0 9.80841e+10 9.80841e+10 9.80841e+10 9.80841e+10 
0.1335 -0.943058 -4.24306 -2.18025 -3.68899 -1.25694 737916 2.2141e+16 1.06562e-06 1.07443e-05 1.26065e-19 3.81143e-08 284037 0 0 3.70425e-14 0 0 0.0108827 0 0 0 0 0 0 9.97578e+10 9.97578e+10 9.97578e+10 9.97578e+10 
0.134 -0.928841 -4.22884 -2.16555 -3.6747 -1.27116 751870 2.20979e+16 1.06661e-06 1.0744e-05 1.28567e-19 3.80387e-08 284609 0 0 3.78449e-14 0 0 0.0108827 0 0 0 0 0 0 1.01451e+11 1.01451e+11 1.01451e+11 1.01451e+11 
0.1345 -0.914597 -4.2146 -2.15082 -3.66038 -1.2854 766018 2.20549e+16 1.06759e-06 1.07436e-05 1.31106e-19 3.79635e-08 285180 0 0 3.86608e-14 0 0 0.0108827 0 0 0 0 0 0 1.03165e+11 1.03165e+11 1.03165e+11 1.03165e+11 
0.135 -0.900324 -4.20032 -2.13607 -3.64603 -1.29968 780361 2.20122e+16 1.06858e-06 1.07433e-05 1.33683e-19 3.78888e-08 285749 0 0 3.94905e-14 0 0 0.0108827 0 0 0 0 0 0 1.04899e+11 1.04899e+11 1.04899e+11 1.04899e+11 
0.1355 -0.886022 -4.18602 -2.12128 -3.63166 -1.31398 794900 2.19696e+16 1.06957e-06 1.0743e-05 1.36298e-19 3.78144e-08 286318 0 0 4.03342e-14 0 0 0.0108827 0 0 0 0 0 0 1.06653e+11 1.06653e+11 1.06653e+11 1.06653e+11 
0.136 -0.871692 -4.17169 -2.10647 -3.61725 -1.32831 809637 2.19272e+16 1.07056e-06 1.07427e-05 1.38952e-19 3.77406e-08 286885 0 0 4.11919e-14 0 0 0.0108827 0 0 0 0 0 0 1.08427e+11 1.08427e+11 1.08427e+11 1.08427e+11 
0.1365 -0.857333 -4.15733 -2.09164 -3.60282 -1.34267 824574 2.18851e+16 1.07156e-06 1.07425e-05 1.41645e-19 3.76671e-08 287451 0 0 4.20639e-14 0 0 0.0108827 0 0 0 0 0 0 1.10222e+11 1.10222e+11 1.10222e+11 1.10222e+11 
0.137 -0.842947 -4.14295 -2.07678 -3.58836 -1.35705 839712 2.18431e+16 1.07255e-06 1.07423e-05 1.44377e-19 3.75941e-08 288017 0 0 4.29503e-14 0 0 0.0108827 0 0 0 0 0 0 1.12038e+11 1.12038e+11 1.12038e+11 1.12038e+11 
0.1375 -0.828532 -4.12853 -2.06189 -3.57387 -1.37147 855052 2.18013e+16 1.07354e-06 1.07421e-05 1.47149e-19 3.75215e-08 288581 0 0 4.38512e-14 0 0 0.0108827 0 0 0 0 0 0 1.13874e+11 1.13874e+11 1.13874e+11 1.13874e+11 
0.138 -0.814089 -4.11409 -2.04698 -3.55936 -1.38591 870597 2.17597e+16 1.07453e-06 1.07419e-05 1.49961e-19 3.74493e-08 289144 0 0 4.4767e-14 0 0 0.0108827 0 0 0 0 0 0 1.15731e+11 1.15731e+11 1.15731e+11 1.15731e+11 
0.1385 -0.799617 -4.09962 -2.03204 -3.54481 -1.40038 886348 2.17182e+16 1.07553e-06 1.07418e-05 1.52814e-19 3.73775e-08 289706 0 0 4.56976e-14 0 0 0.0108827 0 0 0 0 0 0 1.17609e+11 1.17609e+11 1.17609e+11 1.17609e+11 
0.139 -0.785118 -4.08512 -2.01708 -3.53024 -1.41488 902306 2.1677e+16 1.07652e-06 1.07416e-05 1.55708e-19 3.73061e-08 290267 0 0 4.66433e-14 0 0 0.0108827 0 0 0 0 0 0 1.19508e+11 1.19508e+11 1.19508e+11 1.19508e+11 
0.1395 -0.770591 -4.07059 -2.00209 -3.51564 -1.42941 918473 2.16359e+16 1.07752e-06 1.07416e-05 1.58643e-19 3.72352e-08 290826 0 0 4.76043e-14 0 0 0.0108827 0 0 0 0 0 0 1.21428e+11 1.21428e+11 1.21428e+11 1.21428e+11 
0.14 -0.756035 -4.05604 -1.98707 -3.50101 -1.44396 934850 2.15951e+16 1.07851e-06 1.07415e-05 1.61619e-19 3.71646e-08 291385 0 0 4.85807e-14 0 0 0.0108827 0 0 0 0 0 0 1.2337e+11 1.2337e+11 1.2337e+11 1.2337e+11 
0.1405 -0.741452 -4.04145 -1.97203 -3.48636 -1.45855 951440 2.15544e+16 1.07951e-06 1.07415e-05 1.64638e-19 3.70944e-08 291943 0 0 4.95726e-14 0 0 0.0108827 0 0 0 0 0 0 1.25332e+11 1.25332e+11 1.25332e+11 1.25332e+11 
0.141 -0.726841 -4.02684 -1.95697 -3.47168 -1.47316 968243 2.15139e+16 1.08051e-06 1.07414e-05 1.67699e-19 3.70247e-08 292499 0 0 5.05804e-14 0 0 0.0108827 0 0 0 0 0 0 1.27317e+11 1.27317e+11 1.27317e+11 1.27317e+11 
0.1415 -0.712202 -4.0122 -1.94187 -3.45697 -1.4878 985261 2.14735e+16 1.08151e-06 1.07415e-05 1.70803e-19 3.69553e-08 293055 0 0 5.1604e-14 0 0 0.0108827 0 0 0 0 0 0 1.29322e+11 1.29322e+11 1.29322e+11 1.29322e+11 
0.142 -0.697536 -3.99754 -1.92676 -3.44223 -1.50246 1.0025e+06 2.14333e+16 1.08251e-06 1.07415e-05 1.73949e-19 3.68863e-08 293610 0 0 5.26438e-14 0 0 0.0108827 0 0 0 0 0 0 1.3135e+11 1.3135e+11 1.3135e+11 1.3135e+11 
0.1425 -0.682841 -3.98284 -1.91161 -3.42746 -1.51716 1.01995e+06 2.13934e+16 1.0835e-06 1.07415e-05 1.7714e-19 3.68177e-08 294163 0 0 5.36999e-14 0 0 0.0108827 0 0 0 0 0 0 1.33399e+11 1.33399e+11 1.33399e+11 1.33399e+11 
0.143 -0.668119 -3.96812 -1.89644 -3.41267 -1.53188 1.03762e+06 2.13535e+16 1.0845e-06 1.07416e-05 1.80374e-19 3.67494e-08 294716 0 0 5.47724e-14 0 0 0.0108827 0 0 0 0 0 0 1.35471e+11 1.35471e+11 1.35471e+11 1.35471e+11 
0.1435 -0.65337 -3.95337 -1.88125 -3.39785 -1.54663 1.05551e+06 2.13139e+16 1.08551e-06 1.07417e-05 1.83652e-19 3.66816e-08 295267 0 0 5.58615e-14 0 0 0.0108827 0 0 0 0 0 0 1.37564e+11 1.37564e+11 1.37564e+11 1.37564e+11 
0.144 -0.638592 -3.93859 -1.86603 -3.383 -1.56141 1.07363e+06 2.12744e+16 1.08651e-06 1.07419e-05 1.86975e-19 3.66141e-08 295818 0 0 5.69674e-14 0 0 0.0108827 0 0 0 0 0 0 1.39679e+11 1.39679e+11 1.39679e+11 1.39679e+11 
0.1445 -0.623788 -3.92379 -1.85078 -3.36813 -1.57621 1.09197e+06 2.12351e+16 1.08751e-06 1.0742e-05 1.90343e-19 3.6547e-08 296367 0 0 5.80904e-14 0 0 0.0108827 0 0 0 0 0 0 1.41817e+11 1.41817e+11 1.41817e+11 1.41817e+11 
0.145 -0.608956 -3.90896 -1.83551 -3.35322 -1.59104 1.11054e+06 2.1196e+16 1.08851e-06 1.07422e-05 1.93757e-19 3.64802e-08 296916 0 0 5.92304e-14 0 0 0.0108827 0 0 0 0 0 0 1.43977e+11 1.43977e+11 1.43977e+11 1.43977e+11 
0.1455 -0.594096 -3.8941 -1.82021 -3.33829 -1.6059 1.12933e+06 2.1157e+16 1.08951e-06 1.07424e-05 1.97216e-19 3.64138e-08 297463 0 0 6.03879e-14 0 0 0.0108827 0 0 0 0 0 0 1.46159e+11 1.46159e+11 1.46159e+11 1.46159e+11 
0.146 -0.579209 -3.87921 -1.80489 -3.32334 -1.62079 1.14836e+06 2.11182e+16 1.09052e-06 1.07426e-05 2.00721e-19 3.63478e-08 298009 0 0 6.15628e-14 0 0 0.0108827 0 0 0 0 0 0 1.48364e+11 1.48364e+11 1.48364e+11 1.48364e+11 
0.1465 -0.564295 -3.8643 -1.78955 -3.30835 -1.6357 1.16761e+06 2.10796e+16 1.09152e-06 1.07429e-05 2.04273e-19 3.62821e-08 298555 0 0 6.27554e-14 0 0 0.0108827 0 0 0 0 0 0 1.50591e+11 1.50591e+11 1.50591e+11 1.50591e+11 
0.147 -0.549354 -3.84935 -1.77417 -3.29334 -1.65065 1.18709e+06 2.10411e+16 1.09253e-06 1.07432e-05 2.07872e-19 3.62168e-08 299099 0 0 6.3966e-14 0 0 0.0108827 0 0 0 0 0 0 1.52841e+11 1.52841e+11 1.52841e+11 1.52841e+11 
0.1475 -0.534385 -3.83439 -1.75878 -3.27831 -1.66561 1.20681e+06 2.10028e+16 1.09353e-06 1.07434e-05 2.11518e-19 3.61518e-08 299643 0 0 6.51945e-14 0 0 0.0108827 0 0 0 0 0 0 1.55114e+11 1.55114e+11 1.55114e+11 1.55114e+11 
0.148 -0.51939 -3.81939 -1.74335 -3.26324 -1.68061 1.22677e+06 2.09646e+16 1.09454e-06 1.07438e-05 2.15212e-19 3.60872e-08 300185 0 0 6.64414e-14 0 0 0.0108827 0 0 0 0 0 0 1.5741e+11 1.5741e+11 1.5741e+11 1.5741e+11 
0.1485 -0.504367 -3.80437 -1.72791 -3.24815 -1.69563 1.24696e+06 2.09266e+16 1.09555e-06 1.07441e-05 2.18954e-19 3.6023e-08 300726 0 0 6.77066e-14 0 0 0.0108827 0 0 0 0 0 0 1.59729e+11 1.59729e+11 1.59729e+11 1.59729e+11 
0.149 -0.489317 -3.78932 -1.71243 -3.23303 -1.71068 1.26738e+06 2.08888e+16 1.09656e-06 1.07445e-05 2.22744e-19 3.5959e-08 301267 0 0 6.89905e-14 0 0 0.0108827 0 0 0 0 0 0 1.62071e+11 1.62071e+11 1.62071e+11 1.62071e+11 
0.1495 -0.47424 -3.77424 -1.69693 -3.21788 -1.72576 1.28805e+06 2.08511e+16 1.09756e-06 1.07448e-05 2.26583e-19 3.58955e-08 301806 0 0 7.02931e-14 0 0 0.0108827 0 0 0 0 0 0 1.64436e+11 1.64436e+11 1.64436e+11 1.64436e+11 
0.15 -0.459136 -3.75914 -1.68141 -3.20271 -1.74086 1.30896e+06 2.08136e+16 1.09857e-06 1.07453e-05 2.30471e-19 3.58322e-08 302345 0 0 7.16148e-14 0 0 0.0108827 0 0 0 0 0 0 1.66824e+11 1.66824e+11 1.66824e+11 1.66824e+11 
0.1505 -0.444006 -3.74401 -1.66586 -3.18751 -1.75599 1.33011e+06 2.07762e+16 1.09958e-06 1.07457e-05 2.34409e-19 3.57693e-08 302883 0 0 7.29556e-14 0 0 0.0108827 0 0 0 0 0 0 1.69236e+11 1.69236e+11 1.69236e+11 1.69236e+11 
0.151 -0.428848 -3.72885 -1.65029 -3.17229 -1.77115 1.35151e+06 2.0739e+16 1.10059e-06 1.07461e-05 2.38397e-19 3.57067e-08 303419 0 0 7.43158e-14 0 0 0.0108827 0 0 0 0 0 0 1.71671e+11 1.71671e+11 1.71671e+11 1.71671e+11 
0.1515 -0.413664 -3.71366 -1.63469 -3.15704 -1.78634 1.37315e+06 2.07019e+16 1.10161e-06 1.07466e-05 2.42436e-19 3.56445e-08 303955 0 0 7.56955e-14 0 0 0.0108827 0 0 0 0 0 0 1.7413e+11 1.7413e+11 1.7413e+11 1.7413e+11 
0.152 -0.398453 -3.69845 -1.61907 -3.14176 -1.80155 1.39503e+06 2.0665e+16 1.10262e-06 1.07471e-05 2.46525e-19 3.55825e-08 304489 0 0 7.70949e-14 0 0 0.0108827 0 0 0 0 0 0 1.76613e+11 1.76613e+11 1.76613e+11 1.76613e+11 
0.1525 -0.383215 -3.68321 -1.60342 -3.12645 -1.81679 1.41717e+06 2.06283e+16 1.10363e-06 1.07476e-05 2.50665e-19 3.55209e-08 305023 0 0 7.85143e-14 0 0 0.0108827 0 0 0 0 0 0 1.79119e+11 1.79119e+11 1.79119e+11 1.79119e+11 
0.153 -0.36795 -3.66795 -1.58775 -3.11112 -1.83205 1.43956e+06 2.05917e+16 1.10464e-06 1.07481e-05 2.54857e-19 3.54596e-08 305556 0 0 7.99538e-14 0 0 0.0108827 0 0 0 0 0 0 1.81649e+11 1.81649e+11 1.81649e+11 1.81649e+11 
0.1535 -0.352659 -3.65266 -1.57205 -3.09576 -1.84734 1.46219e+06 2.05552e+16 1.10566e-06 1.07487e-05 2.59101e-19 3.53987e-08 306088 0 0 8.14135e-14 0 0 0.0108827 0 0 0 0 0 0 1.84203e+11 1.84203e+11 1.84203e+11 1.84203e+11 
0.154 -0.337342 -3.63734 -1.55633 -3.08038 -1.86266 1.48508e+06 2.05189e+16 1.10667e-06 1.07492e-05 2.63397e-19 3.5338e-08 306619 0 0 8.28938e-14 0 0 0.0108827 0 0 0 0 0 0 1.86781e+11 1.86781e+11 1.86781e+11 1.86781e+11 
0.1545 -0.321997 -3.622 -1.54058 -3.06497 -1.878 1.50823e+06 2.04827e+16 1.10768e-06 1.07498e-05 2.67746e-19 3.52777e-08 307149 0 0 8.43948e-14 0 0 0.0108827 0 0 0 0 0 0 1.89384e+11 1.89384e+11 1.89384e+11 1.89384e+11 
0.155 -0.306627 -3.60663 -1.52481 -3.04953 -1.89337 1.53163e+06 2.04467e+16 1.1087e-06 1.07504e-05 2.72148e-19 3.52176e-08 307678 0 0 8.59166e-14 0 0 0.0108827 0 0 0 0 0 0 1.9201e+11 1.9201e+11 1.9201e+11 1.9201e+11 
0.1555 -0.29123 -3.59123 -1.50901 -3.03406 -1.90877 1.55529e+06 2.04108e+16 1.10972e-06 1.07511e-05 2.76604e-19 3.51579e-08 308206 0 0 8.74595e-14 0 0 0.0108827 0 0 0 0 0 0 1.94661e+11 1.94661e+11 1.94661e+11 1.94661e+11 
0.156 -0.275806 -3.57581 -1.49319 -3.01857 -1.92419 1.5792e+06 2.03751e+16 1.11073e-06 1.07517e-05 2.81113e-19 3.50985e-08 308733 0 0 8.90237e-14 0 0 0.0108827 0 0 0 0 0 0 1.97336e+11 1.97336e+11 1.97336e+11 1.97336e+11 
0.1565 -0.260356 -3.56036 -1.47735 -3.00306 -1.93964 1.60338e+06 2.03395e+16 1.11175e-06 1.07524e-05 2.85677e-19 3.50394e-08 309259 0 0 9.06094e-14 0 0 0.0108827 0 0 0 0 0 0 2.00035e+11 2.00035e+11 2.00035e+11 2.00035e+11 
0.157 -0.24488 -3.54488 -1.46148 -2.98752 -1.95512 1.62782e+06 2.03041e+16 1.11277e-06 1.07531e-05 2.90295e-19 3.49806e-08 309784 0 0 9.22167e-14 0 0 0.0108827 0 0 0 0 0 0 2.0276e+11 2.0276e+11 2.0276e+11 2.0276e+11 
0.1575 -0.229378 -3.52938 -1.44558 -2.97195 -1.97062 1.65252e+06 2.02687e+16 1.11379e-06 1.07538e-05 2.94969e-19 3.4922e-08 310309 0 0 9.38458e-14 0 0 0.0108827 0 0 0 0 0 0 2.05508e+11 2.05508e+11 2.05508e+11 2.05508e+11 
0.158 -0.213849 -3.51385 -1.42966 -2.95635 -1.98615 1.67748e+06 2.02336e+16 1.1148e-06 1.07545e-05 2.99698e-19 3.48638e-08 310832 0 0 9.54971e-14 0 0 0.0108827 0 0 0 0 0 0 2.08282e+11 2.08282e+11 2.08282e+11 2.08282e+11 
0.1585 -0.198295 -3.49829 -1.41372 -2.94073 -2.00171 1.70272e+06 2.01985e+16 1.11582e-06 1.07553e-05 3.04483e-19 3.48059e-08 311355 0 0 9.71705e-14 0 0 0.0108827 0 0 0 0 0 0 2.1108e+11 2.1108e+11 2.1108e+11 2.1108e+11 
0.159 -0.182714 -3.48271 -1.39775 -2.92509 -2.01729 1.72822e+06 2.01637e+16 1.11684e-06 1.07561e-05 3.09324e-19 3.47482e-08 311877 0 0 9.88664e-14 0 0 0.0108827 0 0 0 0 0 0 2.13903e+11 2.13903e+11 2.13903e+11 2.13903e+11 
0.1595 -0.167107 -3.46711 -1.38176 -2.90941 -2.03289 1.75398e+06 2.01289e+16 1.11786e-06 1.07568e-05 3.14222e-19 3.46909e-08 312397 0 0 1.00585e-13 0 0 0.0108827 0 0 0 0 0 0 2.16752e+11 2.16752e+11 2.16752e+11 2.16752e+11 
0.16 -0.151474 -3.45147 -1.36574 -2.89372 -2.04853 1.78002e+06 2.00943e+16 1.11889e-06 1.07577e-05 3.19176e-19 3.46338e-08 312917 0 0 1.02326e-13 0 0 0.0108827 0 0 0 0 0 0 2.19625e+11 2.19625e+11 2.19625e+11 2.19625e+11 
0.1605 -0.135815 -3.43582 -1.3497 -2.87799 -2.06418 1.80633e+06 2.00598e+16 1.11991e-06 1.07585e-05 3.24189e-19 3.4577e-08 313436 0 0 1.04091e-13 0 0 0.0108827 0 0 0 0 0 0 2.22523e+11 2.22523e+11 2.22523e+11 2.22523e+11 
0.161 -0.120131 -3.42013 -1.33363 -2.86224 -2.07987 1.83292e+06 2.00254e+16 1.12093e-06 1.07593e-05 3.29259e-19 3.45205e-08 313954 0 0 1.05879e-13 0 0 0.0108827 0 0 0 0 0 0 2.25447e+11 2.25447e+11 2.25447e+11 2.25447e+11 
0.1615 -0.10442 -3.40442 -1.31754 -2.84647 -2.09558 1.85977e+06 1.99912e+16 1.12195e-06 1.07602e-05 3.34387e-19 3.44643e-08 314472 0 0 1.0769e-13 0 0 0.0108827 0 0 0 0 0 0 2.28396e+11 2.28396e+11 2.28396e+11 2.28396e+11 
0.162 -0.0886834 -3.38868 -1.30143 -2.83067 -2.11132 1.88691e+06 1.99571e+16 1.12298e-06 1.07611e-05 3.39574e-19 3.44084e-08 314988 0 0 1.09525e-13 0 0 0.0108827 0 0 0 0 0 0 2.3137e+11 2.3137e+11 2.3137e+11 2.3137e+11 
0.1625 -0.0729212 -3.37292 -1.28529 -2.81484 -2.12708 1.91432e+06 1.99232e+16 1.124e-06 1.0762e-05 3.4482e-19 3.43527e-08 315503 0 0 1.11383e-13 0 0 0.0108827 0 0 0 0 0 0 2.3437e+11 2.3437e+11 2.3437e+11 2.3437e+11 
0.163 -0.0571331 -3.35713 -1.26913 -2.79899 -2.14287 1.94201e+06 1.98894e+16 1.12503e-06 1.07629e-05 3.50125e-19 3.42973e-08 316018 0 0 1.13266e-13 0 0 0.0108827 0 0 0 0 0 0 2.37395e+11 2.37395e+11 2.37395e+11 2.37395e+11 
0.1635 -0.0413194 -3.34132 -1.25294 -2.78311 -2.15868 1.96998e+06 1.98557e+16 1.12605e-06 1.07638e-05 3.55491e-19 3.42422e-08 316532 0 0 1.15173e-13 0 0 0.0108827 0 0 0 0 0 0 2.40446e+11 2.40446e+11 2.40446e+11 2.40446e+11 
0.164 -0.0254799 -3.32548 -1.23673 -2.7672 -2.17452 1.99823e+06 1.98221e+16 1.12708e-06 1.07648e-05 3.60916e-19 3.41873e-08 317044 0 0 1.17105e-13 0 0 0.0108827 0 0 0 0 0 0 2.43522e+11 2.43522e+11 2.43522e+11 2.43522e+11 
0.1645 -0.00961492 -3.30961 -1.2205 -2.75128 -2.19039 2.02676e+06 1.97887e+16 1.12811e-06 1.07657e-05 3.66402e-19 3.41327e-08 317556 0 0 1.19061e-13 0 0 0.0108827 0 0 0 0 0 0 2.46624e+11 2.46624e+11 2.46624e+11 2.46624e+11 
0.165 0.0062757 -3.29372 -1.20424 -2.73532 -2.20628 2.05558e+06 1.97554e+16 1.12913e-06 1.07667e-05 3.71949e-19 3.40784e-08 318068 0 0 1.21042e-13 0 0 0.0108827 0 0 0 0 0 0 2.49752e+11 2.49752e+11 2.49752e+11 2.49752e+11 
0.1655 0.0221918 -3.27781 -1.18796 -2.71934 -2.22219 2.08469e+06 1.97222e+16 1.13016e-06 1.07677e-05 3.77558e-19 3.40243e-08 318578 0 0 1.23048e-13 0 0 0.0108827 0 0 0 0 0 0 2.52906e+11 2.52906e+11 2.52906e+11 2.52906e+11 
0.166 0.0381335 -3.26187 -1.17165 -2.70334 -2.23813 2.11408e+06 1.96891e+16 1.13119e-06 1.07688e-05 3.83228e-19 3.39705e-08 319087 0 0 1.25079e-13 0 0 0.0108827 0 0 0 0 0 0 2.56086e+11 2.56086e+11 2.56086e+11 2.56086e+11 
0.1665 0.0541006 -3.2459 -1.15532 -2.68731 -2.2541 2.14376e+06 1.96562e+16 1.13222e-06 1.07698e-05 3.8896e-19 3.3917e-08 319596 0 0 1.27136e-13 0 0 0.0108827 0 0 0 0 0 0 2.59292e+11 2.59292e+11 2.59292e+11 2.59292e+11 
0.167 0.0700931 -3.22991 -1.13897 -2.67125 -2.27009 2.17373e+06 1.96234e+16 1.13325e-06 1.07709e-05 3.94755e-19 3.38637e-08 320103 0 0 1.29219e-13 0 0 0.0108827 0 0 0 0 0 0 2.62524e+11 2.62524e+11 2.62524e+11 2.62524e+11 
0.1675 0.0861109 -3.21389 -1.12259 -2.65517 -2.28611 2.20399e+06 1.95907e+16 1.13428e-06 1.07719e-05 4.00614e-19 3.38107e-08 320610 0 0 1.31327e-13 0 0 0.0108827 0 0 0 0 0 0 2.65782e+11 2.65782e+11 2.65782e+11 2.65782e+11 
0.168 0.102154 -3.19785 -1.10619 -2.63906 -2.30215 2.23454e+06 1.95581e+16 1.13531e-06 1.0773e-05 4.06535e-19 3.37579e-08 321116 0 0 1.33462e-13 0 0 0.0108827 0 0 0 0 0 0 2.69067e+11 2.69067e+11 2.69067e+11 2.69067e+11 
0.1685 0.118223 -3.18178 -1.08976 -2.62293 -2.31822 2.26539e+06 1.95257e+16 1.13634e-06 1.07741e-05 4.1252e-19 3.37054e-08 321621 0 0 1.35623e-13 0 0 0.0108827 0 0 0 0 0 0 2.72378e+11 2.72378e+11 2.72378e+11 2.72378e+11 
0.169 0.134316 -3.16568 -1.07331 -2.60678 -2.33432 2.29653e+06 1.94934e+16 1.13737e-06 1.07752e-05 4.1857e-19 3.36531e-08 322126 0 0 1.37811e-13 0 0 0.0108827 0 0 0 0 0 0 2.75715e+11 2.75715e+11 2.75715e+11 2.75715e+11 
0.1695 0.150435 -3.14956 -1.05684 -2.59059 -2.35044 2.32797e+06 1.94612e+16 1.1384e-06 1.07764e-05 4.24683e-19 3.3601e-08 322629 0 0 1.40025e-13 0 0 0.0108827 0 0 0 0 0 0 2.79078e+11 2.79078e+11 2.79078e+11 2.79078e+11 
0.17 0.166579 -3.13342 -1.04034 -2.57439 -2.36658 2.3597e+06 1.94291e+16 1.13944e-06 1.07775e-05 4.30862e-19 3.35492e-08 323132 0 0 1.42266e-13 0 0 0.0108827 0 0 0 0 0 0 2.82468e+11 2.82468e+11 2.82468e+11 2.82468e+11 
0.1705 0.182748 -3.11725 -1.02382 -2.55816 -2.38275 2.39174e+06 1.93971e+16 1.14047e-06 1.07787e-05 4.37107e-19 3.34977e-08 323634 0 0 1.44535e-13 0 0 0.0108827 0 0 0 0 0 0 2.85885e+11 2.85885e+11 2.85885e+11 2.85885e+11 
0.171 0.198943 -3.10106 -1.00728 -2.5419 -2.39894 2.42407e+06 1.93653e+16 1.1415e-06 1.07799e-05 4.43417e-19 3.34464e-08 324135 0 0 1.46831e-13 0 0 0.0108827 0 0 0 0 0 0 2.89328e+11 2.89328e+11 2.89328e+11 2.89328e+11 
0.1715 0.215162 -3.08484 -0.990708 -2.52562 -2.41516 2.45671e+06 1.93336e+16 1.14254e-06 1.07811e-05 4.49793e-19 3.33953e-08 324635 0 0 1.49154e-13 0 0 0.0108827 0 0 0 0 0 0 2.92798e+11 2.92798e+11 2.92798e+11 2.92798e+11 
0.172 0.231406 -3.06859 -0.974116 -2.50931 -2.43141 2.48965e+06 1.93019e+16 1.14357e-06 1.07823e-05 4.56236e-19 3.33445e-08 325134 0 0 1.51505e-13 0 0 0.0108827 0 0 0 0 0 0 2.96295e+11 2.96295e+11 2.96295e+11 2.96295e+11 
0.1725 0.247675 -3.05232 -0.957501 -2.49298 -2.44768 2.5229e+06 1.92704e+16 1.14461e-06 1.07836e-05 4.62745e-19 3.32939e-08 325633 0 0 1.53885e-13 0 0 0.0108827 0 0 0 0 0 0 2.99819e+11 2.99819e+11 2.99819e+11 2.99819e+11 
0.173 0.263969 -3.03603 -0.940863 -2.47663 -2.46397 2.55645e+06 1.92391e+16 1.14565e-06 1.07848e-05 4.69322e-19 3.32436e-08 326131 0 0 1.56292e-13 0 0 0.0108827 0 0 0 0 0 0 3.03369e+11 3.03369e+11 3.03369e+11 3.03369e+11 
0.1735 0.280288 -3.01971 -0.924201 -2.46025 -2.48029 2.5903e+06 1.92078e+16 1.14668e-06 1.07861e-05 4.75967e-19 3.31934e-08 326628 0 0 1.58728e-13 0 0 0.0108827 0 0 0 0 0 0 3.06947e+11 3.06947e+11 3.06947e+11 3.06947e+11 
0.174 0.296632 -3.00337 -0.907516 -2.44384 -2.49663 2.62447e+06 1.91766e+16 1.14772e-06 1.07874e-05 4.8268e-19 3.31435e-08 327124 0 0 1.61193e-13 0 0 0.0108827 0 0 0 0 0 0 3.10551e+11 3.10551e+11 3.10551e+11 3.10551e+11 
0.1745 0.313001 -2.987 -0.890807 -2.42741 -2.513 2.65894e+06 1.91456e+16 1.14876e-06 1.07887e-05 4.89462e-19 3.30939e-08 327619 0 0 1.63687e-13 0 0 0.0108827 0 0 0 0 0 0 3.14183e+11 3.14183e+11 3.14183e+11 3.14183e+11 
0.175 0.329394 -2.97061 -0.874075 -2.41096 -2.52939 2.69373e+06 1.91147e+16 1.1498e-06 1.079e-05 4.96312e-19 3.30444e-08 328113 0 0 1.6621e-13 0 0 0.0108827 0 0 0 0 0 0 3.17842e+11 3.17842e+11 3.17842e+11 3.17842e+11 
0.1755 0.345812 -2.95419 -0.857319 -2.39448 -2.54581 2.72882e+06 1.90838e+16 1.15084e-06 1.07913e-05 5.03232e-19 3.29952e-08 328607 0 0 1.68762e-13 0 0 0.0108827 0 0 0 0 0 0 3.21527e+11 3.21527e+11 3.21527e+11 3.21527e+11 
0.176 0.362255 -2.93775 -0.84054 -2.37797 -2.56225 2.76423e+06 1.90531e+16 1.15187e-06 1.07927e-05 5.10221e-19 3.29462e-08 329100 0 0 1.71343e-13 0 0 0.0108827 0 0 0 0 0 0 3.25241e+11 3.25241e+11 3.25241e+11 3.25241e+11 
0.1765 0.378722 -2.92128 -0.823738 -2.36145 -2.57872 2.79996e+06 1.90225e+16 1.15291e-06 1.0794e-05 5.17281e-19 3.28975e-08 329592 0 0 1.73955e-13 0 0 0.0108827 0 0 0 0 0 0 3.28981e+11 3.28981e+11 3.28981e+11 3.28981e+11 
0.177 0.395214 -2.90479 -0.806913 -2.34489 -2.59521 2.836e+06 1.8992e+16 1.15396e-06 1.07954e-05 5.24411e-19 3.28489e-08 330084 0 0 1.76596e-13 0 0 0.0108827 0 0 0 0 0 0 3.32749e+11 3.32749e+11 3.32749e+11 3.32749e+11 
0.1775 0.41173 -2.88827 -0.790064 -2.32832 -2.61173 2.87236e+06 1.89617e+16 1.155e-06 1.07968e-05 5.31612e-19 3.28006e-08 330574 0 0 1.79268e-13 0 0 0.0108827 0 0 0 0 0 0 3.36544e+11 3.36544e+11 3.36544e+11 3.36544e+11 
0.178 0.428271 -2.87173 -0.773192 -2.31171 -2.62827 2.90903e+06 1.89314e+16 1.15604e-06 1.07982e-05 5.38884e-19 3.27525e-08 331064 0 0 1.8197e-13 0 0 0.0108827 0 0 0 0 0 0 3.40366e+11 3.40366e+11 3.40366e+11 3.40366e+11 
0.1785 0.444837 -2.85516 -0.756298 -2.29509 -2.64484 2.94603e+06 1.89012e+16 1.15708e-06 1.07996e-05 5.46228e-19 3.27046e-08 331553 0 0 1.84702e-13 0 0 0.0108827 0 0 0 0 0 0 3.44217e+11 3.44217e+11 3.44217e+11 3.44217e+11 
0.179 0.461427 -2.83857 -0.739379 -2.27844 -2.66143 2.98334e+06 1.88712e+16 1.15812e-06 1.08011e-05 5.53644e-19 3.2657e-08 332041 0 0 1.87466e-13 0 0 0.0108827 0 0 0 0 0 0 3.48094e+11 3.48094e+11 3.48094e+11 3.48094e+11 
0.1795 0.478041 -2.82196 -0.722438 -2.26176 -2.67804 3.02098e+06 1.88412e+16 1.15917e-06 1.08025e-05 5.61133e-19 3.26095e-08 332529 0 0 1.90261e-13 0 0 0.0108827 0 0 0 0 0 0 3.52e+11 3.52e+11 3.52e+11 3.52e+11 
0.18 0.494679 -2.80532 -0.705474 -2.24507 -2.69468 3.05894e+06 1.88114e+16 1.16021e-06 1.0804e-05 5.68694e-19 3.25622e-08 333015 0 0 1.93087e-13 0 0 0.0108827 0 0 0 0 0 0 3.55932e+11 3.55932e+11 3.55932e+11 3.55932e+11 
0.1805 0.511342 -2.78866 -0.688487 -2.22834 -2.71134 3.09722e+06 1.87816e+16 1.16126e-06 1.08055e-05 5.76329e-19 3.25152e-08 333501 0 0 1.95944e-13 0 0 0.0108827 0 0 0 0 0 0 3.59893e+11 3.59893e+11 3.59893e+11 3.59893e+11 
0.181 0.52803 -2.77197 -0.671477 -2.2116 -2.72803 3.13583e+06 1.8752e+16 1.1623e-06 1.08069e-05 5.84037e-19 3.24684e-08 333986 0 0 1.98833e-13 0 0 0.0108827 0 0 0 0 0 0 3.63882e+11 3.63882e+11 3.63882e+11 3.63882e+11 
0.1815 0.544741 -2.75526 -0.654443 -2.19483 -2.74474 3.17477e+06 1.87224e+16 1.16335e-06 1.08085e-05 5.9182e-19 3.24218e-08 334471 0 0 2.01754e-13 0 0 0.0108827 0 0 0 0 0 0 3.67898e+11 3.67898e+11 3.67898e+11 3.67898e+11 
0.182 0.561477 -2.73852 -0.637387 -2.17803 -2.76148 3.21403e+06 1.8693e+16 1.16439e-06 1.081e-05 5.99677e-19 3.23753e-08 334954 0 0 2.04708e-13 0 0 0.0108827 0 0 0 0 0 0 3.71942e+11 3.71942e+11 3.71942e+11 3.71942e+11 
0.1825 0.578236 -2.72176 -0.620308 -2.16121 -2.77824 3.25362e+06 1.86637e+16 1.16544e-06 1.08115e-05 6.07608e-19 3.23291e-08 335437 0 0 2.07693e-13 0 0 0.0108827 0 0 0 0 0 0 3.76014e+11 3.76014e+11 3.76014e+11 3.76014e+11 
0.183 0.59502 -2.70498 -0.603206 -2.14437 -2.79502 3.29354e+06 1.86345e+16 1.16649e-06 1.08131e-05 6.15615e-19 3.22831e-08 335919 0 0 2.10712e-13 0 0 0.0108827 0 0 0 0 0 0 3.80114e+11 3.80114e+11 3.80114e+11 3.80114e+11 
0.1835 0.611828 -2.68817 -0.586081 -2.1275 -2.81183 3.3338e+06 1.86053e+16 1.16753e-06 1.08146e-05 6.23698e-19 3.22373e-08 336400 0 0 2.13763e-13 0 0 0.0108827 0 0 0 0 0 0 3.84242e+11 3.84242e+11 3.84242e+11 3.84242e+11 
0.184 0.62866 -2.67134 -0.568934 -2.11061 -2.82866 3.37438e+06 1.85763e+16 1.16858e-06 1.08162e-05 6.31857e-19 3.21917e-08 336881 0 0 2.16848e-13 0 0 0.0108827 0 0 0 0 0 0 3.88398e+11 3.88398e+11 3.88398e+11 3.88398e+11 
0.1845 0.645516 -2.65448 -0.551763 -2.0937 -2.84552 3.4153e+06 1.85474e+16 1.16963e-06 1.08178e-05 6.40092e-19 3.21463e-08 337361 0 0 2.19965e-13 0 0 0.0108827 0 0 0 0 0 0 3.92582e+11 3.92582e+11 3.92582e+11 3.92582e+11 
0.185 0.662396 -2.6376 -0.53457 -2.07676 -2.8624 3.45655e+06 1.85185e+16 1.17068e-06 1.08194e-05 6.48403e-19 3.21011e-08 337840 0 0 2.23116e-13 0 0 0.0108827 0 0 0 0 0 0 3.96794e+11 3.96794e+11 3.96794e+11 3.96794e+11 
0.1855 0.6793 -2.6207 -0.517354 -2.05979 -2.8793 3.49814e+06 1.84898e+16 1.17173e-06 1.0821e-05 6.56792e-19 3.20561e-08 338318 0 0 2.26301e-13 0 0 0.0108827 0 0 0 0 0 0 4.01035e+11 4.01035e+11 4.01035e+11 4.01035e+11 
0.186 0.696228 -2.60377 -0.500116 -2.04281 -2.89623 3.54007e+06 1.84612e+16 1.17278e-06 1.08226e-05 6.65259e-19 3.20113e-08 338796 0 0 2.2952e-13 0 0 0.0108827 0 0 0 0 0 0 4.05303e+11 4.05303e+11 4.05303e+11 4.05303e+11 
0.1865 0.71318 -2.58682 -0.482855 -2.0258 -2.91318 3.58233e+06 1.84326e+16 1.17383e-06 1.08243e-05 6.73803e-19 3.19666e-08 339273 0 0 2.32773e-13 0 0 0.0108827 0 0 0 0 0 0 4.096e+11 4.096e+11 4.096e+11 4.096e+11 
0.187 0.730156 -2.56984 -0.465571 -2.00876 -2.93016 3.62494e+06 1.84042e+16 1.17488e-06 1.08259e-05 6.82426e-19 3.19222e-08 339749 0 0 2.36061e-13 0 0 0.0108827 0 0 0 0 0 0 4.13925e+11 4.13925e+11 4.13925e+11 4.13925e+11 
0.1875 0.747155 -2.55285 -0.448264 -1.99171 -2.94715 3.66788e+06 1.83759e+16 1.17593e-06 1.08276e-05 6.91128e-19 3.1878e-08 340224 0 0 2.39383e-13 0 0 0.0108827 0 0 0 0 0 0 4.18279e+11 4.18279e+11 4.18279e+11 4.18279e+11 
0.188 0.764178 -2.53582 -0.430935 -1.97463 -2.96418 3.71116e+06 1.83476e+16 1.17698e-06 1.08293e-05 6.99908e-19 3.18339e-08 340699 0 0 2.4274e-13 0 0 0.0108827 0 0 0 0 0 0 4.22661e+11 4.22661e+11 4.22661e+11 4.22661e+11 
0.1885 0.781225 -2.51878 -0.413583 -1.95752 -2.98122 3.75479e+06 1.83195e+16 1.17804e-06 1.0831e-05 7.08768e-19 3.17901e-08 341173 0 0 2.46133e-13 0 0 0.0108827 0 0 0 0 0 0 4.27071e+11 4.27071e+11 4.27071e+11 4.27071e+11 
0.189 0.798295 -2.5017 -0.396209 -1.94039 -2.9983 3.79876e+06 1.82914e+16 1.17909e-06 1.08327e-05 7.17709e-19 3.17464e-08 341646 0 0 2.4956e-13 0 0 0.0108827 0 0 0 0 0 0 4.3151e+11 4.3151e+11 4.3151e+11 4.3151e+11 
0.1895 0.815389 -2.48461 -0.378813 -1.92324 -3.01539 3.84308e+06 1.82634e+16 1.18014e-06 1.08344e-05 7.26729e-19 3.17029e-08 342118 0 0 2.53023e-13 0 0 0.0108827 0 0 0 0 0 0 4.35977e+11 4.35977e+11 4.35977e+11 4.35977e+11 
0.19 0.832507 -2.46749 -0.361394 -1.90607 -3.03251 3.88774e+06 1.82356e+16 1.1812e-06 1.08362e-05 7.3583e-19 3.16596e-08 342590 0 0 2.56522e-13 0 0 0.0108827 0 0 0 0 0 0 4.40472e+11 4.40472e+11 4.40472e+11 4.40472e+11 
0.1905 0.849648 -2.45035 -0.343952 -1.88887 -3.04965 3.93274e+06 1.82078e+16 1.18225e-06 1.08379e-05 7.45012e-19 3.16164e-08 343061 0 0 2.60057e-13 0 0 0.0108827 0 0 0 0 0 0 4.44996e+11 4.44996e+11 4.44996e+11 4.44996e+11 
0.191 0.866813 -2.43319 -0.326488 -1.87164 -3.06681 3.9781e+06 1.81801e+16 1.18331e-06 1.08397e-05 7.54275e-19 3.15734e-08 343532 0 0 2.63629e-13 0 0 0.0108827 0 0 0 0 0 0 4.49549e+11 4.49549e+11 4.49549e+11 4.49549e+11 
0.1915 0.884002 -2.416 -0.309002 -1.8544 -3.084 4.0238e+06 1.81525e+16 1.18436e-06 1.08414e-05 7.63621e-19 3.15306e-08 344001 0 0 2.67236e-13 0 0 0.0108827 0 0 0 0 0 0 4.54129e+11 4.54129e+11 4.54129e+11 4.54129e+11 
0.192 0.901213 -2.39879 -0.291493 -1.83713 -3.10121 4.06985e+06 1.81249e+16 1.18542e-06 1.08432e-05 7.73048e-19 3.14879e-08 344470 0 0 2.70881e-13 0 0 0.0108827 0 0 0 0 0 0 4.58737e+11 4.58737e+11 4.58737e+11 4.58737e+11 
0.1925 0.918449 -2.38155 -0.273962 -1.81984 -3.11845 4.11625e+06 1.80974e+16 1.18648e-06 1.0845e-05 7.82558e-19 3.14451e-08 344938 0 0 2.74562e-13 0 0 0.0108827 0 0 0 0 0 0 4.63371e+11 4.63371e+11 4.63371e+11 4.63371e+11 
0.193 0.935707 -2.36429 -0.256409 -1.80252 -3.13571 4.16301e+06 1.80698e+16 1.18754e-06 1.08467e-05 7.92151e-19 3.14023e-08 345406 0 0 2.7828e-13 0 0 0.0108827 0 0 0 0 0 0 4.68029e+11 4.68029e+11 4.68029e+11 4.68029e+11 
0.1935 0.952989 -2.34701 -0.238833 -1.78518 -3.15299 4.21011e+06 1.80421e+16 1.18859e-06 1.08484e-05 8.01827e-19 3.1359e-08 345872 0 0 2.82036e-13 0 0 0.0108827 0 0 0 0 0 0 4.72707e+11 4.72707e+11 4.72707e+11 4.72707e+11 
0.194 0.970294 -2.32971 -0.221236 -1.76782 -3.17029 4.25757e+06 1.80139e+16 1.18965e-06 1.085e-05 8.11587e-19 3.13146e-08 346338 0 0 2.85829e-13 0 0 0.0108827 0 0 0 0 0 0 4.77394e+11 4.77394e+11 4.77394e+11 4.77394e+11 
0.1945 0.987623 -2.31238 -0.203616 -1.75043 -3.18762 4.30538e+06 1.79849e+16 1.19071e-06 1.08513e-05 8.2143e-19 3.1268e-08 346804 0 0 2.8966e-13 0 0 0.0108827 0 0 0 0 0 0 4.82073e+11 4.82073e+11 4.82073e+11 4.82073e+11 
0.195 1.00497 -2.29503 -0.185974 -1.73301 -3.20497 4.35355e+06 1.7954e+16 1.19177e-06 1.08521e-05 8.31357e-19 3.12166e-08 347268 0 0 2.93528e-13 0 0 0.0108827 0 0 0 0 0 0 4.86703e+11 4.86703e+11 4.86703e+11 4.86703e+11 
0.1955 1.02235 -2.27765 -0.16831 -1.71556 -3.22235 4.40205e+06 1.79193e+16 1.19283e-06 1.08519e-05 8.41366e-19 3.11556e-08 347732 0 0 2.97432e-13 0 0 0.0108827 0 0 0 0 0 0 4.91208e+11 4.91208e+11 4.91208e+11 4.91208e+11 
0.196 1.03975 -2.26025 -0.150624 -1.69808 -3.23975 4.4509e+06 1.78767e+16 1.19389e-06 1.08496e-05 8.51456e-19 3.10751e-08 348195 0 0 3.01371e-13 0 0 0.0108827 0 0 0 0 0 0 4.95429e+11 4.95429e+11 4.95429e+11 4.95429e+11 
0.1965 1.05717 -2.24283 -0.132916 -1.68053 -3.25717 4.50006e+06 1.78185e+16 1.19495e-06 1.08431e-05 8.61622e-19 3.09553e-08 348656 0 0 3.05341e-13 0 0 0.0108827 0 0 0 0 0 0 4.99044e+11 4.99044e+11 4.99044e+11 4.99044e+11 
0.197 1.07461 -2.22539 -0.115186 -1.6629 -3.27461 4.54949e+06 1.77286e+16 1.196e-06 1.08282e-05 8.71855e-19 3.07569e-08 349115 0 0 3.09335e-13 0 0 0.0108827 0 0 0 0 0 0 5.01405e+11 5.01405e+11 5.01405e+11 5.01405e+11 
0.1975 1.09208 -2.20792 -0.0974363 -1.6451 -3.29208 4.5991e+06 1.75751e+16 1.19705e-06 1.07962e-05 8.82136e-19 3.04005e-08 349572 0 0 3.13338e-13 0 0 0.0108827 0 0 0 0 0 0 5.0119e+11 5.0119e+11 5.0119e+11 5.0119e+11 
0.198 1.10957 -2.19043 -0.0796663 -1.627 -3.30957 4.64872e+06 1.72924e+16 1.19761e-06 1.07252e-05 8.92072e-19 2.97146e-08 349799 0 0 3.15339e-13 0 0 0.0108827 0 0 0 0 0 0 4.95518e+11 4.95518e+11 4.95518e+11 4.95518e+11 
0.198 1.10957 -2.19043 -0.0796663 -1.627 -3.30957 4.64872e+06 1.72924e+16 1.19848e-06 1.0733e-05 8.92719e-19 2.97361e-08 350205 0 0 3.18938e-13 0 0 0.0108827 0 0 0 0 0 0 4.95878e+11 4.95878e+11 4.95878e+11 4.95878e+11 
0.198409 1.12391 -2.17609 -0.0651044 -1.61176 -3.32391 4.68907e+06 1.68812e+16 1.1989e-06 1.06254e-05 9.00778e-19 2.87382e-08 350384 0 0 3.2052e-13 0 0 0.0108827 0 0 0 0 0 0 4.83904e+11 4.83904e+11 4.83904e+11 4.83904e+11 
0.198752 1.13591 -2.16409 -0.0529199 -1.59849 -3.33591 4.72233e+06 1.63168e+16 1.19958e-06 1.04773e-05 9.07686e-19 2.73901e-08 350678 0 0 3.23115e-13 0 0 0.0108827 0 0 0 0 0 0 4.65169e+11 4.65169e+11 4.65169e+11 4.65169e+11 
0.199038 1.14595 -2.15405 -0.0427274 -1.58675 -3.34595 4.74952e+06 1.55929e+16 1.20014e-06 1.02816e-05 9.13333e-19 2.5686e-08 350914 0 0 3.25183e-13 0 0 0.0108827 0 0 0 0 0 0 4.39619e+11 4.39619e+11 4.39619e+11 4.39619e+11 
0.199277 1.15435 -2.14565 -0.0342032 -1.57619 -3.35435 4.77158e+06 1.47175e+16 1.20058e-06 1.0038e-05 9.17912e-19 2.36697e-08 351102 0 0 3.26804e-13 0 0 0.0108826 0 0 0 0 0 0 4.08039e+11 4.08039e+11 4.08039e+11 4.08039e+11 
0.199478 1.16138 -2.13862 -0.0270757 -1.56653 -3.36138 4.78934e+06 1.37097e+16 1.20092e-06 9.74904e-06 9.21594e-19 2.14141e-08 351249 0 0 3.2805e-13 0 0 0.0108826 0 0 0 0 0 0 3.71714e+11 3.71714e+11 3.71714e+11 3.71714e+11 
0.199645 1.16727 -2.13273 -0.0211168 -1.55751 -3.36727 4.80356e+06 1.25957e+16 1.20119e-06 9.41862e-06 9.24536e-19 1.90073e-08 351363 0 0 3.28991e-13 0 0 0.0108825 0 0 0 0 0 0 3.32198e+11 3.32198e+11 3.32198e+11 3.32198e+11 
0.199785 1.17219 -2.12781 -0.0161356 -1.54894 -3.37219 4.81487e+06 1.14049e+16 1.2014e-06 9.05136e-06 9.26873e-19 1.65393e-08 351449 0 0 3.29688e-13 0 0 0.0108823 0 0 0 0 0 0 2.91079e+11 2.91079e+11 2.91079e+11 2.91079e+11 
0.199902 1.1763 -2.1237 -0.0119719 -1.54062 -3.3763 4.82385e+06 1.01659e+16 1.20156e-06 8.65162e-06 9.28721e-19 1.40914e-08 351515 0 0 3.30194e-13 0 0 0.010882 0 0 0 0 0 0 2.4981e+11 2.4981e+11 2.4981e+11 2.4981e+11 
0.2 1.17974 -2.12026 -0.00849167 -1.53237 -3.37974 4.83096e+06 8.9043e+15 1.20163e-06 8.22235e-06 9.30145e-19 1.17302e-08 351540 0 0 3.30389e-13 0 0 0.0108818 0 0 0 0 0 0 2.09585e+11 2.09585e+11 2.09585e+11 2.09585e+11 