# ASCII 1D datafile generated by TiberCAD
# x Ec Ev eQFermi hQFermi ElPotential eDensity hDensity eMobility hMobility eConductivity hConductivity ElField_x ElField_y ElField_z eCurrentDensity_x eCurrentDensity_y eCurrentDensity_z hCurrentDensity_x hCurrentDensity_y hCurrentDensity_z IonizedDonors IonizedAcceptors IonizedElectronTraps IonizedHoleTraps eNetRecombination eLangevinRecombination hNetRecombination hLangevinRecombination 
0 1.325 -1.975 -0.254416 -1.47556 -3.525 1.36304 8.71316e+16 8.50013e-07 1.77986e-05 8.02945e-23 2.4847e-07 -57759.5 0 0 6.91165e-20 0 0 8.15022e-06 0 0 0 0 0 0 1.14505e+06 1.14505e+06 1.14505e+06 1.14505e+06 
9.79066e-05 1.32443 -1.97557 -0.254408 -1.47556 -3.52443 1.39362 8.5959e+16 8.49955e-07 1.76556e-05 8.02986e-23 2.43155e-07 -57541.9 0 0 7.00037e-20 0 0 8.15022e-06 0 0 0 0 0 0 1.14612e+06 1.14612e+06 1.14612e+06 1.14612e+06 
0.000214985 1.32376 -1.97624 -0.254398 -1.47556 -3.52376 1.43079 8.45874e+16 8.49824e-07 1.74864e-05 8.03036e-23 2.36982e-07 -57025.7 0 0 7.21266e-20 0 0 8.15022e-06 0 0 0 0 0 0 1.14732e+06 1.14732e+06 1.14732e+06 1.14732e+06 
0.000354988 1.32297 -1.97703 -0.254385 -1.47556 -3.52297 1.47612 8.29895e+16 8.49673e-07 1.72886e-05 8.03098e-23 2.29876e-07 -56419.3 0 0 7.46683e-20 0 0 8.15022e-06 0 0 0 0 0 0 1.14877e+06 1.14877e+06 1.14877e+06 1.14877e+06 
0.000522406 1.32203 -1.97797 -0.254369 -1.47556 -3.52203 1.53159 8.1137e+16 8.49497e-07 1.70583e-05 8.03173e-23 2.21751e-07 -55709 0 0 7.77119e-20 0 0 8.15022e-06 0 0 0 0 0 0 1.15053e+06 1.15053e+06 1.15053e+06 1.15053e+06 
0.000722606 1.32092 -1.97908 -0.254349 -1.47556 -3.52092 1.59977 7.90015e+16 8.49296e-07 1.67916e-05 8.03265e-23 2.12539e-07 -54880.2 0 0 8.13578e-20 0 0 8.15022e-06 0 0 0 0 0 0 1.15268e+06 1.15268e+06 1.15268e+06 1.15268e+06 
0.000962009 1.31962 -1.98038 -0.254324 -1.47556 -3.51962 1.68397 7.6556e+16 8.49067e-07 1.64844e-05 8.03379e-23 2.02192e-07 -53917.5 0 0 8.57269e-20 0 0 8.15022e-06 0 0 0 0 0 0 1.15529e+06 1.15529e+06 1.15529e+06 1.15529e+06 
0.00124829 1.31809 -1.98191 -0.254293 -1.47556 -3.51809 1.78855 7.3777e+16 8.48808e-07 1.61328e-05 8.03521e-23 1.90696e-07 -52805 0 0 9.09648e-20 0 0 8.15022e-06 0 0 0 0 0 0 1.1585e+06 1.1585e+06 1.1585e+06 1.1585e+06 
0.00159063 1.31631 -1.98369 -0.254253 -1.47556 -3.51631 1.91931 7.06472e+16 8.48519e-07 1.57335e-05 8.03697e-23 1.78086e-07 -51526.9 0 0 9.72481e-20 0 0 8.15022e-06 0 0 0 0 0 0 1.16244e+06 1.16244e+06 1.16244e+06 1.16244e+06 
0.002 1.31423 -1.98577 -0.254201 -1.47555 -3.51423 2.08403 6.71584e+16 8.4838e-07 1.5287e-05 8.03921e-23 1.64487e-07 -50779.3 0 0 1.01011e-19 0 0 8.15022e-06 0 0 0 0 0 0 1.16755e+06 1.16755e+06 1.16755e+06 1.16755e+06 
0.002 1.31423 -1.98577 -0.254201 -1.47555 -3.51423 2.08403 6.71584e+16 8.48014e-07 1.52804e-05 8.0392e-23 1.64416e-07 -49200.6 0 0 1.09406e-19 0 0 8.15022e-06 0 0 0 0 0 0 1.16705e+06 1.16705e+06 1.16705e+06 1.16705e+06 
0.0025 1.31177 -1.98823 -0.254133 -1.47555 -3.51177 2.29795 6.32364e+16 8.47861e-07 1.47721e-05 8.0421e-23 1.49665e-07 -48383.2 0 0 1.14047e-19 0 0 8.15022e-06 0 0 0 0 0 0 1.17349e+06 1.17349e+06 1.17349e+06 1.17349e+06 
0.003 1.30939 -1.99061 -0.254059 -1.47555 -3.50939 2.52639 5.96477e+16 8.4754e-07 1.42972e-05 8.04519e-23 1.36633e-07 -46795 0 0 1.23354e-19 0 0 8.15022e-06 0 0 0 0 0 0 1.17992e+06 1.17992e+06 1.17992e+06 1.17992e+06 
0.0035 1.30709 -1.99291 -0.25398 -1.47555 -3.50709 2.7699 5.63561e+16 8.47249e-07 1.38556e-05 8.04848e-23 1.25106e-07 -45295.6 0 0 1.32714e-19 0 0 8.15022e-06 0 0 0 0 0 0 1.18659e+06 1.18659e+06 1.18659e+06 1.18659e+06 
0.004 1.30486 -1.99514 -0.253894 -1.47554 -3.50486 3.02901 5.33301e+16 8.46985e-07 1.3444e-05 8.05199e-23 1.14871e-07 -43877.9 0 0 1.42127e-19 0 0 8.15023e-06 0 0 0 0 0 0 1.19352e+06 1.19352e+06 1.19352e+06 1.19352e+06 
0.0045 1.3027 -1.9973 -0.253803 -1.47554 -3.5027 3.30429 5.05423e+16 8.46745e-07 1.30596e-05 8.05571e-23 1.05753e-07 -42535.3 0 0 1.51597e-19 0 0 8.15023e-06 0 0 0 0 0 0 1.20071e+06 1.20071e+06 1.20071e+06 1.20071e+06 
0.005 1.30061 -1.99939 -0.253706 -1.47553 -3.50061 3.59631 4.79686e+16 8.46526e-07 1.26997e-05 8.05966e-23 9.76026e-08 -41262.1 0 0 1.61125e-19 0 0 8.15023e-06 0 0 0 0 0 0 1.20816e+06 1.20816e+06 1.20816e+06 1.20816e+06 
0.0055 1.29858 -2.00142 -0.253603 -1.47553 -3.49858 3.90565 4.55878e+16 8.46326e-07 1.23623e-05 8.06384e-23 9.02939e-08 -40052.8 0 0 1.70714e-19 0 0 8.15023e-06 0 0 0 0 0 0 1.21589e+06 1.21589e+06 1.21589e+06 1.21589e+06 
0.006 1.2966 -2.0034 -0.253495 -1.47552 -3.4966 4.23291 4.33815e+16 8.46144e-07 1.20453e-05 8.06827e-23 8.37207e-08 -38902.9 0 0 1.80365e-19 0 0 8.15023e-06 0 0 0 0 0 0 1.22388e+06 1.22388e+06 1.22388e+06 1.22388e+06 
0.0065 1.29469 -2.00531 -0.25338 -1.47552 -3.49469 4.5787 4.13332e+16 8.45976e-07 1.1747e-05 8.07294e-23 7.77923e-08 -37808 0 0 1.9008e-19 0 0 8.15023e-06 0 0 0 0 0 0 1.23215e+06 1.23215e+06 1.23215e+06 1.23215e+06 
0.007 1.29282 -2.00718 -0.253259 -1.47551 -3.49282 4.94367 3.94284e+16 8.45823e-07 1.14658e-05 8.07788e-23 7.2431e-08 -36764.1 0 0 1.99862e-19 0 0 8.15024e-06 0 0 0 0 0 0 1.2407e+06 1.2407e+06 1.2407e+06 1.2407e+06 
0.0075 1.29101 -2.00899 -0.253132 -1.47551 -3.49101 5.32846 3.76541e+16 8.45683e-07 1.12004e-05 8.08308e-23 6.75701e-08 -35767.8 0 0 2.09713e-19 0 0 8.15024e-06 0 0 0 0 0 0 1.24954e+06 1.24954e+06 1.24954e+06 1.24954e+06 
0.008 1.28925 -2.01075 -0.253 -1.4755 -3.48925 5.73373 3.59988e+16 8.45554e-07 1.09494e-05 8.08856e-23 6.31523e-08 -34815.8 0 0 2.19635e-19 0 0 8.15024e-06 0 0 0 0 0 0 1.25868e+06 1.25868e+06 1.25868e+06 1.25868e+06 
0.0085 1.28753 -2.01247 -0.252861 -1.4755 -3.48753 6.16018 3.44522e+16 8.45436e-07 1.07118e-05 8.09432e-23 5.91277e-08 -33905.3 0 0 2.29631e-19 0 0 8.15024e-06 0 0 0 0 0 0 1.26812e+06 1.26812e+06 1.26812e+06 1.26812e+06 
0.009 1.28586 -2.01414 -0.252716 -1.47549 -3.48586 6.60852 3.30051e+16 8.45327e-07 1.04866e-05 8.10039e-23 5.54532e-08 -33033.4 0 0 2.39702e-19 0 0 8.15024e-06 0 0 0 0 0 0 1.27786e+06 1.27786e+06 1.27786e+06 1.27786e+06 
0.0095 1.28423 -2.01577 -0.252565 -1.47548 -3.48423 7.07949 3.16493e+16 8.45226e-07 1.02728e-05 8.10675e-23 5.20913e-08 -32197.7 0 0 2.49852e-19 0 0 8.15025e-06 0 0 0 0 0 0 1.28792e+06 1.28792e+06 1.28792e+06 1.28792e+06 
0.01 1.28264 -2.01736 -0.252408 -1.47547 -3.48264 7.57383 3.03774e+16 8.45134e-07 1.00697e-05 8.11344e-23 4.90089e-08 -31396 0 0 2.60082e-19 0 0 8.15025e-06 0 0 0 0 0 0 1.2983e+06 1.2983e+06 1.2983e+06 1.2983e+06 
0.0105 1.28109 -2.01891 -0.252244 -1.47546 -3.48109 8.09234 2.91825e+16 8.45049e-07 9.87636e-06 8.12045e-23 4.61775e-08 -30626.2 0 0 2.70396e-19 0 0 8.15025e-06 0 0 0 0 0 0 1.30901e+06 1.30901e+06 1.30901e+06 1.30901e+06 
0.011 1.27957 -2.02043 -0.252075 -1.47546 -3.47957 8.63583 2.80588e+16 8.44971e-07 9.69225e-06 8.12779e-23 4.35717e-08 -29886.3 0 0 2.80795e-19 0 0 8.15025e-06 0 0 0 0 0 0 1.32006e+06 1.32006e+06 1.32006e+06 1.32006e+06 
0.0115 1.2781 -2.0219 -0.251899 -1.47545 -3.4781 9.20513 2.70007e+16 8.44899e-07 9.5167e-06 8.13549e-23 4.11691e-08 -29174.7 0 0 2.91283e-19 0 0 8.15026e-06 0 0 0 0 0 0 1.33145e+06 1.33145e+06 1.33145e+06 1.33145e+06 
0.012 1.27666 -2.02334 -0.251717 -1.47544 -3.47666 9.80112 2.60032e+16 8.44833e-07 9.34915e-06 8.14355e-23 3.89502e-08 -28489.6 0 0 3.01862e-19 0 0 8.15026e-06 0 0 0 0 0 0 1.3432e+06 1.3432e+06 1.3432e+06 1.3432e+06 
0.0125 1.27525 -2.02475 -0.251528 -1.47542 -3.47525 10.4247 2.5062e+16 8.44772e-07 9.18908e-06 8.15198e-23 3.68975e-08 -27829.6 0 0 3.12535e-19 0 0 8.15026e-06 0 0 0 0 0 0 1.35531e+06 1.35531e+06 1.35531e+06 1.35531e+06 
0.013 1.27387 -2.02613 -0.251333 -1.47541 -3.47387 11.0768 2.41728e+16 8.44716e-07 9.036e-06 8.16079e-23 3.49956e-08 -27193.2 0 0 3.23305e-19 0 0 8.15027e-06 0 0 0 0 0 0 1.3678e+06 1.3678e+06 1.3678e+06 1.3678e+06 
0.0135 1.27253 -2.02747 -0.251132 -1.4754 -3.47253 11.7584 2.33319e+16 8.44664e-07 8.88949e-06 8.17001e-23 3.32305e-08 -26579.2 0 0 3.34175e-19 0 0 8.15027e-06 0 0 0 0 0 0 1.38067e+06 1.38067e+06 1.38067e+06 1.38067e+06 
0.014 1.27122 -2.02878 -0.250924 -1.47539 -3.47122 12.4705 2.2536e+16 8.44617e-07 8.74914e-06 8.17964e-23 3.15902e-08 -25986.4 0 0 3.45147e-19 0 0 8.15027e-06 0 0 0 0 0 0 1.39393e+06 1.39393e+06 1.39393e+06 1.39393e+06 
0.0145 1.26993 -2.03007 -0.25071 -1.47538 -3.46993 13.2141 2.17818e+16 8.44573e-07 8.61459e-06 8.18969e-23 3.00635e-08 -25413.6 0 0 3.56226e-19 0 0 8.15028e-06 0 0 0 0 0 0 1.4076e+06 1.4076e+06 1.4076e+06 1.4076e+06 
0.015 1.26867 -2.03133 -0.250489 -1.47536 -3.46867 13.9904 2.10667e+16 8.44533e-07 8.48548e-06 8.20019e-23 2.86407e-08 -24859.7 0 0 3.67414e-19 0 0 8.15028e-06 0 0 0 0 0 0 1.42168e+06 1.42168e+06 1.42168e+06 1.42168e+06 
0.0155 1.26744 -2.03256 -0.250262 -1.47535 -3.46744 14.8005 2.03879e+16 8.44497e-07 8.36151e-06 8.21114e-23 2.73129e-08 -24323.9 0 0 3.78714e-19 0 0 8.15028e-06 0 0 0 0 0 0 1.43619e+06 1.43619e+06 1.43619e+06 1.43619e+06 
0.016 1.26624 -2.03376 -0.250028 -1.47533 -3.46624 15.6455 1.97431e+16 8.44463e-07 8.24237e-06 8.22256e-23 2.60722e-08 -23805.2 0 0 3.9013e-19 0 0 8.15029e-06 0 0 0 0 0 0 1.45114e+06 1.45114e+06 1.45114e+06 1.45114e+06 
0.0165 1.26506 -2.03494 -0.249788 -1.47532 -3.46506 16.5267 1.913e+16 8.44433e-07 8.12782e-06 8.23448e-23 2.49114e-08 -23302.8 0 0 4.01665e-19 0 0 8.15029e-06 0 0 0 0 0 0 1.46654e+06 1.46654e+06 1.46654e+06 1.46654e+06 
0.017 1.26391 -2.03609 -0.24954 -1.4753 -3.46391 17.4453 1.85466e+16 8.44405e-07 8.01758e-06 8.2469e-23 2.38242e-08 -22815.8 0 0 4.13323e-19 0 0 8.1503e-06 0 0 0 0 0 0 1.48241e+06 1.48241e+06 1.48241e+06 1.48241e+06 
0.0175 1.26278 -2.03722 -0.249287 -1.47528 -3.46278 18.4027 1.79911e+16 8.4438e-07 7.91143e-06 8.25984e-23 2.28046e-08 -22343.6 0 0 4.25107e-19 0 0 8.1503e-06 0 0 0 0 0 0 1.49875e+06 1.49875e+06 1.49875e+06 1.49875e+06 
0.018 1.26168 -2.03832 -0.249026 -1.47526 -3.46168 19.4003 1.74616e+16 8.44357e-07 7.80915e-06 8.27333e-23 2.18474e-08 -21885.3 0 0 4.37022e-19 0 0 8.1503e-06 0 0 0 0 0 0 1.51558e+06 1.51558e+06 1.51558e+06 1.51558e+06 
0.0185 1.26059 -2.03941 -0.248758 -1.47524 -3.46059 20.4395 1.69567e+16 8.44336e-07 7.71054e-06 8.28738e-23 2.09477e-08 -21440.5 0 0 4.49071e-19 0 0 8.15031e-06 0 0 0 0 0 0 1.53292e+06 1.53292e+06 1.53292e+06 1.53292e+06 
0.019 1.25953 -2.04047 -0.248484 -1.47522 -3.45953 21.5218 1.64749e+16 8.44318e-07 7.61541e-06 8.30202e-23 2.01013e-08 -21008.4 0 0 4.61259e-19 0 0 8.15031e-06 0 0 0 0 0 0 1.55078e+06 1.55078e+06 1.55078e+06 1.55078e+06 
0.0195 1.25849 -2.04151 -0.248203 -1.4752 -3.45849 22.6488 1.60147e+16 8.44302e-07 7.52358e-06 8.31726e-23 1.93042e-08 -20588.5 0 0 4.73588e-19 0 0 8.15032e-06 0 0 0 0 0 0 1.56918e+06 1.56918e+06 1.56918e+06 1.56918e+06 
0.02 1.25747 -2.04253 -0.247915 -1.47518 -3.45747 23.8221 1.55748e+16 8.44287e-07 7.43489e-06 8.33312e-23 1.85528e-08 -20180.2 0 0 4.86064e-19 0 0 8.15032e-06 0 0 0 0 0 0 1.58812e+06 1.58812e+06 1.58812e+06 1.58812e+06 
0.0205 1.25647 -2.04353 -0.247619 -1.47516 -3.45647 25.0434 1.51543e+16 8.44274e-07 7.34919e-06 8.34964e-23 1.78437e-08 -19783 0 0 4.98692e-19 0 0 8.15033e-06 0 0 0 0 0 0 1.60764e+06 1.60764e+06 1.60764e+06 1.60764e+06 
0.021 1.2555 -2.0445 -0.247317 -1.47514 -3.4555 26.3146 1.47518e+16 8.44263e-07 7.26633e-06 8.36683e-23 1.7174e-08 -19396.4 0 0 5.11474e-19 0 0 8.15033e-06 0 0 0 0 0 0 1.62775e+06 1.62775e+06 1.62775e+06 1.62775e+06 
0.0215 1.25454 -2.04546 -0.247008 -1.47511 -3.45454 27.6374 1.43664e+16 8.44254e-07 7.18618e-06 8.38472e-23 1.65408e-08 -19020.1 0 0 5.24417e-19 0 0 8.15034e-06 0 0 0 0 0 0 1.64846e+06 1.64846e+06 1.64846e+06 1.64846e+06 
0.022 1.25359 -2.04641 -0.246692 -1.47509 -3.45359 29.0138 1.39972e+16 8.44246e-07 7.10861e-06 8.40333e-23 1.59418e-08 -18653.5 0 0 5.37525e-19 0 0 8.15035e-06 0 0 0 0 0 0 1.66979e+06 1.66979e+06 1.66979e+06 1.66979e+06 
0.0225 1.25267 -2.04733 -0.246369 -1.47506 -3.45267 30.4459 1.36433e+16 8.44239e-07 7.0335e-06 8.4227e-23 1.53745e-08 -18296.2 0 0 5.50803e-19 0 0 8.15035e-06 0 0 0 0 0 0 1.69177e+06 1.69177e+06 1.69177e+06 1.69177e+06 
0.023 1.25176 -2.04824 -0.246038 -1.47503 -3.45176 31.9357 1.33038e+16 8.44234e-07 6.96074e-06 8.44285e-23 1.48368e-08 -17947.9 0 0 5.64255e-19 0 0 8.15036e-06 0 0 0 0 0 0 1.71441e+06 1.71441e+06 1.71441e+06 1.71441e+06 
0.0235 1.25088 -2.04912 -0.2457 -1.47501 -3.45088 33.4854 1.29779e+16 8.4423e-07 6.89022e-06 8.46381e-23 1.43268e-08 -17608.2 0 0 5.77888e-19 0 0 8.15036e-06 0 0 0 0 0 0 1.73774e+06 1.73774e+06 1.73774e+06 1.73774e+06 
0.024 1.25 -2.05 -0.245355 -1.47498 -3.45 35.0974 1.2665e+16 8.44227e-07 6.82185e-06 8.48561e-23 1.38426e-08 -17276.8 0 0 5.91707e-19 0 0 8.15037e-06 0 0 0 0 0 0 1.76177e+06 1.76177e+06 1.76177e+06 1.76177e+06 
0.0245 1.24915 -2.05085 -0.245003 -1.47495 -3.44915 36.7741 1.23644e+16 8.44225e-07 6.75552e-06 8.50829e-23 1.33827e-08 -16953.3 0 0 6.05717e-19 0 0 8.15038e-06 0 0 0 0 0 0 1.78653e+06 1.78653e+06 1.78653e+06 1.78653e+06 
0.025 1.24831 -2.05169 -0.244643 -1.47492 -3.44831 38.518 1.20755e+16 8.44225e-07 6.69116e-06 8.53188e-23 1.29454e-08 -16637.4 0 0 6.19924e-19 0 0 8.15038e-06 0 0 0 0 0 0 1.81204e+06 1.81204e+06 1.81204e+06 1.81204e+06 
0.0255 1.24748 -2.05252 -0.244276 -1.47488 -3.44748 40.3318 1.17975e+16 8.44226e-07 6.62868e-06 8.55641e-23 1.25294e-08 -16328.9 0 0 6.34335e-19 0 0 8.15039e-06 0 0 0 0 0 0 1.83832e+06 1.83832e+06 1.83832e+06 1.83832e+06 
0.026 1.24667 -2.05333 -0.243902 -1.47485 -3.44667 42.2181 1.15301e+16 8.44227e-07 6.568e-06 8.58192e-23 1.21333e-08 -16027.3 0 0 6.48954e-19 0 0 8.1504e-06 0 0 0 0 0 0 1.86541e+06 1.86541e+06 1.86541e+06 1.86541e+06 
0.0265 1.24588 -2.05412 -0.24352 -1.47482 -3.44588 44.1798 1.12727e+16 8.4423e-07 6.50905e-06 8.60846e-23 1.17559e-08 -15732.6 0 0 6.6379e-19 0 0 8.1504e-06 0 0 0 0 0 0 1.89333e+06 1.89333e+06 1.89333e+06 1.89333e+06 
0.027 1.2451 -2.0549 -0.243131 -1.47478 -3.4451 46.22 1.10248e+16 8.44233e-07 6.45175e-06 8.63606e-23 1.13961e-08 -15444.4 0 0 6.78847e-19 0 0 8.15041e-06 0 0 0 0 0 0 1.9221e+06 1.9221e+06 1.9221e+06 1.9221e+06 
0.0275 1.24434 -2.05566 -0.242734 -1.47475 -3.44434 48.3418 1.07858e+16 8.44238e-07 6.39604e-06 8.66476e-23 1.10529e-08 -15162.5 0 0 6.94134e-19 0 0 8.15042e-06 0 0 0 0 0 0 1.95176e+06 1.95176e+06 1.95176e+06 1.95176e+06 
0.028 1.24359 -2.05641 -0.24233 -1.47471 -3.44359 50.5485 1.05555e+16 8.44243e-07 6.34186e-06 8.69461e-23 1.07252e-08 -14886.7 0 0 7.09657e-19 0 0 8.15042e-06 0 0 0 0 0 0 1.98232e+06 1.98232e+06 1.98232e+06 1.98232e+06 
0.0285 1.24285 -2.05715 -0.241918 -1.47467 -3.44285 52.8434 1.03334e+16 8.44249e-07 6.28914e-06 8.72566e-23 1.04123e-08 -14616.7 0 0 7.25423e-19 0 0 8.15043e-06 0 0 0 0 0 0 2.01383e+06 2.01383e+06 2.01383e+06 2.01383e+06 
0.029 1.24212 -2.05788 -0.241499 -1.47463 -3.44212 55.2303 1.01191e+16 8.44256e-07 6.23784e-06 8.75795e-23 1.01131e-08 -14352.3 0 0 7.4144e-19 0 0 8.15044e-06 0 0 0 0 0 0 2.04632e+06 2.04632e+06 2.04632e+06 2.04632e+06 
0.0295 1.24141 -2.05859 -0.241071 -1.47459 -3.44141 57.7128 9.9122e+15 8.44263e-07 6.18788e-06 8.79154e-23 9.82703e-09 -14093.4 0 0 7.57716e-19 0 0 8.15045e-06 0 0 0 0 0 0 2.07981e+06 2.07981e+06 2.07981e+06 2.07981e+06 
0.03 1.24071 -2.05929 -0.240637 -1.47455 -3.44071 60.2948 9.71243e+15 8.44272e-07 6.13923e-06 8.82647e-23 9.55328e-09 -13839.8 0 0 7.74259e-19 0 0 8.15046e-06 0 0 0 0 0 0 2.11434e+06 2.11434e+06 2.11434e+06 2.11434e+06 
0.0305 1.24003 -2.05997 -0.240194 -1.4745 -3.44003 62.9804 9.51945e+15 8.44281e-07 6.09184e-06 8.86281e-23 9.29117e-09 -13591.2 0 0 7.91077e-19 0 0 8.15046e-06 0 0 0 0 0 0 2.14994e+06 2.14994e+06 2.14994e+06 2.14994e+06 
0.031 1.23936 -2.06064 -0.239744 -1.47446 -3.43936 65.7739 9.33294e+15 8.44291e-07 6.04565e-06 8.90061e-23 9.04007e-09 -13347.5 0 0 8.08178e-19 0 0 8.15047e-06 0 0 0 0 0 0 2.18666e+06 2.18666e+06 2.18666e+06 2.18666e+06 
0.0315 1.23869 -2.06131 -0.239286 -1.47441 -3.43869 68.6798 9.15263e+15 8.44301e-07 6.00063e-06 8.93993e-23 8.79939e-09 -13108.6 0 0 8.25572e-19 0 0 8.15048e-06 0 0 0 0 0 0 2.22452e+06 2.22452e+06 2.22452e+06 2.22452e+06 
0.032 1.23804 -2.06196 -0.238821 -1.47437 -3.43804 71.7027 8.97824e+15 8.44312e-07 5.95673e-06 8.98083e-23 8.56858e-09 -12874.3 0 0 8.43267e-19 0 0 8.15049e-06 0 0 0 0 0 0 2.26358e+06 2.26358e+06 2.26358e+06 2.26358e+06 
0.0325 1.23741 -2.06259 -0.238347 -1.47432 -3.43741 74.8474 8.80951e+15 8.44324e-07 5.91391e-06 9.02339e-23 8.34712e-09 -12644.4 0 0 8.61274e-19 0 0 8.1505e-06 0 0 0 0 0 0 2.30386e+06 2.30386e+06 2.30386e+06 2.30386e+06 
0.033 1.23678 -2.06322 -0.237866 -1.47427 -3.43678 78.1192 8.6462e+15 8.44337e-07 5.87213e-06 9.06766e-23 8.13451e-09 -12418.7 0 0 8.79601e-19 0 0 8.15051e-06 0 0 0 0 0 0 2.3454e+06 2.3454e+06 2.3454e+06 2.3454e+06 
0.0335 1.23616 -2.06384 -0.237378 -1.47422 -3.43616 81.5232 8.48809e+15 8.4435e-07 5.83136e-06 9.11373e-23 7.93031e-09 -12197.3 0 0 8.9826e-19 0 0 8.15052e-06 0 0 0 0 0 0 2.38826e+06 2.38826e+06 2.38826e+06 2.38826e+06 
0.034 1.23556 -2.06444 -0.236881 -1.47417 -3.43556 85.0651 8.33494e+15 8.44363e-07 5.79156e-06 9.16166e-23 7.73408e-09 -11979.8 0 0 9.1726e-19 0 0 8.15053e-06 0 0 0 0 0 0 2.43248e+06 2.43248e+06 2.43248e+06 2.43248e+06 
0.0345 1.23497 -2.06503 -0.236376 -1.47411 -3.43497 88.7506 8.18657e+15 8.44377e-07 5.7527e-06 9.21154e-23 7.54543e-09 -11766.3 0 0 9.36613e-19 0 0 8.15054e-06 0 0 0 0 0 0 2.4781e+06 2.4781e+06 2.4781e+06 2.4781e+06 
0.035 1.23438 -2.06562 -0.235864 -1.47406 -3.43438 92.5857 8.04276e+15 8.44392e-07 5.71475e-06 9.26344e-23 7.36398e-09 -11556.5 0 0 9.56329e-19 0 0 8.15055e-06 0 0 0 0 0 0 2.52517e+06 2.52517e+06 2.52517e+06 2.52517e+06 
0.0355 1.23381 -2.06619 -0.235344 -1.474 -3.43381 96.5769 7.90333e+15 8.44407e-07 5.67768e-06 9.31746e-23 7.18938e-09 -11350.4 0 0 9.76421e-19 0 0 8.15055e-06 0 0 0 0 0 0 2.57373e+06 2.57373e+06 2.57373e+06 2.57373e+06 
0.036 1.23325 -2.06675 -0.234816 -1.47395 -3.43325 100.731 7.76811e+15 8.44423e-07 5.64145e-06 9.37368e-23 7.02128e-09 -11147.9 0 0 9.969e-19 0 0 8.15056e-06 0 0 0 0 0 0 2.62385e+06 2.62385e+06 2.62385e+06 2.62385e+06 
0.0365 1.2327 -2.0673 -0.234281 -1.47389 -3.4327 105.054 7.63693e+15 8.44439e-07 5.60604e-06 9.4322e-23 6.85938e-09 -10948.8 0 0 1.01778e-18 0 0 8.15057e-06 0 0 0 0 0 0 2.67556e+06 2.67556e+06 2.67556e+06 2.67556e+06 
0.037 1.23215 -2.06785 -0.233737 -1.47383 -3.43215 109.553 7.50962e+15 8.44456e-07 5.57142e-06 9.4931e-23 6.70339e-09 -10753 0 0 1.03907e-18 0 0 8.15059e-06 0 0 0 0 0 0 2.72893e+06 2.72893e+06 2.72893e+06 2.72893e+06 
0.0375 1.23162 -2.06838 -0.233186 -1.47377 -3.43162 114.237 7.38604e+15 8.44473e-07 5.53758e-06 9.5565e-23 6.55302e-09 -10560.5 0 0 1.06079e-18 0 0 8.1506e-06 0 0 0 0 0 0 2.78401e+06 2.78401e+06 2.78401e+06 2.78401e+06 
0.038 1.2311 -2.0689 -0.232627 -1.4737 -3.4311 119.112 7.26603e+15 8.44491e-07 5.50447e-06 9.6225e-23 6.40801e-09 -10371.1 0 0 1.08294e-18 0 0 8.15061e-06 0 0 0 0 0 0 2.84086e+06 2.84086e+06 2.84086e+06 2.84086e+06 
0.0385 1.23058 -2.06942 -0.232061 -1.47364 -3.43058 124.187 7.14947e+15 8.4451e-07 5.47208e-06 9.6912e-23 6.26812e-09 -10184.8 0 0 1.10555e-18 0 0 8.15062e-06 0 0 0 0 0 0 2.89953e+06 2.89953e+06 2.89953e+06 2.89953e+06 
0.039 1.23008 -2.06992 -0.231487 -1.47357 -3.43008 129.471 7.03622e+15 8.44528e-07 5.44039e-06 9.76273e-23 6.1331e-09 -10001.4 0 0 1.12863e-18 0 0 8.15063e-06 0 0 0 0 0 0 2.96009e+06 2.96009e+06 2.96009e+06 2.96009e+06 
0.0395 1.22958 -2.07042 -0.230905 -1.4735 -3.42958 134.971 6.92615e+15 8.44548e-07 5.40938e-06 9.8372e-23 6.00274e-09 -9820.96 0 0 1.15219e-18 0 0 8.15064e-06 0 0 0 0 0 0 3.0226e+06 3.0226e+06 3.0226e+06 3.0226e+06 
0.04 1.2291 -2.0709 -0.230316 -1.47344 -3.4291 140.698 6.81915e+15 8.44567e-07 5.37902e-06 9.91473e-23 5.87684e-09 -9643.3 0 0 1.17625e-18 0 0 8.15065e-06 0 0 0 0 0 0 3.08712e+06 3.08712e+06 3.08712e+06 3.08712e+06 
0.0405 1.22862 -2.07138 -0.229719 -1.47337 -3.42862 146.66 6.71511e+15 8.44588e-07 5.34929e-06 9.99546e-23 5.75519e-09 -9468.37 0 0 1.20082e-18 0 0 8.15066e-06 0 0 0 0 0 0 3.15371e+06 3.15371e+06 3.15371e+06 3.15371e+06 
0.041 1.22815 -2.07185 -0.229114 -1.47329 -3.42815 152.868 6.6139e+15 8.44608e-07 5.32018e-06 1.00795e-22 5.6376e-09 -9296.1 0 0 1.22593e-18 0 0 8.15067e-06 0 0 0 0 0 0 3.22245e+06 3.22245e+06 3.22245e+06 3.22245e+06 
0.0415 1.22769 -2.07231 -0.228503 -1.47322 -3.42769 159.332 6.51543e+15 8.44629e-07 5.29167e-06 1.0167e-22 5.52391e-09 -9126.4 0 0 1.25158e-18 0 0 8.15068e-06 0 0 0 0 0 0 3.2934e+06 3.2934e+06 3.2934e+06 3.2934e+06 
0.042 1.22724 -2.07276 -0.227884 -1.47315 -3.42724 166.061 6.41961e+15 8.44651e-07 5.26373e-06 1.02582e-22 5.41393e-09 -8959.21 0 0 1.2778e-18 0 0 8.1507e-06 0 0 0 0 0 0 3.36664e+06 3.36664e+06 3.36664e+06 3.36664e+06 
0.0425 1.22679 -2.07321 -0.227257 -1.47307 -3.42679 173.068 6.32633e+15 8.44673e-07 5.23636e-06 1.0353e-22 5.30752e-09 -8794.47 0 0 1.3046e-18 0 0 8.15071e-06 0 0 0 0 0 0 3.44223e+06 3.44223e+06 3.44223e+06 3.44223e+06 
0.043 1.22636 -2.07364 -0.226624 -1.47299 -3.42636 180.364 6.2355e+15 8.44695e-07 5.20954e-06 1.04518e-22 5.20452e-09 -8632.11 0 0 1.33201e-18 0 0 8.15072e-06 0 0 0 0 0 0 3.52026e+06 3.52026e+06 3.52026e+06 3.52026e+06 
0.0435 1.22593 -2.07407 -0.225983 -1.47291 -3.42593 187.96 6.14705e+15 8.44718e-07 5.18324e-06 1.05547e-22 5.10479e-09 -8472.07 0 0 1.36004e-18 0 0 8.15073e-06 0 0 0 0 0 0 3.60078e+06 3.60078e+06 3.60078e+06 3.60078e+06 
0.044 1.22551 -2.07449 -0.225335 -1.47283 -3.42551 195.87 6.06087e+15 8.44741e-07 5.15746e-06 1.06618e-22 5.0082e-09 -8314.28 0 0 1.38871e-18 0 0 8.15074e-06 0 0 0 0 0 0 3.68389e+06 3.68389e+06 3.68389e+06 3.68389e+06 
0.0445 1.2251 -2.0749 -0.224681 -1.47275 -3.4251 204.104 5.97691e+15 8.44765e-07 5.13218e-06 1.07734e-22 4.91461e-09 -8158.69 0 0 1.41804e-18 0 0 8.15076e-06 0 0 0 0 0 0 3.76966e+06 3.76966e+06 3.76966e+06 3.76966e+06 
0.045 1.2247 -2.0753 -0.224019 -1.47267 -3.4247 212.678 5.89508e+15 8.44789e-07 5.10739e-06 1.08895e-22 4.8239e-09 -8005.24 0 0 1.44806e-18 0 0 8.15077e-06 0 0 0 0 0 0 3.85816e+06 3.85816e+06 3.85816e+06 3.85816e+06 
0.0455 1.2243 -2.0757 -0.223351 -1.47258 -3.4243 221.603 5.8153e+15 8.44813e-07 5.08307e-06 1.10104e-22 4.73596e-09 -7853.89 0 0 1.47878e-18 0 0 8.15078e-06 0 0 0 0 0 0 3.94949e+06 3.94949e+06 3.94949e+06 3.94949e+06 
0.046 1.22391 -2.07609 -0.222676 -1.4725 -3.42391 230.895 5.73751e+15 8.44838e-07 5.05921e-06 1.11362e-22 4.65068e-09 -7704.57 0 0 1.51023e-18 0 0 8.15079e-06 0 0 0 0 0 0 4.04372e+06 4.04372e+06 4.04372e+06 4.04372e+06 
0.0465 1.22353 -2.07647 -0.221995 -1.47241 -3.42353 240.567 5.66165e+15 8.44863e-07 5.03579e-06 1.12673e-22 4.56795e-09 -7557.23 0 0 1.54244e-18 0 0 8.15081e-06 0 0 0 0 0 0 4.14094e+06 4.14094e+06 4.14094e+06 4.14094e+06 
0.047 1.22315 -2.07685 -0.221307 -1.47232 -3.42315 250.635 5.58764e+15 8.44889e-07 5.01282e-06 1.14036e-22 4.48767e-09 -7411.84 0 0 1.57541e-18 0 0 8.15082e-06 0 0 0 0 0 0 4.24123e+06 4.24123e+06 4.24123e+06 4.24123e+06 
0.0475 1.22279 -2.07721 -0.220614 -1.47223 -3.42279 261.114 5.51543e+15 8.44914e-07 4.99026e-06 1.15456e-22 4.40974e-09 -7268.33 0 0 1.60919e-18 0 0 8.15083e-06 0 0 0 0 0 0 4.34468e+06 4.34468e+06 4.34468e+06 4.34468e+06 
0.048 1.22243 -2.07757 -0.219914 -1.47213 -3.42243 272.02 5.44496e+15 8.44941e-07 4.96812e-06 1.16933e-22 4.33408e-09 -7126.67 0 0 1.64379e-18 0 0 8.15085e-06 0 0 0 0 0 0 4.45137e+06 4.45137e+06 4.45137e+06 4.45137e+06 
0.0485 1.22207 -2.07793 -0.219208 -1.47204 -3.42207 283.369 5.37616e+15 8.44967e-07 4.94638e-06 1.18471e-22 4.2606e-09 -6986.81 0 0 1.67923e-18 0 0 8.15086e-06 0 0 0 0 0 0 4.5614e+06 4.5614e+06 4.5614e+06 4.5614e+06 
0.049 1.22173 -2.07827 -0.218497 -1.47194 -3.42173 295.177 5.309e+15 8.44994e-07 4.92503e-06 1.20071e-22 4.18921e-09 -6848.7 0 0 1.71556e-18 0 0 8.15087e-06 0 0 0 0 0 0 4.67484e+06 4.67484e+06 4.67484e+06 4.67484e+06 
0.0495 1.22139 -2.07861 -0.21778 -1.47184 -3.42139 307.463 5.24341e+15 8.45022e-07 4.90406e-06 1.21735e-22 4.11984e-09 -6712.31 0 0 1.75278e-18 0 0 8.15089e-06 0 0 0 0 0 0 4.7918e+06 4.7918e+06 4.7918e+06 4.7918e+06 
0.05 1.22106 -2.07894 -0.217057 -1.47174 -3.42106 320.243 5.17935e+15 8.4505e-07 4.88346e-06 1.23467e-22 4.05241e-09 -6577.6 0 0 1.79094e-18 0 0 8.1509e-06 0 0 0 0 0 0 4.91235e+06 4.91235e+06 4.91235e+06 4.91235e+06 
0.0505 1.22073 -2.07927 -0.216329 -1.47164 -3.42073 333.535 5.11676e+15 8.45078e-07 4.86322e-06 1.25268e-22 3.98685e-09 -6444.52 0 0 1.83005e-18 0 0 8.15091e-06 0 0 0 0 0 0 5.0366e+06 5.0366e+06 5.0366e+06 5.0366e+06 
0.051 1.22041 -2.07959 -0.215596 -1.47154 -3.42041 347.359 5.05561e+15 8.45106e-07 4.84333e-06 1.27142e-22 3.92309e-09 -6313.04 0 0 1.87015e-18 0 0 8.15093e-06 0 0 0 0 0 0 5.16463e+06 5.16463e+06 5.16463e+06 5.16463e+06 
0.0515 1.2201 -2.0799 -0.214859 -1.47143 -3.4201 361.733 4.99584e+15 8.45135e-07 4.82379e-06 1.2909e-22 3.86107e-09 -6183.13 0 0 1.91127e-18 0 0 8.15094e-06 0 0 0 0 0 0 5.29653e+06 5.29653e+06 5.29653e+06 5.29653e+06 
0.052 1.21979 -2.08021 -0.214116 -1.47133 -3.41979 376.677 4.93742e+15 8.45164e-07 4.80458e-06 1.31115e-22 3.80072e-09 -6054.74 0 0 1.95343e-18 0 0 8.15096e-06 0 0 0 0 0 0 5.43239e+06 5.43239e+06 5.43239e+06 5.43239e+06 
0.0525 1.21949 -2.08051 -0.213369 -1.47122 -3.41949 392.21 4.8803e+15 8.45193e-07 4.7857e-06 1.3322e-22 3.74198e-09 -5927.85 0 0 1.99667e-18 0 0 8.15097e-06 0 0 0 0 0 0 5.57231e+06 5.57231e+06 5.57231e+06 5.57231e+06 
0.053 1.2192 -2.0808 -0.212618 -1.47111 -3.4192 408.352 4.82444e+15 8.45223e-07 4.76713e-06 1.35408e-22 3.68481e-09 -5802.42 0 0 2.04102e-18 0 0 8.15098e-06 0 0 0 0 0 0 5.71638e+06 5.71638e+06 5.71638e+06 5.71638e+06 
0.0535 1.21891 -2.08109 -0.211862 -1.471 -3.41891 425.125 4.76981e+15 8.45253e-07 4.74888e-06 1.37681e-22 3.62913e-09 -5678.41 0 0 2.08651e-18 0 0 8.151e-06 0 0 0 0 0 0 5.86468e+06 5.86468e+06 5.86468e+06 5.86468e+06 
0.054 1.21863 -2.08137 -0.211102 -1.47089 -3.41863 442.549 4.71637e+15 8.45283e-07 4.73093e-06 1.40043e-22 3.5749e-09 -5555.8 0 0 2.13318e-18 0 0 8.15101e-06 0 0 0 0 0 0 6.01731e+06 6.01731e+06 6.01731e+06 6.01731e+06 
0.0545 1.21836 -2.08164 -0.210339 -1.47077 -3.41836 460.646 4.66408e+15 8.45314e-07 4.71327e-06 1.42496e-22 3.52208e-09 -5434.56 0 0 2.18105e-18 0 0 8.15103e-06 0 0 0 0 0 0 6.17435e+06 6.17435e+06 6.17435e+06 6.17435e+06 
0.055 1.21809 -2.08191 -0.209572 -1.47065 -3.41809 479.438 4.61291e+15 8.45345e-07 4.6959e-06 1.45043e-22 3.4706e-09 -5314.66 0 0 2.23017e-18 0 0 8.15104e-06 0 0 0 0 0 0 6.3359e+06 6.3359e+06 6.3359e+06 6.3359e+06 
0.0555 1.21783 -2.08217 -0.208802 -1.47054 -3.41783 498.946 4.56283e+15 8.45376e-07 4.67881e-06 1.47688e-22 3.42043e-09 -5196.06 0 0 2.28057e-18 0 0 8.15106e-06 0 0 0 0 0 0 6.50205e+06 6.50205e+06 6.50205e+06 6.50205e+06 
0.056 1.21757 -2.08243 -0.208028 -1.47042 -3.41757 519.194 4.51381e+15 8.45407e-07 4.662e-06 1.50433e-22 3.37152e-09 -5078.75 0 0 2.33227e-18 0 0 8.15107e-06 0 0 0 0 0 0 6.67288e+06 6.67288e+06 6.67288e+06 6.67288e+06 
0.0565 1.21732 -2.08268 -0.207252 -1.47029 -3.41732 540.204 4.46581e+15 8.45439e-07 4.64545e-06 1.53282e-22 3.32383e-09 -4962.69 0 0 2.38533e-18 0 0 8.15109e-06 0 0 0 0 0 0 6.84848e+06 6.84848e+06 6.84848e+06 6.84848e+06 
0.057 1.21707 -2.08293 -0.206472 -1.47017 -3.41707 561.999 4.41881e+15 8.45471e-07 4.62917e-06 1.56237e-22 3.27732e-09 -4847.85 0 0 2.43978e-18 0 0 8.1511e-06 0 0 0 0 0 0 7.02894e+06 7.02894e+06 7.02894e+06 7.02894e+06 
0.0575 1.21683 -2.08317 -0.20569 -1.47005 -3.41683 584.603 4.37277e+15 8.45503e-07 4.61314e-06 1.59302e-22 3.23195e-09 -4734.22 0 0 2.49564e-18 0 0 8.15112e-06 0 0 0 0 0 0 7.21434e+06 7.21434e+06 7.21434e+06 7.21434e+06 
0.058 1.2166 -2.0834 -0.204906 -1.46992 -3.4166 608.041 4.32768e+15 8.45536e-07 4.59736e-06 1.6248e-22 3.18768e-09 -4621.77 0 0 2.55298e-18 0 0 8.15113e-06 0 0 0 0 0 0 7.40477e+06 7.40477e+06 7.40477e+06 7.40477e+06 
0.0585 1.21637 -2.08363 -0.204119 -1.46979 -3.41637 632.335 4.2835e+15 8.45568e-07 4.58183e-06 1.65774e-22 3.14447e-09 -4510.47 0 0 2.61181e-18 0 0 8.15115e-06 0 0 0 0 0 0 7.60031e+06 7.60031e+06 7.60031e+06 7.60031e+06 
0.059 1.21615 -2.08385 -0.203331 -1.46966 -3.41615 657.511 4.24021e+15 8.45601e-07 4.56654e-06 1.69189e-22 3.1023e-09 -4400.3 0 0 2.67218e-18 0 0 8.15116e-06 0 0 0 0 0 0 7.80103e+06 7.80103e+06 7.80103e+06 7.80103e+06 
0.0595 1.21593 -2.08407 -0.20254 -1.46953 -3.41593 683.593 4.19778e+15 8.45634e-07 4.55147e-06 1.72726e-22 3.06113e-09 -4291.24 0 0 2.73414e-18 0 0 8.15118e-06 0 0 0 0 0 0 8.00703e+06 8.00703e+06 8.00703e+06 8.00703e+06 
0.06 1.21572 -2.08428 -0.201748 -1.46939 -3.41572 710.606 4.15619e+15 8.45668e-07 4.53664e-06 1.76389e-22 3.02093e-09 -4183.27 0 0 2.79772e-18 0 0 8.1512e-06 0 0 0 0 0 0 8.21839e+06 8.21839e+06 8.21839e+06 8.21839e+06 
0.0605 1.21551 -2.08449 -0.200955 -1.46926 -3.41551 738.576 4.11542e+15 8.45701e-07 4.52203e-06 1.80183e-22 2.98166e-09 -4076.36 0 0 2.86296e-18 0 0 8.15121e-06 0 0 0 0 0 0 8.43517e+06 8.43517e+06 8.43517e+06 8.43517e+06 
0.061 1.21531 -2.08469 -0.20016 -1.46912 -3.41531 767.528 4.07545e+15 8.45735e-07 4.50763e-06 1.8411e-22 2.9433e-09 -3970.49 0 0 2.92991e-18 0 0 8.15123e-06 0 0 0 0 0 0 8.65746e+06 8.65746e+06 8.65746e+06 8.65746e+06 
0.0615 1.21512 -2.08488 -0.199363 -1.46898 -3.41512 797.488 4.03625e+15 8.45769e-07 4.49345e-06 1.88174e-22 2.90582e-09 -3865.65 0 0 2.99861e-18 0 0 8.15124e-06 0 0 0 0 0 0 8.88533e+06 8.88533e+06 8.88533e+06 8.88533e+06 
0.062 1.21493 -2.08507 -0.198566 -1.46884 -3.41493 828.481 3.9978e+15 8.45803e-07 4.47948e-06 1.92378e-22 2.86919e-09 -3761.81 0 0 3.06911e-18 0 0 8.15126e-06 0 0 0 0 0 0 9.11885e+06 9.11885e+06 9.11885e+06 9.11885e+06 
0.0625 1.21474 -2.08526 -0.197768 -1.4687 -3.41474 860.535 3.96009e+15 8.45837e-07 4.46571e-06 1.96727e-22 2.83339e-09 -3658.96 0 0 3.14144e-18 0 0 8.15127e-06 0 0 0 0 0 0 9.35811e+06 9.35811e+06 9.35811e+06 9.35811e+06 
0.063 1.21456 -2.08544 -0.19697 -1.46855 -3.41456 893.674 3.92309e+15 8.45872e-07 4.45215e-06 2.01223e-22 2.79839e-09 -3557.07 0 0 3.21565e-18 0 0 8.15129e-06 0 0 0 0 0 0 9.60316e+06 9.60316e+06 9.60316e+06 9.60316e+06 
0.0635 1.21439 -2.08561 -0.196171 -1.46841 -3.41439 927.927 3.88678e+15 8.45906e-07 4.43877e-06 2.0587e-22 2.76416e-09 -3456.13 0 0 3.29179e-18 0 0 8.15131e-06 0 0 0 0 0 0 9.85409e+06 9.85409e+06 9.85409e+06 9.85409e+06 
0.064 1.21422 -2.08578 -0.195371 -1.46826 -3.41422 963.32 3.85116e+15 8.45941e-07 4.42559e-06 2.10672e-22 2.73069e-09 -3356.12 0 0 3.3699e-18 0 0 8.15132e-06 0 0 0 0 0 0 1.0111e+07 1.0111e+07 1.0111e+07 1.0111e+07 
0.0645 1.21405 -2.08595 -0.194571 -1.46811 -3.41405 999.879 3.81619e+15 8.45976e-07 4.41259e-06 2.15633e-22 2.69795e-09 -3257.02 0 0 3.45003e-18 0 0 8.15134e-06 0 0 0 0 0 0 1.03738e+07 1.03738e+07 1.03738e+07 1.03738e+07 
0.065 1.21389 -2.08611 -0.193771 -1.46795 -3.41389 1037.63 3.78187e+15 8.46011e-07 4.39978e-06 2.20756e-22 2.66592e-09 -3158.82 0 0 3.53223e-18 0 0 8.15136e-06 0 0 0 0 0 0 1.06428e+07 1.06428e+07 1.06428e+07 1.06428e+07 
0.0655 1.21373 -2.08627 -0.192972 -1.4678 -3.41373 1076.61 3.74817e+15 8.46046e-07 4.38715e-06 2.26045e-22 2.63458e-09 -3061.49 0 0 3.61654e-18 0 0 8.15137e-06 0 0 0 0 0 0 1.09178e+07 1.09178e+07 1.09178e+07 1.09178e+07 
0.066 1.21358 -2.08642 -0.192172 -1.46765 -3.41358 1116.83 3.71508e+15 8.46081e-07 4.37469e-06 2.31503e-22 2.60391e-09 -2965.03 0 0 3.70302e-18 0 0 8.15139e-06 0 0 0 0 0 0 1.11991e+07 1.11991e+07 1.11991e+07 1.11991e+07 
0.0665 1.21344 -2.08656 -0.191372 -1.46749 -3.41344 1158.33 3.68259e+15 8.46117e-07 4.3624e-06 2.37136e-22 2.57389e-09 -2869.42 0 0 3.7917e-18 0 0 8.15141e-06 0 0 0 0 0 0 1.14867e+07 1.14867e+07 1.14867e+07 1.14867e+07 
0.067 1.2133 -2.0867 -0.190573 -1.46733 -3.4133 1201.14 3.65068e+15 8.46152e-07 4.35029e-06 2.42945e-22 2.54449e-09 -2774.64 0 0 3.88265e-18 0 0 8.15142e-06 0 0 0 0 0 0 1.17805e+07 1.17805e+07 1.17805e+07 1.17805e+07 
0.0675 1.21316 -2.08684 -0.189774 -1.46717 -3.41316 1245.28 3.61933e+15 8.46188e-07 4.33833e-06 2.48936e-22 2.51571e-09 -2680.67 0 0 3.9759e-18 0 0 8.15144e-06 0 0 0 0 0 0 1.20808e+07 1.20808e+07 1.20808e+07 1.20808e+07 
0.068 1.21303 -2.08697 -0.188976 -1.467 -3.41303 1290.78 3.58853e+15 8.46224e-07 4.32654e-06 2.55112e-22 2.48753e-09 -2587.51 0 0 4.07152e-18 0 0 8.15146e-06 0 0 0 0 0 0 1.23875e+07 1.23875e+07 1.23875e+07 1.23875e+07 
0.0685 1.2129 -2.0871 -0.188179 -1.46684 -3.4129 1337.66 3.55828e+15 8.46259e-07 4.31491e-06 2.61477e-22 2.45992e-09 -2495.14 0 0 4.16954e-18 0 0 8.15147e-06 0 0 0 0 0 0 1.27007e+07 1.27007e+07 1.27007e+07 1.27007e+07 
0.069 1.21278 -2.08722 -0.187382 -1.46667 -3.41278 1385.97 3.52855e+15 8.46295e-07 4.30343e-06 2.68035e-22 2.43288e-09 -2403.55 0 0 4.27003e-18 0 0 8.15149e-06 0 0 0 0 0 0 1.30205e+07 1.30205e+07 1.30205e+07 1.30205e+07 
0.0695 1.21266 -2.08734 -0.186586 -1.4665 -3.41266 1435.72 3.49933e+15 8.46331e-07 4.2921e-06 2.74789e-22 2.40638e-09 -2312.71 0 0 4.37303e-18 0 0 8.15151e-06 0 0 0 0 0 0 1.33469e+07 1.33469e+07 1.33469e+07 1.33469e+07 
0.07 1.21255 -2.08745 -0.185791 -1.46633 -3.41255 1486.95 3.47061e+15 8.46367e-07 4.28092e-06 2.81744e-22 2.38042e-09 -2222.63 0 0 4.4786e-18 0 0 8.15152e-06 0 0 0 0 0 0 1.36799e+07 1.36799e+07 1.36799e+07 1.36799e+07 
0.0705 1.21244 -2.08756 -0.184997 -1.46616 -3.41244 1539.69 3.44237e+15 8.46404e-07 4.26989e-06 2.88904e-22 2.35497e-09 -2133.28 0 0 4.58679e-18 0 0 8.15154e-06 0 0 0 0 0 0 1.40197e+07 1.40197e+07 1.40197e+07 1.40197e+07 
0.071 1.21233 -2.08767 -0.184203 -1.46599 -3.41233 1593.95 3.41462e+15 8.4644e-07 4.259e-06 2.96272e-22 2.33002e-09 -2044.65 0 0 4.69765e-18 0 0 8.15156e-06 0 0 0 0 0 0 1.43663e+07 1.43663e+07 1.43663e+07 1.43663e+07 
0.0715 1.21223 -2.08777 -0.183411 -1.46581 -3.41223 1649.79 3.38733e+15 8.46476e-07 4.24825e-06 3.03853e-22 2.30557e-09 -1956.74 0 0 4.81123e-18 0 0 8.15158e-06 0 0 0 0 0 0 1.47197e+07 1.47197e+07 1.47197e+07 1.47197e+07 
0.072 1.21214 -2.08786 -0.18262 -1.46563 -3.41214 1707.21 3.36049e+15 8.46513e-07 4.23764e-06 3.11651e-22 2.28159e-09 -1869.53 0 0 4.92759e-18 0 0 8.15159e-06 0 0 0 0 0 0 1.508e+07 1.508e+07 1.508e+07 1.508e+07 
0.0725 1.21205 -2.08795 -0.18183 -1.46546 -3.41205 1766.26 3.3341e+15 8.46549e-07 4.22716e-06 3.1967e-22 2.25807e-09 -1783 0 0 5.04679e-18 0 0 8.15161e-06 0 0 0 0 0 0 1.54472e+07 1.54472e+07 1.54472e+07 1.54472e+07 
0.073 1.21196 -2.08804 -0.181042 -1.46527 -3.41196 1826.95 3.30813e+15 8.46585e-07 4.21681e-06 3.27913e-22 2.235e-09 -1697.15 0 0 5.16887e-18 0 0 8.15163e-06 0 0 0 0 0 0 1.58215e+07 1.58215e+07 1.58215e+07 1.58215e+07 
0.0735 1.21188 -2.08812 -0.180254 -1.46509 -3.41188 1889.34 3.2826e+15 8.46622e-07 4.2066e-06 3.36385e-22 2.21237e-09 -1611.97 0 0 5.2939e-18 0 0 8.15164e-06 0 0 0 0 0 0 1.62027e+07 1.62027e+07 1.62027e+07 1.62027e+07 
0.074 1.2118 -2.0882 -0.179468 -1.46491 -3.4118 1953.43 3.25747e+15 8.46659e-07 4.19651e-06 3.45091e-22 2.19018e-09 -1527.44 0 0 5.42193e-18 0 0 8.15166e-06 0 0 0 0 0 0 1.65911e+07 1.65911e+07 1.65911e+07 1.65911e+07 
0.0745 1.21172 -2.08828 -0.178684 -1.46472 -3.41172 2019.27 3.23275e+15 8.46695e-07 4.18654e-06 3.54033e-22 2.16839e-09 -1443.56 0 0 5.55301e-18 0 0 8.15168e-06 0 0 0 0 0 0 1.69866e+07 1.69866e+07 1.69866e+07 1.69866e+07 
0.075 1.21165 -2.08835 -0.1779 -1.46453 -3.41165 2086.88 3.20842e+15 8.46732e-07 4.1767e-06 3.63217e-22 2.14701e-09 -1360.31 0 0 5.68721e-18 0 0 8.1517e-06 0 0 0 0 0 0 1.73893e+07 1.73893e+07 1.73893e+07 1.73893e+07 
0.0755 1.21159 -2.08841 -0.177118 -1.46434 -3.41159 2156.29 3.18448e+15 8.46768e-07 4.16698e-06 3.72647e-22 2.12603e-09 -1277.68 0 0 5.82458e-18 0 0 8.15172e-06 0 0 0 0 0 0 1.77992e+07 1.77992e+07 1.77992e+07 1.77992e+07 
0.076 1.21153 -2.08847 -0.176337 -1.46415 -3.41153 2227.54 3.16091e+15 8.46805e-07 4.15737e-06 3.82326e-22 2.10543e-09 -1195.67 0 0 5.96517e-18 0 0 8.15173e-06 0 0 0 0 0 0 1.82165e+07 1.82165e+07 1.82165e+07 1.82165e+07 
0.0765 1.21147 -2.08853 -0.175558 -1.46395 -3.41147 2300.65 3.13771e+15 8.46842e-07 4.14789e-06 3.92259e-22 2.08521e-09 -1114.26 0 0 6.10905e-18 0 0 8.15175e-06 0 0 0 0 0 0 1.8641e+07 1.8641e+07 1.8641e+07 1.8641e+07 
0.077 1.21142 -2.08858 -0.17478 -1.46376 -3.41142 2375.66 3.11487e+15 8.46879e-07 4.13851e-06 4.0245e-22 2.06536e-09 -1033.45 0 0 6.25627e-18 0 0 8.15177e-06 0 0 0 0 0 0 1.9073e+07 1.9073e+07 1.9073e+07 1.9073e+07 
0.0775 1.21137 -2.08863 -0.174004 -1.46356 -3.41137 2452.6 3.09239e+15 8.46915e-07 4.12925e-06 4.12904e-22 2.04586e-09 -953.223 0 0 6.40689e-18 0 0 8.15179e-06 0 0 0 0 0 0 1.95123e+07 1.95123e+07 1.95123e+07 1.95123e+07 
0.078 1.21132 -2.08868 -0.173229 -1.46336 -3.41132 2531.5 3.07025e+15 8.46952e-07 4.12009e-06 4.23625e-22 2.0267e-09 -873.573 0 0 6.56097e-18 0 0 8.1518e-06 0 0 0 0 0 0 1.99592e+07 1.99592e+07 1.99592e+07 1.99592e+07 
0.0785 1.21128 -2.08872 -0.172455 -1.46315 -3.41128 2612.39 3.04844e+15 8.46989e-07 4.11104e-06 4.34617e-22 2.00789e-09 -794.491 0 0 6.71857e-18 0 0 8.15182e-06 0 0 0 0 0 0 2.04136e+07 2.04136e+07 2.04136e+07 2.04136e+07 
0.079 1.21124 -2.08876 -0.171683 -1.46295 -3.41124 2695.3 3.02697e+15 8.47026e-07 4.1021e-06 4.45884e-22 1.98941e-09 -715.969 0 0 6.87975e-18 0 0 8.15184e-06 0 0 0 0 0 0 2.08755e+07 2.08755e+07 2.08755e+07 2.08755e+07 
0.0795 1.21121 -2.08879 -0.170912 -1.46274 -3.41121 2780.27 3.00581e+15 8.47063e-07 4.09326e-06 4.57431e-22 1.97125e-09 -637.998 0 0 7.04456e-18 0 0 8.15186e-06 0 0 0 0 0 0 2.1345e+07 2.1345e+07 2.1345e+07 2.1345e+07 
0.08 1.21118 -2.08882 -0.170143 -1.46254 -3.41118 2867.32 2.98497e+15 8.471e-07 4.08452e-06 4.69262e-22 1.9534e-09 -560.569 0 0 7.21308e-18 0 0 8.15188e-06 0 0 0 0 0 0 2.18222e+07 2.18222e+07 2.18222e+07 2.18222e+07 
0.0805 1.21115 -2.08885 -0.169376 -1.46233 -3.41115 2956.49 2.96444e+15 8.47136e-07 4.07588e-06 4.81382e-22 1.93586e-09 -483.675 0 0 7.38536e-18 0 0 8.15189e-06 0 0 0 0 0 0 2.23071e+07 2.23071e+07 2.23071e+07 2.23071e+07 
0.081 1.21113 -2.08887 -0.168609 -1.46212 -3.41113 3047.81 2.94421e+15 8.47173e-07 4.06734e-06 4.93794e-22 1.91862e-09 -407.309 0 0 7.56145e-18 0 0 8.15191e-06 0 0 0 0 0 0 2.27998e+07 2.27998e+07 2.27998e+07 2.27998e+07 
0.0815 1.21111 -2.08889 -0.167844 -1.4619 -3.41111 3141.31 2.92428e+15 8.4721e-07 4.0589e-06 5.06504e-22 1.90168e-09 -331.461 0 0 7.74143e-18 0 0 8.15193e-06 0 0 0 0 0 0 2.33002e+07 2.33002e+07 2.33002e+07 2.33002e+07 
0.082 1.2111 -2.0889 -0.167081 -1.46169 -3.4111 3237.03 2.90463e+15 8.47247e-07 4.05055e-06 5.19516e-22 1.88501e-09 -256.125 0 0 7.92535e-18 0 0 8.15195e-06 0 0 0 0 0 0 2.38085e+07 2.38085e+07 2.38085e+07 2.38085e+07 
0.0825 1.21108 -2.08892 -0.166319 -1.46147 -3.41108 3334.99 2.88527e+15 8.47284e-07 4.04229e-06 5.32834e-22 1.86863e-09 -181.293 0 0 8.11328e-18 0 0 8.15197e-06 0 0 0 0 0 0 2.43246e+07 2.43246e+07 2.43246e+07 2.43246e+07 
0.083 1.21108 -2.08892 -0.165559 -1.46125 -3.41108 3435.24 2.86618e+15 8.47321e-07 4.03412e-06 5.46462e-22 1.85252e-09 -106.958 0 0 8.30527e-18 0 0 8.15199e-06 0 0 0 0 0 0 2.48486e+07 2.48486e+07 2.48486e+07 2.48486e+07 
0.0835 1.21107 -2.08893 -0.1648 -1.46103 -3.41107 3537.8 2.84737e+15 8.47357e-07 4.02604e-06 5.60406e-22 1.83667e-09 -33.1129 0 0 8.5014e-18 0 0 8.15201e-06 0 0 0 0 0 0 2.53806e+07 2.53806e+07 2.53806e+07 2.53806e+07 
0.084 1.21107 -2.08893 -0.164042 -1.46081 -3.41107 3642.71 2.82882e+15 8.47394e-07 4.01805e-06 5.7467e-22 1.82109e-09 40.2492 0 0 8.70172e-18 0 0 8.15202e-06 0 0 0 0 0 0 2.59206e+07 2.59206e+07 2.59206e+07 2.59206e+07 
0.0845 1.21108 -2.08892 -0.163286 -1.46058 -3.41108 3749.99 2.81053e+15 8.47431e-07 4.01015e-06 5.89258e-22 1.80575e-09 113.135 0 0 8.90629e-18 0 0 8.15204e-06 0 0 0 0 0 0 2.64686e+07 2.64686e+07 2.64686e+07 2.64686e+07 
0.085 1.21109 -2.08891 -0.162531 -1.46036 -3.41109 3859.69 2.79249e+15 8.47468e-07 4.00233e-06 6.04175e-22 1.79067e-09 185.551 0 0 9.11519e-18 0 0 8.15206e-06 0 0 0 0 0 0 2.70247e+07 2.70247e+07 2.70247e+07 2.70247e+07 
0.0855 1.2111 -2.0889 -0.161777 -1.46013 -3.4111 3971.83 2.77471e+15 8.47505e-07 3.99459e-06 6.19425e-22 1.77582e-09 257.505 0 0 9.32847e-18 0 0 8.15208e-06 0 0 0 0 0 0 2.75889e+07 2.75889e+07 2.75889e+07 2.75889e+07 
0.086 1.21111 -2.08889 -0.161025 -1.4599 -3.41111 4086.45 2.75716e+15 8.47541e-07 3.98694e-06 6.35013e-22 1.76122e-09 329.001 0 0 9.5462e-18 0 0 8.1521e-06 0 0 0 0 0 0 2.81613e+07 2.81613e+07 2.81613e+07 2.81613e+07 
0.0865 1.21113 -2.08887 -0.160274 -1.45966 -3.41113 4203.59 2.73986e+15 8.47578e-07 3.97937e-06 6.50943e-22 1.74684e-09 400.047 0 0 9.76844e-18 0 0 8.15212e-06 0 0 0 0 0 0 2.87418e+07 2.87418e+07 2.87418e+07 2.87418e+07 
0.087 1.21115 -2.08885 -0.159524 -1.45943 -3.41115 4323.27 2.72279e+15 8.47615e-07 3.97187e-06 6.67221e-22 1.73269e-09 470.649 0 0 9.99526e-18 0 0 8.15214e-06 0 0 0 0 0 0 2.93306e+07 2.93306e+07 2.93306e+07 2.93306e+07 
0.0875 1.21118 -2.08882 -0.158776 -1.45919 -3.41118 4445.53 2.70595e+15 8.47651e-07 3.96445e-06 6.8385e-22 1.71875e-09 540.813 0 0 1.02267e-17 0 0 8.15216e-06 0 0 0 0 0 0 2.99276e+07 2.99276e+07 2.99276e+07 2.99276e+07 
0.088 1.21121 -2.08879 -0.158029 -1.45896 -3.41121 4570.4 2.68934e+15 8.47688e-07 3.95711e-06 7.00836e-22 1.70504e-09 610.544 0 0 1.04629e-17 0 0 8.15217e-06 0 0 0 0 0 0 3.05329e+07 3.05329e+07 3.05329e+07 3.05329e+07 
0.0885 1.21124 -2.08876 -0.157283 -1.45872 -3.41124 4697.92 2.67294e+15 8.47725e-07 3.94985e-06 7.18183e-22 1.69153e-09 679.849 0 0 1.07038e-17 0 0 8.15219e-06 0 0 0 0 0 0 3.11466e+07 3.11466e+07 3.11466e+07 3.11466e+07 
0.089 1.21127 -2.08873 -0.156539 -1.45847 -3.41127 4828.12 2.65676e+15 8.47761e-07 3.94265e-06 7.35895e-22 1.67823e-09 748.732 0 0 1.09496e-17 0 0 8.15221e-06 0 0 0 0 0 0 3.17686e+07 3.17686e+07 3.17686e+07 3.17686e+07 
0.0895 1.21131 -2.08869 -0.155796 -1.45823 -3.41131 4961.04 2.6408e+15 8.47798e-07 3.93554e-06 7.53978e-22 1.66513e-09 817.2 0 0 1.12003e-17 0 0 8.15223e-06 0 0 0 0 0 0 3.2399e+07 3.2399e+07 3.2399e+07 3.2399e+07 
0.09 1.21135 -2.08865 -0.155053 -1.45798 -3.41135 5096.71 2.62504e+15 8.47835e-07 3.92849e-06 7.72435e-22 1.65223e-09 885.258 0 0 1.1456e-17 0 0 8.15225e-06 0 0 0 0 0 0 3.30379e+07 3.30379e+07 3.30379e+07 3.30379e+07 
0.0905 1.2114 -2.0886 -0.154313 -1.45774 -3.4114 5235.15 2.60948e+15 8.47871e-07 3.92151e-06 7.91273e-22 1.63952e-09 952.911 0 0 1.17167e-17 0 0 8.15227e-06 0 0 0 0 0 0 3.36852e+07 3.36852e+07 3.36852e+07 3.36852e+07 
0.091 1.21145 -2.08855 -0.153573 -1.45749 -3.41145 5376.42 2.59413e+15 8.47908e-07 3.9146e-06 8.10494e-22 1.627e-09 1020.16 0 0 1.19825e-17 0 0 8.15229e-06 0 0 0 0 0 0 3.4341e+07 3.4341e+07 3.4341e+07 3.4341e+07 
0.0915 1.2115 -2.0885 -0.152834 -1.45724 -3.4115 5520.54 2.57896e+15 8.47944e-07 3.90776e-06 8.30105e-22 1.61467e-09 1087.02 0 0 1.22535e-17 0 0 8.15231e-06 0 0 0 0 0 0 3.50054e+07 3.50054e+07 3.50054e+07 3.50054e+07 
0.092 1.21156 -2.08844 -0.152097 -1.45698 -3.41156 5667.54 2.564e+15 8.47981e-07 3.90098e-06 8.50109e-22 1.60251e-09 1153.49 0 0 1.25297e-17 0 0 8.15233e-06 0 0 0 0 0 0 3.56783e+07 3.56783e+07 3.56783e+07 3.56783e+07 
0.0925 1.21162 -2.08838 -0.151361 -1.45673 -3.41162 5817.46 2.54921e+15 8.48017e-07 3.89427e-06 8.70511e-22 1.59053e-09 1219.58 0 0 1.28112e-17 0 0 8.15235e-06 0 0 0 0 0 0 3.63598e+07 3.63598e+07 3.63598e+07 3.63598e+07 
0.093 1.21168 -2.08832 -0.150625 -1.45647 -3.41168 5970.34 2.53462e+15 8.48053e-07 3.88762e-06 8.91317e-22 1.57873e-09 1285.28 0 0 1.30981e-17 0 0 8.15237e-06 0 0 0 0 0 0 3.70499e+07 3.70499e+07 3.70499e+07 3.70499e+07 
0.0935 1.21175 -2.08825 -0.149891 -1.45621 -3.41175 6126.2 2.5202e+15 8.4809e-07 3.88104e-06 9.1253e-22 1.56709e-09 1350.61 0 0 1.33905e-17 0 0 8.15239e-06 0 0 0 0 0 0 3.77486e+07 3.77486e+07 3.77486e+07 3.77486e+07 
0.094 1.21182 -2.08818 -0.149158 -1.45595 -3.41182 6285.09 2.50596e+15 8.48126e-07 3.87452e-06 9.34156e-22 1.55561e-09 1415.57 0 0 1.36884e-17 0 0 8.15241e-06 0 0 0 0 0 0 3.8456e+07 3.8456e+07 3.8456e+07 3.8456e+07 
0.0945 1.21189 -2.08811 -0.148426 -1.45569 -3.41189 6447.03 2.49189e+15 8.48162e-07 3.86806e-06 9.56199e-22 1.5443e-09 1480.17 0 0 1.39918e-17 0 0 8.15243e-06 0 0 0 0 0 0 3.91721e+07 3.91721e+07 3.91721e+07 3.91721e+07 
0.095 1.21196 -2.08804 -0.147695 -1.45542 -3.41196 6612.07 2.478e+15 8.48199e-07 3.86166e-06 9.78664e-22 1.53315e-09 1544.4 0 0 1.43009e-17 0 0 8.15245e-06 0 0 0 0 0 0 3.98969e+07 3.98969e+07 3.98969e+07 3.98969e+07 
0.0955 1.21204 -2.08796 -0.146965 -1.45515 -3.41204 6780.23 2.46427e+15 8.48235e-07 3.85532e-06 1.00156e-21 1.52215e-09 1608.28 0 0 1.46157e-17 0 0 8.15247e-06 0 0 0 0 0 0 4.06304e+07 4.06304e+07 4.06304e+07 4.06304e+07 
0.096 1.21212 -2.08788 -0.146236 -1.45489 -3.41212 6951.55 2.4507e+15 8.48271e-07 3.84904e-06 1.02488e-21 1.51131e-09 1671.8 0 0 1.49363e-17 0 0 8.15249e-06 0 0 0 0 0 0 4.13728e+07 4.13728e+07 4.13728e+07 4.13728e+07 
0.0965 1.21221 -2.08779 -0.145508 -1.45462 -3.41221 7126.06 2.4373e+15 8.48307e-07 3.84281e-06 1.04864e-21 1.50061e-09 1734.97 0 0 1.52628e-17 0 0 8.15251e-06 0 0 0 0 0 0 4.21238e+07 4.21238e+07 4.21238e+07 4.21238e+07 
0.097 1.2123 -2.0877 -0.14478 -1.45434 -3.4123 7303.8 2.42405e+15 8.48343e-07 3.83664e-06 1.07284e-21 1.49006e-09 1797.8 0 0 1.55952e-17 0 0 8.15253e-06 0 0 0 0 0 0 4.28837e+07 4.28837e+07 4.28837e+07 4.28837e+07 
0.0975 1.21239 -2.08761 -0.144054 -1.45407 -3.41239 7484.81 2.41096e+15 8.48379e-07 3.83053e-06 1.09748e-21 1.47965e-09 1860.29 0 0 1.59336e-17 0 0 8.15255e-06 0 0 0 0 0 0 4.36524e+07 4.36524e+07 4.36524e+07 4.36524e+07 
0.098 1.21248 -2.08752 -0.143329 -1.45379 -3.41248 7669.11 2.39802e+15 8.48415e-07 3.82447e-06 1.12258e-21 1.46938e-09 1922.44 0 0 1.6278e-17 0 0 8.15257e-06 0 0 0 0 0 0 4.443e+07 4.443e+07 4.443e+07 4.443e+07 
0.0985 1.21258 -2.08742 -0.142604 -1.45351 -3.41258 7856.75 2.38523e+15 8.48451e-07 3.81846e-06 1.14813e-21 1.45925e-09 1984.26 0 0 1.66286e-17 0 0 8.15259e-06 0 0 0 0 0 0 4.52164e+07 4.52164e+07 4.52164e+07 4.52164e+07 
0.099 1.21268 -2.08732 -0.141881 -1.45323 -3.41268 8047.75 2.37258e+15 8.48487e-07 3.81251e-06 1.17414e-21 1.44925e-09 2045.75 0 0 1.69854e-17 0 0 8.15261e-06 0 0 0 0 0 0 4.60116e+07 4.60116e+07 4.60116e+07 4.60116e+07 
0.0995 1.21279 -2.08721 -0.141158 -1.45295 -3.41279 8242.15 2.36008e+15 8.48523e-07 3.80661e-06 1.20062e-21 1.43938e-09 2106.92 0 0 1.73485e-17 0 0 8.15263e-06 0 0 0 0 0 0 4.68158e+07 4.68158e+07 4.68158e+07 4.68158e+07 
0.1 1.21289 -2.08711 -0.140436 -1.45267 -3.41289 8439.98 2.34772e+15 8.48559e-07 3.80075e-06 1.22756e-21 1.42964e-09 2167.76 0 0 1.77179e-17 0 0 8.15265e-06 0 0 0 0 0 0 4.76288e+07 4.76288e+07 4.76288e+07 4.76288e+07 
0.1005 1.213 -2.087 -0.139715 -1.45238 -3.413 8641.28 2.33549e+15 8.48595e-07 3.79495e-06 1.25498e-21 1.42002e-09 2228.29 0 0 1.80938e-17 0 0 8.15267e-06 0 0 0 0 0 0 4.84507e+07 4.84507e+07 4.84507e+07 4.84507e+07 
0.101 1.21312 -2.08688 -0.138994 -1.45209 -3.41312 8846.09 2.32341e+15 8.4863e-07 3.7892e-06 1.28287e-21 1.41053e-09 2288.5 0 0 1.84761e-17 0 0 8.15269e-06 0 0 0 0 0 0 4.92816e+07 4.92816e+07 4.92816e+07 4.92816e+07 
0.1015 1.21323 -2.08677 -0.138274 -1.4518 -3.41323 9054.43 2.31145e+15 8.48666e-07 3.78349e-06 1.31125e-21 1.40116e-09 2348.4 0 0 1.8865e-17 0 0 8.15271e-06 0 0 0 0 0 0 5.01213e+07 5.01213e+07 5.01213e+07 5.01213e+07 
0.102 1.21335 -2.08665 -0.137556 -1.45151 -3.41335 9266.34 2.29963e+15 8.48702e-07 3.77784e-06 1.34012e-21 1.39191e-09 2408 0 0 1.92605e-17 0 0 8.15273e-06 0 0 0 0 0 0 5.097e+07 5.097e+07 5.097e+07 5.097e+07 
0.1025 1.21347 -2.08653 -0.136837 -1.45122 -3.41347 9481.85 2.28793e+15 8.48737e-07 3.77222e-06 1.36948e-21 1.38277e-09 2467.29 0 0 1.96627e-17 0 0 8.15275e-06 0 0 0 0 0 0 5.18277e+07 5.18277e+07 5.18277e+07 5.18277e+07 
0.103 1.2136 -2.0864 -0.13612 -1.45092 -3.4136 9701 2.27636e+15 8.48773e-07 3.76666e-06 1.39933e-21 1.37375e-09 2526.28 0 0 2.00717e-17 0 0 8.15278e-06 0 0 0 0 0 0 5.26942e+07 5.26942e+07 5.26942e+07 5.26942e+07 
0.1035 1.21373 -2.08627 -0.135403 -1.45062 -3.41373 9923.82 2.26491e+15 8.48808e-07 3.76114e-06 1.42969e-21 1.36484e-09 2584.97 0 0 2.04875e-17 0 0 8.1528e-06 0 0 0 0 0 0 5.35698e+07 5.35698e+07 5.35698e+07 5.35698e+07 
0.104 1.21386 -2.08614 -0.134687 -1.45032 -3.41386 10150.4 2.25358e+15 8.48844e-07 3.75566e-06 1.46055e-21 1.35603e-09 2643.37 0 0 2.09103e-17 0 0 8.15282e-06 0 0 0 0 0 0 5.44542e+07 5.44542e+07 5.44542e+07 5.44542e+07 
0.1045 1.21399 -2.08601 -0.133972 -1.45002 -3.41399 10380.6 2.24237e+15 8.48879e-07 3.75023e-06 1.49193e-21 1.34734e-09 2701.47 0 0 2.134e-17 0 0 8.15284e-06 0 0 0 0 0 0 5.53476e+07 5.53476e+07 5.53476e+07 5.53476e+07 
0.105 1.21413 -2.08587 -0.133257 -1.44972 -3.41413 10614.7 2.23128e+15 8.48915e-07 3.74484e-06 1.52382e-21 1.33875e-09 2759.29 0 0 2.17768e-17 0 0 8.15286e-06 0 0 0 0 0 0 5.62499e+07 5.62499e+07 5.62499e+07 5.62499e+07 
0.1055 1.21427 -2.08573 -0.132543 -1.44941 -3.41427 10852.5 2.2203e+15 8.4895e-07 3.73949e-06 1.55623e-21 1.33026e-09 2816.83 0 0 2.22207e-17 0 0 8.15288e-06 0 0 0 0 0 0 5.71612e+07 5.71612e+07 5.71612e+07 5.71612e+07 
0.106 1.21441 -2.08559 -0.131829 -1.44911 -3.41441 11094.2 2.20944e+15 8.48985e-07 3.73419e-06 1.58916e-21 1.32187e-09 2874.08 0 0 2.26717e-17 0 0 8.1529e-06 0 0 0 0 0 0 5.80813e+07 5.80813e+07 5.80813e+07 5.80813e+07 
0.1065 1.21455 -2.08545 -0.131116 -1.4488 -3.41455 11339.7 2.19868e+15 8.49021e-07 3.72892e-06 1.62263e-21 1.31358e-09 2931.05 0 0 2.31301e-17 0 0 8.15292e-06 0 0 0 0 0 0 5.90104e+07 5.90104e+07 5.90104e+07 5.90104e+07 
0.107 1.2147 -2.0853 -0.130404 -1.44849 -3.4147 11589.2 2.18804e+15 8.49056e-07 3.72369e-06 1.65663e-21 1.30539e-09 2987.74 0 0 2.35958e-17 0 0 8.15295e-06 0 0 0 0 0 0 5.99484e+07 5.99484e+07 5.99484e+07 5.99484e+07 
0.1075 1.21485 -2.08515 -0.129692 -1.44817 -3.41485 11842.6 2.17749e+15 8.49091e-07 3.71851e-06 1.69116e-21 1.29729e-09 3044.16 0 0 2.40689e-17 0 0 8.15297e-06 0 0 0 0 0 0 6.08953e+07 6.08953e+07 6.08953e+07 6.08953e+07 
0.108 1.21501 -2.08499 -0.128981 -1.44786 -3.41501 12099.9 2.16706e+15 8.49126e-07 3.71336e-06 1.72624e-21 1.28928e-09 3100.31 0 0 2.45495e-17 0 0 8.15299e-06 0 0 0 0 0 0 6.18511e+07 6.18511e+07 6.18511e+07 6.18511e+07 
0.1085 1.21516 -2.08484 -0.12827 -1.44754 -3.41516 12361.3 2.15672e+15 8.49161e-07 3.70825e-06 1.76187e-21 1.28137e-09 3156.19 0 0 2.50376e-17 0 0 8.15301e-06 0 0 0 0 0 0 6.28158e+07 6.28158e+07 6.28158e+07 6.28158e+07 
0.109 1.21532 -2.08468 -0.12756 -1.44722 -3.41532 12626.7 2.14649e+15 8.49196e-07 3.70317e-06 1.79804e-21 1.27354e-09 3211.8 0 0 2.55333e-17 0 0 8.15303e-06 0 0 0 0 0 0 6.37892e+07 6.37892e+07 6.37892e+07 6.37892e+07 
0.1095 1.21548 -2.08452 -0.12685 -1.4469 -3.41548 12896.1 2.13635e+15 8.49231e-07 3.69814e-06 1.83478e-21 1.2658e-09 3267.16 0 0 2.60367e-17 0 0 8.15306e-06 0 0 0 0 0 0 6.47716e+07 6.47716e+07 6.47716e+07 6.47716e+07 
0.11 1.21565 -2.08435 -0.126141 -1.44658 -3.41565 13169.7 2.12631e+15 8.49266e-07 3.69313e-06 1.87207e-21 1.25815e-09 3322.25 0 0 2.65479e-17 0 0 8.15308e-06 0 0 0 0 0 0 6.57627e+07 6.57627e+07 6.57627e+07 6.57627e+07 
0.1105 1.21582 -2.08418 -0.125432 -1.44625 -3.41582 13447.4 2.11636e+15 8.49301e-07 3.68817e-06 1.90993e-21 1.25058e-09 3377.08 0 0 2.70669e-17 0 0 8.1531e-06 0 0 0 0 0 0 6.67626e+07 6.67626e+07 6.67626e+07 6.67626e+07 
0.111 1.21599 -2.08401 -0.124724 -1.44592 -3.41599 13729.2 2.10651e+15 8.49335e-07 3.68323e-06 1.94836e-21 1.24309e-09 3431.65 0 0 2.75938e-17 0 0 8.15312e-06 0 0 0 0 0 0 6.77713e+07 6.77713e+07 6.77713e+07 6.77713e+07 
0.1115 1.21616 -2.08384 -0.124016 -1.4456 -3.41616 14015.2 2.09674e+15 8.4937e-07 3.67834e-06 1.98736e-21 1.23568e-09 3485.98 0 0 2.81287e-17 0 0 8.15315e-06 0 0 0 0 0 0 6.87887e+07 6.87887e+07 6.87887e+07 6.87887e+07 
0.112 1.21633 -2.08367 -0.123308 -1.44526 -3.41633 14305.5 2.08707e+15 8.49405e-07 3.67347e-06 2.02694e-21 1.22835e-09 3540.05 0 0 2.86716e-17 0 0 8.15317e-06 0 0 0 0 0 0 6.98148e+07 6.98148e+07 6.98148e+07 6.98148e+07 
0.1125 1.21651 -2.08349 -0.122601 -1.44493 -3.41651 14600 2.07748e+15 8.49439e-07 3.66864e-06 2.0671e-21 1.2211e-09 3593.87 0 0 2.92226e-17 0 0 8.15319e-06 0 0 0 0 0 0 7.08496e+07 7.08496e+07 7.08496e+07 7.08496e+07 
0.113 1.21669 -2.08331 -0.121895 -1.4446 -3.41669 14898.8 2.06798e+15 8.49474e-07 3.66384e-06 2.10784e-21 1.21393e-09 3647.45 0 0 2.97817e-17 0 0 8.15322e-06 0 0 0 0 0 0 7.1893e+07 7.1893e+07 7.1893e+07 7.1893e+07 
0.1135 1.21688 -2.08312 -0.121188 -1.44426 -3.41688 15201.9 2.05857e+15 8.49508e-07 3.65907e-06 2.14918e-21 1.20683e-09 3700.78 0 0 3.03492e-17 0 0 8.15324e-06 0 0 0 0 0 0 7.2945e+07 7.2945e+07 7.2945e+07 7.2945e+07 
0.114 1.21706 -2.08294 -0.120483 -1.44392 -3.41706 15509.3 2.04923e+15 8.49543e-07 3.65433e-06 2.19111e-21 1.1998e-09 3753.86 0 0 3.09249e-17 0 0 8.15326e-06 0 0 0 0 0 0 7.40056e+07 7.40056e+07 7.40056e+07 7.40056e+07 
0.1145 1.21725 -2.08275 -0.119777 -1.44358 -3.41725 15821.2 2.03998e+15 8.49577e-07 3.64962e-06 2.23364e-21 1.19284e-09 3806.71 0 0 3.1509e-17 0 0 8.15329e-06 0 0 0 0 0 0 7.50746e+07 7.50746e+07 7.50746e+07 7.50746e+07 
0.115 1.21744 -2.08256 -0.119072 -1.44324 -3.41744 16137.4 2.03081e+15 8.49612e-07 3.64494e-06 2.27678e-21 1.18596e-09 3859.32 0 0 3.21015e-17 0 0 8.15331e-06 0 0 0 0 0 0 7.61522e+07 7.61522e+07 7.61522e+07 7.61522e+07 
0.1155 1.21764 -2.08236 -0.118367 -1.44289 -3.41764 16458.1 2.02171e+15 8.49646e-07 3.64029e-06 2.32052e-21 1.17914e-09 3911.7 0 0 3.27026e-17 0 0 8.15333e-06 0 0 0 0 0 0 7.72381e+07 7.72381e+07 7.72381e+07 7.72381e+07 
0.116 1.21784 -2.08216 -0.117663 -1.44255 -3.41784 16783.2 2.01269e+15 8.4968e-07 3.63566e-06 2.36487e-21 1.17239e-09 3963.84 0 0 3.33122e-17 0 0 8.15336e-06 0 0 0 0 0 0 7.83324e+07 7.83324e+07 7.83324e+07 7.83324e+07 
0.1165 1.21804 -2.08196 -0.116959 -1.4422 -3.41804 17112.8 2.00375e+15 8.49714e-07 3.63107e-06 2.40984e-21 1.1657e-09 4015.74 0 0 3.39304e-17 0 0 8.15338e-06 0 0 0 0 0 0 7.94351e+07 7.94351e+07 7.94351e+07 7.94351e+07 
0.117 1.21824 -2.08176 -0.116255 -1.44185 -3.41824 17447 1.99488e+15 8.49748e-07 3.6265e-06 2.45542e-21 1.15908e-09 4067.42 0 0 3.45574e-17 0 0 8.1534e-06 0 0 0 0 0 0 8.0546e+07 8.0546e+07 8.0546e+07 8.0546e+07 
0.1175 1.21844 -2.08156 -0.115551 -1.44149 -3.41844 17785.7 1.98608e+15 8.49782e-07 3.62196e-06 2.50163e-21 1.15252e-09 4118.87 0 0 3.51932e-17 0 0 8.15343e-06 0 0 0 0 0 0 8.16651e+07 8.16651e+07 8.16651e+07 8.16651e+07 
0.118 1.21865 -2.08135 -0.114848 -1.44114 -3.41865 18128.9 1.97735e+15 8.49816e-07 3.61744e-06 2.54847e-21 1.14603e-09 4170.09 0 0 3.58378e-17 0 0 8.15345e-06 0 0 0 0 0 0 8.27923e+07 8.27923e+07 8.27923e+07 8.27923e+07 
0.1185 1.21886 -2.08114 -0.114145 -1.44078 -3.41886 18476.8 1.96869e+15 8.4985e-07 3.61295e-06 2.59593e-21 1.13959e-09 4221.09 0 0 3.64912e-17 0 0 8.15348e-06 0 0 0 0 0 0 8.39276e+07 8.39276e+07 8.39276e+07 8.39276e+07 
0.119 1.21907 -2.08093 -0.113443 -1.44042 -3.41907 18829.3 1.96009e+15 8.49884e-07 3.60849e-06 2.64403e-21 1.13321e-09 4271.86 0 0 3.71537e-17 0 0 8.1535e-06 0 0 0 0 0 0 8.50709e+07 8.50709e+07 8.50709e+07 8.50709e+07 
0.1195 1.21929 -2.08071 -0.11274 -1.44006 -3.41929 19186.5 1.95156e+15 8.49918e-07 3.60405e-06 2.69277e-21 1.12689e-09 4322.42 0 0 3.78252e-17 0 0 8.15352e-06 0 0 0 0 0 0 8.62221e+07 8.62221e+07 8.62221e+07 8.62221e+07 
0.12 1.2195 -2.0805 -0.112038 -1.4397 -3.4195 19548.4 1.9431e+15 8.49952e-07 3.59963e-06 2.74215e-21 1.12063e-09 4372.75 0 0 3.85058e-17 0 0 8.15355e-06 0 0 0 0 0 0 8.73812e+07 8.73812e+07 8.73812e+07 8.73812e+07 
0.1205 1.21972 -2.08028 -0.111336 -1.43934 -3.41972 19914.9 1.9347e+15 8.49986e-07 3.59523e-06 2.79218e-21 1.11443e-09 4422.86 0 0 3.91955e-17 0 0 8.15357e-06 0 0 0 0 0 0 8.85481e+07 8.85481e+07 8.85481e+07 8.85481e+07 
0.121 1.21995 -2.08005 -0.110634 -1.43897 -3.41995 20286.2 1.92636e+15 8.50019e-07 3.59086e-06 2.84285e-21 1.10827e-09 4472.76 0 0 3.98944e-17 0 0 8.1536e-06 0 0 0 0 0 0 8.97226e+07 8.97226e+07 8.97226e+07 8.97226e+07 
0.1215 1.22017 -2.07983 -0.109933 -1.4386 -3.42017 20662.3 1.91808e+15 8.50053e-07 3.58651e-06 2.89418e-21 1.10217e-09 4522.45 0 0 4.06027e-17 0 0 8.15362e-06 0 0 0 0 0 0 9.09048e+07 9.09048e+07 9.09048e+07 9.09048e+07 
0.122 1.2204 -2.0796 -0.109232 -1.43823 -3.4204 21043.2 1.90986e+15 8.50086e-07 3.58218e-06 2.94617e-21 1.09613e-09 4571.92 0 0 4.13202e-17 0 0 8.15365e-06 0 0 0 0 0 0 9.20945e+07 9.20945e+07 9.20945e+07 9.20945e+07 
0.1225 1.22063 -2.07937 -0.10853 -1.43786 -3.42063 21428.9 1.9017e+15 8.5012e-07 3.57787e-06 2.99881e-21 1.09013e-09 4621.18 0 0 4.20472e-17 0 0 8.15368e-06 0 0 0 0 0 0 9.32916e+07 9.32916e+07 9.32916e+07 9.32916e+07 
0.123 1.22086 -2.07914 -0.107829 -1.43748 -3.42086 21819.4 1.8936e+15 8.50153e-07 3.57358e-06 3.05212e-21 1.08418e-09 4670.23 0 0 4.27836e-17 0 0 8.1537e-06 0 0 0 0 0 0 9.4496e+07 9.4496e+07 9.4496e+07 9.4496e+07 
0.1235 1.22109 -2.07891 -0.107129 -1.4371 -3.42109 22214.8 1.88555e+15 8.50187e-07 3.56931e-06 3.1061e-21 1.07828e-09 4719.07 0 0 4.35295e-17 0 0 8.15373e-06 0 0 0 0 0 0 9.57077e+07 9.57077e+07 9.57077e+07 9.57077e+07 
0.124 1.22133 -2.07867 -0.106428 -1.43672 -3.42133 22615.1 1.87755e+15 8.5022e-07 3.56506e-06 3.16074e-21 1.07243e-09 4767.7 0 0 4.4285e-17 0 0 8.15375e-06 0 0 0 0 0 0 9.69265e+07 9.69265e+07 9.69265e+07 9.69265e+07 
0.1245 1.22157 -2.07843 -0.105728 -1.43634 -3.42157 23020.3 1.86961e+15 8.50253e-07 3.56083e-06 3.21606e-21 1.06663e-09 4816.12 0 0 4.50502e-17 0 0 8.15378e-06 0 0 0 0 0 0 9.81523e+07 9.81523e+07 9.81523e+07 9.81523e+07 
0.125 1.22181 -2.07819 -0.105027 -1.43596 -3.42181 23430.5 1.86171e+15 8.50286e-07 3.55662e-06 3.27206e-21 1.06087e-09 4864.35 0 0 4.5825e-17 0 0 8.1538e-06 0 0 0 0 0 0 9.9385e+07 9.9385e+07 9.9385e+07 9.9385e+07 
0.1255 1.22206 -2.07794 -0.104327 -1.43558 -3.42206 23845.6 1.85387e+15 8.50319e-07 3.55242e-06 3.32874e-21 1.05515e-09 4912.36 0 0 4.66095e-17 0 0 8.15383e-06 0 0 0 0 0 0 1.00625e+08 1.00625e+08 1.00625e+08 1.00625e+08 
0.126 1.2223 -2.0777 -0.103627 -1.43519 -3.4223 24265.7 1.84608e+15 8.50352e-07 3.54824e-06 3.3861e-21 1.04948e-09 4960.18 0 0 4.74039e-17 0 0 8.15386e-06 0 0 0 0 0 0 1.01871e+08 1.01871e+08 1.01871e+08 1.01871e+08 
0.1265 1.22255 -2.07745 -0.102927 -1.4348 -3.42255 24690.7 1.83833e+15 8.50385e-07 3.54408e-06 3.44414e-21 1.04385e-09 5007.79 0 0 4.82081e-17 0 0 8.15388e-06 0 0 0 0 0 0 1.03123e+08 1.03123e+08 1.03123e+08 1.03123e+08 
0.127 1.22281 -2.07719 -0.102228 -1.43441 -3.42281 25120.9 1.83063e+15 8.50418e-07 3.53993e-06 3.50288e-21 1.03826e-09 5055.21 0 0 4.90221e-17 0 0 8.15391e-06 0 0 0 0 0 0 1.04382e+08 1.04382e+08 1.04382e+08 1.04382e+08 
0.1275 1.22306 -2.07694 -0.101528 -1.43401 -3.42306 25556 1.82297e+15 8.50451e-07 3.5358e-06 3.56231e-21 1.03271e-09 5102.43 0 0 4.98462e-17 0 0 8.15394e-06 0 0 0 0 0 0 1.05648e+08 1.05648e+08 1.05648e+08 1.05648e+08 
0.128 1.22332 -2.07668 -0.100828 -1.43362 -3.42332 25996.3 1.81536e+15 8.50484e-07 3.53168e-06 3.62243e-21 1.0272e-09 5149.45 0 0 5.06802e-17 0 0 8.15397e-06 0 0 0 0 0 0 1.06919e+08 1.06919e+08 1.06919e+08 1.06919e+08 
0.1285 1.22357 -2.07643 -0.100129 -1.43322 -3.42357 26441.6 1.80779e+15 8.50517e-07 3.52758e-06 3.68325e-21 1.02173e-09 5196.27 0 0 5.15242e-17 0 0 8.15399e-06 0 0 0 0 0 0 1.08197e+08 1.08197e+08 1.08197e+08 1.08197e+08 
0.129 1.22384 -2.07616 -0.0994296 -1.43282 -3.42384 26892.1 1.80026e+15 8.50549e-07 3.52349e-06 3.74477e-21 1.01629e-09 5242.9 0 0 5.23784e-17 0 0 8.15402e-06 0 0 0 0 0 0 1.0948e+08 1.0948e+08 1.0948e+08 1.0948e+08 
0.1295 1.2241 -2.0759 -0.0987303 -1.43242 -3.4241 27347.6 1.79277e+15 8.50582e-07 3.51941e-06 3.80699e-21 1.01089e-09 5289.33 0 0 5.32427e-17 0 0 8.15405e-06 0 0 0 0 0 0 1.10769e+08 1.10769e+08 1.10769e+08 1.10769e+08 
0.13 1.22436 -2.07564 -0.0980311 -1.43201 -3.42436 27808.3 1.78532e+15 8.50614e-07 3.51534e-06 3.86993e-21 1.00553e-09 5335.57 0 0 5.41172e-17 0 0 8.15408e-06 0 0 0 0 0 0 1.12064e+08 1.12064e+08 1.12064e+08 1.12064e+08 
0.1305 1.22463 -2.07537 -0.097332 -1.43161 -3.42463 28274.2 1.77791e+15 8.50647e-07 3.51129e-06 3.93357e-21 1.0002e-09 5381.62 0 0 5.50019e-17 0 0 8.1541e-06 0 0 0 0 0 0 1.13363e+08 1.13363e+08 1.13363e+08 1.13363e+08 
0.131 1.2249 -2.0751 -0.0966329 -1.4312 -3.4249 28745.3 1.77053e+15 8.50679e-07 3.50725e-06 3.99792e-21 9.94902e-10 5427.48 0 0 5.58968e-17 0 0 8.15413e-06 0 0 0 0 0 0 1.14668e+08 1.14668e+08 1.14668e+08 1.14668e+08 
0.1315 1.22518 -2.07482 -0.0959339 -1.43079 -3.42518 29221.6 1.76319e+15 8.50712e-07 3.50321e-06 4.06298e-21 9.89637e-10 5473.14 0 0 5.68021e-17 0 0 8.15416e-06 0 0 0 0 0 0 1.15978e+08 1.15978e+08 1.15978e+08 1.15978e+08 
0.132 1.22545 -2.07455 -0.0952349 -1.43037 -3.42545 29703.1 1.75588e+15 8.50744e-07 3.49919e-06 4.12876e-21 9.84404e-10 5518.62 0 0 5.77177e-17 0 0 8.15419e-06 0 0 0 0 0 0 1.17293e+08 1.17293e+08 1.17293e+08 1.17293e+08 
0.1325 1.22573 -2.07427 -0.094536 -1.42996 -3.42573 30189.8 1.74861e+15 8.50776e-07 3.49518e-06 4.19526e-21 9.79201e-10 5563.91 0 0 5.86437e-17 0 0 8.15422e-06 0 0 0 0 0 0 1.18613e+08 1.18613e+08 1.18613e+08 1.18613e+08 
0.133 1.22601 -2.07399 -0.0938371 -1.42954 -3.42601 30681.8 1.74136e+15 8.50808e-07 3.49117e-06 4.26248e-21 9.74027e-10 5609.01 0 0 5.95802e-17 0 0 8.15425e-06 0 0 0 0 0 0 1.19937e+08 1.19937e+08 1.19937e+08 1.19937e+08 
0.1335 1.22629 -2.07371 -0.0931383 -1.42912 -3.42629 31179 1.73415e+15 8.5084e-07 3.48717e-06 4.33042e-21 9.68882e-10 5653.92 0 0 6.05271e-17 0 0 8.15428e-06 0 0 0 0 0 0 1.21265e+08 1.21265e+08 1.21265e+08 1.21265e+08 
0.134 1.22657 -2.07343 -0.0924395 -1.4287 -3.42657 31681.6 1.72697e+15 8.50872e-07 3.48318e-06 4.39909e-21 9.63764e-10 5698.65 0 0 6.14844e-17 0 0 8.15431e-06 0 0 0 0 0 0 1.22597e+08 1.22597e+08 1.22597e+08 1.22597e+08 
0.1345 1.22686 -2.07314 -0.0917407 -1.42827 -3.42686 32189.4 1.71981e+15 8.50904e-07 3.4792e-06 4.46849e-21 9.58673e-10 5743.19 0 0 6.24523e-17 0 0 8.15434e-06 0 0 0 0 0 0 1.23933e+08 1.23933e+08 1.23933e+08 1.23933e+08 
0.135 1.22715 -2.07285 -0.0910419 -1.42785 -3.42715 32702.5 1.71268e+15 8.50936e-07 3.47522e-06 4.53861e-21 9.53607e-10 5787.55 0 0 6.34308e-17 0 0 8.15437e-06 0 0 0 0 0 0 1.25272e+08 1.25272e+08 1.25272e+08 1.25272e+08 
0.1355 1.22744 -2.07256 -0.0903432 -1.42742 -3.42744 33221 1.70558e+15 8.50968e-07 3.47125e-06 4.60946e-21 9.48566e-10 5831.73 0 0 6.44198e-17 0 0 8.1544e-06 0 0 0 0 0 0 1.26615e+08 1.26615e+08 1.26615e+08 1.26615e+08 
0.136 1.22773 -2.07227 -0.0896444 -1.42699 -3.42773 33744.8 1.6985e+15 8.50999e-07 3.46729e-06 4.68105e-21 9.43549e-10 5875.72 0 0 6.54195e-17 0 0 8.15443e-06 0 0 0 0 0 0 1.27961e+08 1.27961e+08 1.27961e+08 1.27961e+08 
0.1365 1.22802 -2.07198 -0.0889457 -1.42656 -3.42802 34273.9 1.69144e+15 8.51031e-07 3.46332e-06 4.75337e-21 9.38554e-10 5919.52 0 0 6.64297e-17 0 0 8.15446e-06 0 0 0 0 0 0 1.29309e+08 1.29309e+08 1.29309e+08 1.29309e+08 
0.137 1.22832 -2.07168 -0.0882469 -1.42612 -3.42832 34808.4 1.6844e+15 8.51063e-07 3.45936e-06 4.82642e-21 9.33582e-10 5963.15 0 0 6.74507e-17 0 0 8.15449e-06 0 0 0 0 0 0 1.3066e+08 1.3066e+08 1.3066e+08 1.3066e+08 
0.1375 1.22862 -2.07138 -0.0875482 -1.42568 -3.42862 35348.3 1.67739e+15 8.51094e-07 3.45541e-06 4.90021e-21 9.28631e-10 6006.59 0 0 6.84822e-17 0 0 8.15452e-06 0 0 0 0 0 0 1.32014e+08 1.32014e+08 1.32014e+08 1.32014e+08 
0.138 1.22892 -2.07108 -0.0868495 -1.42524 -3.42892 35893.5 1.67039e+15 8.51126e-07 3.45145e-06 4.97475e-21 9.237e-10 6049.86 0 0 6.95245e-17 0 0 8.15455e-06 0 0 0 0 0 0 1.3337e+08 1.3337e+08 1.3337e+08 1.3337e+08 
0.1385 1.22923 -2.07077 -0.0861507 -1.4248 -3.42923 36444.2 1.66341e+15 8.51157e-07 3.4475e-06 5.05002e-21 9.18788e-10 6092.94 0 0 7.05775e-17 0 0 8.15458e-06 0 0 0 0 0 0 1.34727e+08 1.34727e+08 1.34727e+08 1.34727e+08 
0.139 1.22953 -2.07047 -0.0854519 -1.42435 -3.42953 37000.2 1.65645e+15 8.51188e-07 3.44355e-06 5.12603e-21 9.13894e-10 6135.84 0 0 7.16412e-17 0 0 8.15461e-06 0 0 0 0 0 0 1.36086e+08 1.36086e+08 1.36086e+08 1.36086e+08 
0.1395 1.22984 -2.07016 -0.0847532 -1.42391 -3.42984 37561.6 1.64951e+15 8.5122e-07 3.4396e-06 5.20278e-21 9.09017e-10 6178.56 0 0 7.27157e-17 0 0 8.15464e-06 0 0 0 0 0 0 1.37446e+08 1.37446e+08 1.37446e+08 1.37446e+08 
0.14 1.23015 -2.06985 -0.0840544 -1.42346 -3.43015 38128.5 1.64258e+15 8.51251e-07 3.43564e-06 5.28027e-21 9.04158e-10 6221.11 0 0 7.38009e-17 0 0 8.15468e-06 0 0 0 0 0 0 1.38807e+08 1.38807e+08 1.38807e+08 1.38807e+08 
0.1405 1.23046 -2.06954 -0.0833555 -1.423 -3.43046 38700.7 1.63566e+15 8.51282e-07 3.43169e-06 5.35851e-21 8.99313e-10 6263.47 0 0 7.48968e-17 0 0 8.15471e-06 0 0 0 0 0 0 1.40169e+08 1.40169e+08 1.40169e+08 1.40169e+08 
0.141 1.23078 -2.06922 -0.0826567 -1.42255 -3.43078 39278.4 1.62875e+15 8.51313e-07 3.42773e-06 5.4375e-21 8.94484e-10 6305.65 0 0 7.60035e-17 0 0 8.15474e-06 0 0 0 0 0 0 1.4153e+08 1.4153e+08 1.4153e+08 1.4153e+08 
0.1415 1.23109 -2.06891 -0.0819578 -1.42209 -3.43109 39861.5 1.62186e+15 8.51344e-07 3.42377e-06 5.51723e-21 8.89668e-10 6347.66 0 0 7.71209e-17 0 0 8.15477e-06 0 0 0 0 0 0 1.42892e+08 1.42892e+08 1.42892e+08 1.42892e+08 
0.142 1.23141 -2.06859 -0.0812589 -1.42163 -3.43141 40450 1.61497e+15 8.51375e-07 3.41981e-06 5.5977e-21 8.84865e-10 6389.49 0 0 7.82491e-17 0 0 8.15481e-06 0 0 0 0 0 0 1.44253e+08 1.44253e+08 1.44253e+08 1.44253e+08 
0.1425 1.23173 -2.06827 -0.08056 -1.42117 -3.43173 41044 1.60809e+15 8.51406e-07 3.41584e-06 5.67892e-21 8.80073e-10 6431.14 0 0 7.93881e-17 0 0 8.15484e-06 0 0 0 0 0 0 1.45613e+08 1.45613e+08 1.45613e+08 1.45613e+08 
0.143 1.23205 -2.06795 -0.079861 -1.42071 -3.43205 41643.4 1.60122e+15 8.51436e-07 3.41187e-06 5.76089e-21 8.75293e-10 6472.61 0 0 8.05377e-17 0 0 8.15487e-06 0 0 0 0 0 0 1.46973e+08 1.46973e+08 1.46973e+08 1.46973e+08 
0.1435 1.23238 -2.06762 -0.079162 -1.42024 -3.43238 42248.2 1.59435e+15 8.51467e-07 3.40789e-06 5.84361e-21 8.70523e-10 6513.91 0 0 8.16982e-17 0 0 8.15491e-06 0 0 0 0 0 0 1.4833e+08 1.4833e+08 1.4833e+08 1.4833e+08 
0.144 1.2327 -2.0673 -0.078463 -1.41977 -3.4327 42858.4 1.58749e+15 8.51498e-07 3.4039e-06 5.92707e-21 8.65762e-10 6555.02 0 0 8.28693e-17 0 0 8.15494e-06 0 0 0 0 0 0 1.49686e+08 1.49686e+08 1.49686e+08 1.49686e+08 
0.1445 1.23303 -2.06697 -0.0777639 -1.4193 -3.43303 43474.1 1.58063e+15 8.51528e-07 3.39991e-06 6.01128e-21 8.61009e-10 6595.96 0 0 8.40511e-17 0 0 8.15498e-06 0 0 0 0 0 0 1.51039e+08 1.51039e+08 1.51039e+08 1.51039e+08 
0.145 1.23336 -2.06664 -0.0770648 -1.41882 -3.43336 44095.3 1.57377e+15 8.51559e-07 3.39591e-06 6.09623e-21 8.56263e-10 6636.72 0 0 8.52436e-17 0 0 8.15501e-06 0 0 0 0 0 0 1.5239e+08 1.5239e+08 1.5239e+08 1.5239e+08 
0.1455 1.2337 -2.0663 -0.0763657 -1.41835 -3.4337 44721.8 1.56691e+15 8.51589e-07 3.39189e-06 6.18194e-21 8.51523e-10 6677.31 0 0 8.64468e-17 0 0 8.15504e-06 0 0 0 0 0 0 1.53737e+08 1.53737e+08 1.53737e+08 1.53737e+08 
0.146 1.23403 -2.06597 -0.0756665 -1.41787 -3.43403 45353.8 1.56005e+15 8.51619e-07 3.38787e-06 6.26839e-21 8.46789e-10 6717.72 0 0 8.76607e-17 0 0 8.15508e-06 0 0 0 0 0 0 1.55081e+08 1.55081e+08 1.55081e+08 1.55081e+08 
0.1465 1.23437 -2.06563 -0.0749672 -1.41738 -3.43437 45991.2 1.55318e+15 8.51649e-07 3.38384e-06 6.35558e-21 8.42059e-10 6757.95 0 0 8.88851e-17 0 0 8.15511e-06 0 0 0 0 0 0 1.56421e+08 1.56421e+08 1.56421e+08 1.56421e+08 
0.147 1.23471 -2.06529 -0.074268 -1.4169 -3.43471 46634.1 1.54631e+15 8.5168e-07 3.37979e-06 6.44352e-21 8.37332e-10 6798 0 0 9.01201e-17 0 0 8.15515e-06 0 0 0 0 0 0 1.57756e+08 1.57756e+08 1.57756e+08 1.57756e+08 
0.1475 1.23505 -2.06495 -0.0735687 -1.41641 -3.43505 47282.3 1.53944e+15 8.5171e-07 3.37573e-06 6.5322e-21 8.32608e-10 6837.87 0 0 9.13656e-17 0 0 8.15519e-06 0 0 0 0 0 0 1.59086e+08 1.59086e+08 1.59086e+08 1.59086e+08 
0.148 1.23539 -2.06461 -0.0728693 -1.41592 -3.43539 47936 1.53255e+15 8.5174e-07 3.37166e-06 6.62163e-21 8.27885e-10 6877.57 0 0 9.26216e-17 0 0 8.15522e-06 0 0 0 0 0 0 1.60411e+08 1.60411e+08 1.60411e+08 1.60411e+08 
0.1485 1.23574 -2.06426 -0.0721699 -1.41542 -3.43574 48595 1.52566e+15 8.51769e-07 3.36757e-06 6.7118e-21 8.23163e-10 6917.09 0 0 9.38881e-17 0 0 8.15526e-06 0 0 0 0 0 0 1.61729e+08 1.61729e+08 1.61729e+08 1.61729e+08 
0.149 1.23608 -2.06392 -0.0714705 -1.41493 -3.43608 49259.5 1.51876e+15 8.51799e-07 3.36347e-06 6.80271e-21 8.1844e-10 6956.43 0 0 9.5165e-17 0 0 8.15529e-06 0 0 0 0 0 0 1.63041e+08 1.63041e+08 1.63041e+08 1.63041e+08 
0.1495 1.23643 -2.06357 -0.070771 -1.41443 -3.43643 49929.3 1.51185e+15 8.51829e-07 3.35934e-06 6.89436e-21 8.13715e-10 6995.59 0 0 9.64523e-17 0 0 8.15533e-06 0 0 0 0 0 0 1.64346e+08 1.64346e+08 1.64346e+08 1.64346e+08 
0.15 1.23678 -2.06322 -0.0700715 -1.41392 -3.43678 50604.4 1.50492e+15 8.51859e-07 3.3552e-06 6.98675e-21 8.08988e-10 7034.57 0 0 9.77498e-17 0 0 8.15537e-06 0 0 0 0 0 0 1.65643e+08 1.65643e+08 1.65643e+08 1.65643e+08 
0.1505 1.23714 -2.06286 -0.069372 -1.41342 -3.43714 51285 1.49797e+15 8.51888e-07 3.35104e-06 7.07987e-21 8.04257e-10 7073.38 0 0 9.90576e-17 0 0 8.1554e-06 0 0 0 0 0 0 1.66932e+08 1.66932e+08 1.66932e+08 1.66932e+08 
0.151 1.23749 -2.06251 -0.0686724 -1.41291 -3.43749 51970.8 1.49101e+15 8.51918e-07 3.34686e-06 7.17373e-21 7.99521e-10 7112 0 0 1.00376e-16 0 0 8.15544e-06 0 0 0 0 0 0 1.68213e+08 1.68213e+08 1.68213e+08 1.68213e+08 
0.1515 1.23785 -2.06215 -0.0679728 -1.4124 -3.43785 52662 1.48404e+15 8.51947e-07 3.34266e-06 7.26832e-21 7.9478e-10 7150.44 0 0 1.01704e-16 0 0 8.15548e-06 0 0 0 0 0 0 1.69483e+08 1.69483e+08 1.69483e+08 1.69483e+08 
0.152 1.23821 -2.06179 -0.0672732 -1.41188 -3.43821 53358.5 1.47704e+15 8.51977e-07 3.33844e-06 7.36364e-21 7.90032e-10 7188.71 0 0 1.03042e-16 0 0 8.15552e-06 0 0 0 0 0 0 1.70744e+08 1.70744e+08 1.70744e+08 1.70744e+08 
0.1525 1.23857 -2.06143 -0.0665735 -1.41137 -3.43857 54060.3 1.47002e+15 8.52006e-07 3.33419e-06 7.45969e-21 7.85276e-10 7226.79 0 0 1.0439e-16 0 0 8.15556e-06 0 0 0 0 0 0 1.71994e+08 1.71994e+08 1.71994e+08 1.71994e+08 
0.153 1.23893 -2.06107 -0.0658738 -1.41085 -3.43893 54767.4 1.46297e+15 8.52035e-07 3.32991e-06 7.55646e-21 7.80511e-10 7264.69 0 0 1.05747e-16 0 0 8.15559e-06 0 0 0 0 0 0 1.73233e+08 1.73233e+08 1.73233e+08 1.73233e+08 
0.1535 1.23929 -2.06071 -0.0651741 -1.41032 -3.43929 55479.7 1.4559e+15 8.52064e-07 3.32561e-06 7.65396e-21 7.75736e-10 7302.4 0 0 1.07115e-16 0 0 8.15563e-06 0 0 0 0 0 0 1.74459e+08 1.74459e+08 1.74459e+08 1.74459e+08 
0.154 1.23966 -2.06034 -0.0644744 -1.40979 -3.43966 56197.2 1.4488e+15 8.52093e-07 3.32128e-06 7.75217e-21 7.7095e-10 7339.94 0 0 1.08492e-16 0 0 8.15567e-06 0 0 0 0 0 0 1.75673e+08 1.75673e+08 1.75673e+08 1.75673e+08 
0.1545 1.24003 -2.05997 -0.0637747 -1.40926 -3.44003 56920 1.44168e+15 8.52122e-07 3.31692e-06 7.85111e-21 7.66151e-10 7377.29 0 0 1.09879e-16 0 0 8.15571e-06 0 0 0 0 0 0 1.76874e+08 1.76874e+08 1.76874e+08 1.76874e+08 
0.155 1.2404 -2.0596 -0.0630749 -1.40873 -3.4404 57647.9 1.43452e+15 8.52151e-07 3.31254e-06 7.95075e-21 7.61339e-10 7414.45 0 0 1.11275e-16 0 0 8.15575e-06 0 0 0 0 0 0 1.7806e+08 1.7806e+08 1.7806e+08 1.7806e+08 
0.1555 1.24077 -2.05923 -0.0623751 -1.40819 -3.44077 58381 1.42733e+15 8.5218e-07 3.30812e-06 8.05111e-21 7.56512e-10 7451.43 0 0 1.12681e-16 0 0 8.15579e-06 0 0 0 0 0 0 1.79231e+08 1.79231e+08 1.79231e+08 1.79231e+08 
0.156 1.24114 -2.05886 -0.0616754 -1.40765 -3.44114 59119.2 1.42011e+15 8.52208e-07 3.30366e-06 8.15217e-21 7.5167e-10 7488.22 0 0 1.14096e-16 0 0 8.15583e-06 0 0 0 0 0 0 1.80387e+08 1.80387e+08 1.80387e+08 1.80387e+08 
0.1565 1.24152 -2.05848 -0.0609756 -1.40711 -3.44152 59862.5 1.41285e+15 8.52237e-07 3.29917e-06 8.25394e-21 7.4681e-10 7524.83 0 0 1.1552e-16 0 0 8.15587e-06 0 0 0 0 0 0 1.81526e+08 1.81526e+08 1.81526e+08 1.81526e+08 
0.157 1.24189 -2.05811 -0.0602758 -1.40656 -3.44189 60610.9 1.40555e+15 8.52265e-07 3.29465e-06 8.3564e-21 7.41932e-10 7561.25 0 0 1.16953e-16 0 0 8.15591e-06 0 0 0 0 0 0 1.82648e+08 1.82648e+08 1.82648e+08 1.82648e+08 
0.1575 1.24227 -2.05773 -0.0595761 -1.40601 -3.44227 61364.3 1.39821e+15 8.52294e-07 3.29008e-06 8.45955e-21 7.37035e-10 7597.48 0 0 1.18395e-16 0 0 8.15595e-06 0 0 0 0 0 0 1.83751e+08 1.83751e+08 1.83751e+08 1.83751e+08 
0.158 1.24265 -2.05735 -0.0588763 -1.40545 -3.44265 62122.7 1.39082e+15 8.52322e-07 3.28548e-06 8.5634e-21 7.32117e-10 7633.51 0 0 1.19845e-16 0 0 8.15599e-06 0 0 0 0 0 0 1.84835e+08 1.84835e+08 1.84835e+08 1.84835e+08 
0.1585 1.24304 -2.05696 -0.0581766 -1.40489 -3.44304 62886.1 1.38339e+15 8.5235e-07 3.28083e-06 8.66793e-21 7.27177e-10 7669.36 0 0 1.21304e-16 0 0 8.15603e-06 0 0 0 0 0 0 1.859e+08 1.859e+08 1.859e+08 1.859e+08 
0.159 1.24342 -2.05658 -0.0574769 -1.40433 -3.44342 63654.4 1.37592e+15 8.52379e-07 3.27614e-06 8.77314e-21 7.22214e-10 7705.01 0 0 1.22771e-16 0 0 8.15607e-06 0 0 0 0 0 0 1.86943e+08 1.86943e+08 1.86943e+08 1.86943e+08 
0.1595 1.24381 -2.05619 -0.0567772 -1.40376 -3.44381 64427.6 1.36839e+15 8.52407e-07 3.27141e-06 8.87902e-21 7.17227e-10 7740.47 0 0 1.24247e-16 0 0 8.15611e-06 0 0 0 0 0 0 1.87965e+08 1.87965e+08 1.87965e+08 1.87965e+08 
0.16 1.24419 -2.05581 -0.0560776 -1.40319 -3.44419 65205.6 1.36082e+15 8.52435e-07 3.26663e-06 8.98557e-21 7.12213e-10 7775.74 0 0 1.25731e-16 0 0 8.15616e-06 0 0 0 0 0 0 1.88963e+08 1.88963e+08 1.88963e+08 1.88963e+08 
0.1605 1.24458 -2.05542 -0.055378 -1.40262 -3.44458 65988.5 1.35319e+15 8.52462e-07 3.2618e-06 9.09278e-21 7.07173e-10 7810.8 0 0 1.27222e-16 0 0 8.1562e-06 0 0 0 0 0 0 1.89938e+08 1.89938e+08 1.89938e+08 1.89938e+08 
0.161 1.24498 -2.05502 -0.0546784 -1.40204 -3.44498 66776.1 1.3455e+15 8.5249e-07 3.25692e-06 9.20065e-21 7.02103e-10 7845.67 0 0 1.28721e-16 0 0 8.15624e-06 0 0 0 0 0 0 1.90888e+08 1.90888e+08 1.90888e+08 1.90888e+08 
0.1615 1.24537 -2.05463 -0.053979 -1.40146 -3.44537 67568.4 1.33775e+15 8.52518e-07 3.25199e-06 9.30917e-21 6.97004e-10 7880.34 0 0 1.30228e-16 0 0 8.15628e-06 0 0 0 0 0 0 1.91811e+08 1.91811e+08 1.91811e+08 1.91811e+08 
0.162 1.24576 -2.05424 -0.0532795 -1.40087 -3.44576 68365.4 1.32995e+15 8.52545e-07 3.247e-06 9.41834e-21 6.91874e-10 7914.81 0 0 1.31741e-16 0 0 8.15632e-06 0 0 0 0 0 0 1.92708e+08 1.92708e+08 1.92708e+08 1.92708e+08 
0.1625 1.24616 -2.05384 -0.0525802 -1.40028 -3.44616 69167.1 1.32208e+15 8.52573e-07 3.24195e-06 9.52814e-21 6.8671e-10 7949.08 0 0 1.33262e-16 0 0 8.15637e-06 0 0 0 0 0 0 1.93577e+08 1.93577e+08 1.93577e+08 1.93577e+08 
0.163 1.24656 -2.05344 -0.051881 -1.39968 -3.44656 69973.3 1.31414e+15 8.526e-07 3.23685e-06 9.63857e-21 6.81512e-10 7983.14 0 0 1.3479e-16 0 0 8.15641e-06 0 0 0 0 0 0 1.94416e+08 1.94416e+08 1.94416e+08 1.94416e+08 
0.1635 1.24696 -2.05304 -0.0511818 -1.39908 -3.44696 70784 1.30613e+15 8.52628e-07 3.23168e-06 9.74962e-21 6.76279e-10 8017 0 0 1.36324e-16 0 0 8.15645e-06 0 0 0 0 0 0 1.95224e+08 1.95224e+08 1.95224e+08 1.95224e+08 
0.164 1.24736 -2.05264 -0.0504827 -1.39848 -3.44736 71599.1 1.29805e+15 8.52655e-07 3.22646e-06 9.86129e-21 6.71008e-10 8050.64 0 0 1.37864e-16 0 0 8.15649e-06 0 0 0 0 0 0 1.96001e+08 1.96001e+08 1.96001e+08 1.96001e+08 
0.1645 1.24776 -2.05224 -0.0497838 -1.39787 -3.44776 72418.7 1.2899e+15 8.52682e-07 3.22116e-06 9.97356e-21 6.65698e-10 8084.08 0 0 1.39411e-16 0 0 8.15654e-06 0 0 0 0 0 0 1.96745e+08 1.96745e+08 1.96745e+08 1.96745e+08 
0.165 1.24817 -2.05183 -0.0490849 -1.39725 -3.44817 73242.6 1.28166e+15 8.52709e-07 3.21579e-06 1.00864e-20 6.60348e-10 8117.31 0 0 1.40963e-16 0 0 8.15658e-06 0 0 0 0 0 0 1.97454e+08 1.97454e+08 1.97454e+08 1.97454e+08 
0.1655 1.24857 -2.05143 -0.0483862 -1.39663 -3.44857 74070.7 1.27335e+15 8.52736e-07 3.21036e-06 1.01999e-20 6.54956e-10 8150.32 0 0 1.42521e-16 0 0 8.15662e-06 0 0 0 0 0 0 1.98128e+08 1.98128e+08 1.98128e+08 1.98128e+08 
0.166 1.24898 -2.05102 -0.0476877 -1.39601 -3.44898 74903.1 1.26496e+15 8.52762e-07 3.20484e-06 1.03139e-20 6.4952e-10 8183.11 0 0 1.44084e-16 0 0 8.15667e-06 0 0 0 0 0 0 1.98764e+08 1.98764e+08 1.98764e+08 1.98764e+08 
0.1665 1.24939 -2.05061 -0.0469893 -1.39538 -3.44939 75739.6 1.25647e+15 8.52789e-07 3.19925e-06 1.04285e-20 6.44039e-10 8215.69 0 0 1.45652e-16 0 0 8.15671e-06 0 0 0 0 0 0 1.99362e+08 1.99362e+08 1.99362e+08 1.99362e+08 
0.167 1.2498 -2.0502 -0.046291 -1.39474 -3.4498 76580.1 1.2479e+15 8.52816e-07 3.19358e-06 1.05437e-20 6.38511e-10 8248.05 0 0 1.47225e-16 0 0 8.15676e-06 0 0 0 0 0 0 1.99921e+08 1.99921e+08 1.99921e+08 1.99921e+08 
0.1675 1.25022 -2.04978 -0.045593 -1.3941 -3.45022 77424.7 1.23923e+15 8.52842e-07 3.18783e-06 1.06594e-20 6.32934e-10 8280.18 0 0 1.48802e-16 0 0 8.1568e-06 0 0 0 0 0 0 2.00438e+08 2.00438e+08 2.00438e+08 2.00438e+08 
0.168 1.25063 -2.04937 -0.0448951 -1.39345 -3.45063 78273.1 1.23047e+15 8.52868e-07 3.18199e-06 1.07757e-20 6.27306e-10 8312.09 0 0 1.50383e-16 0 0 8.15684e-06 0 0 0 0 0 0 2.00912e+08 2.00912e+08 2.00912e+08 2.00912e+08 
0.1685 1.25105 -2.04895 -0.0441974 -1.3928 -3.45105 79125.4 1.2216e+15 8.52895e-07 3.17606e-06 1.08925e-20 6.21626e-10 8343.77 0 0 1.51968e-16 0 0 8.15689e-06 0 0 0 0 0 0 2.01341e+08 2.01341e+08 2.01341e+08 2.01341e+08 
0.169 1.25147 -2.04853 -0.0434999 -1.39214 -3.45147 79981.5 1.21264e+15 8.52921e-07 3.17004e-06 1.10098e-20 6.15892e-10 8375.22 0 0 1.53556e-16 0 0 8.15693e-06 0 0 0 0 0 0 2.01725e+08 2.01725e+08 2.01725e+08 2.01725e+08 
0.1695 1.25189 -2.04811 -0.0428027 -1.39147 -3.45189 80841.2 1.20356e+15 8.52947e-07 3.16391e-06 1.11276e-20 6.10102e-10 8406.44 0 0 1.55146e-16 0 0 8.15697e-06 0 0 0 0 0 0 2.0206e+08 2.0206e+08 2.0206e+08 2.0206e+08 
0.17 1.25231 -2.04769 -0.0421057 -1.3908 -3.45231 81704.5 1.19437e+15 8.52973e-07 3.15769e-06 1.1246e-20 6.04255e-10 8437.42 0 0 1.5674e-16 0 0 8.15702e-06 0 0 0 0 0 0 2.02347e+08 2.02347e+08 2.02347e+08 2.02347e+08 
0.1705 1.25273 -2.04727 -0.041409 -1.39012 -3.45273 82571.3 1.18507e+15 8.52998e-07 3.15136e-06 1.13647e-20 5.98347e-10 8468.16 0 0 1.58335e-16 0 0 8.15706e-06 0 0 0 0 0 0 2.02582e+08 2.02582e+08 2.02582e+08 2.02582e+08 
0.171 1.25315 -2.04685 -0.0407125 -1.38944 -3.45315 83441.5 1.17565e+15 8.53024e-07 3.14493e-06 1.1484e-20 5.92378e-10 8498.66 0 0 1.59933e-16 0 0 8.15711e-06 0 0 0 0 0 0 2.02764e+08 2.02764e+08 2.02764e+08 2.02764e+08 
0.1715 1.25358 -2.04642 -0.0400163 -1.38875 -3.45358 84315 1.1661e+15 8.5305e-07 3.13838e-06 1.16037e-20 5.86344e-10 8528.91 0 0 1.61531e-16 0 0 8.15715e-06 0 0 0 0 0 0 2.02891e+08 2.02891e+08 2.02891e+08 2.02891e+08 
0.172 1.25401 -2.04599 -0.0393205 -1.38805 -3.45401 85191.6 1.15643e+15 8.53075e-07 3.13171e-06 1.17239e-20 5.80245e-10 8558.92 0 0 1.63131e-16 0 0 8.15719e-06 0 0 0 0 0 0 2.02962e+08 2.02962e+08 2.02962e+08 2.02962e+08 
0.1725 1.25444 -2.04556 -0.0386249 -1.38734 -3.45444 86071.4 1.14663e+15 8.531e-07 3.12492e-06 1.18445e-20 5.74078e-10 8588.67 0 0 1.64731e-16 0 0 8.15724e-06 0 0 0 0 0 0 2.02974e+08 2.02974e+08 2.02974e+08 2.02974e+08 
0.173 1.25487 -2.04513 -0.0379297 -1.38663 -3.45487 86954.2 1.13668e+15 8.53126e-07 3.118e-06 1.19655e-20 5.67841e-10 8618.17 0 0 1.66331e-16 0 0 8.15728e-06 0 0 0 0 0 0 2.02926e+08 2.02926e+08 2.02926e+08 2.02926e+08 
0.1735 1.2553 -2.0447 -0.0372348 -1.3859 -3.4553 87839.8 1.1266e+15 8.53151e-07 3.11095e-06 1.20869e-20 5.61531e-10 8647.41 0 0 1.6793e-16 0 0 8.15732e-06 0 0 0 0 0 0 2.02815e+08 2.02815e+08 2.02815e+08 2.02815e+08 
0.174 1.25573 -2.04427 -0.0365403 -1.38517 -3.45573 88728.2 1.11637e+15 8.53176e-07 3.10376e-06 1.22087e-20 5.55147e-10 8676.38 0 0 1.69528e-16 0 0 8.15736e-06 0 0 0 0 0 0 2.02639e+08 2.02639e+08 2.02639e+08 2.02639e+08 
0.1745 1.25617 -2.04383 -0.0358463 -1.38443 -3.45617 89619.3 1.10599e+15 8.532e-07 3.09643e-06 1.23309e-20 5.48686e-10 8705.09 0 0 1.71125e-16 0 0 8.15741e-06 0 0 0 0 0 0 2.02397e+08 2.02397e+08 2.02397e+08 2.02397e+08 
0.175 1.2566 -2.0434 -0.0351526 -1.38369 -3.4566 90512.8 1.09546e+15 8.53225e-07 3.08895e-06 1.24534e-20 5.42146e-10 8733.53 0 0 1.7272e-16 0 0 8.15745e-06 0 0 0 0 0 0 2.02085e+08 2.02085e+08 2.02085e+08 2.02085e+08 
0.1755 1.25704 -2.04296 -0.0344593 -1.38293 -3.45704 91408.8 1.08476e+15 8.5325e-07 3.08131e-06 1.25762e-20 5.35525e-10 8761.7 0 0 1.74312e-16 0 0 8.15749e-06 0 0 0 0 0 0 2.01703e+08 2.01703e+08 2.01703e+08 2.01703e+08 
0.176 1.25748 -2.04252 -0.0337665 -1.38216 -3.45748 92307 1.0739e+15 8.53274e-07 3.07351e-06 1.26994e-20 5.28819e-10 8789.59 0 0 1.759e-16 0 0 8.15753e-06 0 0 0 0 0 0 2.01246e+08 2.01246e+08 2.01246e+08 2.01246e+08 
0.1765 1.25792 -2.04208 -0.0330742 -1.38139 -3.45792 93207.4 1.06286e+15 8.53298e-07 3.06554e-06 1.28228e-20 5.22028e-10 8817.19 0 0 1.77485e-16 0 0 8.15757e-06 0 0 0 0 0 0 2.00714e+08 2.00714e+08 2.00714e+08 2.00714e+08 
0.177 1.25836 -2.04164 -0.0323824 -1.3806 -3.45836 94109.8 1.05164e+15 8.53323e-07 3.0574e-06 1.29465e-20 5.15147e-10 8844.5 0 0 1.79066e-16 0 0 8.15761e-06 0 0 0 0 0 0 2.00103e+08 2.00103e+08 2.00103e+08 2.00103e+08 
0.1775 1.2588 -2.0412 -0.0316911 -1.3798 -3.4588 95014 1.04024e+15 8.53347e-07 3.04907e-06 1.30705e-20 5.08175e-10 8871.53 0 0 1.80642e-16 0 0 8.15765e-06 0 0 0 0 0 0 1.99412e+08 1.99412e+08 1.99412e+08 1.99412e+08 
0.178 1.25925 -2.04075 -0.0310004 -1.37899 -3.45925 95919.9 1.02865e+15 8.5337e-07 3.04055e-06 1.31948e-20 5.01109e-10 8898.25 0 0 1.82211e-16 0 0 8.15769e-06 0 0 0 0 0 0 1.98636e+08 1.98636e+08 1.98636e+08 1.98636e+08 
0.1785 1.25969 -2.04031 -0.0303102 -1.37817 -3.45969 96827.4 1.01687e+15 8.53394e-07 3.03183e-06 1.33192e-20 4.93946e-10 8924.68 0 0 1.83775e-16 0 0 8.15773e-06 0 0 0 0 0 0 1.97775e+08 1.97775e+08 1.97775e+08 1.97775e+08 
0.179 1.26014 -2.03986 -0.0296206 -1.37734 -3.46014 97736.3 1.00488e+15 8.53418e-07 3.0229e-06 1.34438e-20 4.86684e-10 8950.79 0 0 1.85331e-16 0 0 8.15776e-06 0 0 0 0 0 0 1.96825e+08 1.96825e+08 1.96825e+08 1.96825e+08 
0.1795 1.26059 -2.03941 -0.0289316 -1.3765 -3.46059 98646.4 9.92673e+14 8.53441e-07 3.01376e-06 1.35687e-20 4.79319e-10 8976.6 0 0 1.8688e-16 0 0 8.1578e-06 0 0 0 0 0 0 1.95784e+08 1.95784e+08 1.95784e+08 1.95784e+08 
0.18 1.26104 -2.03896 -0.0282433 -1.37564 -3.46104 99557.6 9.80253e+14 8.53464e-07 3.00438e-06 1.36936e-20 4.71849e-10 9002.08 0 0 1.8842e-16 0 0 8.15783e-06 0 0 0 0 0 0 1.94648e+08 1.94648e+08 1.94648e+08 1.94648e+08 
0.1805 1.26149 -2.03851 -0.0275557 -1.37477 -3.46149 100470 9.67607e+14 8.53488e-07 2.99477e-06 1.38187e-20 4.64272e-10 9027.24 0 0 1.89951e-16 0 0 8.15786e-06 0 0 0 0 0 0 1.93416e+08 1.93416e+08 1.93416e+08 1.93416e+08 
0.181 1.26194 -2.03806 -0.0268687 -1.37388 -3.46194 101383 9.54727e+14 8.53511e-07 2.9849e-06 1.39439e-20 4.56583e-10 9052.07 0 0 1.91472e-16 0 0 8.15789e-06 0 0 0 0 0 0 1.92083e+08 1.92083e+08 1.92083e+08 1.92083e+08 
0.1815 1.26239 -2.03761 -0.0261825 -1.37298 -3.46239 102296 9.41606e+14 8.53533e-07 2.97478e-06 1.40692e-20 4.4878e-10 9076.57 0 0 1.92983e-16 0 0 8.15792e-06 0 0 0 0 0 0 1.90646e+08 1.90646e+08 1.90646e+08 1.90646e+08 
0.182 1.26285 -2.03715 -0.025497 -1.37207 -3.46285 103210 9.28235e+14 8.53556e-07 2.96438e-06 1.41945e-20 4.40861e-10 9100.72 0 0 1.94481e-16 0 0 8.15795e-06 0 0 0 0 0 0 1.89104e+08 1.89104e+08 1.89104e+08 1.89104e+08 
0.1825 1.2633 -2.0367 -0.0248124 -1.37113 -3.4633 104124 9.14604e+14 8.53579e-07 2.95369e-06 1.43199e-20 4.32821e-10 9124.52 0 0 1.95967e-16 0 0 8.15797e-06 0 0 0 0 0 0 1.87452e+08 1.87452e+08 1.87452e+08 1.87452e+08 
0.183 1.26376 -2.03624 -0.0241285 -1.37018 -3.46376 105038 9.00706e+14 8.53601e-07 2.94269e-06 1.44452e-20 4.24657e-10 9147.97 0 0 1.9744e-16 0 0 8.158e-06 0 0 0 0 0 0 1.85687e+08 1.85687e+08 1.85687e+08 1.85687e+08 
0.1835 1.26422 -2.03578 -0.0234456 -1.36921 -3.46422 105951 8.8653e+14 8.53623e-07 2.93138e-06 1.45706e-20 4.16367e-10 9171.05 0 0 1.98898e-16 0 0 8.15802e-06 0 0 0 0 0 0 1.83806e+08 1.83806e+08 1.83806e+08 1.83806e+08 
0.184 1.26468 -2.03532 -0.0227635 -1.36822 -3.46468 106865 8.72067e+14 8.53645e-07 2.91974e-06 1.46959e-20 4.07947e-10 9193.76 0 0 2.00341e-16 0 0 8.15803e-06 0 0 0 0 0 0 1.81806e+08 1.81806e+08 1.81806e+08 1.81806e+08 
0.1845 1.26514 -2.03486 -0.0220823 -1.36721 -3.46514 107777 8.57305e+14 8.53667e-07 2.90774e-06 1.48211e-20 3.99393e-10 9216.1 0 0 2.01768e-16 0 0 8.15805e-06 0 0 0 0 0 0 1.79682e+08 1.79682e+08 1.79682e+08 1.79682e+08 
0.185 1.2656 -2.0344 -0.0214021 -1.36618 -3.4656 108689 8.42233e+14 8.53689e-07 2.89536e-06 1.49461e-20 3.90702e-10 9238.05 0 0 2.03178e-16 0 0 8.15805e-06 0 0 0 0 0 0 1.77432e+08 1.77432e+08 1.77432e+08 1.77432e+08 
0.1855 1.26606 -2.03394 -0.0207229 -1.36512 -3.46606 109600 8.26841e+14 8.5371e-07 2.8826e-06 1.50711e-20 3.81871e-10 9259.6 0 0 2.0457e-16 0 0 8.15806e-06 0 0 0 0 0 0 1.75052e+08 1.75052e+08 1.75052e+08 1.75052e+08 
0.186 1.26652 -2.03348 -0.0200447 -1.36404 -3.46652 110509 8.11117e+14 8.53731e-07 2.86942e-06 1.51958e-20 3.72895e-10 9280.76 0 0 2.05942e-16 0 0 8.15806e-06 0 0 0 0 0 0 1.72538e+08 1.72538e+08 1.72538e+08 1.72538e+08 
0.1865 1.26699 -2.03301 -0.0193676 -1.36293 -3.46699 111417 7.95046e+14 8.53752e-07 2.85579e-06 1.53204e-20 3.63772e-10 9301.5 0 0 2.07295e-16 0 0 8.15805e-06 0 0 0 0 0 0 1.69885e+08 1.69885e+08 1.69885e+08 1.69885e+08 
0.187 1.26745 -2.03255 -0.0186916 -1.3618 -3.46745 112323 7.78616e+14 8.53773e-07 2.8417e-06 1.54447e-20 3.54497e-10 9321.82 0 0 2.08625e-16 0 0 8.15804e-06 0 0 0 0 0 0 1.67091e+08 1.67091e+08 1.67091e+08 1.67091e+08 
0.1875 1.26792 -2.03208 -0.0180168 -1.36063 -3.46792 113226 7.61813e+14 8.53794e-07 2.82712e-06 1.55687e-20 3.45066e-10 9341.71 0 0 2.09934e-16 0 0 8.15802e-06 0 0 0 0 0 0 1.64152e+08 1.64152e+08 1.64152e+08 1.64152e+08 
0.188 1.26839 -2.03161 -0.0173432 -1.35943 -3.46839 114128 7.44622e+14 8.53815e-07 2.812e-06 1.56924e-20 3.35476e-10 9361.17 0 0 2.11218e-16 0 0 8.15799e-06 0 0 0 0 0 0 1.61062e+08 1.61062e+08 1.61062e+08 1.61062e+08 
0.1885 1.26886 -2.03114 -0.0166708 -1.3582 -3.46886 115027 7.27026e+14 8.53835e-07 2.79632e-06 1.58157e-20 3.25722e-10 9380.17 0 0 2.12478e-16 0 0 8.15795e-06 0 0 0 0 0 0 1.57817e+08 1.57817e+08 1.57817e+08 1.57817e+08 
0.189 1.26933 -2.03067 -0.0159997 -1.35693 -3.46933 115923 7.09009e+14 8.53855e-07 2.78004e-06 1.59387e-20 3.15801e-10 9398.71 0 0 2.13711e-16 0 0 8.1579e-06 0 0 0 0 0 0 1.54414e+08 1.54414e+08 1.54414e+08 1.54414e+08 
0.1895 1.2698 -2.0302 -0.01533 -1.35561 -3.4698 116816 6.90553e+14 8.53875e-07 2.76311e-06 1.60612e-20 3.05707e-10 9416.78 0 0 2.14918e-16 0 0 8.15784e-06 0 0 0 0 0 0 1.50848e+08 1.50848e+08 1.50848e+08 1.50848e+08 
0.19 1.27027 -2.02973 -0.0146616 -1.35426 -3.47027 117706 6.71638e+14 8.53895e-07 2.7455e-06 1.61833e-20 2.95438e-10 9434.37 0 0 2.16095e-16 0 0 8.15776e-06 0 0 0 0 0 0 1.47114e+08 1.47114e+08 1.47114e+08 1.47114e+08 
0.1905 1.27074 -2.02926 -0.0139946 -1.35285 -3.47074 118591 6.52245e+14 8.53914e-07 2.72713e-06 1.63048e-20 2.84988e-10 9451.46 0 0 2.17242e-16 0 0 8.15766e-06 0 0 0 0 0 0 1.43208e+08 1.43208e+08 1.43208e+08 1.43208e+08 
0.191 1.27121 -2.02879 -0.0133292 -1.35139 -3.47121 119473 6.3235e+14 8.53934e-07 2.70796e-06 1.64258e-20 2.74354e-10 9468.05 0 0 2.18358e-16 0 0 8.15753e-06 0 0 0 0 0 0 1.39124e+08 1.39124e+08 1.39124e+08 1.39124e+08 
0.1915 1.27169 -2.02831 -0.0126653 -1.34988 -3.47169 120350 6.11931e+14 8.53953e-07 2.68792e-06 1.65463e-20 2.63529e-10 9484.11 0 0 2.19441e-16 0 0 8.15738e-06 0 0 0 0 0 0 1.34858e+08 1.34858e+08 1.34858e+08 1.34858e+08 
0.192 1.27216 -2.02784 -0.0120029 -1.3483 -3.47216 121223 5.90961e+14 8.53972e-07 2.66693e-06 1.6666e-20 2.52511e-10 9499.64 0 0 2.20489e-16 0 0 8.1572e-06 0 0 0 0 0 0 1.30404e+08 1.30404e+08 1.30404e+08 1.30404e+08 
0.1925 1.27264 -2.02736 -0.0113423 -1.34664 -3.47264 122091 5.69412e+14 8.5399e-07 2.6449e-06 1.67851e-20 2.41294e-10 9514.62 0 0 2.21502e-16 0 0 8.15698e-06 0 0 0 0 0 0 1.25758e+08 1.25758e+08 1.25758e+08 1.25758e+08 
0.193 1.27311 -2.02689 -0.0106833 -1.34491 -3.47311 122953 5.47254e+14 8.54008e-07 2.62174e-06 1.69035e-20 2.29873e-10 9529.03 0 0 2.22477e-16 0 0 8.1567e-06 0 0 0 0 0 0 1.20912e+08 1.20912e+08 1.20912e+08 1.20912e+08 
0.1935 1.27359 -2.02641 -0.0100261 -1.34309 -3.47359 123810 5.24453e+14 8.54027e-07 2.59732e-06 1.7021e-20 2.18244e-10 9542.86 0 0 2.23414e-16 0 0 8.15636e-06 0 0 0 0 0 0 1.15863e+08 1.15863e+08 1.15863e+08 1.15863e+08 
0.194 1.27407 -2.02593 -0.0093707 -1.34117 -3.47407 124661 5.00971e+14 8.54045e-07 2.57152e-06 1.71378e-20 2.06401e-10 9556.09 0 0 2.24309e-16 0 0 8.15594e-06 0 0 0 0 0 0 1.10603e+08 1.10603e+08 1.10603e+08 1.10603e+08 
0.1945 1.27455 -2.02545 -0.0087172 -1.33914 -3.47455 125505 4.76768e+14 8.54062e-07 2.54416e-06 1.72537e-20 1.9434e-10 9568.71 0 0 2.25162e-16 0 0 8.15541e-06 0 0 0 0 0 0 1.05127e+08 1.05127e+08 1.05127e+08 1.05127e+08 
0.195 1.27502 -2.02498 -0.00806566 -1.33697 -3.47502 126342 4.51797e+14 8.5408e-07 2.51506e-06 1.73686e-20 1.82055e-10 9580.69 0 0 2.25971e-16 0 0 8.15475e-06 0 0 0 0 0 0 9.94272e+07 9.94272e+07 9.94272e+07 9.94272e+07 
0.1955 1.2755 -2.0245 -0.00741615 -1.33465 -3.4755 127173 4.26005e+14 8.54097e-07 2.48399e-06 1.74826e-20 1.69541e-10 9592.01 0 0 2.26734e-16 0 0 8.15389e-06 0 0 0 0 0 0 9.34973e+07 9.34973e+07 9.34973e+07 9.34973e+07 
0.196 1.27598 -2.02402 -0.00676872 -1.33215 -3.47598 127995 3.99332e+14 8.54114e-07 2.45065e-06 1.75955e-20 1.56793e-10 9602.65 0 0 2.2745e-16 0 0 8.15279e-06 0 0 0 0 0 0 8.73298e+07 8.73298e+07 8.73298e+07 8.73298e+07 
0.1965 1.27646 -2.02354 -0.00612346 -1.32944 -3.47646 128810 3.71709e+14 8.5413e-07 2.41469e-06 1.77074e-20 1.43805e-10 9612.59 0 0 2.28115e-16 0 0 8.15132e-06 0 0 0 0 0 0 8.09166e+07 8.09166e+07 8.09166e+07 8.09166e+07 
0.197 1.27694 -2.02306 -0.00548044 -1.32647 -3.47694 129616 3.43054e+14 8.54146e-07 2.37564e-06 1.7818e-20 1.30573e-10 9621.8 0 0 2.28729e-16 0 0 8.14934e-06 0 0 0 0 0 0 7.4249e+07 7.4249e+07 7.4249e+07 7.4249e+07 
0.1975 1.27743 -2.02257 -0.00483974 -1.32318 -3.47743 130414 3.1327e+14 8.54162e-07 2.33291e-06 1.79275e-20 1.17092e-10 9630.26 0 0 2.29289e-16 0 0 8.14656e-06 0 0 0 0 0 0 6.73176e+07 6.73176e+07 6.73176e+07 6.73176e+07 
0.198 1.27791 -2.02209 -0.00420143 -1.31949 -3.47791 131202 2.8224e+14 8.54178e-07 2.28567e-06 1.80357e-20 1.03358e-10 9634.29 0 0 2.29555e-16 0 0 8.14494e-06 0 0 0 0 0 0 6.01121e+07 6.01121e+07 6.01121e+07 6.01121e+07 
0.198 1.27791 -2.02209 -0.00420143 -1.31949 -3.47791 131202 2.8224e+14 8.54178e-07 2.28567e-06 1.80357e-20 1.03358e-10 9640.9 0 0 2.29988e-16 0 0 8.14064e-06 0 0 0 0 0 0 6.01121e+07 6.01121e+07 6.01121e+07 6.01121e+07 
0.198409 1.2783 -2.0217 -0.00368068 -1.31607 -3.4783 131841 2.5579e+14 8.54191e-07 2.24283e-06 1.81233e-20 9.19158e-11 9643.59 0 0 2.30162e-16 0 0 8.13787e-06 0 0 0 0 0 0 5.39971e+07 5.39971e+07 5.39971e+07 5.39971e+07 
0.198752 1.27863 -2.02137 -0.00324651 -1.31287 -3.47863 132369 2.3287e+14 8.54201e-07 2.20344e-06 1.81959e-20 8.22101e-11 9647.89 0 0 2.3044e-16 0 0 8.13233e-06 0 0 0 0 0 0 4.87282e+07 4.87282e+07 4.87282e+07 4.87282e+07 
0.199038 1.27891 -2.02109 -0.00288438 -1.30989 -3.47891 132807 2.13084e+14 8.5421e-07 2.16746e-06 1.82561e-20 7.39965e-11 9651.17 0 0 2.3065e-16 0 0 8.12596e-06 0 0 0 0 0 0 4.42092e+07 4.42092e+07 4.42092e+07 4.42092e+07 
0.199277 1.27914 -2.02086 -0.00258221 -1.30714 -3.47914 133171 1.96063e+14 8.54217e-07 2.1348e-06 1.8306e-20 6.70599e-11 9653.69 0 0 2.3081e-16 0 0 8.11881e-06 0 0 0 0 0 0 4.03485e+07 4.03485e+07 4.03485e+07 4.03485e+07 
0.199478 1.27933 -2.02067 -0.00233001 -1.3046 -3.47933 133473 1.81467e+14 8.54223e-07 2.10536e-06 1.83475e-20 6.12118e-11 9655.62 0 0 2.30932e-16 0 0 8.11099e-06 0 0 0 0 0 0 3.70611e+07 3.70611e+07 3.70611e+07 3.70611e+07 
0.199645 1.2795 -2.0205 -0.00211944 -1.30229 -3.4795 133725 1.68989e+14 8.54228e-07 2.07899e-06 1.8382e-20 5.62887e-11 9657.13 0 0 2.31026e-16 0 0 8.10264e-06 0 0 0 0 0 0 3.42696e+07 3.42696e+07 3.42696e+07 3.42696e+07 
0.199785 1.27963 -2.02037 -0.00194359 -1.3002 -3.47963 133934 1.5835e+14 8.54232e-07 2.05551e-06 1.84107e-20 5.21493e-11 9658.3 0 0 2.31099e-16 0 0 8.09393e-06 0 0 0 0 0 0 3.1905e+07 3.1905e+07 3.1905e+07 3.1905e+07 
0.199902 1.27974 -2.02026 -0.00179671 -1.29832 -3.47974 134109 1.49301e+14 8.54235e-07 2.03475e-06 1.84347e-20 4.86726e-11 9659.22 0 0 2.31156e-16 0 0 8.08505e-06 0 0 0 0 0 0 2.9906e+07 2.9906e+07 2.9906e+07 2.9906e+07 
0.2 1.27984 -2.02016 -0.00167399 -1.29665 -3.47984 134254 1.41622e+14 8.54238e-07 2.01649e-06 1.84546e-20 4.57549e-11 9659.59 0 0 2.31179e-16 0 0 8.081e-06 0 0 0 0 0 0 2.82191e+07 2.82191e+07 2.82191e+07 2.82191e+07 