# ASCII 1D datafile generated by TiberCAD
# x Ec Ev eQFermi hQFermi ElPotential eDensity hDensity eMobility hMobility eConductivity hConductivity ElField_x ElField_y ElField_z eCurrentDensity_x eCurrentDensity_y eCurrentDensity_z hCurrentDensity_x hCurrentDensity_y hCurrentDensity_z IonizedDonors IonizedAcceptors IonizedElectronTraps IonizedHoleTraps eNetRecombination eLangevinRecombination hNetRecombination hLangevinRecombination 
0 -3.45 -6.75 -4.9285 -6.24315 1.25 67.3064 7.28812e+16 8.48721e-07 1.59903e-05 8.92612e-23 1.86716e-07 45714.1 0 0 2.95491e-18 0 0 0.0110064 0 0 0 0 0 0 4.27054e+07 4.27054e+07 4.27054e+07 4.27054e+07 
9.79066e-05 -3.44955 -6.74955 -4.92818 -6.24257 1.24955 66.9864 7.26501e+16 8.48761e-07 1.59622e-05 8.92181e-23 1.85797e-07 45897.9 0 0 2.9865e-18 0 0 0.0110064 0 0 0 0 0 0 4.22968e+07 4.22968e+07 4.22968e+07 4.22968e+07 
0.000214985 -3.44901 -6.74901 -4.92778 -6.24187 1.24901 66.6175 7.23764e+16 8.48852e-07 1.59296e-05 8.91689e-23 1.84719e-07 46336.9 0 0 3.0616e-18 0 0 0.0110064 0 0 0 0 0 0 4.18245e+07 4.18245e+07 4.18245e+07 4.18245e+07 
0.000354988 -3.44836 -6.74836 -4.92729 -6.24104 1.24836 66.1955 7.20528e+16 8.48962e-07 1.58911e-05 8.91126e-23 1.83449e-07 46859.6 0 0 3.15026e-18 0 0 0.0110064 0 0 0 0 0 0 4.12791e+07 4.12791e+07 4.12791e+07 4.12791e+07 
0.000522406 -3.44757 -6.74757 -4.92669 -6.24003 1.24757 65.717 7.16712e+16 8.49095e-07 1.58457e-05 8.9049e-23 1.81956e-07 47481.6 0 0 3.2547e-18 0 0 0.0110064 0 0 0 0 0 0 4.06535e+07 4.06535e+07 4.06535e+07 4.06535e+07 
0.000722606 -3.44661 -6.74661 -4.92595 -6.23881 1.24661 65.1809 7.12222e+16 8.49256e-07 1.57923e-05 8.89777e-23 1.80206e-07 48221.1 0 0 3.37742e-18 0 0 0.0110064 0 0 0 0 0 0 3.99413e+07 3.99413e+07 3.99413e+07 3.99413e+07 
0.000962009 -3.44545 -6.74545 -4.92502 -6.23734 1.24545 64.5887 7.06956e+16 8.49451e-07 1.57295e-05 8.88992e-23 1.78163e-07 49099.4 0 0 3.52123e-18 0 0 0.0110064 0 0 0 0 0 0 3.91382e+07 3.91382e+07 3.91382e+07 3.91382e+07 
0.00124829 -3.44403 -6.74403 -4.92386 -6.23556 1.24403 63.9464 7.008e+16 8.49687e-07 1.56562e-05 8.88142e-23 1.75789e-07 50141.1 0 0 3.68925e-18 0 0 0.0110064 0 0 0 0 0 0 3.82422e+07 3.82422e+07 3.82422e+07 3.82422e+07 
0.00159063 -3.44229 -6.74229 -4.92239 -6.2334 1.24229 63.2665 6.93635e+16 8.49974e-07 1.55708e-05 8.87245e-23 1.73042e-07 51375.2 0 0 3.88492e-18 0 0 0.0110064 0 0 0 0 0 0 3.72555e+07 3.72555e+07 3.72555e+07 3.72555e+07 
0.002 -3.44016 -6.74016 -4.92055 -6.23077 1.24016 62.5701 6.85335e+16 8.50128e-07 1.54682e-05 8.86312e-23 1.69845e-07 52109.2 0 0 4.00027e-18 0 0 0.0110064 0 0 0 0 0 0 3.61774e+07 3.61774e+07 3.61774e+07 3.61774e+07 
0.002 -3.44016 -6.74016 -4.92055 -6.23077 1.24016 62.5701 6.85335e+16 8.50523e-07 1.54754e-05 8.86352e-23 1.69924e-07 53720.2 0 0 4.24855e-18 0 0 0.0110064 0 0 0 0 0 0 3.61943e+07 3.61943e+07 3.61943e+07 3.61943e+07 
0.0025 -3.43747 -6.73747 -4.91815 -6.2275 1.23747 61.8776 6.75572e+16 8.50738e-07 1.53548e-05 8.85429e-23 1.66198e-07 54593.4 0 0 4.38027e-18 0 0 0.0110064 0 0 0 0 0 0 3.50237e+07 3.50237e+07 3.50237e+07 3.50237e+07 
0.003 -3.4347 -6.7347 -4.9156 -6.22415 1.2347 61.3435 6.66196e+16 8.51179e-07 1.52427e-05 8.84745e-23 1.62695e-07 56327.7 0 0 4.63947e-18 0 0 0.0110064 0 0 0 0 0 0 3.40036e+07 3.40036e+07 3.40036e+07 3.40036e+07 
0.0035 -3.43184 -6.73184 -4.91291 -6.22073 1.23184 60.9544 6.57182e+16 8.5163e-07 1.51349e-05 8.84258e-23 1.59358e-07 58038.1 0 0 4.8907e-18 0 0 0.0110064 0 0 0 0 0 0 3.31083e+07 3.31083e+07 3.31083e+07 3.31083e+07 
0.004 -3.42889 -6.72889 -4.91007 -6.21724 1.22889 60.6995 6.48508e+16 8.52089e-07 1.50311e-05 8.83955e-23 1.56176e-07 59725.7 0 0 5.13487e-18 0 0 0.0110064 0 0 0 0 0 0 3.23244e+07 3.23244e+07 3.23244e+07 3.23244e+07 
0.0045 -3.42586 -6.72586 -4.9071 -6.21369 1.22586 60.5698 6.40156e+16 8.52556e-07 1.4931e-05 8.83823e-23 1.53139e-07 61391.4 0 0 5.37279e-18 0 0 0.0110064 0 0 0 0 0 0 3.16404e+07 3.16404e+07 3.16404e+07 3.16404e+07 
0.005 -3.42275 -6.72275 -4.90399 -6.21006 1.22275 60.5581 6.32106e+16 8.53031e-07 1.48346e-05 8.83853e-23 1.50237e-07 63035.8 0 0 5.60521e-18 0 0 0.0110064 0 0 0 0 0 0 3.10466e+07 3.10466e+07 3.10466e+07 3.10466e+07 
0.0055 -3.41956 -6.71956 -4.90076 -6.20636 1.21956 60.6586 6.24341e+16 8.53514e-07 1.47416e-05 8.84038e-23 1.47461e-07 64659.7 0 0 5.83278e-18 0 0 0.0110064 0 0 0 0 0 0 3.05349e+07 3.05349e+07 3.05349e+07 3.05349e+07 
0.006 -3.41629 -6.71629 -4.89739 -6.2026 1.21629 60.8668 6.16847e+16 8.54005e-07 1.46518e-05 8.8437e-23 1.44804e-07 66264 0 0 6.05611e-18 0 0 0.0110064 0 0 0 0 0 0 3.00986e+07 3.00986e+07 3.00986e+07 3.00986e+07 
0.0065 -3.41293 -6.71293 -4.89391 -6.19876 1.21293 61.1792 6.09607e+16 8.54502e-07 1.45651e-05 8.84846e-23 1.42257e-07 67849.2 0 0 6.27574e-18 0 0 0.0110064 0 0 0 0 0 0 2.97317e+07 2.97317e+07 2.97317e+07 2.97317e+07 
0.007 -3.4095 -6.7095 -4.8903 -6.19486 1.2095 61.5934 6.0261e+16 8.55007e-07 1.44812e-05 8.85463e-23 1.39814e-07 69416 0 0 6.49218e-18 0 0 0.0110064 0 0 0 0 0 0 2.94295e+07 2.94295e+07 2.94295e+07 2.94295e+07 
0.0075 -3.40599 -6.70599 -4.88658 -6.19089 1.20599 62.1079 5.95841e+16 8.55518e-07 1.44001e-05 8.86219e-23 1.3747e-07 70965 0 0 6.70591e-18 0 0 0.0110064 0 0 0 0 0 0 2.91878e+07 2.91878e+07 2.91878e+07 2.91878e+07 
0.008 -3.40241 -6.70241 -4.88274 -6.18685 1.20241 62.722 5.89289e+16 8.56036e-07 1.43216e-05 8.87113e-23 1.35217e-07 72496.8 0 0 6.91737e-18 0 0 0.0110064 0 0 0 0 0 0 2.90032e+07 2.90032e+07 2.90032e+07 2.90032e+07 
0.0085 -3.39874 -6.69874 -4.87878 -6.18275 1.19874 63.4356 5.82943e+16 8.5656e-07 1.42456e-05 8.88145e-23 1.33051e-07 74011.9 0 0 7.12697e-18 0 0 0.0110064 0 0 0 0 0 0 2.88731e+07 2.88731e+07 2.88731e+07 2.88731e+07 
0.009 -3.395 -6.695 -4.87471 -6.17858 1.195 64.2497 5.76793e+16 8.5709e-07 1.4172e-05 8.89316e-23 1.30967e-07 75510.9 0 0 7.3351e-18 0 0 0.0110064 0 0 0 0 0 0 2.87951e+07 2.87951e+07 2.87951e+07 2.87951e+07 
0.0095 -3.39119 -6.69119 -4.87053 -6.17435 1.19119 65.1656 5.7083e+16 8.57626e-07 1.41007e-05 8.9063e-23 1.28961e-07 76994.2 0 0 7.54215e-18 0 0 0.0110064 0 0 0 0 0 0 2.87674e+07 2.87674e+07 2.87674e+07 2.87674e+07 
0.01 -3.38731 -6.68731 -4.86624 -6.17005 1.18731 66.1855 5.65044e+16 8.58168e-07 1.40315e-05 8.92089e-23 1.27027e-07 78462.3 0 0 7.74848e-18 0 0 0.0110064 0 0 0 0 0 0 2.87887e+07 2.87887e+07 2.87887e+07 2.87887e+07 
0.0105 -3.38335 -6.68335 -4.86185 -6.16568 1.18335 67.3123 5.59427e+16 8.58716e-07 1.39643e-05 8.93698e-23 1.25162e-07 79915.7 0 0 7.95444e-18 0 0 0.0110064 0 0 0 0 0 0 2.88582e+07 2.88582e+07 2.88582e+07 2.88582e+07 
0.011 -3.37931 -6.67931 -4.85734 -6.16126 1.17931 68.5496 5.53971e+16 8.59269e-07 1.38991e-05 8.9546e-23 1.23363e-07 81354.8 0 0 8.16038e-18 0 0 0.0110064 0 0 0 0 0 0 2.89751e+07 2.89751e+07 2.89751e+07 2.89751e+07 
0.0115 -3.37521 -6.67521 -4.85273 -6.15676 1.17521 69.9014 5.48669e+16 8.59827e-07 1.38358e-05 8.97384e-23 1.21626e-07 82779.9 0 0 8.36664e-18 0 0 0.0110064 0 0 0 0 0 0 2.91393e+07 2.91393e+07 2.91393e+07 2.91393e+07 
0.012 -3.37104 -6.67104 -4.84802 -6.15221 1.17104 71.3728 5.43514e+16 8.60391e-07 1.37744e-05 8.99475e-23 1.19948e-07 84191.6 0 0 8.57356e-18 0 0 0.0110064 0 0 0 0 0 0 2.93509e+07 2.93509e+07 2.93509e+07 2.93509e+07 
0.0125 -3.36679 -6.66679 -4.8432 -6.14759 1.16679 72.9693 5.38499e+16 8.6096e-07 1.37146e-05 9.01743e-23 1.18325e-07 85590.1 0 0 8.78148e-18 0 0 0.0110064 0 0 0 0 0 0 2.96103e+07 2.96103e+07 2.96103e+07 2.96103e+07 
0.013 -3.36248 -6.66248 -4.83828 -6.14291 1.16248 74.6975 5.33618e+16 8.61534e-07 1.36565e-05 9.04195e-23 1.16756e-07 86975.8 0 0 8.99074e-18 0 0 0.0110064 0 0 0 0 0 0 2.99183e+07 2.99183e+07 2.99183e+07 2.99183e+07 
0.0135 -3.35809 -6.65809 -4.83326 -6.13816 1.15809 76.5645 5.28865e+16 8.62113e-07 1.35999e-05 9.06844e-23 1.15237e-07 88349.1 0 0 9.20169e-18 0 0 0.0110064 0 0 0 0 0 0 3.02758e+07 3.02758e+07 3.02758e+07 3.02758e+07 
0.014 -3.35364 -6.65364 -4.82814 -6.13335 1.15364 78.5785 5.24236e+16 8.62697e-07 1.35449e-05 9.09699e-23 1.13766e-07 89710.2 0 0 9.41468e-18 0 0 0.0110064 0 0 0 0 0 0 3.06843e+07 3.06843e+07 3.06843e+07 3.06843e+07 
0.0145 -3.34912 -6.64912 -4.82291 -6.12849 1.14912 80.7484 5.19724e+16 8.63286e-07 1.34914e-05 9.12774e-23 1.12341e-07 91059.6 0 0 9.63008e-18 0 0 0.0110064 0 0 0 0 0 0 3.11453e+07 3.11453e+07 3.11453e+07 3.11453e+07 
0.015 -3.34454 -6.64454 -4.81759 -6.12356 1.14454 83.0844 5.15325e+16 8.6388e-07 1.34392e-05 9.16084e-23 1.1096e-07 92397.4 0 0 9.84826e-18 0 0 0.0110064 0 0 0 0 0 0 3.16609e+07 3.16609e+07 3.16609e+07 3.16609e+07 
0.0155 -3.33988 -6.63988 -4.81216 -6.11857 1.13988 85.5973 5.11035e+16 8.64478e-07 1.33884e-05 9.19644e-23 1.0962e-07 93724 0 0 1.00696e-17 0 0 0.0110064 0 0 0 0 0 0 3.22334e+07 3.22334e+07 3.22334e+07 3.22334e+07 
0.016 -3.33516 -6.63516 -4.80664 -6.11352 1.13516 88.2994 5.06848e+16 8.65081e-07 1.33389e-05 9.23472e-23 1.0832e-07 95039.6 0 0 1.02945e-17 0 0 0.0110064 0 0 0 0 0 0 3.28654e+07 3.28654e+07 3.28654e+07 3.28654e+07 
0.0165 -3.33038 -6.63038 -4.80102 -6.10841 1.13038 91.2041 5.02761e+16 8.65688e-07 1.32906e-05 9.27587e-23 1.07058e-07 96344.5 0 0 1.05235e-17 0 0 0.0110064 0 0 0 0 0 0 3.35598e+07 3.35598e+07 3.35598e+07 3.35598e+07 
0.017 -3.32553 -6.62553 -4.79529 -6.10324 1.12553 94.3262 4.98771e+16 8.663e-07 1.32435e-05 9.3201e-23 1.05832e-07 97639 0 0 1.07568e-17 0 0 0.0110064 0 0 0 0 0 0 3.43201e+07 3.43201e+07 3.43201e+07 3.43201e+07 
0.0175 -3.32062 -6.62062 -4.78948 -6.09801 1.12062 97.6815 4.94872e+16 8.66917e-07 1.31976e-05 9.36763e-23 1.0464e-07 98923.3 0 0 1.09951e-17 0 0 0.0110064 0 0 0 0 0 0 3.515e+07 3.515e+07 3.515e+07 3.515e+07 
0.018 -3.31564 -6.61564 -4.78356 -6.09272 1.11564 101.288 4.91063e+16 8.67537e-07 1.31528e-05 9.41873e-23 1.03483e-07 100198 0 0 1.12388e-17 0 0 0.0110064 0 0 0 0 0 0 3.60536e+07 3.60536e+07 3.60536e+07 3.60536e+07 
0.0185 -3.3106 -6.6106 -4.77754 -6.08737 1.1106 105.165 4.87339e+16 8.68163e-07 1.31091e-05 9.47367e-23 1.02356e-07 101462 0 0 1.14883e-17 0 0 0.0110064 0 0 0 0 0 0 3.70354e+07 3.70354e+07 3.70354e+07 3.70354e+07 
0.019 -3.30549 -6.60549 -4.77143 -6.08197 1.10549 109.333 4.83697e+16 8.68792e-07 1.30664e-05 9.53275e-23 1.01261e-07 102717 0 0 1.17444e-17 0 0 0.0110064 0 0 0 0 0 0 3.81005e+07 3.81005e+07 3.81005e+07 3.81005e+07 
0.0195 -3.30032 -6.60032 -4.76523 -6.0765 1.10032 113.815 4.80135e+16 8.69426e-07 1.30247e-05 9.59629e-23 1.00194e-07 103963 0 0 1.20074e-17 0 0 0.0110064 0 0 0 0 0 0 3.92543e+07 3.92543e+07 3.92543e+07 3.92543e+07 
0.02 -3.29509 -6.59509 -4.75892 -6.07098 1.09509 118.636 4.76649e+16 8.70064e-07 1.2984e-05 9.66466e-23 9.91559e-08 105200 0 0 1.22781e-17 0 0 0.0110064 0 0 0 0 0 0 4.05029e+07 4.05029e+07 4.05029e+07 4.05029e+07 
0.0205 -3.2898 -6.5898 -4.75252 -6.0654 1.0898 123.823 4.73237e+16 8.70706e-07 1.29442e-05 9.73824e-23 9.81444e-08 106427 0 0 1.25571e-17 0 0 0.0110064 0 0 0 0 0 0 4.18526e+07 4.18526e+07 4.18526e+07 4.18526e+07 
0.021 -3.28445 -6.58445 -4.74603 -6.05977 1.08445 129.405 4.69896e+16 8.71352e-07 1.29054e-05 9.81745e-23 9.71588e-08 107646 0 0 1.28451e-17 0 0 0.0110064 0 0 0 0 0 0 4.33104e+07 4.33104e+07 4.33104e+07 4.33104e+07 
0.0215 -3.27904 -6.57904 -4.73944 -6.05408 1.07904 135.414 4.66624e+16 8.72003e-07 1.28673e-05 9.90275e-23 9.61981e-08 108857 0 0 1.31428e-17 0 0 0.0110064 0 0 0 0 0 0 4.48838e+07 4.48838e+07 4.48838e+07 4.48838e+07 
0.022 -3.27357 -6.57357 -4.73276 -6.04833 1.07357 141.883 4.63419e+16 8.72658e-07 1.28302e-05 9.99462e-23 9.52613e-08 110059 0 0 1.34509e-17 0 0 0.0110064 0 0 0 0 0 0 4.65809e+07 4.65809e+07 4.65809e+07 4.65809e+07 
0.0225 -3.26803 -6.56803 -4.72599 -6.04252 1.06803 148.849 4.60277e+16 8.73317e-07 1.27938e-05 1.00936e-22 9.43475e-08 111253 0 0 1.37703e-17 0 0 0.0110064 0 0 0 0 0 0 4.84103e+07 4.84103e+07 4.84103e+07 4.84103e+07 
0.023 -3.26244 -6.56244 -4.71912 -6.03666 1.06244 156.352 4.57198e+16 8.73979e-07 1.27583e-05 1.02002e-22 9.34558e-08 112439 0 0 1.41019e-17 0 0 0.0110064 0 0 0 0 0 0 5.03811e+07 5.03811e+07 5.03811e+07 5.03811e+07 
0.0235 -3.25679 -6.55679 -4.71217 -6.03075 1.05679 164.431 4.54179e+16 8.74646e-07 1.27235e-05 1.03151e-22 9.25854e-08 113617 0 0 1.44464e-17 0 0 0.0110064 0 0 0 0 0 0 5.25029e+07 5.25029e+07 5.25029e+07 5.25029e+07 
0.024 -3.25108 -6.55108 -4.70512 -6.02478 1.05108 173.133 4.51217e+16 8.75317e-07 1.26894e-05 1.04389e-22 9.17356e-08 114787 0 0 1.48049e-17 0 0 0.0110064 0 0 0 0 0 0 5.4786e+07 5.4786e+07 5.4786e+07 5.4786e+07 
0.0245 -3.24531 -6.54531 -4.69799 -6.01875 1.04531 182.502 4.48312e+16 8.75992e-07 1.26561e-05 1.05723e-22 9.09055e-08 115950 0 0 1.51783e-17 0 0 0.0110064 0 0 0 0 0 0 5.72409e+07 5.72409e+07 5.72409e+07 5.72409e+07 
0.025 -3.23948 -6.53948 -4.69077 -6.01267 1.03948 192.589 4.45462e+16 8.76671e-07 1.26234e-05 1.07159e-22 9.00946e-08 117105 0 0 1.55678e-17 0 0 0.0110064 0 0 0 0 0 0 5.98787e+07 5.98787e+07 5.98787e+07 5.98787e+07 
0.0255 -3.2336 -6.5336 -4.68346 -6.00653 1.0336 203.443 4.42664e+16 8.77353e-07 1.25915e-05 1.08706e-22 8.9302e-08 118253 0 0 1.59742e-17 0 0 0.0110064 0 0 0 0 0 0 6.27107e+07 6.27107e+07 6.27107e+07 6.27107e+07 
0.026 -3.22766 -6.52766 -4.67608 -6.00034 1.02766 215.12 4.39917e+16 8.7804e-07 1.25602e-05 1.10371e-22 8.85272e-08 119393 0 0 1.6399e-17 0 0 0.0110064 0 0 0 0 0 0 6.57486e+07 6.57486e+07 6.57486e+07 6.57486e+07 
0.0265 -3.22166 -6.52166 -4.66861 -5.9941 1.02166 227.673 4.3722e+16 8.7873e-07 1.25295e-05 1.12162e-22 8.77696e-08 120527 0 0 1.68431e-17 0 0 0.0110064 0 0 0 0 0 0 6.90043e+07 6.90043e+07 6.90043e+07 6.90043e+07 
0.027 -3.21561 -6.51561 -4.66107 -5.9878 1.01561 241.158 4.34571e+16 8.79424e-07 1.24995e-05 1.14088e-22 8.70286e-08 121654 0 0 1.7308e-17 0 0 0.0110064 0 0 0 0 0 0 7.24897e+07 7.24897e+07 7.24897e+07 7.24897e+07 
0.0275 -3.2095 -6.5095 -4.65345 -5.98145 1.0095 255.635 4.31968e+16 8.80121e-07 1.247e-05 1.16156e-22 8.63036e-08 122774 0 0 1.77949e-17 0 0 0.0110064 0 0 0 0 0 0 7.62169e+07 7.62169e+07 7.62169e+07 7.62169e+07 
0.028 -3.20333 -6.50333 -4.64575 -5.97505 1.00333 271.162 4.29411e+16 8.80822e-07 1.24412e-05 1.18376e-22 8.55941e-08 123887 0 0 1.83052e-17 0 0 0.0110064 0 0 0 0 0 0 8.0198e+07 8.0198e+07 8.0198e+07 8.0198e+07 
0.0285 -3.19711 -6.49711 -4.63799 -5.9686 0.997107 287.798 4.26897e+16 8.81526e-07 1.24129e-05 1.20756e-22 8.48995e-08 124994 0 0 1.88406e-17 0 0 0.0110064 0 0 0 0 0 0 8.44447e+07 8.44447e+07 8.44447e+07 8.44447e+07 
0.029 -3.19083 -6.49083 -4.63016 -5.96209 0.990829 305.603 4.24426e+16 8.82234e-07 1.23851e-05 1.23306e-22 8.42195e-08 126094 0 0 1.94027e-17 0 0 0.0110064 0 0 0 0 0 0 8.89689e+07 8.89689e+07 8.89689e+07 8.89689e+07 
0.0295 -3.1845 -6.4845 -4.62226 -5.95553 0.984497 324.64 4.21997e+16 8.82945e-07 1.23579e-05 1.26033e-22 8.35534e-08 127188 0 0 1.99932e-17 0 0 0.0110064 0 0 0 0 0 0 9.37821e+07 9.37821e+07 9.37821e+07 9.37821e+07 
0.03 -3.17811 -6.47811 -4.6143 -5.94892 0.97811 344.968 4.19607e+16 8.83659e-07 1.23312e-05 1.28949e-22 8.2901e-08 128276 0 0 2.06139e-17 0 0 0.0110064 0 0 0 0 0 0 9.8896e+07 9.8896e+07 9.8896e+07 9.8896e+07 
0.0305 -3.17167 -6.47167 -4.60628 -5.94225 0.971669 366.651 4.17257e+16 8.84377e-07 1.2305e-05 1.32061e-22 8.22617e-08 129358 0 0 2.12671e-17 0 0 0.0110064 0 0 0 0 0 0 1.04322e+08 1.04322e+08 1.04322e+08 1.04322e+08 
0.031 -3.16517 -6.46517 -4.5982 -5.93554 0.965175 389.752 4.14945e+16 8.85097e-07 1.22794e-05 1.35379e-22 8.16351e-08 130433 0 0 2.19548e-17 0 0 0.0110064 0 0 0 0 0 0 1.10072e+08 1.10072e+08 1.10072e+08 1.10072e+08 
0.0315 -3.15863 -6.45863 -4.59007 -5.92877 0.958626 414.336 4.1267e+16 8.85821e-07 1.22542e-05 1.38913e-22 8.10209e-08 131503 0 0 2.26794e-17 0 0 0.0110064 0 0 0 0 0 0 1.16157e+08 1.16157e+08 1.16157e+08 1.16157e+08 
0.032 -3.15202 -6.45202 -4.58188 -5.92195 0.952024 440.473 4.10431e+16 8.86547e-07 1.22294e-05 1.42674e-22 8.04187e-08 132567 0 0 2.34436e-17 0 0 0.0110064 0 0 0 0 0 0 1.2259e+08 1.2259e+08 1.2259e+08 1.2259e+08 
0.0325 -3.14537 -6.44537 -4.57364 -5.91508 0.945369 468.233 4.08227e+16 8.87276e-07 1.22052e-05 1.46672e-22 7.98281e-08 133625 0 0 2.42501e-17 0 0 0.0110064 0 0 0 0 0 0 1.29383e+08 1.29383e+08 1.29383e+08 1.29383e+08 
0.033 -3.13866 -6.43866 -4.56536 -5.90816 0.938662 497.691 4.06057e+16 8.88008e-07 1.21813e-05 1.50918e-22 7.92487e-08 134678 0 0 2.51019e-17 0 0 0.0110064 0 0 0 0 0 0 1.36551e+08 1.36551e+08 1.36551e+08 1.36551e+08 
0.0335 -3.1319 -6.4319 -4.55702 -5.9012 0.931902 528.929 4.0392e+16 8.88743e-07 1.21579e-05 1.55424e-22 7.86803e-08 135725 0 0 2.60021e-17 0 0 0.0110064 0 0 0 0 0 0 1.44108e+08 1.44108e+08 1.44108e+08 1.44108e+08 
0.034 -3.12509 -6.42509 -4.54863 -5.89418 0.925089 562.033 4.01816e+16 8.8948e-07 1.2135e-05 1.60204e-22 7.81225e-08 136766 0 0 2.69542e-17 0 0 0.0110064 0 0 0 0 0 0 1.52069e+08 1.52069e+08 1.52069e+08 1.52069e+08 
0.0345 -3.11823 -6.41823 -4.5402 -5.88711 0.918225 597.095 3.99743e+16 8.9022e-07 1.21124e-05 1.65272e-22 7.7575e-08 137802 0 0 2.79617e-17 0 0 0.0110064 0 0 0 0 0 0 1.60454e+08 1.60454e+08 1.60454e+08 1.60454e+08 
0.035 -3.11131 -6.41131 -4.53172 -5.87999 0.911309 634.217 3.97701e+16 8.90962e-07 1.20903e-05 1.70642e-22 7.70375e-08 138833 0 0 2.90285e-17 0 0 0.0110064 0 0 0 0 0 0 1.69279e+08 1.69279e+08 1.69279e+08 1.69279e+08 
0.0355 -3.10434 -6.40434 -4.5232 -5.87282 0.904342 673.507 3.95689e+16 8.91707e-07 1.20685e-05 1.76331e-22 7.65098e-08 139858 0 0 3.01585e-17 0 0 0.0110064 0 0 0 0 0 0 1.78567e+08 1.78567e+08 1.78567e+08 1.78567e+08 
0.036 -3.09732 -6.39732 -4.51463 -5.8656 0.897323 715.081 3.93706e+16 8.92455e-07 1.20471e-05 1.82356e-22 7.59915e-08 140878 0 0 3.1356e-17 0 0 0.0110064 0 0 0 0 0 0 1.88339e+08 1.88339e+08 1.88339e+08 1.88339e+08 
0.0365 -3.09025 -6.39025 -4.50601 -5.85834 0.890254 759.065 3.91751e+16 8.93205e-07 1.20261e-05 1.88736e-22 7.54824e-08 141894 0 0 3.26253e-17 0 0 0.0110064 0 0 0 0 0 0 1.9862e+08 1.9862e+08 1.9862e+08 1.9862e+08 
0.037 -3.08313 -6.38313 -4.49735 -5.85102 0.883134 805.592 3.89824e+16 8.93957e-07 1.20055e-05 1.95492e-22 7.49822e-08 142904 0 0 3.39711e-17 0 0 0.0110064 0 0 0 0 0 0 2.09434e+08 2.09434e+08 2.09434e+08 2.09434e+08 
0.0375 -3.07596 -6.37596 -4.48865 -5.84366 0.875964 854.804 3.87924e+16 8.94713e-07 1.19852e-05 2.02644e-22 7.44908e-08 143909 0 0 3.53982e-17 0 0 0.0110064 0 0 0 0 0 0 2.20811e+08 2.20811e+08 2.20811e+08 2.20811e+08 
0.038 -3.06874 -6.36874 -4.47989 -5.83625 0.868743 906.853 3.86051e+16 8.9547e-07 1.19653e-05 2.10215e-22 7.40078e-08 144909 0 0 3.69117e-17 0 0 0.0110064 0 0 0 0 0 0 2.32777e+08 2.32777e+08 2.32777e+08 2.32777e+08 
0.0385 -3.06147 -6.36147 -4.4711 -5.82879 0.861473 961.898 3.84203e+16 8.9623e-07 1.19457e-05 2.1823e-22 7.3533e-08 145905 0 0 3.85167e-17 0 0 0.0110064 0 0 0 0 0 0 2.45365e+08 2.45365e+08 2.45365e+08 2.45365e+08 
0.039 -3.05415 -6.35415 -4.46225 -5.82128 0.854153 1020.1 3.82381e+16 8.96993e-07 1.19264e-05 2.26712e-22 7.30662e-08 146896 0 0 4.02188e-17 0 0 0.0110064 0 0 0 0 0 0 2.58606e+08 2.58606e+08 2.58606e+08 2.58606e+08 
0.0395 -3.04678 -6.34678 -4.45337 -5.81372 0.846783 1081.65 3.80583e+16 8.97758e-07 1.19075e-05 2.35689e-22 7.26073e-08 147882 0 0 4.20236e-17 0 0 0.0110064 0 0 0 0 0 0 2.72532e+08 2.72532e+08 2.72532e+08 2.72532e+08 
0.04 -3.03936 -6.33936 -4.44444 -5.80612 0.839364 1146.71 3.7881e+16 8.98525e-07 1.18889e-05 2.45189e-22 7.2156e-08 148864 0 0 4.39371e-17 0 0 0.0110064 0 0 0 0 0 0 2.87178e+08 2.87178e+08 2.87178e+08 2.87178e+08 
0.0405 -3.0319 -6.3319 -4.43546 -5.79847 0.831897 1215.48 3.77059e+16 8.99295e-07 1.18706e-05 2.55239e-22 7.1712e-08 149840 0 0 4.59655e-17 0 0 0.0110064 0 0 0 0 0 0 3.02578e+08 3.02578e+08 3.02578e+08 3.02578e+08 
0.041 -3.02438 -6.32438 -4.42644 -5.79077 0.82438 1288.15 3.75332e+16 9.00067e-07 1.18526e-05 2.65869e-22 7.12753e-08 150813 0 0 4.81152e-17 0 0 0.0110064 0 0 0 0 0 0 3.1877e+08 3.1877e+08 3.1877e+08 3.1877e+08 
0.0415 -3.01682 -6.31682 -4.41737 -5.78303 0.816815 1364.93 3.73627e+16 9.00842e-07 1.18349e-05 2.77111e-22 7.08456e-08 151781 0 0 5.03929e-17 0 0 0.0110064 0 0 0 0 0 0 3.3579e+08 3.3579e+08 3.3579e+08 3.3579e+08 
0.042 -3.0092 -6.3092 -4.40826 -5.77524 0.809202 1446.03 3.71945e+16 9.01619e-07 1.18175e-05 2.88995e-22 7.04228e-08 152745 0 0 5.28056e-17 0 0 0.0110064 0 0 0 0 0 0 3.53675e+08 3.53675e+08 3.53675e+08 3.53675e+08 
0.0425 -3.00154 -6.30154 -4.39911 -5.7674 0.801541 1531.65 3.70283e+16 9.02398e-07 1.18004e-05 3.01555e-22 7.00067e-08 153704 0 0 5.53605e-17 0 0 0.0110064 0 0 0 0 0 0 3.72465e+08 3.72465e+08 3.72465e+08 3.72465e+08 
0.043 -2.99383 -6.29383 -4.38992 -5.75952 0.793832 1622.03 3.68643e+16 9.0318e-07 1.17835e-05 3.14825e-22 6.9597e-08 154659 0 0 5.80651e-17 0 0 0.0110064 0 0 0 0 0 0 3.92199e+08 3.92199e+08 3.92199e+08 3.92199e+08 
0.0435 -2.98608 -6.28608 -4.38068 -5.75159 0.786075 1717.39 3.67023e+16 9.03964e-07 1.17669e-05 3.28839e-22 6.91938e-08 155610 0 0 6.09272e-17 0 0 0.0110064 0 0 0 0 0 0 4.12917e+08 4.12917e+08 4.12917e+08 4.12917e+08 
0.044 -2.97827 -6.27827 -4.3714 -5.74361 0.778271 1817.96 3.65423e+16 9.0475e-07 1.17506e-05 3.43634e-22 6.87968e-08 156557 0 0 6.39549e-17 0 0 0.0110064 0 0 0 0 0 0 4.34659e+08 4.34659e+08 4.34659e+08 4.34659e+08 
0.0445 -2.97042 -6.27042 -4.36208 -5.73559 0.770419 1923.99 3.63843e+16 9.05538e-07 1.17346e-05 3.59247e-22 6.84058e-08 157499 0 0 6.71568e-17 0 0 0.0110064 0 0 0 0 0 0 4.57469e+08 4.57469e+08 4.57469e+08 4.57469e+08 
0.045 -2.96252 -6.26252 -4.35272 -5.72752 0.762521 2035.72 3.62282e+16 9.06329e-07 1.17188e-05 3.75715e-22 6.80207e-08 158438 0 0 7.05414e-17 0 0 0.0110064 0 0 0 0 0 0 4.81387e+08 4.81387e+08 4.81387e+08 4.81387e+08 
0.0455 -2.95458 -6.25458 -4.34332 -5.71941 0.754576 2153.41 3.6074e+16 9.07122e-07 1.17033e-05 3.93078e-22 6.76414e-08 159372 0 0 7.41179e-17 0 0 0.0110064 0 0 0 0 0 0 5.06458e+08 5.06458e+08 5.06458e+08 5.06458e+08 
0.046 -2.94658 -6.24658 -4.33388 -5.71125 0.746584 2277.31 3.59216e+16 9.07917e-07 1.1688e-05 4.11377e-22 6.72678e-08 160303 0 0 7.78956e-17 0 0 0.0110064 0 0 0 0 0 0 5.32725e+08 5.32725e+08 5.32725e+08 5.32725e+08 
0.0465 -2.93855 -6.23855 -4.32439 -5.70304 0.738545 2407.71 3.57711e+16 9.08714e-07 1.1673e-05 4.30653e-22 6.68996e-08 161229 0 0 8.18844e-17 0 0 0.0110064 0 0 0 0 0 0 5.60233e+08 5.60233e+08 5.60233e+08 5.60233e+08 
0.047 -2.93046 -6.23046 -4.31487 -5.6948 0.730461 2544.87 3.56223e+16 9.09514e-07 1.16582e-05 4.50948e-22 6.65369e-08 162152 0 0 8.60943e-17 0 0 0.0110064 0 0 0 0 0 0 5.89029e+08 5.89029e+08 5.89029e+08 5.89029e+08 
0.0475 -2.92233 -6.22233 -4.30531 -5.6865 0.72233 2689.08 3.54752e+16 9.10315e-07 1.16436e-05 4.72308e-22 6.61794e-08 163071 0 0 9.05357e-17 0 0 0.0110064 0 0 0 0 0 0 6.19159e+08 6.19159e+08 6.19159e+08 6.19159e+08 
0.048 -2.91415 -6.21415 -4.29572 -5.67817 0.714154 2840.63 3.53298e+16 9.11118e-07 1.16293e-05 4.94776e-22 6.5827e-08 163986 0 0 9.52196e-17 0 0 0.0110064 0 0 0 0 0 0 6.5067e+08 6.5067e+08 6.5067e+08 6.5067e+08 
0.0485 -2.90593 -6.20593 -4.28608 -5.66978 0.705931 2999.82 3.51861e+16 9.11924e-07 1.16151e-05 5.18401e-22 6.54797e-08 164898 0 0 1.00157e-16 0 0 0.0110064 0 0 0 0 0 0 6.83611e+08 6.83611e+08 6.83611e+08 6.83611e+08 
0.049 -2.89766 -6.19766 -4.27641 -5.66136 0.697664 3166.95 3.50441e+16 9.12731e-07 1.16012e-05 5.4323e-22 6.51373e-08 165805 0 0 1.0536e-16 0 0 0.0110064 0 0 0 0 0 0 7.18033e+08 7.18033e+08 7.18033e+08 7.18033e+08 
0.0495 -2.88935 -6.18935 -4.2667 -5.65289 0.689351 3342.34 3.49036e+16 9.13541e-07 1.15876e-05 5.69312e-22 6.47997e-08 166710 0 0 1.10839e-16 0 0 0.0110064 0 0 0 0 0 0 7.53985e+08 7.53985e+08 7.53985e+08 7.53985e+08 
0.05 -2.88099 -6.18099 -4.25695 -5.64437 0.680993 3526.32 3.47647e+16 9.14352e-07 1.15741e-05 5.96698e-22 6.44667e-08 167610 0 0 1.16609e-16 0 0 0.0110064 0 0 0 0 0 0 7.91519e+08 7.91519e+08 7.91519e+08 7.91519e+08 
0.0505 -2.87259 -6.17259 -4.24717 -5.63581 0.67259 3719.21 3.46274e+16 9.15166e-07 1.15608e-05 6.2544e-22 6.41384e-08 168507 0 0 1.22681e-16 0 0 0.0110064 0 0 0 0 0 0 8.30689e+08 8.30689e+08 8.30689e+08 8.30689e+08 
0.051 -2.86414 -6.16414 -4.23735 -5.62721 0.664142 3921.36 3.44915e+16 9.15981e-07 1.15478e-05 6.55593e-22 6.38146e-08 169400 0 0 1.29068e-16 0 0 0.0110064 0 0 0 0 0 0 8.71546e+08 8.71546e+08 8.71546e+08 8.71546e+08 
0.0515 -2.85565 -6.15565 -4.22749 -5.61857 0.65565 4133.12 3.43571e+16 9.16798e-07 1.15349e-05 6.87211e-22 6.34952e-08 170290 0 0 1.35785e-16 0 0 0.0110064 0 0 0 0 0 0 9.14148e+08 9.14148e+08 9.14148e+08 9.14148e+08 
0.052 -2.84711 -6.14711 -4.2176 -5.60988 0.647113 4354.84 3.42242e+16 9.17617e-07 1.15222e-05 7.20351e-22 6.31801e-08 171177 0 0 1.42845e-16 0 0 0.0110064 0 0 0 0 0 0 9.58549e+08 9.58549e+08 9.58549e+08 9.58549e+08 
0.0525 -2.83853 -6.13853 -4.20767 -5.60115 0.638532 4586.9 3.40927e+16 9.18438e-07 1.15097e-05 7.55071e-22 6.28692e-08 172060 0 0 1.50263e-16 0 0 0.0110064 0 0 0 0 0 0 1.00481e+09 1.00481e+09 1.00481e+09 1.00481e+09 
0.053 -2.82991 -6.12991 -4.19771 -5.59237 0.629907 4829.67 3.39626e+16 9.19261e-07 1.14975e-05 7.91432e-22 6.25624e-08 172939 0 0 1.58054e-16 0 0 0.0110064 0 0 0 0 0 0 1.05298e+09 1.05298e+09 1.05298e+09 1.05298e+09 
0.0535 -2.82124 -6.12124 -4.18771 -5.58355 0.621238 5083.54 3.38339e+16 9.20085e-07 1.14854e-05 8.29493e-22 6.22597e-08 173815 0 0 1.66233e-16 0 0 0.0110064 0 0 0 0 0 0 1.10312e+09 1.10312e+09 1.10312e+09 1.10312e+09 
0.054 -2.81253 -6.11253 -4.17768 -5.57469 0.612526 5348.91 3.37065e+16 9.20911e-07 1.14734e-05 8.6932e-22 6.19609e-08 174688 0 0 1.74817e-16 0 0 0.0110064 0 0 0 0 0 0 1.1553e+09 1.1553e+09 1.1553e+09 1.1553e+09 
0.0545 -2.80377 -6.10377 -4.16762 -5.56579 0.603769 5626.17 3.35804e+16 9.21739e-07 1.14617e-05 9.10975e-22 6.1666e-08 175558 0 0 1.83822e-16 0 0 0.0110064 0 0 0 0 0 0 1.20958e+09 1.20958e+09 1.20958e+09 1.20958e+09 
0.055 -2.79497 -6.09497 -4.15751 -5.55684 0.59497 5915.75 3.34557e+16 9.22569e-07 1.14501e-05 9.54526e-22 6.13749e-08 176425 0 0 1.93265e-16 0 0 0.0110064 0 0 0 0 0 0 1.26601e+09 1.26601e+09 1.26601e+09 1.26601e+09 
0.0555 -2.78613 -6.08613 -4.14738 -5.54786 0.586127 6218.07 3.33322e+16 9.234e-07 1.14387e-05 1.00004e-21 6.10875e-08 177288 0 0 2.03163e-16 0 0 0.0110064 0 0 0 0 0 0 1.32467e+09 1.32467e+09 1.32467e+09 1.32467e+09 
0.056 -2.77724 -6.07724 -4.13721 -5.53883 0.577241 6533.56 3.32099e+16 9.24234e-07 1.14275e-05 1.04759e-21 6.08038e-08 178148 0 0 2.13534e-16 0 0 0.0110064 0 0 0 0 0 0 1.38561e+09 1.38561e+09 1.38561e+09 1.38561e+09 
0.0565 -2.76831 -6.06831 -4.12701 -5.52976 0.568312 6862.67 3.30889e+16 9.25068e-07 1.14165e-05 1.09724e-21 6.05236e-08 179005 0 0 2.24396e-16 0 0 0.0110064 0 0 0 0 0 0 1.4489e+09 1.4489e+09 1.4489e+09 1.4489e+09 
0.057 -2.75934 -6.05934 -4.11677 -5.52064 0.559341 7205.85 3.29691e+16 9.25905e-07 1.14056e-05 1.14907e-21 6.0247e-08 179859 0 0 2.3577e-16 0 0 0.0110064 0 0 0 0 0 0 1.51461e+09 1.51461e+09 1.51461e+09 1.51461e+09 
0.0575 -2.75033 -6.05033 -4.1065 -5.51149 0.550326 7563.58 3.28505e+16 9.26743e-07 1.13949e-05 1.20315e-21 5.99738e-08 180709 0 0 2.47674e-16 0 0 0.0110064 0 0 0 0 0 0 1.58281e+09 1.58281e+09 1.58281e+09 1.58281e+09 
0.058 -2.74127 -6.04127 -4.09619 -5.50229 0.54127 7936.31 3.27331e+16 9.27583e-07 1.13843e-05 1.25956e-21 5.97039e-08 181557 0 0 2.60128e-16 0 0 0.0110064 0 0 0 0 0 0 1.65357e+09 1.65357e+09 1.65357e+09 1.65357e+09 
0.0585 -2.73217 -6.03217 -4.08586 -5.49305 0.532171 8324.54 3.26168e+16 9.28424e-07 1.13739e-05 1.31838e-21 5.94374e-08 182402 0 0 2.73153e-16 0 0 0.0110064 0 0 0 0 0 0 1.72696e+09 1.72696e+09 1.72696e+09 1.72696e+09 
0.059 -2.72303 -6.02303 -4.07549 -5.48377 0.52303 8728.77 3.25016e+16 9.29267e-07 1.13636e-05 1.37969e-21 5.91741e-08 183243 0 0 2.86771e-16 0 0 0.0110064 0 0 0 0 0 0 1.80304e+09 1.80304e+09 1.80304e+09 1.80304e+09 
0.0595 -2.71385 -6.01385 -4.06508 -5.47445 0.513846 9149.49 3.23875e+16 9.30112e-07 1.13535e-05 1.44357e-21 5.89139e-08 184082 0 0 3.01002e-16 0 0 0.0110064 0 0 0 0 0 0 1.88189e+09 1.88189e+09 1.88189e+09 1.88189e+09 
0.06 -2.70462 -6.00462 -4.05464 -5.46509 0.504621 9587.22 3.22746e+16 9.30958e-07 1.13435e-05 1.5101e-21 5.86569e-08 184918 0 0 3.1587e-16 0 0 0.0110064 0 0 0 0 0 0 1.96359e+09 1.96359e+09 1.96359e+09 1.96359e+09 
0.0605 -2.69535 -5.99535 -4.04417 -5.45569 0.495355 10042.5 3.21627e+16 9.31806e-07 1.13337e-05 1.57937e-21 5.8403e-08 185751 0 0 3.31398e-16 0 0 0.0110064 0 0 0 0 0 0 2.04821e+09 2.04821e+09 2.04821e+09 2.04821e+09 
0.061 -2.68605 -5.98605 -4.03367 -5.44625 0.486046 10515.9 3.20518e+16 9.32655e-07 1.1324e-05 1.65147e-21 5.8152e-08 186581 0 0 3.47609e-16 0 0 0.0110064 0 0 0 0 0 0 2.13582e+09 2.13582e+09 2.13582e+09 2.13582e+09 
0.0615 -2.6767 -5.9767 -4.02314 -5.43676 0.476697 11007.8 3.1942e+16 9.33506e-07 1.13145e-05 1.72649e-21 5.7904e-08 187408 0 0 3.64526e-16 0 0 0.0110064 0 0 0 0 0 0 2.2265e+09 2.2265e+09 2.2265e+09 2.2265e+09 
0.062 -2.66731 -5.96731 -4.01257 -5.42724 0.467306 11519 3.18332e+16 9.34359e-07 1.13051e-05 1.80451e-21 5.76589e-08 188232 0 0 3.82176e-16 0 0 0.0110064 0 0 0 0 0 0 2.32034e+09 2.32034e+09 2.32034e+09 2.32034e+09 
0.0625 -2.65787 -5.95787 -4.00197 -5.41767 0.457873 12049.9 3.17254e+16 9.35213e-07 1.12959e-05 1.88564e-21 5.74166e-08 189053 0 0 4.00584e-16 0 0 0.0110064 0 0 0 0 0 0 2.4174e+09 2.4174e+09 2.4174e+09 2.4174e+09 
0.063 -2.6484 -5.9484 -3.99133 -5.40807 0.4484 12601.1 3.16186e+16 9.36068e-07 1.12868e-05 1.96996e-21 5.71771e-08 189872 0 0 4.19775e-16 0 0 0.0110064 0 0 0 0 0 0 2.51778e+09 2.51778e+09 2.51778e+09 2.51778e+09 
0.0635 -2.63889 -5.93889 -3.98067 -5.39842 0.438886 13173.3 3.15128e+16 9.36925e-07 1.12778e-05 2.05758e-21 5.69404e-08 190688 0 0 4.39776e-16 0 0 0.0110064 0 0 0 0 0 0 2.62154e+09 2.62154e+09 2.62154e+09 2.62154e+09 
0.064 -2.62933 -5.92933 -3.96997 -5.38874 0.429331 13767 3.14079e+16 9.37783e-07 1.12689e-05 2.14859e-21 5.67063e-08 191501 0 0 4.60615e-16 0 0 0.0110064 0 0 0 0 0 0 2.72878e+09 2.72878e+09 2.72878e+09 2.72878e+09 
0.0645 -2.61974 -5.91974 -3.95924 -5.37901 0.419736 14382.8 3.1304e+16 9.38643e-07 1.12602e-05 2.24309e-21 5.64749e-08 192312 0 0 4.8232e-16 0 0 0.0110064 0 0 0 0 0 0 2.83958e+09 2.83958e+09 2.83958e+09 2.83958e+09 
0.065 -2.6101 -5.9101 -3.94848 -5.36925 0.4101 15021.3 3.1201e+16 9.39504e-07 1.12516e-05 2.3412e-21 5.62461e-08 193120 0 0 5.04919e-16 0 0 0.0110064 0 0 0 0 0 0 2.95401e+09 2.95401e+09 2.95401e+09 2.95401e+09 
0.0655 -2.60042 -5.90042 -3.93768 -5.35945 0.400424 15683.3 3.10989e+16 9.40367e-07 1.12431e-05 2.443e-21 5.60198e-08 193925 0 0 5.28442e-16 0 0 0.0110064 0 0 0 0 0 0 3.07218e+09 3.07218e+09 3.07218e+09 3.07218e+09 
0.066 -2.59071 -5.89071 -3.92685 -5.3496 0.390708 16369.2 3.09977e+16 9.41231e-07 1.12348e-05 2.54862e-21 5.5796e-08 194728 0 0 5.52919e-16 0 0 0.0110064 0 0 0 0 0 0 3.19415e+09 3.19415e+09 3.19415e+09 3.19415e+09 
0.0665 -2.58095 -5.88095 -3.91599 -5.33972 0.380951 17079.9 3.08974e+16 9.42097e-07 1.12265e-05 2.65816e-21 5.55747e-08 195528 0 0 5.78381e-16 0 0 0.0110064 0 0 0 0 0 0 3.32003e+09 3.32003e+09 3.32003e+09 3.32003e+09 
0.067 -2.57115 -5.87115 -3.9051 -5.3298 0.371155 17815.9 3.07979e+16 9.42964e-07 1.12184e-05 2.77173e-21 5.53558e-08 196325 0 0 6.04859e-16 0 0 0.0110064 0 0 0 0 0 0 3.44989e+09 3.44989e+09 3.44989e+09 3.44989e+09 
0.0675 -2.56132 -5.86132 -3.89418 -5.31984 0.361319 18578 3.06993e+16 9.43832e-07 1.12104e-05 2.88944e-21 5.51392e-08 197120 0 0 6.32386e-16 0 0 0.0110064 0 0 0 0 0 0 3.58384e+09 3.58384e+09 3.58384e+09 3.58384e+09 
0.068 -2.55144 -5.85144 -3.88323 -5.30984 0.351443 19366.7 3.06016e+16 9.44702e-07 1.12025e-05 3.01141e-21 5.4925e-08 197912 0 0 6.60994e-16 0 0 0.0110064 0 0 0 0 0 0 3.72195e+09 3.72195e+09 3.72195e+09 3.72195e+09 
0.0685 -2.54153 -5.84153 -3.87224 -5.2998 0.341527 20182.9 3.05046e+16 9.45573e-07 1.11948e-05 3.13776e-21 5.47131e-08 198702 0 0 6.90716e-16 0 0 0.0110064 0 0 0 0 0 0 3.86433e+09 3.86433e+09 3.86433e+09 3.86433e+09 
0.069 -2.53157 -5.83157 -3.86122 -5.28972 0.331573 21027.2 3.04085e+16 9.46445e-07 1.11871e-05 3.26861e-21 5.45035e-08 199489 0 0 7.21588e-16 0 0 0.0110064 0 0 0 0 0 0 4.01105e+09 4.01105e+09 4.01105e+09 4.01105e+09 
0.0695 -2.52158 -5.82158 -3.85017 -5.27961 0.321579 21900.3 3.03132e+16 9.47319e-07 1.11796e-05 3.40408e-21 5.4296e-08 200274 0 0 7.53645e-16 0 0 0.0110064 0 0 0 0 0 0 4.16223e+09 4.16223e+09 4.16223e+09 4.16223e+09 
0.07 -2.51155 -5.81155 -3.83909 -5.26945 0.311545 22803 3.02187e+16 9.48194e-07 1.11721e-05 3.54429e-21 5.40908e-08 201057 0 0 7.86922e-16 0 0 0.0110064 0 0 0 0 0 0 4.31795e+09 4.31795e+09 4.31795e+09 4.31795e+09 
0.0705 -2.50147 -5.80147 -3.82798 -5.25926 0.301473 23736.1 3.0125e+16 9.4907e-07 1.11648e-05 3.68937e-21 5.38877e-08 201837 0 0 8.21456e-16 0 0 0.0110064 0 0 0 0 0 0 4.4783e+09 4.4783e+09 4.4783e+09 4.4783e+09 
0.071 -2.49136 -5.79136 -3.81683 -5.24903 0.291362 24700.2 3.00321e+16 9.49948e-07 1.11576e-05 3.83944e-21 5.36867e-08 202614 0 0 8.57284e-16 0 0 0.0110064 0 0 0 0 0 0 4.64339e+09 4.64339e+09 4.64339e+09 4.64339e+09 
0.0715 -2.48121 -5.78121 -3.80566 -5.23876 0.281211 25696.1 2.99399e+16 9.50827e-07 1.11505e-05 3.99464e-21 5.34877e-08 203389 0 0 8.94445e-16 0 0 0.0110064 0 0 0 0 0 0 4.81331e+09 4.81331e+09 4.81331e+09 4.81331e+09 
0.072 -2.47102 -5.77102 -3.79445 -5.22845 0.271023 26724.7 2.98485e+16 9.51708e-07 1.11435e-05 4.1551e-21 5.32909e-08 204162 0 0 9.32978e-16 0 0 0.0110064 0 0 0 0 0 0 4.98816e+09 4.98816e+09 4.98816e+09 4.98816e+09 
0.0725 -2.4608 -5.7608 -3.78321 -5.2181 0.260795 27786.7 2.97578e+16 9.52589e-07 1.11366e-05 4.32096e-21 5.3096e-08 204932 0 0 9.72922e-16 0 0 0.0110064 0 0 0 0 0 0 5.16804e+09 5.16804e+09 5.16804e+09 5.16804e+09 
0.073 -2.45053 -5.75053 -3.77194 -5.20772 0.250529 28882.8 2.96678e+16 9.53472e-07 1.11298e-05 4.49234e-21 5.29031e-08 205701 0 0 1.01432e-15 0 0 0.0110064 0 0 0 0 0 0 5.35305e+09 5.35305e+09 5.35305e+09 5.35305e+09 
0.0735 -2.44023 -5.74023 -3.76064 -5.1973 0.240225 30014 2.95785e+16 9.54356e-07 1.1123e-05 4.66939e-21 5.27121e-08 206466 0 0 1.05721e-15 0 0 0.0110064 0 0 0 0 0 0 5.54329e+09 5.54329e+09 5.54329e+09 5.54329e+09 
0.074 -2.42988 -5.72988 -3.74931 -5.18684 0.229883 31181 2.949e+16 9.55242e-07 1.11164e-05 4.85226e-21 5.25231e-08 207230 0 0 1.10163e-15 0 0 0.0110064 0 0 0 0 0 0 5.73886e+09 5.73886e+09 5.73886e+09 5.73886e+09 
0.0745 -2.4195 -5.7195 -3.73794 -5.17634 0.219502 32384.7 2.94021e+16 9.56129e-07 1.11099e-05 5.04108e-21 5.23359e-08 207991 0 0 1.14763e-15 0 0 0.0110064 0 0 0 0 0 0 5.93987e+09 5.93987e+09 5.93987e+09 5.93987e+09 
0.075 -2.40908 -5.70908 -3.72655 -5.16581 0.209084 33625.8 2.9315e+16 9.57017e-07 1.11035e-05 5.23599e-21 5.21506e-08 208750 0 0 1.19526e-15 0 0 0.0110064 0 0 0 0 0 0 6.14642e+09 6.14642e+09 6.14642e+09 6.14642e+09 
0.0755 -2.39863 -5.69863 -3.71512 -5.15524 0.198627 34905.4 2.92285e+16 9.57906e-07 1.10972e-05 5.43715e-21 5.19671e-08 209507 0 0 1.24455e-15 0 0 0.0110064 0 0 0 0 0 0 6.35861e+09 6.35861e+09 6.35861e+09 6.35861e+09 
0.076 -2.38813 -5.68813 -3.70367 -5.14463 0.188133 36224.1 2.91427e+16 9.58796e-07 1.10909e-05 5.64471e-21 5.17855e-08 210261 0 0 1.29555e-15 0 0 0.0110064 0 0 0 0 0 0 6.57655e+09 6.57655e+09 6.57655e+09 6.57655e+09 
0.0765 -2.3776 -5.6776 -3.69218 -5.13399 0.177601 37582.9 2.90575e+16 9.59688e-07 1.10848e-05 5.85882e-21 5.16056e-08 211013 0 0 1.34832e-15 0 0 0.0110064 0 0 0 0 0 0 6.80034e+09 6.80034e+09 6.80034e+09 6.80034e+09 
0.077 -2.36703 -5.66703 -3.68066 -5.1233 0.167032 38982.7 2.8973e+16 9.60581e-07 1.10787e-05 6.07963e-21 5.14274e-08 211763 0 0 1.40289e-15 0 0 0.0110064 0 0 0 0 0 0 7.0301e+09 7.0301e+09 7.0301e+09 7.0301e+09 
0.0775 -2.35642 -5.65642 -3.66911 -5.11258 0.156425 40424.4 2.88892e+16 9.61475e-07 1.10728e-05 6.30729e-21 5.12509e-08 212511 0 0 1.45931e-15 0 0 0.0110064 0 0 0 0 0 0 7.26593e+09 7.26593e+09 7.26593e+09 7.26593e+09 
0.078 -2.34578 -5.64578 -3.65753 -5.10183 0.145781 41908.8 2.8806e+16 9.6237e-07 1.10669e-05 6.54198e-21 5.10762e-08 213257 0 0 1.51763e-15 0 0 0.0110064 0 0 0 0 0 0 7.50793e+09 7.50793e+09 7.50793e+09 7.50793e+09 
0.0785 -2.3351 -5.6351 -3.64592 -5.09103 0.135099 43437 2.87234e+16 9.63267e-07 1.10611e-05 6.78384e-21 5.09031e-08 214000 0 0 1.57791e-15 0 0 0.0110064 0 0 0 0 0 0 7.75623e+09 7.75623e+09 7.75623e+09 7.75623e+09 
0.079 -2.32438 -5.62438 -3.63428 -5.08021 0.124381 45009.8 2.86414e+16 9.64164e-07 1.10554e-05 7.03304e-21 5.07316e-08 214742 0 0 1.64019e-15 0 0 0.0110064 0 0 0 0 0 0 8.01093e+09 8.01093e+09 8.01093e+09 8.01093e+09 
0.0795 -2.31362 -5.61362 -3.6226 -5.06934 0.113625 46628.1 2.856e+16 9.65063e-07 1.10498e-05 7.28975e-21 5.05617e-08 215481 0 0 1.70453e-15 0 0 0.0110064 0 0 0 0 0 0 8.27213e+09 8.27213e+09 8.27213e+09 8.27213e+09 
0.08 -2.30283 -5.60283 -3.6109 -5.05844 0.102832 48293 2.84793e+16 9.65963e-07 1.10442e-05 7.55414e-21 5.03935e-08 216218 0 0 1.77097e-15 0 0 0.0110064 0 0 0 0 0 0 8.53996e+09 8.53996e+09 8.53996e+09 8.53996e+09 
0.0805 -2.292 -5.592 -3.59917 -5.0475 0.0920031 50005.3 2.83991e+16 9.66864e-07 1.10388e-05 7.82637e-21 5.02268e-08 216954 0 0 1.83958e-15 0 0 0.0110064 0 0 0 0 0 0 8.81453e+09 8.81453e+09 8.81453e+09 8.81453e+09 
0.081 -2.28114 -5.58114 -3.5874 -5.03652 0.081137 51766.1 2.83195e+16 9.67767e-07 1.10334e-05 8.10661e-21 5.00616e-08 217687 0 0 1.9104e-15 0 0 0.0110064 0 0 0 0 0 0 9.09594e+09 9.09594e+09 9.09594e+09 9.09594e+09 
0.0815 -2.27023 -5.57023 -3.57561 -5.02551 0.0702344 53576.3 2.82405e+16 9.6867e-07 1.10281e-05 8.39504e-21 4.9898e-08 218418 0 0 1.98349e-15 0 0 0.0110064 0 0 0 0 0 0 9.38431e+09 9.38431e+09 9.38431e+09 9.38431e+09 
0.082 -2.2593 -5.5593 -3.56378 -5.01447 0.0592952 55436.9 2.8162e+16 9.69575e-07 1.10229e-05 8.69184e-21 4.97359e-08 219147 0 0 2.0589e-15 0 0 0.0110064 0 0 0 0 0 0 9.67977e+09 9.67977e+09 9.67977e+09 9.67977e+09 
0.0825 -2.24832 -5.54832 -3.55193 -5.00338 0.0483197 57348.9 2.80842e+16 9.70481e-07 1.10177e-05 8.99718e-21 4.95752e-08 219874 0 0 2.1367e-15 0 0 0.0110064 0 0 0 0 0 0 9.98241e+09 9.98241e+09 9.98241e+09 9.98241e+09 
0.083 -2.23731 -5.53731 -3.54004 -4.99227 0.0373079 59313.4 2.80069e+16 9.71387e-07 1.10127e-05 9.31125e-21 4.9416e-08 220599 0 0 2.21694e-15 0 0 0.0110064 0 0 0 0 0 0 1.02924e+10 1.02924e+10 1.02924e+10 1.02924e+10 
0.0835 -2.22626 -5.52626 -3.52812 -4.98111 0.0262598 61331.3 2.79301e+16 9.72295e-07 1.10077e-05 9.63423e-21 4.92583e-08 221322 0 0 2.29968e-15 0 0 0.0110064 0 0 0 0 0 0 1.06097e+10 1.06097e+10 1.06097e+10 1.06097e+10 
0.084 -2.21518 -5.51518 -3.51617 -4.96992 0.0151757 63403.7 2.78539e+16 9.73205e-07 1.10028e-05 9.9663e-21 4.91019e-08 222043 0 0 2.38498e-15 0 0 0.0110064 0 0 0 0 0 0 1.09347e+10 1.09347e+10 1.09347e+10 1.09347e+10 
0.0845 -2.20406 -5.50406 -3.5042 -4.9587 0.00405555 65531.7 2.77782e+16 9.74115e-07 1.0998e-05 1.03077e-20 4.8947e-08 222762 0 0 2.47289e-15 0 0 0.0110064 0 0 0 0 0 0 1.12672e+10 1.12672e+10 1.12672e+10 1.12672e+10 
0.085 -2.1929 -5.4929 -3.49219 -4.94743 -0.00710049 67716.2 2.7703e+16 9.75026e-07 1.09932e-05 1.06585e-20 4.87934e-08 223479 0 0 2.56349e-15 0 0 0.0110064 0 0 0 0 0 0 1.16076e+10 1.16076e+10 1.16076e+10 1.16076e+10 
0.0855 -2.18171 -5.48171 -3.48015 -4.93614 -0.0182923 69958.4 2.76284e+16 9.75939e-07 1.09885e-05 1.1019e-20 4.86412e-08 224194 0 0 2.65684e-15 0 0 0.0110064 0 0 0 0 0 0 1.19559e+10 1.19559e+10 1.19559e+10 1.19559e+10 
0.086 -2.17048 -5.47048 -3.46808 -4.92481 -0.0295199 72259.2 2.75542e+16 9.76852e-07 1.09839e-05 1.13893e-20 4.84903e-08 224907 0 0 2.75299e-15 0 0 0.0110064 0 0 0 0 0 0 1.23121e+10 1.23121e+10 1.23121e+10 1.23121e+10 
0.0865 -2.15922 -5.45922 -3.45599 -4.91344 -0.0407831 74619.9 2.74806e+16 9.77767e-07 1.09793e-05 1.17697e-20 4.83407e-08 225619 0 0 2.85202e-15 0 0 0.0110064 0 0 0 0 0 0 1.26766e+10 1.26766e+10 1.26766e+10 1.26766e+10 
0.087 -2.14792 -5.44792 -3.44386 -4.90204 -0.0520818 77041.5 2.74075e+16 9.78682e-07 1.09749e-05 1.21604e-20 4.81925e-08 226328 0 0 2.95398e-15 0 0 0.0110064 0 0 0 0 0 0 1.30492e+10 1.30492e+10 1.30492e+10 1.30492e+10 
0.0875 -2.13658 -5.43658 -3.4317 -4.8906 -0.0634159 79525.1 2.73349e+16 9.79599e-07 1.09705e-05 1.25615e-20 4.80455e-08 227036 0 0 3.05895e-15 0 0 0.0110064 0 0 0 0 0 0 1.34303e+10 1.34303e+10 1.34303e+10 1.34303e+10 
0.088 -2.12521 -5.42521 -3.41951 -4.87913 -0.0747853 82071.8 2.72628e+16 9.80517e-07 1.09661e-05 1.29733e-20 4.78998e-08 227741 0 0 3.16699e-15 0 0 0.0110064 0 0 0 0 0 0 1.38199e+10 1.38199e+10 1.38199e+10 1.38199e+10 
0.0885 -2.11381 -5.41381 -3.40729 -4.86762 -0.08619 84682.7 2.71912e+16 9.81436e-07 1.09618e-05 1.33959e-20 4.77553e-08 228445 0 0 3.27818e-15 0 0 0.0110064 0 0 0 0 0 0 1.4218e+10 1.4218e+10 1.4218e+10 1.4218e+10 
0.089 -2.10237 -5.40237 -3.39505 -4.85608 -0.0976298 87359 2.712e+16 9.82356e-07 1.09576e-05 1.38296e-20 4.76121e-08 229147 0 0 3.39257e-15 0 0 0.0110064 0 0 0 0 0 0 1.4625e+10 1.4625e+10 1.4625e+10 1.4625e+10 
0.0895 -2.0909 -5.3909 -3.38277 -4.84451 -0.109105 90101.8 2.70493e+16 9.83276e-07 1.09535e-05 1.42746e-20 4.74701e-08 229847 0 0 3.51024e-15 0 0 0.0110064 0 0 0 0 0 0 1.50408e+10 1.50408e+10 1.50408e+10 1.50408e+10 
0.09 -2.07939 -5.37939 -3.37046 -4.8329 -0.120615 92912.3 2.69791e+16 9.84198e-07 1.09494e-05 1.47311e-20 4.73292e-08 230546 0 0 3.63126e-15 0 0 0.0110064 0 0 0 0 0 0 1.54656e+10 1.54656e+10 1.54656e+10 1.54656e+10 
0.0905 -2.06784 -5.36784 -3.35812 -4.82125 -0.132159 95791.6 2.69094e+16 9.85121e-07 1.09454e-05 1.51993e-20 4.71896e-08 231242 0 0 3.75571e-15 0 0 0.0110064 0 0 0 0 0 0 1.58995e+10 1.58995e+10 1.58995e+10 1.58995e+10 
0.091 -2.05626 -5.35626 -3.34576 -4.80957 -0.143739 98740.8 2.68401e+16 9.86045e-07 1.09415e-05 1.56794e-20 4.70511e-08 231937 0 0 3.88365e-15 0 0 0.0110064 0 0 0 0 0 0 1.63427e+10 1.63427e+10 1.63427e+10 1.63427e+10 
0.0915 -2.04465 -5.34465 -3.33336 -4.79786 -0.155353 101761 2.67712e+16 9.86971e-07 1.09376e-05 1.61716e-20 4.69138e-08 232630 0 0 4.01517e-15 0 0 0.0110064 0 0 0 0 0 0 1.67953e+10 1.67953e+10 1.67953e+10 1.67953e+10 
0.092 -2.033 -5.333 -3.32093 -4.78611 -0.167002 104854 2.67029e+16 9.87897e-07 1.09338e-05 1.66762e-20 4.67776e-08 233321 0 0 4.15033e-15 0 0 0.0110064 0 0 0 0 0 0 1.72573e+10 1.72573e+10 1.72573e+10 1.72573e+10 
0.0925 -2.02131 -5.32131 -3.30848 -4.77433 -0.178685 108020 2.66349e+16 9.88824e-07 1.093e-05 1.71934e-20 4.66425e-08 234010 0 0 4.28922e-15 0 0 0.0110064 0 0 0 0 0 0 1.7729e+10 1.7729e+10 1.7729e+10 1.7729e+10 
0.093 -2.0096 -5.3096 -3.29599 -4.76252 -0.190403 111261 2.65674e+16 9.89752e-07 1.09263e-05 1.77234e-20 4.65086e-08 234698 0 0 4.43191e-15 0 0 0.0110064 0 0 0 0 0 0 1.82104e+10 1.82104e+10 1.82104e+10 1.82104e+10 
0.0935 -1.99785 -5.29785 -3.28347 -4.75067 -0.202155 114578 2.65003e+16 9.90681e-07 1.09227e-05 1.82665e-20 4.63757e-08 235384 0 0 4.57848e-15 0 0 0.0110064 0 0 0 0 0 0 1.87017e+10 1.87017e+10 1.87017e+10 1.87017e+10 
0.094 -1.98606 -5.28606 -3.27093 -4.73878 -0.213941 117972 2.64337e+16 9.91611e-07 1.09191e-05 1.88228e-20 4.62439e-08 236068 0 0 4.729e-15 0 0 0.0110064 0 0 0 0 0 0 1.9203e+10 1.9203e+10 1.9203e+10 1.9203e+10 
0.0945 -1.97424 -5.27424 -3.25836 -4.72687 -0.225762 121445 2.63675e+16 9.92542e-07 1.09156e-05 1.93926e-20 4.61132e-08 236750 0 0 4.88357e-15 0 0 0.0110064 0 0 0 0 0 0 1.97145e+10 1.97145e+10 1.97145e+10 1.97145e+10 
0.095 -1.96238 -5.26238 -3.24575 -4.71492 -0.237616 124997 2.63016e+16 9.93474e-07 1.09121e-05 1.99762e-20 4.59835e-08 237431 0 0 5.04225e-15 0 0 0.0110064 0 0 0 0 0 0 2.02362e+10 2.02362e+10 2.02362e+10 2.02362e+10 
0.0955 -1.9505 -5.2505 -3.23312 -4.70293 -0.249505 128630 2.62363e+16 9.94407e-07 1.09087e-05 2.05737e-20 4.58549e-08 238110 0 0 5.20514e-15 0 0 0.0110064 0 0 0 0 0 0 2.07683e+10 2.07683e+10 2.07683e+10 2.07683e+10 
0.096 -1.93857 -5.23857 -3.22046 -4.69091 -0.261427 132346 2.61713e+16 9.95341e-07 1.09054e-05 2.11855e-20 4.57273e-08 238788 0 0 5.37232e-15 0 0 0.0110064 0 0 0 0 0 0 2.13109e+10 2.13109e+10 2.13109e+10 2.13109e+10 
0.0965 -1.92662 -5.22662 -3.20777 -4.67886 -0.273384 136145 2.61067e+16 9.96276e-07 1.09021e-05 2.18116e-20 4.56007e-08 239463 0 0 5.54387e-15 0 0 0.0110064 0 0 0 0 0 0 2.18641e+10 2.18641e+10 2.18641e+10 2.18641e+10 
0.097 -1.91463 -5.21463 -3.19504 -4.66678 -0.285374 140028 2.60425e+16 9.97212e-07 1.08988e-05 2.24525e-20 4.54751e-08 240137 0 0 5.71987e-15 0 0 0.0110064 0 0 0 0 0 0 2.24282e+10 2.24282e+10 2.24282e+10 2.24282e+10 
0.0975 -1.9026 -5.2026 -3.18229 -4.65466 -0.297397 143997 2.59787e+16 9.98149e-07 1.08957e-05 2.31083e-20 4.53504e-08 240810 0 0 5.90042e-15 0 0 0.0110064 0 0 0 0 0 0 2.30031e+10 2.30031e+10 2.30031e+10 2.30031e+10 
0.098 -1.89055 -5.19055 -3.16951 -4.64251 -0.309455 148054 2.59153e+16 9.99087e-07 1.08925e-05 2.37793e-20 4.52268e-08 241481 0 0 6.08559e-15 0 0 0.0110064 0 0 0 0 0 0 2.35891e+10 2.35891e+10 2.35891e+10 2.35891e+10 
0.0985 -1.87845 -5.17845 -3.15671 -4.63032 -0.321545 152199 2.58523e+16 1.00003e-06 1.08895e-05 2.44657e-20 4.51041e-08 242150 0 0 6.27549e-15 0 0 0.0110064 0 0 0 0 0 0 2.41862e+10 2.41862e+10 2.41862e+10 2.41862e+10 
0.099 -1.86633 -5.16633 -3.14387 -4.6181 -0.33367 156434 2.57897e+16 1.00097e-06 1.08864e-05 2.51678e-20 4.49824e-08 242817 0 0 6.4702e-15 0 0 0.0110064 0 0 0 0 0 0 2.47947e+10 2.47947e+10 2.47947e+10 2.47947e+10 
0.0995 -1.85417 -5.15417 -3.131 -4.60585 -0.345827 160760 2.57275e+16 1.00191e-06 1.08835e-05 2.58859e-20 4.48616e-08 243483 0 0 6.66981e-15 0 0 0.0110064 0 0 0 0 0 0 2.54146e+10 2.54146e+10 2.54146e+10 2.54146e+10 
0.1 -1.84198 -5.14198 -3.11811 -4.59357 -0.358018 165179 2.56656e+16 1.00285e-06 1.08806e-05 2.66201e-20 4.47417e-08 244147 0 0 6.8744e-15 0 0 0.0110064 0 0 0 0 0 0 2.6046e+10 2.6046e+10 2.6046e+10 2.6046e+10 
0.1005 -1.82976 -5.12976 -3.10518 -4.58125 -0.370242 169692 2.56041e+16 1.00379e-06 1.08777e-05 2.73708e-20 4.46228e-08 244810 0 0 7.08409e-15 0 0 0.0110064 0 0 0 0 0 0 2.66891e+10 2.66891e+10 2.66891e+10 2.66891e+10 
0.101 -1.8175 -5.1175 -3.09223 -4.56891 -0.382499 174299 2.5543e+16 1.00473e-06 1.08749e-05 2.81382e-20 4.45047e-08 245471 0 0 7.29895e-15 0 0 0.0110064 0 0 0 0 0 0 2.73441e+10 2.73441e+10 2.73441e+10 2.73441e+10 
0.1015 -1.80521 -5.10521 -3.07925 -4.55652 -0.394789 179004 2.54822e+16 1.00568e-06 1.08721e-05 2.89225e-20 4.43876e-08 246130 0 0 7.51909e-15 0 0 0.0110064 0 0 0 0 0 0 2.8011e+10 2.8011e+10 2.8011e+10 2.8011e+10 
0.102 -1.79289 -5.09289 -3.06624 -4.54411 -0.407112 183806 2.54218e+16 1.00662e-06 1.08694e-05 2.97241e-20 4.42713e-08 246788 0 0 7.7446e-15 0 0 0.0110064 0 0 0 0 0 0 2.869e+10 2.869e+10 2.869e+10 2.869e+10 
0.1025 -1.78053 -5.08053 -3.0532 -4.53166 -0.419468 188707 2.53617e+16 1.00757e-06 1.08668e-05 3.05432e-20 4.41559e-08 247445 0 0 7.97557e-15 0 0 0.0110064 0 0 0 0 0 0 2.93812e+10 2.93812e+10 2.93812e+10 2.93812e+10 
0.103 -1.76814 -5.06814 -3.04013 -4.51918 -0.431856 193709 2.5302e+16 1.00852e-06 1.08642e-05 3.138e-20 4.40414e-08 248100 0 0 8.21211e-15 0 0 0.0110064 0 0 0 0 0 0 3.00847e+10 3.00847e+10 3.00847e+10 3.00847e+10 
0.1035 -1.75572 -5.05572 -3.02703 -4.50667 -0.444278 198812 2.52427e+16 1.00947e-06 1.08616e-05 3.22349e-20 4.39277e-08 248753 0 0 8.45431e-15 0 0 0.0110064 0 0 0 0 0 0 3.08007e+10 3.08007e+10 3.08007e+10 3.08007e+10 
0.104 -1.74327 -5.04327 -3.0139 -4.49413 -0.456732 204019 2.51836e+16 1.01041e-06 1.08591e-05 3.3108e-20 4.38149e-08 249405 0 0 8.70228e-15 0 0 0.0110064 0 0 0 0 0 0 3.15294e+10 3.15294e+10 3.15294e+10 3.15294e+10 
0.1045 -1.73078 -5.03078 -3.00075 -4.48155 -0.469218 209331 2.5125e+16 1.01136e-06 1.08566e-05 3.39998e-20 4.37029e-08 250055 0 0 8.95611e-15 0 0 0.0110064 0 0 0 0 0 0 3.22708e+10 3.22708e+10 3.22708e+10 3.22708e+10 
0.105 -1.71826 -5.01826 -2.98757 -4.46894 -0.481737 214749 2.50666e+16 1.01232e-06 1.08542e-05 3.49104e-20 4.35917e-08 250704 0 0 9.21591e-15 0 0 0.0110064 0 0 0 0 0 0 3.3025e+10 3.3025e+10 3.3025e+10 3.3025e+10 
0.1055 -1.70571 -5.00571 -2.97436 -4.4563 -0.494288 220274 2.50087e+16 1.01327e-06 1.08518e-05 3.58401e-20 4.34813e-08 251351 0 0 9.48178e-15 0 0 0.0110064 0 0 0 0 0 0 3.37923e+10 3.37923e+10 3.37923e+10 3.37923e+10 
0.106 -1.69313 -4.99313 -2.96111 -4.44363 -0.506872 225908 2.4951e+16 1.01422e-06 1.08495e-05 3.67892e-20 4.33718e-08 251997 0 0 9.75383e-15 0 0 0.0110064 0 0 0 0 0 0 3.45727e+10 3.45727e+10 3.45727e+10 3.45727e+10 
0.1065 -1.68051 -4.98051 -2.94785 -4.43093 -0.519488 231652 2.48936e+16 1.01517e-06 1.08472e-05 3.77581e-20 4.3263e-08 252641 0 0 1.00322e-14 0 0 0.0110064 0 0 0 0 0 0 3.53664e+10 3.53664e+10 3.53664e+10 3.53664e+10 
0.107 -1.66786 -4.96786 -2.93455 -4.41819 -0.532136 237508 2.48366e+16 1.01613e-06 1.0845e-05 3.87468e-20 4.3155e-08 253284 0 0 1.03169e-14 0 0 0.0110064 0 0 0 0 0 0 3.61734e+10 3.61734e+10 3.61734e+10 3.61734e+10 
0.1075 -1.65518 -4.95518 -2.92122 -4.40542 -0.544817 243477 2.47799e+16 1.01708e-06 1.08428e-05 3.97559e-20 4.30478e-08 253925 0 0 1.06081e-14 0 0 0.0110064 0 0 0 0 0 0 3.69941e+10 3.69941e+10 3.69941e+10 3.69941e+10 
0.108 -1.64247 -4.94247 -2.90787 -4.39262 -0.557529 249561 2.47236e+16 1.01804e-06 1.08406e-05 4.07855e-20 4.29414e-08 254565 0 0 1.09059e-14 0 0 0.0110064 0 0 0 0 0 0 3.78283e+10 3.78283e+10 3.78283e+10 3.78283e+10 
0.1085 -1.62973 -4.92973 -2.89449 -4.37979 -0.570273 255761 2.46675e+16 1.019e-06 1.08385e-05 4.18359e-20 4.28357e-08 255203 0 0 1.12104e-14 0 0 0.0110064 0 0 0 0 0 0 3.86764e+10 3.86764e+10 3.86764e+10 3.86764e+10 
0.109 -1.61695 -4.91695 -2.88108 -4.36693 -0.583049 262078 2.46118e+16 1.01995e-06 1.08365e-05 4.29074e-20 4.27308e-08 255840 0 0 1.15218e-14 0 0 0.0110064 0 0 0 0 0 0 3.95385e+10 3.95385e+10 3.95385e+10 3.95385e+10 
0.1095 -1.60414 -4.90414 -2.86764 -4.35403 -0.595857 268513 2.45563e+16 1.02091e-06 1.08345e-05 4.40004e-20 4.26266e-08 256476 0 0 1.18401e-14 0 0 0.0110064 0 0 0 0 0 0 4.04145e+10 4.04145e+10 4.04145e+10 4.04145e+10 
0.11 -1.5913 -4.8913 -2.85417 -4.34111 -0.608697 275069 2.45012e+16 1.02187e-06 1.08325e-05 4.5115e-20 4.25231e-08 257110 0 0 1.21654e-14 0 0 0.0110064 0 0 0 0 0 0 4.13048e+10 4.13048e+10 4.13048e+10 4.13048e+10 
0.1105 -1.57843 -4.87843 -2.84068 -4.32815 -0.621568 281747 2.44463e+16 1.02283e-06 1.08305e-05 4.62517e-20 4.24204e-08 257742 0 0 1.24979e-14 0 0 0.0110064 0 0 0 0 0 0 4.22094e+10 4.22094e+10 4.22094e+10 4.22094e+10 
0.111 -1.56553 -4.86553 -2.82715 -4.31516 -0.634471 288548 2.43918e+16 1.02379e-06 1.08287e-05 4.74107e-20 4.23184e-08 258374 0 0 1.28377e-14 0 0 0.0110064 0 0 0 0 0 0 4.31285e+10 4.31285e+10 4.31285e+10 4.31285e+10 
0.1115 -1.55259 -4.85259 -2.8136 -4.30214 -0.647405 295474 2.43376e+16 1.02476e-06 1.08268e-05 4.85922e-20 4.22171e-08 259003 0 0 1.31849e-14 0 0 0.0110064 0 0 0 0 0 0 4.40622e+10 4.40622e+10 4.40622e+10 4.40622e+10 
0.112 -1.53963 -4.83963 -2.80002 -4.28909 -0.660371 302526 2.42836e+16 1.02572e-06 1.0825e-05 4.97967e-20 4.21165e-08 259632 0 0 1.35396e-14 0 0 0.0110064 0 0 0 0 0 0 4.50106e+10 4.50106e+10 4.50106e+10 4.50106e+10 
0.1125 -1.52663 -4.82663 -2.78642 -4.27601 -0.673368 309705 2.423e+16 1.02668e-06 1.08232e-05 5.10243e-20 4.20166e-08 260259 0 0 1.39019e-14 0 0 0.0110064 0 0 0 0 0 0 4.59738e+10 4.59738e+10 4.59738e+10 4.59738e+10 
0.113 -1.5136 -4.8136 -2.77278 -4.2629 -0.686397 317014 2.41766e+16 1.02765e-06 1.08215e-05 5.22755e-20 4.19174e-08 260885 0 0 1.4272e-14 0 0 0.0110064 0 0 0 0 0 0 4.6952e+10 4.6952e+10 4.6952e+10 4.6952e+10 
0.1135 -1.50054 -4.80054 -2.75912 -4.24975 -0.699457 324452 2.41236e+16 1.02861e-06 1.08198e-05 5.35505e-20 4.18188e-08 261509 0 0 1.46499e-14 0 0 0.0110064 0 0 0 0 0 0 4.79454e+10 4.79454e+10 4.79454e+10 4.79454e+10 
0.114 -1.48745 -4.78745 -2.74543 -4.23658 -0.712548 332023 2.40708e+16 1.02958e-06 1.08182e-05 5.48496e-20 4.17209e-08 262132 0 0 1.50358e-14 0 0 0.0110064 0 0 0 0 0 0 4.8954e+10 4.8954e+10 4.8954e+10 4.8954e+10 
0.1145 -1.47433 -4.77433 -2.73171 -4.22337 -0.72567 339728 2.40182e+16 1.03055e-06 1.08166e-05 5.61732e-20 4.16237e-08 262753 0 0 1.54299e-14 0 0 0.0110064 0 0 0 0 0 0 4.9978e+10 4.9978e+10 4.9978e+10 4.9978e+10 
0.115 -1.46118 -4.76118 -2.71796 -4.21013 -0.738823 347567 2.3966e+16 1.03151e-06 1.0815e-05 5.75215e-20 4.15272e-08 263373 0 0 1.58322e-14 0 0 0.0110064 0 0 0 0 0 0 5.10175e+10 5.10175e+10 5.10175e+10 5.10175e+10 
0.1155 -1.44799 -4.74799 -2.70419 -4.19687 -0.752007 355544 2.39141e+16 1.03248e-06 1.08135e-05 5.88948e-20 4.14313e-08 263992 0 0 1.62428e-14 0 0 0.0110064 0 0 0 0 0 0 5.20726e+10 5.20726e+10 5.20726e+10 5.20726e+10 
0.116 -1.43478 -4.73478 -2.69039 -4.18357 -0.765223 363658 2.38624e+16 1.03345e-06 1.0812e-05 6.02936e-20 4.1336e-08 264610 0 0 1.66619e-14 0 0 0.0110064 0 0 0 0 0 0 5.31435e+10 5.31435e+10 5.31435e+10 5.31435e+10 
0.1165 -1.42153 -4.72153 -2.67656 -4.17024 -0.778468 371911 2.3811e+16 1.03442e-06 1.08105e-05 6.1718e-20 4.12414e-08 265226 0 0 1.70897e-14 0 0 0.0110064 0 0 0 0 0 0 5.42303e+10 5.42303e+10 5.42303e+10 5.42303e+10 
0.117 -1.40825 -4.70825 -2.6627 -4.15688 -0.791745 380306 2.37598e+16 1.03539e-06 1.08091e-05 6.31684e-20 4.11474e-08 265841 0 0 1.75261e-14 0 0 0.0110064 0 0 0 0 0 0 5.53332e+10 5.53332e+10 5.53332e+10 5.53332e+10 
0.1175 -1.39495 -4.69495 -2.64881 -4.14349 -0.805053 388843 2.37089e+16 1.03637e-06 1.08077e-05 6.46452e-20 4.10541e-08 266454 0 0 1.79715e-14 0 0 0.0110064 0 0 0 0 0 0 5.64522e+10 5.64522e+10 5.64522e+10 5.64522e+10 
0.118 -1.38161 -4.68161 -2.6349 -4.13007 -0.818391 397524 2.36583e+16 1.03734e-06 1.08064e-05 6.61486e-20 4.09613e-08 267067 0 0 1.84258e-14 0 0 0.0110064 0 0 0 0 0 0 5.75875e+10 5.75875e+10 5.75875e+10 5.75875e+10 
0.1185 -1.36824 -4.66824 -2.62096 -4.11662 -0.831759 406351 2.36079e+16 1.03831e-06 1.08051e-05 6.76789e-20 4.08692e-08 267678 0 0 1.88893e-14 0 0 0.0110064 0 0 0 0 0 0 5.87392e+10 5.87392e+10 5.87392e+10 5.87392e+10 
0.119 -1.35484 -4.65484 -2.60699 -4.10314 -0.845158 415324 2.35578e+16 1.03929e-06 1.08038e-05 6.92366e-20 4.07776e-08 268287 0 0 1.9362e-14 0 0 0.0110064 0 0 0 0 0 0 5.99075e+10 5.99075e+10 5.99075e+10 5.99075e+10 
0.1195 -1.34141 -4.64141 -2.593 -4.08963 -0.858588 424447 2.3508e+16 1.04026e-06 1.08026e-05 7.08219e-20 4.06867e-08 268896 0 0 1.98442e-14 0 0 0.0110064 0 0 0 0 0 0 6.10924e+10 6.10924e+10 6.10924e+10 6.10924e+10 
0.12 -1.32795 -4.62795 -2.57898 -4.07609 -0.872048 433719 2.34584e+16 1.04124e-06 1.08014e-05 7.24352e-20 4.05964e-08 269503 0 0 2.03358e-14 0 0 0.0110064 0 0 0 0 0 0 6.22942e+10 6.22942e+10 6.22942e+10 6.22942e+10 
0.1205 -1.31446 -4.61446 -2.56493 -4.06252 -0.885538 443143 2.34091e+16 1.04221e-06 1.08002e-05 7.40767e-20 4.05066e-08 270108 0 0 2.08371e-14 0 0 0.0110064 0 0 0 0 0 0 6.35129e+10 6.35129e+10 6.35129e+10 6.35129e+10 
0.121 -1.30094 -4.60094 -2.55085 -4.04892 -0.899059 452721 2.336e+16 1.04319e-06 1.07991e-05 7.57469e-20 4.04174e-08 270713 0 0 2.13483e-14 0 0 0.0110064 0 0 0 0 0 0 6.47486e+10 6.47486e+10 6.47486e+10 6.47486e+10 
0.1215 -1.28739 -4.58739 -2.53675 -4.03529 -0.912609 462453 2.33111e+16 1.04417e-06 1.0798e-05 7.7446e-20 4.03288e-08 271316 0 0 2.18693e-14 0 0 0.0110064 0 0 0 0 0 0 6.60016e+10 6.60016e+10 6.60016e+10 6.60016e+10 
0.122 -1.27381 -4.57381 -2.52262 -4.02163 -0.92619 472341 2.32625e+16 1.04515e-06 1.07969e-05 7.91743e-20 4.02408e-08 271918 0 0 2.24004e-14 0 0 0.0110064 0 0 0 0 0 0 6.72719e+10 6.72719e+10 6.72719e+10 6.72719e+10 
0.1225 -1.2602 -4.5602 -2.50846 -4.00794 -0.939801 482388 2.32142e+16 1.04613e-06 1.07959e-05 8.09323e-20 4.01533e-08 272519 0 0 2.29418e-14 0 0 0.0110064 0 0 0 0 0 0 6.85596e+10 6.85596e+10 6.85596e+10 6.85596e+10 
0.123 -1.24656 -4.54656 -2.49427 -3.99422 -0.953442 492593 2.3166e+16 1.04711e-06 1.07949e-05 8.27203e-20 4.00664e-08 273118 0 0 2.34934e-14 0 0 0.0110064 0 0 0 0 0 0 6.98649e+10 6.98649e+10 6.98649e+10 6.98649e+10 
0.1235 -1.23289 -4.53289 -2.48006 -3.98047 -0.967113 502960 2.31182e+16 1.04809e-06 1.07939e-05 8.45385e-20 3.998e-08 273716 0 0 2.40556e-14 0 0 0.0110064 0 0 0 0 0 0 7.11878e+10 7.11878e+10 7.11878e+10 7.11878e+10 
0.124 -1.21919 -4.51919 -2.46582 -3.96669 -0.980814 513489 2.30705e+16 1.04907e-06 1.0793e-05 8.63874e-20 3.98942e-08 274313 0 0 2.46284e-14 0 0 0.0110064 0 0 0 0 0 0 7.25286e+10 7.25286e+10 7.25286e+10 7.25286e+10 
0.1245 -1.20546 -4.50546 -2.45155 -3.95288 -0.994544 524182 2.30231e+16 1.05006e-06 1.07921e-05 8.82672e-20 3.98089e-08 274909 0 0 2.5212e-14 0 0 0.0110064 0 0 0 0 0 0 7.38874e+10 7.38874e+10 7.38874e+10 7.38874e+10 
0.125 -1.1917 -4.4917 -2.43726 -3.93904 -1.0083 535040 2.29759e+16 1.05104e-06 1.07912e-05 9.01783e-20 3.97241e-08 275504 0 0 2.58065e-14 0 0 0.0110064 0 0 0 0 0 0 7.52642e+10 7.52642e+10 7.52642e+10 7.52642e+10 
0.1255 -1.17791 -4.47791 -2.42294 -3.92517 -1.02209 546066 2.2929e+16 1.05202e-06 1.07904e-05 9.21211e-20 3.96399e-08 276097 0 0 2.64121e-14 0 0 0.0110064 0 0 0 0 0 0 7.66592e+10 7.66592e+10 7.66592e+10 7.66592e+10 
0.126 -1.16409 -4.46409 -2.40859 -3.91127 -1.03591 557261 2.28823e+16 1.05301e-06 1.07896e-05 9.40959e-20 3.95562e-08 276689 0 0 2.70289e-14 0 0 0.0110064 0 0 0 0 0 0 7.80726e+10 7.80726e+10 7.80726e+10 7.80726e+10 
0.1265 -1.15024 -4.45024 -2.39422 -3.89735 -1.04976 568625 2.28358e+16 1.054e-06 1.07888e-05 9.61031e-20 3.9473e-08 277280 0 0 2.76571e-14 0 0 0.0110064 0 0 0 0 0 0 7.95043e+10 7.95043e+10 7.95043e+10 7.95043e+10 
0.127 -1.13636 -4.43636 -2.37981 -3.88339 -1.06364 580162 2.27895e+16 1.05498e-06 1.07881e-05 9.81429e-20 3.93904e-08 277870 0 0 2.82967e-14 0 0 0.0110064 0 0 0 0 0 0 8.09547e+10 8.09547e+10 8.09547e+10 8.09547e+10 
0.1275 -1.12245 -4.42245 -2.36539 -3.8694 -1.07755 591871 2.27435e+16 1.05597e-06 1.07874e-05 1.00216e-19 3.93082e-08 278458 0 0 2.8948e-14 0 0 0.0110064 0 0 0 0 0 0 8.24238e+10 8.24238e+10 8.24238e+10 8.24238e+10 
0.128 -1.10851 -4.40851 -2.35093 -3.85539 -1.09149 603756 2.26977e+16 1.05696e-06 1.07867e-05 1.02322e-19 3.92266e-08 279046 0 0 2.96111e-14 0 0 0.0110064 0 0 0 0 0 0 8.39116e+10 8.39116e+10 8.39116e+10 8.39116e+10 
0.1285 -1.09454 -4.39454 -2.33645 -3.84135 -1.10546 615817 2.2652e+16 1.05795e-06 1.07861e-05 1.04462e-19 3.91454e-08 279632 0 0 3.02862e-14 0 0 0.0110064 0 0 0 0 0 0 8.54184e+10 8.54184e+10 8.54184e+10 8.54184e+10 
0.129 -1.08055 -4.38055 -2.32194 -3.82727 -1.11945 628056 2.26067e+16 1.05894e-06 1.07855e-05 1.06636e-19 3.90647e-08 280217 0 0 3.09734e-14 0 0 0.0110064 0 0 0 0 0 0 8.69443e+10 8.69443e+10 8.69443e+10 8.69443e+10 
0.1295 -1.06652 -4.36652 -2.30741 -3.81317 -1.13348 640475 2.25615e+16 1.05993e-06 1.07849e-05 1.08845e-19 3.89846e-08 280801 0 0 3.16728e-14 0 0 0.0110064 0 0 0 0 0 0 8.84893e+10 8.84893e+10 8.84893e+10 8.84893e+10 
0.13 -1.05247 -4.35247 -2.29284 -3.79904 -1.14753 653075 2.25165e+16 1.06092e-06 1.07843e-05 1.11088e-19 3.89049e-08 281383 0 0 3.23847e-14 0 0 0.0110064 0 0 0 0 0 0 9.00536e+10 9.00536e+10 9.00536e+10 9.00536e+10 
0.1305 -1.03838 -4.33838 -2.27826 -3.78488 -1.16162 665857 2.24718e+16 1.06191e-06 1.07838e-05 1.13367e-19 3.88257e-08 281965 0 0 3.31091e-14 0 0 0.0110064 0 0 0 0 0 0 9.16374e+10 9.16374e+10 9.16374e+10 9.16374e+10 
0.131 -1.02427 -4.32427 -2.26364 -3.77069 -1.17573 678824 2.24272e+16 1.0629e-06 1.07833e-05 1.15681e-19 3.87469e-08 282545 0 0 3.38463e-14 0 0 0.0110064 0 0 0 0 0 0 9.32407e+10 9.32407e+10 9.32407e+10 9.32407e+10 
0.1315 -1.01013 -4.31013 -2.249 -3.75647 -1.18987 691977 2.23829e+16 1.0639e-06 1.07828e-05 1.18031e-19 3.86687e-08 283124 0 0 3.45963e-14 0 0 0.0110064 0 0 0 0 0 0 9.48636e+10 9.48636e+10 9.48636e+10 9.48636e+10 
0.132 -0.99596 -4.29596 -2.23433 -3.74223 -1.20404 705317 2.23388e+16 1.06489e-06 1.07824e-05 1.20417e-19 3.85909e-08 283702 0 0 3.53594e-14 0 0 0.0110064 0 0 0 0 0 0 9.65064e+10 9.65064e+10 9.65064e+10 9.65064e+10 
0.1325 -0.98176 -4.28176 -2.21964 -3.72795 -1.21824 718846 2.22949e+16 1.06588e-06 1.0782e-05 1.2284e-19 3.85135e-08 284279 0 0 3.61356e-14 0 0 0.0110064 0 0 0 0 0 0 9.8169e+10 9.8169e+10 9.8169e+10 9.8169e+10 
0.133 -0.967532 -4.26753 -2.20492 -3.71365 -1.23247 732566 2.22512e+16 1.06688e-06 1.07816e-05 1.253e-19 3.84367e-08 284855 0 0 3.69253e-14 0 0 0.0110064 0 0 0 0 0 0 9.98516e+10 9.98516e+10 9.98516e+10 9.98516e+10 
0.1335 -0.953275 -4.25327 -2.19017 -3.69932 -1.24673 746478 2.22076e+16 1.06788e-06 1.07812e-05 1.27797e-19 3.83602e-08 285429 0 0 3.77284e-14 0 0 0.0110064 0 0 0 0 0 0 1.01554e+11 1.01554e+11 1.01554e+11 1.01554e+11 
0.134 -0.938989 -4.23899 -2.1754 -3.68496 -1.26101 760583 2.21643e+16 1.06887e-06 1.07809e-05 1.30332e-19 3.82843e-08 286003 0 0 3.85452e-14 0 0 0.0110064 0 0 0 0 0 0 1.03277e+11 1.03277e+11 1.03277e+11 1.03277e+11 
0.1345 -0.924674 -4.22467 -2.1606 -3.67057 -1.27533 774884 2.21212e+16 1.06987e-06 1.07806e-05 1.32905e-19 3.82087e-08 286575 0 0 3.93759e-14 0 0 0.0110064 0 0 0 0 0 0 1.05021e+11 1.05021e+11 1.05021e+11 1.05021e+11 
0.135 -0.910331 -4.21033 -2.14577 -3.65615 -1.28967 789382 2.20783e+16 1.07087e-06 1.07803e-05 1.35516e-19 3.81337e-08 287147 0 0 4.02205e-14 0 0 0.0110064 0 0 0 0 0 0 1.06785e+11 1.06785e+11 1.06785e+11 1.06785e+11 
0.1355 -0.89596 -4.19596 -2.13092 -3.64171 -1.30404 804078 2.20356e+16 1.07187e-06 1.07801e-05 1.38166e-19 3.8059e-08 287717 0 0 4.10794e-14 0 0 0.0110064 0 0 0 0 0 0 1.08569e+11 1.08569e+11 1.08569e+11 1.08569e+11 
0.136 -0.88156 -4.18156 -2.11604 -3.62723 -1.31844 818974 2.1993e+16 1.07287e-06 1.07799e-05 1.40855e-19 3.79848e-08 288286 0 0 4.19525e-14 0 0 0.0110064 0 0 0 0 0 0 1.10374e+11 1.10374e+11 1.10374e+11 1.10374e+11 
0.1365 -0.867131 -4.16713 -2.10114 -3.61273 -1.33287 834071 2.19507e+16 1.07387e-06 1.07797e-05 1.43584e-19 3.7911e-08 288854 0 0 4.28402e-14 0 0 0.0110064 0 0 0 0 0 0 1.122e+11 1.122e+11 1.122e+11 1.122e+11 
0.137 -0.852674 -4.15267 -2.08621 -3.5982 -1.34733 849371 2.19086e+16 1.07487e-06 1.07795e-05 1.46353e-19 3.78376e-08 289421 0 0 4.37425e-14 0 0 0.0110064 0 0 0 0 0 0 1.14047e+11 1.14047e+11 1.14047e+11 1.14047e+11 
0.1375 -0.838189 -4.13819 -2.07125 -3.58364 -1.36181 864877 2.18666e+16 1.07587e-06 1.07794e-05 1.49162e-19 3.77647e-08 289987 0 0 4.46597e-14 0 0 0.0110064 0 0 0 0 0 0 1.15915e+11 1.15915e+11 1.15915e+11 1.15915e+11 
0.138 -0.823675 -4.12368 -2.05627 -3.56906 -1.37632 880588 2.18248e+16 1.07687e-06 1.07793e-05 1.52011e-19 3.76922e-08 290551 0 0 4.55918e-14 0 0 0.0110064 0 0 0 0 0 0 1.17804e+11 1.17804e+11 1.17804e+11 1.17804e+11 
0.1385 -0.809134 -4.10913 -2.04126 -3.55444 -1.39087 896507 2.17832e+16 1.07788e-06 1.07792e-05 1.54902e-19 3.762e-08 291115 0 0 4.65392e-14 0 0 0.0110064 0 0 0 0 0 0 1.19715e+11 1.19715e+11 1.19715e+11 1.19715e+11 
0.139 -0.794564 -4.09456 -2.02623 -3.5398 -1.40544 912635 2.17418e+16 1.07888e-06 1.07791e-05 1.57834e-19 3.75483e-08 291678 0 0 4.75018e-14 0 0 0.0110064 0 0 0 0 0 0 1.21646e+11 1.21646e+11 1.21646e+11 1.21646e+11 
0.1395 -0.779966 -4.07997 -2.01117 -3.52513 -1.42003 928975 2.17006e+16 1.07988e-06 1.07791e-05 1.60808e-19 3.7477e-08 292239 0 0 4.848e-14 0 0 0.0110064 0 0 0 0 0 0 1.236e+11 1.236e+11 1.236e+11 1.236e+11 
0.14 -0.76534 -4.06534 -1.99608 -3.51043 -1.43466 945526 2.16596e+16 1.08089e-06 1.07791e-05 1.63824e-19 3.74061e-08 292799 0 0 4.94739e-14 0 0 0.0110064 0 0 0 0 0 0 1.25575e+11 1.25575e+11 1.25575e+11 1.25575e+11 
0.1405 -0.750686 -4.05069 -1.98097 -3.49571 -1.44931 962292 2.16187e+16 1.08189e-06 1.07791e-05 1.66882e-19 3.73356e-08 293359 0 0 5.04836e-14 0 0 0.0110064 0 0 0 0 0 0 1.27571e+11 1.27571e+11 1.27571e+11 1.27571e+11 
0.141 -0.736004 -4.036 -1.96583 -3.48095 -1.464 979273 2.15781e+16 1.0829e-06 1.07792e-05 1.69984e-19 3.72655e-08 293917 0 0 5.15094e-14 0 0 0.0110064 0 0 0 0 0 0 1.29589e+11 1.29589e+11 1.29589e+11 1.29589e+11 
0.1415 -0.721294 -4.02129 -1.95067 -3.46617 -1.47871 996472 2.15376e+16 1.08391e-06 1.07792e-05 1.73129e-19 3.71958e-08 294474 0 0 5.25513e-14 0 0 0.0110064 0 0 0 0 0 0 1.3163e+11 1.3163e+11 1.3163e+11 1.3163e+11 
0.142 -0.706557 -4.00656 -1.93548 -3.45136 -1.49344 1.01389e+06 2.14972e+16 1.08492e-06 1.07793e-05 1.76317e-19 3.71265e-08 295031 0 0 5.36097e-14 0 0 0.0110064 0 0 0 0 0 0 1.33692e+11 1.33692e+11 1.33692e+11 1.33692e+11 
0.1425 -0.691791 -3.99179 -1.92027 -3.43653 -1.50821 1.03153e+06 2.14571e+16 1.08592e-06 1.07794e-05 1.79549e-19 3.70576e-08 295586 0 0 5.46846e-14 0 0 0.0110064 0 0 0 0 0 0 1.35777e+11 1.35777e+11 1.35777e+11 1.35777e+11 
0.143 -0.676998 -3.977 -1.90503 -3.42166 -1.523 1.04938e+06 2.14171e+16 1.08693e-06 1.07796e-05 1.82826e-19 3.6989e-08 296140 0 0 5.57762e-14 0 0 0.0110064 0 0 0 0 0 0 1.37883e+11 1.37883e+11 1.37883e+11 1.37883e+11 
0.1435 -0.662177 -3.96218 -1.88976 -3.40677 -1.53782 1.06747e+06 2.13773e+16 1.08794e-06 1.07797e-05 1.86148e-19 3.69208e-08 296693 0 0 5.68848e-14 0 0 0.0110064 0 0 0 0 0 0 1.40012e+11 1.40012e+11 1.40012e+11 1.40012e+11 
0.144 -0.647329 -3.94733 -1.87447 -3.39185 -1.55267 1.08577e+06 2.13377e+16 1.08895e-06 1.07799e-05 1.89515e-19 3.6853e-08 297245 0 0 5.80105e-14 0 0 0.0110064 0 0 0 0 0 0 1.42164e+11 1.42164e+11 1.42164e+11 1.42164e+11 
0.1445 -0.632453 -3.93245 -1.85915 -3.3769 -1.56755 1.10431e+06 2.12982e+16 1.08997e-06 1.07801e-05 1.92927e-19 3.67856e-08 297796 0 0 5.91534e-14 0 0 0.0110064 0 0 0 0 0 0 1.44338e+11 1.44338e+11 1.44338e+11 1.44338e+11 
0.145 -0.617549 -3.91755 -1.84381 -3.36193 -1.58245 1.12307e+06 2.12589e+16 1.09098e-06 1.07804e-05 1.96386e-19 3.67185e-08 298346 0 0 6.03138e-14 0 0 0.0110064 0 0 0 0 0 0 1.46535e+11 1.46535e+11 1.46535e+11 1.46535e+11 
0.1455 -0.602618 -3.90262 -1.82844 -3.34693 -1.59738 1.14206e+06 2.12198e+16 1.09199e-06 1.07806e-05 1.9989e-19 3.66518e-08 298895 0 0 6.14918e-14 0 0 0.0110064 0 0 0 0 0 0 1.48754e+11 1.48754e+11 1.48754e+11 1.48754e+11 
0.146 -0.58766 -3.88766 -1.81305 -3.3319 -1.61234 1.16128e+06 2.11809e+16 1.093e-06 1.07809e-05 2.03442e-19 3.65855e-08 299443 0 0 6.26876e-14 0 0 0.0110064 0 0 0 0 0 0 1.50997e+11 1.50997e+11 1.50997e+11 1.50997e+11 
0.1465 -0.572674 -3.87267 -1.79763 -3.31685 -1.62733 1.18074e+06 2.11421e+16 1.09402e-06 1.07812e-05 2.0704e-19 3.65195e-08 299990 0 0 6.39014e-14 0 0 0.0110064 0 0 0 0 0 0 1.53262e+11 1.53262e+11 1.53262e+11 1.53262e+11 
0.147 -0.557661 -3.85766 -1.78219 -3.30176 -1.64234 1.20042e+06 2.11034e+16 1.09503e-06 1.07815e-05 2.10686e-19 3.64539e-08 300536 0 0 6.51335e-14 0 0 0.0110064 0 0 0 0 0 0 1.55551e+11 1.55551e+11 1.55551e+11 1.55551e+11 
0.1475 -0.54262 -3.84262 -1.76672 -3.28665 -1.65738 1.22035e+06 2.1065e+16 1.09605e-06 1.07819e-05 2.1438e-19 3.63886e-08 301081 0 0 6.63838e-14 0 0 0.0110064 0 0 0 0 0 0 1.57862e+11 1.57862e+11 1.57862e+11 1.57862e+11 
0.148 -0.527553 -3.82755 -1.75123 -3.27152 -1.67245 1.24051e+06 2.10267e+16 1.09706e-06 1.07822e-05 2.18123e-19 3.63237e-08 301626 0 0 6.76528e-14 0 0 0.0110064 0 0 0 0 0 0 1.60197e+11 1.60197e+11 1.60197e+11 1.60197e+11 
0.1485 -0.512458 -3.81246 -1.73571 -3.25635 -1.68754 1.26091e+06 2.09885e+16 1.09808e-06 1.07826e-05 2.21914e-19 3.62591e-08 302169 0 0 6.89405e-14 0 0 0.0110064 0 0 0 0 0 0 1.62555e+11 1.62555e+11 1.62555e+11 1.62555e+11 
0.149 -0.497336 -3.79734 -1.72016 -3.24116 -1.70266 1.28155e+06 2.09505e+16 1.0991e-06 1.0783e-05 2.25754e-19 3.61949e-08 302711 0 0 7.02471e-14 0 0 0.0110064 0 0 0 0 0 0 1.64937e+11 1.64937e+11 1.64937e+11 1.64937e+11 
0.1495 -0.482187 -3.78219 -1.70459 -3.22594 -1.71781 1.30243e+06 2.09127e+16 1.10011e-06 1.07835e-05 2.29643e-19 3.6131e-08 303252 0 0 7.15728e-14 0 0 0.0110064 0 0 0 0 0 0 1.67342e+11 1.67342e+11 1.67342e+11 1.67342e+11 
0.15 -0.46701 -3.76701 -1.689 -3.2107 -1.73299 1.32355e+06 2.0875e+16 1.10113e-06 1.07839e-05 2.33582e-19 3.60674e-08 303792 0 0 7.29178e-14 0 0 0.0110064 0 0 0 0 0 0 1.69771e+11 1.69771e+11 1.69771e+11 1.69771e+11 
0.1505 -0.451807 -3.75181 -1.67338 -3.19543 -1.74819 1.34492e+06 2.08375e+16 1.10215e-06 1.07844e-05 2.37572e-19 3.60042e-08 304331 0 0 7.42823e-14 0 0 0.0110064 0 0 0 0 0 0 1.72224e+11 1.72224e+11 1.72224e+11 1.72224e+11 
0.151 -0.436577 -3.73658 -1.65773 -3.18013 -1.76342 1.36654e+06 2.08002e+16 1.10317e-06 1.07849e-05 2.41612e-19 3.59413e-08 304869 0 0 7.56666e-14 0 0 0.0110064 0 0 0 0 0 0 1.74701e+11 1.74701e+11 1.74701e+11 1.74701e+11 
0.1515 -0.42132 -3.72132 -1.64206 -3.1648 -1.77868 1.3884e+06 2.0763e+16 1.10419e-06 1.07854e-05 2.45703e-19 3.58788e-08 305406 0 0 7.70706e-14 0 0 0.0110064 0 0 0 0 0 0 1.77201e+11 1.77201e+11 1.77201e+11 1.77201e+11 
0.152 -0.406037 -3.70604 -1.62636 -3.14945 -1.79396 1.41051e+06 2.07259e+16 1.10521e-06 1.0786e-05 2.49846e-19 3.58166e-08 305943 0 0 7.84948e-14 0 0 0.0110064 0 0 0 0 0 0 1.79726e+11 1.79726e+11 1.79726e+11 1.79726e+11 
0.1525 -0.390726 -3.69073 -1.61064 -3.13407 -1.80927 1.43287e+06 2.0689e+16 1.10623e-06 1.07866e-05 2.5404e-19 3.57547e-08 306478 0 0 7.99392e-14 0 0 0.0110064 0 0 0 0 0 0 1.82274e+11 1.82274e+11 1.82274e+11 1.82274e+11 
0.153 -0.375389 -3.67539 -1.5949 -3.11867 -1.82461 1.45549e+06 2.06523e+16 1.10726e-06 1.07871e-05 2.58287e-19 3.56931e-08 307012 0 0 8.14041e-14 0 0 0.0110064 0 0 0 0 0 0 1.84847e+11 1.84847e+11 1.84847e+11 1.84847e+11 
0.1535 -0.360025 -3.66003 -1.57913 -3.10324 -1.83997 1.47836e+06 2.06157e+16 1.10828e-06 1.07877e-05 2.62586e-19 3.56318e-08 307546 0 0 8.28896e-14 0 0 0.0110064 0 0 0 0 0 0 1.87444e+11 1.87444e+11 1.87444e+11 1.87444e+11 
0.154 -0.344634 -3.64463 -1.56333 -3.08778 -1.85537 1.50148e+06 2.05792e+16 1.1093e-06 1.07884e-05 2.66938e-19 3.55709e-08 308078 0 0 8.43959e-14 0 0 0.0110064 0 0 0 0 0 0 1.90066e+11 1.90066e+11 1.90066e+11 1.90066e+11 
0.1545 -0.329217 -3.62922 -1.54751 -3.0723 -1.87078 1.52486e+06 2.05429e+16 1.11033e-06 1.0789e-05 2.71343e-19 3.55102e-08 308610 0 0 8.59233e-14 0 0 0.0110064 0 0 0 0 0 0 1.92712e+11 1.92712e+11 1.92712e+11 1.92712e+11 
0.155 -0.313773 -3.61377 -1.53167 -3.05679 -1.88623 1.5485e+06 2.05067e+16 1.11135e-06 1.07897e-05 2.75803e-19 3.54499e-08 309140 0 0 8.74719e-14 0 0 0.0110064 0 0 0 0 0 0 1.95383e+11 1.95383e+11 1.95383e+11 1.95383e+11 
0.1555 -0.298303 -3.5983 -1.5158 -3.04125 -1.9017 1.5724e+06 2.04707e+16 1.11238e-06 1.07904e-05 2.80316e-19 3.53899e-08 309670 0 0 8.90419e-14 0 0 0.0110064 0 0 0 0 0 0 1.98078e+11 1.98078e+11 1.98078e+11 1.98078e+11 
0.156 -0.282806 -3.58281 -1.49991 -3.02569 -1.91719 1.59656e+06 2.04348e+16 1.1134e-06 1.07911e-05 2.84884e-19 3.53302e-08 310198 0 0 9.06336e-14 0 0 0.0110064 0 0 0 0 0 0 2.00798e+11 2.00798e+11 2.00798e+11 2.00798e+11 
0.1565 -0.267283 -3.56728 -1.48399 -3.0101 -1.93272 1.62098e+06 2.03991e+16 1.11443e-06 1.07918e-05 2.89507e-19 3.52708e-08 310726 0 0 9.22471e-14 0 0 0.0110064 0 0 0 0 0 0 2.03543e+11 2.03543e+11 2.03543e+11 2.03543e+11 
0.157 -0.251734 -3.55173 -1.46805 -2.99448 -1.94827 1.64566e+06 2.03635e+16 1.11545e-06 1.07925e-05 2.94186e-19 3.52117e-08 311253 0 0 9.38826e-14 0 0 0.0110064 0 0 0 0 0 0 2.06313e+11 2.06313e+11 2.06313e+11 2.06313e+11 
0.1575 -0.236158 -3.53616 -1.45208 -2.97884 -1.96384 1.67061e+06 2.03281e+16 1.11648e-06 1.07933e-05 2.9892e-19 3.51529e-08 311779 0 0 9.55404e-14 0 0 0.0110064 0 0 0 0 0 0 2.09108e+11 2.09108e+11 2.09108e+11 2.09108e+11 
0.158 -0.220556 -3.52056 -1.43608 -2.96317 -1.97944 1.69583e+06 2.02928e+16 1.11751e-06 1.07941e-05 3.0371e-19 3.50944e-08 312304 0 0 9.72205e-14 0 0 0.0110064 0 0 0 0 0 0 2.11928e+11 2.11928e+11 2.11928e+11 2.11928e+11 
0.1585 -0.204928 -3.50493 -1.42007 -2.94748 -1.99507 1.72132e+06 2.02576e+16 1.11854e-06 1.07949e-05 3.08557e-19 3.50362e-08 312828 0 0 9.89233e-14 0 0 0.0110064 0 0 0 0 0 0 2.14773e+11 2.14773e+11 2.14773e+11 2.14773e+11 
0.159 -0.189273 -3.48927 -1.40403 -2.93176 -2.01073 1.74707e+06 2.02226e+16 1.11957e-06 1.07957e-05 3.13461e-19 3.49783e-08 313351 0 0 1.00649e-13 0 0 0.0110064 0 0 0 0 0 0 2.17643e+11 2.17643e+11 2.17643e+11 2.17643e+11 
0.1595 -0.173592 -3.47359 -1.38796 -2.91601 -2.02641 1.7731e+06 2.01877e+16 1.1206e-06 1.07966e-05 3.18422e-19 3.49206e-08 313874 0 0 1.02398e-13 0 0 0.0110064 0 0 0 0 0 0 2.20539e+11 2.20539e+11 2.20539e+11 2.20539e+11 
0.16 -0.157886 -3.45789 -1.37187 -2.90024 -2.04211 1.7994e+06 2.01529e+16 1.12163e-06 1.07974e-05 3.23441e-19 3.48633e-08 314395 0 0 1.04169e-13 0 0 0.0110064 0 0 0 0 0 0 2.2346e+11 2.2346e+11 2.2346e+11 2.2346e+11 
0.1605 -0.142153 -3.44215 -1.35576 -2.88444 -2.05785 1.82597e+06 2.01183e+16 1.12266e-06 1.07983e-05 3.28518e-19 3.48062e-08 314916 0 0 1.05965e-13 0 0 0.0110064 0 0 0 0 0 0 2.26407e+11 2.26407e+11 2.26407e+11 2.26407e+11 
0.161 -0.126394 -3.42639 -1.33962 -2.86862 -2.07361 1.85282e+06 2.00838e+16 1.12369e-06 1.07992e-05 3.33653e-19 3.47495e-08 315435 0 0 1.07784e-13 0 0 0.0110064 0 0 0 0 0 0 2.29379e+11 2.29379e+11 2.29379e+11 2.29379e+11 
0.1615 -0.110609 -3.41061 -1.32345 -2.85277 -2.08939 1.87994e+06 2.00494e+16 1.12473e-06 1.08001e-05 3.38848e-19 3.4693e-08 315954 0 0 1.09626e-13 0 0 0.0110064 0 0 0 0 0 0 2.32377e+11 2.32377e+11 2.32377e+11 2.32377e+11 
0.162 -0.0947988 -3.3948 -1.30726 -2.83689 -2.1052 1.90735e+06 2.00152e+16 1.12576e-06 1.08011e-05 3.44102e-19 3.46367e-08 316472 0 0 1.11493e-13 0 0 0.0110064 0 0 0 0 0 0 2.35401e+11 2.35401e+11 2.35401e+11 2.35401e+11 
0.1625 -0.0789622 -3.37896 -1.29105 -2.82099 -2.12104 1.93503e+06 1.99811e+16 1.12679e-06 1.0802e-05 3.49415e-19 3.45808e-08 316989 0 0 1.13384e-13 0 0 0.0110064 0 0 0 0 0 0 2.38451e+11 2.38451e+11 2.38451e+11 2.38451e+11 
0.163 -0.0630999 -3.3631 -1.27482 -2.80506 -2.1369 1.963e+06 1.99472e+16 1.12783e-06 1.0803e-05 3.54789e-19 3.45251e-08 317505 0 0 1.153e-13 0 0 0.0110064 0 0 0 0 0 0 2.41526e+11 2.41526e+11 2.41526e+11 2.41526e+11 
0.1635 -0.0472118 -3.34721 -1.25856 -2.78911 -2.15279 1.99124e+06 1.99133e+16 1.12886e-06 1.0804e-05 3.60223e-19 3.44697e-08 318020 0 0 1.1724e-13 0 0 0.0110064 0 0 0 0 0 0 2.44628e+11 2.44628e+11 2.44628e+11 2.44628e+11 
0.164 -0.0312979 -3.3313 -1.24227 -2.77313 -2.1687 2.01977e+06 1.98796e+16 1.1299e-06 1.0805e-05 3.65719e-19 3.44146e-08 318534 0 0 1.19205e-13 0 0 0.0110064 0 0 0 0 0 0 2.47755e+11 2.47755e+11 2.47755e+11 2.47755e+11 
0.1645 -0.0153583 -3.31536 -1.22596 -2.75713 -2.18464 2.04859e+06 1.98461e+16 1.13093e-06 1.0806e-05 3.71275e-19 3.43598e-08 319048 0 0 1.21195e-13 0 0 0.0110064 0 0 0 0 0 0 2.50909e+11 2.50909e+11 2.50909e+11 2.50909e+11 
0.165 0.000606902 -3.29939 -1.20963 -2.7411 -2.20061 2.07769e+06 1.98126e+16 1.13197e-06 1.0807e-05 3.76894e-19 3.43052e-08 319560 0 0 1.23211e-13 0 0 0.0110064 0 0 0 0 0 0 2.54089e+11 2.54089e+11 2.54089e+11 2.54089e+11 
0.1655 0.0165977 -3.2834 -1.19327 -2.72505 -2.2166 2.10708e+06 1.97793e+16 1.13301e-06 1.08081e-05 3.82574e-19 3.42508e-08 320072 0 0 1.25252e-13 0 0 0.0110064 0 0 0 0 0 0 2.57295e+11 2.57295e+11 2.57295e+11 2.57295e+11 
0.166 0.0326141 -3.26739 -1.17689 -2.70897 -2.23261 2.13676e+06 1.97461e+16 1.13404e-06 1.08092e-05 3.88317e-19 3.41968e-08 320583 0 0 1.27319e-13 0 0 0.0110064 0 0 0 0 0 0 2.60527e+11 2.60527e+11 2.60527e+11 2.60527e+11 
0.1665 0.048656 -3.25134 -1.16049 -2.69286 -2.24866 2.16673e+06 1.97131e+16 1.13508e-06 1.08103e-05 3.94123e-19 3.4143e-08 321093 0 0 1.29411e-13 0 0 0.0110064 0 0 0 0 0 0 2.63786e+11 2.63786e+11 2.63786e+11 2.63786e+11 
0.167 0.0647234 -3.23528 -1.14406 -2.67673 -2.26472 2.197e+06 1.96801e+16 1.13612e-06 1.08114e-05 3.99992e-19 3.40894e-08 321602 0 0 1.3153e-13 0 0 0.0110064 0 0 0 0 0 0 2.67072e+11 2.67072e+11 2.67072e+11 2.67072e+11 
0.1675 0.0808163 -3.21918 -1.12761 -2.66057 -2.28082 2.22755e+06 1.96473e+16 1.13716e-06 1.08125e-05 4.05925e-19 3.40361e-08 322111 0 0 1.33675e-13 0 0 0.0110064 0 0 0 0 0 0 2.70384e+11 2.70384e+11 2.70384e+11 2.70384e+11 
0.168 0.0969345 -3.20307 -1.11113 -2.64439 -2.29693 2.2584e+06 1.96146e+16 1.1382e-06 1.08137e-05 4.11923e-19 3.39831e-08 322618 0 0 1.35847e-13 0 0 0.0110064 0 0 0 0 0 0 2.73722e+11 2.73722e+11 2.73722e+11 2.73722e+11 
0.1685 0.113078 -3.18692 -1.09463 -2.62819 -2.31308 2.28955e+06 1.9582e+16 1.13924e-06 1.08148e-05 4.17984e-19 3.39303e-08 323125 0 0 1.38045e-13 0 0 0.0110064 0 0 0 0 0 0 2.77088e+11 2.77088e+11 2.77088e+11 2.77088e+11 
0.169 0.129247 -3.17075 -1.0781 -2.61195 -2.32925 2.321e+06 1.95496e+16 1.14028e-06 1.0816e-05 4.24111e-19 3.38778e-08 323630 0 0 1.40271e-13 0 0 0.0110064 0 0 0 0 0 0 2.8048e+11 2.8048e+11 2.8048e+11 2.8048e+11 
0.1695 0.145441 -3.15456 -1.06156 -2.5957 -2.34544 2.35274e+06 1.95172e+16 1.14133e-06 1.08172e-05 4.30303e-19 3.38255e-08 324135 0 0 1.42523e-13 0 0 0.0110064 0 0 0 0 0 0 2.83899e+11 2.83899e+11 2.83899e+11 2.83899e+11 
0.17 0.16166 -3.13834 -1.04498 -2.57941 -2.36166 2.38478e+06 1.9485e+16 1.14237e-06 1.08184e-05 4.36561e-19 3.37734e-08 324639 0 0 1.44803e-13 0 0 0.0110064 0 0 0 0 0 0 2.87345e+11 2.87345e+11 2.87345e+11 2.87345e+11 
0.1705 0.177905 -3.12209 -1.02839 -2.56311 -2.37791 2.41713e+06 1.94529e+16 1.14341e-06 1.08196e-05 4.42885e-19 3.37216e-08 325143 0 0 1.47111e-13 0 0 0.0110064 0 0 0 0 0 0 2.90818e+11 2.90818e+11 2.90818e+11 2.90818e+11 
0.171 0.194175 -3.10583 -1.01177 -2.54678 -2.39417 2.44978e+06 1.9421e+16 1.14445e-06 1.08209e-05 4.49276e-19 3.36701e-08 325645 0 0 1.49446e-13 0 0 0.0110064 0 0 0 0 0 0 2.94317e+11 2.94317e+11 2.94317e+11 2.94317e+11 
0.1715 0.21047 -3.08953 -0.995125 -2.53042 -2.41047 2.48273e+06 1.93891e+16 1.1455e-06 1.08221e-05 4.55733e-19 3.36187e-08 326147 0 0 1.5181e-13 0 0 0.0110064 0 0 0 0 0 0 2.97844e+11 2.97844e+11 2.97844e+11 2.97844e+11 
0.172 0.226789 -3.07321 -0.978459 -2.51404 -2.42679 2.51599e+06 1.93574e+16 1.14654e-06 1.08234e-05 4.62258e-19 3.35677e-08 326648 0 0 1.54202e-13 0 0 0.0110064 0 0 0 0 0 0 3.01398e+11 3.01398e+11 3.01398e+11 3.01398e+11 
0.1725 0.243134 -3.05687 -0.961768 -2.49763 -2.44313 2.54955e+06 1.93257e+16 1.14759e-06 1.08247e-05 4.68851e-19 3.35168e-08 327148 0 0 1.56622e-13 0 0 0.0110064 0 0 0 0 0 0 3.0498e+11 3.0498e+11 3.0498e+11 3.0498e+11 
0.173 0.259504 -3.0405 -0.945054 -2.4812 -2.4595 2.58342e+06 1.92942e+16 1.14863e-06 1.0826e-05 4.75511e-19 3.34662e-08 327647 0 0 1.59071e-13 0 0 0.0110064 0 0 0 0 0 0 3.08588e+11 3.08588e+11 3.08588e+11 3.08588e+11 
0.1735 0.275899 -3.0241 -0.928317 -2.46474 -2.4759 2.61761e+06 1.92628e+16 1.14968e-06 1.08273e-05 4.82241e-19 3.34158e-08 328145 0 0 1.61549e-13 0 0 0.0110064 0 0 0 0 0 0 3.12224e+11 3.12224e+11 3.12224e+11 3.12224e+11 
0.174 0.292319 -3.00768 -0.911556 -2.44826 -2.49232 2.6521e+06 1.92316e+16 1.15073e-06 1.08287e-05 4.89039e-19 3.33657e-08 328643 0 0 1.64056e-13 0 0 0.0110064 0 0 0 0 0 0 3.15888e+11 3.15888e+11 3.15888e+11 3.15888e+11 
0.1745 0.308763 -2.99124 -0.894771 -2.43176 -2.50876 2.6869e+06 1.92004e+16 1.15178e-06 1.083e-05 4.95907e-19 3.33158e-08 329139 0 0 1.66593e-13 0 0 0.0110064 0 0 0 0 0 0 3.19579e+11 3.19579e+11 3.19579e+11 3.19579e+11 
0.175 0.325233 -2.97477 -0.877964 -2.41523 -2.52523 2.72202e+06 1.91693e+16 1.15282e-06 1.08314e-05 5.02844e-19 3.32661e-08 329635 0 0 1.69159e-13 0 0 0.0110064 0 0 0 0 0 0 3.23297e+11 3.23297e+11 3.23297e+11 3.23297e+11 
0.1755 0.341727 -2.95827 -0.861132 -2.39867 -2.54173 2.75745e+06 1.91384e+16 1.15387e-06 1.08328e-05 5.09851e-19 3.32167e-08 330130 0 0 1.71755e-13 0 0 0.0110064 0 0 0 0 0 0 3.27043e+11 3.27043e+11 3.27043e+11 3.27043e+11 
0.176 0.358246 -2.94175 -0.844277 -2.38209 -2.55825 2.7932e+06 1.91076e+16 1.15492e-06 1.08342e-05 5.1693e-19 3.31674e-08 330625 0 0 1.74381e-13 0 0 0.0110064 0 0 0 0 0 0 3.30816e+11 3.30816e+11 3.30816e+11 3.30816e+11 
0.1765 0.374789 -2.92521 -0.827399 -2.36549 -2.57479 2.82926e+06 1.90768e+16 1.15597e-06 1.08356e-05 5.24079e-19 3.31184e-08 331118 0 0 1.77037e-13 0 0 0.0110064 0 0 0 0 0 0 3.34618e+11 3.34618e+11 3.34618e+11 3.34618e+11 
0.177 0.391358 -2.90864 -0.810498 -2.34886 -2.59136 2.86564e+06 1.90462e+16 1.15702e-06 1.0837e-05 5.31299e-19 3.30696e-08 331611 0 0 1.79724e-13 0 0 0.0110064 0 0 0 0 0 0 3.38447e+11 3.38447e+11 3.38447e+11 3.38447e+11 
0.1775 0.40795 -2.89205 -0.793573 -2.3322 -2.60795 2.90234e+06 1.90157e+16 1.15807e-06 1.08385e-05 5.38591e-19 3.30211e-08 332103 0 0 1.82441e-13 0 0 0.0110064 0 0 0 0 0 0 3.42304e+11 3.42304e+11 3.42304e+11 3.42304e+11 
0.178 0.424568 -2.87543 -0.776625 -2.31553 -2.62457 2.93937e+06 1.89853e+16 1.15912e-06 1.08399e-05 5.45955e-19 3.29727e-08 332594 0 0 1.8519e-13 0 0 0.0110064 0 0 0 0 0 0 3.46188e+11 3.46188e+11 3.46188e+11 3.46188e+11 
0.1785 0.44121 -2.85879 -0.759654 -2.29882 -2.64121 2.97671e+06 1.8955e+16 1.16017e-06 1.08414e-05 5.53392e-19 3.29246e-08 333085 0 0 1.87969e-13 0 0 0.0110064 0 0 0 0 0 0 3.50101e+11 3.50101e+11 3.50101e+11 3.50101e+11 
0.179 0.457876 -2.84212 -0.74266 -2.2821 -2.65788 3.01438e+06 1.89248e+16 1.16123e-06 1.08429e-05 5.60902e-19 3.28767e-08 333574 0 0 1.9078e-13 0 0 0.0110064 0 0 0 0 0 0 3.54041e+11 3.54041e+11 3.54041e+11 3.54041e+11 
0.1795 0.474567 -2.82543 -0.725642 -2.26535 -2.67457 3.05237e+06 1.88948e+16 1.16228e-06 1.08444e-05 5.68485e-19 3.2829e-08 334063 0 0 1.93622e-13 0 0 0.0110064 0 0 0 0 0 0 3.5801e+11 3.5801e+11 3.5801e+11 3.5801e+11 
0.18 0.491283 -2.80872 -0.708602 -2.24857 -2.69128 3.09068e+06 1.88648e+16 1.16333e-06 1.08459e-05 5.76142e-19 3.27815e-08 334551 0 0 1.96496e-13 0 0 0.0110064 0 0 0 0 0 0 3.62007e+11 3.62007e+11 3.62007e+11 3.62007e+11 
0.1805 0.508022 -2.79198 -0.691538 -2.23177 -2.70802 3.12933e+06 1.88349e+16 1.16439e-06 1.08475e-05 5.83873e-19 3.27343e-08 335038 0 0 1.99403e-13 0 0 0.0110064 0 0 0 0 0 0 3.66031e+11 3.66031e+11 3.66031e+11 3.66031e+11 
0.181 0.524786 -2.77521 -0.674451 -2.21495 -2.72479 3.1683e+06 1.88052e+16 1.16544e-06 1.0849e-05 5.91678e-19 3.26872e-08 335525 0 0 2.02341e-13 0 0 0.0110064 0 0 0 0 0 0 3.70084e+11 3.70084e+11 3.70084e+11 3.70084e+11 
0.1815 0.541575 -2.75843 -0.657341 -2.1981 -2.74157 3.2076e+06 1.87755e+16 1.1665e-06 1.08506e-05 5.99559e-19 3.26403e-08 336011 0 0 2.05312e-13 0 0 0.0110064 0 0 0 0 0 0 3.74165e+11 3.74165e+11 3.74165e+11 3.74165e+11 
0.182 0.558387 -2.74161 -0.640209 -2.18123 -2.75839 3.24723e+06 1.8746e+16 1.16755e-06 1.08521e-05 6.07514e-19 3.25937e-08 336495 0 0 2.08316e-13 0 0 0.0110064 0 0 0 0 0 0 3.78275e+11 3.78275e+11 3.78275e+11 3.78275e+11 
0.1825 0.575224 -2.72478 -0.623053 -2.16433 -2.77522 3.28719e+06 1.87165e+16 1.16861e-06 1.08537e-05 6.15546e-19 3.25473e-08 336980 0 0 2.11352e-13 0 0 0.0110064 0 0 0 0 0 0 3.82412e+11 3.82412e+11 3.82412e+11 3.82412e+11 
0.183 0.592085 -2.70791 -0.605874 -2.14741 -2.79209 3.32748e+06 1.86871e+16 1.16967e-06 1.08553e-05 6.23654e-19 3.2501e-08 337463 0 0 2.14422e-13 0 0 0.0110064 0 0 0 0 0 0 3.86578e+11 3.86578e+11 3.86578e+11 3.86578e+11 
0.1835 0.608971 -2.69103 -0.588672 -2.13047 -2.80897 3.36811e+06 1.86579e+16 1.17072e-06 1.0857e-05 6.31838e-19 3.2455e-08 337946 0 0 2.17525e-13 0 0 0.0110064 0 0 0 0 0 0 3.90773e+11 3.90773e+11 3.90773e+11 3.90773e+11 
0.184 0.62588 -2.67412 -0.571448 -2.1135 -2.82588 3.40907e+06 1.86288e+16 1.17178e-06 1.08586e-05 6.40099e-19 3.24091e-08 338428 0 0 2.20662e-13 0 0 0.0110064 0 0 0 0 0 0 3.94996e+11 3.94996e+11 3.94996e+11 3.94996e+11 
0.1845 0.642813 -2.65719 -0.5542 -2.0965 -2.84281 3.45037e+06 1.85997e+16 1.17284e-06 1.08602e-05 6.48437e-19 3.23635e-08 338909 0 0 2.23833e-13 0 0 0.0110064 0 0 0 0 0 0 3.99247e+11 3.99247e+11 3.99247e+11 3.99247e+11 
0.185 0.659771 -2.64023 -0.53693 -2.07949 -2.85977 3.492e+06 1.85708e+16 1.1739e-06 1.08619e-05 6.56853e-19 3.23181e-08 339389 0 0 2.27038e-13 0 0 0.0110064 0 0 0 0 0 0 4.03527e+11 4.03527e+11 4.03527e+11 4.03527e+11 
0.1855 0.676752 -2.62325 -0.519637 -2.06245 -2.87675 3.53398e+06 1.85419e+16 1.17496e-06 1.08636e-05 6.65347e-19 3.22728e-08 339869 0 0 2.30277e-13 0 0 0.0110064 0 0 0 0 0 0 4.07835e+11 4.07835e+11 4.07835e+11 4.07835e+11 
0.186 0.693758 -2.60624 -0.502321 -2.04538 -2.89376 3.57629e+06 1.85132e+16 1.17602e-06 1.08653e-05 6.73919e-19 3.22278e-08 340348 0 0 2.3355e-13 0 0 0.0110064 0 0 0 0 0 0 4.12172e+11 4.12172e+11 4.12172e+11 4.12172e+11 
0.1865 0.710787 -2.58921 -0.484982 -2.0283 -2.91079 3.61894e+06 1.84845e+16 1.17708e-06 1.08669e-05 6.82571e-19 3.21829e-08 340826 0 0 2.36858e-13 0 0 0.0110064 0 0 0 0 0 0 4.16538e+11 4.16538e+11 4.16538e+11 4.16538e+11 
0.187 0.72784 -2.57216 -0.467621 -2.01119 -2.92784 3.66193e+06 1.8456e+16 1.17814e-06 1.08687e-05 6.91301e-19 3.21383e-08 341304 0 0 2.40202e-13 0 0 0.0110064 0 0 0 0 0 0 4.20932e+11 4.20932e+11 4.20932e+11 4.20932e+11 
0.1875 0.744918 -2.55508 -0.450237 -1.99405 -2.94492 3.70527e+06 1.84275e+16 1.1792e-06 1.08704e-05 7.00112e-19 3.20938e-08 341780 0 0 2.4358e-13 0 0 0.0110064 0 0 0 0 0 0 4.25355e+11 4.25355e+11 4.25355e+11 4.25355e+11 
0.188 0.762018 -2.53798 -0.43283 -1.97689 -2.96202 3.74895e+06 1.83991e+16 1.18026e-06 1.08721e-05 7.09002e-19 3.20496e-08 342256 0 0 2.46994e-13 0 0 0.0110064 0 0 0 0 0 0 4.29807e+11 4.29807e+11 4.29807e+11 4.29807e+11 
0.1885 0.779143 -2.52086 -0.415401 -1.95971 -2.97914 3.79298e+06 1.83709e+16 1.18132e-06 1.08739e-05 7.17973e-19 3.20055e-08 342732 0 0 2.50444e-13 0 0 0.0110064 0 0 0 0 0 0 4.34288e+11 4.34288e+11 4.34288e+11 4.34288e+11 
0.189 0.796292 -2.50371 -0.397949 -1.9425 -2.99629 3.83735e+06 1.83427e+16 1.18239e-06 1.08756e-05 7.27024e-19 3.19616e-08 343206 0 0 2.53929e-13 0 0 0.0110064 0 0 0 0 0 0 4.38797e+11 4.38797e+11 4.38797e+11 4.38797e+11 
0.1895 0.813464 -2.48654 -0.380475 -1.92527 -3.01346 3.88207e+06 1.83146e+16 1.18345e-06 1.08774e-05 7.36157e-19 3.19179e-08 343680 0 0 2.57451e-13 0 0 0.0110064 0 0 0 0 0 0 4.43336e+11 4.43336e+11 4.43336e+11 4.43336e+11 
0.19 0.83066 -2.46934 -0.362978 -1.90802 -3.03066 3.92713e+06 1.82866e+16 1.18451e-06 1.08792e-05 7.45372e-19 3.18743e-08 344153 0 0 2.61009e-13 0 0 0.0110064 0 0 0 0 0 0 4.47903e+11 4.47903e+11 4.47903e+11 4.47903e+11 
0.1905 0.847879 -2.45212 -0.345459 -1.89074 -3.04788 3.97255e+06 1.82587e+16 1.18558e-06 1.0881e-05 7.54668e-19 3.1831e-08 344625 0 0 2.64604e-13 0 0 0.0110064 0 0 0 0 0 0 4.52499e+11 4.52499e+11 4.52499e+11 4.52499e+11 
0.191 0.865122 -2.43488 -0.327917 -1.87344 -3.06512 4.01831e+06 1.82309e+16 1.18664e-06 1.08828e-05 7.64047e-19 3.17878e-08 345097 0 0 2.68235e-13 0 0 0.0110064 0 0 0 0 0 0 4.57124e+11 4.57124e+11 4.57124e+11 4.57124e+11 
0.1915 0.882389 -2.41761 -0.310353 -1.85612 -3.08239 4.06443e+06 1.82032e+16 1.18771e-06 1.08846e-05 7.73508e-19 3.17447e-08 345568 0 0 2.71904e-13 0 0 0.0110064 0 0 0 0 0 0 4.61777e+11 4.61777e+11 4.61777e+11 4.61777e+11 
0.192 0.899679 -2.40032 -0.292766 -1.83877 -3.09968 4.1109e+06 1.81755e+16 1.18878e-06 1.08865e-05 7.83053e-19 3.17018e-08 346038 0 0 2.7561e-13 0 0 0.0110064 0 0 0 0 0 0 4.66458e+11 4.66458e+11 4.66458e+11 4.66458e+11 
0.1925 0.916993 -2.38301 -0.275157 -1.8214 -3.11699 4.15772e+06 1.81479e+16 1.18984e-06 1.08883e-05 7.92681e-19 3.16589e-08 346508 0 0 2.79353e-13 0 0 0.0110064 0 0 0 0 0 0 4.71166e+11 4.71166e+11 4.71166e+11 4.71166e+11 
0.193 0.93433 -2.36567 -0.257525 -1.804 -3.13433 4.20489e+06 1.81202e+16 1.19091e-06 1.08901e-05 8.02393e-19 3.16158e-08 346976 0 0 2.83134e-13 0 0 0.0110064 0 0 0 0 0 0 4.75898e+11 4.75898e+11 4.75898e+11 4.75898e+11 
0.1935 0.95169 -2.34831 -0.239872 -1.78659 -3.15169 4.25242e+06 1.80924e+16 1.19198e-06 1.08918e-05 8.1219e-19 3.15723e-08 347444 0 0 2.86953e-13 0 0 0.0110064 0 0 0 0 0 0 4.80651e+11 4.80651e+11 4.80651e+11 4.80651e+11 
0.194 0.969074 -2.33093 -0.222196 -1.76914 -3.16907 4.30031e+06 1.80642e+16 1.19304e-06 1.08935e-05 8.2207e-19 3.15279e-08 347912 0 0 2.9081e-13 0 0 0.0110064 0 0 0 0 0 0 4.85414e+11 4.85414e+11 4.85414e+11 4.85414e+11 
0.1945 0.986481 -2.31352 -0.204497 -1.75167 -3.18648 4.34855e+06 1.80351e+16 1.19411e-06 1.08949e-05 8.32035e-19 3.14811e-08 348378 0 0 2.94705e-13 0 0 0.0110064 0 0 0 0 0 0 4.90169e+11 4.90169e+11 4.90169e+11 4.90169e+11 
0.195 1.00391 -2.29609 -0.186777 -1.73418 -3.20391 4.39714e+06 1.80042e+16 1.19518e-06 1.08958e-05 8.42085e-19 3.14298e-08 348844 0 0 2.98637e-13 0 0 0.0110064 0 0 0 0 0 0 4.94877e+11 4.94877e+11 4.94877e+11 4.94877e+11 
0.1955 1.02137 -2.27863 -0.169034 -1.71665 -3.22137 4.44608e+06 1.79695e+16 1.19625e-06 1.08956e-05 8.52218e-19 3.13689e-08 349309 0 0 3.02607e-13 0 0 0.0110064 0 0 0 0 0 0 4.99461e+11 4.99461e+11 4.99461e+11 4.99461e+11 
0.196 1.03884 -2.26116 -0.15127 -1.69909 -3.23884 4.49536e+06 1.79272e+16 1.19732e-06 1.08935e-05 8.62433e-19 3.12888e-08 349773 0 0 3.06612e-13 0 0 0.0110064 0 0 0 0 0 0 5.03762e+11 5.03762e+11 5.03762e+11 5.03762e+11 
0.1965 1.05634 -2.24366 -0.133483 -1.68147 -3.25634 4.54496e+06 1.78694e+16 1.19839e-06 1.08872e-05 8.72725e-19 3.117e-08 350236 0 0 3.1065e-13 0 0 0.0110064 0 0 0 0 0 0 5.0746e+11 5.0746e+11 5.0746e+11 5.0746e+11 
0.197 1.07387 -2.22613 -0.115675 -1.66375 -3.27387 4.59483e+06 1.77804e+16 1.19945e-06 1.08726e-05 8.83085e-19 3.0973e-08 350697 0 0 3.14711e-13 0 0 0.0110064 0 0 0 0 0 0 5.09899e+11 5.09899e+11 5.09899e+11 5.09899e+11 
0.1975 1.09141 -2.20859 -0.0978459 -1.64588 -3.29141 4.6449e+06 1.76281e+16 1.20051e-06 1.0841e-05 8.93495e-19 3.06185e-08 351154 0 0 3.18782e-13 0 0 0.0110064 0 0 0 0 0 0 5.09748e+11 5.09748e+11 5.09748e+11 5.09748e+11 
0.198 1.10898 -2.19102 -0.079997 -1.62771 -3.30898 4.69497e+06 1.73474e+16 1.20108e-06 1.07703e-05 9.03552e-19 2.99345e-08 351382 0 0 3.20817e-13 0 0 0.0110064 0 0 0 0 0 0 5.04086e+11 5.04086e+11 5.04086e+11 5.04086e+11 
0.198 1.10898 -2.19102 -0.079997 -1.62771 -3.30898 4.69497e+06 1.73474e+16 1.20196e-06 1.07782e-05 9.04213e-19 2.99564e-08 351790 0 0 3.24479e-13 0 0 0.0110064 0 0 0 0 0 0 5.04454e+11 5.04454e+11 5.04454e+11 5.04454e+11 
0.198409 1.12338 -2.17662 -0.0653704 -1.61241 -3.32338 4.73569e+06 1.69381e+16 1.20238e-06 1.0671e-05 9.12371e-19 2.89589e-08 351969 0 0 3.26089e-13 0 0 0.0110064 0 0 0 0 0 0 4.92398e+11 4.92398e+11 4.92398e+11 4.92398e+11 
0.198752 1.13544 -2.16456 -0.0531317 -1.59909 -3.33544 4.76925e+06 1.63752e+16 1.20307e-06 1.05232e-05 9.19368e-19 2.76086e-08 352264 0 0 3.28729e-13 0 0 0.0110064 0 0 0 0 0 0 4.73467e+11 4.73467e+11 4.73467e+11 4.73467e+11 
0.199038 1.14553 -2.15447 -0.0428938 -1.58732 -3.34553 4.7967e+06 1.56521e+16 1.20363e-06 1.03274e-05 9.25089e-19 2.58985e-08 352501 0 0 3.30835e-13 0 0 0.0110064 0 0 0 0 0 0 4.47587e+11 4.47587e+11 4.47587e+11 4.47587e+11 
0.199277 1.15397 -2.14603 -0.0343317 -1.57673 -3.35397 4.81897e+06 1.47763e+16 1.20407e-06 1.00835e-05 9.29727e-19 2.38719e-08 352689 0 0 3.32485e-13 0 0 0.0110063 0 0 0 0 0 0 4.15541e+11 4.15541e+11 4.15541e+11 4.15541e+11 
0.199478 1.16103 -2.13897 -0.0271724 -1.56704 -3.36103 4.83691e+06 1.37668e+16 1.20442e-06 9.79368e-06 9.33458e-19 2.16018e-08 352837 0 0 3.33754e-13 0 0 0.0110063 0 0 0 0 0 0 3.78629e+11 3.78629e+11 3.78629e+11 3.78629e+11 
0.199645 1.16694 -2.13306 -0.021187 -1.558 -3.36694 4.85125e+06 1.26499e+16 1.2047e-06 9.462e-06 9.36438e-19 1.9177e-08 352951 0 0 3.34713e-13 0 0 0.0110062 0 0 0 0 0 0 3.38427e+11 3.38427e+11 3.38427e+11 3.38427e+11 
0.199785 1.17188 -2.12812 -0.0161836 -1.54941 -3.37188 4.86268e+06 1.14548e+16 1.2049e-06 9.09303e-06 9.38806e-19 1.66881e-08 353038 0 0 3.35423e-13 0 0 0.011006 0 0 0 0 0 0 2.96556e+11 2.96556e+11 2.96556e+11 2.96556e+11 
0.199902 1.17601 -2.12399 -0.0120013 -1.54107 -3.37601 4.87174e+06 1.02104e+16 1.20506e-06 8.69112e-06 9.40678e-19 1.42177e-08 353104 0 0 3.35938e-13 0 0 0.0110057 0 0 0 0 0 0 2.545e+11 2.545e+11 2.545e+11 2.545e+11 
0.2 1.17947 -2.12053 -0.00850548 -1.5328 -3.37947 4.87892e+06 8.94235e+15 1.20513e-06 8.25922e-06 9.4212e-19 1.18332e-08 353130 0 0 3.36137e-13 0 0 0.0110055 0 0 0 0 0 0 2.13481e+11 2.13481e+11 2.13481e+11 2.13481e+11 