# ASCII 1D datafile generated by TiberCAD
# x Ec Ev eQFermi hQFermi ElPotential eDensity hDensity eMobility hMobility eConductivity hConductivity ElField_x ElField_y ElField_z eCurrentDensity_x eCurrentDensity_y eCurrentDensity_z hCurrentDensity_x hCurrentDensity_y hCurrentDensity_z IonizedDonors IonizedAcceptors IonizedElectronTraps IonizedHoleTraps eNetRecombination eLangevinRecombination hNetRecombination hLangevinRecombination 
0 -3.55 -6.85 -5.02772 -6.34304 1.35 69.361 7.26962e+16 8.49468e-07 1.59809e-05 8.95488e-23 1.86132e-07 49037.3 0 0 3.14617e-18 0 0 0.0115079 0 0 0 0 0 0 4.38746e+07 4.38746e+07 4.38746e+07 4.38746e+07 
9.79066e-05 -3.54952 -6.84952 -5.02738 -6.34244 1.34952 68.9975 7.24733e+16 8.49511e-07 1.59537e-05 8.94998e-23 1.85247e-07 49220.7 0 0 3.17871e-18 0 0 0.0115079 0 0 0 0 0 0 4.34408e+07 4.34408e+07 4.34408e+07 4.34408e+07 
0.000214985 -3.54894 -6.84894 -5.02696 -6.34171 1.34894 68.5782 7.22091e+16 8.49608e-07 1.59225e-05 8.94438e-23 1.8421e-07 49658.6 0 0 3.25607e-18 0 0 0.0115079 0 0 0 0 0 0 4.29397e+07 4.29397e+07 4.29397e+07 4.29397e+07 
0.000354988 -3.54824 -6.84824 -5.02644 -6.34083 1.34824 68.0982 7.18968e+16 8.49726e-07 1.58855e-05 8.93798e-23 1.82987e-07 50180.1 0 0 3.34735e-18 0 0 0.0115079 0 0 0 0 0 0 4.23614e+07 4.23614e+07 4.23614e+07 4.23614e+07 
0.000522406 -3.5474 -6.8474 -5.02581 -6.33977 1.3474 67.5535 7.15283e+16 8.49868e-07 1.58418e-05 8.93072e-23 1.81549e-07 50800.8 0 0 3.45482e-18 0 0 0.0115079 0 0 0 0 0 0 4.16984e+07 4.16984e+07 4.16984e+07 4.16984e+07 
0.000722606 -3.54637 -6.84637 -5.02502 -6.3385 1.34637 66.9422 7.10946e+16 8.50039e-07 1.57904e-05 8.92258e-23 1.79863e-07 51538.9 0 0 3.58104e-18 0 0 0.0115079 0 0 0 0 0 0 4.09445e+07 4.09445e+07 4.09445e+07 4.09445e+07 
0.000962009 -3.54513 -6.84513 -5.02403 -6.33696 1.34513 66.2655 7.05856e+16 8.50246e-07 1.57301e-05 8.91358e-23 1.77892e-07 52415.7 0 0 3.72886e-18 0 0 0.0115079 0 0 0 0 0 0 4.0095e+07 4.0095e+07 4.0095e+07 4.0095e+07 
0.00124829 -3.54361 -6.84361 -5.02281 -6.33509 1.34361 65.5295 6.99903e+16 8.50498e-07 1.56595e-05 8.90382e-23 1.756e-07 53456 0 0 3.90145e-18 0 0 0.0115079 0 0 0 0 0 0 3.91485e+07 3.91485e+07 3.91485e+07 3.91485e+07 
0.00159063 -3.54176 -6.84176 -5.02127 -6.33283 1.34176 64.7467 6.92968e+16 8.50803e-07 1.55772e-05 8.89347e-23 1.72947e-07 54688.7 0 0 4.1023e-18 0 0 0.0115079 0 0 0 0 0 0 3.81075e+07 3.81075e+07 3.81075e+07 3.81075e+07 
0.002 -3.53949 -6.83949 -5.01932 -6.33008 1.33949 63.9393 6.84929e+16 8.50967e-07 1.5478e-05 8.88263e-23 1.69852e-07 55422 0 0 4.22065e-18 0 0 0.0115079 0 0 0 0 0 0 3.69714e+07 3.69714e+07 3.69714e+07 3.69714e+07 
0.002 -3.53949 -6.83949 -5.01932 -6.33008 1.33949 63.9393 6.84929e+16 8.51387e-07 1.54857e-05 8.88306e-23 1.69936e-07 57032.1 0 0 4.47516e-18 0 0 0.0115079 0 0 0 0 0 0 3.69897e+07 3.69897e+07 3.69897e+07 3.69897e+07 
0.0025 -3.53664 -6.83664 -5.0168 -6.32666 1.33664 63.1267 6.75464e+16 8.51614e-07 1.5369e-05 8.87221e-23 1.66325e-07 57905.1 0 0 4.61005e-18 0 0 0.0115079 0 0 0 0 0 0 3.57583e+07 3.57583e+07 3.57583e+07 3.57583e+07 
0.003 -3.5337 -6.8337 -5.01413 -6.32317 1.3337 62.4871 6.66365e+16 8.52081e-07 1.52608e-05 8.86395e-23 1.6293e-07 59639.4 0 0 4.8754e-18 0 0 0.0115079 0 0 0 0 0 0 3.46873e+07 3.46873e+07 3.46873e+07 3.46873e+07 
0.0035 -3.53068 -6.83068 -5.0113 -6.3196 1.33068 62.0054 6.57608e+16 8.52558e-07 1.51567e-05 8.85784e-23 1.59691e-07 61350.7 0 0 5.13239e-18 0 0 0.0115079 0 0 0 0 0 0 3.3749e+07 3.3749e+07 3.3749e+07 3.3749e+07 
0.004 -3.52757 -6.82757 -5.00833 -6.31596 1.32757 61.669 6.49174e+16 8.53043e-07 1.50564e-05 8.85373e-23 1.566e-07 63039.7 0 0 5.38199e-18 0 0 0.0115079 0 0 0 0 0 0 3.29288e+07 3.29288e+07 3.29288e+07 3.29288e+07 
0.0045 -3.52437 -6.82437 -5.00523 -6.31225 1.32437 61.4677 6.41045e+16 8.53536e-07 1.49596e-05 8.85146e-23 1.53646e-07 64707.3 0 0 5.62507e-18 0 0 0.0115079 0 0 0 0 0 0 3.22143e+07 3.22143e+07 3.22143e+07 3.22143e+07 
0.005 -3.5211 -6.8211 -5.00198 -6.30847 1.3211 61.3931 6.33204e+16 8.54038e-07 1.48663e-05 8.85094e-23 1.50819e-07 66354.3 0 0 5.8624e-18 0 0 0.0115079 0 0 0 0 0 0 3.15951e+07 3.15951e+07 3.15951e+07 3.15951e+07 
0.0055 -3.51774 -6.81774 -4.9986 -6.30462 1.31774 61.4386 6.25634e+16 8.54547e-07 1.47762e-05 8.85206e-23 1.48113e-07 67981.4 0 0 6.0947e-18 0 0 0.0115079 0 0 0 0 0 0 3.10625e+07 3.10625e+07 3.10625e+07 3.10625e+07 
0.006 -3.5143 -6.8143 -4.9951 -6.3007 1.3143 61.5988 6.18321e+16 8.55063e-07 1.46892e-05 8.85476e-23 1.4552e-07 69589.2 0 0 6.32259e-18 0 0 0.0115079 0 0 0 0 0 0 3.06091e+07 3.06091e+07 3.06091e+07 3.06091e+07 
0.0065 -3.51078 -6.81078 -4.99146 -6.29672 1.31078 61.8698 6.11251e+16 8.55587e-07 1.46051e-05 8.85899e-23 1.43033e-07 71178.4 0 0 6.54666e-18 0 0 0.0115079 0 0 0 0 0 0 3.02288e+07 3.02288e+07 3.02288e+07 3.02288e+07 
0.007 -3.50718 -6.80718 -4.98771 -6.29266 1.30718 62.2487 6.04412e+16 8.56117e-07 1.45238e-05 8.86472e-23 1.40644e-07 72749.7 0 0 6.76745e-18 0 0 0.0115079 0 0 0 0 0 0 2.99164e+07 2.99164e+07 2.99164e+07 2.99164e+07 
0.0075 -3.5035 -6.8035 -4.98383 -6.28853 1.3035 62.7334 5.97791e+16 8.56654e-07 1.4445e-05 8.87191e-23 1.3835e-07 74303.5 0 0 6.98544e-18 0 0 0.0115079 0 0 0 0 0 0 2.96675e+07 2.96675e+07 2.96675e+07 2.96675e+07 
0.008 -3.49975 -6.79975 -4.97983 -6.28434 1.29975 63.3229 5.91378e+16 8.57198e-07 1.43688e-05 8.88055e-23 1.36144e-07 75840.6 0 0 7.20111e-18 0 0 0.0115079 0 0 0 0 0 0 2.94786e+07 2.94786e+07 2.94786e+07 2.94786e+07 
0.0085 -3.49592 -6.79592 -4.97572 -6.28008 1.29592 64.0171 5.85163e+16 8.57748e-07 1.4295e-05 8.89065e-23 1.3402e-07 77361.2 0 0 7.4149e-18 0 0 0.0115079 0 0 0 0 0 0 2.93466e+07 2.93466e+07 2.93466e+07 2.93466e+07 
0.009 -3.49201 -6.79201 -4.97149 -6.27576 1.29201 64.8166 5.79135e+16 8.58304e-07 1.42234e-05 8.90221e-23 1.31976e-07 78866.1 0 0 7.62721e-18 0 0 0.0115079 0 0 0 0 0 0 2.92692e+07 2.92692e+07 2.92692e+07 2.92692e+07 
0.0095 -3.48803 -6.78803 -4.96715 -6.27136 1.28803 65.7228 5.73286e+16 8.58866e-07 1.4154e-05 8.91526e-23 1.30006e-07 80355.6 0 0 7.83844e-18 0 0 0.0115079 0 0 0 0 0 0 2.92446e+07 2.92446e+07 2.92446e+07 2.92446e+07 
0.01 -3.48398 -6.78398 -4.9627 -6.2669 1.28398 66.7377 5.67607e+16 8.59434e-07 1.40867e-05 8.92984e-23 1.28105e-07 81830.2 0 0 8.04899e-18 0 0 0.0115079 0 0 0 0 0 0 2.92713e+07 2.92713e+07 2.92713e+07 2.92713e+07 
0.0105 -3.47985 -6.77985 -4.95814 -6.26238 1.27985 67.8643 5.62091e+16 8.60008e-07 1.40213e-05 8.94597e-23 1.26272e-07 83290.4 0 0 8.25921e-18 0 0 0.0115079 0 0 0 0 0 0 2.93484e+07 2.93484e+07 2.93484e+07 2.93484e+07 
0.011 -3.47565 -6.77565 -4.95347 -6.25779 1.27565 69.1061 5.56729e+16 8.60587e-07 1.39579e-05 8.96373e-23 1.24501e-07 84736.5 0 0 8.46948e-18 0 0 0.0115079 0 0 0 0 0 0 2.94752e+07 2.94752e+07 2.94752e+07 2.94752e+07 
0.0115 -3.47138 -6.77138 -4.94869 -6.25314 1.27138 70.4674 5.51516e+16 8.61172e-07 1.38962e-05 8.98316e-23 1.2279e-07 86168.9 0 0 8.68014e-18 0 0 0.0115079 0 0 0 0 0 0 2.96517e+07 2.96517e+07 2.96517e+07 2.96517e+07 
0.012 -3.46703 -6.76703 -4.94381 -6.24842 1.26703 71.9533 5.46443e+16 8.61762e-07 1.38363e-05 9.00434e-23 1.21137e-07 87588 0 0 8.89157e-18 0 0 0.0115079 0 0 0 0 0 0 2.98778e+07 2.98778e+07 2.98778e+07 2.98778e+07 
0.0125 -3.46262 -6.76262 -4.93882 -6.24364 1.26262 73.5696 5.41506e+16 8.62357e-07 1.3778e-05 9.02736e-23 1.19537e-07 88994.2 0 0 9.10412e-18 0 0 0.0115079 0 0 0 0 0 0 3.01542e+07 3.01542e+07 3.01542e+07 3.01542e+07 
0.013 -3.45813 -6.75813 -4.93372 -6.23879 1.25813 75.3232 5.36699e+16 8.62958e-07 1.37213e-05 9.05231e-23 1.17988e-07 90387.8 0 0 9.31815e-18 0 0 0.0115079 0 0 0 0 0 0 3.04816e+07 3.04816e+07 3.04816e+07 3.04816e+07 
0.0135 -3.45358 -6.75358 -4.92852 -6.23389 1.25358 77.2214 5.32015e+16 8.63563e-07 1.36662e-05 9.0793e-23 1.16488e-07 91769.1 0 0 9.53402e-18 0 0 0.0115079 0 0 0 0 0 0 3.08613e+07 3.08613e+07 3.08613e+07 3.08613e+07 
0.014 -3.44896 -6.74896 -4.92322 -6.22892 1.24896 79.2729 5.2745e+16 8.64174e-07 1.36125e-05 9.10846e-23 1.15035e-07 93138.5 0 0 9.75211e-18 0 0 0.0115079 0 0 0 0 0 0 3.12945e+07 3.12945e+07 3.12945e+07 3.12945e+07 
0.0145 -3.44426 -6.74426 -4.91782 -6.22388 1.24426 81.487 5.22999e+16 8.64789e-07 1.35602e-05 9.13992e-23 1.13626e-07 94496.2 0 0 9.97281e-18 0 0 0.0115079 0 0 0 0 0 0 3.17833e+07 3.17833e+07 3.17833e+07 3.17833e+07 
0.015 -3.43951 -6.73951 -4.91231 -6.21879 1.23951 83.8743 5.18657e+16 8.65409e-07 1.35093e-05 9.17383e-23 1.1226e-07 95842.5 0 0 1.01965e-17 0 0 0.0115079 0 0 0 0 0 0 3.23297e+07 3.23297e+07 3.23297e+07 3.23297e+07 
0.0155 -3.43468 -6.73468 -4.9067 -6.21363 1.23468 86.4463 5.14419e+16 8.66034e-07 1.34597e-05 9.21036e-23 1.10934e-07 97177.8 0 0 1.04236e-17 0 0 0.0115079 0 0 0 0 0 0 3.29362e+07 3.29362e+07 3.29362e+07 3.29362e+07 
0.016 -3.42979 -6.72979 -4.901 -6.20841 1.22979 89.2159 5.10283e+16 8.66663e-07 1.34113e-05 9.24969e-23 1.09646e-07 98502.2 0 0 1.06546e-17 0 0 0.0115079 0 0 0 0 0 0 3.36058e+07 3.36058e+07 3.36058e+07 3.36058e+07 
0.0165 -3.42483 -6.72483 -4.89519 -6.20314 1.22483 92.1972 5.06244e+16 8.67298e-07 1.33642e-05 9.29202e-23 1.08396e-07 99816.1 0 0 1.08898e-17 0 0 0.0115079 0 0 0 0 0 0 3.43416e+07 3.43416e+07 3.43416e+07 3.43416e+07 
0.017 -3.41981 -6.71981 -4.88928 -6.1978 1.21981 95.4058 5.02297e+16 8.67936e-07 1.33182e-05 9.33758e-23 1.0718e-07 101120 0 0 1.11298e-17 0 0 0.0115079 0 0 0 0 0 0 3.51473e+07 3.51473e+07 3.51473e+07 3.51473e+07 
0.0175 -3.41472 -6.71472 -4.88327 -6.1924 1.21472 98.8585 4.9844e+16 8.6858e-07 1.32733e-05 9.38661e-23 1.05999e-07 102413 0 0 1.13751e-17 0 0 0.0115079 0 0 0 0 0 0 3.60269e+07 3.60269e+07 3.60269e+07 3.60269e+07 
0.018 -3.40957 -6.70957 -4.87716 -6.18694 1.20957 102.574 4.9467e+16 8.69227e-07 1.32295e-05 9.43938e-23 1.0485e-07 103697 0 0 1.16261e-17 0 0 0.0115079 0 0 0 0 0 0 3.6985e+07 3.6985e+07 3.6985e+07 3.6985e+07 
0.0185 -3.40435 -6.70435 -4.87095 -6.18143 1.20435 106.573 4.90982e+16 8.69879e-07 1.31867e-05 9.49619e-23 1.03732e-07 104971 0 0 1.18835e-17 0 0 0.0115079 0 0 0 0 0 0 3.80264e+07 3.80264e+07 3.80264e+07 3.80264e+07 
0.019 -3.39907 -6.69907 -4.86465 -6.17585 1.19907 110.877 4.87375e+16 8.70536e-07 1.31449e-05 9.55734e-23 1.02644e-07 106235 0 0 1.21478e-17 0 0 0.0115079 0 0 0 0 0 0 3.91566e+07 3.91566e+07 3.91566e+07 3.91566e+07 
0.0195 -3.39373 -6.69373 -4.85825 -6.17021 1.19373 115.51 4.83844e+16 8.71197e-07 1.31042e-05 9.62319e-23 1.01584e-07 107491 0 0 1.24196e-17 0 0 0.0115079 0 0 0 0 0 0 4.03815e+07 4.03815e+07 4.03815e+07 4.03815e+07 
0.02 -3.38832 -6.68832 -4.85174 -6.16452 1.18832 120.499 4.80389e+16 8.71862e-07 1.30643e-05 9.69411e-23 1.00552e-07 108737 0 0 1.26996e-17 0 0 0.0115079 0 0 0 0 0 0 4.17076e+07 4.17076e+07 4.17076e+07 4.17076e+07 
0.0205 -3.38285 -6.68285 -4.84515 -6.15877 1.18285 125.873 4.77005e+16 8.72532e-07 1.30254e-05 9.77052e-23 9.95459e-08 109974 0 0 1.29885e-17 0 0 0.0115079 0 0 0 0 0 0 4.31417e+07 4.31417e+07 4.31417e+07 4.31417e+07 
0.021 -3.37732 -6.67732 -4.83845 -6.15296 1.17732 131.661 4.7369e+16 8.73205e-07 1.29873e-05 9.85286e-23 9.85653e-08 111203 0 0 1.32869e-17 0 0 0.0115079 0 0 0 0 0 0 4.46915e+07 4.46915e+07 4.46915e+07 4.46915e+07 
0.0215 -3.37173 -6.67173 -4.83166 -6.1471 1.17173 137.898 4.70443e+16 8.73884e-07 1.29501e-05 9.94161e-23 9.7609e-08 112423 0 0 1.35957e-17 0 0 0.0115079 0 0 0 0 0 0 4.6365e+07 4.6365e+07 4.6365e+07 4.6365e+07 
0.022 -3.36608 -6.66608 -4.82478 -6.14117 1.16608 144.618 4.6726e+16 8.74566e-07 1.29137e-05 1.00373e-22 9.66762e-08 113635 0 0 1.39158e-17 0 0 0.0115079 0 0 0 0 0 0 4.8171e+07 4.8171e+07 4.8171e+07 4.8171e+07 
0.0225 -3.36037 -6.66037 -4.8178 -6.13519 1.16037 151.861 4.6414e+16 8.75252e-07 1.28781e-05 1.01404e-22 9.57659e-08 114839 0 0 1.42478e-17 0 0 0.0115079 0 0 0 0 0 0 5.01185e+07 5.01185e+07 5.01185e+07 5.01185e+07 
0.023 -3.3546 -6.6546 -4.81073 -6.12916 1.1546 159.668 4.61081e+16 8.75943e-07 1.28433e-05 1.02517e-22 9.48774e-08 116035 0 0 1.45928e-17 0 0 0.0115079 0 0 0 0 0 0 5.22175e+07 5.22175e+07 5.22175e+07 5.22175e+07 
0.0235 -3.34876 -6.64876 -4.80357 -6.12306 1.14876 168.081 4.5808e+16 8.76637e-07 1.28092e-05 1.03716e-22 9.40097e-08 117223 0 0 1.49518e-17 0 0 0.0115079 0 0 0 0 0 0 5.44782e+07 5.44782e+07 5.44782e+07 5.44782e+07 
0.024 -3.34287 -6.64287 -4.79632 -6.11692 1.14287 177.147 4.55136e+16 8.77336e-07 1.27758e-05 1.05009e-22 9.31622e-08 118403 0 0 1.53257e-17 0 0 0.0115079 0 0 0 0 0 0 5.69115e+07 5.69115e+07 5.69115e+07 5.69115e+07 
0.0245 -3.33692 -6.63692 -4.78898 -6.11071 1.13692 186.914 4.52246e+16 8.78039e-07 1.27432e-05 1.06403e-22 9.23342e-08 119576 0 0 1.57155e-17 0 0 0.0115079 0 0 0 0 0 0 5.95288e+07 5.95288e+07 5.95288e+07 5.95288e+07 
0.025 -3.33092 -6.63092 -4.78156 -6.10445 1.13092 197.435 4.49411e+16 8.78745e-07 1.27112e-05 1.07906e-22 9.15249e-08 120742 0 0 1.61225e-17 0 0 0.0115079 0 0 0 0 0 0 6.23416e+07 6.23416e+07 6.23416e+07 6.23416e+07 
0.0255 -3.32485 -6.62485 -4.77405 -6.09814 1.12485 208.762 4.46626e+16 8.79456e-07 1.26799e-05 1.09524e-22 9.07337e-08 121900 0 0 1.65477e-17 0 0 0.0115079 0 0 0 0 0 0 6.53621e+07 6.53621e+07 6.53621e+07 6.53621e+07 
0.026 -3.31873 -6.61873 -4.76645 -6.09177 1.11873 220.95 4.43892e+16 8.80171e-07 1.26492e-05 1.11267e-22 8.996e-08 123051 0 0 1.69925e-17 0 0 0.0115079 0 0 0 0 0 0 6.86026e+07 6.86026e+07 6.86026e+07 6.86026e+07 
0.0265 -3.31254 -6.61254 -4.75878 -6.08535 1.11254 234.056 4.41206e+16 8.80889e-07 1.26191e-05 1.13142e-22 8.92032e-08 124195 0 0 1.74582e-17 0 0 0.0115079 0 0 0 0 0 0 7.20756e+07 7.20756e+07 7.20756e+07 7.20756e+07 
0.027 -3.30631 -6.60631 -4.75103 -6.07887 1.10631 248.139 4.38567e+16 8.81611e-07 1.25897e-05 1.15158e-22 8.84628e-08 125332 0 0 1.7946e-17 0 0 0.0115079 0 0 0 0 0 0 7.57937e+07 7.57937e+07 7.57937e+07 7.57937e+07 
0.0275 -3.30001 -6.60001 -4.7432 -6.07234 1.10001 263.259 4.35974e+16 8.82336e-07 1.25608e-05 1.17325e-22 8.77381e-08 126462 0 0 1.84576e-17 0 0 0.0115079 0 0 0 0 0 0 7.97696e+07 7.97696e+07 7.97696e+07 7.97696e+07 
0.028 -3.29366 -6.59366 -4.7353 -6.06575 1.09366 279.476 4.33426e+16 8.83066e-07 1.25325e-05 1.1965e-22 8.70287e-08 127586 0 0 1.89945e-17 0 0 0.0115079 0 0 0 0 0 0 8.40159e+07 8.40159e+07 8.40159e+07 8.40159e+07 
0.0285 -3.28725 -6.58725 -4.72733 -6.05912 1.08725 296.853 4.3092e+16 8.83798e-07 1.25048e-05 1.22143e-22 8.6334e-08 128703 0 0 1.95584e-17 0 0 0.0115079 0 0 0 0 0 0 8.85452e+07 8.85452e+07 8.85452e+07 8.85452e+07 
0.029 -3.28079 -6.58079 -4.71929 -6.05242 1.08079 315.451 4.28456e+16 8.84534e-07 1.24776e-05 1.24814e-22 8.56537e-08 129814 0 0 2.01512e-17 0 0 0.0115079 0 0 0 0 0 0 9.33698e+07 9.33698e+07 9.33698e+07 9.33698e+07 
0.0295 -3.27427 -6.57427 -4.71119 -6.04568 1.07427 335.335 4.26033e+16 8.85274e-07 1.24509e-05 1.27672e-22 8.49872e-08 130918 0 0 2.07747e-17 0 0 0.0115079 0 0 0 0 0 0 9.85022e+07 9.85022e+07 9.85022e+07 9.85022e+07 
0.03 -3.2677 -6.5677 -4.70303 -6.03888 1.0677 356.568 4.23649e+16 8.86017e-07 1.24247e-05 1.30726e-22 8.43341e-08 132016 0 0 2.1431e-17 0 0 0.0115079 0 0 0 0 0 0 1.03955e+08 1.03955e+08 1.03955e+08 1.03955e+08 
0.0305 -3.26107 -6.56107 -4.69481 -6.03204 1.06107 379.217 4.21304e+16 8.86762e-07 1.2399e-05 1.33986e-22 8.3694e-08 133109 0 0 2.21226e-17 0 0 0.0115079 0 0 0 0 0 0 1.0974e+08 1.0974e+08 1.0974e+08 1.0974e+08 
0.031 -3.25439 -6.55439 -4.68653 -6.02513 1.05439 403.35 4.18996e+16 8.87511e-07 1.23739e-05 1.37463e-22 8.30665e-08 134195 0 0 2.28519e-17 0 0 0.0115079 0 0 0 0 0 0 1.15871e+08 1.15871e+08 1.15871e+08 1.15871e+08 
0.0315 -3.24765 -6.54765 -4.67819 -6.01818 1.04765 429.036 4.16725e+16 8.88263e-07 1.23492e-05 1.41167e-22 8.24512e-08 135275 0 0 2.36214e-17 0 0 0.0115079 0 0 0 0 0 0 1.2236e+08 1.2236e+08 1.2236e+08 1.2236e+08 
0.032 -3.24086 -6.54086 -4.6698 -6.01118 1.04086 456.351 4.14489e+16 8.89018e-07 1.23249e-05 1.4511e-22 8.18477e-08 136349 0 0 2.44342e-17 0 0 0.0115079 0 0 0 0 0 0 1.29222e+08 1.29222e+08 1.29222e+08 1.29222e+08 
0.0325 -3.23402 -6.53402 -4.66136 -6.00412 1.03402 485.372 4.12287e+16 8.89776e-07 1.23011e-05 1.49302e-22 8.12558e-08 137418 0 0 2.52933e-17 0 0 0.0115079 0 0 0 0 0 0 1.36471e+08 1.36471e+08 1.36471e+08 1.36471e+08 
0.033 -3.22712 -6.52712 -4.65287 -5.99702 1.02712 516.182 4.10119e+16 8.90537e-07 1.22777e-05 1.53757e-22 8.0675e-08 138481 0 0 2.62019e-17 0 0 0.0115079 0 0 0 0 0 0 1.44124e+08 1.44124e+08 1.44124e+08 1.44124e+08 
0.0335 -3.22017 -6.52017 -4.64433 -5.98986 1.02017 548.87 4.07984e+16 8.913e-07 1.22548e-05 1.58489e-22 8.0105e-08 139538 0 0 2.71637e-17 0 0 0.0115079 0 0 0 0 0 0 1.52196e+08 1.52196e+08 1.52196e+08 1.52196e+08 
0.034 -3.21316 -6.51316 -4.63574 -5.98265 1.01316 583.533 4.0588e+16 8.92066e-07 1.22323e-05 1.6351e-22 7.95455e-08 140590 0 0 2.81823e-17 0 0 0.0115079 0 0 0 0 0 0 1.60707e+08 1.60707e+08 1.60707e+08 1.60707e+08 
0.0345 -3.20611 -6.50611 -4.6271 -5.97539 1.00611 620.274 4.03808e+16 8.92835e-07 1.22102e-05 1.68838e-22 7.89962e-08 141637 0 0 2.92616e-17 0 0 0.0115079 0 0 0 0 0 0 1.69677e+08 1.69677e+08 1.69677e+08 1.69677e+08 
0.035 -3.199 -6.499 -4.61841 -5.96808 0.999 659.204 4.01766e+16 8.93606e-07 1.21884e-05 1.74488e-22 7.84569e-08 142678 0 0 3.04059e-17 0 0 0.0115079 0 0 0 0 0 0 1.79127e+08 1.79127e+08 1.79127e+08 1.79127e+08 
0.0355 -3.19184 -6.49184 -4.60968 -5.96072 0.991841 700.443 3.99753e+16 8.9438e-07 1.21671e-05 1.80479e-22 7.79272e-08 143714 0 0 3.16195e-17 0 0 0.0115079 0 0 0 0 0 0 1.89082e+08 1.89082e+08 1.89082e+08 1.89082e+08 
0.036 -3.18463 -6.48463 -4.6009 -5.95331 0.984629 744.119 3.97769e+16 8.95157e-07 1.21461e-05 1.8683e-22 7.74069e-08 144745 0 0 3.29069e-17 0 0 0.0115079 0 0 0 0 0 0 1.99567e+08 1.99567e+08 1.99567e+08 1.99567e+08 
0.0365 -3.17737 -6.47737 -4.59208 -5.94586 0.977366 790.37 3.95813e+16 8.95936e-07 1.21255e-05 1.93562e-22 7.68957e-08 145770 0 0 3.42731e-17 0 0 0.0115079 0 0 0 0 0 0 2.10608e+08 2.10608e+08 2.10608e+08 2.10608e+08 
0.037 -3.17005 -6.47005 -4.58321 -5.93835 0.970052 839.339 3.93885e+16 8.96718e-07 1.21053e-05 2.00697e-22 7.63933e-08 146791 0 0 3.57229e-17 0 0 0.0115079 0 0 0 0 0 0 2.22235e+08 2.22235e+08 2.22235e+08 2.22235e+08 
0.0375 -3.16269 -6.46269 -4.57429 -5.93079 0.962687 891.183 3.91983e+16 8.97503e-07 1.20854e-05 2.08257e-22 7.58997e-08 147807 0 0 3.72616e-17 0 0 0.0115079 0 0 0 0 0 0 2.34477e+08 2.34477e+08 2.34477e+08 2.34477e+08 
0.038 -3.15527 -6.45527 -4.56533 -5.92319 0.955271 946.063 3.90107e+16 8.9829e-07 1.20659e-05 2.16268e-22 7.54144e-08 148818 0 0 3.88947e-17 0 0 0.0115079 0 0 0 0 0 0 2.47368e+08 2.47368e+08 2.47368e+08 2.47368e+08 
0.0385 -3.14781 -6.44781 -4.55632 -5.91553 0.947805 1004.15 3.88257e+16 8.9908e-07 1.20467e-05 2.24755e-22 7.49373e-08 149824 0 0 4.06279e-17 0 0 0.0115079 0 0 0 0 0 0 2.60939e+08 2.60939e+08 2.60939e+08 2.60939e+08 
0.039 -3.14029 -6.44029 -4.54726 -5.90783 0.940289 1065.62 3.86432e+16 8.99872e-07 1.20278e-05 2.33745e-22 7.44681e-08 150825 0 0 4.2467e-17 0 0 0.0115079 0 0 0 0 0 0 2.75227e+08 2.75227e+08 2.75227e+08 2.75227e+08 
0.0395 -3.13272 -6.43272 -4.53816 -5.90008 0.932723 1130.66 3.84631e+16 9.00666e-07 1.20093e-05 2.43266e-22 7.40067e-08 151822 0 0 4.44183e-17 0 0 0.0115079 0 0 0 0 0 0 2.90265e+08 2.90265e+08 2.90265e+08 2.90265e+08 
0.04 -3.12511 -6.42511 -4.52901 -5.89228 0.925107 1199.47 3.82854e+16 9.01464e-07 1.1991e-05 2.53348e-22 7.35529e-08 152814 0 0 4.64883e-17 0 0 0.0115079 0 0 0 0 0 0 3.06092e+08 3.06092e+08 3.06092e+08 3.06092e+08 
0.0405 -3.11744 -6.41744 -4.51982 -5.88444 0.917441 1272.23 3.811e+16 9.02263e-07 1.19731e-05 2.64021e-22 7.31064e-08 153801 0 0 4.86834e-17 0 0 0.0115079 0 0 0 0 0 0 3.22744e+08 3.22744e+08 3.22744e+08 3.22744e+08 
0.041 -3.10973 -6.40973 -4.51058 -5.87654 0.909727 1349.17 3.79369e+16 9.03066e-07 1.19555e-05 2.75316e-22 7.26671e-08 154784 0 0 5.10109e-17 0 0 0.0115079 0 0 0 0 0 0 3.40261e+08 3.40261e+08 3.40261e+08 3.40261e+08 
0.0415 -3.10196 -6.40196 -4.5013 -5.8686 0.901963 1430.49 3.77659e+16 9.0387e-07 1.19381e-05 2.87266e-22 7.22348e-08 155762 0 0 5.34778e-17 0 0 0.0115079 0 0 0 0 0 0 3.58682e+08 3.58682e+08 3.58682e+08 3.58682e+08 
0.042 -3.09415 -6.39415 -4.49198 -5.86061 0.894151 1516.4 3.75972e+16 9.04677e-07 1.19211e-05 2.99904e-22 7.18094e-08 156736 0 0 5.60917e-17 0 0 0.0115079 0 0 0 0 0 0 3.78048e+08 3.78048e+08 3.78048e+08 3.78048e+08 
0.0425 -3.08629 -6.38629 -4.48261 -5.85257 0.886289 1607.15 3.74306e+16 9.05487e-07 1.19043e-05 3.13266e-22 7.13906e-08 157706 0 0 5.88604e-17 0 0 0.0115079 0 0 0 0 0 0 3.98399e+08 3.98399e+08 3.98399e+08 3.98399e+08 
0.043 -3.07838 -6.37838 -4.4732 -5.84449 0.87838 1702.95 3.72661e+16 9.06298e-07 1.18878e-05 3.27385e-22 7.09783e-08 158672 0 0 6.17921e-17 0 0 0.0115079 0 0 0 0 0 0 4.19777e+08 4.19777e+08 4.19777e+08 4.19777e+08 
0.0435 -3.07042 -6.37042 -4.46375 -5.83636 0.870422 1804.05 3.71036e+16 9.07113e-07 1.18716e-05 3.42301e-22 7.05723e-08 159633 0 0 6.48952e-17 0 0 0.0115079 0 0 0 0 0 0 4.42225e+08 4.42225e+08 4.42225e+08 4.42225e+08 
0.044 -3.06242 -6.36242 -4.45426 -5.82818 0.862417 1910.69 3.6943e+16 9.07929e-07 1.18556e-05 3.5805e-22 7.01725e-08 160590 0 0 6.81784e-17 0 0 0.0115079 0 0 0 0 0 0 4.65788e+08 4.65788e+08 4.65788e+08 4.65788e+08 
0.0445 -3.05436 -6.35436 -4.44472 -5.81996 0.854363 2023.13 3.67845e+16 9.08748e-07 1.18399e-05 3.74671e-22 6.97788e-08 161543 0 0 7.1651e-17 0 0 0.0115079 0 0 0 0 0 0 4.90508e+08 4.90508e+08 4.90508e+08 4.90508e+08 
0.045 -3.04626 -6.34626 -4.43515 -5.81169 0.846262 2141.62 3.66278e+16 9.09569e-07 1.18245e-05 3.92205e-22 6.93909e-08 162492 0 0 7.53223e-17 0 0 0.0115079 0 0 0 0 0 0 5.16432e+08 5.16432e+08 5.16432e+08 5.16432e+08 
0.0455 -3.03811 -6.33811 -4.42553 -5.80338 0.838114 2266.44 3.6473e+16 9.10392e-07 1.18093e-05 4.10693e-22 6.90088e-08 163437 0 0 7.92021e-17 0 0 0.0115079 0 0 0 0 0 0 5.43606e+08 5.43606e+08 5.43606e+08 5.43606e+08 
0.046 -3.02992 -6.32992 -4.41587 -5.79502 0.829919 2397.85 3.63201e+16 9.11217e-07 1.17943e-05 4.30178e-22 6.86324e-08 164377 0 0 8.33006e-17 0 0 0.0115079 0 0 0 0 0 0 5.72076e+08 5.72076e+08 5.72076e+08 5.72076e+08 
0.0465 -3.02168 -6.32168 -4.40618 -5.78661 0.821676 2536.13 3.61689e+16 9.12045e-07 1.17796e-05 4.50703e-22 6.82614e-08 165314 0 0 8.76284e-17 0 0 0.0115079 0 0 0 0 0 0 6.01891e+08 6.01891e+08 6.01891e+08 6.01891e+08 
0.047 -3.01339 -6.31339 -4.39644 -5.77816 0.813387 2681.59 3.60194e+16 9.12875e-07 1.17651e-05 4.72314e-22 6.78958e-08 166247 0 0 9.21962e-17 0 0 0.0115079 0 0 0 0 0 0 6.331e+08 6.331e+08 6.331e+08 6.331e+08 
0.0475 -3.00505 -6.30505 -4.38667 -5.76966 0.805052 2834.51 3.58717e+16 9.13706e-07 1.17508e-05 4.95058e-22 6.75355e-08 167177 0 0 9.70156e-17 0 0 0.0115079 0 0 0 0 0 0 6.65753e+08 6.65753e+08 6.65753e+08 6.65753e+08 
0.048 -2.99667 -6.29667 -4.37686 -5.76112 0.79667 2995.19 3.57257e+16 9.1454e-07 1.17368e-05 5.18981e-22 6.71803e-08 168102 0 0 1.02098e-16 0 0 0.0115079 0 0 0 0 0 0 6.99901e+08 6.99901e+08 6.99901e+08 6.99901e+08 
0.0485 -2.98824 -6.28824 -4.36701 -5.75253 0.788241 3163.97 3.55814e+16 9.15376e-07 1.1723e-05 5.44135e-22 6.683e-08 169024 0 0 1.07456e-16 0 0 0.0115079 0 0 0 0 0 0 7.35596e+08 7.35596e+08 7.35596e+08 7.35596e+08 
0.049 -2.97977 -6.27977 -4.35712 -5.7439 0.779767 3341.15 3.54386e+16 9.16214e-07 1.17094e-05 5.70568e-22 6.64848e-08 169942 0 0 1.13101e-16 0 0 0.0115079 0 0 0 0 0 0 7.72892e+08 7.72892e+08 7.72892e+08 7.72892e+08 
0.0495 -2.97125 -6.27125 -4.3472 -5.73522 0.771247 3527.07 3.52974e+16 9.17054e-07 1.1696e-05 5.98335e-22 6.61443e-08 170856 0 0 1.19048e-16 0 0 0.0115079 0 0 0 0 0 0 8.11842e+08 8.11842e+08 8.11842e+08 8.11842e+08 
0.05 -2.96268 -6.26268 -4.33724 -5.7265 0.762682 3722.06 3.51578e+16 9.17896e-07 1.16829e-05 6.27487e-22 6.58085e-08 171766 0 0 1.25308e-16 0 0 0.0115079 0 0 0 0 0 0 8.52503e+08 8.52503e+08 8.52503e+08 8.52503e+08 
0.0505 -2.95407 -6.25407 -4.32724 -5.71774 0.754071 3926.49 3.50198e+16 9.1874e-07 1.16699e-05 6.58082e-22 6.54772e-08 172674 0 0 1.31897e-16 0 0 0.0115079 0 0 0 0 0 0 8.94931e+08 8.94931e+08 8.94931e+08 8.94931e+08 
0.051 -2.94541 -6.24541 -4.31721 -5.70893 0.745414 4140.7 3.48832e+16 9.19586e-07 1.16571e-05 6.90175e-22 6.51505e-08 173577 0 0 1.38827e-16 0 0 0.0115079 0 0 0 0 0 0 9.39184e+08 9.39184e+08 9.39184e+08 9.39184e+08 
0.0515 -2.93671 -6.23671 -4.30714 -5.70007 0.736713 4365.07 3.47481e+16 9.20434e-07 1.16446e-05 7.23824e-22 6.48282e-08 174477 0 0 1.46115e-16 0 0 0.0115079 0 0 0 0 0 0 9.8532e+08 9.8532e+08 9.8532e+08 9.8532e+08 
0.052 -2.92797 -6.22797 -4.29703 -5.69118 0.727967 4599.96 3.46144e+16 9.21284e-07 1.16322e-05 7.59091e-22 6.45102e-08 175374 0 0 1.53775e-16 0 0 0.0115079 0 0 0 0 0 0 1.0334e+09 1.0334e+09 1.0334e+09 1.0334e+09 
0.0525 -2.91918 -6.21918 -4.28689 -5.68223 0.719176 4845.78 3.44822e+16 9.22136e-07 1.162e-05 7.96036e-22 6.41964e-08 176267 0 0 1.61823e-16 0 0 0.0115079 0 0 0 0 0 0 1.08349e+09 1.08349e+09 1.08349e+09 1.08349e+09 
0.053 -2.91034 -6.21034 -4.27672 -5.67325 0.71034 5102.91 3.43513e+16 9.22989e-07 1.1608e-05 8.34723e-22 6.38867e-08 177156 0 0 1.70276e-16 0 0 0.0115079 0 0 0 0 0 0 1.13564e+09 1.13564e+09 1.13564e+09 1.13564e+09 
0.0535 -2.90146 -6.20146 -4.26651 -5.66422 0.70146 5371.77 3.42218e+16 9.23844e-07 1.15962e-05 8.75217e-22 6.35811e-08 178043 0 0 1.79149e-16 0 0 0.0115079 0 0 0 0 0 0 1.18992e+09 1.18992e+09 1.18992e+09 1.18992e+09 
0.054 -2.89254 -6.19254 -4.25626 -5.65515 0.692536 5652.76 3.40936e+16 9.24701e-07 1.15845e-05 9.17585e-22 6.32794e-08 178926 0 0 1.88461e-16 0 0 0.0115079 0 0 0 0 0 0 1.2464e+09 1.2464e+09 1.2464e+09 1.2464e+09 
0.0545 -2.88357 -6.18357 -4.24598 -5.64604 0.683567 5946.31 3.39668e+16 9.2556e-07 1.15731e-05 9.61894e-22 6.29817e-08 179805 0 0 1.98228e-16 0 0 0.0115079 0 0 0 0 0 0 1.30515e+09 1.30515e+09 1.30515e+09 1.30515e+09 
0.055 -2.87456 -6.17456 -4.23566 -5.63688 0.674555 6252.87 3.38412e+16 9.26421e-07 1.15618e-05 1.00822e-21 6.26877e-08 180682 0 0 2.0847e-16 0 0 0.0115079 0 0 0 0 0 0 1.36622e+09 1.36622e+09 1.36622e+09 1.36622e+09 
0.0555 -2.8655 -6.1655 -4.22531 -5.62768 0.665499 6572.87 3.37169e+16 9.27283e-07 1.15507e-05 1.05662e-21 6.23974e-08 181555 0 0 2.19205e-16 0 0 0.0115079 0 0 0 0 0 0 1.42969e+09 1.42969e+09 1.42969e+09 1.42969e+09 
0.056 -2.8564 -6.1564 -4.21493 -5.61844 0.6564 6906.78 3.35939e+16 9.28148e-07 1.15397e-05 1.10719e-21 6.21108e-08 182425 0 0 2.30452e-16 0 0 0.0115079 0 0 0 0 0 0 1.49562e+09 1.49562e+09 1.49562e+09 1.49562e+09 
0.0565 -2.84726 -6.14726 -4.20451 -5.60915 0.647257 7255.05 3.34721e+16 9.29014e-07 1.1529e-05 1.15998e-21 6.18278e-08 183292 0 0 2.42232e-16 0 0 0.0115079 0 0 0 0 0 0 1.5641e+09 1.5641e+09 1.5641e+09 1.5641e+09 
0.057 -2.83807 -6.13807 -4.19406 -5.59982 0.638071 7618.17 3.33515e+16 9.29881e-07 1.15184e-05 1.21509e-21 6.15483e-08 184155 0 0 2.54565e-16 0 0 0.0115079 0 0 0 0 0 0 1.63519e+09 1.63519e+09 1.63519e+09 1.63519e+09 
0.0575 -2.82884 -6.12884 -4.18357 -5.59045 0.628841 7996.63 3.3232e+16 9.30751e-07 1.15079e-05 1.27259e-21 6.12722e-08 185016 0 0 2.67472e-16 0 0 0.0115079 0 0 0 0 0 0 1.70896e+09 1.70896e+09 1.70896e+09 1.70896e+09 
0.058 -2.81957 -6.11957 -4.17305 -5.58104 0.619569 8390.93 3.31138e+16 9.31622e-07 1.14976e-05 1.33256e-21 6.09995e-08 185874 0 0 2.80974e-16 0 0 0.0115079 0 0 0 0 0 0 1.78548e+09 1.78548e+09 1.78548e+09 1.78548e+09 
0.0585 -2.81025 -6.11025 -4.1625 -5.57159 0.610254 8801.56 3.29966e+16 9.32494e-07 1.14875e-05 1.39508e-21 6.07301e-08 186728 0 0 2.95095e-16 0 0 0.0115079 0 0 0 0 0 0 1.86485e+09 1.86485e+09 1.86485e+09 1.86485e+09 
0.059 -2.8009 -6.1009 -4.15191 -5.56209 0.600896 9229.06 3.28806e+16 9.33368e-07 1.14775e-05 1.46024e-21 6.04639e-08 187579 0 0 3.09856e-16 0 0 0.0115079 0 0 0 0 0 0 1.94712e+09 1.94712e+09 1.94712e+09 1.94712e+09 
0.0595 -2.7915 -6.0915 -4.14129 -5.55256 0.591496 9673.95 3.27657e+16 9.34244e-07 1.14676e-05 1.52813e-21 6.0201e-08 188428 0 0 3.25282e-16 0 0 0.0115079 0 0 0 0 0 0 2.03238e+09 2.03238e+09 2.03238e+09 2.03238e+09 
0.06 -2.78205 -6.08205 -4.13063 -5.54298 0.582053 10136.8 3.26519e+16 9.35122e-07 1.14579e-05 1.59883e-21 5.99411e-08 189273 0 0 3.41397e-16 0 0 0.0115079 0 0 0 0 0 0 2.12071e+09 2.12071e+09 2.12071e+09 2.12071e+09 
0.0605 -2.77257 -6.07257 -4.11994 -5.53336 0.572569 10618.1 3.25392e+16 9.36001e-07 1.14484e-05 1.67244e-21 5.96844e-08 190116 0 0 3.58225e-16 0 0 0.0115079 0 0 0 0 0 0 2.21218e+09 2.21218e+09 2.21218e+09 2.21218e+09 
0.061 -2.76304 -6.06304 -4.10922 -5.5237 0.563042 11118.5 3.24275e+16 9.36882e-07 1.1439e-05 1.74904e-21 5.94306e-08 190956 0 0 3.75792e-16 0 0 0.0115079 0 0 0 0 0 0 2.30689e+09 2.30689e+09 2.30689e+09 2.30689e+09 
0.0615 -2.75347 -6.05347 -4.09847 -5.51399 0.553473 11638.4 3.23168e+16 9.37764e-07 1.14297e-05 1.82874e-21 5.91798e-08 191793 0 0 3.94124e-16 0 0 0.0115079 0 0 0 0 0 0 2.4049e+09 2.4049e+09 2.4049e+09 2.4049e+09 
0.062 -2.74386 -6.04386 -4.08768 -5.50425 0.543862 12178.6 3.22072e+16 9.38648e-07 1.14206e-05 1.91163e-21 5.89319e-08 192627 0 0 4.13247e-16 0 0 0.0115079 0 0 0 0 0 0 2.50632e+09 2.50632e+09 2.50632e+09 2.50632e+09 
0.0625 -2.73421 -6.03421 -4.07686 -5.49447 0.53421 12739.6 3.20985e+16 9.39533e-07 1.14116e-05 1.9978e-21 5.86868e-08 193458 0 0 4.3319e-16 0 0 0.0115079 0 0 0 0 0 0 2.61121e+09 2.61121e+09 2.61121e+09 2.61121e+09 
0.063 -2.72452 -6.02452 -4.06601 -5.48464 0.524517 13322.1 3.19909e+16 9.4042e-07 1.14027e-05 2.08737e-21 5.84446e-08 194286 0 0 4.5398e-16 0 0 0.0115079 0 0 0 0 0 0 2.71967e+09 2.71967e+09 2.71967e+09 2.71967e+09 
0.0635 -2.71478 -6.01478 -4.05512 -5.47478 0.514782 13926.5 3.18842e+16 9.41309e-07 1.1394e-05 2.18042e-21 5.82051e-08 195112 0 0 4.75646e-16 0 0 0.0115079 0 0 0 0 0 0 2.83178e+09 2.83178e+09 2.83178e+09 2.83178e+09 
0.064 -2.70501 -6.00501 -4.0442 -5.46487 0.505006 14553.6 3.17785e+16 9.42199e-07 1.13854e-05 2.27707e-21 5.79683e-08 195935 0 0 4.98217e-16 0 0 0.0115079 0 0 0 0 0 0 2.94764e+09 2.94764e+09 2.94764e+09 2.94764e+09 
0.0645 -2.69519 -5.99519 -4.03325 -5.45492 0.495188 15204 3.16737e+16 9.4309e-07 1.13769e-05 2.37743e-21 5.77341e-08 196755 0 0 5.21724e-16 0 0 0.0115079 0 0 0 0 0 0 3.06733e+09 3.06733e+09 3.06733e+09 3.06733e+09 
0.065 -2.68533 -5.98533 -4.02227 -5.44494 0.48533 15878.4 3.15698e+16 9.43983e-07 1.13686e-05 2.4816e-21 5.75025e-08 197572 0 0 5.46198e-16 0 0 0.0115079 0 0 0 0 0 0 3.19094e+09 3.19094e+09 3.19094e+09 3.19094e+09 
0.0655 -2.67543 -5.97543 -4.01125 -5.43491 0.475431 16577.3 3.14668e+16 9.44877e-07 1.13603e-05 2.58969e-21 5.72735e-08 198387 0 0 5.71671e-16 0 0 0.0115079 0 0 0 0 0 0 3.31856e+09 3.31856e+09 3.31856e+09 3.31856e+09 
0.066 -2.66549 -5.96549 -4.0002 -5.42485 0.465491 17301.6 3.13647e+16 9.45773e-07 1.13522e-05 2.70182e-21 5.7047e-08 199199 0 0 5.98174e-16 0 0 0.0115079 0 0 0 0 0 0 3.4503e+09 3.4503e+09 3.4503e+09 3.4503e+09 
0.0665 -2.65551 -5.95551 -3.98912 -5.41474 0.455511 18051.9 3.12635e+16 9.46671e-07 1.13442e-05 2.8181e-21 5.6823e-08 200008 0 0 6.25741e-16 0 0 0.0115079 0 0 0 0 0 0 3.58623e+09 3.58623e+09 3.58623e+09 3.58623e+09 
0.067 -2.64549 -5.94549 -3.978 -5.40459 0.445491 18828.8 3.11632e+16 9.47569e-07 1.13364e-05 2.93865e-21 5.66014e-08 200815 0 0 6.54406e-16 0 0 0.0115079 0 0 0 0 0 0 3.72646e+09 3.72646e+09 3.72646e+09 3.72646e+09 
0.0675 -2.63543 -5.93543 -3.96686 -5.39441 0.43543 19633.1 3.10638e+16 9.4847e-07 1.13286e-05 3.06358e-21 5.63822e-08 201620 0 0 6.84204e-16 0 0 0.0115079 0 0 0 0 0 0 3.87108e+09 3.87108e+09 3.87108e+09 3.87108e+09 
0.068 -2.62533 -5.92533 -3.95568 -5.38418 0.425329 20465.5 3.09651e+16 9.49371e-07 1.1321e-05 3.19304e-21 5.61653e-08 202421 0 0 7.15169e-16 0 0 0.0115079 0 0 0 0 0 0 4.02019e+09 4.02019e+09 4.02019e+09 4.02019e+09 
0.0685 -2.61519 -5.91519 -3.94447 -5.37392 0.415187 21326.7 3.08673e+16 9.50274e-07 1.13135e-05 3.32712e-21 5.59508e-08 203221 0 0 7.47339e-16 0 0 0.0115079 0 0 0 0 0 0 4.17389e+09 4.17389e+09 4.17389e+09 4.17389e+09 
0.069 -2.60501 -5.90501 -3.93323 -5.36362 0.405006 22217.6 3.07704e+16 9.51179e-07 1.13061e-05 3.46597e-21 5.57385e-08 204017 0 0 7.8075e-16 0 0 0.0115079 0 0 0 0 0 0 4.33228e+09 4.33228e+09 4.33228e+09 4.33228e+09 
0.0695 -2.59479 -5.89479 -3.92195 -5.35327 0.394786 23138.7 3.06742e+16 9.52085e-07 1.12988e-05 3.60971e-21 5.55284e-08 204811 0 0 8.1544e-16 0 0 0.0115079 0 0 0 0 0 0 4.49545e+09 4.49545e+09 4.49545e+09 4.49545e+09 
0.07 -2.58453 -5.88453 -3.91064 -5.34289 0.384525 24091 3.05788e+16 9.52992e-07 1.12916e-05 3.75847e-21 5.53206e-08 205603 0 0 8.51448e-16 0 0 0.0115079 0 0 0 0 0 0 4.66351e+09 4.66351e+09 4.66351e+09 4.66351e+09 
0.0705 -2.57423 -5.87423 -3.89931 -5.33247 0.374225 25075.1 3.04842e+16 9.539e-07 1.12845e-05 3.91238e-21 5.51148e-08 206392 0 0 8.88812e-16 0 0 0.0115079 0 0 0 0 0 0 4.83657e+09 4.83657e+09 4.83657e+09 4.83657e+09 
0.071 -2.56389 -5.86389 -3.88794 -5.32201 0.363886 26091.9 3.03904e+16 9.5481e-07 1.12775e-05 4.07158e-21 5.49112e-08 207179 0 0 9.27575e-16 0 0 0.0115079 0 0 0 0 0 0 5.01471e+09 5.01471e+09 5.01471e+09 5.01471e+09 
0.0715 -2.55351 -5.85351 -3.87653 -5.31151 0.353508 27142.2 3.02973e+16 9.55721e-07 1.12707e-05 4.23621e-21 5.47097e-08 207964 0 0 9.67775e-16 0 0 0.0115079 0 0 0 0 0 0 5.19806e+09 5.19806e+09 5.19806e+09 5.19806e+09 
0.072 -2.54309 -5.84309 -3.8651 -5.30098 0.34309 28226.7 3.0205e+16 9.56634e-07 1.12639e-05 4.40641e-21 5.45103e-08 208746 0 0 1.00946e-15 0 0 0.0115079 0 0 0 0 0 0 5.38671e+09 5.38671e+09 5.38671e+09 5.38671e+09 
0.0725 -2.53263 -5.83263 -3.85363 -5.2904 0.332633 29346.4 3.01135e+16 9.57548e-07 1.12572e-05 4.58232e-21 5.43129e-08 209525 0 0 1.05266e-15 0 0 0.0115079 0 0 0 0 0 0 5.58077e+09 5.58077e+09 5.58077e+09 5.58077e+09 
0.073 -2.52214 -5.82214 -3.84213 -5.27979 0.322137 30502 3.00226e+16 9.58463e-07 1.12507e-05 4.76407e-21 5.41174e-08 210302 0 0 1.09743e-15 0 0 0.0115079 0 0 0 0 0 0 5.78035e+09 5.78035e+09 5.78035e+09 5.78035e+09 
0.0735 -2.5116 -5.8116 -3.8306 -5.26914 0.311603 31694.3 2.99325e+16 9.5938e-07 1.12442e-05 4.95183e-21 5.39239e-08 211077 0 0 1.14381e-15 0 0 0.0115079 0 0 0 0 0 0 5.98556e+09 5.98556e+09 5.98556e+09 5.98556e+09 
0.074 -2.50103 -5.80103 -3.81904 -5.25845 0.30103 32924.3 2.98431e+16 9.60298e-07 1.12378e-05 5.14573e-21 5.37324e-08 211850 0 0 1.19185e-15 0 0 0.0115079 0 0 0 0 0 0 6.1965e+09 6.1965e+09 6.1965e+09 6.1965e+09 
0.0745 -2.49042 -5.79042 -3.80745 -5.24772 0.290418 34192.8 2.97543e+16 9.61217e-07 1.12315e-05 5.34593e-21 5.35427e-08 212620 0 0 1.24159e-15 0 0 0.0115079 0 0 0 0 0 0 6.41329e+09 6.41329e+09 6.41329e+09 6.41329e+09 
0.075 -2.47977 -5.77977 -3.79582 -5.23696 0.279767 35500.7 2.96663e+16 9.62137e-07 1.12254e-05 5.55259e-21 5.33549e-08 213388 0 0 1.29309e-15 0 0 0.0115079 0 0 0 0 0 0 6.63604e+09 6.63604e+09 6.63604e+09 6.63604e+09 
0.0755 -2.46908 -5.76908 -3.78417 -5.22615 0.269079 36848.9 2.9579e+16 9.63059e-07 1.12193e-05 5.76585e-21 5.31689e-08 214154 0 0 1.34638e-15 0 0 0.0115079 0 0 0 0 0 0 6.86485e+09 6.86485e+09 6.86485e+09 6.86485e+09 
0.076 -2.45835 -5.75835 -3.77248 -5.21531 0.258352 38238.2 2.94923e+16 9.63982e-07 1.12133e-05 5.98588e-21 5.29848e-08 214918 0 0 1.40151e-15 0 0 0.0115079 0 0 0 0 0 0 7.09985e+09 7.09985e+09 7.09985e+09 7.09985e+09 
0.0765 -2.44759 -5.74759 -3.76076 -5.20443 0.247587 39669.6 2.94063e+16 9.64906e-07 1.12074e-05 6.21284e-21 5.28024e-08 215679 0 0 1.45855e-15 0 0 0.0115079 0 0 0 0 0 0 7.34114e+09 7.34114e+09 7.34114e+09 7.34114e+09 
0.077 -2.43678 -5.73678 -3.74901 -5.19352 0.236784 41144.1 2.93209e+16 9.65832e-07 1.12016e-05 6.44688e-21 5.26218e-08 216438 0 0 1.51753e-15 0 0 0.0115079 0 0 0 0 0 0 7.58884e+09 7.58884e+09 7.58884e+09 7.58884e+09 
0.0775 -2.42594 -5.72594 -3.73723 -5.18257 0.225943 42662.5 2.92362e+16 9.66758e-07 1.11958e-05 6.68818e-21 5.24429e-08 217195 0 0 1.57851e-15 0 0 0.0115079 0 0 0 0 0 0 7.84307e+09 7.84307e+09 7.84307e+09 7.84307e+09 
0.078 -2.41506 -5.71506 -3.72542 -5.17157 0.215065 44225.8 2.91521e+16 9.67686e-07 1.11902e-05 6.9369e-21 5.22657e-08 217949 0 0 1.64154e-15 0 0 0.0115079 0 0 0 0 0 0 8.10394e+09 8.10394e+09 8.10394e+09 8.10394e+09 
0.0785 -2.40415 -5.70415 -3.71357 -5.16055 0.204148 45835 2.90686e+16 9.68616e-07 1.11846e-05 7.19321e-21 5.20902e-08 218702 0 0 1.70668e-15 0 0 0.0115079 0 0 0 0 0 0 8.37157e+09 8.37157e+09 8.37157e+09 8.37157e+09 
0.079 -2.39319 -5.69319 -3.7017 -5.14948 0.193195 47491 2.89858e+16 9.69546e-07 1.11792e-05 7.45728e-21 5.19163e-08 219452 0 0 1.77398e-15 0 0 0.0115079 0 0 0 0 0 0 8.64608e+09 8.64608e+09 8.64608e+09 8.64608e+09 
0.0795 -2.3822 -5.6822 -3.68979 -5.13838 0.182203 49194.8 2.89035e+16 9.70478e-07 1.11738e-05 7.72929e-21 5.17441e-08 220200 0 0 1.84349e-15 0 0 0.0115079 0 0 0 0 0 0 8.92759e+09 8.92759e+09 8.92759e+09 8.92759e+09 
0.08 -2.37117 -5.67117 -3.67785 -5.12724 0.171175 50947.4 2.88219e+16 9.71411e-07 1.11685e-05 8.00941e-21 5.15735e-08 220947 0 0 1.91527e-15 0 0 0.0115079 0 0 0 0 0 0 9.21621e+09 9.21621e+09 9.21621e+09 9.21621e+09 
0.0805 -2.36011 -5.66011 -3.66588 -5.11607 0.160109 52749.8 2.87409e+16 9.72345e-07 1.11632e-05 8.29783e-21 5.14044e-08 221691 0 0 1.98938e-15 0 0 0.0115079 0 0 0 0 0 0 9.51206e+09 9.51206e+09 9.51206e+09 9.51206e+09 
0.081 -2.34901 -5.64901 -3.65389 -5.10486 0.149005 54603 2.86604e+16 9.7328e-07 1.11581e-05 8.59472e-21 5.12369e-08 222432 0 0 2.06588e-15 0 0 0.0115079 0 0 0 0 0 0 9.81528e+09 9.81528e+09 9.81528e+09 9.81528e+09 
0.0815 -2.33787 -5.63787 -3.64185 -5.09361 0.137865 56508.1 2.85805e+16 9.74216e-07 1.1153e-05 8.90026e-21 5.10709e-08 223172 0 0 2.14483e-15 0 0 0.0115079 0 0 0 0 0 0 1.0126e+10 1.0126e+10 1.0126e+10 1.0126e+10 
0.082 -2.32669 -5.62669 -3.62979 -5.08232 0.126688 58466 2.85012e+16 9.75154e-07 1.11481e-05 9.21465e-21 5.09065e-08 223910 0 0 2.22628e-15 0 0 0.0115079 0 0 0 0 0 0 1.04443e+10 1.04443e+10 1.04443e+10 1.04443e+10 
0.0825 -2.31547 -5.61547 -3.6177 -5.071 0.115474 60477.9 2.84225e+16 9.76093e-07 1.11431e-05 9.53808e-21 5.07435e-08 224646 0 0 2.3103e-15 0 0 0.0115079 0 0 0 0 0 0 1.07703e+10 1.07703e+10 1.07703e+10 1.07703e+10 
0.083 -2.30422 -5.60422 -3.60558 -5.05964 0.104224 62544.7 2.83443e+16 9.77033e-07 1.11383e-05 9.87072e-21 5.0582e-08 225380 0 0 2.39695e-15 0 0 0.0115079 0 0 0 0 0 0 1.11042e+10 1.11042e+10 1.11042e+10 1.11042e+10 
0.0835 -2.29294 -5.59294 -3.59342 -5.04825 0.0929363 64667.6 2.82667e+16 9.77974e-07 1.11336e-05 1.02128e-20 5.0422e-08 226111 0 0 2.4863e-15 0 0 0.0115079 0 0 0 0 0 0 1.1446e+10 1.1446e+10 1.1446e+10 1.1446e+10 
0.084 -2.28161 -5.58161 -3.58124 -5.03682 0.0816125 66847.5 2.81896e+16 9.78916e-07 1.11289e-05 1.05645e-20 5.02633e-08 226841 0 0 2.5784e-15 0 0 0.0115079 0 0 0 0 0 0 1.1796e+10 1.1796e+10 1.1796e+10 1.1796e+10 
0.0845 -2.27025 -5.57025 -3.56902 -5.02536 0.0702523 69085.7 2.81131e+16 9.79859e-07 1.11243e-05 1.09259e-20 5.01061e-08 227569 0 0 2.67332e-15 0 0 0.0115079 0 0 0 0 0 0 1.21541e+10 1.21541e+10 1.21541e+10 1.21541e+10 
0.085 -2.25886 -5.55886 -3.55678 -5.01385 0.0588556 71383.2 2.80371e+16 9.80804e-07 1.11198e-05 1.12974e-20 4.99503e-08 228294 0 0 2.77113e-15 0 0 0.0115079 0 0 0 0 0 0 1.25207e+10 1.25207e+10 1.25207e+10 1.25207e+10 
0.0855 -2.24742 -5.54742 -3.5445 -5.00232 0.0474228 73741.1 2.79616e+16 9.8175e-07 1.11153e-05 1.16791e-20 4.97958e-08 229018 0 0 2.8719e-15 0 0 0.0115079 0 0 0 0 0 0 1.28957e+10 1.28957e+10 1.28957e+10 1.28957e+10 
0.086 -2.23595 -5.53595 -3.53219 -4.99074 0.0359538 76160.6 2.78866e+16 9.82696e-07 1.11109e-05 1.20712e-20 4.96427e-08 229740 0 0 2.97569e-15 0 0 0.0115079 0 0 0 0 0 0 1.32793e+10 1.32793e+10 1.32793e+10 1.32793e+10 
0.0865 -2.22445 -5.52445 -3.51985 -4.97914 0.0244488 78642.7 2.78122e+16 9.83644e-07 1.11066e-05 1.2474e-20 4.94909e-08 230460 0 0 3.08258e-15 0 0 0.0115079 0 0 0 0 0 0 1.36717e+10 1.36717e+10 1.36717e+10 1.36717e+10 
0.087 -2.21291 -5.51291 -3.50749 -4.96749 0.0129078 81188.6 2.77382e+16 9.84593e-07 1.11023e-05 1.28875e-20 4.93405e-08 231178 0 0 3.19263e-15 0 0 0.0115079 0 0 0 0 0 0 1.40729e+10 1.40729e+10 1.40729e+10 1.40729e+10 
0.0875 -2.20133 -5.50133 -3.49509 -4.95581 0.001331 83799.4 2.76647e+16 9.85543e-07 1.10982e-05 1.33122e-20 4.91913e-08 231894 0 0 3.30592e-15 0 0 0.0115079 0 0 0 0 0 0 1.44831e+10 1.44831e+10 1.44831e+10 1.44831e+10 
0.088 -2.18972 -5.48972 -3.48266 -4.9441 -0.0102816 86476.3 2.75918e+16 9.86495e-07 1.10941e-05 1.3748e-20 4.90434e-08 232608 0 0 3.42251e-15 0 0 0.0115079 0 0 0 0 0 0 1.49024e+10 1.49024e+10 1.49024e+10 1.49024e+10 
0.0885 -2.17807 -5.47807 -3.4702 -4.93235 -0.0219298 89220.5 2.75193e+16 9.87447e-07 1.109e-05 1.41954e-20 4.88967e-08 233321 0 0 3.54248e-15 0 0 0.0115079 0 0 0 0 0 0 1.5331e+10 1.5331e+10 1.5331e+10 1.5331e+10 
0.089 -2.16639 -5.46639 -3.45771 -4.92056 -0.0336136 92033.2 2.74473e+16 9.884e-07 1.1086e-05 1.46544e-20 4.87513e-08 234031 0 0 3.66591e-15 0 0 0.0115079 0 0 0 0 0 0 1.5769e+10 1.5769e+10 1.5769e+10 1.5769e+10 
0.0895 -2.15467 -5.45467 -3.44519 -4.90874 -0.0453329 94915.5 2.73758e+16 9.89355e-07 1.10821e-05 1.51254e-20 4.86072e-08 234740 0 0 3.79287e-15 0 0 0.0115079 0 0 0 0 0 0 1.62165e+10 1.62165e+10 1.62165e+10 1.62165e+10 
0.09 -2.14291 -5.44291 -3.43264 -4.89689 -0.0570876 97868.7 2.73048e+16 9.9031e-07 1.10783e-05 1.56085e-20 4.84642e-08 235446 0 0 3.92344e-15 0 0 0.0115079 0 0 0 0 0 0 1.66737e+10 1.66737e+10 1.66737e+10 1.66737e+10 
0.0905 -2.13112 -5.43112 -3.42006 -4.885 -0.0688776 100894 2.72342e+16 9.91267e-07 1.10745e-05 1.61039e-20 4.83224e-08 236151 0 0 4.05769e-15 0 0 0.0115079 0 0 0 0 0 0 1.71407e+10 1.71407e+10 1.71407e+10 1.71407e+10 
0.091 -2.1193 -5.4193 -3.40745 -4.87307 -0.0807027 103992 2.71641e+16 9.92225e-07 1.10708e-05 1.6612e-20 4.81818e-08 236854 0 0 4.19571e-15 0 0 0.0115079 0 0 0 0 0 0 1.76175e+10 1.76175e+10 1.76175e+10 1.76175e+10 
0.0915 -2.10744 -5.40744 -3.3948 -4.86111 -0.092563 107165 2.70944e+16 9.93183e-07 1.10671e-05 1.71328e-20 4.80424e-08 237556 0 0 4.33757e-15 0 0 0.0115079 0 0 0 0 0 0 1.81044e+10 1.81044e+10 1.81044e+10 1.81044e+10 
0.092 -2.09554 -5.39554 -3.38213 -4.84912 -0.104458 110414 2.70252e+16 9.94143e-07 1.10635e-05 1.76667e-20 4.79041e-08 238255 0 0 4.48336e-15 0 0 0.0115079 0 0 0 0 0 0 1.86016e+10 1.86016e+10 1.86016e+10 1.86016e+10 
0.0925 -2.08361 -5.38361 -3.36943 -4.83709 -0.116389 113739 2.69564e+16 9.95104e-07 1.106e-05 1.8214e-20 4.77669e-08 238953 0 0 4.63315e-15 0 0 0.0115079 0 0 0 0 0 0 1.9109e+10 1.9109e+10 1.9109e+10 1.9109e+10 
0.093 -2.07165 -5.37165 -3.3567 -4.82503 -0.128354 117143 2.68881e+16 9.96066e-07 1.10565e-05 1.87747e-20 4.76309e-08 239649 0 0 4.78703e-15 0 0 0.0115079 0 0 0 0 0 0 1.96269e+10 1.96269e+10 1.96269e+10 1.96269e+10 
0.0935 -2.05965 -5.35965 -3.34394 -4.81293 -0.140353 120627 2.68202e+16 9.97029e-07 1.10531e-05 1.93492e-20 4.7496e-08 240343 0 0 4.94508e-15 0 0 0.0115079 0 0 0 0 0 0 2.01554e+10 2.01554e+10 2.01554e+10 2.01554e+10 
0.094 -2.04761 -5.34761 -3.33115 -4.8008 -0.152388 124191 2.67527e+16 9.97993e-07 1.10498e-05 1.99377e-20 4.73621e-08 241035 0 0 5.1074e-15 0 0 0.0115079 0 0 0 0 0 0 2.06946e+10 2.06946e+10 2.06946e+10 2.06946e+10 
0.0945 -2.03554 -5.33554 -3.31833 -4.78863 -0.164457 127837 2.66857e+16 9.98958e-07 1.10465e-05 2.05405e-20 4.72294e-08 241726 0 0 5.27405e-15 0 0 0.0115079 0 0 0 0 0 0 2.12447e+10 2.12447e+10 2.12447e+10 2.12447e+10 
0.095 -2.02344 -5.32344 -3.30548 -4.77643 -0.176561 131566 2.66191e+16 9.99924e-07 1.10432e-05 2.11577e-20 4.70977e-08 242415 0 0 5.44514e-15 0 0 0.0115079 0 0 0 0 0 0 2.18057e+10 2.18057e+10 2.18057e+10 2.18057e+10 
0.0955 -2.0113 -5.3113 -3.2926 -4.7642 -0.188698 135380 2.65529e+16 1.00089e-06 1.104e-05 2.17897e-20 4.6967e-08 243102 0 0 5.62076e-15 0 0 0.0115079 0 0 0 0 0 0 2.2378e+10 2.2378e+10 2.2378e+10 2.2378e+10 
0.096 -1.99913 -5.29913 -3.27969 -4.75193 -0.200871 139280 2.64871e+16 1.00186e-06 1.10369e-05 2.24367e-20 4.68374e-08 243788 0 0 5.80098e-15 0 0 0.0115079 0 0 0 0 0 0 2.29615e+10 2.29615e+10 2.29615e+10 2.29615e+10 
0.0965 -1.98692 -5.28692 -3.26675 -4.73963 -0.213077 143267 2.64217e+16 1.00283e-06 1.10339e-05 2.3099e-20 4.67088e-08 244472 0 0 5.9859e-15 0 0 0.0115079 0 0 0 0 0 0 2.35564e+10 2.35564e+10 2.35564e+10 2.35564e+10 
0.097 -1.97468 -5.27468 -3.25378 -4.72729 -0.225318 147343 2.63567e+16 1.0038e-06 1.10309e-05 2.37767e-20 4.65812e-08 245154 0 0 6.17562e-15 0 0 0.0115079 0 0 0 0 0 0 2.41628e+10 2.41628e+10 2.41628e+10 2.41628e+10 
0.0975 -1.96241 -5.26241 -3.24078 -4.71492 -0.237593 151509 2.62921e+16 1.00477e-06 1.10279e-05 2.44702e-20 4.64546e-08 245834 0 0 6.37022e-15 0 0 0.0115079 0 0 0 0 0 0 2.4781e+10 2.4781e+10 2.4781e+10 2.4781e+10 
0.098 -1.9501 -5.2501 -3.22775 -4.70252 -0.249901 155765 2.62279e+16 1.00574e-06 1.1025e-05 2.51798e-20 4.6329e-08 246513 0 0 6.5698e-15 0 0 0.0115079 0 0 0 0 0 0 2.5411e+10 2.5411e+10 2.5411e+10 2.5411e+10 
0.0985 -1.93776 -5.23776 -3.21469 -4.69009 -0.262244 160115 2.61641e+16 1.00671e-06 1.10221e-05 2.59056e-20 4.62043e-08 247190 0 0 6.77445e-15 0 0 0.0115079 0 0 0 0 0 0 2.60529e+10 2.60529e+10 2.60529e+10 2.60529e+10 
0.099 -1.92538 -5.22538 -3.2016 -4.67762 -0.27462 164558 2.61007e+16 1.00769e-06 1.10194e-05 2.66479e-20 4.60806e-08 247866 0 0 6.98427e-15 0 0 0.0115079 0 0 0 0 0 0 2.67069e+10 2.67069e+10 2.67069e+10 2.67069e+10 
0.0995 -1.91297 -5.21297 -3.18849 -4.66511 -0.287031 169097 2.60377e+16 1.00866e-06 1.10166e-05 2.74071e-20 4.59579e-08 248540 0 0 7.19937e-15 0 0 0.0115079 0 0 0 0 0 0 2.73732e+10 2.73732e+10 2.73732e+10 2.73732e+10 
0.1 -1.90053 -5.20053 -3.17534 -4.65258 -0.299474 173732 2.5975e+16 1.00964e-06 1.10139e-05 2.81834e-20 4.58361e-08 249212 0 0 7.41983e-15 0 0 0.0115079 0 0 0 0 0 0 2.80519e+10 2.80519e+10 2.80519e+10 2.80519e+10 
0.1005 -1.88805 -5.18805 -3.16216 -4.64001 -0.311952 178466 2.59127e+16 1.01062e-06 1.10113e-05 2.8977e-20 4.57153e-08 249883 0 0 7.64575e-15 0 0 0.0115079 0 0 0 0 0 0 2.87431e+10 2.87431e+10 2.87431e+10 2.87431e+10 
0.101 -1.87554 -5.17554 -3.14896 -4.6274 -0.324463 183298 2.58508e+16 1.01159e-06 1.10087e-05 2.97882e-20 4.55953e-08 250552 0 0 7.87724e-15 0 0 0.0115079 0 0 0 0 0 0 2.9447e+10 2.9447e+10 2.9447e+10 2.9447e+10 
0.1015 -1.86299 -5.16299 -3.13572 -4.61477 -0.337007 188232 2.57892e+16 1.01257e-06 1.10062e-05 3.06173e-20 4.54763e-08 251219 0 0 8.1144e-15 0 0 0.0115079 0 0 0 0 0 0 3.01636e+10 3.01636e+10 3.01636e+10 3.01636e+10 
0.102 -1.85042 -5.15042 -3.12246 -4.6021 -0.349585 193268 2.5728e+16 1.01355e-06 1.10037e-05 3.14646e-20 4.53581e-08 251885 0 0 8.35733e-15 0 0 0.0115079 0 0 0 0 0 0 3.08933e+10 3.08933e+10 3.08933e+10 3.08933e+10 
0.1025 -1.8378 -5.1378 -3.10917 -4.5894 -0.362195 198407 2.56672e+16 1.01453e-06 1.10012e-05 3.23304e-20 4.52408e-08 252549 0 0 8.60614e-15 0 0 0.0115079 0 0 0 0 0 0 3.16359e+10 3.16359e+10 3.16359e+10 3.16359e+10 
0.103 -1.82516 -5.12516 -3.09584 -4.57666 -0.37484 203651 2.56067e+16 1.01551e-06 1.09989e-05 3.32149e-20 4.51244e-08 253212 0 0 8.86092e-15 0 0 0.0115079 0 0 0 0 0 0 3.23919e+10 3.23919e+10 3.23919e+10 3.23919e+10 
0.1035 -1.81248 -5.11248 -3.08249 -4.56389 -0.387517 209002 2.55466e+16 1.0165e-06 1.09965e-05 3.41184e-20 4.50089e-08 253873 0 0 9.12179e-15 0 0 0.0115079 0 0 0 0 0 0 3.31611e+10 3.31611e+10 3.31611e+10 3.31611e+10 
0.104 -1.79977 -5.09977 -3.06911 -4.55109 -0.400227 214461 2.54868e+16 1.01748e-06 1.09942e-05 3.50412e-20 4.48942e-08 254533 0 0 9.38885e-15 0 0 0.0115079 0 0 0 0 0 0 3.39439e+10 3.39439e+10 3.39439e+10 3.39439e+10 
0.1045 -1.78703 -5.08703 -3.0557 -4.53826 -0.41297 220029 2.54274e+16 1.01847e-06 1.0992e-05 3.59836e-20 4.47804e-08 255191 0 0 9.66222e-15 0 0 0.0115079 0 0 0 0 0 0 3.47403e+10 3.47403e+10 3.47403e+10 3.47403e+10 
0.105 -1.77425 -5.07425 -3.04226 -4.52539 -0.425746 225708 2.53683e+16 1.01945e-06 1.09898e-05 3.69459e-20 4.46673e-08 255848 0 0 9.942e-15 0 0 0.0115079 0 0 0 0 0 0 3.55505e+10 3.55505e+10 3.55505e+10 3.55505e+10 
0.1055 -1.76145 -5.06145 -3.0288 -4.5125 -0.438555 231499 2.53095e+16 1.02044e-06 1.09876e-05 3.79283e-20 4.45552e-08 256503 0 0 1.02283e-14 0 0 0.0115079 0 0 0 0 0 0 3.63747e+10 3.63747e+10 3.63747e+10 3.63747e+10 
0.106 -1.7486 -5.0486 -3.0153 -4.49957 -0.451396 237403 2.52511e+16 1.02142e-06 1.09855e-05 3.89312e-20 4.44438e-08 257156 0 0 1.05212e-14 0 0 0.0115079 0 0 0 0 0 0 3.72128e+10 3.72128e+10 3.72128e+10 3.72128e+10 
0.1065 -1.73573 -5.03573 -3.00178 -4.4866 -0.46427 243423 2.5193e+16 1.02241e-06 1.09835e-05 3.99549e-20 4.43332e-08 257808 0 0 1.08209e-14 0 0 0.0115079 0 0 0 0 0 0 3.80652e+10 3.80652e+10 3.80652e+10 3.80652e+10 
0.107 -1.72282 -5.02282 -2.98822 -4.47361 -0.477177 249559 2.51352e+16 1.0234e-06 1.09815e-05 4.09996e-20 4.42234e-08 258459 0 0 1.11274e-14 0 0 0.0115079 0 0 0 0 0 0 3.8932e+10 3.8932e+10 3.8932e+10 3.8932e+10 
0.1075 -1.70988 -5.00988 -2.97464 -4.46058 -0.490116 255814 2.50777e+16 1.02439e-06 1.09795e-05 4.20657e-20 4.41144e-08 259108 0 0 1.1441e-14 0 0 0.0115079 0 0 0 0 0 0 3.98132e+10 3.98132e+10 3.98132e+10 3.98132e+10 
0.108 -1.69691 -4.99691 -2.96103 -4.44752 -0.503088 262187 2.50206e+16 1.02538e-06 1.09776e-05 4.31534e-20 4.40062e-08 259755 0 0 1.17616e-14 0 0 0.0115079 0 0 0 0 0 0 4.07091e+10 4.07091e+10 4.07091e+10 4.07091e+10 
0.1085 -1.68391 -4.98391 -2.94739 -4.43443 -0.516092 268682 2.49638e+16 1.02637e-06 1.09757e-05 4.42631e-20 4.38988e-08 260401 0 0 1.20894e-14 0 0 0.0115079 0 0 0 0 0 0 4.16197e+10 4.16197e+10 4.16197e+10 4.16197e+10 
0.109 -1.67087 -4.97087 -2.93372 -4.42131 -0.529128 275300 2.49073e+16 1.02737e-06 1.09738e-05 4.53951e-20 4.37921e-08 261046 0 0 1.24245e-14 0 0 0.0115079 0 0 0 0 0 0 4.25452e+10 4.25452e+10 4.25452e+10 4.25452e+10 
0.1095 -1.6578 -4.9578 -2.92002 -4.40815 -0.542196 282041 2.48511e+16 1.02836e-06 1.09721e-05 4.65496e-20 4.36861e-08 261689 0 0 1.27671e-14 0 0 0.0115079 0 0 0 0 0 0 4.34858e+10 4.34858e+10 4.34858e+10 4.34858e+10 
0.11 -1.6447 -4.9447 -2.9063 -4.39497 -0.555297 288908 2.47952e+16 1.02936e-06 1.09703e-05 4.7727e-20 4.35809e-08 262331 0 0 1.31173e-14 0 0 0.0115079 0 0 0 0 0 0 4.44415e+10 4.44415e+10 4.44415e+10 4.44415e+10 
0.1105 -1.63157 -4.93157 -2.89254 -4.38175 -0.568429 295901 2.47396e+16 1.03035e-06 1.09686e-05 4.89276e-20 4.34765e-08 262971 0 0 1.34752e-14 0 0 0.0115079 0 0 0 0 0 0 4.54126e+10 4.54126e+10 4.54126e+10 4.54126e+10 
0.111 -1.61841 -4.91841 -2.87876 -4.3685 -0.581594 303023 2.46844e+16 1.03135e-06 1.09669e-05 5.01517e-20 4.33727e-08 263610 0 0 1.38408e-14 0 0 0.0115079 0 0 0 0 0 0 4.63992e+10 4.63992e+10 4.63992e+10 4.63992e+10 
0.1115 -1.60521 -4.90521 -2.86495 -4.35521 -0.59479 310276 2.46294e+16 1.03234e-06 1.09653e-05 5.13996e-20 4.32697e-08 264247 0 0 1.42144e-14 0 0 0.0115079 0 0 0 0 0 0 4.74013e+10 4.74013e+10 4.74013e+10 4.74013e+10 
0.112 -1.59198 -4.89198 -2.85111 -4.3419 -0.608019 317659 2.45747e+16 1.03334e-06 1.09637e-05 5.26717e-20 4.31674e-08 264883 0 0 1.45961e-14 0 0 0.0115079 0 0 0 0 0 0 4.84192e+10 4.84192e+10 4.84192e+10 4.84192e+10 
0.1125 -1.57872 -4.87872 -2.83724 -4.32856 -0.621279 325176 2.45203e+16 1.03434e-06 1.09622e-05 5.39682e-20 4.30658e-08 265517 0 0 1.49859e-14 0 0 0.0115079 0 0 0 0 0 0 4.9453e+10 4.9453e+10 4.9453e+10 4.9453e+10 
0.113 -1.56543 -4.86543 -2.82334 -4.31518 -0.63457 332827 2.44662e+16 1.03534e-06 1.09607e-05 5.52894e-20 4.29649e-08 266151 0 0 1.53841e-14 0 0 0.0115079 0 0 0 0 0 0 5.05028e+10 5.05028e+10 5.05028e+10 5.05028e+10 
0.1135 -1.55211 -4.85211 -2.80942 -4.30177 -0.647894 340615 2.44124e+16 1.03634e-06 1.09592e-05 5.66358e-20 4.28647e-08 266782 0 0 1.57907e-14 0 0 0.0115079 0 0 0 0 0 0 5.15688e+10 5.15688e+10 5.15688e+10 5.15688e+10 
0.114 -1.53875 -4.83875 -2.79546 -4.28833 -0.661249 348540 2.43589e+16 1.03734e-06 1.09578e-05 5.80076e-20 4.27651e-08 267413 0 0 1.62059e-14 0 0 0.0115079 0 0 0 0 0 0 5.26511e+10 5.26511e+10 5.26511e+10 5.26511e+10 
0.1145 -1.52537 -4.82537 -2.78148 -4.27486 -0.674635 356604 2.43056e+16 1.03834e-06 1.09564e-05 5.94051e-20 4.26663e-08 268042 0 0 1.66298e-14 0 0 0.0115079 0 0 0 0 0 0 5.37498e+10 5.37498e+10 5.37498e+10 5.37498e+10 
0.115 -1.51195 -4.81195 -2.76747 -4.26136 -0.688053 364809 2.42527e+16 1.03935e-06 1.0955e-05 6.08287e-20 4.25681e-08 268669 0 0 1.70626e-14 0 0 0.0115079 0 0 0 0 0 0 5.48651e+10 5.48651e+10 5.48651e+10 5.48651e+10 
0.1155 -1.4985 -4.7985 -2.75344 -4.24783 -0.701502 373156 2.42e+16 1.04035e-06 1.09537e-05 6.22787e-20 4.24705e-08 269296 0 0 1.75043e-14 0 0 0.0115079 0 0 0 0 0 0 5.59972e+10 5.59972e+10 5.59972e+10 5.59972e+10 
0.116 -1.48502 -4.78502 -2.73937 -4.23426 -0.714982 381647 2.41476e+16 1.04136e-06 1.09525e-05 6.37555e-20 4.23736e-08 269921 0 0 1.79551e-14 0 0 0.0115079 0 0 0 0 0 0 5.7146e+10 5.7146e+10 5.7146e+10 5.7146e+10 
0.1165 -1.47151 -4.77151 -2.72528 -4.22067 -0.728494 390283 2.40955e+16 1.04236e-06 1.09512e-05 6.52593e-20 4.22774e-08 270544 0 0 1.84151e-14 0 0 0.0115079 0 0 0 0 0 0 5.83119e+10 5.83119e+10 5.83119e+10 5.83119e+10 
0.117 -1.45796 -4.75796 -2.71115 -4.20704 -0.742037 399066 2.40436e+16 1.04337e-06 1.095e-05 6.67905e-20 4.21818e-08 271166 0 0 1.88846e-14 0 0 0.0115079 0 0 0 0 0 0 5.94949e+10 5.94949e+10 5.94949e+10 5.94949e+10 
0.1175 -1.44439 -4.74439 -2.697 -4.19339 -0.755611 407998 2.3992e+16 1.04438e-06 1.09489e-05 6.83494e-20 4.20868e-08 271787 0 0 1.93635e-14 0 0 0.0115079 0 0 0 0 0 0 6.06952e+10 6.06952e+10 6.06952e+10 6.06952e+10 
0.118 -1.43078 -4.73078 -2.68283 -4.1797 -0.769215 417080 2.39407e+16 1.04538e-06 1.09477e-05 6.99364e-20 4.19924e-08 272407 0 0 1.98521e-14 0 0 0.0115079 0 0 0 0 0 0 6.19129e+10 6.19129e+10 6.19129e+10 6.19129e+10 
0.1185 -1.41715 -4.71715 -2.66862 -4.16598 -0.782851 426313 2.38896e+16 1.04639e-06 1.09467e-05 7.15518e-20 4.18987e-08 273025 0 0 2.03505e-14 0 0 0.0115079 0 0 0 0 0 0 6.31481e+10 6.31481e+10 6.31481e+10 6.31481e+10 
0.119 -1.40348 -4.70348 -2.65439 -4.15224 -0.796518 435700 2.38388e+16 1.0474e-06 1.09456e-05 7.3196e-20 4.18056e-08 273642 0 0 2.08588e-14 0 0 0.0115079 0 0 0 0 0 0 6.4401e+10 6.4401e+10 6.4401e+10 6.4401e+10 
0.1195 -1.38978 -4.68978 -2.64013 -4.13846 -0.810215 445241 2.37882e+16 1.04841e-06 1.09446e-05 7.48692e-20 4.17131e-08 274257 0 0 2.13772e-14 0 0 0.0115079 0 0 0 0 0 0 6.56718e+10 6.56718e+10 6.56718e+10 6.56718e+10 
0.12 -1.37606 -4.67606 -2.62584 -4.12465 -0.823944 454938 2.37379e+16 1.04943e-06 1.09436e-05 7.65719e-20 4.16211e-08 274872 0 0 2.19058e-14 0 0 0.0115079 0 0 0 0 0 0 6.69604e+10 6.69604e+10 6.69604e+10 6.69604e+10 
0.1205 -1.3623 -4.6623 -2.61152 -4.11081 -0.837703 464794 2.36879e+16 1.05044e-06 1.09427e-05 7.83043e-20 4.15298e-08 275485 0 0 2.24448e-14 0 0 0.0115079 0 0 0 0 0 0 6.82672e+10 6.82672e+10 6.82672e+10 6.82672e+10 
0.121 -1.34851 -4.64851 -2.59718 -4.09694 -0.851492 474809 2.36381e+16 1.05145e-06 1.09418e-05 8.00669e-20 4.14391e-08 276096 0 0 2.29943e-14 0 0 0.0115079 0 0 0 0 0 0 6.95922e+10 6.95922e+10 6.95922e+10 6.95922e+10 
0.1215 -1.33469 -4.63469 -2.58281 -4.08304 -0.865312 484985 2.35886e+16 1.05247e-06 1.09409e-05 8.186e-20 4.13489e-08 276707 0 0 2.35544e-14 0 0 0.0115079 0 0 0 0 0 0 7.09355e+10 7.09355e+10 7.09355e+10 7.09355e+10 
0.122 -1.32084 -4.62084 -2.56841 -4.06911 -0.879163 495324 2.35393e+16 1.05348e-06 1.094e-05 8.36839e-20 4.12593e-08 277316 0 0 2.41253e-14 0 0 0.0115079 0 0 0 0 0 0 7.22974e+10 7.22974e+10 7.22974e+10 7.22974e+10 
0.1225 -1.30696 -4.60696 -2.55398 -4.05515 -0.893044 505827 2.34902e+16 1.0545e-06 1.09392e-05 8.5539e-20 4.11703e-08 277924 0 0 2.47072e-14 0 0 0.0115079 0 0 0 0 0 0 7.36778e+10 7.36778e+10 7.36778e+10 7.36778e+10 
0.123 -1.29304 -4.59304 -2.53953 -4.04115 -0.906955 516496 2.34414e+16 1.05551e-06 1.09385e-05 8.74256e-20 4.10819e-08 278530 0 0 2.53002e-14 0 0 0.0115079 0 0 0 0 0 0 7.5077e+10 7.5077e+10 7.5077e+10 7.5077e+10 
0.1235 -1.2791 -4.5791 -2.52504 -4.02713 -0.920897 527333 2.33928e+16 1.05653e-06 1.09377e-05 8.93441e-20 4.0994e-08 279136 0 0 2.59044e-14 0 0 0.0115079 0 0 0 0 0 0 7.64952e+10 7.64952e+10 7.64952e+10 7.64952e+10 
0.124 -1.26513 -4.56513 -2.51053 -4.01308 -0.934869 538338 2.33445e+16 1.05755e-06 1.0937e-05 9.12948e-20 4.09066e-08 279740 0 0 2.652e-14 0 0 0.0115079 0 0 0 0 0 0 7.79323e+10 7.79323e+10 7.79323e+10 7.79323e+10 
0.1245 -1.25113 -4.55113 -2.496 -3.999 -0.948871 549514 2.32964e+16 1.05857e-06 1.09363e-05 9.32782e-20 4.08198e-08 280343 0 0 2.71472e-14 0 0 0.0115079 0 0 0 0 0 0 7.93886e+10 7.93886e+10 7.93886e+10 7.93886e+10 
0.125 -1.2371 -4.5371 -2.48143 -3.98489 -0.962903 560862 2.32485e+16 1.05958e-06 1.09357e-05 9.52945e-20 4.07336e-08 280944 0 0 2.77861e-14 0 0 0.0115079 0 0 0 0 0 0 8.08642e+10 8.08642e+10 8.08642e+10 8.08642e+10 
0.1255 -1.22303 -4.52303 -2.46684 -3.97075 -0.976965 572385 2.32009e+16 1.06061e-06 1.09351e-05 9.73441e-20 4.06479e-08 281545 0 0 2.84368e-14 0 0 0.0115079 0 0 0 0 0 0 8.23592e+10 8.23592e+10 8.23592e+10 8.23592e+10 
0.126 -1.20894 -4.50894 -2.45222 -3.95658 -0.991057 584082 2.31535e+16 1.06163e-06 1.09345e-05 9.94274e-20 4.05627e-08 282144 0 0 2.90996e-14 0 0 0.0115079 0 0 0 0 0 0 8.38737e+10 8.38737e+10 8.38737e+10 8.38737e+10 
0.1265 -1.19482 -4.49482 -2.43758 -3.94238 -1.00518 595957 2.31064e+16 1.06265e-06 1.0934e-05 1.01545e-19 4.0478e-08 282742 0 0 2.97745e-14 0 0 0.0115079 0 0 0 0 0 0 8.5408e+10 8.5408e+10 8.5408e+10 8.5408e+10 
0.127 -1.18067 -4.48067 -2.42291 -3.92815 -1.01933 608010 2.30594e+16 1.06367e-06 1.09334e-05 1.03697e-19 4.03939e-08 283338 0 0 3.04618e-14 0 0 0.0115079 0 0 0 0 0 0 8.6962e+10 8.6962e+10 8.6962e+10 8.6962e+10 
0.1275 -1.16649 -4.46649 -2.4082 -3.91389 -1.03351 620244 2.30127e+16 1.06469e-06 1.0933e-05 1.05883e-19 4.03102e-08 283934 0 0 3.11615e-14 0 0 0.0115079 0 0 0 0 0 0 8.8536e+10 8.8536e+10 8.8536e+10 8.8536e+10 
0.128 -1.15228 -4.45228 -2.39348 -3.8996 -1.04772 632659 2.29662e+16 1.06572e-06 1.09325e-05 1.08105e-19 4.02271e-08 284528 0 0 3.18739e-14 0 0 0.0115079 0 0 0 0 0 0 9.013e+10 9.013e+10 9.013e+10 9.013e+10 
0.1285 -1.13803 -4.43803 -2.37872 -3.88528 -1.06197 645258 2.29199e+16 1.06674e-06 1.09321e-05 1.10362e-19 4.01445e-08 285121 0 0 3.25991e-14 0 0 0.0115079 0 0 0 0 0 0 9.17443e+10 9.17443e+10 9.17443e+10 9.17443e+10 
0.129 -1.12376 -4.42376 -2.36394 -3.87094 -1.07624 658042 2.28739e+16 1.06777e-06 1.09317e-05 1.12655e-19 4.00624e-08 285713 0 0 3.33373e-14 0 0 0.0115079 0 0 0 0 0 0 9.33789e+10 9.33789e+10 9.33789e+10 9.33789e+10 
0.1295 -1.10946 -4.40946 -2.34913 -3.85656 -1.09054 671013 2.2828e+16 1.0688e-06 1.09313e-05 1.14984e-19 3.99808e-08 286304 0 0 3.40886e-14 0 0 0.0115079 0 0 0 0 0 0 9.50339e+10 9.50339e+10 9.50339e+10 9.50339e+10 
0.13 -1.09513 -4.39513 -2.3343 -3.84215 -1.10487 684172 2.27824e+16 1.06982e-06 1.0931e-05 1.1735e-19 3.98997e-08 286893 0 0 3.48532e-14 0 0 0.0115079 0 0 0 0 0 0 9.67095e+10 9.67095e+10 9.67095e+10 9.67095e+10 
0.1305 -1.08077 -4.38077 -2.31944 -3.82772 -1.11923 697521 2.2737e+16 1.07085e-06 1.09307e-05 1.19753e-19 3.98191e-08 287482 0 0 3.56313e-14 0 0 0.0115079 0 0 0 0 0 0 9.84059e+10 9.84059e+10 9.84059e+10 9.84059e+10 
0.131 -1.06638 -4.36638 -2.30455 -3.81325 -1.13362 711062 2.26918e+16 1.07188e-06 1.09304e-05 1.22194e-19 3.97389e-08 288069 0 0 3.6423e-14 0 0 0.0115079 0 0 0 0 0 0 1.00123e+11 1.00123e+11 1.00123e+11 1.00123e+11 
0.1315 -1.05197 -4.35197 -2.28963 -3.79876 -1.14803 724795 2.26468e+16 1.07291e-06 1.09302e-05 1.24672e-19 3.96592e-08 288655 0 0 3.72285e-14 0 0 0.0115079 0 0 0 0 0 0 1.01861e+11 1.01861e+11 1.01861e+11 1.01861e+11 
0.132 -1.03752 -4.33752 -2.27469 -3.78423 -1.16248 738724 2.26021e+16 1.07394e-06 1.09299e-05 1.27188e-19 3.958e-08 289240 0 0 3.80479e-14 0 0 0.0115079 0 0 0 0 0 0 1.0362e+11 1.0362e+11 1.0362e+11 1.0362e+11 
0.1325 -1.02304 -4.32304 -2.25972 -3.76968 -1.17696 752848 2.25575e+16 1.07497e-06 1.09297e-05 1.29743e-19 3.95013e-08 289823 0 0 3.88815e-14 0 0 0.0115079 0 0 0 0 0 0 1.05401e+11 1.05401e+11 1.05401e+11 1.05401e+11 
0.133 -1.00854 -4.30854 -2.24472 -3.7551 -1.19146 767171 2.25131e+16 1.076e-06 1.09296e-05 1.32336e-19 3.9423e-08 290406 0 0 3.97294e-14 0 0 0.0115079 0 0 0 0 0 0 1.07203e+11 1.07203e+11 1.07203e+11 1.07203e+11 
0.1335 -0.994002 -4.294 -2.2297 -3.74049 -1.206 781693 2.2469e+16 1.07703e-06 1.09295e-05 1.34969e-19 3.93452e-08 290987 0 0 4.05918e-14 0 0 0.0115079 0 0 0 0 0 0 1.09026e+11 1.09026e+11 1.09026e+11 1.09026e+11 
0.134 -0.979438 -4.27944 -2.21465 -3.72585 -1.22056 796417 2.2425e+16 1.07807e-06 1.09294e-05 1.37642e-19 3.92679e-08 291568 0 0 4.14688e-14 0 0 0.0115079 0 0 0 0 0 0 1.10871e+11 1.10871e+11 1.10871e+11 1.10871e+11 
0.1345 -0.964845 -4.26484 -2.19957 -3.71119 -1.23516 811343 2.23812e+16 1.0791e-06 1.09293e-05 1.40354e-19 3.9191e-08 292147 0 0 4.23606e-14 0 0 0.0115079 0 0 0 0 0 0 1.12737e+11 1.12737e+11 1.12737e+11 1.12737e+11 
0.135 -0.950223 -4.25022 -2.18447 -3.69649 -1.24978 826473 2.23377e+16 1.08014e-06 1.09292e-05 1.43107e-19 3.91145e-08 292725 0 0 4.32675e-14 0 0 0.0115079 0 0 0 0 0 0 1.14625e+11 1.14625e+11 1.14625e+11 1.14625e+11 
0.1355 -0.935573 -4.23557 -2.16934 -3.68177 -1.26443 841810 2.22943e+16 1.08117e-06 1.09292e-05 1.45901e-19 3.90385e-08 293301 0 0 4.41895e-14 0 0 0.0115079 0 0 0 0 0 0 1.16536e+11 1.16536e+11 1.16536e+11 1.16536e+11 
0.136 -0.920893 -4.22089 -2.15419 -3.66701 -1.27911 857354 2.22512e+16 1.08221e-06 1.09292e-05 1.48736e-19 3.89629e-08 293877 0 0 4.51268e-14 0 0 0.0115079 0 0 0 0 0 0 1.18468e+11 1.18468e+11 1.18468e+11 1.18468e+11 
0.1365 -0.906185 -4.20618 -2.139 -3.65223 -1.29382 873108 2.22082e+16 1.08324e-06 1.09292e-05 1.51612e-19 3.88878e-08 294452 0 0 4.60797e-14 0 0 0.0115079 0 0 0 0 0 0 1.20422e+11 1.20422e+11 1.20422e+11 1.20422e+11 
0.137 -0.891448 -4.19145 -2.12379 -3.63742 -1.30855 889072 2.21654e+16 1.08428e-06 1.09293e-05 1.54531e-19 3.88131e-08 295025 0 0 4.70482e-14 0 0 0.0115079 0 0 0 0 0 0 1.22399e+11 1.22399e+11 1.22399e+11 1.22399e+11 
0.1375 -0.876682 -4.17668 -2.10856 -3.62258 -1.32332 905248 2.21228e+16 1.08532e-06 1.09294e-05 1.57491e-19 3.87388e-08 295598 0 0 4.80326e-14 0 0 0.0115079 0 0 0 0 0 0 1.24398e+11 1.24398e+11 1.24398e+11 1.24398e+11 
0.138 -0.861888 -4.16189 -2.0933 -3.60771 -1.33811 921639 2.20804e+16 1.08636e-06 1.09295e-05 1.60495e-19 3.86649e-08 296169 0 0 4.90331e-14 0 0 0.0115079 0 0 0 0 0 0 1.2642e+11 1.2642e+11 1.2642e+11 1.2642e+11 
0.1385 -0.847065 -4.14707 -2.07801 -3.59282 -1.35293 938245 2.20382e+16 1.0874e-06 1.09296e-05 1.63542e-19 3.85915e-08 296739 0 0 5.00499e-14 0 0 0.0115079 0 0 0 0 0 0 1.28464e+11 1.28464e+11 1.28464e+11 1.28464e+11 
0.139 -0.832214 -4.13221 -2.0627 -3.57789 -1.36779 955069 2.19962e+16 1.08844e-06 1.09298e-05 1.66632e-19 3.85185e-08 297309 0 0 5.1083e-14 0 0 0.0115079 0 0 0 0 0 0 1.30532e+11 1.30532e+11 1.30532e+11 1.30532e+11 
0.1395 -0.817334 -4.11733 -2.04736 -3.56294 -1.38267 972111 2.19543e+16 1.08948e-06 1.093e-05 1.69766e-19 3.84459e-08 297877 0 0 5.21327e-14 0 0 0.0115079 0 0 0 0 0 0 1.32622e+11 1.32622e+11 1.32622e+11 1.32622e+11 
0.14 -0.802426 -4.10243 -2.03199 -3.54796 -1.39757 989374 2.19127e+16 1.09052e-06 1.09302e-05 1.72944e-19 3.83737e-08 298444 0 0 5.31993e-14 0 0 0.0115079 0 0 0 0 0 0 1.34735e+11 1.34735e+11 1.34735e+11 1.34735e+11 
0.1405 -0.78749 -4.08749 -2.0166 -3.53295 -1.41251 1.00686e+06 2.18712e+16 1.09157e-06 1.09304e-05 1.76168e-19 3.83019e-08 299010 0 0 5.42828e-14 0 0 0.0115079 0 0 0 0 0 0 1.36871e+11 1.36871e+11 1.36871e+11 1.36871e+11 
0.141 -0.772526 -4.07253 -2.00118 -3.51792 -1.42747 1.02457e+06 2.18299e+16 1.09261e-06 1.09307e-05 1.79436e-19 3.82305e-08 299574 0 0 5.53834e-14 0 0 0.0115079 0 0 0 0 0 0 1.3903e+11 1.3903e+11 1.3903e+11 1.3903e+11 
0.1415 -0.757533 -4.05753 -1.98573 -3.50285 -1.44247 1.0425e+06 2.17888e+16 1.09365e-06 1.0931e-05 1.8275e-19 3.81595e-08 300138 0 0 5.65014e-14 0 0 0.0115079 0 0 0 0 0 0 1.41213e+11 1.41213e+11 1.41213e+11 1.41213e+11 
0.142 -0.742512 -4.04251 -1.97026 -3.48776 -1.45749 1.06066e+06 2.17479e+16 1.0947e-06 1.09313e-05 1.86109e-19 3.80889e-08 300701 0 0 5.76369e-14 0 0 0.0115079 0 0 0 0 0 0 1.43419e+11 1.43419e+11 1.43419e+11 1.43419e+11 
0.1425 -0.727463 -4.02746 -1.95477 -3.47264 -1.47254 1.07905e+06 2.17071e+16 1.09574e-06 1.09316e-05 1.89515e-19 3.80187e-08 301263 0 0 5.87901e-14 0 0 0.0115079 0 0 0 0 0 0 1.45649e+11 1.45649e+11 1.45649e+11 1.45649e+11 
0.143 -0.712385 -4.01239 -1.93924 -3.45749 -1.48761 1.09767e+06 2.16665e+16 1.09679e-06 1.0932e-05 1.92968e-19 3.79488e-08 301823 0 0 5.99612e-14 0 0 0.0115079 0 0 0 0 0 0 1.47902e+11 1.47902e+11 1.47902e+11 1.47902e+11 
0.1435 -0.69728 -3.99728 -1.9237 -3.44231 -1.50272 1.11652e+06 2.16261e+16 1.09784e-06 1.09324e-05 1.96467e-19 3.78794e-08 302383 0 0 6.11504e-14 0 0 0.0115079 0 0 0 0 0 0 1.5018e+11 1.5018e+11 1.5018e+11 1.5018e+11 
0.144 -0.682147 -3.98215 -1.90812 -3.42711 -1.51785 1.1356e+06 2.15859e+16 1.09888e-06 1.09328e-05 2.00015e-19 3.78103e-08 302941 0 0 6.23579e-14 0 0 0.0115079 0 0 0 0 0 0 1.52481e+11 1.52481e+11 1.52481e+11 1.52481e+11 
0.1445 -0.666986 -3.96699 -1.89252 -3.41188 -1.53301 1.15492e+06 2.15458e+16 1.09993e-06 1.09332e-05 2.0361e-19 3.77416e-08 303499 0 0 6.35839e-14 0 0 0.0115079 0 0 0 0 0 0 1.54806e+11 1.54806e+11 1.54806e+11 1.54806e+11 
0.145 -0.651797 -3.9518 -1.8769 -3.39662 -1.5482 1.17447e+06 2.15059e+16 1.10098e-06 1.09336e-05 2.07253e-19 3.76733e-08 304055 0 0 6.48286e-14 0 0 0.0115079 0 0 0 0 0 0 1.57155e+11 1.57155e+11 1.57155e+11 1.57155e+11 
0.1455 -0.636581 -3.93658 -1.86124 -3.38133 -1.56342 1.19427e+06 2.14662e+16 1.10203e-06 1.09341e-05 2.10945e-19 3.76054e-08 304611 0 0 6.6092e-14 0 0 0.0115079 0 0 0 0 0 0 1.59528e+11 1.59528e+11 1.59528e+11 1.59528e+11 
0.146 -0.621336 -3.92134 -1.84557 -3.36602 -1.57866 1.2143e+06 2.14267e+16 1.10308e-06 1.09346e-05 2.14686e-19 3.75378e-08 305165 0 0 6.73746e-14 0 0 0.0115079 0 0 0 0 0 0 1.61926e+11 1.61926e+11 1.61926e+11 1.61926e+11 
0.1465 -0.606064 -3.90606 -1.82986 -3.35067 -1.59394 1.23457e+06 2.13873e+16 1.10413e-06 1.09351e-05 2.18477e-19 3.74706e-08 305718 0 0 6.86764e-14 0 0 0.0115079 0 0 0 0 0 0 1.64348e+11 1.64348e+11 1.64348e+11 1.64348e+11 
0.147 -0.590764 -3.89076 -1.81413 -3.3353 -1.60924 1.25509e+06 2.13481e+16 1.10518e-06 1.09357e-05 2.22318e-19 3.74037e-08 306271 0 0 6.99976e-14 0 0 0.0115079 0 0 0 0 0 0 1.66795e+11 1.66795e+11 1.66795e+11 1.66795e+11 
0.1475 -0.575437 -3.87544 -1.79838 -3.31991 -1.62456 1.27584e+06 2.1309e+16 1.10623e-06 1.09363e-05 2.26208e-19 3.73373e-08 306822 0 0 7.13385e-14 0 0 0.0115079 0 0 0 0 0 0 1.69266e+11 1.69266e+11 1.69266e+11 1.69266e+11 
0.148 -0.560082 -3.86008 -1.7826 -3.30448 -1.63992 1.29685e+06 2.12701e+16 1.10729e-06 1.09369e-05 2.3015e-19 3.72711e-08 307372 0 0 7.26992e-14 0 0 0.0115079 0 0 0 0 0 0 1.71763e+11 1.71763e+11 1.71763e+11 1.71763e+11 
0.1485 -0.5447 -3.8447 -1.76679 -3.28903 -1.6553 1.3181e+06 2.12314e+16 1.10834e-06 1.09375e-05 2.34143e-19 3.72053e-08 307922 0 0 7.408e-14 0 0 0.0115079 0 0 0 0 0 0 1.74284e+11 1.74284e+11 1.74284e+11 1.74284e+11 
0.149 -0.52929 -3.82929 -1.75096 -3.27355 -1.67071 1.3396e+06 2.11928e+16 1.10939e-06 1.09381e-05 2.38187e-19 3.71399e-08 308470 0 0 7.5481e-14 0 0 0.0115079 0 0 0 0 0 0 1.76829e+11 1.76829e+11 1.76829e+11 1.76829e+11 
0.1495 -0.513853 -3.81385 -1.7351 -3.25805 -1.68615 1.36135e+06 2.11544e+16 1.11045e-06 1.09388e-05 2.42283e-19 3.70748e-08 309017 0 0 7.69024e-14 0 0 0.0115079 0 0 0 0 0 0 1.794e+11 1.794e+11 1.794e+11 1.794e+11 
0.15 -0.498388 -3.79839 -1.71922 -3.24251 -1.70161 1.38336e+06 2.11161e+16 1.11151e-06 1.09394e-05 2.46432e-19 3.70101e-08 309564 0 0 7.83444e-14 0 0 0.0115079 0 0 0 0 0 0 1.81996e+11 1.81996e+11 1.81996e+11 1.81996e+11 
0.1505 -0.482896 -3.7829 -1.70332 -3.22695 -1.7171 1.40561e+06 2.1078e+16 1.11256e-06 1.09401e-05 2.50633e-19 3.69457e-08 310109 0 0 7.98073e-14 0 0 0.0115079 0 0 0 0 0 0 1.84618e+11 1.84618e+11 1.84618e+11 1.84618e+11 
0.151 -0.467377 -3.76738 -1.68738 -3.21137 -1.73262 1.42812e+06 2.10401e+16 1.11362e-06 1.09409e-05 2.54888e-19 3.68816e-08 310653 0 0 8.12912e-14 0 0 0.0115079 0 0 0 0 0 0 1.87264e+11 1.87264e+11 1.87264e+11 1.87264e+11 
0.1515 -0.451831 -3.75183 -1.67142 -3.19575 -1.74817 1.45089e+06 2.10023e+16 1.11468e-06 1.09416e-05 2.59196e-19 3.68179e-08 311197 0 0 8.27964e-14 0 0 0.0115079 0 0 0 0 0 0 1.89937e+11 1.89937e+11 1.89937e+11 1.89937e+11 
0.152 -0.436258 -3.73626 -1.65544 -3.18011 -1.76374 1.47392e+06 2.09647e+16 1.11573e-06 1.09424e-05 2.63558e-19 3.67545e-08 311739 0 0 8.4323e-14 0 0 0.0115079 0 0 0 0 0 0 1.92634e+11 1.92634e+11 1.92634e+11 1.92634e+11 
0.1525 -0.420657 -3.72066 -1.63943 -3.16444 -1.77934 1.4972e+06 2.09272e+16 1.11679e-06 1.09432e-05 2.67974e-19 3.66914e-08 312281 0 0 8.58713e-14 0 0 0.0115079 0 0 0 0 0 0 1.95358e+11 1.95358e+11 1.95358e+11 1.95358e+11 
0.153 -0.40503 -3.70503 -1.6234 -3.14874 -1.79497 1.52075e+06 2.08899e+16 1.11785e-06 1.0944e-05 2.72445e-19 3.66287e-08 312821 0 0 8.74414e-14 0 0 0.0115079 0 0 0 0 0 0 1.98107e+11 1.98107e+11 1.98107e+11 1.98107e+11 
0.1535 -0.389375 -3.68938 -1.60734 -3.13302 -1.81062 1.54455e+06 2.08527e+16 1.11891e-06 1.09448e-05 2.76972e-19 3.65662e-08 313361 0 0 8.90336e-14 0 0 0.0115079 0 0 0 0 0 0 2.00881e+11 2.00881e+11 2.00881e+11 2.00881e+11 
0.154 -0.373694 -3.67369 -1.59125 -3.11727 -1.82631 1.56863e+06 2.08157e+16 1.11997e-06 1.09456e-05 2.81554e-19 3.65041e-08 313899 0 0 9.0648e-14 0 0 0.0115079 0 0 0 0 0 0 2.03682e+11 2.03682e+11 2.03682e+11 2.03682e+11 
0.1545 -0.357985 -3.65799 -1.57514 -3.1015 -1.84201 1.59297e+06 2.07788e+16 1.12103e-06 1.09465e-05 2.86192e-19 3.64424e-08 314437 0 0 9.22849e-14 0 0 0.0115079 0 0 0 0 0 0 2.06509e+11 2.06509e+11 2.06509e+11 2.06509e+11 
0.155 -0.34225 -3.64225 -1.55901 -3.0857 -1.85775 1.61757e+06 2.07421e+16 1.1221e-06 1.09474e-05 2.90886e-19 3.63809e-08 314974 0 0 9.39445e-14 0 0 0.0115079 0 0 0 0 0 0 2.09362e+11 2.09362e+11 2.09362e+11 2.09362e+11 
0.1555 -0.326488 -3.62649 -1.54285 -3.06987 -1.87351 1.64244e+06 2.07055e+16 1.12316e-06 1.09483e-05 2.95638e-19 3.63197e-08 315509 0 0 9.5627e-14 0 0 0.0115079 0 0 0 0 0 0 2.12241e+11 2.12241e+11 2.12241e+11 2.12241e+11 
0.156 -0.310699 -3.6107 -1.52667 -3.05401 -1.8893 1.66759e+06 2.06691e+16 1.12422e-06 1.09492e-05 3.00447e-19 3.62589e-08 316044 0 0 9.73326e-14 0 0 0.0115079 0 0 0 0 0 0 2.15147e+11 2.15147e+11 2.15147e+11 2.15147e+11 
0.1565 -0.294883 -3.59488 -1.51046 -3.03813 -1.90512 1.693e+06 2.06328e+16 1.12529e-06 1.09502e-05 3.05313e-19 3.61984e-08 316578 0 0 9.90615e-14 0 0 0.0115079 0 0 0 0 0 0 2.18078e+11 2.18078e+11 2.18078e+11 2.18078e+11 
0.157 -0.279041 -3.57904 -1.49422 -3.02222 -1.92096 1.71869e+06 2.05966e+16 1.12635e-06 1.09511e-05 3.10238e-19 3.61381e-08 317111 0 0 1.00814e-13 0 0 0.0115079 0 0 0 0 0 0 2.21037e+11 2.21037e+11 2.21037e+11 2.21037e+11 
0.1575 -0.263172 -3.56317 -1.47796 -3.00628 -1.93683 1.74465e+06 2.05606e+16 1.12742e-06 1.09521e-05 3.15221e-19 3.60782e-08 317643 0 0 1.0259e-13 0 0 0.0115079 0 0 0 0 0 0 2.24021e+11 2.24021e+11 2.24021e+11 2.24021e+11 
0.158 -0.247277 -3.54728 -1.46168 -2.99032 -1.95272 1.77089e+06 2.05248e+16 1.12848e-06 1.09531e-05 3.20263e-19 3.60186e-08 318174 0 0 1.0439e-13 0 0 0.0115079 0 0 0 0 0 0 2.27033e+11 2.27033e+11 2.27033e+11 2.27033e+11 
0.1585 -0.231355 -3.53135 -1.44537 -2.97433 -1.96865 1.79741e+06 2.0489e+16 1.12955e-06 1.09542e-05 3.25364e-19 3.59593e-08 318704 0 0 1.06214e-13 0 0 0.0115079 0 0 0 0 0 0 2.30071e+11 2.30071e+11 2.30071e+11 2.30071e+11 
0.159 -0.215406 -3.51541 -1.42903 -2.95832 -1.98459 1.8242e+06 2.04535e+16 1.13062e-06 1.09552e-05 3.30525e-19 3.59003e-08 319233 0 0 1.08063e-13 0 0 0.0115079 0 0 0 0 0 0 2.33136e+11 2.33136e+11 2.33136e+11 2.33136e+11 
0.1595 -0.199432 -3.49943 -1.41268 -2.94228 -2.00057 1.85128e+06 2.0418e+16 1.13168e-06 1.09563e-05 3.35746e-19 3.58415e-08 319761 0 0 1.09936e-13 0 0 0.0115079 0 0 0 0 0 0 2.36228e+11 2.36228e+11 2.36228e+11 2.36228e+11 
0.16 -0.18343 -3.48343 -1.39629 -2.92621 -2.01657 1.87864e+06 2.03827e+16 1.13275e-06 1.09573e-05 3.41028e-19 3.57831e-08 320289 0 0 1.11834e-13 0 0 0.0115079 0 0 0 0 0 0 2.39347e+11 2.39347e+11 2.39347e+11 2.39347e+11 
0.1605 -0.167403 -3.4674 -1.37988 -2.91012 -2.0326 1.90628e+06 2.03476e+16 1.13382e-06 1.09584e-05 3.46371e-19 3.57249e-08 320815 0 0 1.13757e-13 0 0 0.0115079 0 0 0 0 0 0 2.42493e+11 2.42493e+11 2.42493e+11 2.42493e+11 
0.161 -0.151349 -3.45135 -1.36345 -2.894 -2.04865 1.9342e+06 2.03125e+16 1.13489e-06 1.09596e-05 3.51775e-19 3.56671e-08 321341 0 0 1.15706e-13 0 0 0.0115079 0 0 0 0 0 0 2.45666e+11 2.45666e+11 2.45666e+11 2.45666e+11 
0.1615 -0.135269 -3.43527 -1.34699 -2.87785 -2.06473 1.96241e+06 2.02776e+16 1.13596e-06 1.09607e-05 3.57241e-19 3.56095e-08 321865 0 0 1.17679e-13 0 0 0.0115079 0 0 0 0 0 0 2.48867e+11 2.48867e+11 2.48867e+11 2.48867e+11 
0.162 -0.119162 -3.41916 -1.33051 -2.86168 -2.08084 1.99091e+06 2.02429e+16 1.13703e-06 1.09619e-05 3.6277e-19 3.55522e-08 322389 0 0 1.19679e-13 0 0 0.0115079 0 0 0 0 0 0 2.52094e+11 2.52094e+11 2.52094e+11 2.52094e+11 
0.1625 -0.10303 -3.40303 -1.314 -2.84549 -2.09697 2.0197e+06 2.02082e+16 1.1381e-06 1.0963e-05 3.68361e-19 3.54952e-08 322912 0 0 1.21704e-13 0 0 0.0115079 0 0 0 0 0 0 2.55349e+11 2.55349e+11 2.55349e+11 2.55349e+11 
0.163 -0.0868711 -3.38687 -1.29747 -2.82926 -2.11313 2.04878e+06 2.01737e+16 1.13918e-06 1.09642e-05 3.74015e-19 3.54384e-08 323434 0 0 1.23755e-13 0 0 0.0115079 0 0 0 0 0 0 2.58632e+11 2.58632e+11 2.58632e+11 2.58632e+11 
0.1635 -0.0706863 -3.37069 -1.28092 -2.81301 -2.12931 2.07815e+06 2.01394e+16 1.14025e-06 1.09654e-05 3.79733e-19 3.5382e-08 323955 0 0 1.25833e-13 0 0 0.0115079 0 0 0 0 0 0 2.61942e+11 2.61942e+11 2.61942e+11 2.61942e+11 
0.164 -0.0544756 -3.35448 -1.26434 -2.79674 -2.14552 2.10781e+06 2.01051e+16 1.14132e-06 1.09667e-05 3.85515e-19 3.53258e-08 324475 0 0 1.27937e-13 0 0 0.0115079 0 0 0 0 0 0 2.6528e+11 2.6528e+11 2.6528e+11 2.6528e+11 
0.1645 -0.0382388 -3.33824 -1.24773 -2.78044 -2.16176 2.13777e+06 2.0071e+16 1.1424e-06 1.09679e-05 3.91361e-19 3.52699e-08 324994 0 0 1.30068e-13 0 0 0.0115079 0 0 0 0 0 0 2.68645e+11 2.68645e+11 2.68645e+11 2.68645e+11 
0.165 -0.0219761 -3.32198 -1.2311 -2.76411 -2.17802 2.16802e+06 2.00371e+16 1.14347e-06 1.09692e-05 3.97271e-19 3.52142e-08 325513 0 0 1.32227e-13 0 0 0.0115079 0 0 0 0 0 0 2.72039e+11 2.72039e+11 2.72039e+11 2.72039e+11 
0.1655 -0.00568756 -3.30569 -1.21445 -2.74776 -2.19431 2.19857e+06 2.00032e+16 1.14455e-06 1.09704e-05 4.03247e-19 3.51589e-08 326030 0 0 1.34412e-13 0 0 0.0115079 0 0 0 0 0 0 2.7546e+11 2.7546e+11 2.7546e+11 2.7546e+11 
0.166 0.0106269 -3.28937 -1.19777 -2.73138 -2.21063 2.22942e+06 1.99695e+16 1.14562e-06 1.09717e-05 4.09289e-19 3.51038e-08 326547 0 0 1.36624e-13 0 0 0.0115079 0 0 0 0 0 0 2.78909e+11 2.78909e+11 2.78909e+11 2.78909e+11 
0.1665 0.0269671 -3.27303 -1.18107 -2.71497 -2.22697 2.26058e+06 1.99359e+16 1.1467e-06 1.09731e-05 4.15396e-19 3.50489e-08 327063 0 0 1.38865e-13 0 0 0.0115079 0 0 0 0 0 0 2.82386e+11 2.82386e+11 2.82386e+11 2.82386e+11 
0.167 0.0433332 -3.25667 -1.16434 -2.69854 -2.24333 2.29203e+06 1.99025e+16 1.14778e-06 1.09744e-05 4.2157e-19 3.49943e-08 327578 0 0 1.41133e-13 0 0 0.0115079 0 0 0 0 0 0 2.85891e+11 2.85891e+11 2.85891e+11 2.85891e+11 
0.1675 0.0597249 -3.24028 -1.14759 -2.68209 -2.25972 2.32378e+06 1.98691e+16 1.14885e-06 1.09757e-05 4.27811e-19 3.494e-08 328092 0 0 1.43429e-13 0 0 0.0115079 0 0 0 0 0 0 2.89424e+11 2.89424e+11 2.89424e+11 2.89424e+11 
0.168 0.0761423 -3.22386 -1.13082 -2.66561 -2.27614 2.35584e+06 1.98359e+16 1.14993e-06 1.09771e-05 4.34119e-19 3.48859e-08 328605 0 0 1.45754e-13 0 0 0.0115079 0 0 0 0 0 0 2.92986e+11 2.92986e+11 2.92986e+11 2.92986e+11 
0.1685 0.0925854 -3.20741 -1.11402 -2.6491 -2.29259 2.38821e+06 1.98028e+16 1.15101e-06 1.09785e-05 4.40495e-19 3.48321e-08 329117 0 0 1.48107e-13 0 0 0.0115079 0 0 0 0 0 0 2.96576e+11 2.96576e+11 2.96576e+11 2.96576e+11 
0.169 0.109054 -3.19095 -1.0972 -2.63257 -2.30905 2.42088e+06 1.97698e+16 1.15209e-06 1.09799e-05 4.46939e-19 3.47786e-08 329629 0 0 1.50489e-13 0 0 0.0115079 0 0 0 0 0 0 3.00194e+11 3.00194e+11 3.00194e+11 3.00194e+11 
0.1695 0.125548 -3.17445 -1.08035 -2.61601 -2.32555 2.45386e+06 1.9737e+16 1.15317e-06 1.09813e-05 4.53451e-19 3.47253e-08 330139 0 0 1.529e-13 0 0 0.0115079 0 0 0 0 0 0 3.03841e+11 3.03841e+11 3.03841e+11 3.03841e+11 
0.17 0.142068 -3.15793 -1.06348 -2.59943 -2.34207 2.48715e+06 1.97043e+16 1.15425e-06 1.09827e-05 4.60033e-19 3.46722e-08 330649 0 0 1.55341e-13 0 0 0.0115079 0 0 0 0 0 0 3.07516e+11 3.07516e+11 3.07516e+11 3.07516e+11 
0.1705 0.158613 -3.14139 -1.04659 -2.58282 -2.35861 2.52075e+06 1.96717e+16 1.15533e-06 1.09842e-05 4.66683e-19 3.46194e-08 331158 0 0 1.57811e-13 0 0 0.0115079 0 0 0 0 0 0 3.11219e+11 3.11219e+11 3.11219e+11 3.11219e+11 
0.171 0.175184 -3.12482 -1.02967 -2.56619 -2.37518 2.55467e+06 1.96392e+16 1.15641e-06 1.09857e-05 4.73404e-19 3.45668e-08 331666 0 0 1.6031e-13 0 0 0.0115079 0 0 0 0 0 0 3.14952e+11 3.14952e+11 3.14952e+11 3.14952e+11 
0.1715 0.19178 -3.10822 -1.01272 -2.54953 -2.39178 2.5889e+06 1.96068e+16 1.1575e-06 1.09871e-05 4.80194e-19 3.45145e-08 332173 0 0 1.62839e-13 0 0 0.0115079 0 0 0 0 0 0 3.18713e+11 3.18713e+11 3.18713e+11 3.18713e+11 
0.172 0.208401 -3.0916 -0.995757 -2.53285 -2.4084 2.62344e+06 1.95746e+16 1.15858e-06 1.09886e-05 4.87056e-19 3.44624e-08 332680 0 0 1.65399e-13 0 0 0.0115079 0 0 0 0 0 0 3.22503e+11 3.22503e+11 3.22503e+11 3.22503e+11 
0.1725 0.225048 -3.07495 -0.978766 -2.51614 -2.42505 2.6583e+06 1.95424e+16 1.15966e-06 1.09901e-05 4.93988e-19 3.44106e-08 333185 0 0 1.67989e-13 0 0 0.0115079 0 0 0 0 0 0 3.26321e+11 3.26321e+11 3.26321e+11 3.26321e+11 
0.173 0.24172 -3.05828 -0.961751 -2.49941 -2.44172 2.69347e+06 1.95104e+16 1.16075e-06 1.09917e-05 5.00991e-19 3.4359e-08 333690 0 0 1.70609e-13 0 0 0.0115079 0 0 0 0 0 0 3.30169e+11 3.30169e+11 3.30169e+11 3.30169e+11 
0.1735 0.258417 -3.04158 -0.944713 -2.48265 -2.45842 2.72897e+06 1.94785e+16 1.16183e-06 1.09932e-05 5.08067e-19 3.43077e-08 334194 0 0 1.73261e-13 0 0 0.0115079 0 0 0 0 0 0 3.34045e+11 3.34045e+11 3.34045e+11 3.34045e+11 
0.174 0.275139 -3.02486 -0.927651 -2.46586 -2.47514 2.76479e+06 1.94467e+16 1.16292e-06 1.09948e-05 5.15215e-19 3.42566e-08 334697 0 0 1.75943e-13 0 0 0.0115079 0 0 0 0 0 0 3.37951e+11 3.37951e+11 3.37951e+11 3.37951e+11 
0.1745 0.291886 -3.00811 -0.910565 -2.44905 -2.49189 2.80092e+06 1.94151e+16 1.164e-06 1.09964e-05 5.22435e-19 3.42057e-08 335199 0 0 1.78657e-13 0 0 0.0115079 0 0 0 0 0 0 3.41885e+11 3.41885e+11 3.41885e+11 3.41885e+11 
0.175 0.308659 -2.99134 -0.893455 -2.43222 -2.50866 2.83738e+06 1.93835e+16 1.16509e-06 1.09979e-05 5.29729e-19 3.4155e-08 335701 0 0 1.81402e-13 0 0 0.0115079 0 0 0 0 0 0 3.45849e+11 3.45849e+11 3.45849e+11 3.45849e+11 
0.1755 0.325457 -2.97454 -0.876322 -2.41536 -2.52546 2.87417e+06 1.93521e+16 1.16618e-06 1.09996e-05 5.37096e-19 3.41046e-08 336202 0 0 1.84179e-13 0 0 0.0115079 0 0 0 0 0 0 3.49842e+11 3.49842e+11 3.49842e+11 3.49842e+11 
0.176 0.342279 -2.95772 -0.859164 -2.39848 -2.54228 2.91128e+06 1.93207e+16 1.16726e-06 1.10012e-05 5.44537e-19 3.40544e-08 336701 0 0 1.86989e-13 0 0 0.0115079 0 0 0 0 0 0 3.53864e+11 3.53864e+11 3.53864e+11 3.53864e+11 
0.1765 0.359127 -2.94087 -0.841984 -2.38157 -2.55913 2.94872e+06 1.92895e+16 1.16835e-06 1.10028e-05 5.52052e-19 3.40044e-08 337201 0 0 1.8983e-13 0 0 0.0115079 0 0 0 0 0 0 3.57915e+11 3.57915e+11 3.57915e+11 3.57915e+11 
0.177 0.375999 -2.924 -0.824779 -2.36463 -2.576 2.98648e+06 1.92584e+16 1.16944e-06 1.10045e-05 5.59642e-19 3.39547e-08 337699 0 0 1.92704e-13 0 0 0.0115079 0 0 0 0 0 0 3.61996e+11 3.61996e+11 3.61996e+11 3.61996e+11 
0.1775 0.392897 -2.9071 -0.807552 -2.34768 -2.5929 3.02457e+06 1.92274e+16 1.17053e-06 1.10061e-05 5.67308e-19 3.39052e-08 338196 0 0 1.9561e-13 0 0 0.0115079 0 0 0 0 0 0 3.66106e+11 3.66106e+11 3.66106e+11 3.66106e+11 
0.178 0.409819 -2.89018 -0.7903 -2.33069 -2.60982 3.063e+06 1.91965e+16 1.17162e-06 1.10078e-05 5.75048e-19 3.38559e-08 338693 0 0 1.9855e-13 0 0 0.0115079 0 0 0 0 0 0 3.70246e+11 3.70246e+11 3.70246e+11 3.70246e+11 
0.1785 0.426766 -2.87323 -0.773025 -2.31368 -2.62677 3.10175e+06 1.91658e+16 1.17271e-06 1.10095e-05 5.82865e-19 3.38068e-08 339189 0 0 2.01523e-13 0 0 0.0115079 0 0 0 0 0 0 3.74415e+11 3.74415e+11 3.74415e+11 3.74415e+11 
0.179 0.443738 -2.85626 -0.755727 -2.29665 -2.64374 3.14084e+06 1.91351e+16 1.1738e-06 1.10112e-05 5.90758e-19 3.3758e-08 339684 0 0 2.04529e-13 0 0 0.0115079 0 0 0 0 0 0 3.78614e+11 3.78614e+11 3.78614e+11 3.78614e+11 
0.1795 0.460734 -2.83927 -0.738405 -2.2796 -2.66073 3.18026e+06 1.91045e+16 1.17489e-06 1.10129e-05 5.98729e-19 3.37093e-08 340178 0 0 2.07568e-13 0 0 0.0115079 0 0 0 0 0 0 3.82842e+11 3.82842e+11 3.82842e+11 3.82842e+11 
0.18 0.477756 -2.82224 -0.72106 -2.26251 -2.67776 3.22002e+06 1.90741e+16 1.17599e-06 1.10147e-05 6.06776e-19 3.36609e-08 340671 0 0 2.10642e-13 0 0 0.0115079 0 0 0 0 0 0 3.871e+11 3.871e+11 3.871e+11 3.871e+11 
0.1805 0.494801 -2.8052 -0.703691 -2.24541 -2.6948 3.26011e+06 1.90437e+16 1.17708e-06 1.10164e-05 6.14901e-19 3.36127e-08 341164 0 0 2.1375e-13 0 0 0.0115079 0 0 0 0 0 0 3.91388e+11 3.91388e+11 3.91388e+11 3.91388e+11 
0.181 0.511872 -2.78813 -0.686299 -2.22828 -2.71187 3.30054e+06 1.90135e+16 1.17817e-06 1.10182e-05 6.23104e-19 3.35647e-08 341656 0 0 2.16892e-13 0 0 0.0115079 0 0 0 0 0 0 3.95705e+11 3.95705e+11 3.95705e+11 3.95705e+11 
0.1815 0.528967 -2.77103 -0.668884 -2.21112 -2.72897 3.34131e+06 1.89834e+16 1.17927e-06 1.102e-05 6.31385e-19 3.3517e-08 342147 0 0 2.20069e-13 0 0 0.0115079 0 0 0 0 0 0 4.00053e+11 4.00053e+11 4.00053e+11 4.00053e+11 
0.182 0.546087 -2.75391 -0.651446 -2.19394 -2.74609 3.38242e+06 1.89533e+16 1.18036e-06 1.10218e-05 6.39746e-19 3.34694e-08 342637 0 0 2.2328e-13 0 0 0.0115079 0 0 0 0 0 0 4.0443e+11 4.0443e+11 4.0443e+11 4.0443e+11 
0.1825 0.563231 -2.73677 -0.633984 -2.17674 -2.76323 3.42387e+06 1.89234e+16 1.18146e-06 1.10236e-05 6.48185e-19 3.3422e-08 343127 0 0 2.26527e-13 0 0 0.0115079 0 0 0 0 0 0 4.08837e+11 4.08837e+11 4.08837e+11 4.08837e+11 
0.183 0.580399 -2.7196 -0.616499 -2.15951 -2.7804 3.46567e+06 1.88936e+16 1.18255e-06 1.10254e-05 6.56705e-19 3.33749e-08 343616 0 0 2.29809e-13 0 0 0.0115079 0 0 0 0 0 0 4.13274e+11 4.13274e+11 4.13274e+11 4.13274e+11 
0.1835 0.597592 -2.70241 -0.598991 -2.14226 -2.79759 3.5078e+06 1.88638e+16 1.18365e-06 1.10273e-05 6.65304e-19 3.33279e-08 344104 0 0 2.33127e-13 0 0 0.0115079 0 0 0 0 0 0 4.17741e+11 4.17741e+11 4.17741e+11 4.17741e+11 
0.184 0.61481 -2.68519 -0.581459 -2.12498 -2.81481 3.55029e+06 1.88342e+16 1.18474e-06 1.10291e-05 6.73984e-19 3.32812e-08 344591 0 0 2.3648e-13 0 0 0.0115079 0 0 0 0 0 0 4.22238e+11 4.22238e+11 4.22238e+11 4.22238e+11 
0.1845 0.632051 -2.66795 -0.563905 -2.10768 -2.83205 3.59311e+06 1.88047e+16 1.18584e-06 1.1031e-05 6.82745e-19 3.32347e-08 345078 0 0 2.39869e-13 0 0 0.0115079 0 0 0 0 0 0 4.26766e+11 4.26766e+11 4.26766e+11 4.26766e+11 
0.185 0.649317 -2.65068 -0.546327 -2.09036 -2.84932 3.63629e+06 1.87753e+16 1.18694e-06 1.10329e-05 6.91587e-19 3.31883e-08 345563 0 0 2.43295e-13 0 0 0.0115079 0 0 0 0 0 0 4.31323e+11 4.31323e+11 4.31323e+11 4.31323e+11 
0.1855 0.666608 -2.63339 -0.528727 -2.07301 -2.86661 3.67981e+06 1.8746e+16 1.18804e-06 1.10348e-05 7.00511e-19 3.31422e-08 346048 0 0 2.46757e-13 0 0 0.0115079 0 0 0 0 0 0 4.35911e+11 4.35911e+11 4.35911e+11 4.35911e+11 
0.186 0.683922 -2.61608 -0.511103 -2.05563 -2.88392 3.72368e+06 1.87168e+16 1.18914e-06 1.10367e-05 7.09517e-19 3.30963e-08 346532 0 0 2.50256e-13 0 0 0.0115079 0 0 0 0 0 0 4.40528e+11 4.40528e+11 4.40528e+11 4.40528e+11 
0.1865 0.701261 -2.59874 -0.493456 -2.03824 -2.90126 3.7679e+06 1.86876e+16 1.19023e-06 1.10386e-05 7.18606e-19 3.30505e-08 347016 0 0 2.53792e-13 0 0 0.0115079 0 0 0 0 0 0 4.45176e+11 4.45176e+11 4.45176e+11 4.45176e+11 
0.187 0.718624 -2.58138 -0.475787 -2.02081 -2.91862 3.81247e+06 1.86586e+16 1.19133e-06 1.10405e-05 7.27778e-19 3.3005e-08 347499 0 0 2.57366e-13 0 0 0.0115079 0 0 0 0 0 0 4.49855e+11 4.49855e+11 4.49855e+11 4.49855e+11 
0.1875 0.736011 -2.56399 -0.458094 -2.00337 -2.93601 3.8574e+06 1.86297e+16 1.19243e-06 1.10425e-05 7.37033e-19 3.29596e-08 347981 0 0 2.60976e-13 0 0 0.0115079 0 0 0 0 0 0 4.54563e+11 4.54563e+11 4.54563e+11 4.54563e+11 
0.188 0.753422 -2.54658 -0.440379 -1.9859 -2.95342 3.90268e+06 1.86009e+16 1.19354e-06 1.10444e-05 7.46371e-19 3.29145e-08 348462 0 0 2.64625e-13 0 0 0.0115079 0 0 0 0 0 0 4.59302e+11 4.59302e+11 4.59302e+11 4.59302e+11 
0.1885 0.770857 -2.52914 -0.42264 -1.96841 -2.97086 3.94831e+06 1.85722e+16 1.19464e-06 1.10464e-05 7.55794e-19 3.28695e-08 348942 0 0 2.68311e-13 0 0 0.0115079 0 0 0 0 0 0 4.64072e+11 4.64072e+11 4.64072e+11 4.64072e+11 
0.189 0.788316 -2.51168 -0.404879 -1.95089 -2.98832 3.9943e+06 1.85435e+16 1.19574e-06 1.10484e-05 7.65302e-19 3.28248e-08 349422 0 0 2.72036e-13 0 0 0.0115079 0 0 0 0 0 0 4.68872e+11 4.68872e+11 4.68872e+11 4.68872e+11 
0.1895 0.805799 -2.4942 -0.387095 -1.93335 -3.0058 4.04064e+06 1.8515e+16 1.19684e-06 1.10504e-05 7.74895e-19 3.27802e-08 349901 0 0 2.75799e-13 0 0 0.0115079 0 0 0 0 0 0 4.73702e+11 4.73702e+11 4.73702e+11 4.73702e+11 
0.19 0.823306 -2.47669 -0.369288 -1.91578 -3.02331 4.08735e+06 1.84866e+16 1.19795e-06 1.10524e-05 7.84573e-19 3.27358e-08 350379 0 0 2.79601e-13 0 0 0.0115079 0 0 0 0 0 0 4.78563e+11 4.78563e+11 4.78563e+11 4.78563e+11 
0.1905 0.840837 -2.45916 -0.351459 -1.89819 -3.04084 4.13441e+06 1.84582e+16 1.19905e-06 1.10544e-05 7.94336e-19 3.26916e-08 350857 0 0 2.83442e-13 0 0 0.0115079 0 0 0 0 0 0 4.83454e+11 4.83454e+11 4.83454e+11 4.83454e+11 
0.191 0.858392 -2.44161 -0.333607 -1.88058 -3.05839 4.18183e+06 1.84299e+16 1.20015e-06 1.10564e-05 8.04186e-19 3.26475e-08 351333 0 0 2.87322e-13 0 0 0.0115079 0 0 0 0 0 0 4.88376e+11 4.88376e+11 4.88376e+11 4.88376e+11 
0.1915 0.875971 -2.42403 -0.315732 -1.86294 -3.07597 4.22961e+06 1.84018e+16 1.20126e-06 1.10585e-05 8.14123e-19 3.26036e-08 351810 0 0 2.91241e-13 0 0 0.0115079 0 0 0 0 0 0 4.93327e+11 4.93327e+11 4.93327e+11 4.93327e+11 
0.192 0.893573 -2.40643 -0.297834 -1.84528 -3.09357 4.27776e+06 1.83737e+16 1.20236e-06 1.10605e-05 8.24146e-19 3.25598e-08 352285 0 0 2.952e-13 0 0 0.0115079 0 0 0 0 0 0 4.98309e+11 4.98309e+11 4.98309e+11 4.98309e+11 
0.1925 0.911199 -2.3888 -0.279914 -1.8276 -3.1112 4.32626e+06 1.83456e+16 1.20347e-06 1.10626e-05 8.34257e-19 3.25161e-08 352759 0 0 2.99199e-13 0 0 0.0115079 0 0 0 0 0 0 5.03319e+11 5.03319e+11 5.03319e+11 5.03319e+11 
0.193 0.928849 -2.37115 -0.261971 -1.80989 -3.12885 4.37514e+06 1.83175e+16 1.20458e-06 1.10646e-05 8.44456e-19 3.24723e-08 353233 0 0 3.03238e-13 0 0 0.0115079 0 0 0 0 0 0 5.08355e+11 5.08355e+11 5.08355e+11 5.08355e+11 
0.1935 0.946522 -2.35348 -0.244005 -1.79216 -3.14652 4.42437e+06 1.82893e+16 1.20568e-06 1.10666e-05 8.54743e-19 3.24282e-08 353706 0 0 3.07318e-13 0 0 0.0115079 0 0 0 0 0 0 5.13414e+11 5.13414e+11 5.13414e+11 5.13414e+11 
0.194 0.964219 -2.33578 -0.226017 -1.77441 -3.16422 4.47397e+06 1.82608e+16 1.20679e-06 1.10685e-05 8.65118e-19 3.23831e-08 354179 0 0 3.11438e-13 0 0 0.0115079 0 0 0 0 0 0 5.18487e+11 5.18487e+11 5.18487e+11 5.18487e+11 
0.1945 0.98194 -2.31806 -0.208007 -1.75662 -3.18194 4.52394e+06 1.82315e+16 1.2079e-06 1.10702e-05 8.75581e-19 3.2336e-08 354651 0 0 3.15598e-13 0 0 0.0115079 0 0 0 0 0 0 5.23555e+11 5.23555e+11 5.23555e+11 5.23555e+11 
0.195 0.999685 -2.30032 -0.189974 -1.73882 -3.19968 4.57426e+06 1.82005e+16 1.20901e-06 1.10714e-05 8.86133e-19 3.22847e-08 355121 0 0 3.19799e-13 0 0 0.0115079 0 0 0 0 0 0 5.28581e+11 5.28581e+11 5.28581e+11 5.28581e+11 
0.1955 1.01745 -2.28255 -0.171919 -1.72098 -3.21745 4.62495e+06 1.81662e+16 1.21011e-06 1.10717e-05 8.96773e-19 3.22246e-08 355591 0 0 3.24039e-13 0 0 0.0115079 0 0 0 0 0 0 5.33489e+11 5.33489e+11 5.33489e+11 5.33489e+11 
0.196 1.03524 -2.26476 -0.153841 -1.7031 -3.23524 4.67599e+06 1.81247e+16 1.21122e-06 1.10701e-05 9.07498e-19 3.21462e-08 356061 0 0 3.28318e-13 0 0 0.0115079 0 0 0 0 0 0 5.38122e+11 5.38122e+11 5.38122e+11 5.38122e+11 
0.1965 1.05306 -2.24694 -0.135741 -1.68517 -3.25306 4.72736e+06 1.80686e+16 1.21233e-06 1.10645e-05 9.18306e-19 3.20308e-08 356528 0 0 3.32631e-13 0 0 0.0115079 0 0 0 0 0 0 5.42155e+11 5.42155e+11 5.42155e+11 5.42155e+11 
0.197 1.0709 -2.2291 -0.117619 -1.66715 -3.2709 4.77901e+06 1.79827e+16 1.21343e-06 1.10509e-05 9.29186e-19 3.18393e-08 356994 0 0 3.36971e-13 0 0 0.0115079 0 0 0 0 0 0 5.44919e+11 5.44919e+11 5.44919e+11 5.44919e+11 
0.1975 1.08876 -2.21124 -0.0994765 -1.64898 -3.28876 4.83087e+06 1.78356e+16 1.21454e-06 1.10208e-05 9.4012e-19 3.14928e-08 357457 0 0 3.41323e-13 0 0 0.0115079 0 0 0 0 0 0 5.45033e+11 5.45033e+11 5.45033e+11 5.45033e+11 
0.198 1.10664 -2.19336 -0.0813133 -1.63051 -3.30664 4.88276e+06 1.75624e+16 1.21512e-06 1.09519e-05 9.50675e-19 3.08165e-08 357688 0 0 3.43499e-13 0 0 0.0115079 0 0 0 0 0 0 5.3942e+11 5.3942e+11 5.3942e+11 5.3942e+11 
0.198 1.10664 -2.19336 -0.0813133 -1.63051 -3.30664 4.88276e+06 1.75624e+16 1.21604e-06 1.09601e-05 9.5139e-19 3.08397e-08 358101 0 0 3.47418e-13 0 0 0.0115079 0 0 0 0 0 0 5.39825e+11 5.39825e+11 5.39825e+11 5.39825e+11 
0.198409 1.1213 -2.1787 -0.0664291 -1.61499 -3.3213 4.92497e+06 1.71609e+16 1.21647e-06 1.08544e-05 9.59956e-19 2.98441e-08 358282 0 0 3.49142e-13 0 0 0.0115079 0 0 0 0 0 0 5.27446e+11 5.27446e+11 5.27446e+11 5.27446e+11 
0.198752 1.13357 -2.16643 -0.0539747 -1.60148 -3.33357 4.95979e+06 1.66043e+16 1.21719e-06 1.07076e-05 9.67315e-19 2.84856e-08 358581 0 0 3.51972e-13 0 0 0.0115079 0 0 0 0 0 0 5.07726e+11 5.07726e+11 5.07726e+11 5.07726e+11 
0.199038 1.14384 -2.15616 -0.0435562 -1.58955 -3.34384 4.98827e+06 1.58845e+16 1.21777e-06 1.05118e-05 9.73334e-19 2.67522e-08 358821 0 0 3.54231e-13 0 0 0.0115079 0 0 0 0 0 0 4.80505e+11 4.80505e+11 4.80505e+11 4.80505e+11 
0.199277 1.15243 -2.14757 -0.034843 -1.57884 -3.35243 5.01139e+06 1.50076e+16 1.21824e-06 1.02663e-05 9.78217e-19 2.46851e-08 359013 0 0 3.56003e-13 0 0 0.0115078 0 0 0 0 0 0 4.46556e+11 4.46556e+11 4.46556e+11 4.46556e+11 
0.199478 1.15962 -2.14038 -0.0275572 -1.56904 -3.35962 5.03e+06 1.39919e+16 1.2186e-06 9.97328e-06 9.82145e-19 2.23576e-08 359163 0 0 3.57368e-13 0 0 0.0115078 0 0 0 0 0 0 4.07232e+11 4.07232e+11 4.07232e+11 4.07232e+11 
0.199645 1.16564 -2.13436 -0.021466 -1.55992 -3.36564 5.0449e+06 1.28634e+16 1.21888e-06 9.63657e-06 9.85283e-19 1.98604e-08 359279 0 0 3.584e-13 0 0 0.0115077 0 0 0 0 0 0 3.64208e+11 3.64208e+11 3.64208e+11 3.64208e+11 
0.199785 1.17067 -2.12933 -0.016374 -1.55124 -3.37067 5.05677e+06 1.16516e+16 1.2191e-06 9.26073e-06 9.87776e-19 1.72878e-08 359368 0 0 3.59164e-13 0 0 0.0115075 0 0 0 0 0 0 3.19231e+11 3.19231e+11 3.19231e+11 3.19231e+11 
0.199902 1.17488 -2.12512 -0.0121177 -1.54283 -3.37488 5.06617e+06 1.03858e+16 1.21927e-06 8.85013e-06 9.89746e-19 1.47265e-08 359434 0 0 3.59719e-13 0 0 0.0115072 0 0 0 0 0 0 2.73915e+11 2.73915e+11 2.73915e+11 2.73915e+11 
0.2 1.17839 -2.12161 -0.00856003 -1.53447 -3.37839 5.07362e+06 9.09241e+15 1.21934e-06 8.40766e-06 9.91262e-19 1.2248e-08 359461 0 0 3.59933e-13 0 0 0.011507 0 0 0 0 0 0 2.29605e+11 2.29605e+11 2.29605e+11 2.29605e+11 