# ASCII 1D datafile generated by TiberCAD
# x Ec Ev eQFermi hQFermi ElPotential eDensity hDensity eMobility hMobility eConductivity hConductivity ElField_x ElField_y ElField_z eCurrentDensity_x eCurrentDensity_y eCurrentDensity_z hCurrentDensity_x hCurrentDensity_y hCurrentDensity_z IonizedDonors IonizedAcceptors IonizedElectronTraps IonizedHoleTraps eNetRecombination eLangevinRecombination hNetRecombination hLangevinRecombination 
0 -4.95 -8.25 -6.41975 -7.74142 2.75 94.4005 6.98936e+16 8.6813e-07 1.59675e-05 9.3239e-23 1.78807e-07 101541 0 0 6.16896e-18 0 0 0.0196185 0 0 0 0 0 0 5.74295e+07 5.74295e+07 5.74295e+07 5.74295e+07 
9.79066e-05 -4.94901 -8.24901 -6.4191 -7.74035 2.74901 93.1481 6.97548e+16 8.68214e-07 1.59513e-05 9.3066e-23 1.78271e-07 101717 0 0 6.21535e-18 0 0 0.0196185 0 0 0 0 0 0 5.65008e+07 5.65008e+07 5.65008e+07 5.65008e+07 
0.000214985 -4.94781 -8.24781 -6.41831 -7.73906 2.74781 91.7071 6.95899e+16 8.68409e-07 1.59337e-05 9.28684e-23 1.77653e-07 102139 0 0 6.32531e-18 0 0 0.0196185 0 0 0 0 0 0 5.54377e+07 5.54377e+07 5.54377e+07 5.54377e+07 
0.000354988 -4.94638 -8.24638 -6.41734 -7.73751 2.74638 90.061 6.93942e+16 8.68642e-07 1.59128e-05 9.26428e-23 1.76921e-07 102642 0 0 6.45428e-18 0 0 0.0196185 0 0 0 0 0 0 5.42228e+07 5.42228e+07 5.42228e+07 5.42228e+07 
0.000522406 -4.94466 -8.24466 -6.41616 -7.73565 2.74466 88.1964 6.91622e+16 8.68922e-07 1.58881e-05 9.23872e-23 1.76056e-07 103242 0 0 6.60507e-18 0 0 0.0196185 0 0 0 0 0 0 5.28456e+07 5.28456e+07 5.28456e+07 5.28456e+07 
0.000722606 -4.94258 -8.24258 -6.41471 -7.73341 2.74258 86.1053 6.88878e+16 8.69259e-07 1.58588e-05 9.21008e-23 1.75035e-07 103956 0 0 6.78077e-18 0 0 0.0196185 0 0 0 0 0 0 5.12994e+07 5.12994e+07 5.12994e+07 5.12994e+07 
0.000962009 -4.94008 -8.24008 -6.41292 -7.73072 2.74008 83.7878 6.85638e+16 8.69665e-07 1.58244e-05 9.17835e-23 1.73833e-07 104807 0 0 6.98471e-18 0 0 0.0196185 0 0 0 0 0 0 4.95828e+07 4.95828e+07 4.95828e+07 4.95828e+07 
0.00124829 -4.93707 -8.23707 -6.4107 -7.72747 2.73707 81.2548 6.81821e+16 8.70153e-07 1.57839e-05 9.14369e-23 1.72423e-07 105819 0 0 7.22046e-18 0 0 0.0196185 0 0 0 0 0 0 4.77015e+07 4.77015e+07 4.77015e+07 4.77015e+07 
0.00159063 -4.93342 -8.23342 -6.40793 -7.72356 2.73342 78.5319 6.77338e+16 8.70742e-07 1.57363e-05 9.10647e-23 1.70773e-07 107022 0 0 7.49185e-18 0 0 0.0196185 0 0 0 0 0 0 4.56708e+07 4.56708e+07 4.56708e+07 4.56708e+07 
0.002 -4.92901 -8.22901 -6.40449 -7.71883 2.72901 75.6622 6.72089e+16 8.71052e-07 1.56736e-05 9.06681e-23 1.68775e-07 107738 0 0 7.65086e-18 0 0 0.0196185 0 0 0 0 0 0 4.34969e+07 4.34969e+07 4.34969e+07 4.34969e+07 
0.002 -4.92901 -8.22901 -6.40449 -7.71883 2.72901 75.6622 6.72089e+16 8.71863e-07 1.56882e-05 9.06779e-23 1.68932e-07 109318 0 0 7.98876e-18 0 0 0.0196185 0 0 0 0 0 0 4.35374e+07 4.35374e+07 4.35374e+07 4.35374e+07 
0.0025 -4.92355 -8.22355 -6.40007 -7.71298 2.72355 72.6531 6.65838e+16 8.72287e-07 1.56142e-05 9.02625e-23 1.6657e-07 110179 0 0 8.16565e-18 0 0 0.0196185 0 0 0 0 0 0 4.12329e+07 4.12329e+07 4.12329e+07 4.12329e+07 
0.003 -4.918 -8.218 -6.39544 -7.70705 2.718 70.1115 6.59754e+16 8.73165e-07 1.55501e-05 8.99172e-23 1.64371e-07 111892 0 0 8.51187e-18 0 0 0.0196185 0 0 0 0 0 0 3.92757e+07 3.92757e+07 3.92757e+07 3.92757e+07 
0.0035 -4.91236 -8.21236 -6.39061 -7.70105 2.71236 67.9724 6.53829e+16 8.74053e-07 1.54879e-05 8.96276e-23 1.62243e-07 113590 0 0 8.84413e-18 0 0 0.0196185 0 0 0 0 0 0 3.75945e+07 3.75945e+07 3.75945e+07 3.75945e+07 
0.004 -4.90664 -8.20664 -6.38558 -7.69496 2.70664 66.184 6.48057e+16 8.7495e-07 1.54274e-05 8.93866e-23 1.60183e-07 115273 0 0 9.16454e-18 0 0 0.0196185 0 0 0 0 0 0 3.61502e+07 3.61502e+07 3.61502e+07 3.61502e+07 
0.0045 -4.90083 -8.20083 -6.38036 -7.6888 2.70083 64.7044 6.4243e+16 8.75855e-07 1.53687e-05 8.91886e-23 1.58188e-07 116941 0 0 9.47493e-18 0 0 0.0196185 0 0 0 0 0 0 3.4911e+07 3.4911e+07 3.4911e+07 3.4911e+07 
0.005 -4.89494 -8.19494 -6.37495 -7.68256 2.69494 63.5004 6.36943e+16 8.76768e-07 1.53117e-05 8.9029e-23 1.56255e-07 118594 0 0 9.7769e-18 0 0 0.0196185 0 0 0 0 0 0 3.38513e+07 3.38513e+07 3.38513e+07 3.38513e+07 
0.0055 -4.88897 -8.18897 -6.36937 -7.67624 2.68897 62.5451 6.31591e+16 8.7769e-07 1.52562e-05 8.8904e-23 1.54381e-07 120234 0 0 1.00719e-17 0 0 0.0196185 0 0 0 0 0 0 3.29505e+07 3.29505e+07 3.29505e+07 3.29505e+07 
0.006 -4.88292 -8.18292 -6.36363 -7.66985 2.68292 61.8174 6.26367e+16 8.78619e-07 1.52023e-05 8.88109e-23 1.52562e-07 121860 0 0 1.03612e-17 0 0 0.0196185 0 0 0 0 0 0 3.21916e+07 3.21916e+07 3.21916e+07 3.21916e+07 
0.0065 -4.87679 -8.17679 -6.35771 -7.66339 2.67679 61.3005 6.21266e+16 8.79555e-07 1.51498e-05 8.87473e-23 1.50798e-07 123472 0 0 1.06459e-17 0 0 0.0196185 0 0 0 0 0 0 3.1561e+07 3.1561e+07 3.1561e+07 3.1561e+07 
0.007 -4.87057 -8.17057 -6.35163 -7.65684 2.67057 60.9816 6.16284e+16 8.80499e-07 1.50987e-05 8.87116e-23 1.49084e-07 125072 0 0 1.09272e-17 0 0 0.0196185 0 0 0 0 0 0 3.10477e+07 3.10477e+07 3.10477e+07 3.10477e+07 
0.0075 -4.86428 -8.16428 -6.34539 -7.65023 2.66428 60.8511 6.11416e+16 8.8145e-07 1.5049e-05 8.87025e-23 1.4742e-07 126659 0 0 1.12059e-17 0 0 0.0196185 0 0 0 0 0 0 3.06427e+07 3.06427e+07 3.06427e+07 3.06427e+07 
0.008 -4.85791 -8.15791 -6.339 -7.64354 2.65791 60.9025 6.06658e+16 8.82408e-07 1.50006e-05 8.8719e-23 1.45802e-07 128233 0 0 1.14832e-17 0 0 0.0196185 0 0 0 0 0 0 3.03393e+07 3.03393e+07 3.03393e+07 3.03393e+07 
0.0085 -4.85146 -8.15146 -6.33245 -7.63677 2.65146 61.1316 6.02005e+16 8.83372e-07 1.49535e-05 8.87609e-23 1.44229e-07 129795 0 0 1.17598e-17 0 0 0.0196185 0 0 0 0 0 0 3.0132e+07 3.0132e+07 3.0132e+07 3.0132e+07 
0.009 -4.84493 -8.14493 -6.32575 -7.62993 2.64493 61.537 5.97454e+16 8.84344e-07 1.49075e-05 8.88279e-23 1.42699e-07 131346 0 0 1.20366e-17 0 0 0.0196185 0 0 0 0 0 0 3.00171e+07 3.00171e+07 3.00171e+07 3.00171e+07 
0.0095 -4.83832 -8.13832 -6.3189 -7.62302 2.63832 62.1194 5.93001e+16 8.85322e-07 1.48628e-05 8.89201e-23 1.4121e-07 132884 0 0 1.23145e-17 0 0 0.0196185 0 0 0 0 0 0 2.99919e+07 2.99919e+07 2.99919e+07 2.99919e+07 
0.01 -4.83164 -8.13164 -6.3119 -7.61604 2.63164 62.8815 5.88643e+16 8.86307e-07 1.48191e-05 8.90381e-23 1.39761e-07 134412 0 0 1.25943e-17 0 0 0.0196185 0 0 0 0 0 0 3.00551e+07 3.00551e+07 3.00551e+07 3.00551e+07 
0.0105 -4.82488 -8.12488 -6.30476 -7.60899 2.62488 63.8283 5.84375e+16 8.87298e-07 1.47766e-05 8.91827e-23 1.38349e-07 135928 0 0 1.28769e-17 0 0 0.0196185 0 0 0 0 0 0 3.02064e+07 3.02064e+07 3.02064e+07 3.02064e+07 
0.011 -4.81805 -8.11805 -6.29746 -7.60186 2.61805 64.9672 5.80195e+16 8.88295e-07 1.47351e-05 8.9355e-23 1.36974e-07 137433 0 0 1.3163e-17 0 0 0.0196185 0 0 0 0 0 0 3.04465e+07 3.04465e+07 3.04465e+07 3.04465e+07 
0.0115 -4.81114 -8.11114 -6.29003 -7.59466 2.61114 66.3075 5.761e+16 8.89299e-07 1.46946e-05 8.95564e-23 1.35634e-07 138927 0 0 1.34535e-17 0 0 0.0196185 0 0 0 0 0 0 3.07774e+07 3.07774e+07 3.07774e+07 3.07774e+07 
0.012 -4.80415 -8.10415 -6.28244 -7.5874 2.60415 67.861 5.72087e+16 8.90309e-07 1.46551e-05 8.97887e-23 1.34327e-07 140411 0 0 1.37493e-17 0 0 0.0196185 0 0 0 0 0 0 3.12018e+07 3.12018e+07 3.12018e+07 3.12018e+07 
0.0125 -4.7971 -8.0971 -6.27472 -7.58006 2.5971 69.642 5.68153e+16 8.91325e-07 1.46166e-05 9.00541e-23 1.33052e-07 141885 0 0 1.40512e-17 0 0 0.0196185 0 0 0 0 0 0 3.17237e+07 3.17237e+07 3.17237e+07 3.17237e+07 
0.013 -4.78996 -8.08996 -6.26684 -7.57265 2.58996 71.6674 5.64295e+16 8.92348e-07 1.4579e-05 9.03551e-23 1.31809e-07 143349 0 0 1.43602e-17 0 0 0.0196185 0 0 0 0 0 0 3.23482e+07 3.23482e+07 3.23482e+07 3.23482e+07 
0.0135 -4.78276 -8.08276 -6.25882 -7.56518 2.58276 73.9569 5.60512e+16 8.93377e-07 1.45423e-05 9.06946e-23 1.30595e-07 144803 0 0 1.46772e-17 0 0 0.0196185 0 0 0 0 0 0 3.30813e+07 3.30813e+07 3.30813e+07 3.30813e+07 
0.014 -4.77548 -8.07548 -6.25066 -7.55763 2.57548 76.5336 5.56799e+16 8.94411e-07 1.45064e-05 9.10761e-23 1.29411e-07 146247 0 0 1.50032e-17 0 0 0.0196185 0 0 0 0 0 0 3.39304e+07 3.39304e+07 3.39304e+07 3.39304e+07 
0.0145 -4.76814 -8.06814 -6.24235 -7.55002 2.56814 79.4237 5.53157e+16 8.95453e-07 1.44714e-05 9.15035e-23 1.28253e-07 147682 0 0 1.53392e-17 0 0 0.0196185 0 0 0 0 0 0 3.49041e+07 3.49041e+07 3.49041e+07 3.49041e+07 
0.015 -4.76072 -8.06072 -6.2339 -7.54234 2.56072 82.6572 5.49581e+16 8.965e-07 1.44372e-05 9.19813e-23 1.27123e-07 149107 0 0 1.56863e-17 0 0 0.0196185 0 0 0 0 0 0 3.60125e+07 3.60125e+07 3.60125e+07 3.60125e+07 
0.0155 -4.75323 -8.05323 -6.2253 -7.53459 2.55323 86.2683 5.4607e+16 8.97553e-07 1.44038e-05 9.25145e-23 1.26019e-07 150523 0 0 1.60456e-17 0 0 0.0196185 0 0 0 0 0 0 3.72668e+07 3.72668e+07 3.72668e+07 3.72668e+07 
0.016 -4.74566 -8.04566 -6.21656 -7.52677 2.54566 90.2954 5.42622e+16 8.98613e-07 1.43711e-05 9.3109e-23 1.24939e-07 151930 0 0 1.64182e-17 0 0 0.0196185 0 0 0 0 0 0 3.86802e+07 3.86802e+07 3.86802e+07 3.86802e+07 
0.0165 -4.73803 -8.03803 -6.20767 -7.51888 2.53803 94.7817 5.39235e+16 8.99679e-07 1.43392e-05 9.37711e-23 1.23883e-07 153328 0 0 1.68053e-17 0 0 0.0196185 0 0 0 0 0 0 4.0267e+07 4.0267e+07 4.0267e+07 4.0267e+07 
0.017 -4.73033 -8.03033 -6.19864 -7.51093 2.53033 99.7754 5.35907e+16 9.00751e-07 1.4308e-05 9.4508e-23 1.22851e-07 154718 0 0 1.72084e-17 0 0 0.0196185 0 0 0 0 0 0 4.20436e+07 4.20436e+07 4.20436e+07 4.20436e+07 
0.0175 -4.72256 -8.02256 -6.18947 -7.50291 2.52256 105.33 5.32637e+16 9.01829e-07 1.42775e-05 9.53279e-23 1.21841e-07 156099 0 0 1.76287e-17 0 0 0.0196185 0 0 0 0 0 0 4.40281e+07 4.40281e+07 4.40281e+07 4.40281e+07 
0.018 -4.71472 -8.01472 -6.18015 -7.49483 2.51472 111.505 5.29422e+16 9.02913e-07 1.42477e-05 9.62395e-23 1.20853e-07 157472 0 0 1.80678e-17 0 0 0.0196185 0 0 0 0 0 0 4.62403e+07 4.62403e+07 4.62403e+07 4.62403e+07 
0.0185 -4.70681 -8.00681 -6.1707 -7.48668 2.50681 118.366 5.26262e+16 9.04004e-07 1.42185e-05 9.72527e-23 1.19885e-07 158836 0 0 1.85273e-17 0 0 0.0196185 0 0 0 0 0 0 4.8702e+07 4.8702e+07 4.8702e+07 4.8702e+07 
0.019 -4.69884 -7.99884 -6.16111 -7.47847 2.49884 125.984 5.23153e+16 9.05101e-07 1.419e-05 9.83781e-23 1.18938e-07 160193 0 0 1.90089e-17 0 0 0.0196185 0 0 0 0 0 0 5.14367e+07 5.14367e+07 5.14367e+07 5.14367e+07 
0.0195 -4.69079 -7.99079 -6.15139 -7.47019 2.49079 134.436 5.20096e+16 9.06203e-07 1.41621e-05 9.96275e-23 1.18011e-07 161541 0 0 1.95146e-17 0 0 0.0196185 0 0 0 0 0 0 5.44699e+07 5.44699e+07 5.44699e+07 5.44699e+07 
0.02 -4.68268 -7.98268 -6.14153 -7.46184 2.48268 143.806 5.17089e+16 9.07312e-07 1.41348e-05 1.01014e-22 1.17102e-07 162882 0 0 2.00465e-17 0 0 0.0196185 0 0 0 0 0 0 5.7829e+07 5.7829e+07 5.7829e+07 5.7829e+07 
0.0205 -4.67451 -7.97451 -6.13155 -7.45343 2.47451 154.185 5.1413e+16 9.08427e-07 1.41081e-05 1.0255e-22 1.16212e-07 164215 0 0 2.0607e-17 0 0 0.0196185 0 0 0 0 0 0 6.15427e+07 6.15427e+07 6.15427e+07 6.15427e+07 
0.021 -4.66626 -7.96626 -6.12144 -7.44496 2.46626 165.667 5.11217e+16 9.09548e-07 1.40819e-05 1.04251e-22 1.1534e-07 165540 0 0 2.11988e-17 0 0 0.0196185 0 0 0 0 0 0 6.56417e+07 6.56417e+07 6.56417e+07 6.56417e+07 
0.0215 -4.65795 -7.95795 -6.11122 -7.43643 2.45795 178.354 5.08351e+16 9.10675e-07 1.40564e-05 1.06132e-22 1.14485e-07 166858 0 0 2.18248e-17 0 0 0.0196185 0 0 0 0 0 0 7.01579e+07 7.01579e+07 7.01579e+07 7.01579e+07 
0.022 -4.64958 -7.94958 -6.10089 -7.42783 2.44958 192.354 5.05528e+16 9.11807e-07 1.40313e-05 1.08209e-22 1.13646e-07 168168 0 0 2.24884e-17 0 0 0.0196185 0 0 0 0 0 0 7.51248e+07 7.51248e+07 7.51248e+07 7.51248e+07 
0.0225 -4.64113 -7.94113 -6.09045 -7.41916 2.44113 207.779 5.02749e+16 9.12945e-07 1.40068e-05 1.10501e-22 1.12824e-07 169471 0 0 2.31933e-17 0 0 0.0196185 0 0 0 0 0 0 8.05767e+07 8.05767e+07 8.05767e+07 8.05767e+07 
0.023 -4.63263 -7.93263 -6.07991 -7.41044 2.43263 224.746 5.00012e+16 9.14088e-07 1.39828e-05 1.13024e-22 1.12018e-07 170767 0 0 2.39437e-17 0 0 0.0196185 0 0 0 0 0 0 8.65493e+07 8.65493e+07 8.65493e+07 8.65493e+07 
0.0235 -4.62406 -7.92406 -6.06928 -7.40165 2.42406 243.378 4.97316e+16 9.15237e-07 1.39594e-05 1.15797e-22 1.11226e-07 172056 0 0 2.4744e-17 0 0 0.0196185 0 0 0 0 0 0 9.30792e+07 9.30792e+07 9.30792e+07 9.30792e+07 
0.024 -4.61542 -7.91542 -6.05856 -7.3928 2.41542 263.802 4.94659e+16 9.16391e-07 1.39364e-05 1.18841e-22 1.1045e-07 173339 0 0 2.55993e-17 0 0 0.0196185 0 0 0 0 0 0 1.00204e+08 1.00204e+08 1.00204e+08 1.00204e+08 
0.0245 -4.60672 -7.90672 -6.04775 -7.38389 2.40672 286.151 4.92042e+16 9.1755e-07 1.39138e-05 1.22175e-22 1.09688e-07 174614 0 0 2.65147e-17 0 0 0.0196185 0 0 0 0 0 0 1.07962e+08 1.07962e+08 1.07962e+08 1.07962e+08 
0.025 -4.59796 -7.89796 -6.03687 -7.37491 2.39796 310.561 4.89462e+16 9.18714e-07 1.38918e-05 1.25822e-22 1.0894e-07 175882 0 0 2.74962e-17 0 0 0.0196185 0 0 0 0 0 0 1.16394e+08 1.16394e+08 1.16394e+08 1.16394e+08 
0.0255 -4.58914 -7.88914 -6.02592 -7.36588 2.38914 337.176 4.86919e+16 9.19883e-07 1.38702e-05 1.29802e-22 1.08206e-07 177144 0 0 2.85497e-17 0 0 0.0196185 0 0 0 0 0 0 1.25539e+08 1.25539e+08 1.25539e+08 1.25539e+08 
0.026 -4.58025 -7.88025 -6.01489 -7.35678 2.38025 366.145 4.84413e+16 9.21057e-07 1.3849e-05 1.34141e-22 1.07484e-07 178400 0 0 2.96818e-17 0 0 0.0196185 0 0 0 0 0 0 1.35439e+08 1.35439e+08 1.35439e+08 1.35439e+08 
0.0265 -4.5713 -7.8713 -6.00381 -7.34763 2.3713 397.621 4.81941e+16 9.22235e-07 1.38283e-05 1.38861e-22 1.06776e-07 179649 0 0 3.08992e-17 0 0 0.0196185 0 0 0 0 0 0 1.46139e+08 1.46139e+08 1.46139e+08 1.46139e+08 
0.027 -4.56228 -7.86228 -5.99266 -7.33841 2.36228 431.767 4.79504e+16 9.23417e-07 1.3808e-05 1.43988e-22 1.0608e-07 180892 0 0 3.22091e-17 0 0 0.0196185 0 0 0 0 0 0 1.57681e+08 1.57681e+08 1.57681e+08 1.57681e+08 
0.0275 -4.55321 -7.85321 -5.98145 -7.32913 2.35321 468.749 4.771e+16 9.24603e-07 1.37881e-05 1.49548e-22 1.05396e-07 182128 0 0 3.36189e-17 0 0 0.0196185 0 0 0 0 0 0 1.70113e+08 1.70113e+08 1.70113e+08 1.70113e+08 
0.028 -4.54407 -7.84407 -5.9702 -7.3198 2.34407 508.743 4.74729e+16 9.25794e-07 1.37687e-05 1.5557e-22 1.04724e-07 183358 0 0 3.51365e-17 0 0 0.0196185 0 0 0 0 0 0 1.83481e+08 1.83481e+08 1.83481e+08 1.83481e+08 
0.0285 -4.53487 -7.83487 -5.95889 -7.3104 2.33487 551.93 4.7239e+16 9.26989e-07 1.37496e-05 1.62081e-22 1.04064e-07 184582 0 0 3.67699e-17 0 0 0.0196185 0 0 0 0 0 0 1.97834e+08 1.97834e+08 1.97834e+08 1.97834e+08 
0.029 -4.52561 -7.82561 -5.94753 -7.30094 2.32561 598.5 4.70081e+16 9.28187e-07 1.37309e-05 1.69113e-22 1.03414e-07 185801 0 0 3.85276e-17 0 0 0.0196185 0 0 0 0 0 0 2.13224e+08 2.13224e+08 2.13224e+08 2.13224e+08 
0.0295 -4.51629 -7.81629 -5.93612 -7.29143 2.31629 648.65 4.67804e+16 9.2939e-07 1.37125e-05 1.76696e-22 1.02776e-07 187013 0 0 4.04183e-17 0 0 0.0196185 0 0 0 0 0 0 2.29702e+08 2.29702e+08 2.29702e+08 2.29702e+08 
0.03 -4.50691 -7.80691 -5.92467 -7.28186 2.30691 702.585 4.65556e+16 9.30596e-07 1.36946e-05 1.84863e-22 1.02148e-07 188219 0 0 4.24512e-17 0 0 0.0196185 0 0 0 0 0 0 2.47323e+08 2.47323e+08 2.47323e+08 2.47323e+08 
0.0305 -4.49747 -7.79747 -5.91318 -7.27222 2.29747 760.519 4.63337e+16 9.31806e-07 1.3677e-05 1.93648e-22 1.01531e-07 189420 0 0 4.46359e-17 0 0 0.0196185 0 0 0 0 0 0 2.66143e+08 2.66143e+08 2.66143e+08 2.66143e+08 
0.031 -4.48797 -7.78797 -5.90164 -7.26253 2.28797 822.675 4.61146e+16 9.33019e-07 1.36597e-05 2.03087e-22 1.00923e-07 190615 0 0 4.69822e-17 0 0 0.0196185 0 0 0 0 0 0 2.86218e+08 2.86218e+08 2.86218e+08 2.86218e+08 
0.0315 -4.47841 -7.77841 -5.89007 -7.25279 2.27841 889.282 4.58983e+16 9.34236e-07 1.36428e-05 2.13218e-22 1.00325e-07 191804 0 0 4.95006e-17 0 0 0.0196185 0 0 0 0 0 0 3.07609e+08 3.07609e+08 3.07609e+08 3.07609e+08 
0.032 -4.46879 -7.76879 -5.87845 -7.24298 2.26879 960.58 4.56848e+16 9.35457e-07 1.36262e-05 2.24077e-22 9.97374e-08 192988 0 0 5.22019e-17 0 0 0.0196185 0 0 0 0 0 0 3.30378e+08 3.30378e+08 3.30378e+08 3.30378e+08 
0.0325 -4.45911 -7.75911 -5.86679 -7.23312 2.25911 1036.82 4.54739e+16 9.36681e-07 1.361e-05 2.35707e-22 9.91586e-08 194166 0 0 5.50972e-17 0 0 0.0196185 0 0 0 0 0 0 3.54587e+08 3.54587e+08 3.54587e+08 3.54587e+08 
0.033 -4.44937 -7.74937 -5.85509 -7.22319 2.24937 1118.26 4.52655e+16 9.37908e-07 1.35941e-05 2.48149e-22 9.85889e-08 195339 0 0 5.81985e-17 0 0 0.0196185 0 0 0 0 0 0 3.80301e+08 3.80301e+08 3.80301e+08 3.80301e+08 
0.0335 -4.43957 -7.73957 -5.84336 -7.21322 2.23957 1205.16 4.50598e+16 9.39138e-07 1.35785e-05 2.61446e-22 9.80281e-08 196506 0 0 6.15179e-17 0 0 0.0196185 0 0 0 0 0 0 4.0759e+08 4.0759e+08 4.0759e+08 4.0759e+08 
0.034 -4.42972 -7.72972 -5.83158 -7.20318 2.22972 1297.81 4.48565e+16 9.40372e-07 1.35632e-05 2.75643e-22 9.74759e-08 197668 0 0 6.50683e-17 0 0 0.0196185 0 0 0 0 0 0 4.36522e+08 4.36522e+08 4.36522e+08 4.36522e+08 
0.0345 -4.41981 -7.71981 -5.81977 -7.19309 2.21981 1396.5 4.46556e+16 9.41609e-07 1.35482e-05 2.90789e-22 9.69322e-08 198825 0 0 6.88631e-17 0 0 0.0196185 0 0 0 0 0 0 4.67169e+08 4.67169e+08 4.67169e+08 4.67169e+08 
0.035 -4.40984 -7.70984 -5.80792 -7.18294 2.20984 1501.53 4.44572e+16 9.42849e-07 1.35335e-05 3.06931e-22 9.63967e-08 199977 0 0 7.29162e-17 0 0 0.0196185 0 0 0 0 0 0 4.99606e+08 4.99606e+08 4.99606e+08 4.99606e+08 
0.0355 -4.39981 -7.69981 -5.79604 -7.17274 2.19981 1613.2 4.4261e+16 9.44093e-07 1.35191e-05 3.24122e-22 9.58692e-08 201124 0 0 7.72421e-17 0 0 0.0196185 0 0 0 0 0 0 5.33908e+08 5.33908e+08 5.33908e+08 5.33908e+08 
0.036 -4.38973 -7.68973 -5.78411 -7.16248 2.18973 1731.84 4.40672e+16 9.45339e-07 1.3505e-05 3.42413e-22 9.53497e-08 202265 0 0 8.1856e-17 0 0 0.0196185 0 0 0 0 0 0 5.70156e+08 5.70156e+08 5.70156e+08 5.70156e+08 
0.0365 -4.37958 -7.67958 -5.77215 -7.15216 2.17958 1857.79 4.38756e+16 9.46588e-07 1.34911e-05 3.61861e-22 9.48377e-08 203402 0 0 8.67738e-17 0 0 0.0196185 0 0 0 0 0 0 6.08429e+08 6.08429e+08 6.08429e+08 6.08429e+08 
0.037 -4.36939 -7.66939 -5.76015 -7.14179 2.16939 1991.38 4.36861e+16 9.47841e-07 1.34776e-05 3.82522e-22 9.43333e-08 204534 0 0 9.20119e-17 0 0 0.0196185 0 0 0 0 0 0 6.48813e+08 6.48813e+08 6.48813e+08 6.48813e+08 
0.0375 -4.35913 -7.65913 -5.74812 -7.13137 2.15913 2132.99 4.34989e+16 9.49096e-07 1.34643e-05 4.04455e-22 9.38363e-08 205661 0 0 9.75874e-17 0 0 0.0196185 0 0 0 0 0 0 6.91393e+08 6.91393e+08 6.91393e+08 6.91393e+08 
0.038 -4.34882 -7.64882 -5.73605 -7.12089 2.14882 2282.97 4.33137e+16 9.50355e-07 1.34512e-05 4.27722e-22 9.33464e-08 206783 0 0 1.03518e-16 0 0 0.0196185 0 0 0 0 0 0 7.36257e+08 7.36257e+08 7.36257e+08 7.36257e+08 
0.0385 -4.33845 -7.63845 -5.72394 -7.11035 2.13845 2441.72 4.31306e+16 9.51616e-07 1.34384e-05 4.52387e-22 9.28634e-08 207900 0 0 1.09823e-16 0 0 0.0196185 0 0 0 0 0 0 7.83497e+08 7.83497e+08 7.83497e+08 7.83497e+08 
0.039 -4.32803 -7.62803 -5.71179 -7.09976 2.12803 2609.63 4.29496e+16 9.5288e-07 1.34259e-05 4.78516e-22 9.23874e-08 209013 0 0 1.16521e-16 0 0 0.0196185 0 0 0 0 0 0 8.33206e+08 8.33206e+08 8.33206e+08 8.33206e+08 
0.0395 -4.31755 -7.61755 -5.69961 -7.08912 2.11755 2787.1 4.27705e+16 9.54147e-07 1.34136e-05 5.06176e-22 9.1918e-08 210121 0 0 1.23632e-16 0 0 0.0196185 0 0 0 0 0 0 8.85481e+08 8.85481e+08 8.85481e+08 8.85481e+08 
0.04 -4.30702 -7.60702 -5.68739 -7.07842 2.10702 2974.56 4.25934e+16 9.55417e-07 1.34016e-05 5.35438e-22 9.14552e-08 211224 0 0 1.31177e-16 0 0 0.0196185 0 0 0 0 0 0 9.40419e+08 9.40419e+08 9.40419e+08 9.40419e+08 
0.0405 -4.29643 -7.59643 -5.67513 -7.06766 2.09643 3172.44 4.24181e+16 9.5669e-07 1.33898e-05 5.66376e-22 9.09987e-08 212323 0 0 1.39178e-16 0 0 0.0196185 0 0 0 0 0 0 9.98123e+08 9.98123e+08 9.98123e+08 9.98123e+08 
0.041 -4.28578 -7.58578 -5.66283 -7.05686 2.08578 3381.2 4.22448e+16 9.57965e-07 1.33782e-05 5.99065e-22 9.05486e-08 213417 0 0 1.47656e-16 0 0 0.0196185 0 0 0 0 0 0 1.05869e+09 1.05869e+09 1.05869e+09 1.05869e+09 
0.0415 -4.27509 -7.57509 -5.6505 -7.046 2.07509 3601.29 4.20733e+16 9.59244e-07 1.33669e-05 6.33583e-22 9.01045e-08 214507 0 0 1.56637e-16 0 0 0.0196185 0 0 0 0 0 0 1.12224e+09 1.12224e+09 1.12224e+09 1.12224e+09 
0.042 -4.26433 -7.56433 -5.63813 -7.03509 2.06433 3833.18 4.19036e+16 9.60525e-07 1.33558e-05 6.70009e-22 8.96665e-08 215592 0 0 1.66143e-16 0 0 0.0196185 0 0 0 0 0 0 1.18887e+09 1.18887e+09 1.18887e+09 1.18887e+09 
0.0425 -4.25353 -7.55353 -5.62572 -7.02412 2.05353 4077.38 4.17356e+16 9.61809e-07 1.33449e-05 7.08428e-22 8.92343e-08 216673 0 0 1.76199e-16 0 0 0.0196185 0 0 0 0 0 0 1.2587e+09 1.2587e+09 1.2587e+09 1.2587e+09 
0.043 -4.24267 -7.54267 -5.61328 -7.0131 2.04267 4334.38 4.15695e+16 9.63095e-07 1.33342e-05 7.48924e-22 8.88079e-08 217750 0 0 1.86832e-16 0 0 0.0196185 0 0 0 0 0 0 1.33183e+09 1.33183e+09 1.33183e+09 1.33183e+09 
0.0435 -4.23175 -7.53175 -5.60079 -7.00203 2.03175 4604.69 4.1405e+16 9.64385e-07 1.33237e-05 7.91587e-22 8.83871e-08 218822 0 0 1.98069e-16 0 0 0.0196185 0 0 0 0 0 0 1.40839e+09 1.40839e+09 1.40839e+09 1.40839e+09 
0.044 -4.22078 -7.52078 -5.58827 -6.9909 2.02078 4888.86 4.12422e+16 9.65676e-07 1.33135e-05 8.36506e-22 8.79718e-08 219891 0 0 2.09936e-16 0 0 0.0196185 0 0 0 0 0 0 1.48849e+09 1.48849e+09 1.48849e+09 1.48849e+09 
0.0445 -4.20976 -7.50976 -5.57571 -6.97973 2.00976 5187.43 4.1081e+16 9.66971e-07 1.33034e-05 8.83775e-22 8.75619e-08 220955 0 0 2.22464e-16 0 0 0.0196185 0 0 0 0 0 0 1.57226e+09 1.57226e+09 1.57226e+09 1.57226e+09 
0.045 -4.19869 -7.49869 -5.56312 -6.9685 1.99869 5500.95 4.09215e+16 9.68268e-07 1.32936e-05 9.33492e-22 8.71574e-08 222015 0 0 2.35681e-16 0 0 0.0196185 0 0 0 0 0 0 1.65981e+09 1.65981e+09 1.65981e+09 1.65981e+09 
0.0455 -4.18756 -7.48756 -5.55048 -6.95722 1.98756 5830.01 4.07635e+16 9.69568e-07 1.32839e-05 9.85754e-22 8.67579e-08 223070 0 0 2.49618e-16 0 0 0.0196185 0 0 0 0 0 0 1.75129e+09 1.75129e+09 1.75129e+09 1.75129e+09 
0.046 -4.17638 -7.47638 -5.53781 -6.94589 1.97638 6175.2 4.06071e+16 9.7087e-07 1.32745e-05 1.04066e-21 8.63636e-08 224122 0 0 2.64308e-16 0 0 0.0196185 0 0 0 0 0 0 1.8468e+09 1.8468e+09 1.8468e+09 1.8468e+09 
0.0465 -4.16515 -7.46515 -5.5251 -6.9345 1.96515 6537.12 4.04523e+16 9.72175e-07 1.32652e-05 1.09833e-21 8.59743e-08 225170 0 0 2.79783e-16 0 0 0.0196185 0 0 0 0 0 0 1.9465e+09 1.9465e+09 1.9465e+09 1.9465e+09 
0.047 -4.15387 -7.45387 -5.51236 -6.92307 1.95387 6916.4 4.02989e+16 9.73483e-07 1.32562e-05 1.15885e-21 8.55898e-08 226214 0 0 2.96076e-16 0 0 0.0196185 0 0 0 0 0 0 2.05051e+09 2.05051e+09 2.05051e+09 2.05051e+09 
0.0475 -4.14253 -7.44253 -5.49957 -6.91158 1.94253 7313.67 4.01471e+16 9.74793e-07 1.32473e-05 1.22235e-21 8.52101e-08 227253 0 0 3.13224e-16 0 0 0.0196185 0 0 0 0 0 0 2.15897e+09 2.15897e+09 2.15897e+09 2.15897e+09 
0.048 -4.13114 -7.43114 -5.48675 -6.90004 1.93114 7729.58 3.99967e+16 9.76105e-07 1.32386e-05 1.28893e-21 8.48351e-08 228289 0 0 3.31261e-16 0 0 0.0196185 0 0 0 0 0 0 2.27201e+09 2.27201e+09 2.27201e+09 2.27201e+09 
0.0485 -4.1197 -7.4197 -5.47389 -6.88846 1.9197 8164.81 3.98477e+16 9.7742e-07 1.32301e-05 1.35872e-21 8.44647e-08 229321 0 0 3.50225e-16 0 0 0.0196185 0 0 0 0 0 0 2.38979e+09 2.38979e+09 2.38979e+09 2.38979e+09 
0.049 -4.10821 -7.40821 -5.46099 -6.87682 1.90821 8620.04 3.97001e+16 9.78738e-07 1.32217e-05 1.43183e-21 8.40988e-08 230349 0 0 3.70154e-16 0 0 0.0196185 0 0 0 0 0 0 2.51245e+09 2.51245e+09 2.51245e+09 2.51245e+09 
0.0495 -4.09666 -7.39666 -5.44805 -6.86513 1.89666 9095.96 3.95539e+16 9.80058e-07 1.32135e-05 1.50838e-21 8.37374e-08 231374 0 0 3.91089e-16 0 0 0.0196185 0 0 0 0 0 0 2.64012e+09 2.64012e+09 2.64012e+09 2.64012e+09 
0.05 -4.08507 -7.38507 -5.43508 -6.85339 1.88507 9593.3 3.94091e+16 9.81381e-07 1.32055e-05 1.58851e-21 8.33802e-08 232394 0 0 4.13068e-16 0 0 0.0196185 0 0 0 0 0 0 2.77298e+09 2.77298e+09 2.77298e+09 2.77298e+09 
0.0505 -4.07343 -7.37343 -5.42206 -6.8416 1.87343 10112.8 3.92656e+16 9.82705e-07 1.31977e-05 1.67233e-21 8.30274e-08 233411 0 0 4.36136e-16 0 0 0.0196185 0 0 0 0 0 0 2.91116e+09 2.91116e+09 2.91116e+09 2.91116e+09 
0.051 -4.06173 -7.36173 -5.40901 -6.82976 1.86173 10655.2 3.91235e+16 9.84033e-07 1.319e-05 1.76e-21 8.26787e-08 234424 0 0 4.60333e-16 0 0 0.0196185 0 0 0 0 0 0 3.05482e+09 3.05482e+09 3.05482e+09 3.05482e+09 
0.0515 -4.04998 -7.34998 -5.39592 -6.81787 1.84998 11221.2 3.89826e+16 9.85362e-07 1.31825e-05 1.85163e-21 8.23341e-08 235434 0 0 4.85706e-16 0 0 0.0196185 0 0 0 0 0 0 3.20412e+09 3.20412e+09 3.20412e+09 3.20412e+09 
0.052 -4.03819 -7.33819 -5.3828 -6.80593 1.83819 11811.7 3.8843e+16 9.86695e-07 1.31752e-05 1.94737e-21 8.19936e-08 236440 0 0 5.12299e-16 0 0 0.0196185 0 0 0 0 0 0 3.35922e+09 3.35922e+09 3.35922e+09 3.35922e+09 
0.0525 -4.02634 -7.32634 -5.36963 -6.79394 1.82634 12427.4 3.87047e+16 9.88029e-07 1.3168e-05 2.04736e-21 8.1657e-08 237442 0 0 5.4016e-16 0 0 0.0196185 0 0 0 0 0 0 3.52029e+09 3.52029e+09 3.52029e+09 3.52029e+09 
0.053 -4.01444 -7.31444 -5.35643 -6.78191 1.81444 13069.2 3.85676e+16 9.89366e-07 1.3161e-05 2.15176e-21 8.13242e-08 238441 0 0 5.69337e-16 0 0 0.0196185 0 0 0 0 0 0 3.68749e+09 3.68749e+09 3.68749e+09 3.68749e+09 
0.0535 -4.00249 -7.30249 -5.34319 -6.76982 1.80249 13737.9 3.84317e+16 9.90705e-07 1.31541e-05 2.2607e-21 8.09953e-08 239436 0 0 5.99879e-16 0 0 0.0196185 0 0 0 0 0 0 3.86098e+09 3.86098e+09 3.86098e+09 3.86098e+09 
0.054 -3.9905 -7.2905 -5.32991 -6.75769 1.7905 14434.3 3.8297e+16 9.92047e-07 1.31473e-05 2.37434e-21 8.06702e-08 240428 0 0 6.31837e-16 0 0 0.0196185 0 0 0 0 0 0 4.04095e+09 4.04095e+09 4.04095e+09 4.04095e+09 
0.0545 -3.97845 -7.27845 -5.31659 -6.7455 1.77845 15159.3 3.81635e+16 9.9339e-07 1.31408e-05 2.49284e-21 8.03487e-08 241416 0 0 6.65264e-16 0 0 0.0196185 0 0 0 0 0 0 4.22755e+09 4.22755e+09 4.22755e+09 4.22755e+09 
0.055 -3.96636 -7.26636 -5.30323 -6.73327 1.76636 15913.7 3.80311e+16 9.94736e-07 1.31343e-05 2.61635e-21 8.00308e-08 242401 0 0 7.00213e-16 0 0 0.0196185 0 0 0 0 0 0 4.42097e+09 4.42097e+09 4.42097e+09 4.42097e+09 
0.0555 -3.95421 -7.25421 -5.28984 -6.72099 1.75421 16698.6 3.78999e+16 9.96085e-07 1.3128e-05 2.74504e-21 7.97164e-08 243382 0 0 7.36739e-16 0 0 0.0196185 0 0 0 0 0 0 4.62139e+09 4.62139e+09 4.62139e+09 4.62139e+09 
0.056 -3.94202 -7.24202 -5.27641 -6.70866 1.74202 17514.8 3.77699e+16 9.97435e-07 1.31219e-05 2.87909e-21 7.94056e-08 244360 0 0 7.749e-16 0 0 0.0196185 0 0 0 0 0 0 4.82899e+09 4.82899e+09 4.82899e+09 4.82899e+09 
0.0565 -3.92978 -7.22978 -5.26294 -6.69628 1.72978 18363.2 3.76409e+16 9.98788e-07 1.31158e-05 3.01865e-21 7.90981e-08 245335 0 0 8.14752e-16 0 0 0.0196185 0 0 0 0 0 0 5.04394e+09 5.04394e+09 5.04394e+09 5.04394e+09 
0.057 -3.91748 -7.21748 -5.24943 -6.68386 1.71748 19244.7 3.7513e+16 1.00014e-06 1.311e-05 3.1639e-21 7.87941e-08 246306 0 0 8.56357e-16 0 0 0.0196185 0 0 0 0 0 0 5.26645e+09 5.26645e+09 5.26645e+09 5.26645e+09 
0.0575 -3.90515 -7.20515 -5.23589 -6.67138 1.70515 20160.5 3.73862e+16 1.0015e-06 1.31042e-05 3.31502e-21 7.84933e-08 247275 0 0 8.99773e-16 0 0 0.0196185 0 0 0 0 0 0 5.49668e+09 5.49668e+09 5.49668e+09 5.49668e+09 
0.058 -3.89276 -7.19276 -5.2223 -6.65886 1.69276 21111.3 3.72605e+16 1.00286e-06 1.30986e-05 3.47219e-21 7.81958e-08 248239 0 0 9.45065e-16 0 0 0.0196185 0 0 0 0 0 0 5.73484e+09 5.73484e+09 5.73484e+09 5.73484e+09 
0.0585 -3.88032 -7.18032 -5.20868 -6.64629 1.68032 22098.3 3.71358e+16 1.00422e-06 1.30931e-05 3.6356e-21 7.79015e-08 249201 0 0 9.92295e-16 0 0 0.0196185 0 0 0 0 0 0 5.98112e+09 5.98112e+09 5.98112e+09 5.98112e+09 
0.059 -3.86784 -7.16784 -5.19502 -6.63368 1.66784 23122.5 3.70121e+16 1.00559e-06 1.30878e-05 3.80543e-21 7.76103e-08 250159 0 0 1.04153e-15 0 0 0.0196185 0 0 0 0 0 0 6.23571e+09 6.23571e+09 6.23571e+09 6.23571e+09 
0.0595 -3.85531 -7.15531 -5.18132 -6.62102 1.65531 24184.8 3.68894e+16 1.00695e-06 1.30825e-05 3.98188e-21 7.73222e-08 251114 0 0 1.09284e-15 0 0 0.0196185 0 0 0 0 0 0 6.49881e+09 6.49881e+09 6.49881e+09 6.49881e+09 
0.06 -3.84273 -7.14273 -5.16759 -6.60831 1.64273 25286.4 3.67678e+16 1.00832e-06 1.30774e-05 4.16515e-21 7.70372e-08 252066 0 0 1.14628e-15 0 0 0.0196185 0 0 0 0 0 0 6.77062e+09 6.77062e+09 6.77062e+09 6.77062e+09 
0.0605 -3.8301 -7.1301 -5.15381 -6.59555 1.6301 26428.3 3.66471e+16 1.00969e-06 1.30725e-05 4.35543e-21 7.67551e-08 253015 0 0 1.20194e-15 0 0 0.0196185 0 0 0 0 0 0 7.05134e+09 7.05134e+09 7.05134e+09 7.05134e+09 
0.061 -3.81742 -7.11742 -5.14 -6.58275 1.61742 27611.6 3.65274e+16 1.01106e-06 1.30676e-05 4.55292e-21 7.6476e-08 253961 0 0 1.25988e-15 0 0 0.0196185 0 0 0 0 0 0 7.34118e+09 7.34118e+09 7.34118e+09 7.34118e+09 
0.0615 -3.8047 -7.1047 -5.12615 -6.5699 1.6047 28837.5 3.64087e+16 1.01244e-06 1.30629e-05 4.75785e-21 7.61997e-08 254904 0 0 1.32018e-15 0 0 0.0196185 0 0 0 0 0 0 7.64035e+09 7.64035e+09 7.64035e+09 7.64035e+09 
0.062 -3.79193 -7.09193 -5.11227 -6.557 1.59193 30106.9 3.62909e+16 1.01382e-06 1.30582e-05 4.97041e-21 7.59263e-08 255844 0 0 1.38291e-15 0 0 0.0196185 0 0 0 0 0 0 7.94905e+09 7.94905e+09 7.94905e+09 7.94905e+09 
0.0625 -3.77912 -7.07912 -5.09834 -6.54406 1.57912 31421.2 3.6174e+16 1.01519e-06 1.30537e-05 5.19083e-21 7.56557e-08 256780 0 0 1.44815e-15 0 0 0.0196185 0 0 0 0 0 0 8.26749e+09 8.26749e+09 8.26749e+09 8.26749e+09 
0.063 -3.76626 -7.06626 -5.08438 -6.53107 1.56626 32781.4 3.60581e+16 1.01657e-06 1.30494e-05 5.41931e-21 7.53879e-08 257714 0 0 1.51597e-15 0 0 0.0196185 0 0 0 0 0 0 8.5959e+09 8.5959e+09 8.5959e+09 8.5959e+09 
0.0635 -3.75335 -7.05335 -5.07038 -6.51803 1.55335 34188.6 3.5943e+16 1.01796e-06 1.30451e-05 5.6561e-21 7.51228e-08 258644 0 0 1.58646e-15 0 0 0.0196185 0 0 0 0 0 0 8.93447e+09 8.93447e+09 8.93447e+09 8.93447e+09 
0.064 -3.74039 -7.04039 -5.05634 -6.50495 1.54039 35644.2 3.58289e+16 1.01934e-06 1.30409e-05 5.90141e-21 7.48603e-08 259572 0 0 1.6597e-15 0 0 0.0196185 0 0 0 0 0 0 9.28344e+09 9.28344e+09 9.28344e+09 9.28344e+09 
0.0645 -3.72739 -7.02739 -5.04227 -6.49183 1.52739 37149.3 3.57156e+16 1.02073e-06 1.30369e-05 6.15547e-21 7.46004e-08 260497 0 0 1.73578e-15 0 0 0.0196185 0 0 0 0 0 0 9.64302e+09 9.64302e+09 9.64302e+09 9.64302e+09 
0.065 -3.71434 -7.01434 -5.02816 -6.47866 1.51434 38705.1 3.56032e+16 1.02212e-06 1.30329e-05 6.41853e-21 7.43432e-08 261419 0 0 1.81477e-15 0 0 0.0196185 0 0 0 0 0 0 1.00134e+10 1.00134e+10 1.00134e+10 1.00134e+10 
0.0655 -3.70125 -7.00125 -5.014 -6.46544 1.50125 40313 3.54916e+16 1.02351e-06 1.30291e-05 6.69081e-21 7.40884e-08 262337 0 0 1.89677e-15 0 0 0.0196185 0 0 0 0 0 0 1.03949e+10 1.03949e+10 1.03949e+10 1.03949e+10 
0.066 -3.68811 -6.98811 -4.99982 -6.45218 1.48811 41974 3.53809e+16 1.0249e-06 1.30254e-05 6.97257e-21 7.38362e-08 263253 0 0 1.98187e-15 0 0 0.0196185 0 0 0 0 0 0 1.07877e+10 1.07877e+10 1.07877e+10 1.07877e+10 
0.0665 -3.67492 -6.97492 -4.98559 -6.43887 1.47492 43689.6 3.52711e+16 1.0263e-06 1.30217e-05 7.26404e-21 7.35864e-08 264167 0 0 2.07015e-15 0 0 0.0196185 0 0 0 0 0 0 1.11919e+10 1.11919e+10 1.11919e+10 1.11919e+10 
0.067 -3.66169 -6.96169 -4.97133 -6.42552 1.46169 45461 3.5162e+16 1.0277e-06 1.30182e-05 7.56549e-21 7.33391e-08 265077 0 0 2.16171e-15 0 0 0.0196185 0 0 0 0 0 0 1.1608e+10 1.1608e+10 1.1608e+10 1.1608e+10 
0.0675 -3.64841 -6.94841 -4.95703 -6.41212 1.44841 47289.5 3.50538e+16 1.0291e-06 1.30148e-05 7.87716e-21 7.30941e-08 265985 0 0 2.25665e-15 0 0 0.0196185 0 0 0 0 0 0 1.2036e+10 1.2036e+10 1.2036e+10 1.2036e+10 
0.068 -3.63509 -6.93509 -4.94269 -6.39868 1.43509 49176.4 3.49464e+16 1.0305e-06 1.30115e-05 8.19932e-21 7.28515e-08 266889 0 0 2.35506e-15 0 0 0.0196185 0 0 0 0 0 0 1.24761e+10 1.24761e+10 1.24761e+10 1.24761e+10 
0.0685 -3.62173 -6.92173 -4.92832 -6.38519 1.42173 51123.2 3.48398e+16 1.0319e-06 1.30082e-05 8.53223e-21 7.26113e-08 267791 0 0 2.45703e-15 0 0 0.0196185 0 0 0 0 0 0 1.29288e+10 1.29288e+10 1.29288e+10 1.29288e+10 
0.069 -3.60831 -6.90831 -4.9139 -6.37166 1.40831 53131.1 3.47339e+16 1.03331e-06 1.30051e-05 8.87616e-21 7.23732e-08 268691 0 0 2.56268e-15 0 0 0.0196185 0 0 0 0 0 0 1.33941e+10 1.33941e+10 1.33941e+10 1.33941e+10 
0.0695 -3.59486 -6.89486 -4.89945 -6.35808 1.39486 55201.5 3.46288e+16 1.03471e-06 1.30021e-05 9.23137e-21 7.21375e-08 269587 0 0 2.67209e-15 0 0 0.0196185 0 0 0 0 0 0 1.38724e+10 1.38724e+10 1.38724e+10 1.38724e+10 
0.07 -3.58135 -6.88135 -4.88497 -6.34446 1.38135 57335.9 3.45245e+16 1.03612e-06 1.29992e-05 9.59815e-21 7.1904e-08 270481 0 0 2.78539e-15 0 0 0.0196185 0 0 0 0 0 0 1.43638e+10 1.43638e+10 1.43638e+10 1.43638e+10 
0.0705 -3.56781 -6.86781 -4.87044 -6.3308 1.36781 59535.6 3.44209e+16 1.03753e-06 1.29963e-05 9.97677e-21 7.16726e-08 271372 0 0 2.90266e-15 0 0 0.0196185 0 0 0 0 0 0 1.48686e+10 1.48686e+10 1.48686e+10 1.48686e+10 
0.071 -3.55422 -6.85422 -4.85588 -6.31709 1.35422 61802.1 3.43181e+16 1.03894e-06 1.29936e-05 1.03675e-20 7.14434e-08 272260 0 0 3.02403e-15 0 0 0.0196185 0 0 0 0 0 0 1.53871e+10 1.53871e+10 1.53871e+10 1.53871e+10 
0.0715 -3.54058 -6.84058 -4.84128 -6.30334 1.34058 64136.8 3.4216e+16 1.04036e-06 1.29909e-05 1.07707e-20 7.12163e-08 273146 0 0 3.14959e-15 0 0 0.0196185 0 0 0 0 0 0 1.59194e+10 1.59194e+10 1.59194e+10 1.59194e+10 
0.072 -3.5269 -6.8269 -4.82665 -6.28954 1.3269 66541.2 3.41146e+16 1.04178e-06 1.29883e-05 1.11866e-20 7.09913e-08 274029 0 0 3.27946e-15 0 0 0.0196185 0 0 0 0 0 0 1.64659e+10 1.64659e+10 1.64659e+10 1.64659e+10 
0.0725 -3.51318 -6.81318 -4.81198 -6.2757 1.31318 69016.7 3.4014e+16 1.04319e-06 1.29859e-05 1.16154e-20 7.07683e-08 274910 0 0 3.41377e-15 0 0 0.0196185 0 0 0 0 0 0 1.70268e+10 1.70268e+10 1.70268e+10 1.70268e+10 
0.073 -3.49941 -6.79941 -4.79727 -6.26182 1.29941 71564.8 3.3914e+16 1.04462e-06 1.29835e-05 1.20576e-20 7.05474e-08 275788 0 0 3.55261e-15 0 0 0.0196185 0 0 0 0 0 0 1.76024e+10 1.76024e+10 1.76024e+10 1.76024e+10 
0.0735 -3.4856 -6.7856 -4.78252 -6.24789 1.2856 74187.1 3.38148e+16 1.04604e-06 1.29812e-05 1.25134e-20 7.03285e-08 276663 0 0 3.69611e-15 0 0 0.0196185 0 0 0 0 0 0 1.81928e+10 1.81928e+10 1.81928e+10 1.81928e+10 
0.074 -3.47175 -6.77175 -4.76774 -6.23392 1.27175 76885.1 3.37162e+16 1.04746e-06 1.2979e-05 1.29831e-20 7.01115e-08 277536 0 0 3.84439e-15 0 0 0.0196185 0 0 0 0 0 0 1.87984e+10 1.87984e+10 1.87984e+10 1.87984e+10 
0.0745 -3.45785 -6.75785 -4.75292 -6.21991 1.25785 79660.2 3.36183e+16 1.04889e-06 1.29768e-05 1.3467e-20 6.98965e-08 278407 0 0 3.99757e-15 0 0 0.0196185 0 0 0 0 0 0 1.94194e+10 1.94194e+10 1.94194e+10 1.94194e+10 
0.075 -3.44391 -6.74391 -4.73806 -6.20586 1.24391 82514.1 3.35211e+16 1.05032e-06 1.29748e-05 1.39655e-20 6.96834e-08 279274 0 0 4.15578e-15 0 0 0.0196185 0 0 0 0 0 0 2.00561e+10 2.00561e+10 2.00561e+10 2.00561e+10 
0.0755 -3.42992 -6.72992 -4.72317 -6.19176 1.22992 85448.3 3.34246e+16 1.05174e-06 1.29728e-05 1.44788e-20 6.94722e-08 280140 0 0 4.31914e-15 0 0 0.0196185 0 0 0 0 0 0 2.07087e+10 2.07087e+10 2.07087e+10 2.07087e+10 
0.076 -3.41589 -6.71589 -4.70824 -6.17762 1.21589 88464.5 3.33287e+16 1.05318e-06 1.2971e-05 1.50074e-20 6.92629e-08 281002 0 0 4.48778e-15 0 0 0.0196185 0 0 0 0 0 0 2.13775e+10 2.13775e+10 2.13775e+10 2.13775e+10 
0.0765 -3.40182 -6.70182 -4.69327 -6.16343 1.20182 91564.1 3.32335e+16 1.05461e-06 1.29692e-05 1.55514e-20 6.90554e-08 281863 0 0 4.66183e-15 0 0 0.0196185 0 0 0 0 0 0 2.20627e+10 2.20627e+10 2.20627e+10 2.20627e+10 
0.077 -3.3877 -6.6877 -4.67827 -6.14921 1.1877 94748.9 3.31389e+16 1.05604e-06 1.29674e-05 1.61113e-20 6.88497e-08 282721 0 0 4.84142e-15 0 0 0.0196185 0 0 0 0 0 0 2.27646e+10 2.27646e+10 2.27646e+10 2.27646e+10 
0.0775 -3.37355 -6.67355 -4.66323 -6.13494 1.17355 98020.3 3.30449e+16 1.05748e-06 1.29658e-05 1.66874e-20 6.86458e-08 283576 0 0 5.02669e-15 0 0 0.0196185 0 0 0 0 0 0 2.34835e+10 2.34835e+10 2.34835e+10 2.34835e+10 
0.078 -3.35935 -6.65935 -4.64816 -6.12063 1.15935 101380 3.29516e+16 1.05892e-06 1.29642e-05 1.728e-20 6.84436e-08 284429 0 0 5.21778e-15 0 0 0.0196185 0 0 0 0 0 0 2.42197e+10 2.42197e+10 2.42197e+10 2.42197e+10 
0.0785 -3.3451 -6.6451 -4.63304 -6.10628 1.1451 104830 3.28588e+16 1.06036e-06 1.29627e-05 1.78895e-20 6.82432e-08 285280 0 0 5.41481e-15 0 0 0.0196185 0 0 0 0 0 0 2.49733e+10 2.49733e+10 2.49733e+10 2.49733e+10 
0.079 -3.33082 -6.63082 -4.6179 -6.09188 1.13082 108372 3.27667e+16 1.0618e-06 1.29613e-05 1.85163e-20 6.80445e-08 286128 0 0 5.61794e-15 0 0 0.0196185 0 0 0 0 0 0 2.57447e+10 2.57447e+10 2.57447e+10 2.57447e+10 
0.0795 -3.31649 -6.61649 -4.60271 -6.07744 1.11649 112007 3.26752e+16 1.06325e-06 1.296e-05 1.91606e-20 6.78475e-08 286974 0 0 5.8273e-15 0 0 0.0196185 0 0 0 0 0 0 2.65341e+10 2.65341e+10 2.65341e+10 2.65341e+10 
0.08 -3.30212 -6.60212 -4.58749 -6.06296 1.10212 115737 3.25843e+16 1.06469e-06 1.29587e-05 1.98228e-20 6.76521e-08 287817 0 0 6.04304e-15 0 0 0.0196185 0 0 0 0 0 0 2.73419e+10 2.73419e+10 2.73419e+10 2.73419e+10 
0.0805 -3.28771 -6.58771 -4.57223 -6.04844 1.08771 119564 3.2494e+16 1.06614e-06 1.29575e-05 2.05033e-20 6.74585e-08 288658 0 0 6.26532e-15 0 0 0.0196185 0 0 0 0 0 0 2.81682e+10 2.81682e+10 2.81682e+10 2.81682e+10 
0.081 -3.27326 -6.57326 -4.55694 -6.03388 1.07326 123489 3.24043e+16 1.06759e-06 1.29564e-05 2.12025e-20 6.72664e-08 289497 0 0 6.49427e-15 0 0 0.0196185 0 0 0 0 0 0 2.90133e+10 2.90133e+10 2.90133e+10 2.90133e+10 
0.0815 -3.25876 -6.55876 -4.54161 -6.01928 1.05876 127515 3.23151e+16 1.06904e-06 1.29554e-05 2.19207e-20 6.70759e-08 290334 0 0 6.73004e-15 0 0 0.0196185 0 0 0 0 0 0 2.98776e+10 2.98776e+10 2.98776e+10 2.98776e+10 
0.082 -3.24422 -6.54422 -4.52625 -6.00463 1.04422 131643 3.22265e+16 1.07049e-06 1.29544e-05 2.26584e-20 6.6887e-08 291168 0 0 6.9728e-15 0 0 0.0196185 0 0 0 0 0 0 3.07613e+10 3.07613e+10 3.07613e+10 3.07613e+10 
0.0825 -3.22964 -6.52964 -4.51084 -5.98995 1.02964 135874 3.21385e+16 1.07195e-06 1.29535e-05 2.34158e-20 6.66997e-08 292000 0 0 7.2227e-15 0 0 0.0196185 0 0 0 0 0 0 3.16646e+10 3.16646e+10 3.16646e+10 3.16646e+10 
0.083 -3.21502 -6.51502 -4.49541 -5.97522 1.01502 140212 3.2051e+16 1.0734e-06 1.29527e-05 2.41934e-20 6.65139e-08 292829 0 0 7.4799e-15 0 0 0.0196185 0 0 0 0 0 0 3.25879e+10 3.25879e+10 3.25879e+10 3.25879e+10 
0.0835 -3.20036 -6.50036 -4.47993 -5.96045 1.00036 144656 3.19641e+16 1.07486e-06 1.29519e-05 2.49915e-20 6.63296e-08 293657 0 0 7.74455e-15 0 0 0.0196185 0 0 0 0 0 0 3.35314e+10 3.35314e+10 3.35314e+10 3.35314e+10 
0.084 -3.18566 -6.48566 -4.46442 -5.94564 0.985657 149210 3.18778e+16 1.07632e-06 1.29512e-05 2.58106e-20 6.61469e-08 294482 0 0 8.01683e-15 0 0 0.0196185 0 0 0 0 0 0 3.44953e+10 3.44953e+10 3.44953e+10 3.44953e+10 
0.0845 -3.17091 -6.47091 -4.44888 -5.93079 0.970912 153874 3.1792e+16 1.07778e-06 1.29506e-05 2.6651e-20 6.59656e-08 295305 0 0 8.29689e-15 0 0 0.0196185 0 0 0 0 0 0 3.54801e+10 3.54801e+10 3.54801e+10 3.54801e+10 
0.085 -3.15613 -6.45613 -4.4333 -5.9159 0.956127 158652 3.17067e+16 1.07924e-06 1.295e-05 2.75131e-20 6.57858e-08 296126 0 0 8.58489e-15 0 0 0.0196185 0 0 0 0 0 0 3.64858e+10 3.64858e+10 3.64858e+10 3.64858e+10 
0.0855 -3.1413 -6.4413 -4.41768 -5.90097 0.9413 163544 3.16219e+16 1.08071e-06 1.29495e-05 2.83974e-20 6.56074e-08 296944 0 0 8.88102e-15 0 0 0.0196185 0 0 0 0 0 0 3.75129e+10 3.75129e+10 3.75129e+10 3.75129e+10 
0.086 -3.12643 -6.42643 -4.40203 -5.886 0.926432 168552 3.15377e+16 1.08217e-06 1.29491e-05 2.93042e-20 6.54305e-08 297761 0 0 9.18545e-15 0 0 0.0196185 0 0 0 0 0 0 3.85616e+10 3.85616e+10 3.85616e+10 3.85616e+10 
0.0865 -3.11152 -6.41152 -4.38634 -5.87099 0.911524 173679 3.1454e+16 1.08364e-06 1.29487e-05 3.0234e-20 6.52549e-08 298575 0 0 9.49833e-15 0 0 0.0196185 0 0 0 0 0 0 3.96322e+10 3.96322e+10 3.96322e+10 3.96322e+10 
0.087 -3.09657 -6.39657 -4.37062 -5.85594 0.896575 178926 3.13708e+16 1.08511e-06 1.29484e-05 3.11871e-20 6.50808e-08 299387 0 0 9.81986e-15 0 0 0.0196185 0 0 0 0 0 0 4.07249e+10 4.07249e+10 4.07249e+10 4.07249e+10 
0.0875 -3.08159 -6.38159 -4.35486 -5.84084 0.881585 184296 3.12881e+16 1.08658e-06 1.29482e-05 3.2164e-20 6.4908e-08 300197 0 0 1.01502e-14 0 0 0.0196185 0 0 0 0 0 0 4.18401e+10 4.18401e+10 4.18401e+10 4.18401e+10 
0.088 -3.06656 -6.36656 -4.33907 -5.82571 0.866555 189789 3.12059e+16 1.08805e-06 1.2948e-05 3.31651e-20 6.47366e-08 301004 0 0 1.04896e-14 0 0 0.0196185 0 0 0 0 0 0 4.2978e+10 4.2978e+10 4.2978e+10 4.2978e+10 
0.0885 -3.05148 -6.35148 -4.32324 -5.81054 0.851485 195408 3.11242e+16 1.08953e-06 1.29479e-05 3.41908e-20 6.45665e-08 301810 0 0 1.08381e-14 0 0 0.0196185 0 0 0 0 0 0 4.41388e+10 4.41388e+10 4.41388e+10 4.41388e+10 
0.089 -3.03637 -6.33637 -4.30738 -5.79533 0.836374 201155 3.10429e+16 1.091e-06 1.29478e-05 3.52415e-20 6.43977e-08 302613 0 0 1.1196e-14 0 0 0.0196185 0 0 0 0 0 0 4.5323e+10 4.5323e+10 4.5323e+10 4.5323e+10 
0.0895 -3.02122 -6.32122 -4.29148 -5.78007 0.821223 207032 3.09622e+16 1.09248e-06 1.29478e-05 3.63178e-20 6.42303e-08 303415 0 0 1.15634e-14 0 0 0.0196185 0 0 0 0 0 0 4.65307e+10 4.65307e+10 4.65307e+10 4.65307e+10 
0.09 -3.00603 -6.30603 -4.27554 -5.76478 0.806033 213040 3.0882e+16 1.09396e-06 1.29479e-05 3.74199e-20 6.40641e-08 304214 0 0 1.19406e-14 0 0 0.0196185 0 0 0 0 0 0 4.77622e+10 4.77622e+10 4.77622e+10 4.77622e+10 
0.0905 -2.9908 -6.2908 -4.25957 -5.74945 0.790802 219182 3.08022e+16 1.09544e-06 1.2948e-05 3.85485e-20 6.38992e-08 305012 0 0 1.23277e-14 0 0 0.0196185 0 0 0 0 0 0 4.90179e+10 4.90179e+10 4.90179e+10 4.90179e+10 
0.091 -2.97553 -6.27553 -4.24357 -5.73408 0.775531 225460 3.07229e+16 1.09692e-06 1.29482e-05 3.97038e-20 6.37356e-08 305807 0 0 1.2725e-14 0 0 0.0196185 0 0 0 0 0 0 5.0298e+10 5.0298e+10 5.0298e+10 5.0298e+10 
0.0915 -2.96022 -6.26022 -4.22753 -5.71867 0.760221 231875 3.06441e+16 1.0984e-06 1.29484e-05 4.08863e-20 6.35732e-08 306600 0 0 1.31326e-14 0 0 0.0196185 0 0 0 0 0 0 5.16028e+10 5.16028e+10 5.16028e+10 5.16028e+10 
0.092 -2.94487 -6.24487 -4.21146 -5.70322 0.744871 238430 3.05657e+16 1.09989e-06 1.29487e-05 4.20966e-20 6.34121e-08 307391 0 0 1.35507e-14 0 0 0.0196185 0 0 0 0 0 0 5.29325e+10 5.29325e+10 5.29325e+10 5.29325e+10 
0.0925 -2.92948 -6.22948 -4.19535 -5.68773 0.729482 245126 3.04878e+16 1.10138e-06 1.29491e-05 4.3335e-20 6.32522e-08 308180 0 0 1.39795e-14 0 0 0.0196185 0 0 0 0 0 0 5.42875e+10 5.42875e+10 5.42875e+10 5.42875e+10 
0.093 -2.91405 -6.21405 -4.1792 -5.6722 0.714053 251966 3.04103e+16 1.10286e-06 1.29495e-05 4.46021e-20 6.30934e-08 308967 0 0 1.44193e-14 0 0 0.0196185 0 0 0 0 0 0 5.5668e+10 5.5668e+10 5.5668e+10 5.5668e+10 
0.0935 -2.89859 -6.19859 -4.16302 -5.65664 0.698585 258951 3.03333e+16 1.10435e-06 1.295e-05 4.58982e-20 6.29359e-08 309752 0 0 1.48701e-14 0 0 0.0196185 0 0 0 0 0 0 5.70743e+10 5.70743e+10 5.70743e+10 5.70743e+10 
0.094 -2.88308 -6.18308 -4.14681 -5.64103 0.683078 266084 3.02567e+16 1.10585e-06 1.29505e-05 4.72238e-20 6.27795e-08 310536 0 0 1.53324e-14 0 0 0.0196185 0 0 0 0 0 0 5.85068e+10 5.85068e+10 5.85068e+10 5.85068e+10 
0.0945 -2.86753 -6.16753 -4.13056 -5.62539 0.667532 273367 3.01806e+16 1.10734e-06 1.2951e-05 4.85795e-20 6.26243e-08 311317 0 0 1.58061e-14 0 0 0.0196185 0 0 0 0 0 0 5.99656e+10 5.99656e+10 5.99656e+10 5.99656e+10 
0.095 -2.85195 -6.15195 -4.11428 -5.60971 0.651946 280801 3.01049e+16 1.10883e-06 1.29517e-05 4.99656e-20 6.24702e-08 312096 0 0 1.62917e-14 0 0 0.0196185 0 0 0 0 0 0 6.1451e+10 6.1451e+10 6.1451e+10 6.1451e+10 
0.0955 -2.83632 -6.13632 -4.09796 -5.59398 0.636322 288388 3.00296e+16 1.11033e-06 1.29523e-05 5.13827e-20 6.23173e-08 312873 0 0 1.67892e-14 0 0 0.0196185 0 0 0 0 0 0 6.29635e+10 6.29635e+10 6.29635e+10 6.29635e+10 
0.096 -2.82066 -6.12066 -4.08161 -5.57822 0.620659 296131 2.99548e+16 1.11183e-06 1.29531e-05 5.28312e-20 6.21654e-08 313648 0 0 1.72989e-14 0 0 0.0196185 0 0 0 0 0 0 6.45031e+10 6.45031e+10 6.45031e+10 6.45031e+10 
0.0965 -2.80496 -6.10496 -4.06522 -5.56243 0.604957 304032 2.98803e+16 1.11333e-06 1.29538e-05 5.43117e-20 6.20147e-08 314422 0 0 1.7821e-14 0 0 0.0196185 0 0 0 0 0 0 6.60702e+10 6.60702e+10 6.60702e+10 6.60702e+10 
0.097 -2.78922 -6.08922 -4.0488 -5.54659 0.589217 312093 2.98063e+16 1.11483e-06 1.29547e-05 5.58245e-20 6.18651e-08 315193 0 0 1.83557e-14 0 0 0.0196185 0 0 0 0 0 0 6.76652e+10 6.76652e+10 6.76652e+10 6.76652e+10 
0.0975 -2.77344 -6.07344 -4.03235 -5.53071 0.573438 320315 2.97328e+16 1.11633e-06 1.29556e-05 5.73702e-20 6.17166e-08 315963 0 0 1.89033e-14 0 0 0.0196185 0 0 0 0 0 0 6.92881e+10 6.92881e+10 6.92881e+10 6.92881e+10 
0.098 -2.75762 -6.05762 -4.01586 -5.5148 0.557621 328702 2.96596e+16 1.11783e-06 1.29565e-05 5.89494e-20 6.15691e-08 316730 0 0 1.94639e-14 0 0 0.0196185 0 0 0 0 0 0 7.09395e+10 7.09395e+10 7.09395e+10 7.09395e+10 
0.0985 -2.74177 -6.04177 -3.99933 -5.49885 0.541765 337254 2.95868e+16 1.11934e-06 1.29575e-05 6.05624e-20 6.14227e-08 317496 0 0 2.00379e-14 0 0 0.0196185 0 0 0 0 0 0 7.26195e+10 7.26195e+10 7.26195e+10 7.26195e+10 
0.099 -2.72587 -6.02587 -3.98278 -5.48286 0.525871 345974 2.95144e+16 1.12084e-06 1.29585e-05 6.22098e-20 6.12773e-08 318260 0 0 2.06254e-14 0 0 0.0196185 0 0 0 0 0 0 7.43283e+10 7.43283e+10 7.43283e+10 7.43283e+10 
0.0995 -2.70994 -6.00994 -3.96618 -5.46683 0.509939 354865 2.94424e+16 1.12235e-06 1.29596e-05 6.3892e-20 6.1133e-08 319022 0 0 2.12267e-14 0 0 0.0196185 0 0 0 0 0 0 7.60664e+10 7.60664e+10 7.60664e+10 7.60664e+10 
0.1 -2.69397 -5.99397 -3.94956 -5.45077 0.493969 363927 2.93709e+16 1.12386e-06 1.29607e-05 6.56097e-20 6.09896e-08 319782 0 0 2.18419e-14 0 0 0.0196185 0 0 0 0 0 0 7.78339e+10 7.78339e+10 7.78339e+10 7.78339e+10 
0.1005 -2.67796 -5.97796 -3.9329 -5.43467 0.477961 373164 2.92997e+16 1.12537e-06 1.29619e-05 6.73632e-20 6.08473e-08 320541 0 0 2.24714e-14 0 0 0.0196185 0 0 0 0 0 0 7.96312e+10 7.96312e+10 7.96312e+10 7.96312e+10 
0.101 -2.66191 -5.96191 -3.9162 -5.41853 0.461915 382578 2.92289e+16 1.12688e-06 1.29631e-05 6.91532e-20 6.0706e-08 321297 0 0 2.31154e-14 0 0 0.0196185 0 0 0 0 0 0 8.14585e+10 8.14585e+10 8.14585e+10 8.14585e+10 
0.1015 -2.64583 -5.94583 -3.89948 -5.40235 0.445831 392170 2.91584e+16 1.1284e-06 1.29644e-05 7.09801e-20 6.05657e-08 322052 0 0 2.37741e-14 0 0 0.0196185 0 0 0 0 0 0 8.33161e+10 8.33161e+10 8.33161e+10 8.33161e+10 
0.102 -2.62971 -5.92971 -3.88271 -5.38613 0.42971 401942 2.90884e+16 1.12991e-06 1.29657e-05 7.28445e-20 6.04264e-08 322805 0 0 2.44478e-14 0 0 0.0196185 0 0 0 0 0 0 8.52043e+10 8.52043e+10 8.52043e+10 8.52043e+10 
0.1025 -2.61355 -5.91355 -3.86592 -5.36988 0.413551 411898 2.90187e+16 1.13143e-06 1.29671e-05 7.47468e-20 6.0288e-08 323556 0 0 2.51366e-14 0 0 0.0196185 0 0 0 0 0 0 8.71233e+10 8.71233e+10 8.71233e+10 8.71233e+10 
0.103 -2.59735 -5.89735 -3.84909 -5.35359 0.397354 422038 2.89494e+16 1.13295e-06 1.29685e-05 7.66876e-20 6.01506e-08 324305 0 0 2.5841e-14 0 0 0.0196185 0 0 0 0 0 0 8.90734e+10 8.90734e+10 8.90734e+10 8.90734e+10 
0.1035 -2.58112 -5.88112 -3.83223 -5.33727 0.38112 432365 2.88805e+16 1.13447e-06 1.29699e-05 7.86674e-20 6.00141e-08 325052 0 0 2.6561e-14 0 0 0.0196185 0 0 0 0 0 0 9.1055e+10 9.1055e+10 9.1055e+10 9.1055e+10 
0.104 -2.56485 -5.86485 -3.81533 -5.3209 0.364849 442881 2.88119e+16 1.13599e-06 1.29714e-05 8.06868e-20 5.98785e-08 325798 0 0 2.7297e-14 0 0 0.0196185 0 0 0 0 0 0 9.30682e+10 9.30682e+10 9.30682e+10 9.30682e+10 
0.1045 -2.54854 -5.84854 -3.7984 -5.3045 0.34854 453589 2.87437e+16 1.13751e-06 1.2973e-05 8.27463e-20 5.97439e-08 326542 0 0 2.80491e-14 0 0 0.0196185 0 0 0 0 0 0 9.51134e+10 9.51134e+10 9.51134e+10 9.51134e+10 
0.105 -2.53219 -5.83219 -3.78144 -5.28807 0.332195 464490 2.86759e+16 1.13903e-06 1.29746e-05 8.48464e-20 5.96102e-08 327284 0 0 2.88178e-14 0 0 0.0196185 0 0 0 0 0 0 9.71908e+10 9.71908e+10 9.71908e+10 9.71908e+10 
0.1055 -2.51581 -5.81581 -3.76444 -5.27159 0.315812 475586 2.86084e+16 1.14056e-06 1.29762e-05 8.69876e-20 5.94774e-08 328024 0 0 2.96032e-14 0 0 0.0196185 0 0 0 0 0 0 9.93006e+10 9.93006e+10 9.93006e+10 9.93006e+10 
0.106 -2.49939 -5.79939 -3.74741 -5.25508 0.299392 486881 2.85413e+16 1.14209e-06 1.29779e-05 8.91706e-20 5.93455e-08 328763 0 0 3.04055e-14 0 0 0.0196185 0 0 0 0 0 0 1.01443e+11 1.01443e+11 1.01443e+11 1.01443e+11 
0.1065 -2.48294 -5.78294 -3.73035 -5.23853 0.282936 498375 2.84745e+16 1.14361e-06 1.29796e-05 9.13958e-20 5.92145e-08 329500 0 0 3.12251e-14 0 0 0.0196185 0 0 0 0 0 0 1.03619e+11 1.03619e+11 1.03619e+11 1.03619e+11 
0.107 -2.46644 -5.76644 -3.71325 -5.22195 0.266442 510071 2.84081e+16 1.14514e-06 1.29814e-05 9.36638e-20 5.90843e-08 330235 0 0 3.20622e-14 0 0 0.0196185 0 0 0 0 0 0 1.05828e+11 1.05828e+11 1.05828e+11 1.05828e+11 
0.1075 -2.44991 -5.74991 -3.69612 -5.20533 0.249912 521971 2.8342e+16 1.14667e-06 1.29832e-05 9.59752e-20 5.89551e-08 330969 0 0 3.29171e-14 0 0 0.0196185 0 0 0 0 0 0 1.08071e+11 1.08071e+11 1.08071e+11 1.08071e+11 
0.108 -2.43335 -5.73335 -3.67896 -5.18867 0.233345 534077 2.82762e+16 1.14821e-06 1.2985e-05 9.83305e-20 5.88266e-08 331701 0 0 3.37901e-14 0 0 0.0196185 0 0 0 0 0 0 1.10347e+11 1.10347e+11 1.10347e+11 1.10347e+11 
0.1085 -2.41674 -5.71674 -3.66176 -5.17198 0.216742 546392 2.82108e+16 1.14974e-06 1.29869e-05 1.0073e-19 5.86991e-08 332431 0 0 3.46813e-14 0 0 0.0196185 0 0 0 0 0 0 1.12657e+11 1.12657e+11 1.12657e+11 1.12657e+11 
0.109 -2.4001 -5.7001 -3.64453 -5.15525 0.200102 558918 2.81457e+16 1.15127e-06 1.29888e-05 1.03175e-19 5.85723e-08 333159 0 0 3.55912e-14 0 0 0.0196185 0 0 0 0 0 0 1.15002e+11 1.15002e+11 1.15002e+11 1.15002e+11 
0.1095 -2.38343 -5.68343 -3.62727 -5.13849 0.183426 571656 2.8081e+16 1.15281e-06 1.29908e-05 1.05665e-19 5.84464e-08 333886 0 0 3.65199e-14 0 0 0.0196185 0 0 0 0 0 0 1.17382e+11 1.17382e+11 1.17382e+11 1.17382e+11 
0.11 -2.36671 -5.66671 -3.60997 -5.12168 0.166714 584609 2.80166e+16 1.15435e-06 1.29928e-05 1.08202e-19 5.83214e-08 334611 0 0 3.74678e-14 0 0 0.0196185 0 0 0 0 0 0 1.19796e+11 1.19796e+11 1.19796e+11 1.19796e+11 
0.1105 -2.34996 -5.64996 -3.59264 -5.10485 0.149965 597780 2.79525e+16 1.15589e-06 1.29948e-05 1.10785e-19 5.81971e-08 335334 0 0 3.84351e-14 0 0 0.0196185 0 0 0 0 0 0 1.22246e+11 1.22246e+11 1.22246e+11 1.22246e+11 
0.111 -2.33318 -5.63318 -3.57528 -5.08797 0.13318 611169 2.78887e+16 1.15743e-06 1.29969e-05 1.13415e-19 5.80737e-08 336056 0 0 3.94221e-14 0 0 0.0196185 0 0 0 0 0 0 1.24731e+11 1.24731e+11 1.24731e+11 1.24731e+11 
0.1115 -2.31636 -5.61636 -3.55789 -5.07106 0.116359 624780 2.78253e+16 1.15897e-06 1.2999e-05 1.16094e-19 5.7951e-08 336776 0 0 4.04291e-14 0 0 0.0196185 0 0 0 0 0 0 1.27251e+11 1.27251e+11 1.27251e+11 1.27251e+11 
0.112 -2.2995 -5.5995 -3.54046 -5.05412 0.0995026 638615 2.77621e+16 1.16051e-06 1.30012e-05 1.18821e-19 5.78291e-08 337495 0 0 4.14564e-14 0 0 0.0196185 0 0 0 0 0 0 1.29808e+11 1.29808e+11 1.29808e+11 1.29808e+11 
0.1125 -2.28261 -5.58261 -3.523 -5.03714 0.0826099 652675 2.76993e+16 1.16206e-06 1.30034e-05 1.21596e-19 5.77081e-08 338212 0 0 4.25042e-14 0 0 0.0196185 0 0 0 0 0 0 1.32401e+11 1.32401e+11 1.32401e+11 1.32401e+11 
0.113 -2.26568 -5.56568 -3.50551 -5.02012 0.0656814 666963 2.76368e+16 1.1636e-06 1.30056e-05 1.24422e-19 5.75877e-08 338927 0 0 4.35729e-14 0 0 0.0196185 0 0 0 0 0 0 1.3503e+11 1.3503e+11 1.3503e+11 1.3503e+11 
0.1135 -2.24872 -5.54872 -3.48799 -5.00307 0.0487172 681481 2.75746e+16 1.16515e-06 1.30079e-05 1.27297e-19 5.74682e-08 339640 0 0 4.46627e-14 0 0 0.0196185 0 0 0 0 0 0 1.37696e+11 1.37696e+11 1.37696e+11 1.37696e+11 
0.114 -2.23172 -5.53172 -3.47043 -4.98599 0.0317174 696232 2.75127e+16 1.1667e-06 1.30102e-05 1.30224e-19 5.73494e-08 340352 0 0 4.5774e-14 0 0 0.0196185 0 0 0 0 0 0 1.40399e+11 1.40399e+11 1.40399e+11 1.40399e+11 
0.1145 -2.21468 -5.51468 -3.45284 -4.96886 0.014682 711216 2.74511e+16 1.16825e-06 1.30126e-05 1.33201e-19 5.72314e-08 341063 0 0 4.6907e-14 0 0 0.0196185 0 0 0 0 0 0 1.43139e+11 1.43139e+11 1.43139e+11 1.43139e+11 
0.115 -2.19761 -5.49761 -3.43522 -4.95171 -0.00238888 726438 2.73899e+16 1.1698e-06 1.3015e-05 1.36231e-19 5.71141e-08 341772 0 0 4.80621e-14 0 0 0.0196185 0 0 0 0 0 0 1.45916e+11 1.45916e+11 1.45916e+11 1.45916e+11 
0.1155 -2.1805 -5.4805 -3.41756 -4.93451 -0.0194952 741898 2.73289e+16 1.17135e-06 1.30174e-05 1.39313e-19 5.69975e-08 342479 0 0 4.92395e-14 0 0 0.0196185 0 0 0 0 0 0 1.48732e+11 1.48732e+11 1.48732e+11 1.48732e+11 
0.116 -2.16336 -5.46336 -3.39988 -4.91729 -0.0366368 757599 2.72682e+16 1.1729e-06 1.30198e-05 1.42448e-19 5.68817e-08 343185 0 0 5.04395e-14 0 0 0.0196185 0 0 0 0 0 0 1.51585e+11 1.51585e+11 1.51585e+11 1.51585e+11 
0.1165 -2.14619 -5.44619 -3.38216 -4.90002 -0.0538136 773543 2.72078e+16 1.17446e-06 1.30223e-05 1.45637e-19 5.67666e-08 343889 0 0 5.16625e-14 0 0 0.0196185 0 0 0 0 0 0 1.54476e+11 1.54476e+11 1.54476e+11 1.54476e+11 
0.117 -2.12897 -5.42897 -3.36441 -4.88273 -0.0710256 789732 2.71477e+16 1.17601e-06 1.30249e-05 1.4888e-19 5.66522e-08 344591 0 0 5.29088e-14 0 0 0.0196185 0 0 0 0 0 0 1.57406e+11 1.57406e+11 1.57406e+11 1.57406e+11 
0.1175 -2.11173 -5.41173 -3.34662 -4.86539 -0.0882727 806168 2.70879e+16 1.17757e-06 1.30274e-05 1.52178e-19 5.65385e-08 345292 0 0 5.41785e-14 0 0 0.0196185 0 0 0 0 0 0 1.60375e+11 1.60375e+11 1.60375e+11 1.60375e+11 
0.118 -2.09445 -5.39445 -3.32881 -4.84803 -0.105555 822854 2.70284e+16 1.17913e-06 1.303e-05 1.55532e-19 5.64256e-08 345992 0 0 5.54722e-14 0 0 0.0196185 0 0 0 0 0 0 1.63382e+11 1.63382e+11 1.63382e+11 1.63382e+11 
0.1185 -2.07713 -5.37713 -3.31096 -4.83063 -0.122872 839792 2.69691e+16 1.18069e-06 1.30327e-05 1.58941e-19 5.63133e-08 346690 0 0 5.679e-14 0 0 0.0196185 0 0 0 0 0 0 1.66429e+11 1.66429e+11 1.66429e+11 1.66429e+11 
0.119 -2.05978 -5.35978 -3.29308 -4.81319 -0.140224 856983 2.69102e+16 1.18225e-06 1.30353e-05 1.62408e-19 5.62017e-08 347386 0 0 5.81324e-14 0 0 0.0196185 0 0 0 0 0 0 1.69515e+11 1.69515e+11 1.69515e+11 1.69515e+11 
0.1195 -2.04239 -5.34239 -3.27517 -4.79572 -0.15761 874431 2.68515e+16 1.18381e-06 1.3038e-05 1.65932e-19 5.60907e-08 348081 0 0 5.94995e-14 0 0 0.0196185 0 0 0 0 0 0 1.72641e+11 1.72641e+11 1.72641e+11 1.72641e+11 
0.12 -2.02497 -5.32497 -3.25723 -4.77821 -0.175032 892136 2.67931e+16 1.18538e-06 1.30408e-05 1.69513e-19 5.59805e-08 348774 0 0 6.08918e-14 0 0 0.0196185 0 0 0 0 0 0 1.75807e+11 1.75807e+11 1.75807e+11 1.75807e+11 
0.1205 -2.00751 -5.30751 -3.23925 -4.76067 -0.192488 910102 2.6735e+16 1.18694e-06 1.30435e-05 1.73153e-19 5.58709e-08 349466 0 0 6.23095e-14 0 0 0.0196185 0 0 0 0 0 0 1.79012e+11 1.79012e+11 1.79012e+11 1.79012e+11 
0.121 -1.99002 -5.29002 -3.22124 -4.7431 -0.209978 928330 2.66771e+16 1.18851e-06 1.30463e-05 1.76853e-19 5.5762e-08 350156 0 0 6.3753e-14 0 0 0.0196185 0 0 0 0 0 0 1.82259e+11 1.82259e+11 1.82259e+11 1.82259e+11 
0.1215 -1.9725 -5.2725 -3.2032 -4.72549 -0.227504 946822 2.66196e+16 1.19008e-06 1.30492e-05 1.80612e-19 5.56537e-08 350845 0 0 6.52225e-14 0 0 0.0196185 0 0 0 0 0 0 1.85545e+11 1.85545e+11 1.85545e+11 1.85545e+11 
0.122 -1.95494 -5.25494 -3.18513 -4.70785 -0.245063 965581 2.65622e+16 1.19165e-06 1.3052e-05 1.84432e-19 5.55461e-08 351533 0 0 6.67185e-14 0 0 0.0196185 0 0 0 0 0 0 1.88873e+11 1.88873e+11 1.88873e+11 1.88873e+11 
0.1225 -1.93734 -5.23734 -3.16703 -4.69017 -0.262657 984609 2.65052e+16 1.19322e-06 1.30549e-05 1.88312e-19 5.54391e-08 352219 0 0 6.82413e-14 0 0 0.0196185 0 0 0 0 0 0 1.92242e+11 1.92242e+11 1.92242e+11 1.92242e+11 
0.123 -1.91972 -5.21972 -3.1489 -4.67246 -0.280285 1.00391e+06 2.64484e+16 1.19479e-06 1.30579e-05 1.92254e-19 5.53328e-08 352903 0 0 6.97911e-14 0 0 0.0196185 0 0 0 0 0 0 1.95651e+11 1.95651e+11 1.95651e+11 1.95651e+11 
0.1235 -1.90205 -5.20205 -3.13073 -4.65472 -0.297947 1.02348e+06 2.63919e+16 1.19636e-06 1.30608e-05 1.96259e-19 5.52271e-08 353586 0 0 7.13683e-14 0 0 0.0196185 0 0 0 0 0 0 1.99103e+11 1.99103e+11 1.99103e+11 1.99103e+11 
0.124 -1.88436 -5.18436 -3.11254 -4.63694 -0.315643 1.04333e+06 2.63357e+16 1.19793e-06 1.30638e-05 2.00326e-19 5.5122e-08 354267 0 0 7.29732e-14 0 0 0.0196185 0 0 0 0 0 0 2.02596e+11 2.02596e+11 2.02596e+11 2.02596e+11 
0.1245 -1.86663 -5.16663 -3.09431 -4.61913 -0.333374 1.06345e+06 2.62797e+16 1.19951e-06 1.30669e-05 2.04457e-19 5.50176e-08 354947 0 0 7.46062e-14 0 0 0.0196185 0 0 0 0 0 0 2.06131e+11 2.06131e+11 2.06131e+11 2.06131e+11 
0.125 -1.84886 -5.14886 -3.07605 -4.60128 -0.351138 1.08385e+06 2.62239e+16 1.20109e-06 1.30699e-05 2.08651e-19 5.49137e-08 355626 0 0 7.62677e-14 0 0 0.0196185 0 0 0 0 0 0 2.09709e+11 2.09709e+11 2.09709e+11 2.09709e+11 
0.1255 -1.83106 -5.13106 -3.05776 -4.5834 -0.368936 1.10454e+06 2.61685e+16 1.20266e-06 1.3073e-05 2.12911e-19 5.48105e-08 356303 0 0 7.79578e-14 0 0 0.0196185 0 0 0 0 0 0 2.13328e+11 2.13328e+11 2.13328e+11 2.13328e+11 
0.126 -1.81323 -5.11323 -3.03944 -4.56549 -0.386769 1.12551e+06 2.61132e+16 1.20424e-06 1.30761e-05 2.17236e-19 5.47078e-08 356979 0 0 7.96771e-14 0 0 0.0196185 0 0 0 0 0 0 2.1699e+11 2.1699e+11 2.1699e+11 2.1699e+11 
0.1265 -1.79537 -5.09537 -3.02109 -4.54754 -0.404634 1.14676e+06 2.60583e+16 1.20582e-06 1.30793e-05 2.21627e-19 5.46058e-08 357653 0 0 8.14258e-14 0 0 0.0196185 0 0 0 0 0 0 2.20696e+11 2.20696e+11 2.20696e+11 2.20696e+11 
0.127 -1.77747 -5.07747 -3.0027 -4.52956 -0.422534 1.1683e+06 2.60035e+16 1.2074e-06 1.30824e-05 2.26085e-19 5.45043e-08 358326 0 0 8.32042e-14 0 0 0.0196185 0 0 0 0 0 0 2.24444e+11 2.24444e+11 2.24444e+11 2.24444e+11 
0.1275 -1.75953 -5.05953 -2.98429 -4.51154 -0.440467 1.19013e+06 2.5949e+16 1.20899e-06 1.30856e-05 2.3061e-19 5.44035e-08 358998 0 0 8.50128e-14 0 0 0.0196185 0 0 0 0 0 0 2.28235e+11 2.28235e+11 2.28235e+11 2.28235e+11 
0.128 -1.74157 -5.04157 -2.96584 -4.4935 -0.458434 1.21225e+06 2.58948e+16 1.21057e-06 1.30889e-05 2.35202e-19 5.43032e-08 359668 0 0 8.68518e-14 0 0 0.0196185 0 0 0 0 0 0 2.3207e+11 2.3207e+11 2.3207e+11 2.3207e+11 
0.1285 -1.72357 -5.02357 -2.94736 -4.47542 -0.476434 1.23467e+06 2.58408e+16 1.21215e-06 1.30921e-05 2.39864e-19 5.42035e-08 360337 0 0 8.87216e-14 0 0 0.0196185 0 0 0 0 0 0 2.35949e+11 2.35949e+11 2.35949e+11 2.35949e+11 
0.129 -1.70553 -5.00553 -2.92885 -4.4573 -0.494467 1.25738e+06 2.57871e+16 1.21374e-06 1.30954e-05 2.44594e-19 5.41043e-08 361004 0 0 9.06226e-14 0 0 0.0196185 0 0 0 0 0 0 2.39871e+11 2.39871e+11 2.39871e+11 2.39871e+11 
0.1295 -1.68747 -4.98747 -2.91031 -4.43916 -0.512534 1.28039e+06 2.57336e+16 1.21533e-06 1.30987e-05 2.49395e-19 5.40057e-08 361670 0 0 9.25551e-14 0 0 0.0196185 0 0 0 0 0 0 2.43838e+11 2.43838e+11 2.43838e+11 2.43838e+11 
0.13 -1.66937 -4.96937 -2.89174 -4.42098 -0.530634 1.30371e+06 2.56803e+16 1.21692e-06 1.31021e-05 2.54265e-19 5.39077e-08 362334 0 0 9.45194e-14 0 0 0.0196185 0 0 0 0 0 0 2.47848e+11 2.47848e+11 2.47848e+11 2.47848e+11 
0.1305 -1.65123 -4.95123 -2.87314 -4.40276 -0.548768 1.32732e+06 2.56272e+16 1.2185e-06 1.31055e-05 2.59207e-19 5.38103e-08 362997 0 0 9.6516e-14 0 0 0.0196185 0 0 0 0 0 0 2.51904e+11 2.51904e+11 2.51904e+11 2.51904e+11 
0.131 -1.63307 -4.93307 -2.85451 -4.38452 -0.566934 1.35124e+06 2.55744e+16 1.2201e-06 1.31089e-05 2.64221e-19 5.37133e-08 363659 0 0 9.85451e-14 0 0 0.0196185 0 0 0 0 0 0 2.56004e+11 2.56004e+11 2.56004e+11 2.56004e+11 
0.1315 -1.61487 -4.91487 -2.83585 -4.36624 -0.585133 1.37546e+06 2.55219e+16 1.22169e-06 1.31123e-05 2.69307e-19 5.3617e-08 364320 0 0 1.00607e-13 0 0 0.0196185 0 0 0 0 0 0 2.60148e+11 2.60148e+11 2.60148e+11 2.60148e+11 
0.132 -1.59663 -4.89663 -2.81716 -4.34793 -0.603366 1.39999e+06 2.54695e+16 1.22328e-06 1.31158e-05 2.74466e-19 5.35211e-08 364979 0 0 1.02703e-13 0 0 0.0196185 0 0 0 0 0 0 2.64338e+11 2.64338e+11 2.64338e+11 2.64338e+11 
0.1325 -1.57837 -4.87837 -2.79843 -4.32958 -0.621631 1.42483e+06 2.54174e+16 1.22487e-06 1.31193e-05 2.79698e-19 5.34258e-08 365636 0 0 1.04832e-13 0 0 0.0196185 0 0 0 0 0 0 2.68573e+11 2.68573e+11 2.68573e+11 2.68573e+11 
0.133 -1.56007 -4.86007 -2.77968 -4.31121 -0.63993 1.44999e+06 2.53655e+16 1.22647e-06 1.31228e-05 2.85005e-19 5.33311e-08 366293 0 0 1.06995e-13 0 0 0.0196185 0 0 0 0 0 0 2.72854e+11 2.72854e+11 2.72854e+11 2.72854e+11 
0.1335 -1.54174 -4.84174 -2.76089 -4.2928 -0.658261 1.47545e+06 2.53139e+16 1.22807e-06 1.31263e-05 2.90387e-19 5.32368e-08 366948 0 0 1.09192e-13 0 0 0.0196185 0 0 0 0 0 0 2.7718e+11 2.7718e+11 2.7718e+11 2.7718e+11 
0.134 -1.52338 -4.82338 -2.74208 -4.27436 -0.676624 1.50124e+06 2.52625e+16 1.22966e-06 1.31299e-05 2.95845e-19 5.31431e-08 367602 0 0 1.11424e-13 0 0 0.0196185 0 0 0 0 0 0 2.81553e+11 2.81553e+11 2.81553e+11 2.81553e+11 
0.1345 -1.50498 -4.80498 -2.72323 -4.25588 -0.695021 1.52734e+06 2.52112e+16 1.23126e-06 1.31335e-05 3.01379e-19 5.30499e-08 368254 0 0 1.13691e-13 0 0 0.0196185 0 0 0 0 0 0 2.85971e+11 2.85971e+11 2.85971e+11 2.85971e+11 
0.135 -1.48655 -4.78655 -2.70436 -4.23737 -0.71345 1.55376e+06 2.51603e+16 1.23286e-06 1.31371e-05 3.06989e-19 5.29572e-08 368905 0 0 1.15994e-13 0 0 0.0196185 0 0 0 0 0 0 2.90435e+11 2.90435e+11 2.90435e+11 2.90435e+11 
0.1355 -1.46809 -4.76809 -2.68545 -4.21883 -0.731911 1.58051e+06 2.51095e+16 1.23446e-06 1.31408e-05 3.12678e-19 5.2865e-08 369555 0 0 1.18333e-13 0 0 0.0196185 0 0 0 0 0 0 2.94946e+11 2.94946e+11 2.94946e+11 2.94946e+11 
0.136 -1.44959 -4.74959 -2.66652 -4.20026 -0.750405 1.60758e+06 2.50589e+16 1.23607e-06 1.31444e-05 3.18444e-19 5.27734e-08 370203 0 0 1.20707e-13 0 0 0.0196185 0 0 0 0 0 0 2.99503e+11 2.99503e+11 2.99503e+11 2.99503e+11 
0.1365 -1.43107 -4.73107 -2.64755 -4.18166 -0.768932 1.63497e+06 2.50086e+16 1.23767e-06 1.31481e-05 3.24289e-19 5.26822e-08 370850 0 0 1.23119e-13 0 0 0.0196185 0 0 0 0 0 0 3.04107e+11 3.04107e+11 3.04107e+11 3.04107e+11 
0.137 -1.41251 -4.71251 -2.62855 -4.16302 -0.78749 1.66269e+06 2.49585e+16 1.23928e-06 1.31519e-05 3.30214e-19 5.25915e-08 371496 0 0 1.25567e-13 0 0 0.0196185 0 0 0 0 0 0 3.08758e+11 3.08758e+11 3.08758e+11 3.08758e+11 
0.1375 -1.39392 -4.69392 -2.60953 -4.14436 -0.806081 1.69075e+06 2.49086e+16 1.24088e-06 1.31556e-05 3.36219e-19 5.25013e-08 372141 0 0 1.28053e-13 0 0 0.0196185 0 0 0 0 0 0 3.13457e+11 3.13457e+11 3.13457e+11 3.13457e+11 
0.138 -1.3753 -4.6753 -2.59047 -4.12566 -0.824704 1.71913e+06 2.48589e+16 1.24249e-06 1.31594e-05 3.42305e-19 5.24116e-08 372784 0 0 1.30576e-13 0 0 0.0196185 0 0 0 0 0 0 3.18202e+11 3.18202e+11 3.18202e+11 3.18202e+11 
0.1385 -1.35664 -4.65664 -2.57138 -4.10692 -0.84336 1.74785e+06 2.48094e+16 1.2441e-06 1.31632e-05 3.48472e-19 5.23223e-08 373426 0 0 1.33138e-13 0 0 0.0196185 0 0 0 0 0 0 3.22995e+11 3.22995e+11 3.22995e+11 3.22995e+11 
0.139 -1.33795 -4.63795 -2.55227 -4.08816 -0.862047 1.7769e+06 2.47601e+16 1.24571e-06 1.3167e-05 3.54722e-19 5.22336e-08 374067 0 0 1.35738e-13 0 0 0.0196185 0 0 0 0 0 0 3.27835e+11 3.27835e+11 3.27835e+11 3.27835e+11 
0.1395 -1.31923 -4.61923 -2.53312 -4.06937 -0.880766 1.80629e+06 2.47111e+16 1.24732e-06 1.31708e-05 3.61054e-19 5.21453e-08 374706 0 0 1.38376e-13 0 0 0.0196185 0 0 0 0 0 0 3.32723e+11 3.32723e+11 3.32723e+11 3.32723e+11 
0.14 -1.30048 -4.60048 -2.51394 -4.05054 -0.899517 1.83603e+06 2.46622e+16 1.24893e-06 1.31747e-05 3.67469e-19 5.20575e-08 375344 0 0 1.41055e-13 0 0 0.0196185 0 0 0 0 0 0 3.3766e+11 3.3766e+11 3.3766e+11 3.3766e+11 
0.1405 -1.2817 -4.5817 -2.49474 -4.03168 -0.918301 1.8661e+06 2.46135e+16 1.25054e-06 1.31786e-05 3.73969e-19 5.19702e-08 375981 0 0 1.43772e-13 0 0 0.0196185 0 0 0 0 0 0 3.42644e+11 3.42644e+11 3.42644e+11 3.42644e+11 
0.141 -1.26288 -4.56288 -2.4755 -4.01279 -0.937116 1.89651e+06 2.45651e+16 1.25215e-06 1.31825e-05 3.80553e-19 5.18833e-08 376617 0 0 1.4653e-13 0 0 0.0196185 0 0 0 0 0 0 3.47677e+11 3.47677e+11 3.47677e+11 3.47677e+11 
0.1415 -1.24404 -4.54404 -2.45623 -3.99387 -0.955962 1.92728e+06 2.45168e+16 1.25377e-06 1.31865e-05 3.87223e-19 5.17969e-08 377251 0 0 1.49328e-13 0 0 0.0196185 0 0 0 0 0 0 3.52758e+11 3.52758e+11 3.52758e+11 3.52758e+11 
0.142 -1.22516 -4.52516 -2.43694 -3.97491 -0.974841 1.95838e+06 2.44688e+16 1.25538e-06 1.31905e-05 3.93979e-19 5.17109e-08 377884 0 0 1.52167e-13 0 0 0.0196185 0 0 0 0 0 0 3.57887e+11 3.57887e+11 3.57887e+11 3.57887e+11 
0.1425 -1.20625 -4.50625 -2.41761 -3.95593 -0.993751 1.98984e+06 2.44209e+16 1.257e-06 1.31944e-05 4.00821e-19 5.16254e-08 378516 0 0 1.55047e-13 0 0 0.0196185 0 0 0 0 0 0 3.63065e+11 3.63065e+11 3.63065e+11 3.63065e+11 
0.143 -1.18731 -4.48731 -2.39826 -3.93691 -1.01269 2.02165e+06 2.43733e+16 1.25862e-06 1.31985e-05 4.07751e-19 5.15403e-08 379147 0 0 1.57969e-13 0 0 0.0196185 0 0 0 0 0 0 3.68293e+11 3.68293e+11 3.68293e+11 3.68293e+11 
0.1435 -1.16833 -4.46833 -2.37887 -3.91786 -1.03167 2.05381e+06 2.43258e+16 1.26024e-06 1.32025e-05 4.14769e-19 5.14557e-08 379776 0 0 1.60932e-13 0 0 0.0196185 0 0 0 0 0 0 3.73569e+11 3.73569e+11 3.73569e+11 3.73569e+11 
0.144 -1.14933 -4.44933 -2.35946 -3.89878 -1.05067 2.08632e+06 2.42785e+16 1.26186e-06 1.32066e-05 4.21876e-19 5.13715e-08 380404 0 0 1.63938e-13 0 0 0.0196185 0 0 0 0 0 0 3.78894e+11 3.78894e+11 3.78894e+11 3.78894e+11 
0.1445 -1.13029 -4.43029 -2.34002 -3.87967 -1.06971 2.11919e+06 2.42315e+16 1.26348e-06 1.32106e-05 4.29072e-19 5.12878e-08 381031 0 0 1.66987e-13 0 0 0.0196185 0 0 0 0 0 0 3.84269e+11 3.84269e+11 3.84269e+11 3.84269e+11 
0.145 -1.11123 -4.41123 -2.32054 -3.86053 -1.08877 2.15242e+06 2.41846e+16 1.2651e-06 1.32148e-05 4.36358e-19 5.12044e-08 381657 0 0 1.70078e-13 0 0 0.0196185 0 0 0 0 0 0 3.89693e+11 3.89693e+11 3.89693e+11 3.89693e+11 
0.1455 -1.09213 -4.39213 -2.30104 -3.84136 -1.10787 2.18601e+06 2.41379e+16 1.26673e-06 1.32189e-05 4.43734e-19 5.11216e-08 382282 0 0 1.73214e-13 0 0 0.0196185 0 0 0 0 0 0 3.95167e+11 3.95167e+11 3.95167e+11 3.95167e+11 
0.146 -1.073 -4.373 -2.28151 -3.82216 -1.127 2.21996e+06 2.40914e+16 1.26835e-06 1.3223e-05 4.51202e-19 5.10391e-08 382905 0 0 1.76393e-13 0 0 0.0196185 0 0 0 0 0 0 4.00691e+11 4.00691e+11 4.00691e+11 4.00691e+11 
0.1465 -1.05384 -4.35384 -2.26195 -3.80292 -1.14616 2.25427e+06 2.40451e+16 1.26998e-06 1.32272e-05 4.58762e-19 5.09571e-08 383527 0 0 1.79616e-13 0 0 0.0196185 0 0 0 0 0 0 4.06264e+11 4.06264e+11 4.06264e+11 4.06264e+11 
0.147 -1.03465 -4.33465 -2.24236 -3.78366 -1.16535 2.28895e+06 2.39989e+16 1.2716e-06 1.32314e-05 4.66415e-19 5.08754e-08 384148 0 0 1.82885e-13 0 0 0.0196185 0 0 0 0 0 0 4.11888e+11 4.11888e+11 4.11888e+11 4.11888e+11 
0.1475 -1.01542 -4.31542 -2.22274 -3.76436 -1.18458 2.32399e+06 2.3953e+16 1.27323e-06 1.32356e-05 4.7416e-19 5.07942e-08 384768 0 0 1.86198e-13 0 0 0.0196185 0 0 0 0 0 0 4.17562e+11 4.17562e+11 4.17562e+11 4.17562e+11 
0.148 -0.996169 -4.29617 -2.20309 -3.74503 -1.20383 2.3594e+06 2.39072e+16 1.27486e-06 1.32399e-05 4.82e-19 5.07134e-08 385387 0 0 1.89557e-13 0 0 0.0196185 0 0 0 0 0 0 4.23286e+11 4.23286e+11 4.23286e+11 4.23286e+11 
0.1485 -0.976884 -4.27688 -2.18342 -3.72567 -1.22312 2.39519e+06 2.38617e+16 1.27649e-06 1.32441e-05 4.89935e-19 5.0633e-08 386004 0 0 1.92962e-13 0 0 0.0196185 0 0 0 0 0 0 4.2906e+11 4.2906e+11 4.2906e+11 4.2906e+11 
0.149 -0.957569 -4.25757 -2.16371 -3.70629 -1.24243 2.43134e+06 2.38163e+16 1.27812e-06 1.32484e-05 4.97964e-19 5.05531e-08 386620 0 0 1.96413e-13 0 0 0.0196185 0 0 0 0 0 0 4.34885e+11 4.34885e+11 4.34885e+11 4.34885e+11 
0.1495 -0.938222 -4.23822 -2.14397 -3.68687 -1.26178 2.46787e+06 2.37711e+16 1.27975e-06 1.32527e-05 5.0609e-19 5.04735e-08 387235 0 0 1.99911e-13 0 0 0.0196185 0 0 0 0 0 0 4.40761e+11 4.40761e+11 4.40761e+11 4.40761e+11 
0.15 -0.918845 -4.21885 -2.12421 -3.66742 -1.28115 2.50477e+06 2.3726e+16 1.28139e-06 1.3257e-05 5.14312e-19 5.03943e-08 387849 0 0 2.03456e-13 0 0 0.0196185 0 0 0 0 0 0 4.46688e+11 4.46688e+11 4.46688e+11 4.46688e+11 
0.1505 -0.899438 -4.19944 -2.10442 -3.64794 -1.30056 2.54205e+06 2.36812e+16 1.28302e-06 1.32614e-05 5.22631e-19 5.03155e-08 388462 0 0 2.07049e-13 0 0 0.0196185 0 0 0 0 0 0 4.52665e+11 4.52665e+11 4.52665e+11 4.52665e+11 
0.151 -0.879999 -4.18 -2.0846 -3.62843 -1.32 2.57971e+06 2.36365e+16 1.28466e-06 1.32657e-05 5.31048e-19 5.02371e-08 389074 0 0 2.10689e-13 0 0 0.0196185 0 0 0 0 0 0 4.58694e+11 4.58694e+11 4.58694e+11 4.58694e+11 
0.1515 -0.86053 -4.16053 -2.06474 -3.60889 -1.33947 2.61775e+06 2.3592e+16 1.28629e-06 1.32701e-05 5.39564e-19 5.01591e-08 389684 0 0 2.14378e-13 0 0 0.0196185 0 0 0 0 0 0 4.64774e+11 4.64774e+11 4.64774e+11 4.64774e+11 
0.152 -0.841031 -4.14103 -2.04487 -3.58931 -1.35897 2.65617e+06 2.35477e+16 1.28793e-06 1.32745e-05 5.48179e-19 5.00815e-08 390293 0 0 2.18116e-13 0 0 0.0196185 0 0 0 0 0 0 4.70905e+11 4.70905e+11 4.70905e+11 4.70905e+11 
0.1525 -0.821501 -4.1215 -2.02496 -3.56971 -1.3785 2.69498e+06 2.35035e+16 1.28957e-06 1.32789e-05 5.56894e-19 5.00043e-08 390901 0 0 2.21903e-13 0 0 0.0196185 0 0 0 0 0 0 4.77087e+11 4.77087e+11 4.77087e+11 4.77087e+11 
0.153 -0.801941 -4.10194 -2.00502 -3.55008 -1.39806 2.73417e+06 2.34596e+16 1.29121e-06 1.32834e-05 5.65709e-19 4.99274e-08 391508 0 0 2.25739e-13 0 0 0.0196185 0 0 0 0 0 0 4.83321e+11 4.83321e+11 4.83321e+11 4.83321e+11 
0.1535 -0.78235 -4.08235 -1.98506 -3.53042 -1.41765 2.77375e+06 2.34158e+16 1.29285e-06 1.32879e-05 5.74626e-19 4.9851e-08 392114 0 0 2.29626e-13 0 0 0.0196185 0 0 0 0 0 0 4.89606e+11 4.89606e+11 4.89606e+11 4.89606e+11 
0.154 -0.762729 -4.06273 -1.96506 -3.51073 -1.43727 2.81371e+06 2.33721e+16 1.29449e-06 1.32923e-05 5.83644e-19 4.97749e-08 392719 0 0 2.33562e-13 0 0 0.0196185 0 0 0 0 0 0 4.95944e+11 4.95944e+11 4.95944e+11 4.95944e+11 
0.1545 -0.743078 -4.04308 -1.94504 -3.491 -1.45692 2.85407e+06 2.33287e+16 1.29613e-06 1.32968e-05 5.92765e-19 4.96991e-08 393323 0 0 2.3755e-13 0 0 0.0196185 0 0 0 0 0 0 5.02333e+11 5.02333e+11 5.02333e+11 5.02333e+11 
0.155 -0.723397 -4.0234 -1.92499 -3.47125 -1.4766 2.89481e+06 2.32854e+16 1.29778e-06 1.33014e-05 6.01989e-19 4.96238e-08 393925 0 0 2.41589e-13 0 0 0.0196185 0 0 0 0 0 0 5.08774e+11 5.08774e+11 5.08774e+11 5.08774e+11 
0.1555 -0.703686 -4.00369 -1.90491 -3.45147 -1.49631 2.93595e+06 2.32422e+16 1.29942e-06 1.33059e-05 6.11317e-19 4.95488e-08 394527 0 0 2.4568e-13 0 0 0.0196185 0 0 0 0 0 0 5.15267e+11 5.15267e+11 5.15267e+11 5.15267e+11 
0.156 -0.683944 -3.98394 -1.8848 -3.43166 -1.51606 2.97749e+06 2.31993e+16 1.30107e-06 1.33105e-05 6.20749e-19 4.94742e-08 395127 0 0 2.49823e-13 0 0 0.0196185 0 0 0 0 0 0 5.21812e+11 5.21812e+11 5.21812e+11 5.21812e+11 
0.1565 -0.664173 -3.96417 -1.86467 -3.41181 -1.53583 3.01942e+06 2.31565e+16 1.30271e-06 1.33151e-05 6.30286e-19 4.93999e-08 395726 0 0 2.54018e-13 0 0 0.0196185 0 0 0 0 0 0 5.2841e+11 5.2841e+11 5.2841e+11 5.2841e+11 
0.157 -0.644372 -3.94437 -1.8445 -3.39194 -1.55563 3.06175e+06 2.31138e+16 1.30436e-06 1.33197e-05 6.39929e-19 4.9326e-08 396324 0 0 2.58266e-13 0 0 0.0196185 0 0 0 0 0 0 5.3506e+11 5.3506e+11 5.3506e+11 5.3506e+11 
0.1575 -0.62454 -3.92454 -1.82431 -3.37204 -1.57546 3.10448e+06 2.30714e+16 1.30601e-06 1.33243e-05 6.49679e-19 4.92524e-08 396921 0 0 2.62567e-13 0 0 0.0196185 0 0 0 0 0 0 5.41762e+11 5.41762e+11 5.41762e+11 5.41762e+11 
0.158 -0.60468 -3.90468 -1.80409 -3.35211 -1.59532 3.14761e+06 2.30291e+16 1.30766e-06 1.33289e-05 6.59535e-19 4.91792e-08 397517 0 0 2.66922e-13 0 0 0.0196185 0 0 0 0 0 0 5.48517e+11 5.48517e+11 5.48517e+11 5.48517e+11 
0.1585 -0.584789 -3.88479 -1.78384 -3.33215 -1.61521 3.19114e+06 2.29869e+16 1.30931e-06 1.33336e-05 6.69499e-19 4.91064e-08 398112 0 0 2.71332e-13 0 0 0.0196185 0 0 0 0 0 0 5.55324e+11 5.55324e+11 5.55324e+11 5.55324e+11 
0.159 -0.564868 -3.86487 -1.76356 -3.31216 -1.63513 3.23507e+06 2.29449e+16 1.31096e-06 1.33383e-05 6.79572e-19 4.90339e-08 398705 0 0 2.75796e-13 0 0 0.0196185 0 0 0 0 0 0 5.62184e+11 5.62184e+11 5.62184e+11 5.62184e+11 
0.1595 -0.544918 -3.84492 -1.74326 -3.29214 -1.65508 3.27941e+06 2.29031e+16 1.31261e-06 1.3343e-05 6.89753e-19 4.89617e-08 399298 0 0 2.80315e-13 0 0 0.0196185 0 0 0 0 0 0 5.69097e+11 5.69097e+11 5.69097e+11 5.69097e+11 
0.16 -0.524939 -3.82494 -1.72292 -3.27209 -1.67506 3.32416e+06 2.28614e+16 1.31427e-06 1.33477e-05 7.00045e-19 4.88899e-08 399889 0 0 2.84889e-13 0 0 0.0196185 0 0 0 0 0 0 5.76063e+11 5.76063e+11 5.76063e+11 5.76063e+11 
0.1605 -0.504929 -3.80493 -1.70256 -3.25201 -1.69507 3.36931e+06 2.28199e+16 1.31592e-06 1.33524e-05 7.10446e-19 4.88184e-08 400480 0 0 2.89519e-13 0 0 0.0196185 0 0 0 0 0 0 5.83082e+11 5.83082e+11 5.83082e+11 5.83082e+11 
0.161 -0.484891 -3.78489 -1.68217 -3.2319 -1.71511 3.41488e+06 2.27786e+16 1.31758e-06 1.33571e-05 7.20959e-19 4.87473e-08 401069 0 0 2.94206e-13 0 0 0.0196185 0 0 0 0 0 0 5.90153e+11 5.90153e+11 5.90153e+11 5.90153e+11 
0.1615 -0.464822 -3.76482 -1.66176 -3.21177 -1.73518 3.46085e+06 2.27374e+16 1.31924e-06 1.33619e-05 7.31583e-19 4.86764e-08 401657 0 0 2.98949e-13 0 0 0.0196185 0 0 0 0 0 0 5.97278e+11 5.97278e+11 5.97278e+11 5.97278e+11 
0.162 -0.444725 -3.74472 -1.64131 -3.1916 -1.75528 3.50724e+06 2.26963e+16 1.32089e-06 1.33667e-05 7.42319e-19 4.8606e-08 402245 0 0 3.0375e-13 0 0 0.0196185 0 0 0 0 0 0 6.04456e+11 6.04456e+11 6.04456e+11 6.04456e+11 
0.1625 -0.424598 -3.7246 -1.62084 -3.1714 -1.7754 3.55404e+06 2.26554e+16 1.32255e-06 1.33715e-05 7.53168e-19 4.85358e-08 402831 0 0 3.08608e-13 0 0 0.0196185 0 0 0 0 0 0 6.11687e+11 6.11687e+11 6.11687e+11 6.11687e+11 
0.163 -0.404442 -3.70444 -1.60034 -3.15118 -1.79556 3.60126e+06 2.26147e+16 1.32421e-06 1.33763e-05 7.64131e-19 4.8466e-08 403416 0 0 3.13523e-13 0 0 0.0196185 0 0 0 0 0 0 6.18972e+11 6.18972e+11 6.18972e+11 6.18972e+11 
0.1635 -0.384256 -3.68426 -1.57981 -3.13093 -1.81574 3.64889e+06 2.25741e+16 1.32587e-06 1.33812e-05 7.75207e-19 4.83965e-08 404000 0 0 3.18498e-13 0 0 0.0196185 0 0 0 0 0 0 6.2631e+11 6.2631e+11 6.2631e+11 6.2631e+11 
0.164 -0.364042 -3.66404 -1.55926 -3.11064 -1.83596 3.69694e+06 2.25336e+16 1.32753e-06 1.3386e-05 7.86399e-19 4.83273e-08 404583 0 0 3.23531e-13 0 0 0.0196185 0 0 0 0 0 0 6.33702e+11 6.33702e+11 6.33702e+11 6.33702e+11 
0.1645 -0.343798 -3.6438 -1.53867 -3.09033 -1.8562 3.74541e+06 2.24933e+16 1.3292e-06 1.33909e-05 7.97706e-19 4.82585e-08 405165 0 0 3.28623e-13 0 0 0.0196185 0 0 0 0 0 0 6.41147e+11 6.41147e+11 6.41147e+11 6.41147e+11 
0.165 -0.323525 -3.62353 -1.51806 -3.06999 -1.87647 3.7943e+06 2.24532e+16 1.33086e-06 1.33958e-05 8.09129e-19 4.81899e-08 405746 0 0 3.33775e-13 0 0 0.0196185 0 0 0 0 0 0 6.48645e+11 6.48645e+11 6.48645e+11 6.48645e+11 
0.1655 -0.303223 -3.60322 -1.49742 -3.04962 -1.89678 3.84362e+06 2.24132e+16 1.33253e-06 1.34007e-05 8.20669e-19 4.81217e-08 406326 0 0 3.38988e-13 0 0 0.0196185 0 0 0 0 0 0 6.56197e+11 6.56197e+11 6.56197e+11 6.56197e+11 
0.166 -0.282893 -3.58289 -1.47676 -3.02922 -1.91711 3.89335e+06 2.23734e+16 1.33419e-06 1.34056e-05 8.32326e-19 4.80538e-08 406905 0 0 3.4426e-13 0 0 0.0196185 0 0 0 0 0 0 6.63803e+11 6.63803e+11 6.63803e+11 6.63803e+11 
0.1665 -0.262533 -3.56253 -1.45606 -3.00879 -1.93747 3.94351e+06 2.23337e+16 1.33586e-06 1.34105e-05 8.44101e-19 4.79862e-08 407483 0 0 3.49594e-13 0 0 0.0196185 0 0 0 0 0 0 6.71463e+11 6.71463e+11 6.71463e+11 6.71463e+11 
0.167 -0.242144 -3.54214 -1.43534 -2.98834 -1.95786 3.9941e+06 2.22941e+16 1.33752e-06 1.34155e-05 8.55995e-19 4.79189e-08 408059 0 0 3.54989e-13 0 0 0.0196185 0 0 0 0 0 0 6.79177e+11 6.79177e+11 6.79177e+11 6.79177e+11 
0.1675 -0.221727 -3.52173 -1.41459 -2.96785 -1.97827 4.04511e+06 2.22547e+16 1.33919e-06 1.34205e-05 8.68008e-19 4.78519e-08 408635 0 0 3.60446e-13 0 0 0.0196185 0 0 0 0 0 0 6.86944e+11 6.86944e+11 6.86944e+11 6.86944e+11 
0.168 -0.201281 -3.50128 -1.39382 -2.94734 -1.99872 4.09655e+06 2.22154e+16 1.34086e-06 1.34255e-05 8.80141e-19 4.77852e-08 409210 0 0 3.65966e-13 0 0 0.0196185 0 0 0 0 0 0 6.94766e+11 6.94766e+11 6.94766e+11 6.94766e+11 
0.1685 -0.180806 -3.48081 -1.37301 -2.9268 -2.01919 4.14842e+06 2.21763e+16 1.34253e-06 1.34305e-05 8.92395e-19 4.77189e-08 409784 0 0 3.71548e-13 0 0 0.0196185 0 0 0 0 0 0 7.02641e+11 7.02641e+11 7.02641e+11 7.02641e+11 
0.169 -0.160303 -3.4603 -1.35218 -2.90623 -2.0397 4.20072e+06 2.21373e+16 1.3442e-06 1.34355e-05 9.0477e-19 4.76528e-08 410356 0 0 3.77193e-13 0 0 0.0196185 0 0 0 0 0 0 7.1057e+11 7.1057e+11 7.1057e+11 7.1057e+11 
0.1695 -0.13977 -3.43977 -1.33133 -2.88563 -2.06023 4.25345e+06 2.20985e+16 1.34588e-06 1.34405e-05 9.17266e-19 4.7587e-08 410928 0 0 3.82901e-13 0 0 0.0196185 0 0 0 0 0 0 7.18554e+11 7.18554e+11 7.18554e+11 7.18554e+11 
0.17 -0.11921 -3.41921 -1.31044 -2.865 -2.08079 4.30662e+06 2.20598e+16 1.34755e-06 1.34456e-05 9.29885e-19 4.75215e-08 411499 0 0 3.88674e-13 0 0 0.0196185 0 0 0 0 0 0 7.26592e+11 7.26592e+11 7.26592e+11 7.26592e+11 
0.1705 -0.0986205 -3.39862 -1.28953 -2.84434 -2.10138 4.36022e+06 2.20212e+16 1.34923e-06 1.34506e-05 9.42627e-19 4.74563e-08 412069 0 0 3.94511e-13 0 0 0.0196185 0 0 0 0 0 0 7.34683e+11 7.34683e+11 7.34683e+11 7.34683e+11 
0.171 -0.0780029 -3.378 -1.26859 -2.82366 -2.122 4.41425e+06 2.19828e+16 1.3509e-06 1.34557e-05 9.55493e-19 4.73914e-08 412637 0 0 4.00413e-13 0 0 0.0196185 0 0 0 0 0 0 7.42829e+11 7.42829e+11 7.42829e+11 7.42829e+11 
0.1715 -0.0573568 -3.35736 -1.24762 -2.80295 -2.14264 4.46873e+06 2.19445e+16 1.35258e-06 1.34608e-05 9.68483e-19 4.73268e-08 413205 0 0 4.0638e-13 0 0 0.0196185 0 0 0 0 0 0 7.5103e+11 7.5103e+11 7.5103e+11 7.5103e+11 
0.172 -0.0366823 -3.33668 -1.22663 -2.78221 -2.16332 4.52364e+06 2.19063e+16 1.35425e-06 1.34659e-05 9.81597e-19 4.72625e-08 413772 0 0 4.12413e-13 0 0 0.0196185 0 0 0 0 0 0 7.59284e+11 7.59284e+11 7.59284e+11 7.59284e+11 
0.1725 -0.0159796 -3.31598 -1.20561 -2.76144 -2.18402 4.57898e+06 2.18683e+16 1.35593e-06 1.34711e-05 9.94838e-19 4.71984e-08 414338 0 0 4.18512e-13 0 0 0.0196185 0 0 0 0 0 0 7.67593e+11 7.67593e+11 7.67593e+11 7.67593e+11 
0.173 0.00475145 -3.29525 -1.18456 -2.74064 -2.20475 4.63477e+06 2.18304e+16 1.35761e-06 1.34762e-05 1.0082e-18 4.71347e-08 414903 0 0 4.24678e-13 0 0 0.0196185 0 0 0 0 0 0 7.75956e+11 7.75956e+11 7.75956e+11 7.75956e+11 
0.1735 0.0255107 -3.27449 -1.16349 -2.71981 -2.22551 4.691e+06 2.17927e+16 1.35929e-06 1.34814e-05 1.0217e-18 4.70712e-08 415466 0 0 4.30911e-13 0 0 0.0196185 0 0 0 0 0 0 7.84374e+11 7.84374e+11 7.84374e+11 7.84374e+11 
0.174 0.0462981 -3.2537 -1.14239 -2.69896 -2.2463 4.74767e+06 2.17551e+16 1.36097e-06 1.34866e-05 1.03532e-18 4.7008e-08 416029 0 0 4.37211e-13 0 0 0.0196185 0 0 0 0 0 0 7.92846e+11 7.92846e+11 7.92846e+11 7.92846e+11 
0.1745 0.0671136 -3.23289 -1.12126 -2.67808 -2.26711 4.80479e+06 2.17176e+16 1.36265e-06 1.34917e-05 1.04907e-18 4.69451e-08 416591 0 0 4.43579e-13 0 0 0.0196185 0 0 0 0 0 0 8.01373e+11 8.01373e+11 8.01373e+11 8.01373e+11 
0.175 0.0879572 -3.21204 -1.10011 -2.65717 -2.28796 4.86235e+06 2.16802e+16 1.36434e-06 1.3497e-05 1.06294e-18 4.68824e-08 417152 0 0 4.50015e-13 0 0 0.0196185 0 0 0 0 0 0 8.09954e+11 8.09954e+11 8.09954e+11 8.09954e+11 
0.1755 0.108829 -3.19117 -1.07893 -2.63623 -2.30883 4.92035e+06 2.1643e+16 1.36602e-06 1.35022e-05 1.07695e-18 4.68201e-08 417712 0 0 4.56521e-13 0 0 0.0196185 0 0 0 0 0 0 8.18589e+11 8.18589e+11 8.18589e+11 8.18589e+11 
0.176 0.129728 -3.17027 -1.05772 -2.61527 -2.32973 4.9788e+06 2.16059e+16 1.3677e-06 1.35074e-05 1.09109e-18 4.6758e-08 418271 0 0 4.63095e-13 0 0 0.0196185 0 0 0 0 0 0 8.27279e+11 8.27279e+11 8.27279e+11 8.27279e+11 
0.1765 0.150656 -3.14934 -1.03648 -2.59428 -2.35066 5.0377e+06 2.1569e+16 1.36939e-06 1.35127e-05 1.10535e-18 4.66961e-08 418829 0 0 4.69739e-13 0 0 0.0196185 0 0 0 0 0 0 8.36024e+11 8.36024e+11 8.36024e+11 8.36024e+11 
0.177 0.171611 -3.12839 -1.01522 -2.57326 -2.37161 5.09705e+06 2.15322e+16 1.37108e-06 1.35179e-05 1.11975e-18 4.66346e-08 419386 0 0 4.76453e-13 0 0 0.0196185 0 0 0 0 0 0 8.44823e+11 8.44823e+11 8.44823e+11 8.44823e+11 
0.1775 0.192595 -3.10741 -0.993936 -2.55221 -2.39259 5.15685e+06 2.14955e+16 1.37276e-06 1.35232e-05 1.13428e-18 4.65733e-08 419942 0 0 4.83238e-13 0 0 0.0196185 0 0 0 0 0 0 8.53676e+11 8.53676e+11 8.53676e+11 8.53676e+11 
0.178 0.213606 -3.08639 -0.972622 -2.53113 -2.41361 5.21709e+06 2.14589e+16 1.37445e-06 1.35285e-05 1.14894e-18 4.65122e-08 420498 0 0 4.90093e-13 0 0 0.0196185 0 0 0 0 0 0 8.62584e+11 8.62584e+11 8.62584e+11 8.62584e+11 
0.1785 0.234644 -3.06536 -0.951281 -2.51003 -2.43464 5.27779e+06 2.14224e+16 1.37614e-06 1.35338e-05 1.16374e-18 4.64515e-08 421052 0 0 4.9702e-13 0 0 0.0196185 0 0 0 0 0 0 8.71547e+11 8.71547e+11 8.71547e+11 8.71547e+11 
0.179 0.255711 -3.04429 -0.929914 -2.4889 -2.45571 5.33894e+06 2.13861e+16 1.37783e-06 1.35391e-05 1.17867e-18 4.6391e-08 421605 0 0 5.04019e-13 0 0 0.0196185 0 0 0 0 0 0 8.80565e+11 8.80565e+11 8.80565e+11 8.80565e+11 
0.1795 0.276805 -3.0232 -0.908521 -2.46774 -2.4768 5.40055e+06 2.13499e+16 1.37952e-06 1.35445e-05 1.19373e-18 4.63307e-08 422157 0 0 5.1109e-13 0 0 0.0196185 0 0 0 0 0 0 8.89637e+11 8.89637e+11 8.89637e+11 8.89637e+11 
0.18 0.297926 -3.00207 -0.887101 -2.44655 -2.49793 5.4626e+06 2.13139e+16 1.38122e-06 1.35498e-05 1.20893e-18 4.62707e-08 422709 0 0 5.18234e-13 0 0 0.0196185 0 0 0 0 0 0 8.98764e+11 8.98764e+11 8.98764e+11 8.98764e+11 
0.1805 0.319076 -2.98092 -0.865655 -2.42534 -2.51908 5.52512e+06 2.12779e+16 1.38291e-06 1.35552e-05 1.22426e-18 4.6211e-08 423259 0 0 5.25451e-13 0 0 0.0196185 0 0 0 0 0 0 9.07945e+11 9.07945e+11 9.07945e+11 9.07945e+11 
0.181 0.340252 -2.95975 -0.844182 -2.4041 -2.54025 5.58809e+06 2.12421e+16 1.3846e-06 1.35606e-05 1.23973e-18 4.61515e-08 423809 0 0 5.32741e-13 0 0 0.0196185 0 0 0 0 0 0 9.17181e+11 9.17181e+11 9.17181e+11 9.17181e+11 
0.1815 0.361457 -2.93854 -0.822683 -2.38283 -2.56146 5.65151e+06 2.12064e+16 1.3863e-06 1.3566e-05 1.25533e-18 4.60923e-08 424358 0 0 5.40106e-13 0 0 0.0196185 0 0 0 0 0 0 9.26472e+11 9.26472e+11 9.26472e+11 9.26472e+11 
0.182 0.382688 -2.91731 -0.801158 -2.36153 -2.58269 5.7154e+06 2.11708e+16 1.38799e-06 1.35714e-05 1.27108e-18 4.60333e-08 424905 0 0 5.47545e-13 0 0 0.0196185 0 0 0 0 0 0 9.35817e+11 9.35817e+11 9.35817e+11 9.35817e+11 
0.1825 0.403947 -2.89605 -0.779607 -2.34021 -2.60395 5.77974e+06 2.11354e+16 1.38969e-06 1.35768e-05 1.28696e-18 4.59745e-08 425452 0 0 5.55058e-13 0 0 0.0196185 0 0 0 0 0 0 9.45217e+11 9.45217e+11 9.45217e+11 9.45217e+11 
0.183 0.425233 -2.87477 -0.75803 -2.31886 -2.62523 5.84454e+06 2.11e+16 1.39139e-06 1.35822e-05 1.30297e-18 4.5916e-08 425998 0 0 5.62648e-13 0 0 0.0196185 0 0 0 0 0 0 9.54672e+11 9.54672e+11 9.54672e+11 9.54672e+11 
0.1835 0.446547 -2.85345 -0.736427 -2.29749 -2.64655 5.90981e+06 2.10648e+16 1.39308e-06 1.35877e-05 1.31913e-18 4.58578e-08 426543 0 0 5.70312e-13 0 0 0.0196185 0 0 0 0 0 0 9.64181e+11 9.64181e+11 9.64181e+11 9.64181e+11 
0.184 0.467888 -2.83211 -0.714797 -2.27608 -2.66789 5.97553e+06 2.10297e+16 1.39478e-06 1.35931e-05 1.33543e-18 4.57998e-08 427087 0 0 5.78053e-13 0 0 0.0196185 0 0 0 0 0 0 9.73745e+11 9.73745e+11 9.73745e+11 9.73745e+11 
0.1845 0.489256 -2.81074 -0.693142 -2.25465 -2.68926 6.04172e+06 2.09948e+16 1.39648e-06 1.35986e-05 1.35186e-18 4.57421e-08 427630 0 0 5.85871e-13 0 0 0.0196185 0 0 0 0 0 0 9.83363e+11 9.83363e+11 9.83363e+11 9.83363e+11 
0.185 0.510651 -2.78935 -0.67146 -2.23319 -2.71065 6.10837e+06 2.09599e+16 1.39819e-06 1.36041e-05 1.36844e-18 4.56845e-08 428173 0 0 5.93766e-13 0 0 0.0196185 0 0 0 0 0 0 9.93037e+11 9.93037e+11 9.93037e+11 9.93037e+11 
0.1855 0.532073 -2.76793 -0.649753 -2.21171 -2.73207 6.17548e+06 2.09252e+16 1.39989e-06 1.36096e-05 1.38516e-18 4.56273e-08 428714 0 0 6.01738e-13 0 0 0.0196185 0 0 0 0 0 0 1.00276e+12 1.00276e+12 1.00276e+12 1.00276e+12 
0.186 0.553522 -2.74648 -0.62802 -2.19019 -2.75352 6.24306e+06 2.08905e+16 1.40159e-06 1.36151e-05 1.40202e-18 4.55702e-08 429254 0 0 6.09788e-13 0 0 0.0196185 0 0 0 0 0 0 1.01255e+12 1.01255e+12 1.01255e+12 1.01255e+12 
0.1865 0.574998 -2.725 -0.60626 -2.16866 -2.775 6.3111e+06 2.0856e+16 1.40329e-06 1.36206e-05 1.41902e-18 4.55134e-08 429794 0 0 6.17917e-13 0 0 0.0196185 0 0 0 0 0 0 1.02238e+12 1.02238e+12 1.02238e+12 1.02238e+12 
0.187 0.596502 -2.7035 -0.584475 -2.14709 -2.7965 6.37961e+06 2.08216e+16 1.405e-06 1.36262e-05 1.43617e-18 4.54568e-08 430333 0 0 6.26124e-13 0 0 0.0196185 0 0 0 0 0 0 1.03228e+12 1.03228e+12 1.03228e+12 1.03228e+12 
0.1875 0.618032 -2.68197 -0.562665 -2.1255 -2.81803 6.44858e+06 2.07874e+16 1.4067e-06 1.36317e-05 1.45345e-18 4.54005e-08 430870 0 0 6.3441e-13 0 0 0.0196185 0 0 0 0 0 0 1.04222e+12 1.04222e+12 1.04222e+12 1.04222e+12 
0.188 0.639589 -2.66041 -0.540828 -2.10388 -2.83959 6.51803e+06 2.07532e+16 1.40841e-06 1.36373e-05 1.47089e-18 4.53444e-08 431407 0 0 6.42777e-13 0 0 0.0196185 0 0 0 0 0 0 1.05222e+12 1.05222e+12 1.05222e+12 1.05222e+12 
0.1885 0.661172 -2.63883 -0.518966 -2.08223 -2.86117 6.58794e+06 2.07192e+16 1.41012e-06 1.36429e-05 1.48846e-18 4.52885e-08 431943 0 0 6.51223e-13 0 0 0.0196185 0 0 0 0 0 0 1.06228e+12 1.06228e+12 1.06228e+12 1.06228e+12 
0.189 0.682783 -2.61722 -0.497078 -2.06056 -2.88278 6.65832e+06 2.06852e+16 1.41183e-06 1.36485e-05 1.50619e-18 4.52329e-08 432479 0 0 6.5975e-13 0 0 0.0196185 0 0 0 0 0 0 1.07239e+12 1.07239e+12 1.07239e+12 1.07239e+12 
0.1895 0.70442 -2.59558 -0.475164 -2.03886 -2.90442 6.72917e+06 2.06514e+16 1.41353e-06 1.36541e-05 1.52406e-18 4.51775e-08 433013 0 0 6.68358e-13 0 0 0.0196185 0 0 0 0 0 0 1.08255e+12 1.08255e+12 1.08255e+12 1.08255e+12 
0.19 0.726084 -2.57392 -0.453225 -2.01713 -2.92608 6.80049e+06 2.06177e+16 1.41524e-06 1.36597e-05 1.54207e-18 4.51223e-08 433546 0 0 6.77047e-13 0 0 0.0196185 0 0 0 0 0 0 1.09277e+12 1.09277e+12 1.09277e+12 1.09277e+12 
0.1905 0.747775 -2.55223 -0.43126 -1.99538 -2.94777 6.87228e+06 2.05841e+16 1.41695e-06 1.36653e-05 1.56023e-18 4.50673e-08 434079 0 0 6.85818e-13 0 0 0.0196185 0 0 0 0 0 0 1.10304e+12 1.10304e+12 1.10304e+12 1.10304e+12 
0.191 0.769492 -2.53051 -0.40927 -1.9736 -2.96949 6.94454e+06 2.05506e+16 1.41867e-06 1.36709e-05 1.57854e-18 4.50125e-08 434610 0 0 6.94672e-13 0 0 0.0196185 0 0 0 0 0 0 1.11337e+12 1.11337e+12 1.11337e+12 1.11337e+12 
0.1915 0.791236 -2.50876 -0.387254 -1.9518 -2.99124 7.01727e+06 2.05172e+16 1.42038e-06 1.36766e-05 1.597e-18 4.4958e-08 435141 0 0 7.03608e-13 0 0 0.0196185 0 0 0 0 0 0 1.12375e+12 1.12375e+12 1.12375e+12 1.12375e+12 
0.192 0.813006 -2.48699 -0.365213 -1.92996 -3.01301 7.09048e+06 2.04839e+16 1.42209e-06 1.36823e-05 1.6156e-18 4.49037e-08 435671 0 0 7.12627e-13 0 0 0.0196185 0 0 0 0 0 0 1.13419e+12 1.13419e+12 1.13419e+12 1.13419e+12 
0.1925 0.834803 -2.4652 -0.343146 -1.90811 -3.0348 7.16416e+06 2.04508e+16 1.42381e-06 1.36879e-05 1.63436e-18 4.48496e-08 436200 0 0 7.2173e-13 0 0 0.0196185 0 0 0 0 0 0 1.14468e+12 1.14468e+12 1.14468e+12 1.14468e+12 
0.193 0.856626 -2.44337 -0.321054 -1.88622 -3.05663 7.23831e+06 2.04177e+16 1.42552e-06 1.36936e-05 1.65326e-18 4.47956e-08 436729 0 0 7.30917e-13 0 0 0.0196185 0 0 0 0 0 0 1.15522e+12 1.15522e+12 1.15522e+12 1.15522e+12 
0.1935 0.878476 -2.42152 -0.298936 -1.86431 -3.07848 7.31294e+06 2.03847e+16 1.42724e-06 1.36993e-05 1.67232e-18 4.47418e-08 437256 0 0 7.40188e-13 0 0 0.0196185 0 0 0 0 0 0 1.16582e+12 1.16582e+12 1.16582e+12 1.16582e+12 
0.194 0.900352 -2.39965 -0.276794 -1.84237 -3.10035 7.38804e+06 2.03518e+16 1.42895e-06 1.3705e-05 1.69153e-18 4.4688e-08 437782 0 0 7.49545e-13 0 0 0.0196185 0 0 0 0 0 0 1.17646e+12 1.17646e+12 1.17646e+12 1.17646e+12 
0.1945 0.922254 -2.37775 -0.254626 -1.82041 -3.12225 7.46362e+06 2.03188e+16 1.43067e-06 1.37106e-05 1.71088e-18 4.46339e-08 438308 0 0 7.58986e-13 0 0 0.0196185 0 0 0 0 0 0 1.18714e+12 1.18714e+12 1.18714e+12 1.18714e+12 
0.195 0.944183 -2.35582 -0.232432 -1.79842 -3.14418 7.53967e+06 2.02854e+16 1.43239e-06 1.37161e-05 1.73039e-18 4.45787e-08 438833 0 0 7.68513e-13 0 0 0.0196185 0 0 0 0 0 0 1.19785e+12 1.19785e+12 1.19785e+12 1.19785e+12 
0.1955 0.966137 -2.33386 -0.210214 -1.7764 -3.16614 7.6162e+06 2.02512e+16 1.43411e-06 1.37214e-05 1.75005e-18 4.45205e-08 439357 0 0 7.78125e-13 0 0 0.0196185 0 0 0 0 0 0 1.20852e+12 1.20852e+12 1.20852e+12 1.20852e+12 
0.196 0.988118 -2.31188 -0.18797 -1.75435 -3.18812 7.6932e+06 2.02147e+16 1.43583e-06 1.37259e-05 1.76986e-18 4.44547e-08 439880 0 0 7.87822e-13 0 0 0.0196185 0 0 0 0 0 0 1.21903e+12 1.21903e+12 1.21903e+12 1.21903e+12 
0.1965 1.01013 -2.28987 -0.165702 -1.73226 -3.21013 7.77065e+06 2.01722e+16 1.43755e-06 1.37286e-05 1.78982e-18 4.437e-08 440402 0 0 7.97601e-13 0 0 0.0196185 0 0 0 0 0 0 1.22908e+12 1.22908e+12 1.22908e+12 1.22908e+12 
0.197 1.03216 -2.26784 -0.143408 -1.71012 -3.23216 7.84855e+06 2.01151e+16 1.43927e-06 1.37268e-05 1.80993e-18 4.42385e-08 440923 0 0 8.07455e-13 0 0 0.0196185 0 0 0 0 0 0 1.23788e+12 1.23788e+12 1.23788e+12 1.23788e+12 
0.1975 1.05422 -2.24578 -0.12109 -1.68789 -3.25422 7.92682e+06 2.00217e+16 1.44098e-06 1.37138e-05 1.83015e-18 4.39916e-08 441441 0 0 8.17367e-13 0 0 0.0196185 0 0 0 0 0 0 1.24349e+12 1.24349e+12 1.24349e+12 1.24349e+12 
0.198 1.0763 -2.2237 -0.0987475 -1.66545 -3.2763 8.0053e+06 1.98384e+16 1.44189e-06 1.36656e-05 1.84943e-18 4.34357e-08 441700 0 0 8.22334e-13 0 0 0.0196185 0 0 0 0 0 0 1.24043e+12 1.24043e+12 1.24043e+12 1.24043e+12 
0.198 1.0763 -2.2237 -0.0987475 -1.66545 -3.2763 8.0053e+06 1.98384e+16 1.44335e-06 1.36795e-05 1.85131e-18 4.34798e-08 442166 0 0 8.3135e-13 0 0 0.0196185 0 0 0 0 0 0 1.24169e+12 1.24169e+12 1.24169e+12 1.24169e+12 
0.198409 1.0944 -2.2056 -0.0804381 -1.64678 -3.2944 8.06944e+06 1.95413e+16 1.44402e-06 1.3594e-05 1.86701e-18 4.25611e-08 442373 0 0 8.3536e-13 0 0 0.0196185 0 0 0 0 0 0 1.22598e+12 1.22598e+12 1.22598e+12 1.22598e+12 
0.198752 1.10955 -2.19045 -0.0651165 -1.63074 -3.30955 8.12262e+06 1.90861e+16 1.44517e-06 1.34636e-05 1.88081e-18 4.11706e-08 442715 0 0 8.41981e-13 0 0 0.0196185 0 0 0 0 0 0 1.19494e+12 1.19494e+12 1.19494e+12 1.19494e+12 
0.199038 1.12223 -2.17777 -0.0522981 -1.61677 -3.32223 8.16638e+06 1.84422e+16 1.44611e-06 1.32705e-05 1.89216e-18 3.92113e-08 442993 0 0 8.47334e-13 0 0 0.0196185 0 0 0 0 0 0 1.14589e+12 1.14589e+12 1.14589e+12 1.14589e+12 
0.199277 1.13284 -2.16716 -0.0415761 -1.60439 -3.33284 8.20206e+06 1.75953e+16 1.44686e-06 1.30082e-05 1.90142e-18 3.66711e-08 443216 0 0 8.51589e-13 0 0 0.0196185 0 0 0 0 0 0 1.07853e+12 1.07853e+12 1.07853e+12 1.07853e+12 
0.199478 1.14171 -2.15829 -0.0326094 -1.59321 -3.34171 8.23091e+06 1.65485e+16 1.44746e-06 1.2674e-05 1.90889e-18 3.36035e-08 443393 0 0 8.54905e-13 0 0 0.0196185 0 0 0 0 0 0 9.94447e+11 9.94447e+11 9.94447e+11 9.94447e+11 
0.199645 1.14914 -2.15086 -0.0251117 -1.5829 -3.34914 8.25403e+06 1.53196e+16 1.44792e-06 1.2269e-05 1.91487e-18 3.0114e-08 443530 0 0 8.57434e-13 0 0 0.0196184 0 0 0 0 0 0 8.96738e+11 8.96738e+11 8.96738e+11 8.96738e+11 
0.199785 1.15535 -2.14465 -0.0188432 -1.57317 -3.35535 8.27243e+06 1.39364e+16 1.44828e-06 1.17961e-05 1.91962e-18 2.63391e-08 443636 0 0 8.5932e-13 0 0 0.0196181 0 0 0 0 0 0 7.89425e+11 7.89425e+11 7.89425e+11 7.89425e+11 
0.199902 1.16054 -2.13946 -0.0136029 -1.56375 -3.36054 8.28697e+06 1.24313e+16 1.44856e-06 1.12588e-05 1.92335e-18 2.24244e-08 443716 0 0 8.60692e-13 0 0 0.0196177 0 0 0 0 0 0 6.76805e+11 6.76805e+11 6.76805e+11 6.76805e+11 
0.2 1.16489 -2.13511 -0.00922229 -1.55436 -3.36489 8.2984e+06 1.08364e+16 1.44868e-06 1.06586e-05 1.92617e-18 1.85053e-08 443748 0 0 8.61222e-13 0 0 0.0196175 0 0 0 0 0 0 5.62886e+11 5.62886e+11 5.62886e+11 5.62886e+11 