# ASCII 1D datafile generated by TiberCAD
# x Ec Ev eQFermi hQFermi ElPotential eDensity hDensity eMobility hMobility eConductivity hConductivity ElField_x ElField_y ElField_z eCurrentDensity_x eCurrentDensity_y eCurrentDensity_z hCurrentDensity_x hCurrentDensity_y hCurrentDensity_z IonizedDonors IonizedAcceptors IonizedElectronTraps IonizedHoleTraps eNetRecombination eLangevinRecombination hNetRecombination hLangevinRecombination 
0 2.175 -1.125 7.16678e-06 -0.625728 -4.375 1.35217e-10 8.74794e+16 8.53706e-07 1.79475e-05 8.01088e-23 2.51548e-07 -74360.6 0 0 7.81201e-30 0 0 0 0 0 0 0 0 0 0.000114979 0.000114979 0.000114979 0.000114979 
9.79066e-05 2.17427 -1.12573 7.16678e-06 -0.625728 -4.37427 1.39079e-10 8.59678e+16 8.53624e-07 1.7762e-05 8.01088e-23 2.44646e-07 -74143 0 0 7.90225e-30 0 0 6.75527e-16 0 0 0 0 0 0 0.000115072 0.000115072 0.000115072 0.000115072 
0.000214985 2.17341 -1.12659 7.16678e-06 -0.625728 -4.37341 1.43811e-10 8.42033e+16 8.53446e-07 1.7543e-05 8.01088e-23 2.3667e-07 -73628 0 0 8.11817e-30 0 0 8.07804e-16 0 0 0 0 0 0 0.000115173 0.000115173 0.000115173 0.000115173 
0.000354988 2.17238 -1.12762 7.16678e-06 -0.625728 -4.37238 1.49637e-10 8.21529e+16 8.5324e-07 1.72873e-05 8.01088e-23 2.27542e-07 -73026 0 0 8.37662e-30 0 0 0 0 0 0 0 0 0 0.000115294 0.000115294 0.000115294 0.000115294 
0.000522406 2.17116 -1.12884 7.16678e-06 -0.625728 -4.37116 1.56847e-10 7.97828e+16 8.53002e-07 1.69902e-05 8.01088e-23 2.1718e-07 -72325.1 0 0 8.68605e-30 0 0 0 0 0 0 0 0 0 0.000115439 0.000115439 0.000115439 0.000115439 
0.000722606 2.16972 -1.13028 7.16678e-06 -0.625728 -4.36972 1.65829e-10 7.70603e+16 8.52729e-07 1.66467e-05 8.01088e-23 2.05528e-07 -71513.4 0 0 9.05657e-30 0 0 0 0 0 0 0 0 0 0.000115614 0.000115614 0.000115614 0.000115614 
0.000962009 2.16802 -1.13198 7.16678e-06 -0.625728 -4.36802 1.77105e-10 7.39554e+16 8.5242e-07 1.62519e-05 8.01088e-23 1.92569e-07 -70578.9 0 0 9.5004e-30 0 0 2.60284e-16 0 0 0 0 0 0 0.000115825 0.000115825 0.000115825 0.000115825 
0.00124829 2.16602 -1.13398 7.16678e-06 -0.625728 -4.36602 1.91386e-10 7.04445e+16 8.52071e-07 1.58013e-05 8.01088e-23 1.7834e-07 -69510.2 0 0 1.00322e-29 0 0 3.11252e-16 0 0 0 0 0 0 0.000116079 0.000116079 0.000116079 0.000116079 
0.00159063 2.16366 -1.13634 7.16678e-06 -0.625728 -4.36366 2.09665e-10 6.65132e+16 8.51682e-07 1.52907e-05 8.01088e-23 1.62947e-07 -68298.2 0 0 1.06696e-29 0 0 0 0 0 0 0 0 0 0.000116385 0.000116385 0.000116385 0.000116385 
0.002 2.16089 -1.13911 7.16678e-06 -0.625728 -4.36089 2.33352e-10 6.21606e+16 8.51478e-07 1.47213e-05 8.01088e-23 1.46613e-07 -67594.4 0 0 1.10513e-29 0 0 0 0 0 0 0 0 0 0.000116785 0.000116785 0.000116785 0.000116785 
0.002 2.16089 -1.13911 7.16678e-06 -0.625728 -4.36089 2.33352e-10 6.21606e+16 8.51025e-07 1.47135e-05 8.01088e-23 1.46535e-07 -66133.1 0 0 1.19018e-29 0 0 0 0 0 0 0 0 0 0.000116723 0.000116723 0.000116723 0.000116723 
0.0025 2.15759 -1.14241 7.16678e-06 -0.625728 -4.35759 2.65192e-10 5.73073e+16 8.50801e-07 1.40674e-05 8.01088e-23 1.29162e-07 -65392.4 0 0 1.23713e-29 0 0 0 0 0 0 0 0 0 0.000117214 0.000117214 0.000117214 0.000117214 
0.003 2.15435 -1.14565 7.16678e-06 -0.625728 -4.35435 3.00514e-10 5.29058e+16 8.50374e-07 1.34658e-05 8.01088e-23 1.14142e-07 -63967.9 0 0 1.33121e-29 0 0 0 0 0 0 0 0 0 0.000117676 0.000117676 0.000117676 0.000117676 
0.0035 2.15119 -1.14881 7.16678e-06 -0.625728 -4.35119 3.39641e-10 4.89043e+16 8.49988e-07 1.29078e-05 8.01088e-23 1.01137e-07 -62652 0 0 1.42566e-29 0 0 0 0 0 0 0 0 0 0.000118143 0.000118143 0.000118143 0.000118143 
0.004 2.14809 -1.15191 7.16678e-06 -0.625728 -4.34809 3.82925e-10 4.52581e+16 8.49639e-07 1.23887e-05 8.01088e-23 8.98325e-08 -61435 0 0 1.52049e-29 0 0 0 0 0 0 0 0 0 0.000118614 0.000118614 0.000118614 0.000118614 
0.0045 2.14505 -1.15495 7.16678e-06 -0.625728 -4.34505 4.30749e-10 4.19286e+16 8.49322e-07 1.19048e-05 8.01088e-23 7.99727e-08 -60308.1 0 0 1.6157e-29 0 0 5.82901e-17 0 0 0 0 0 0 0.000119091 0.000119091 0.000119091 0.000119091 
0.005 2.14206 -1.15794 7.16678e-06 -0.625728 -4.34206 4.83531e-10 3.88822e+16 8.49033e-07 1.14524e-05 8.01088e-23 7.13444e-08 -59263.6 0 0 1.7113e-29 0 0 5.82901e-17 0 0 0 0 0 0 0.000119571 0.000119571 0.000119571 0.000119571 
0.0055 2.13912 -1.16088 7.16678e-06 -0.625728 -4.33912 5.41727e-10 3.60898e+16 8.4877e-07 1.10288e-05 8.01088e-23 6.37706e-08 -58294.6 0 0 1.80728e-29 0 0 0 0 0 0 0 0 0 0.000120056 0.000120056 0.000120056 0.000120056 
0.006 2.13623 -1.16377 7.16678e-06 -0.625728 -4.33623 6.05834e-10 3.35257e+16 8.48529e-07 1.0631e-05 8.01088e-23 5.71037e-08 -57394.8 0 0 1.90366e-29 0 0 0 0 0 0 0 0 0 0.000120545 0.000120545 0.000120545 0.000120545 
0.0065 2.13338 -1.16662 7.16678e-06 -0.625728 -4.33338 6.76391e-10 3.11675e+16 8.48309e-07 1.0257e-05 8.01088e-23 5.12192e-08 -56558.6 0 0 2.00043e-29 0 0 0 0 0 0 0 0 0 0.000121039 0.000121039 0.000121039 0.000121039 
0.007 2.13057 -1.16943 7.16678e-06 -0.625728 -4.33057 7.5399e-10 2.89954e+16 8.48108e-07 9.90461e-06 8.01088e-23 4.60126e-08 -55781 0 0 2.09759e-29 0 0 6.73425e-17 0 0 0 0 0 0 0.000121536 0.000121536 0.000121536 0.000121536 
0.0075 2.1278 -1.1722 7.16678e-06 -0.625728 -4.3278 8.39275e-10 2.69919e+16 8.47923e-07 9.57201e-06 8.01088e-23 4.13949e-08 -55057.4 0 0 2.19516e-29 0 0 6.73425e-17 0 0 0 0 0 0 0.000122038 0.000122038 0.000122038 0.000122038 
0.008 2.12507 -1.17493 7.16678e-06 -0.625728 -4.32507 9.32946e-10 2.51416e+16 8.47753e-07 9.25759e-06 8.01088e-23 3.72908e-08 -54383.5 0 0 2.29313e-29 0 0 0 0 0 0 0 0 0 0.000122544 0.000122544 0.000122544 0.000122544 
0.0085 2.12236 -1.17764 7.16678e-06 -0.625728 -4.32236 1.03577e-09 2.34306e+16 8.47596e-07 8.95991e-06 8.01088e-23 3.36355e-08 -53755.7 0 0 2.39151e-29 0 0 2.46578e-17 0 0 0 0 0 0 0.000123055 0.000123055 0.000123055 0.000123055 
0.009 2.11969 -1.18031 7.16678e-06 -0.625728 -4.31969 1.14858e-09 2.18467e+16 8.47452e-07 8.67766e-06 8.01088e-23 3.03739e-08 -53170.5 0 0 2.49031e-29 0 0 2.46578e-17 0 0 0 0 0 0 0.000123569 0.000123569 0.000123569 0.000123569 
0.0095 2.11705 -1.18295 7.16678e-06 -0.625728 -4.31705 1.27228e-09 2.0379e+16 8.47319e-07 8.4097e-06 8.01088e-23 2.74583e-08 -52624.7 0 0 2.58951e-29 0 0 2.01494e-17 0 0 0 0 0 0 0.000124088 0.000124088 0.000124088 0.000124088 
0.01 2.11443 -1.18557 7.16678e-06 -0.625728 -4.31443 1.40787e-09 1.90175e+16 8.47196e-07 8.15496e-06 8.01088e-23 2.48476e-08 -52115.5 0 0 2.68914e-29 0 0 2.01494e-17 0 0 0 0 0 0 0.000124611 0.000124611 0.000124611 0.000124611 
0.0105 2.11184 -1.18816 7.16678e-06 -0.625728 -4.31184 1.55644e-09 1.77534e+16 8.47083e-07 7.91251e-06 8.01088e-23 2.25064e-08 -51640.3 0 0 2.78918e-29 0 0 0 0 0 0 0 0 0 0.000125138 0.000125138 0.000125138 0.000125138 
0.011 2.10926 -1.19074 7.16678e-06 -0.625728 -4.30926 1.71915e-09 1.65788e+16 8.46978e-07 7.68148e-06 8.01088e-23 2.04037e-08 -51196.5 0 0 2.88966e-29 0 0 2.99829e-17 0 0 0 0 0 0 0.00012567 0.00012567 0.00012567 0.00012567 
0.0115 2.10672 -1.19328 7.16678e-06 -0.625728 -4.30672 1.8973e-09 1.54865e+16 8.46881e-07 7.46111e-06 8.01088e-23 1.85125e-08 -50782.1 0 0 2.99056e-29 0 0 2.99829e-17 0 0 0 0 0 0 0.000126205 0.000126205 0.000126205 0.000126205 
0.012 2.10419 -1.19581 7.16678e-06 -0.625728 -4.30419 2.09229e-09 1.447e+16 8.46791e-07 7.25068e-06 8.01088e-23 1.68096e-08 -50394.9 0 0 3.09189e-29 0 0 0 0 0 0 0 0 0 0.000126745 0.000126745 0.000126745 0.000126745 
0.0125 2.10168 -1.19832 7.16678e-06 -0.625728 -4.30168 2.30565e-09 1.35233e+16 8.46708e-07 7.04956e-06 8.01088e-23 1.52741e-08 -50033.1 0 0 3.19365e-29 0 0 2.2468e-17 0 0 0 0 0 0 0.00012729 0.00012729 0.00012729 0.00012729 
0.013 2.09918 -1.20082 7.16678e-06 -0.625728 -4.29918 2.53906e-09 1.26413e+16 8.4663e-07 6.85715e-06 8.01088e-23 1.38882e-08 -49694.9 0 0 3.29586e-29 0 0 2.2468e-17 0 0 0 0 0 0 0.000127838 0.000127838 0.000127838 0.000127838 
0.0135 2.09671 -1.20329 7.16678e-06 -0.625728 -4.29671 2.79432e-09 1.18189e+16 8.46558e-07 6.67292e-06 8.01088e-23 1.26358e-08 -49378.7 0 0 3.39851e-29 0 0 1.85977e-17 0 0 0 0 0 0 0.000128391 0.000128391 0.000128391 0.000128391 
0.014 2.09425 -1.20575 7.16678e-06 -0.625728 -4.29425 3.07343e-09 1.10518e+16 8.46492e-07 6.49637e-06 8.01088e-23 1.15031e-08 -49083.1 0 0 3.5016e-29 0 0 3.55326e-17 0 0 0 0 0 0 0.000128948 0.000128948 0.000128948 0.000128948 
0.0145 2.0918 -1.2082 7.16678e-06 -0.625728 -4.2918 3.37855e-09 1.03358e+16 8.4643e-07 6.32706e-06 8.01088e-23 1.04775e-08 -48806.7 0 0 3.60514e-29 0 0 2.46493e-17 0 0 0 0 0 0 0.000129509 0.000129509 0.000129509 0.000129509 
0.015 2.08936 -1.21064 7.16678e-06 -0.625728 -4.28936 3.71204e-09 9.66739e+15 8.46372e-07 6.16456e-06 8.01088e-23 9.5482e-09 -48548.2 0 0 3.70913e-29 0 0 2.88096e-17 0 0 0 0 0 0 0.000130074 0.000130074 0.000130074 0.000130074 
0.0155 2.08694 -1.21306 7.16678e-06 -0.625728 -4.28694 4.07648e-09 9.04304e+15 8.46319e-07 6.00849e-06 8.01088e-23 8.70542e-09 -48306.3 0 0 3.81358e-29 0 0 2.75076e-17 0 0 0 0 0 0 0.000130644 0.000130644 0.000130644 0.000130644 
0.016 2.08453 -1.21547 7.16678e-06 -0.625728 -4.28453 4.47468e-09 8.45965e+15 8.46269e-07 5.85849e-06 8.01088e-23 7.94051e-09 -48080.1 0 0 3.91849e-29 0 0 1.22625e-17 0 0 0 0 0 0 0.000131217 0.000131217 0.000131217 0.000131217 
0.0165 2.08214 -1.21786 7.16678e-06 -0.625728 -4.28214 4.90969e-09 7.91436e+15 8.46223e-07 5.71424e-06 8.01088e-23 7.24577e-09 -47868.5 0 0 4.02386e-29 0 0 1.11894e-17 0 0 0 0 0 0 0.000131795 0.000131795 0.000131795 0.000131795 
0.017 2.07975 -1.22025 7.16678e-06 -0.625728 -4.27975 5.38487e-09 7.40453e+15 8.4618e-07 5.57543e-06 8.01088e-23 6.61434e-09 -47670.5 0 0 4.12969e-29 0 0 1.50888e-17 0 0 0 0 0 0 0.000132376 0.000132376 0.000132376 0.000132376 
0.0175 2.07737 -1.22263 7.16678e-06 -0.625728 -4.27737 5.90384e-09 6.92773e+15 8.46139e-07 5.44179e-06 8.01088e-23 6.04008e-09 -47485.2 0 0 4.23599e-29 0 0 1.42019e-17 0 0 0 0 0 0 0.000132962 0.000132962 0.000132962 0.000132962 
0.018 2.075 -1.225 7.16678e-06 -0.625728 -4.275 6.4706e-09 6.48171e+15 8.46102e-07 5.31303e-06 8.01088e-23 5.5175e-09 -47311.9 0 0 4.34277e-29 0 0 8.51993e-18 0 0 0 0 0 0 0.000133551 0.000133551 0.000133551 0.000133551 
0.0185 2.07264 -1.22736 7.16678e-06 -0.625728 -4.27264 7.08946e-09 6.0644e+15 8.46067e-07 5.18893e-06 8.01088e-23 5.04169e-09 -47149.7 0 0 4.45001e-29 0 0 1.52198e-17 0 0 0 0 0 0 0.000134144 0.000134144 0.000134144 0.000134144 
0.019 2.07028 -1.22972 7.16678e-06 -0.625728 -4.27028 7.76516e-09 5.67388e+15 8.46035e-07 5.06926e-06 8.01088e-23 4.60824e-09 -46998 0 0 4.55774e-29 0 0 1.45504e-17 0 0 0 0 0 0 0.000134741 0.000134741 0.000134741 0.000134741 
0.0195 2.06794 -1.23206 7.16678e-06 -0.625728 -4.26794 8.50285e-09 5.30836e+15 8.46005e-07 4.95379e-06 8.01088e-23 4.21317e-09 -46856.1 0 0 4.66594e-29 0 0 6.50548e-18 0 0 0 0 0 0 0.000135342 0.000135342 0.000135342 0.000135342 
0.02 2.0656 -1.2344 7.16678e-06 -0.625728 -4.2656 9.30814e-09 4.96621e+15 8.45977e-07 4.84234e-06 8.01088e-23 3.85292e-09 -46723.3 0 0 4.77463e-29 0 0 8.79103e-18 0 0 0 0 0 0 0.000135946 0.000135946 0.000135946 0.000135946 
0.0205 2.06327 -1.23673 7.16678e-06 -0.625728 -4.26327 1.01872e-08 4.64588e+15 8.45951e-07 4.73471e-06 8.01088e-23 3.52429e-09 -46599 0 0 4.88381e-29 0 0 1.3483e-17 0 0 0 0 0 0 0.000136553 0.000136553 0.000136553 0.000136553 
0.021 2.06094 -1.23906 7.16678e-06 -0.625728 -4.26094 1.11466e-08 4.34597e+15 8.45926e-07 4.63073e-06 8.01088e-23 3.22438e-09 -46482.8 0 0 4.99347e-29 0 0 1.73142e-17 0 0 0 0 0 0 0.000137164 0.000137164 0.000137164 0.000137164 
0.0215 2.05862 -1.24138 7.16678e-06 -0.625728 -4.25862 1.21938e-08 4.06514e+15 8.45904e-07 4.53023e-06 8.01088e-23 2.95057e-09 -46374.1 0 0 5.10363e-29 0 0 1.60458e-17 0 0 0 0 0 0 0.000137777 0.000137777 0.000137777 0.000137777 
0.022 2.0563 -1.2437 7.16678e-06 -0.625728 -4.2563 1.33366e-08 3.80216e+15 8.45883e-07 4.43307e-06 8.01088e-23 2.70051e-09 -46272.4 0 0 5.21428e-29 0 0 1.0516e-17 0 0 0 0 0 0 0.000138394 0.000138394 0.000138394 0.000138394 
0.0225 2.05399 -1.24601 7.16678e-06 -0.625728 -4.25399 1.45838e-08 3.55589e+15 8.45863e-07 4.3391e-06 8.01088e-23 2.47206e-09 -46177.3 0 0 5.32542e-29 0 0 9.45771e-18 0 0 0 0 0 0 0.000139014 0.000139014 0.000139014 0.000139014 
0.023 2.05168 -1.24832 7.16678e-06 -0.625728 -4.25168 1.59448e-08 3.32527e+15 8.45845e-07 4.24817e-06 8.01088e-23 2.26328e-09 -46088.4 0 0 5.43707e-29 0 0 1.04832e-17 0 0 0 0 0 0 0.000139636 0.000139636 0.000139636 0.000139636 
0.0235 2.04938 -1.25062 7.16678e-06 -0.625728 -4.24938 1.74298e-08 3.10929e+15 8.45828e-07 4.16016e-06 8.01088e-23 2.07244e-09 -46005.2 0 0 5.54921e-29 0 0 1.11286e-17 0 0 0 0 0 0 0.000140261 0.000140261 0.000140261 0.000140261 
0.024 2.04708 -1.25292 7.16678e-06 -0.625728 -4.24708 1.90503e-08 2.90703e+15 8.45812e-07 4.07496e-06 8.01088e-23 1.89794e-09 -45927.5 0 0 5.66186e-29 0 0 1.17211e-17 0 0 0 0 0 0 0.000140889 0.000140889 0.000140889 0.000140889 
0.0245 2.04479 -1.25521 7.16678e-06 -0.625728 -4.24479 2.08183e-08 2.71761e+15 8.45798e-07 3.99244e-06 8.01088e-23 1.73834e-09 -45854.8 0 0 5.77501e-29 0 0 9.45234e-18 0 0 0 0 0 0 0.000141519 0.000141519 0.000141519 0.000141519 
0.025 2.0425 -1.2575 7.16678e-06 -0.625728 -4.2425 2.27474e-08 2.54023e+15 8.45784e-07 3.91249e-06 8.01088e-23 1.59234e-09 -45786.8 0 0 5.88866e-29 0 0 8.55063e-18 0 0 0 0 0 0 0.00014215 0.00014215 0.00014215 0.00014215 
0.0255 2.04021 -1.25979 7.16678e-06 -0.625728 -4.24021 2.4852e-08 2.37413e+15 8.45771e-07 3.83502e-06 8.01088e-23 1.45875e-09 -45723.3 0 0 6.00283e-29 0 0 9.00864e-18 0 0 0 0 0 0 0.000142784 0.000142784 0.000142784 0.000142784 
0.026 2.03792 -1.26208 7.16678e-06 -0.625728 -4.23792 2.71482e-08 2.2186e+15 8.45759e-07 3.75992e-06 8.01088e-23 1.3365e-09 -45663.9 0 0 6.1175e-29 0 0 8.25358e-18 0 0 0 0 0 0 0.000143419 0.000143419 0.000143419 0.000143419 
0.0265 2.03564 -1.26436 7.16678e-06 -0.625728 -4.23564 2.96532e-08 2.07297e+15 8.45749e-07 3.6871e-06 8.01088e-23 1.22459e-09 -45608.4 0 0 6.23268e-29 0 0 7.56243e-18 0 0 0 0 0 0 0.000144056 0.000144056 0.000144056 0.000144056 
0.027 2.03336 -1.26664 7.16678e-06 -0.625728 -4.23336 3.23859e-08 1.93663e+15 8.45738e-07 3.61648e-06 8.01088e-23 1.12213e-09 -45556.6 0 0 6.34838e-29 0 0 6.9297e-18 0 0 0 0 0 0 0.000144693 0.000144693 0.000144693 0.000144693 
0.0275 2.03109 -1.26891 7.16678e-06 -0.625728 -4.23109 3.53671e-08 1.809e+15 8.45729e-07 3.54797e-06 8.01088e-23 1.02832e-09 -45508.2 0 0 6.46458e-29 0 0 6.35033e-18 0 0 0 0 0 0 0.000145332 0.000145332 0.000145332 0.000145332 
0.028 2.02881 -1.27119 7.16678e-06 -0.625728 -4.22881 3.86193e-08 1.68952e+15 8.4572e-07 3.4815e-06 8.01088e-23 9.42408e-10 -45463 0 0 6.5813e-29 0 0 6.51553e-18 0 0 0 0 0 0 0.000145972 0.000145972 0.000145972 0.000145972 
0.0285 2.02654 -1.27346 7.16678e-06 -0.625728 -4.22654 4.21669e-08 1.57769e+15 8.45712e-07 3.41698e-06 8.01088e-23 8.6372e-10 -45420.8 0 0 6.69854e-29 0 0 6.02957e-18 0 0 0 0 0 0 0.000146612 0.000146612 0.000146612 0.000146612 
0.029 2.02427 -1.27573 7.16678e-06 -0.625728 -4.22427 4.60368e-08 1.47302e+15 8.45705e-07 3.35434e-06 8.01088e-23 7.91639e-10 -45381.3 0 0 6.81628e-29 0 0 6.05763e-18 0 0 0 0 0 0 0.000147252 0.000147252 0.000147252 0.000147252 
0.0295 2.022 -1.278 7.16678e-06 -0.625728 -4.222 5.02581e-08 1.37508e+15 8.45698e-07 3.29352e-06 8.01088e-23 7.25604e-10 -45344.5 0 0 6.93454e-29 0 0 6.72129e-18 0 0 0 0 0 0 0.000147893 0.000147893 0.000147893 0.000147893 
0.03 2.01974 -1.28026 7.16678e-06 -0.625728 -4.21974 5.48627e-08 1.28344e+15 8.45692e-07 3.23445e-06 8.01088e-23 6.651e-10 -45310.2 0 0 7.05332e-29 0 0 7.63403e-18 0 0 0 0 0 0 0.000148533 0.000148533 0.000148533 0.000148533 
0.0305 2.01747 -1.28253 7.16678e-06 -0.625728 -4.21747 5.98854e-08 1.19771e+15 8.45686e-07 3.17707e-06 8.01088e-23 6.0966e-10 -45278.1 0 0 7.1726e-29 0 0 7.57062e-18 0 0 0 0 0 0 0.000149173 0.000149173 0.000149173 0.000149173 
0.031 2.01521 -1.28479 7.16678e-06 -0.625728 -4.21521 6.5364e-08 1.11751e+15 8.45681e-07 3.12132e-06 8.01088e-23 5.58855e-10 -45248.2 0 0 7.2924e-29 0 0 6.45206e-18 0 0 0 0 0 0 0.000149811 0.000149811 0.000149811 0.000149811 
0.0315 2.01295 -1.28705 7.16678e-06 -0.625728 -4.21295 7.13397e-08 1.0425e+15 8.45676e-07 3.06714e-06 8.01088e-23 5.12294e-10 -45220.2 0 0 7.41271e-29 0 0 7.08364e-18 0 0 0 0 0 0 0.000150449 0.000150449 0.000150449 0.000150449 
0.032 2.01069 -1.28931 7.16678e-06 -0.625728 -4.21069 7.78578e-08 9.72351e+14 8.45671e-07 3.01448e-06 8.01088e-23 4.69619e-10 -45194.2 0 0 7.53354e-29 0 0 7.59682e-18 0 0 0 0 0 0 0.000151085 0.000151085 0.000151085 0.000151085 
0.0325 2.00843 -1.29157 7.16678e-06 -0.625728 -4.20843 8.49672e-08 9.06762e+14 8.45667e-07 2.96328e-06 8.01088e-23 4.30503e-10 -45169.9 0 0 7.65487e-29 0 0 7.62867e-18 0 0 0 0 0 0 0.00015172 0.00015172 0.00015172 0.00015172 
0.033 2.00617 -1.29383 7.16678e-06 -0.625728 -4.20617 9.27216e-08 8.45443e+14 8.45663e-07 2.9135e-06 8.01088e-23 3.94648e-10 -45147.3 0 0 7.77671e-29 0 0 7.31116e-18 0 0 0 0 0 0 0.000152353 0.000152353 0.000152353 0.000152353 
0.0335 2.00391 -1.29609 7.16678e-06 -0.625728 -4.20391 1.01179e-07 7.88127e+14 8.4566e-07 2.86509e-06 8.01088e-23 3.6178e-10 -45126.2 0 0 7.89906e-29 0 0 7.2365e-18 0 0 0 0 0 0 0.000152983 0.000152983 0.000152983 0.000152983 
0.034 2.00166 -1.29834 7.16678e-06 -0.625728 -4.20166 1.10404e-07 7.3456e+14 8.45657e-07 2.818e-06 8.01088e-23 3.31648e-10 -45106.5 0 0 8.02191e-29 0 0 7.6578e-18 0 0 0 0 0 0 0.000153611 0.000153611 0.000153611 0.000153611 
0.0345 1.9994 -1.3006 7.16678e-06 -0.625728 -4.1994 1.20466e-07 6.84505e+14 8.45654e-07 2.77218e-06 8.01088e-23 3.04025e-10 -45088.1 0 0 8.14526e-29 0 0 7.7342e-18 0 0 0 0 0 0 0.000154235 0.000154235 0.000154235 0.000154235 
0.035 1.99715 -1.30285 7.16678e-06 -0.625728 -4.19715 1.3144e-07 6.3774e+14 8.45651e-07 2.72761e-06 8.01088e-23 2.787e-10 -45071 0 0 8.26911e-29 0 0 7.10864e-18 0 0 0 0 0 0 0.000154857 0.000154857 0.000154857 0.000154857 
0.0355 1.9949 -1.3051 7.16678e-06 -0.625728 -4.1949 1.43409e-07 5.94057e+14 8.45649e-07 2.68423e-06 8.01088e-23 2.55481e-10 -45055.1 0 0 8.39346e-29 0 0 6.87653e-18 0 0 0 0 0 0 0.000155474 0.000155474 0.000155474 0.000155474 
0.036 1.99264 -1.30736 7.16678e-06 -0.625728 -4.19264 1.56464e-07 5.5326e+14 8.45647e-07 2.64201e-06 8.01088e-23 2.34193e-10 -45040.3 0 0 8.51831e-29 0 0 6.86944e-18 0 0 0 0 0 0 0.000156088 0.000156088 0.000156088 0.000156088 
0.0365 1.99039 -1.30961 7.16678e-06 -0.625728 -4.19039 1.70702e-07 5.15164e+14 8.45645e-07 2.60091e-06 8.01088e-23 2.14674e-10 -45026.5 0 0 8.64364e-29 0 0 6.61393e-18 0 0 0 0 0 0 0.000156697 0.000156697 0.000156697 0.000156697 
0.037 1.98814 -1.31186 7.16678e-06 -0.625728 -4.18814 1.86231e-07 4.79598e+14 8.45644e-07 2.56089e-06 8.01088e-23 1.96779e-10 -45013.6 0 0 8.76946e-29 0 0 6.67015e-18 0 0 0 0 0 0 0.000157302 0.000157302 0.000157302 0.000157302 
0.0375 1.98589 -1.31411 7.16678e-06 -0.625728 -4.18589 2.03167e-07 4.46399e+14 8.45642e-07 2.52192e-06 8.01088e-23 1.8037e-10 -45001.7 0 0 8.89576e-29 0 0 6.67088e-18 0 0 0 0 0 0 0.000157902 0.000157902 0.000157902 0.000157902 
0.038 1.98364 -1.31636 7.16678e-06 -0.625728 -4.18364 2.21639e-07 4.15416e+14 8.45641e-07 2.48397e-06 8.01088e-23 1.65326e-10 -44990.5 0 0 9.02255e-29 0 0 6.50287e-18 0 0 0 0 0 0 0.000158496 0.000158496 0.000158496 0.000158496 
0.0385 1.98139 -1.31861 7.16678e-06 -0.625728 -4.18139 2.41786e-07 3.86506e+14 8.4564e-07 2.44701e-06 8.01088e-23 1.51531e-10 -44980.2 0 0 9.1498e-29 0 0 6.3061e-18 0 0 0 0 0 0 0.000159084 0.000159084 0.000159084 0.000159084 
0.039 1.97914 -1.32086 7.16678e-06 -0.625728 -4.17914 2.63758e-07 3.59537e+14 8.45639e-07 2.411e-06 8.01088e-23 1.38884e-10 -44970.5 0 0 9.27753e-29 0 0 6.31111e-18 0 0 0 0 0 0 0.000159666 0.000159666 0.000159666 0.000159666 
0.0395 1.97689 -1.32311 7.16678e-06 -0.625728 -4.17689 2.87723e-07 3.34381e+14 8.45639e-07 2.37592e-06 8.01088e-23 1.27287e-10 -44961.5 0 0 9.40572e-29 0 0 6.37366e-18 0 0 0 0 0 0 0.000160242 0.000160242 0.000160242 0.000160242 
0.04 1.97465 -1.32535 7.16678e-06 -0.625728 -4.17465 3.13859e-07 3.10923e+14 8.45638e-07 2.34173e-06 8.01088e-23 1.16654e-10 -44953.2 0 0 9.53436e-29 0 0 6.29541e-18 0 0 0 0 0 0 0.00016081 0.00016081 0.00016081 0.00016081 
0.0405 1.9724 -1.3276 7.16678e-06 -0.625728 -4.1724 3.42364e-07 2.89052e+14 8.45638e-07 2.30841e-06 8.01088e-23 1.06906e-10 -44945.4 0 0 9.66346e-29 0 0 6.33617e-18 0 0 0 0 0 0 0.000161372 0.000161372 0.000161372 0.000161372 
0.041 1.97015 -1.32985 7.16678e-06 -0.625728 -4.17015 3.73453e-07 2.68665e+14 8.45638e-07 2.27594e-06 8.01088e-23 9.79675e-11 -44938.2 0 0 9.79301e-29 0 0 6.41799e-18 0 0 0 0 0 0 0.000161925 0.000161925 0.000161925 0.000161925 
0.0415 1.9679 -1.3321 7.16678e-06 -0.625728 -4.1679 4.07359e-07 2.49664e+14 8.45637e-07 2.24429e-06 8.01088e-23 8.97728e-11 -44931.5 0 0 9.923e-29 0 0 6.42947e-18 0 0 0 0 0 0 0.00016247 0.00016247 0.00016247 0.00016247 
0.042 1.96566 -1.33434 7.16678e-06 -0.625728 -4.16566 4.44338e-07 2.3196e+14 8.45637e-07 2.21343e-06 8.01088e-23 8.22598e-11 -44925.3 0 0 1.00534e-28 0 0 6.40493e-18 0 0 0 0 0 0 0.000163008 0.000163008 0.000163008 0.000163008 
0.0425 1.96341 -1.33659 7.16678e-06 -0.625728 -4.16341 4.84668e-07 2.15466e+14 8.45638e-07 2.18334e-06 8.01088e-23 7.5372e-11 -44919.5 0 0 1.01843e-28 0 0 6.49591e-18 0 0 0 0 0 0 0.000163536 0.000163536 0.000163536 0.000163536 
0.043 1.96117 -1.33883 7.16678e-06 -0.625728 -4.16117 5.28653e-07 2.00104e+14 8.45638e-07 2.15399e-06 8.01088e-23 6.90574e-11 -44914.2 0 0 1.03155e-28 0 0 6.54972e-18 0 0 0 0 0 0 0.000164054 0.000164054 0.000164054 0.000164054 
0.0435 1.95892 -1.34108 7.16678e-06 -0.625728 -4.15892 5.76624e-07 1.85798e+14 8.45638e-07 2.12538e-06 8.01088e-23 6.32686e-11 -44909.2 0 0 1.04472e-28 0 0 6.43382e-18 0 0 0 0 0 0 0.000164563 0.000164563 0.000164563 0.000164563 
0.044 1.95668 -1.34332 7.16678e-06 -0.625728 -4.15668 6.28941e-07 1.7248e+14 8.45638e-07 2.09746e-06 8.01088e-23 5.7962e-11 -44904.5 0 0 1.05793e-28 0 0 6.55944e-18 0 0 0 0 0 0 0.000165062 0.000165062 0.000165062 0.000165062 
0.0445 1.95443 -1.34557 7.16678e-06 -0.625728 -4.15443 6.86e-07 1.60082e+14 8.45639e-07 2.07024e-06 8.01088e-23 5.30974e-11 -44900.2 0 0 1.07118e-28 0 0 6.58993e-18 0 0 0 0 0 0 0.00016555 0.00016555 0.00016555 0.00016555 
0.045 1.95219 -1.34781 7.16678e-06 -0.625728 -4.15219 7.4823e-07 1.48545e+14 8.4564e-07 2.04367e-06 8.01088e-23 4.86384e-11 -44896.3 0 0 1.08446e-28 0 0 6.55557e-18 0 0 0 0 0 0 0.000166028 0.000166028 0.000166028 0.000166028 
0.0455 1.94994 -1.35006 7.16678e-06 -0.625728 -4.14994 8.16098e-07 1.3781e+14 8.4564e-07 2.01775e-06 8.01088e-23 4.45511e-11 -44892.6 0 0 1.09779e-28 0 0 6.55795e-18 0 0 0 0 0 0 0.000166493 0.000166493 0.000166493 0.000166493 
0.046 1.9477 -1.3523 7.16678e-06 -0.625728 -4.1477 8.90116e-07 1.27824e+14 8.45641e-07 1.99246e-06 8.01088e-23 4.08049e-11 -44889.1 0 0 1.11115e-28 0 0 6.53784e-18 0 0 0 0 0 0 0.000166948 0.000166948 0.000166948 0.000166948 
0.0465 1.94545 -1.35455 7.16678e-06 -0.625728 -4.14545 9.7084e-07 1.18537e+14 8.45642e-07 1.96778e-06 8.01088e-23 3.73714e-11 -44885.9 0 0 1.12455e-28 0 0 6.5371e-18 0 0 0 0 0 0 0.00016739 0.00016739 0.00016739 0.00016739 
0.047 1.94321 -1.35679 7.16678e-06 -0.625728 -4.14321 1.05888e-06 1.09901e+14 8.45643e-07 1.94369e-06 8.01088e-23 3.42247e-11 -44883 0 0 1.13798e-28 0 0 6.48748e-18 0 0 0 0 0 0 0.00016782 0.00016782 0.00016782 0.00016782 
0.0475 1.94096 -1.35904 7.16678e-06 -0.625728 -4.14096 1.1549e-06 1.01873e+14 8.45644e-07 1.92017e-06 8.01088e-23 3.13409e-11 -44880.2 0 0 1.15145e-28 0 0 6.49409e-18 0 0 0 0 0 0 0.000168237 0.000168237 0.000168237 0.000168237 
0.048 1.93872 -1.36128 7.16678e-06 -0.625728 -4.13872 1.25961e-06 9.44118e+13 8.45645e-07 1.89722e-06 8.01088e-23 2.86981e-11 -44877.7 0 0 1.16495e-28 0 0 6.50129e-18 0 0 0 0 0 0 0.00016864 0.00016864 0.00016864 0.00016864 
0.0485 1.93648 -1.36352 7.16678e-06 -0.625728 -4.13648 1.37382e-06 8.74782e+13 8.45646e-07 1.8748e-06 8.01088e-23 2.62764e-11 -44875.4 0 0 1.17848e-28 0 0 6.49766e-18 0 0 0 0 0 0 0.00016903 0.00016903 0.00016903 0.00016903 
0.049 1.93423 -1.36577 7.16678e-06 -0.625728 -4.13423 1.49837e-06 8.10365e+13 8.45647e-07 1.85292e-06 8.01088e-23 2.40573e-11 -44873.2 0 0 1.19204e-28 0 0 6.47055e-18 0 0 0 0 0 0 0.000169405 0.000169405 0.000169405 0.000169405 
0.0495 1.93199 -1.36801 7.16678e-06 -0.625728 -4.13199 1.63421e-06 7.50531e+13 8.45648e-07 1.83155e-06 8.01088e-23 2.20241e-11 -44871.2 0 0 1.20563e-28 0 0 6.43073e-18 0 0 0 0 0 0 0.000169766 0.000169766 0.000169766 0.000169766 
0.05 1.92974 -1.37026 7.16678e-06 -0.625728 -4.12974 1.78236e-06 6.94969e+13 8.4565e-07 1.81068e-06 8.01088e-23 2.01612e-11 -44869.3 0 0 1.21925e-28 0 0 6.43083e-18 0 0 0 0 0 0 0.000170112 0.000170112 0.000170112 0.000170112 
0.0505 1.9275 -1.3725 7.16678e-06 -0.625728 -4.1275 1.94393e-06 6.43381e+13 8.45651e-07 1.79029e-06 8.01088e-23 1.84545e-11 -44867.6 0 0 1.23289e-28 0 0 6.39931e-18 0 0 0 0 0 0 0.000170442 0.000170442 0.000170442 0.000170442 
0.051 1.92526 -1.37474 7.16678e-06 -0.625728 -4.12526 2.12013e-06 5.95496e+13 8.45652e-07 1.77038e-06 8.01088e-23 1.6891e-11 -44866 0 0 1.24657e-28 0 0 6.37643e-18 0 0 0 0 0 0 0.000170757 0.000170757 0.000170757 0.000170757 
0.0515 1.92301 -1.37699 7.16678e-06 -0.625728 -4.12301 2.31231e-06 5.51062e+13 8.45654e-07 1.75094e-06 8.01088e-23 1.5459e-11 -44864.5 0 0 1.26026e-28 0 0 6.37228e-18 0 0 0 0 0 0 0.000171058 0.000171058 0.000171058 0.000171058 
0.052 1.92077 -1.37923 7.16678e-06 -0.625728 -4.12077 2.52189e-06 5.0983e+13 8.45655e-07 1.73193e-06 8.01088e-23 1.41471e-11 -44863.1 0 0 1.27398e-28 0 0 6.35476e-18 0 0 0 0 0 0 0.00017134 0.00017134 0.00017134 0.00017134 
0.0525 1.91853 -1.38147 7.16678e-06 -0.625728 -4.11853 2.75047e-06 4.71582e+13 8.45657e-07 1.71337e-06 8.01088e-23 1.29455e-11 -44861.8 0 0 1.28772e-28 0 0 6.34334e-18 0 0 0 0 0 0 0.000171606 0.000171606 0.000171606 0.000171606 
0.053 1.91629 -1.38371 7.16678e-06 -0.625728 -4.11629 2.99976e-06 4.3611e+13 8.45659e-07 1.69523e-06 8.01088e-23 1.1845e-11 -44860.7 0 0 1.30149e-28 0 0 6.33789e-18 0 0 0 0 0 0 0.000171854 0.000171854 0.000171854 0.000171854 
0.0535 1.91404 -1.38596 7.16678e-06 -0.625728 -4.11404 3.27163e-06 3.98088e+13 8.4566e-07 1.67465e-06 8.01088e-23 1.0681e-11 -44859.6 0 0 1.31517e-28 0 0 6.34128e-18 0 0 0 0 0 0 0.000169703 0.000169703 0.000169703 0.000169703 
0.054 1.9118 -1.3882 7.16678e-06 -0.625728 -4.1118 3.56813e-06 3.67723e+13 8.45662e-07 1.65724e-06 8.01088e-23 9.76373e-12 -44858.6 0 0 1.32878e-28 0 0 6.34907e-18 0 0 0 0 0 0 0.000169785 0.000169785 0.000169785 0.000169785 
0.0545 1.90956 -1.39044 7.16678e-06 -0.625728 -4.10956 3.8915e-06 3.39655e+13 8.45664e-07 1.64026e-06 8.01088e-23 8.92609e-12 -44857.7 0 0 1.34239e-28 0 0 6.34125e-18 0 0 0 0 0 0 0.000169878 0.000169878 0.000169878 0.000169878 
0.055 1.90731 -1.39269 7.16678e-06 -0.625728 -4.10731 4.24417e-06 3.13713e+13 8.45666e-07 1.6237e-06 8.01088e-23 8.1611e-12 -44856.8 0 0 1.35601e-28 0 0 6.3319e-18 0 0 0 0 0 0 0.000169982 0.000169982 0.000169982 0.000169982 
0.0555 1.90507 -1.39493 7.16678e-06 -0.625728 -4.10507 4.62879e-06 2.89736e+13 8.45668e-07 1.60755e-06 8.01088e-23 7.46237e-12 -44856.1 0 0 1.36963e-28 0 0 6.33578e-18 0 0 0 0 0 0 0.000170098 0.000170098 0.000170098 0.000170098 
0.056 1.90283 -1.39717 7.16678e-06 -0.625728 -4.10283 5.04825e-06 2.67577e+13 8.45669e-07 1.59179e-06 8.01088e-23 6.82409e-12 -44855.3 0 0 1.38327e-28 0 0 6.34584e-18 0 0 0 0 0 0 0.000170224 0.000170224 0.000170224 0.000170224 
0.0565 1.90059 -1.39941 7.16678e-06 -0.625728 -4.10059 5.50573e-06 2.47099e+13 8.45671e-07 1.57642e-06 8.01088e-23 6.24097e-12 -44854.7 0 0 1.39692e-28 0 0 6.33355e-18 0 0 0 0 0 0 0.00017036 0.00017036 0.00017036 0.00017036 
0.057 1.89834 -1.40166 7.16678e-06 -0.625728 -4.09834 6.00464e-06 2.28176e+13 8.45673e-07 1.56141e-06 8.01088e-23 5.70817e-12 -44854.1 0 0 1.41058e-28 0 0 6.31967e-18 0 0 0 0 0 0 0.000170507 0.000170507 0.000170507 0.000170507 
0.0575 1.8961 -1.4039 7.16678e-06 -0.625728 -4.0961 6.54877e-06 2.1069e+13 8.45675e-07 1.54676e-06 8.01088e-23 5.2213e-12 -44853.5 0 0 1.42425e-28 0 0 6.32005e-18 0 0 0 0 0 0 0.000170663 0.000170663 0.000170663 0.000170663 
0.058 1.89386 -1.40614 7.16678e-06 -0.625728 -4.09386 7.14219e-06 1.94534e+13 8.45678e-07 1.53247e-06 8.01088e-23 4.77636e-12 -44853 0 0 1.43793e-28 0 0 6.32202e-18 0 0 0 0 0 0 0.000170828 0.000170828 0.000170828 0.000170828 
0.0585 1.89161 -1.40839 7.16678e-06 -0.625728 -4.09161 7.78937e-06 1.79607e+13 8.4568e-07 1.51851e-06 8.01088e-23 4.36969e-12 -44852.5 0 0 1.45163e-28 0 0 6.33255e-18 0 0 0 0 0 0 0.000171002 0.000171002 0.000171002 0.000171002 
0.059 1.88937 -1.41063 7.16678e-06 -0.625728 -4.08937 8.4952e-06 1.65816e+13 8.45682e-07 1.50488e-06 8.01088e-23 3.99797e-12 -44852 0 0 1.46534e-28 0 0 6.33621e-18 0 0 0 0 0 0 0.000171185 0.000171185 0.000171185 0.000171185 
0.0595 1.88713 -1.41287 7.16678e-06 -0.625728 -4.08713 9.26497e-06 1.53075e+13 8.45684e-07 1.49158e-06 8.01088e-23 3.65815e-12 -44851.6 0 0 1.47906e-28 0 0 6.3305e-18 0 0 0 0 0 0 0.000171376 0.000171376 0.000171376 0.000171376 
0.06 1.88489 -1.41511 7.16678e-06 -0.625728 -4.08489 1.01045e-05 1.41306e+13 8.45686e-07 1.47858e-06 8.01088e-23 3.34747e-12 -44851.2 0 0 1.49281e-28 0 0 6.33145e-18 0 0 0 0 0 0 0.000171575 0.000171575 0.000171575 0.000171575 
0.0605 1.88264 -1.41736 7.16678e-06 -0.625728 -4.08264 1.102e-05 1.30434e+13 8.45689e-07 1.46589e-06 8.01088e-23 3.0634e-12 -44850.9 0 0 1.50656e-28 0 0 6.33949e-18 0 0 0 0 0 0 0.000171782 0.000171782 0.000171782 0.000171782 
0.061 1.8804 -1.4196 7.16678e-06 -0.625728 -4.0804 1.20186e-05 1.20393e+13 8.45691e-07 1.45349e-06 8.01088e-23 2.80364e-12 -44850.6 0 0 1.52034e-28 0 0 6.34206e-18 0 0 0 0 0 0 0.000171996 0.000171996 0.000171996 0.000171996 
0.0615 1.87816 -1.42184 7.16678e-06 -0.625728 -4.07816 1.31076e-05 1.11118e+13 8.45694e-07 1.44138e-06 8.01088e-23 2.56609e-12 -44850.3 0 0 1.53413e-28 0 0 6.33866e-18 0 0 0 0 0 0 0.000172218 0.000172218 0.000172218 0.000172218 
0.062 1.87592 -1.42408 7.16678e-06 -0.625728 -4.07592 1.42952e-05 1.02552e+13 8.45696e-07 1.42954e-06 8.01088e-23 2.34882e-12 -44850 0 0 1.54794e-28 0 0 6.33914e-18 0 0 0 0 0 0 0.000172447 0.000172447 0.000172447 0.000172447 
0.0625 1.87367 -1.42633 7.16678e-06 -0.625728 -4.07367 1.55905e-05 9.46412e+12 8.45699e-07 1.41797e-06 8.01088e-23 2.1501e-12 -44849.7 0 0 1.56177e-28 0 0 6.34144e-18 0 0 0 0 0 0 0.000172682 0.000172682 0.000172682 0.000172682 
0.063 1.87143 -1.42857 7.16678e-06 -0.625728 -4.07143 1.70031e-05 8.73359e+12 8.45701e-07 1.40667e-06 8.01088e-23 1.96832e-12 -44849.5 0 0 1.57562e-28 0 0 6.34198e-18 0 0 0 0 0 0 0.000172923 0.000172923 0.000172923 0.000172923 
0.0635 1.86919 -1.43081 7.16678e-06 -0.625728 -4.06919 1.85437e-05 8.05901e+12 8.45704e-07 1.39562e-06 8.01088e-23 1.80202e-12 -44849.3 0 0 1.58949e-28 0 0 6.34226e-18 0 0 0 0 0 0 0.000173171 0.000173171 0.000173171 0.000173171 
0.064 1.86695 -1.43305 7.16678e-06 -0.625728 -4.06695 2.02238e-05 7.43613e+12 8.45706e-07 1.38483e-06 8.01088e-23 1.64988e-12 -44849.1 0 0 1.60337e-28 0 0 6.34059e-18 0 0 0 0 0 0 0.000173425 0.000173425 0.000173425 0.000173425 
0.0645 1.8647 -1.4353 7.16678e-06 -0.625728 -4.0647 2.20562e-05 6.86102e+12 8.45709e-07 1.37427e-06 8.01088e-23 1.51067e-12 -44848.9 0 0 1.61728e-28 0 0 6.34213e-18 0 0 0 0 0 0 0.000173685 0.000173685 0.000173685 0.000173685 
0.065 1.86246 -1.43754 7.16678e-06 -0.625728 -4.06246 2.40546e-05 6.33005e+12 8.45712e-07 1.36395e-06 8.01088e-23 1.3833e-12 -44848.7 0 0 1.63121e-28 0 0 6.3435e-18 0 0 0 0 0 0 0.00017395 0.00017395 0.00017395 0.00017395 
0.0655 1.86022 -1.43978 7.16678e-06 -0.625728 -4.06022 2.6234e-05 5.83985e+12 8.45715e-07 1.35386e-06 8.01088e-23 1.26673e-12 -44848.6 0 0 1.64516e-28 0 0 6.34565e-18 0 0 0 0 0 0 0.00017422 0.00017422 0.00017422 0.00017422 
0.066 1.85798 -1.44202 7.16678e-06 -0.625728 -4.05798 2.86109e-05 5.38732e+12 8.45717e-07 1.34399e-06 8.01088e-23 1.16005e-12 -44848.4 0 0 1.65913e-28 0 0 6.34675e-18 0 0 0 0 0 0 0.000174495 0.000174495 0.000174495 0.000174495 
0.0665 1.85573 -1.44427 7.16678e-06 -0.625728 -4.05573 3.12032e-05 4.96959e+12 8.4572e-07 1.33434e-06 8.01088e-23 1.06242e-12 -44848.3 0 0 1.67313e-28 0 0 6.34544e-18 0 0 0 0 0 0 0.000174775 0.000174775 0.000174775 0.000174775 
0.067 1.85349 -1.44651 7.16678e-06 -0.625728 -4.05349 3.40302e-05 4.58401e+12 8.45723e-07 1.3249e-06 8.01088e-23 9.73055e-13 -44848.2 0 0 1.68715e-28 0 0 6.34545e-18 0 0 0 0 0 0 0.00017506 0.00017506 0.00017506 0.00017506 
0.0675 1.85125 -1.44875 7.16678e-06 -0.625728 -4.05125 3.71135e-05 4.22811e+12 8.45726e-07 1.31566e-06 8.01088e-23 8.91253e-13 -44848.1 0 0 1.70119e-28 0 0 6.34623e-18 0 0 0 0 0 0 0.000175349 0.000175349 0.000175349 0.000175349 
0.068 1.84901 -1.45099 7.16678e-06 -0.625728 -4.04901 4.0476e-05 3.89964e+12 8.45729e-07 1.30663e-06 8.01088e-23 8.1637e-13 -44848 0 0 1.71525e-28 0 0 6.34582e-18 0 0 0 0 0 0 0.000175643 0.000175643 0.000175643 0.000175643 
0.0685 1.84677 -1.45323 7.16679e-06 -0.625728 -4.04677 4.41432e-05 3.59649e+12 8.45733e-07 1.29779e-06 8.01088e-23 7.47816e-13 -44847.9 0 0 1.72934e-28 0 0 6.34581e-18 0 0 0 0 0 0 0.00017594 0.00017594 0.00017594 0.00017594 
0.069 1.84452 -1.45548 7.16679e-06 -0.625728 -4.04452 4.81426e-05 3.31674e+12 8.45736e-07 1.28914e-06 8.01088e-23 6.85051e-13 -44847.8 0 0 1.74345e-28 0 0 6.34633e-18 0 0 0 0 0 0 0.000176241 0.000176241 0.000176241 0.000176241 
0.0695 1.84228 -1.45772 7.16679e-06 -0.625728 -4.04228 5.25044e-05 3.05858e+12 8.45739e-07 1.28068e-06 8.01088e-23 6.27584e-13 -44847.7 0 0 1.75758e-28 0 0 6.34537e-18 0 0 0 0 0 0 0.000176546 0.000176546 0.000176546 0.000176546 
0.07 1.84004 -1.45996 7.16679e-06 -0.625728 -4.04004 5.72613e-05 2.82037e+12 8.45742e-07 1.2724e-06 8.01088e-23 5.74964e-13 -44847.6 0 0 1.77174e-28 0 0 6.34362e-18 0 0 0 0 0 0 0.000176855 0.000176855 0.000176855 0.000176855 
0.0705 1.8378 -1.4622 7.16679e-06 -0.625728 -4.0378 6.24492e-05 2.60057e+12 8.45746e-07 1.2643e-06 8.01088e-23 5.2678e-13 -44847.5 0 0 1.78593e-28 0 0 6.34358e-18 0 0 0 0 0 0 0.000177166 0.000177166 0.000177166 0.000177166 
0.071 1.83555 -1.46445 7.16679e-06 -0.625728 -4.03555 6.8107e-05 2.39778e+12 8.45749e-07 1.25637e-06 8.01088e-23 4.82655e-13 -44847.5 0 0 1.80014e-28 0 0 6.34441e-18 0 0 0 0 0 0 0.000177481 0.000177481 0.000177481 0.000177481 
0.0715 1.83331 -1.46669 7.16679e-06 -0.625728 -4.03331 7.42775e-05 2.21069e+12 8.45753e-07 1.2486e-06 8.01088e-23 4.42244e-13 -44847.4 0 0 1.81437e-28 0 0 6.3444e-18 0 0 0 0 0 0 0.000177799 0.000177799 0.000177799 0.000177799 
0.072 1.83107 -1.46893 7.16679e-06 -0.625728 -4.03107 8.1007e-05 2.03809e+12 8.45756e-07 1.241e-06 8.01088e-23 4.05234e-13 -44847.4 0 0 1.82863e-28 0 0 6.34484e-18 0 0 0 0 0 0 0.000178119 0.000178119 0.000178119 0.000178119 
0.0725 1.82883 -1.47117 7.16679e-06 -0.625728 -4.02883 8.83461e-05 1.87886e+12 8.4576e-07 1.23356e-06 8.01088e-23 3.71336e-13 -44847.3 0 0 1.84292e-28 0 0 6.34509e-18 0 0 0 0 0 0 0.000178442 0.000178442 0.000178442 0.000178442 
0.073 1.82658 -1.47342 7.16679e-06 -0.625728 -4.02658 9.63501e-05 1.73199e+12 8.45763e-07 1.22628e-06 8.01088e-23 3.40286e-13 -44847.3 0 0 1.85723e-28 0 0 6.34594e-18 0 0 0 0 0 0 0.000178768 0.000178768 0.000178768 0.000178768 
0.0735 1.82434 -1.47566 7.16679e-06 -0.625728 -4.02434 0.000105079 1.59652e+12 8.45767e-07 1.21914e-06 8.01088e-23 3.11845e-13 -44847.2 0 0 1.87157e-28 0 0 6.34656e-18 0 0 0 0 0 0 0.000179096 0.000179096 0.000179096 0.000179096 
0.074 1.8221 -1.4779 7.16679e-06 -0.625728 -4.0221 0.000114599 1.47156e+12 8.45771e-07 1.21216e-06 8.01088e-23 2.85791e-13 -44847.2 0 0 1.88593e-28 0 0 6.34611e-18 0 0 0 0 0 0 0.000179426 0.000179426 0.000179426 0.000179426 
0.0745 1.81986 -1.48014 7.16679e-06 -0.625728 -4.01986 0.000124982 1.35632e+12 8.45775e-07 1.20532e-06 8.01088e-23 2.61924e-13 -44847.1 0 0 1.90033e-28 0 0 6.34622e-18 0 0 0 0 0 0 0.000179758 0.000179758 0.000179758 0.000179758 
0.075 1.81761 -1.48239 7.16679e-06 -0.625728 -4.01761 0.000136305 1.25004e+12 8.45779e-07 1.19862e-06 8.01088e-23 2.40058e-13 -44847.1 0 0 1.91474e-28 0 0 6.3467e-18 0 0 0 0 0 0 0.000180092 0.000180092 0.000180092 0.000180092 
0.0755 1.81537 -1.48463 7.16679e-06 -0.625728 -4.01537 0.000148654 1.15203e+12 8.45783e-07 1.19206e-06 8.01088e-23 2.20025e-13 -44847.1 0 0 1.92919e-28 0 0 6.34632e-18 0 0 0 0 0 0 0.000180427 0.000180427 0.000180427 0.000180427 
0.076 1.81313 -1.48687 7.16679e-06 -0.625728 -4.01313 0.000162121 1.06165e+12 8.45787e-07 1.18563e-06 8.01088e-23 2.0167e-13 -44847 0 0 1.94366e-28 0 0 6.34624e-18 0 0 0 0 0 0 0.000180765 0.000180765 0.000180765 0.000180765 
0.0765 1.81089 -1.48911 7.16679e-06 -0.625728 -4.01089 0.000176809 9.78313e+11 8.45791e-07 1.17933e-06 8.01088e-23 1.84852e-13 -44847 0 0 1.95816e-28 0 0 6.34655e-18 0 0 0 0 0 0 0.000181103 0.000181103 0.000181103 0.000181103 
0.077 1.80864 -1.49136 7.16679e-06 -0.625728 -4.00864 0.000192827 9.01473e+11 8.45795e-07 1.17317e-06 8.01089e-23 1.69442e-13 -44847 0 0 1.97268e-28 0 0 6.34609e-18 0 0 0 0 0 0 0.000181444 0.000181444 0.000181444 0.000181444 
0.0775 1.8064 -1.4936 7.16679e-06 -0.625728 -4.0064 0.000210296 8.30627e+11 8.45799e-07 1.16712e-06 8.01089e-23 1.55322e-13 -44847 0 0 1.98724e-28 0 0 6.3459e-18 0 0 0 0 0 0 0.000181785 0.000181785 0.000181785 0.000181785 
0.078 1.80416 -1.49584 7.16679e-06 -0.625728 -4.00416 0.000229348 7.6531e+11 8.45803e-07 1.1612e-06 8.01089e-23 1.42382e-13 -44847 0 0 2.00182e-28 0 0 6.3462e-18 0 0 0 0 0 0 0.000182127 0.000182127 0.000182127 0.000182127 
0.0785 1.80192 -1.49808 7.16679e-06 -0.625728 -4.00192 0.000250126 7.05096e+11 8.45808e-07 1.1554e-06 8.01089e-23 1.30524e-13 -44846.9 0 0 2.01643e-28 0 0 6.34643e-18 0 0 0 0 0 0 0.000182471 0.000182471 0.000182471 0.000182471 
0.079 1.79968 -1.50032 7.16679e-06 -0.625728 -3.99968 0.000272786 6.49587e+11 8.45812e-07 1.14971e-06 8.01089e-23 1.19657e-13 -44846.9 0 0 2.03106e-28 0 0 6.34639e-18 0 0 0 0 0 0 0.000182815 0.000182815 0.000182815 0.000182815 
0.0795 1.79743 -1.50257 7.16679e-06 -0.625728 -3.99743 0.000297499 5.9842e+11 8.45817e-07 1.14414e-06 8.01089e-23 1.09698e-13 -44846.9 0 0 2.04572e-28 0 0 6.34638e-18 0 0 0 0 0 0 0.00018316 0.00018316 0.00018316 0.00018316 
0.08 1.79519 -1.50481 7.16679e-06 -0.625728 -3.99519 0.000324451 5.51256e+11 8.45821e-07 1.13868e-06 8.01089e-23 1.0057e-13 -44846.9 0 0 2.06041e-28 0 0 6.34644e-18 0 0 0 0 0 0 0.000183505 0.000183505 0.000183505 0.000183505 
0.0805 1.79295 -1.50705 7.16679e-06 -0.625728 -3.99295 0.000353845 5.07785e+11 8.45826e-07 1.13333e-06 8.01089e-23 9.22036e-14 -44846.9 0 0 2.07513e-28 0 0 6.34645e-18 0 0 0 0 0 0 0.000183851 0.000183851 0.000183851 0.000183851 
0.081 1.79071 -1.50929 7.16679e-06 -0.625728 -3.99071 0.000385901 4.6772e+11 8.45831e-07 1.12809e-06 8.01089e-23 8.45355e-14 -44846.9 0 0 2.08988e-28 0 0 6.3466e-18 0 0 0 0 0 0 0.000184198 0.000184198 0.000184198 0.000184198 
0.0815 1.78846 -1.51154 7.16679e-06 -0.625728 -3.98846 0.000420861 4.30796e+11 8.45836e-07 1.12295e-06 8.01089e-23 7.7507e-14 -44846.9 0 0 2.10465e-28 0 0 6.34669e-18 0 0 0 0 0 0 0.000184545 0.000184545 0.000184545 0.000184545 
0.082 1.78622 -1.51378 7.16679e-06 -0.625728 -3.98622 0.000458989 3.96768e+11 8.45841e-07 1.11791e-06 8.01089e-23 7.10644e-14 -44846.8 0 0 2.11945e-28 0 0 6.34668e-18 0 0 0 0 0 0 0.000184892 0.000184892 0.000184892 0.000184892 
0.0825 1.78398 -1.51602 7.16679e-06 -0.625728 -3.98398 0.00050057 3.6541e+11 8.45846e-07 1.11297e-06 8.01089e-23 6.51588e-14 -44846.8 0 0 2.13428e-28 0 0 6.34668e-18 0 0 0 0 0 0 0.000185239 0.000185239 0.000185239 0.000185239 
0.083 1.78174 -1.51826 7.16679e-06 -0.625728 -3.98174 0.000545918 3.36516e+11 8.45851e-07 1.10812e-06 8.01089e-23 5.97453e-14 -44846.8 0 0 2.14914e-28 0 0 6.34667e-18 0 0 0 0 0 0 0.000185586 0.000185586 0.000185586 0.000185586 
0.0835 1.77949 -1.52051 7.16679e-06 -0.625728 -3.97949 0.000595375 3.09891e+11 8.45856e-07 1.10337e-06 8.01089e-23 5.47826e-14 -44846.8 0 0 2.16402e-28 0 0 6.34666e-18 0 0 0 0 0 0 0.000185933 0.000185933 0.000185933 0.000185933 
0.084 1.77725 -1.52275 7.16679e-06 -0.625728 -3.97725 0.000649311 2.85361e+11 8.45861e-07 1.09872e-06 8.01089e-23 5.02332e-14 -44846.8 0 0 2.17894e-28 0 0 6.34669e-18 0 0 0 0 0 0 0.00018628 0.00018628 0.00018628 0.00018628 
0.0845 1.77501 -1.52499 7.16679e-06 -0.625728 -3.97501 0.000708134 2.6276e+11 8.45867e-07 1.09415e-06 8.01089e-23 4.60625e-14 -44846.8 0 0 2.19388e-28 0 0 6.34665e-18 0 0 0 0 0 0 0.000186627 0.000186627 0.000186627 0.000186627 
0.085 1.77277 -1.52723 7.16679e-06 -0.625728 -3.97277 0.000772285 2.41938e+11 8.45872e-07 1.08968e-06 8.01089e-23 4.22388e-14 -44846.8 0 0 2.20884e-28 0 0 6.34658e-18 0 0 0 0 0 0 0.000186973 0.000186973 0.000186973 0.000186973 
0.0855 1.77052 -1.52948 7.16679e-06 -0.625728 -3.97052 0.000842247 2.22756e+11 8.45878e-07 1.08529e-06 8.01089e-23 3.87333e-14 -44846.8 0 0 2.22384e-28 0 0 6.34648e-18 0 0 0 0 0 0 0.000187319 0.000187319 0.000187319 0.000187319 
0.086 1.76828 -1.53172 7.16679e-06 -0.625728 -3.96828 0.000918548 2.05086e+11 8.45884e-07 1.08098e-06 8.01089e-23 3.55193e-14 -44846.8 0 0 2.23886e-28 0 0 6.34649e-18 0 0 0 0 0 0 0.000187664 0.000187664 0.000187664 0.000187664 
0.0865 1.76604 -1.53396 7.16679e-06 -0.625728 -3.96604 0.00100176 1.88809e+11 8.45889e-07 1.07676e-06 8.0109e-23 3.25725e-14 -44846.8 0 0 2.25391e-28 0 0 6.3466e-18 0 0 0 0 0 0 0.000188009 0.000188009 0.000188009 0.000188009 
0.087 1.7638 -1.5362 7.16679e-06 -0.625728 -3.9638 0.00109251 1.73816e+11 8.45895e-07 1.07262e-06 8.0109e-23 2.98707e-14 -44846.8 0 0 2.26899e-28 0 0 6.34663e-18 0 0 0 0 0 0 0.000188353 0.000188353 0.000188353 0.000188353 
0.0875 1.76156 -1.53844 7.16679e-06 -0.625728 -3.96156 0.00119148 1.60007e+11 8.45901e-07 1.06856e-06 8.0109e-23 2.73934e-14 -44846.8 0 0 2.2841e-28 0 0 6.34663e-18 0 0 0 0 0 0 0.000188697 0.000188697 0.000188697 0.000188697 
0.088 1.75931 -1.54069 7.16679e-06 -0.625728 -3.95931 0.00129942 1.47288e+11 8.45907e-07 1.06457e-06 8.0109e-23 2.5122e-14 -44846.8 0 0 2.29923e-28 0 0 6.34666e-18 0 0 0 0 0 0 0.00018904 0.00018904 0.00018904 0.00018904 
0.0885 1.75707 -1.54293 7.16679e-06 -0.625728 -3.95707 0.00141713 1.35575e+11 8.45913e-07 1.06067e-06 8.0109e-23 2.30392e-14 -44846.8 0 0 2.31439e-28 0 0 6.34667e-18 0 0 0 0 0 0 0.000189381 0.000189381 0.000189381 0.000189381 
0.089 1.75483 -1.54517 7.16679e-06 -0.625728 -3.95483 0.00154551 1.24787e+11 8.4592e-07 1.05683e-06 8.0109e-23 2.11294e-14 -44846.8 0 0 2.32958e-28 0 0 6.34659e-18 0 0 0 0 0 0 0.000189722 0.000189722 0.000189722 0.000189722 
0.0895 1.75259 -1.54741 7.16679e-06 -0.625728 -3.95259 0.00168552 1.14854e+11 8.45926e-07 1.05307e-06 8.01091e-23 1.93782e-14 -44846.8 0 0 2.3448e-28 0 0 6.34653e-18 0 0 0 0 0 0 0.000190062 0.000190062 0.000190062 0.000190062 
0.09 1.75034 -1.54966 7.16679e-06 -0.625728 -3.95034 0.0018382 1.05706e+11 8.45933e-07 1.04938e-06 8.01091e-23 1.77723e-14 -44846.7 0 0 2.36004e-28 0 0 6.34653e-18 0 0 0 0 0 0 0.000190401 0.000190401 0.000190401 0.000190401 
0.0905 1.7481 -1.5519 7.16679e-06 -0.625728 -3.9481 0.00200472 9.72831e+10 8.45939e-07 1.04576e-06 8.01091e-23 1.62998e-14 -44846.7 0 0 2.37531e-28 0 0 6.34653e-18 0 0 0 0 0 0 0.000190739 0.000190739 0.000190739 0.000190739 
0.091 1.74586 -1.55414 7.16679e-06 -0.625728 -3.94586 0.00218633 8.95275e+10 8.45946e-07 1.04221e-06 8.01091e-23 1.49494e-14 -44846.7 0 0 2.39061e-28 0 0 6.34651e-18 0 0 0 0 0 0 0.000191075 0.000191075 0.000191075 0.000191075 
0.0915 1.74362 -1.55638 7.16679e-06 -0.625728 -3.94362 0.00238438 8.23868e+10 8.45953e-07 1.03873e-06 8.01091e-23 1.3711e-14 -44846.7 0 0 2.40593e-28 0 0 6.34648e-18 0 0 0 0 0 0 0.00019141 0.00019141 0.00019141 0.00019141 
0.092 1.74137 -1.55863 7.16679e-06 -0.625728 -3.94137 0.00260038 7.58126e+10 8.4596e-07 1.03531e-06 8.01092e-23 1.25754e-14 -44846.7 0 0 2.42128e-28 0 0 6.34649e-18 0 0 0 0 0 0 0.000191744 0.000191744 0.000191744 0.000191744 
0.0925 1.73913 -1.56087 7.16679e-06 -0.625728 -3.93913 0.00283594 6.97601e+10 8.45967e-07 1.03196e-06 8.01092e-23 1.1534e-14 -44846.7 0 0 2.43666e-28 0 0 6.34652e-18 0 0 0 0 0 0 0.000192077 0.000192077 0.000192077 0.000192077 
0.093 1.73689 -1.56311 7.16679e-06 -0.625728 -3.93689 0.00309284 6.41882e+10 8.45974e-07 1.02866e-06 8.01092e-23 1.05789e-14 -44846.7 0 0 2.45206e-28 0 0 6.3465e-18 0 0 0 0 0 0 0.000192408 0.000192408 0.000192408 0.000192408 
0.0935 1.73465 -1.56535 7.16679e-06 -0.625728 -3.93465 0.00337301 5.9059e+10 8.45981e-07 1.02543e-06 8.01093e-23 9.70296e-15 -44846.7 0 0 2.46749e-28 0 0 6.34648e-18 0 0 0 0 0 0 0.000192738 0.000192738 0.000192738 0.000192738 
0.094 1.73241 -1.56759 7.16679e-06 -0.625728 -3.93241 0.00367856 5.43375e+10 8.45989e-07 1.02226e-06 8.01093e-23 8.89966e-15 -44846.7 0 0 2.48295e-28 0 0 6.34647e-18 0 0 0 0 0 0 0.000193066 0.000193066 0.000193066 0.000193066 
0.0945 1.73016 -1.56984 7.16679e-06 -0.625728 -3.93016 0.00401178 4.99915e+10 8.45996e-07 1.01915e-06 8.01094e-23 8.16293e-15 -44846.7 0 0 2.49843e-28 0 0 6.34647e-18 0 0 0 0 0 0 0.000193393 0.000193393 0.000193393 0.000193393 
0.095 1.72792 -1.57208 7.16679e-06 -0.625728 -3.92792 0.00437519 4.59913e+10 8.46004e-07 1.0161e-06 8.01094e-23 7.48726e-15 -44846.7 0 0 2.51394e-28 0 0 6.34647e-18 0 0 0 0 0 0 0.000193718 0.000193718 0.000193718 0.000193718 
0.0955 1.72568 -1.57432 7.16679e-06 -0.625728 -3.92568 0.00477152 4.23096e+10 8.46012e-07 1.0131e-06 8.01095e-23 6.86757e-15 -44846.7 0 0 2.52947e-28 0 0 6.34647e-18 0 0 0 0 0 0 0.000194042 0.000194042 0.000194042 0.000194042 
0.096 1.72344 -1.57656 7.16679e-06 -0.625728 -3.92344 0.00520375 3.89211e+10 8.4602e-07 1.01016e-06 8.01095e-23 6.29921e-15 -44846.7 0 0 2.54503e-28 0 0 6.34646e-18 0 0 0 0 0 0 0.000194364 0.000194364 0.000194364 0.000194364 
0.0965 1.72119 -1.57881 7.16679e-06 -0.625728 -3.92119 0.00567512 3.58026e+10 8.46028e-07 1.00727e-06 8.01096e-23 5.77794e-15 -44846.7 0 0 2.56062e-28 0 0 6.34645e-18 0 0 0 0 0 0 0.000194684 0.000194684 0.000194684 0.000194684 
0.097 1.71895 -1.58105 7.16679e-06 -0.625728 -3.91895 0.0061892 3.29327e+10 8.46036e-07 1.00444e-06 8.01097e-23 5.29984e-15 -44846.7 0 0 2.57623e-28 0 0 6.34644e-18 0 0 0 0 0 0 0.000195002 0.000195002 0.000195002 0.000195002 
0.0975 1.71671 -1.58329 7.16679e-06 -0.625728 -3.91671 0.00674984 3.02918e+10 8.46044e-07 1.00166e-06 8.01097e-23 4.86133e-15 -44846.7 0 0 2.59187e-28 0 0 6.34643e-18 0 0 0 0 0 0 0.000195319 0.000195319 0.000195319 0.000195319 
0.098 1.71447 -1.58553 7.16679e-06 -0.625728 -3.91447 0.00736126 2.78616e+10 8.46053e-07 9.98929e-07 8.01098e-23 4.45914e-15 -44846.7 0 0 2.60753e-28 0 0 6.34641e-18 0 0 0 0 0 0 0.000195634 0.000195634 0.000195634 0.000195634 
0.0985 1.71222 -1.58778 7.16679e-06 -0.625728 -3.91222 0.00802806 2.56254e+10 8.46061e-07 9.96249e-07 8.01099e-23 4.09024e-15 -44846.7 0 0 2.62322e-28 0 0 6.3464e-18 0 0 0 0 0 0 0.000195946 0.000195946 0.000195946 0.000195946 
0.099 1.70998 -1.59002 7.16679e-06 -0.625728 -3.90998 0.00875526 2.35678e+10 8.4607e-07 9.93618e-07 8.011e-23 3.75188e-15 -44846.7 0 0 2.63893e-28 0 0 6.34639e-18 0 0 0 0 0 0 0.000196258 0.000196258 0.000196258 0.000196258 
0.0995 1.70774 -1.59226 7.16679e-06 -0.625728 -3.90774 0.00954833 2.16747e+10 8.46079e-07 9.91035e-07 8.01101e-23 3.44153e-15 -44846.7 0 0 2.65467e-28 0 0 6.34638e-18 0 0 0 0 0 0 0.000196567 0.000196567 0.000196567 0.000196567 
0.1 1.7055 -1.5945 7.16679e-06 -0.625728 -3.9055 0.0104132 1.99329e+10 8.46088e-07 9.88499e-07 8.01102e-23 3.15687e-15 -44846.7 0 0 2.67043e-28 0 0 6.34637e-18 0 0 0 0 0 0 0.000196874 0.000196874 0.000196874 0.000196874 
0.1005 1.70325 -1.59675 7.16679e-06 -0.625728 -3.90325 0.0113565 1.83304e+10 8.46097e-07 9.86009e-07 8.01104e-23 2.89577e-15 -44846.7 0 0 2.68621e-28 0 0 6.34636e-18 0 0 0 0 0 0 0.000197179 0.000197179 0.000197179 0.000197179 
0.101 1.70101 -1.59899 7.16679e-06 -0.625728 -3.90101 0.0123851 1.68562e+10 8.46107e-07 9.83565e-07 8.01105e-23 2.65628e-15 -44846.7 0 0 2.70203e-28 0 0 6.34636e-18 0 0 0 0 0 0 0.000197482 0.000197482 0.000197482 0.000197482 
0.1015 1.69877 -1.60123 7.16679e-06 -0.625728 -3.89877 0.013507 1.55e+10 8.46116e-07 9.81165e-07 8.01107e-23 2.4366e-15 -44846.7 0 0 2.71786e-28 0 0 6.34635e-18 0 0 0 0 0 0 0.000197783 0.000197783 0.000197783 0.000197783 
0.102 1.69653 -1.60347 7.16679e-06 -0.625728 -3.89653 0.0147304 1.42524e+10 8.46126e-07 9.78808e-07 8.01108e-23 2.2351e-15 -44846.7 0 0 2.73372e-28 0 0 6.34633e-18 0 0 0 0 0 0 0.000198082 0.000198082 0.000198082 0.000198082 
0.1025 1.69429 -1.60571 7.16679e-06 -0.625728 -3.89429 0.0160647 1.31048e+10 8.46136e-07 9.76494e-07 8.0111e-23 2.05027e-15 -44846.7 0 0 2.7496e-28 0 0 6.34633e-18 0 0 0 0 0 0 0.000198379 0.000198379 0.000198379 0.000198379 
0.103 1.69204 -1.60796 7.16679e-06 -0.625728 -3.89204 0.0175198 1.20492e+10 8.46146e-07 9.74222e-07 8.01112e-23 1.88073e-15 -44846.7 0 0 2.76551e-28 0 0 6.34631e-18 0 0 0 0 0 0 0.000198674 0.000198674 0.000198674 0.000198674 
0.1035 1.6898 -1.6102 7.16679e-06 -0.625728 -3.8898 0.0191068 1.10783e+10 8.46156e-07 9.71992e-07 8.01114e-23 1.72522e-15 -44846.7 0 0 2.78144e-28 0 0 6.3463e-18 0 0 0 0 0 0 0.000198967 0.000198967 0.000198967 0.000198967 
0.104 1.68756 -1.61244 7.1668e-06 -0.625728 -3.88756 0.0208374 1.01852e+10 8.46167e-07 9.69801e-07 8.01116e-23 1.58257e-15 -44846.7 0 0 2.79739e-28 0 0 6.34629e-18 0 0 0 0 0 0 0.000199258 0.000199258 0.000199258 0.000199258 
0.1045 1.68532 -1.61468 7.1668e-06 -0.625728 -3.88532 0.0227248 9.36384e+09 8.46177e-07 9.6765e-07 8.01119e-23 1.45172e-15 -44846.7 0 0 2.81337e-28 0 0 6.34628e-18 0 0 0 0 0 0 0.000199546 0.000199546 0.000199546 0.000199546 
0.105 1.68307 -1.61693 7.1668e-06 -0.625728 -3.88307 0.0247831 8.60843e+09 8.46188e-07 9.65537e-07 8.01122e-23 1.33169e-15 -44846.7 0 0 2.82937e-28 0 0 6.34627e-18 0 0 0 0 0 0 0.000199832 0.000199832 0.000199832 0.000199832 
0.1055 1.68083 -1.61917 7.1668e-06 -0.625728 -3.88083 0.0270279 7.91371e+09 8.46199e-07 9.63462e-07 8.01125e-23 1.22159e-15 -44846.7 0 0 2.84539e-28 0 0 6.34626e-18 0 0 0 0 0 0 0.000200117 0.000200117 0.000200117 0.000200117 
0.106 1.67859 -1.62141 7.1668e-06 -0.625728 -3.87859 0.029476 7.27481e+09 8.4621e-07 9.61425e-07 8.01128e-23 1.12059e-15 -44846.7 0 0 2.86143e-28 0 0 6.34625e-18 0 0 0 0 0 0 0.000200398 0.000200398 0.000200398 0.000200398 
0.1065 1.67635 -1.62365 7.1668e-06 -0.625728 -3.87635 0.0321458 6.68729e+09 8.46221e-07 9.59424e-07 8.01132e-23 1.02795e-15 -44846.7 0 0 2.8775e-28 0 0 6.34623e-18 0 0 0 0 0 0 0.000200678 0.000200678 0.000200678 0.000200678 
0.107 1.6741 -1.6259 7.1668e-06 -0.625728 -3.8741 0.0350574 6.14702e+09 8.46233e-07 9.57459e-07 8.01136e-23 9.42965e-16 -44846.7 0 0 2.89359e-28 0 0 6.34622e-18 0 0 0 0 0 0 0.000200956 0.000200956 0.000200956 0.000200956 
0.1075 1.67186 -1.62814 7.1668e-06 -0.625728 -3.87186 0.0382326 5.65023e+09 8.46245e-07 9.55529e-07 8.0114e-23 8.65008e-16 -44846.7 0 0 2.9097e-28 0 0 6.34621e-18 0 0 0 0 0 0 0.000201231 0.000201231 0.000201231 0.000201231 
0.108 1.66962 -1.63038 7.1668e-06 -0.625728 -3.86962 0.0416955 5.19343e+09 8.46257e-07 9.53633e-07 8.01145e-23 7.93498e-16 -44846.7 0 0 2.92584e-28 0 0 6.3462e-18 0 0 0 0 0 0 0.000201504 0.000201504 0.000201504 0.000201504 
0.1085 1.66738 -1.63262 7.1668e-06 -0.625728 -3.86738 0.045472 4.77341e+09 8.46269e-07 9.51772e-07 8.0115e-23 7.279e-16 -44846.7 0 0 2.94199e-28 0 0 6.34618e-18 0 0 0 0 0 0 0.000201774 0.000201774 0.000201774 0.000201774 
0.109 1.66514 -1.63486 7.1668e-06 -0.625728 -3.86514 0.0495905 4.38723e+09 8.46281e-07 9.49943e-07 8.01155e-23 6.67726e-16 -44846.7 0 0 2.95817e-28 0 0 6.34617e-18 0 0 0 0 0 0 0.000202043 0.000202043 0.000202043 0.000202043 
0.1095 1.66289 -1.63711 7.1668e-06 -0.625728 -3.86289 0.054082 4.03217e+09 8.46294e-07 9.48147e-07 8.01162e-23 6.12526e-16 -44846.7 0 0 2.97437e-28 0 0 6.34616e-18 0 0 0 0 0 0 0.000202309 0.000202309 0.000202309 0.000202309 
0.11 1.66065 -1.63935 7.1668e-06 -0.625728 -3.86065 0.0589803 3.70574e+09 8.46306e-07 9.46383e-07 8.01168e-23 5.61891e-16 -44846.7 0 0 2.99059e-28 0 0 6.34615e-18 0 0 0 0 0 0 0.000202572 0.000202572 0.000202572 0.000202572 
0.1105 1.65841 -1.64159 7.1668e-06 -0.625728 -3.85841 0.0643222 3.40563e+09 8.46319e-07 9.4465e-07 8.01175e-23 5.15441e-16 -44846.7 0 0 3.00683e-28 0 0 6.34614e-18 0 0 0 0 0 0 0.000202834 0.000202834 0.000202834 0.000202834 
0.111 1.65617 -1.64383 7.1668e-06 -0.625728 -3.85617 0.0701479 3.12974e+09 8.46332e-07 9.42948e-07 8.01183e-23 4.72831e-16 -44846.7 0 0 3.02309e-28 0 0 6.34613e-18 0 0 0 0 0 0 0.000203093 0.000203093 0.000203093 0.000203093 
0.1115 1.65392 -1.64608 7.1668e-06 -0.625728 -3.85392 0.0765011 2.87612e+09 8.46346e-07 9.41276e-07 8.01192e-23 4.33744e-16 -44846.7 0 0 3.03937e-28 0 0 6.34612e-18 0 0 0 0 0 0 0.00020335 0.00020335 0.00020335 0.00020335 
0.112 1.65168 -1.64832 7.1668e-06 -0.625728 -3.85168 0.0834298 2.64297e+09 8.46359e-07 9.39633e-07 8.01201e-23 3.97888e-16 -44846.7 0 0 3.05567e-28 0 0 6.34611e-18 0 0 0 0 0 0 0.000203604 0.000203604 0.000203604 0.000203604 
0.1125 1.64944 -1.65056 7.1668e-06 -0.625728 -3.84944 0.0909858 2.42866e+09 8.46373e-07 9.3802e-07 8.01212e-23 3.64996e-16 -44846.7 0 0 3.072e-28 0 0 6.3461e-18 0 0 0 0 0 0 0.000203856 0.000203856 0.000203856 0.000203856 
0.113 1.6472 -1.6528 7.1668e-06 -0.625728 -3.8472 0.0992262 2.23166e+09 8.46387e-07 9.36435e-07 8.01223e-23 3.34823e-16 -44846.7 0 0 3.08834e-28 0 0 6.34609e-18 0 0 0 0 0 0 0.000204106 0.000204106 0.000204106 0.000204106 
0.1135 1.64495 -1.65505 7.1668e-06 -0.625728 -3.84495 0.108213 2.05058e+09 8.46402e-07 9.34877e-07 8.01235e-23 3.07145e-16 -44846.7 0 0 3.1047e-28 0 0 6.34608e-18 0 0 0 0 0 0 0.000204353 0.000204353 0.000204353 0.000204353 
0.114 1.64271 -1.65729 7.1668e-06 -0.625728 -3.84271 0.118013 1.88415e+09 8.46416e-07 9.33348e-07 8.01248e-23 2.81754e-16 -44846.7 0 0 3.12108e-28 0 0 6.34607e-18 0 0 0 0 0 0 0.000204599 0.000204599 0.000204599 0.000204599 
0.1145 1.64047 -1.65953 7.1668e-06 -0.625728 -3.84047 0.128701 1.73118e+09 8.46431e-07 9.31845e-07 8.01263e-23 2.58462e-16 -44846.7 0 0 3.13749e-28 0 0 6.34606e-18 0 0 0 0 0 0 0.000204841 0.000204841 0.000204841 0.000204841 
0.115 1.63823 -1.66177 7.1668e-06 -0.625728 -3.83823 0.140357 1.59059e+09 8.46446e-07 9.30369e-07 8.01279e-23 2.37095e-16 -44846.7 0 0 3.15391e-28 0 0 6.34605e-18 0 0 0 0 0 0 0.000205082 0.000205082 0.000205082 0.000205082 
0.1155 1.63598 -1.66402 7.1668e-06 -0.625728 -3.83598 0.153068 1.46137e+09 8.46461e-07 9.28918e-07 8.01296e-23 2.17495e-16 -44846.7 0 0 3.17035e-28 0 0 6.34604e-18 0 0 0 0 0 0 0.00020532 0.00020532 0.00020532 0.00020532 
0.116 1.63374 -1.66626 7.1668e-06 -0.625728 -3.83374 0.166931 1.34262e+09 8.46477e-07 9.27493e-07 8.01315e-23 1.99514e-16 -44846.7 0 0 3.18681e-28 0 0 6.34603e-18 0 0 0 0 0 0 0.000205556 0.000205556 0.000205556 0.000205556 
0.1165 1.6315 -1.6685 7.1668e-06 -0.625728 -3.8315 0.182049 1.23348e+09 8.46493e-07 9.26093e-07 8.01335e-23 1.8302e-16 -44846.7 0 0 3.20328e-28 0 0 6.34602e-18 0 0 0 0 0 0 0.000205789 0.000205789 0.000205789 0.000205789 
0.117 1.62926 -1.67074 7.1668e-06 -0.625728 -3.82926 0.198535 1.13319e+09 8.46509e-07 9.24718e-07 8.01358e-23 1.67889e-16 -44846.7 0 0 3.21978e-28 0 0 6.34601e-18 0 0 0 0 0 0 0.00020602 0.00020602 0.00020602 0.00020602 
0.1175 1.62702 -1.67298 7.1668e-06 -0.625728 -3.82702 0.216515 1.04103e+09 8.46525e-07 9.23366e-07 8.01382e-23 1.54009e-16 -44846.7 0 0 3.23629e-28 0 0 6.34601e-18 0 0 0 0 0 0 0.000206249 0.000206249 0.000206249 0.000206249 
0.118 1.62477 -1.67523 7.1668e-06 -0.625728 -3.82477 0.236123 9.56337e+08 8.46542e-07 9.22039e-07 8.01408e-23 1.41277e-16 -44846.7 0 0 3.25283e-28 0 0 6.346e-18 0 0 0 0 0 0 0.000206475 0.000206475 0.000206475 0.000206475 
0.1185 1.62253 -1.67747 7.1668e-06 -0.625728 -3.82253 0.257506 8.78514e+08 8.46559e-07 9.20734e-07 8.01438e-23 1.29597e-16 -44846.7 0 0 3.26938e-28 0 0 6.34599e-18 0 0 0 0 0 0 0.000206699 0.000206699 0.000206699 0.000206699 
0.119 1.62029 -1.67971 7.1668e-06 -0.625728 -3.82029 0.280826 8.07004e+08 8.46576e-07 9.19452e-07 8.01469e-23 1.18882e-16 -44846.7 0 0 3.28595e-28 0 0 6.34598e-18 0 0 0 0 0 0 0.000206921 0.000206921 0.000206921 0.000206921 
0.1195 1.61805 -1.68195 7.1668e-06 -0.625728 -3.81805 0.306257 7.41298e+08 8.46594e-07 9.18193e-07 8.01504e-23 1.09053e-16 -44846.7 0 0 3.30253e-28 0 0 6.34597e-18 0 0 0 0 0 0 0.00020714 0.00020714 0.00020714 0.00020714 
0.12 1.6158 -1.6842 7.1668e-06 -0.625728 -3.8158 0.333991 6.80925e+08 8.46612e-07 9.16955e-07 8.01541e-23 1.00036e-16 -44846.7 0 0 3.31914e-28 0 0 6.34596e-18 0 0 0 0 0 0 0.000207357 0.000207357 0.000207357 0.000207357 
0.1205 1.61356 -1.68644 7.1668e-06 -0.625728 -3.81356 0.364236 6.25454e+08 8.4663e-07 9.15739e-07 8.01582e-23 9.17651e-17 -44846.7 0 0 3.33576e-28 0 0 6.34596e-18 0 0 0 0 0 0 0.000207572 0.000207572 0.000207572 0.000207572 
0.121 1.61132 -1.68868 7.1668e-06 -0.625728 -3.81132 0.39722 5.74489e+08 8.46648e-07 9.14544e-07 8.01627e-23 8.41777e-17 -44846.7 0 0 3.3524e-28 0 0 6.34595e-18 0 0 0 0 0 0 0.000207784 0.000207784 0.000207784 0.000207784 
0.1215 1.60908 -1.69092 7.1668e-06 -0.625728 -3.80908 0.433191 5.27664e+08 8.46667e-07 9.1337e-07 8.01676e-23 7.72174e-17 -44846.7 0 0 3.36905e-28 0 0 6.34594e-18 0 0 0 0 0 0 0.000207995 0.000207995 0.000207995 0.000207995 
0.122 1.60683 -1.69317 7.1668e-06 -0.625728 -3.80683 0.472418 4.84645e+08 8.46686e-07 9.12216e-07 8.01729e-23 7.08325e-17 -44846.7 0 0 3.38572e-28 0 0 6.34594e-18 0 0 0 0 0 0 0.000208202 0.000208202 0.000208202 0.000208202 
0.1225 1.60459 -1.69541 7.1668e-06 -0.625728 -3.80459 0.515197 4.45123e+08 8.46705e-07 9.11083e-07 8.01787e-23 6.49754e-17 -44846.7 0 0 3.40241e-28 0 0 6.34593e-18 0 0 0 0 0 0 0.000208408 0.000208408 0.000208408 0.000208408 
0.123 1.60235 -1.69765 7.1668e-06 -0.625728 -3.80235 0.56185 4.08816e+08 8.46725e-07 9.09969e-07 8.0185e-23 5.96026e-17 -44846.7 0 0 3.41911e-28 0 0 6.34593e-18 0 0 0 0 0 0 0.000208611 0.000208611 0.000208611 0.000208611 
0.1235 1.60011 -1.69989 7.1668e-06 -0.625728 -3.80011 0.612726 3.75461e+08 8.46745e-07 9.08874e-07 8.01919e-23 5.46738e-17 -44846.7 0 0 3.43583e-28 0 0 6.34592e-18 0 0 0 0 0 0 0.000208812 0.000208812 0.000208812 0.000208812 
0.124 1.59787 -1.70213 7.1668e-06 -0.625728 -3.79787 0.668209 3.4482e+08 8.46766e-07 9.07798e-07 8.01995e-23 5.01526e-17 -44846.7 0 0 3.45257e-28 0 0 6.34592e-18 0 0 0 0 0 0 0.000209011 0.000209011 0.000209011 0.000209011 
0.1245 1.59562 -1.70438 7.1668e-06 -0.625728 -3.79562 0.728716 3.16673e+08 8.46786e-07 9.06741e-07 8.02077e-23 4.60051e-17 -44846.7 0 0 3.46932e-28 0 0 6.34591e-18 0 0 0 0 0 0 0.000209207 0.000209207 0.000209207 0.000209207 
0.125 1.59338 -1.70662 7.1668e-06 -0.625728 -3.79338 0.794701 2.90818e+08 8.46807e-07 9.05702e-07 8.02166e-23 4.22005e-17 -44846.7 0 0 3.48609e-28 0 0 6.34591e-18 0 0 0 0 0 0 0.000209401 0.000209401 0.000209401 0.000209401 
0.1255 1.59114 -1.70886 7.1668e-06 -0.625728 -3.79114 0.86666 2.67068e+08 8.46829e-07 9.04682e-07 8.02264e-23 3.87105e-17 -44846.7 0 0 3.50287e-28 0 0 6.3459e-18 0 0 0 0 0 0 0.000209593 0.000209593 0.000209593 0.000209593 
0.126 1.5889 -1.7111 7.1668e-06 -0.625728 -3.7889 0.945134 2.45252e+08 8.46851e-07 9.03678e-07 8.02371e-23 3.5509e-17 -44846.7 0 0 3.51967e-28 0 0 6.3459e-18 0 0 0 0 0 0 0.000209783 0.000209783 0.000209783 0.000209783 
0.1265 1.58665 -1.71335 7.1668e-06 -0.625728 -3.78665 1.03071 2.25214e+08 8.46873e-07 9.02692e-07 8.02487e-23 3.25722e-17 -44846.7 0 0 3.53648e-28 0 0 6.34589e-18 0 0 0 0 0 0 0.00020997 0.00020997 0.00020997 0.00020997 
0.127 1.58441 -1.71559 7.1668e-06 -0.625728 -3.78441 1.12404 2.06809e+08 8.46896e-07 9.01723e-07 8.02613e-23 2.98782e-17 -44846.7 0 0 3.55331e-28 0 0 6.34589e-18 0 0 0 0 0 0 0.000210155 0.000210155 0.000210155 0.000210155 
0.1275 1.58217 -1.71783 7.1668e-06 -0.625728 -3.78217 1.22581 1.89904e+08 8.46919e-07 9.00771e-07 8.02752e-23 2.7407e-17 -44846.7 0 0 3.57015e-28 0 0 6.34589e-18 0 0 0 0 0 0 0.000210338 0.000210338 0.000210338 0.000210338 
0.128 1.57993 -1.72007 7.1668e-06 -0.625728 -3.77993 1.3368 1.74378e+08 8.46942e-07 8.99835e-07 8.02902e-23 2.51401e-17 -44846.7 0 0 3.58701e-28 0 0 6.34589e-18 0 0 0 0 0 0 0.000210519 0.000210519 0.000210519 0.000210519 
0.1285 1.57768 -1.72232 7.1668e-06 -0.625728 -3.77768 1.45784 1.60118e+08 8.46966e-07 8.98916e-07 8.03067e-23 2.30606e-17 -44846.7 0 0 3.60388e-28 0 0 6.34589e-18 0 0 0 0 0 0 0.000210697 0.000210697 0.000210697 0.000210697 
0.129 1.57544 -1.72456 7.16681e-06 -0.625728 -3.77544 1.58984 1.47021e+08 8.4699e-07 8.98012e-07 8.03246e-23 2.11531e-17 -44846.7 0 0 3.62076e-28 0 0 6.34588e-18 0 0 0 0 0 0 0.000210874 0.000210874 0.000210874 0.000210874 
0.1295 1.5732 -1.7268 7.16681e-06 -0.625728 -3.7732 1.73378 1.34993e+08 8.47014e-07 8.97124e-07 8.03441e-23 1.94033e-17 -44846.7 0 0 3.63766e-28 0 0 6.34588e-18 0 0 0 0 0 0 0.000211048 0.000211048 0.000211048 0.000211048 
0.13 1.57096 -1.72904 7.16681e-06 -0.625728 -3.77096 1.89076 1.23947e+08 8.47039e-07 8.9625e-07 8.03654e-23 1.77982e-17 -44846.7 0 0 3.65457e-28 0 0 6.34588e-18 0 0 0 0 0 0 0.00021122 0.00021122 0.00021122 0.00021122 
0.1305 1.56871 -1.73129 7.16681e-06 -0.625728 -3.76871 2.06194 1.13802e+08 8.47065e-07 8.95392e-07 8.03887e-23 1.63259e-17 -44846.7 0 0 3.67149e-28 0 0 6.34588e-18 0 0 0 0 0 0 0.000211389 0.000211389 0.000211389 0.000211389 
0.131 1.56647 -1.73353 7.16681e-06 -0.625728 -3.76647 2.24863 1.04486e+08 8.47091e-07 8.94549e-07 8.0414e-23 1.49753e-17 -44846.7 0 0 3.68843e-28 0 0 6.34588e-18 0 0 0 0 0 0 0.000211557 0.000211557 0.000211557 0.000211557 
0.1315 1.56423 -1.73577 7.16681e-06 -0.625728 -3.76423 2.45221 9.59307e+07 8.47117e-07 8.9372e-07 8.04416e-23 1.37364e-17 -44846.7 0 0 3.70538e-28 0 0 6.34588e-18 0 0 0 0 0 0 0.000211722 0.000211722 0.000211722 0.000211722 
0.132 1.56199 -1.73801 7.16681e-06 -0.625728 -3.76199 2.67422 8.80743e+07 8.47144e-07 8.92906e-07 8.04718e-23 1.25999e-17 -44846.7 0 0 3.72234e-28 0 0 6.34588e-18 0 0 0 0 0 0 0.000211886 0.000211886 0.000211886 0.000211886 
0.1325 1.55975 -1.74025 7.16681e-06 -0.625728 -3.75975 2.91633 8.08599e+07 8.47171e-07 8.92105e-07 8.05047e-23 1.15575e-17 -44846.7 0 0 3.73932e-28 0 0 6.34589e-18 0 0 0 0 0 0 0.000212047 0.000212047 0.000212047 0.000212047 
0.133 1.5575 -1.7425 7.16681e-06 -0.625728 -3.7575 3.18035 7.42352e+07 8.47198e-07 8.91318e-07 8.05405e-23 1.06012e-17 -44846.7 0 0 3.75631e-28 0 0 6.34589e-18 0 0 0 0 0 0 0.000212206 0.000212206 0.000212206 0.000212206 
0.1335 1.55526 -1.74474 7.16681e-06 -0.625728 -3.75526 3.46828 6.81521e+07 8.47226e-07 8.90545e-07 8.05796e-23 9.72408e-18 -44846.7 0 0 3.77331e-28 0 0 6.34589e-18 0 0 0 0 0 0 0.000212363 0.000212363 0.000212363 0.000212363 
0.134 1.55302 -1.74698 7.16681e-06 -0.625728 -3.75302 3.78226 6.25663e+07 8.47255e-07 8.89784e-07 8.06222e-23 8.91948e-18 -44846.7 0 0 3.79032e-28 0 0 6.3459e-18 0 0 0 0 0 0 0.000212518 0.000212518 0.000212518 0.000212518 
0.1345 1.55078 -1.74922 7.16681e-06 -0.625728 -3.75078 4.12467 5.74374e+07 8.47284e-07 8.89037e-07 8.06687e-23 8.18143e-18 -44846.7 0 0 3.80734e-28 0 0 6.3459e-18 0 0 0 0 0 0 0.000212671 0.000212671 0.000212671 0.000212671 
0.135 1.54853 -1.75147 7.16681e-06 -0.625728 -3.74853 4.49807 5.27281e+07 8.47314e-07 8.88303e-07 8.07195e-23 7.50443e-18 -44846.7 0 0 3.82437e-28 0 0 6.3459e-18 0 0 0 0 0 0 0.000212821 0.000212821 0.000212821 0.000212821 
0.1355 1.54629 -1.75371 7.16681e-06 -0.625728 -3.74629 4.90527 4.84041e+07 8.47344e-07 8.87581e-07 8.07748e-23 6.88343e-18 -44846.7 0 0 3.84142e-28 0 0 6.34591e-18 0 0 0 0 0 0 0.00021297 0.00021297 0.00021297 0.00021297 
0.136 1.54405 -1.75595 7.16681e-06 -0.625728 -3.74405 5.34932 4.44339e+07 8.47374e-07 8.86871e-07 8.08351e-23 6.3138e-18 -44846.7 0 0 3.85847e-28 0 0 6.34591e-18 0 0 0 0 0 0 0.000213117 0.000213117 0.000213117 0.000213117 
0.1365 1.54181 -1.75819 7.16681e-06 -0.625728 -3.74181 5.83356 4.07888e+07 8.47405e-07 8.86174e-07 8.09008e-23 5.7913e-18 -44846.7 0 0 3.87554e-28 0 0 6.34592e-18 0 0 0 0 0 0 0.000213261 0.000213261 0.000213261 0.000213261 
0.137 1.53956 -1.76044 7.16681e-06 -0.625728 -3.73956 6.36164 3.7442e+07 8.47437e-07 8.85488e-07 8.09726e-23 5.31201e-18 -44846.7 0 0 3.89261e-28 0 0 6.34593e-18 0 0 0 0 0 0 0.000213404 0.000213404 0.000213404 0.000213404 
0.1375 1.53732 -1.76268 7.16681e-06 -0.625727 -3.73732 6.9375 3.43694e+07 8.47469e-07 8.84814e-07 8.10508e-23 4.87238e-18 -44846.7 0 0 3.9097e-28 0 0 6.34593e-18 0 0 0 0 0 0 0.000213544 0.000213544 0.000213544 0.000213544 
0.138 1.53508 -1.76492 7.16681e-06 -0.625727 -3.73508 7.56549 3.15484e+07 8.47502e-07 8.84152e-07 8.11361e-23 4.46912e-18 -44846.7 0 0 3.92679e-28 0 0 6.34594e-18 0 0 0 0 0 0 0.000213682 0.000213682 0.000213682 0.000213682 
0.1385 1.53284 -1.76716 7.16681e-06 -0.625727 -3.73284 8.25031 2.89585e+07 8.47535e-07 8.83501e-07 8.12291e-23 4.09922e-18 -44846.7 0 0 3.9439e-28 0 0 6.34595e-18 0 0 0 0 0 0 0.000213819 0.000213819 0.000213819 0.000213819 
0.139 1.53059 -1.76941 7.16681e-06 -0.625727 -3.73059 8.99711 2.65808e+07 8.47569e-07 8.82861e-07 8.13306e-23 3.75993e-18 -44846.7 0 0 3.96101e-28 0 0 6.34596e-18 0 0 0 0 0 0 0.000213953 0.000213953 0.000213953 0.000213953 
0.1395 1.52835 -1.77165 7.16681e-06 -0.625727 -3.72835 9.8115 2.43979e+07 8.47603e-07 8.82232e-07 8.14412e-23 3.44871e-18 -44846.7 0 0 3.97813e-28 0 0 6.34597e-18 0 0 0 0 0 0 0.000214085 0.000214085 0.000214085 0.000214085 
0.14 1.52611 -1.77389 7.16681e-06 -0.625727 -3.72611 10.6996 2.2394e+07 8.47638e-07 8.81614e-07 8.15619e-23 3.16324e-18 -44846.7 0 0 3.99526e-28 0 0 6.34598e-18 0 0 0 0 0 0 0.000214216 0.000214216 0.000214216 0.000214216 
0.1405 1.52387 -1.77613 7.16681e-06 -0.625727 -3.72387 11.668 2.05544e+07 8.47674e-07 8.81006e-07 8.16935e-23 2.90139e-18 -44846.7 0 0 4.0124e-28 0 0 6.34599e-18 0 0 0 0 0 0 0.000214344 0.000214344 0.000214344 0.000214344 
0.141 1.52163 -1.77837 7.16681e-06 -0.625727 -3.72163 12.7241 1.88656e+07 8.4771e-07 8.80409e-07 8.1837e-23 2.66121e-18 -44846.7 0 0 4.02955e-28 0 0 6.346e-18 0 0 0 0 0 0 0.00021447 0.00021447 0.00021447 0.00021447 
0.1415 1.51938 -1.78062 7.16681e-06 -0.625727 -3.71938 13.8758 1.73154e+07 8.47747e-07 8.79821e-07 8.19935e-23 2.4409e-18 -44846.7 0 0 4.0467e-28 0 0 6.34602e-18 0 0 0 0 0 0 0.000214595 0.000214595 0.000214595 0.000214595 
0.142 1.51714 -1.78286 7.16681e-06 -0.625727 -3.71714 15.1317 1.58923e+07 8.47784e-07 8.79244e-07 8.21642e-23 2.23883e-18 -44846.7 0 0 4.06386e-28 0 0 6.34603e-18 0 0 0 0 0 0 0.000214717 0.000214717 0.000214717 0.000214717 
0.1425 1.5149 -1.7851 7.16681e-06 -0.625726 -3.7149 16.5012 1.45859e+07 8.47822e-07 8.78676e-07 8.23503e-23 2.05348e-18 -44846.7 0 0 4.08102e-28 0 0 6.34604e-18 0 0 0 0 0 0 0.000214838 0.000214838 0.000214838 0.000214838 
0.143 1.51266 -1.78734 7.16681e-06 -0.625726 -3.71266 17.9947 1.33868e+07 8.47861e-07 8.78119e-07 8.25533e-23 1.88346e-18 -44846.7 0 0 4.09819e-28 0 0 6.34606e-18 0 0 0 0 0 0 0.000214956 0.000214956 0.000214956 0.000214956 
0.1435 1.51041 -1.78959 7.16681e-06 -0.625726 -3.71041 19.6233 1.2286e+07 8.47901e-07 8.7757e-07 8.27746e-23 1.72752e-18 -44846.7 0 0 4.11537e-28 0 0 6.34607e-18 0 0 0 0 0 0 0.000215072 0.000215072 0.000215072 0.000215072 
0.144 1.50817 -1.79183 7.16681e-06 -0.625726 -3.70817 21.3993 1.12756e+07 8.47941e-07 8.77031e-07 8.3016e-23 1.58448e-18 -44846.7 0 0 4.13255e-28 0 0 6.34609e-18 0 0 0 0 0 0 0.000215187 0.000215187 0.000215187 0.000215187 
0.1445 1.50593 -1.79407 7.16681e-06 -0.625726 -3.70593 23.336 1.03482e+07 8.47981e-07 8.76501e-07 8.32793e-23 1.45329e-18 -44846.7 0 0 4.14973e-28 0 0 6.34611e-18 0 0 0 0 0 0 0.000215299 0.000215299 0.000215299 0.000215299 
0.145 1.50369 -1.79631 7.16681e-06 -0.625725 -3.70369 25.4479 9.49692e+06 8.48023e-07 8.7598e-07 8.35664e-23 1.33295e-18 -44846.7 0 0 4.16692e-28 0 0 6.34612e-18 0 0 0 0 0 0 0.00021541 0.00021541 0.00021541 0.00021541 
0.1455 1.50144 -1.79856 7.16681e-06 -0.625725 -3.70144 27.7508 8.71555e+06 8.48065e-07 8.75468e-07 8.38795e-23 1.22257e-18 -44846.7 0 0 4.18411e-28 0 0 6.34614e-18 0 0 0 0 0 0 0.000215518 0.000215518 0.000215518 0.000215518 
0.146 1.4992 -1.8008 7.16681e-06 -0.625725 -3.6992 30.2622 7.99836e+06 8.48108e-07 8.74965e-07 8.42209e-23 1.12133e-18 -44846.7 0 0 4.20131e-28 0 0 6.34616e-18 0 0 0 0 0 0 0.000215625 0.000215625 0.000215625 0.000215625 
0.1465 1.49696 -1.80304 7.16681e-06 -0.625725 -3.69696 33.0008 7.3401e+06 8.48151e-07 8.7447e-07 8.45933e-23 1.02847e-18 -44846.7 0 0 4.2185e-28 0 0 6.34618e-18 0 0 0 0 0 0 0.000215729 0.000215729 0.000215729 0.000215729 
0.147 1.49472 -1.80528 7.16681e-06 -0.625724 -3.69472 35.9871 6.73592e+06 8.48196e-07 8.73983e-07 8.49993e-23 9.43294e-19 -44846.7 0 0 4.2357e-28 0 0 6.3462e-18 0 0 0 0 0 0 0.000215832 0.000215832 0.000215832 0.000215832 
0.1475 1.49248 -1.80752 7.16681e-06 -0.625724 -3.69248 39.2436 6.18139e+06 8.48241e-07 8.73505e-07 8.54422e-23 8.65171e-19 -44846.7 0 0 4.2529e-28 0 0 6.34622e-18 0 0 0 0 0 0 0.000215932 0.000215932 0.000215932 0.000215932 
0.148 1.49023 -1.80977 7.16681e-06 -0.625724 -3.69023 42.7947 5.67244e+06 8.48286e-07 8.73035e-07 8.59251e-23 7.93516e-19 -44846.7 0 0 4.27009e-28 0 0 6.34624e-18 0 0 0 0 0 0 0.000216031 0.000216031 0.000216031 0.000216031 
0.1485 1.48799 -1.81201 7.16681e-06 -0.625723 -3.68799 46.6671 5.20532e+06 8.48333e-07 8.72573e-07 8.64517e-23 7.27792e-19 -44846.7 0 0 4.28729e-28 0 0 6.34627e-18 0 0 0 0 0 0 0.000216127 0.000216127 0.000216127 0.000216127 
0.149 1.48575 -1.81425 7.16681e-06 -0.625723 -3.68575 50.8899 4.77661e+06 8.4838e-07 8.72118e-07 8.70261e-23 6.6751e-19 -44846.7 0 0 4.30448e-28 0 0 6.34629e-18 0 0 0 0 0 0 0.000216222 0.000216222 0.000216222 0.000216222 
0.1495 1.48351 -1.81649 7.16681e-06 -0.625722 -3.68351 55.4946 4.38315e+06 8.48429e-07 8.71672e-07 8.76524e-23 6.12219e-19 -44846.7 0 0 4.32168e-28 0 0 6.34632e-18 0 0 0 0 0 0 0.000216314 0.000216314 0.000216314 0.000216314 
0.15 1.48126 -1.81874 7.16682e-06 -0.625722 -3.68126 60.5158 4.02205e+06 8.48478e-07 8.71233e-07 8.83354e-23 5.61506e-19 -44846.7 0 0 4.33887e-28 0 0 6.34634e-18 0 0 0 0 0 0 0.000216404 0.000216404 0.000216404 0.000216404 
0.1505 1.47902 -1.82098 7.16682e-06 -0.625721 -3.67902 65.9913 3.69065e+06 8.48528e-07 8.70801e-07 8.90803e-23 5.14992e-19 -44846.7 0 0 4.35605e-28 0 0 6.34637e-18 0 0 0 0 0 0 0.000216492 0.000216492 0.000216492 0.000216492 
0.151 1.47678 -1.82322 7.16682e-06 -0.62572 -3.67678 71.9621 3.38652e+06 8.48578e-07 8.70376e-07 8.98926e-23 4.72329e-19 -44846.7 0 0 4.37323e-28 0 0 6.34639e-18 0 0 0 0 0 0 0.000216578 0.000216578 0.000216578 0.000216578 
0.1515 1.47454 -1.82546 7.16682e-06 -0.62572 -3.67454 78.473 3.1074e+06 8.4863e-07 8.69959e-07 9.07784e-23 4.33199e-19 -44846.7 0 0 4.3904e-28 0 0 6.34642e-18 0 0 0 0 0 0 0.000216662 0.000216662 0.000216662 0.000216662 
0.152 1.47229 -1.82771 7.16682e-06 -0.625719 -3.67229 85.5728 2.85126e+06 8.48682e-07 8.69549e-07 9.17445e-23 3.97309e-19 -44846.7 0 0 4.40757e-28 0 0 6.34645e-18 0 0 0 0 0 0 0.000216744 0.000216744 0.000216744 0.000216744 
0.1525 1.47005 -1.82995 7.16682e-06 -0.625718 -3.67005 93.3147 2.61619e+06 8.48736e-07 8.69146e-07 9.2798e-23 3.64391e-19 -44846.7 0 0 4.42473e-28 0 0 6.34648e-18 0 0 0 0 0 0 0.000216823 0.000216823 0.000216823 0.000216823 
0.153 1.46781 -1.83219 7.16682e-06 -0.625717 -3.66781 101.757 2.40047e+06 8.4879e-07 8.68749e-07 9.39469e-23 3.34199e-19 -44846.7 0 0 4.44188e-28 0 0 6.34651e-18 0 0 0 0 0 0 0.0002169 0.0002169 0.0002169 0.0002169 
0.1535 1.46557 -1.83443 7.16682e-06 -0.625716 -3.66557 110.963 2.20251e+06 8.48845e-07 8.68359e-07 9.51997e-23 3.06508e-19 -44846.7 0 0 4.45903e-28 0 0 6.34654e-18 0 0 0 0 0 0 0.000216975 0.000216975 0.000216975 0.000216975 
0.154 1.46332 -1.83668 7.16682e-06 -0.625715 -3.66332 121.001 2.02085e+06 8.48901e-07 8.67976e-07 9.6566e-23 2.81109e-19 -44846.7 0 0 4.47616e-28 0 0 6.34657e-18 0 0 0 0 0 0 0.000217048 0.000217048 0.000217048 0.000217048 
0.1545 1.46108 -1.83892 7.16682e-06 -0.625714 -3.66108 131.947 1.85414e+06 8.48958e-07 8.67599e-07 9.8056e-23 2.57815e-19 -44846.7 0 0 4.49329e-28 0 0 6.34661e-18 0 0 0 0 0 0 0.000217118 0.000217118 0.000217118 0.000217118 
0.155 1.45884 -1.84116 7.16682e-06 -0.625713 -3.65884 143.883 1.70117e+06 8.49016e-07 8.67229e-07 9.96809e-23 2.36449e-19 -44846.7 0 0 4.5104e-28 0 0 6.34664e-18 0 0 0 0 0 0 0.000217185 0.000217185 0.000217185 0.000217185 
0.1555 1.4566 -1.8434 7.16682e-06 -0.625711 -3.6566 156.899 1.56079e+06 8.49075e-07 8.66865e-07 1.01453e-22 2.16853e-19 -44846.7 0 0 4.5275e-28 0 0 6.34667e-18 0 0 0 0 0 0 0.00021725 0.00021725 0.00021725 0.00021725 
0.156 1.45436 -1.84564 7.16682e-06 -0.62571 -3.65436 171.092 1.43197e+06 8.49135e-07 8.66507e-07 1.03385e-22 1.98881e-19 -44846.7 0 0 4.54459e-28 0 0 6.34671e-18 0 0 0 0 0 0 0.000217312 0.000217312 0.000217312 0.000217312 
0.1565 1.45211 -1.84789 7.16682e-06 -0.625708 -3.65211 186.568 1.31377e+06 8.49196e-07 8.66155e-07 1.05493e-22 1.82397e-19 -44846.7 0 0 4.56168e-28 0 0 6.34674e-18 0 0 0 0 0 0 0.000217372 0.000217372 0.000217372 0.000217372 
0.157 1.44987 -1.85013 7.16682e-06 -0.625706 -3.64987 203.443 1.20531e+06 8.49258e-07 8.65809e-07 1.07791e-22 1.67278e-19 -44846.7 0 0 4.57874e-28 0 0 6.34678e-18 0 0 0 0 0 0 0.000217428 0.000217428 0.000217428 0.000217428 
0.1575 1.44763 -1.85237 7.16682e-06 -0.625704 -3.64763 221.845 1.10578e+06 8.49321e-07 8.65468e-07 1.10297e-22 1.53412e-19 -44846.7 0 0 4.5958e-28 0 0 6.34682e-18 0 0 0 0 0 0 0.000217482 0.000217482 0.000217482 0.000217482 
0.158 1.44539 -1.85461 7.16682e-06 -0.625702 -3.64539 241.91 1.01446e+06 8.49386e-07 8.65134e-07 1.1303e-22 1.40694e-19 -44846.7 0 0 4.61285e-28 0 0 6.34686e-18 0 0 0 0 0 0 0.000217533 0.000217533 0.000217533 0.000217533 
0.1585 1.44314 -1.85686 7.16682e-06 -0.6257 -3.64314 263.79 930662 8.49451e-07 8.64805e-07 1.1601e-22 1.2903e-19 -44846.7 0 0 4.62988e-28 0 0 6.34689e-18 0 0 0 0 0 0 0.00021758 0.00021758 0.00021758 0.00021758 
0.159 1.4409 -1.8591 7.16682e-06 -0.625697 -3.6409 287.647 853773 8.49517e-07 8.64482e-07 1.1926e-22 1.18332e-19 -44846.7 0 0 4.64691e-28 0 0 6.34693e-18 0 0 0 0 0 0 0.000217624 0.000217624 0.000217624 0.000217624 
0.1595 1.43866 -1.86134 7.16682e-06 -0.625694 -3.63866 313.662 783222 8.49585e-07 8.64164e-07 1.22804e-22 1.08521e-19 -44846.7 0 0 4.66392e-28 0 0 6.34697e-18 0 0 0 0 0 0 0.000217665 0.000217665 0.000217665 0.000217665 
0.16 1.43642 -1.86358 7.16682e-06 -0.625691 -3.63642 342.029 718488 8.49654e-07 8.63851e-07 1.26669e-22 9.95218e-20 -44846.7 0 0 4.68092e-28 0 0 6.34701e-18 0 0 0 0 0 0 0.000217702 0.000217702 0.000217702 0.000217702 
0.1605 1.43417 -1.86583 7.16682e-06 -0.625688 -3.63417 372.961 659092 8.49723e-07 8.63543e-07 1.30884e-22 9.12687e-20 -44846.7 0 0 4.69792e-28 0 0 6.34705e-18 0 0 0 0 0 0 0.000217735 0.000217735 0.000217735 0.000217735 
0.161 1.43193 -1.86807 7.16682e-06 -0.625684 -3.63193 406.689 604594 8.49794e-07 8.63241e-07 1.3548e-22 8.36993e-20 -44846.7 0 0 4.7149e-28 0 0 6.34709e-18 0 0 0 0 0 0 0.000217764 0.000217764 0.000217764 0.000217764 
0.1615 1.42969 -1.87031 7.16682e-06 -0.62568 -3.62969 443.465 554591 8.49867e-07 8.62944e-07 1.40493e-22 7.67572e-20 -44846.7 0 0 4.73188e-28 0 0 6.34714e-18 0 0 0 0 0 0 0.000217789 0.000217789 0.000217789 0.000217789 
0.162 1.42745 -1.87255 7.16682e-06 -0.625676 -3.62745 483.567 508712 8.4994e-07 8.62652e-07 1.45959e-22 7.03902e-20 -44846.7 0 0 4.74884e-28 0 0 6.34718e-18 0 0 0 0 0 0 0.000217809 0.000217809 0.000217809 0.000217809 
0.1625 1.42521 -1.87479 7.16682e-06 -0.625671 -3.62521 527.293 466617 8.50015e-07 8.62364e-07 1.51919e-22 6.45508e-20 -44846.7 0 0 4.76581e-28 0 0 6.34722e-18 0 0 0 0 0 0 0.000217824 0.000217824 0.000217824 0.000217824 
0.163 1.42296 -1.87704 7.16682e-06 -0.625666 -3.62296 574.972 427996 8.50091e-07 8.62082e-07 1.5842e-22 5.91952e-20 -44846.7 0 0 4.78276e-28 0 0 6.34726e-18 0 0 0 0 0 0 0.000217835 0.000217835 0.000217835 0.000217835 
0.1635 1.42072 -1.87928 7.16682e-06 -0.625661 -3.62072 626.96 392561 8.50168e-07 8.61804e-07 1.65508e-22 5.42835e-20 -44846.7 0 0 4.79972e-28 0 0 6.3473e-18 0 0 0 0 0 0 0.00021784 0.00021784 0.00021784 0.00021784 
0.164 1.41848 -1.88152 7.16682e-06 -0.625655 -3.61848 683.647 360050 8.50247e-07 8.61531e-07 1.73238e-22 4.97787e-20 -44846.7 0 0 4.81666e-28 0 0 6.34734e-18 0 0 0 0 0 0 0.000217839 0.000217839 0.000217839 0.000217839 
0.1645 1.41624 -1.88376 7.16682e-06 -0.625648 -3.61624 745.458 330222 8.50327e-07 8.61262e-07 1.81668e-22 4.56473e-20 -44846.7 0 0 4.83361e-28 0 0 6.34738e-18 0 0 0 0 0 0 0.000217833 0.000217833 0.000217833 0.000217833 
0.165 1.41399 -1.88601 7.16682e-06 -0.625641 -3.61399 812.855 302856 8.50408e-07 8.60998e-07 1.90861e-22 4.18582e-20 -44846.7 0 0 4.85055e-28 0 0 6.34742e-18 0 0 0 0 0 0 0.000217819 0.000217819 0.000217819 0.000217819 
0.1655 1.41175 -1.88825 7.16682e-06 -0.625633 -3.61175 886.343 277749 8.50491e-07 8.60738e-07 2.00885e-22 3.83832e-20 -44846.7 0 0 4.86749e-28 0 0 6.34746e-18 0 0 0 0 0 0 0.000217799 0.000217799 0.000217799 0.000217799 
0.166 1.40951 -1.89049 7.16682e-06 -0.625624 -3.60951 966.473 254714 8.50575e-07 8.60482e-07 2.11817e-22 3.51961e-20 -44846.7 0 0 4.88443e-28 0 0 6.3475e-18 0 0 0 0 0 0 0.000217771 0.000217771 0.000217771 0.000217771 
0.1665 1.40727 -1.89273 7.16682e-06 -0.625615 -3.60727 1053.84 233581 8.5066e-07 8.60231e-07 2.23738e-22 3.22732e-20 -44846.7 0 0 4.90137e-28 0 0 6.34754e-18 0 0 0 0 0 0 0.000217736 0.000217736 0.000217736 0.000217736 
0.167 1.40502 -1.89498 7.16682e-06 -0.625605 -3.60502 1149.11 214193 8.50747e-07 8.59984e-07 2.36738e-22 2.95926e-20 -44846.7 0 0 4.91831e-28 0 0 6.34757e-18 0 0 0 0 0 0 0.000217691 0.000217691 0.000217691 0.000217691 
0.1675 1.40278 -1.89722 7.16682e-06 -0.625593 -3.60278 1252.98 196406 8.50836e-07 8.59741e-07 2.50914e-22 2.71341e-20 -44846.7 0 0 4.93525e-28 0 0 6.34761e-18 0 0 0 0 0 0 0.000217638 0.000217638 0.000217638 0.000217638 
0.168 1.40054 -1.89946 7.16682e-06 -0.625581 -3.60054 1366.24 180087 8.50926e-07 8.59502e-07 2.66373e-22 2.48794e-20 -44846.7 0 0 4.95218e-28 0 0 6.34764e-18 0 0 0 0 0 0 0.000217575 0.000217575 0.000217575 0.000217575 
0.1685 1.3983 -1.9017 7.16682e-06 -0.625568 -3.5983 1489.73 165116 8.51017e-07 8.59266e-07 2.83231e-22 2.28116e-20 -44846.7 0 0 4.96912e-28 0 0 6.34767e-18 0 0 0 0 0 0 0.0002175 0.0002175 0.0002175 0.0002175 
0.169 1.39605 -1.90395 7.16682e-06 -0.625553 -3.59605 1624.38 151382 8.5111e-07 8.59035e-07 3.01614e-22 2.09152e-20 -44846.7 0 0 4.98606e-28 0 0 6.3477e-18 0 0 0 0 0 0 0.000217415 0.000217415 0.000217415 0.000217415 
0.1695 1.39381 -1.90619 7.16682e-06 -0.625537 -3.59381 1771.2 138782 8.51205e-07 8.58808e-07 3.21661e-22 1.9176e-20 -44846.7 0 0 5.00299e-28 0 0 6.34772e-18 0 0 0 0 0 0 0.000217317 0.000217317 0.000217317 0.000217317 
0.17 1.39157 -1.90843 7.16682e-06 -0.62552 -3.59157 1931.28 127223 8.51301e-07 8.58584e-07 3.43522e-22 1.7581e-20 -44846.7 0 0 5.01992e-28 0 0 6.34774e-18 0 0 0 0 0 0 0.000217206 0.000217206 0.000217206 0.000217206 
0.1705 1.38933 -1.91067 7.16682e-06 -0.625501 -3.58933 2105.81 116619 8.51399e-07 8.58364e-07 3.67361e-22 1.61182e-20 -44846.7 0 0 5.03686e-28 0 0 6.34776e-18 0 0 0 0 0 0 0.00021708 0.00021708 0.00021708 0.00021708 
0.171 1.38709 -1.91291 7.16682e-06 -0.625481 -3.58709 2296.12 106891 8.51499e-07 8.58147e-07 3.93357e-22 1.47766e-20 -44846.7 0 0 5.05378e-28 0 0 6.34777e-18 0 0 0 0 0 0 0.000216938 0.000216938 0.000216938 0.000216938 
0.1715 1.38484 -1.91516 7.16682e-06 -0.625458 -3.58484 2503.62 97967.1 8.516e-07 8.57934e-07 4.21706e-22 1.35463e-20 -44846.7 0 0 5.07071e-28 0 0 6.34778e-18 0 0 0 0 0 0 0.00021678 0.00021678 0.00021678 0.00021678 
0.172 1.3826 -1.9174 7.16682e-06 -0.625434 -3.5826 2729.85 89780.5 8.51703e-07 8.57724e-07 4.52619e-22 1.2418e-20 -44846.7 0 0 5.08762e-28 0 0 6.34778e-18 0 0 0 0 0 0 0.000216603 0.000216603 0.000216603 0.000216603 
0.1725 1.38036 -1.91964 7.16682e-06 -0.625407 -3.58036 2976.52 82270.4 8.51808e-07 8.57518e-07 4.86329e-22 1.13832e-20 -44846.7 0 0 5.10453e-28 0 0 6.34777e-18 0 0 0 0 0 0 0.000216407 0.000216407 0.000216407 0.000216407 
0.173 1.37812 -1.92188 7.16682e-06 -0.625378 -3.57812 3245.47 75381.1 8.51914e-07 8.57315e-07 5.23089e-22 1.04342e-20 -44846.7 0 0 5.12143e-28 0 0 6.34776e-18 0 0 0 0 0 0 0.000216189 0.000216189 0.000216189 0.000216189 
0.1735 1.37587 -1.92413 7.16682e-06 -0.625346 -3.57587 3538.71 69061.2 8.52022e-07 8.57115e-07 5.63175e-22 9.56393e-21 -44846.7 0 0 5.13832e-28 0 0 6.34773e-18 0 0 0 0 0 0 0.000215948 0.000215948 0.000215948 0.000215948 
0.174 1.37363 -1.92637 7.16682e-06 -0.625312 -3.57363 3858.43 63263.7 8.52133e-07 8.56918e-07 6.06888e-22 8.7658e-21 -44846.7 0 0 5.1552e-28 0 0 6.3477e-18 0 0 0 0 0 0 0.000215682 0.000215682 0.000215682 0.000215682 
0.1745 1.37139 -1.92861 7.16682e-06 -0.625274 -3.57139 4207.03 57945.6 8.52245e-07 8.56725e-07 6.54556e-22 8.03386e-21 -44846.7 0 0 5.17206e-28 0 0 6.34766e-18 0 0 0 0 0 0 0.000215389 0.000215389 0.000215389 0.000215389 
0.175 1.36915 -1.93085 7.16682e-06 -0.625233 -3.56915 4587.09 53067.2 8.52359e-07 8.56534e-07 7.06536e-22 7.36261e-21 -44846.7 0 0 5.1889e-28 0 0 6.34761e-18 0 0 0 0 0 0 0.000215066 0.000215066 0.000215066 0.000215066 
0.1755 1.3669 -1.9331 7.16682e-06 -0.625188 -3.5669 5001.48 48592.1 8.52475e-07 8.56346e-07 7.63218e-22 6.74704e-21 -44846.7 0 0 5.20573e-28 0 0 6.34755e-18 0 0 0 0 0 0 0.000214711 0.000214711 0.000214711 0.000214711 
0.176 1.36466 -1.93534 7.16682e-06 -0.625139 -3.56466 5453.28 44487.2 8.52592e-07 8.56162e-07 8.25029e-22 6.18251e-21 -44846.7 0 0 5.22252e-28 0 0 6.34747e-18 0 0 0 0 0 0 0.000214322 0.000214322 0.000214322 0.000214322 
0.1765 1.36242 -1.93758 7.16682e-06 -0.625085 -3.56242 5945.87 40721.7 8.52712e-07 8.5598e-07 8.92432e-22 5.66481e-21 -44846.7 0 0 5.2393e-28 0 0 6.34738e-18 0 0 0 0 0 0 0.000213894 0.000213894 0.000213894 0.000213894 
0.177 1.36018 -1.93982 7.16682e-06 -0.625027 -3.56018 6482.94 37267.8 8.52834e-07 8.55801e-07 9.65931e-22 5.19006e-21 -44846.7 0 0 5.25604e-28 0 0 6.34728e-18 0 0 0 0 0 0 0.000213426 0.000213426 0.000213426 0.000213426 
0.1775 1.35794 -1.94206 7.16682e-06 -0.624963 -3.55794 7068.48 34099.6 8.52958e-07 8.55624e-07 1.04608e-21 4.75469e-21 -44846.7 0 0 5.27275e-28 0 0 6.34715e-18 0 0 0 0 0 0 0.000212914 0.000212914 0.000212914 0.000212914 
0.178 1.35569 -1.94431 7.16682e-06 -0.624893 -3.55569 7706.88 31193.5 8.53084e-07 8.5545e-07 1.13348e-21 4.35543e-21 -44846.7 0 0 5.28942e-28 0 0 6.34701e-18 0 0 0 0 0 0 0.000212354 0.000212354 0.000212354 0.000212354 
0.1785 1.35345 -1.94655 7.16682e-06 -0.624817 -3.55345 8402.91 28527.9 8.53213e-07 8.55279e-07 1.22878e-21 3.98931e-21 -44846.7 0 0 5.30605e-28 0 0 6.34685e-18 0 0 0 0 0 0 0.000211742 0.000211742 0.000211742 0.000211742 
0.179 1.35121 -1.94879 7.16682e-06 -0.624734 -3.55121 9161.76 26083 8.53343e-07 8.5511e-07 1.33271e-21 3.65357e-21 -44846.7 0 0 5.32263e-28 0 0 6.34666e-18 0 0 0 0 0 0 0.000211073 0.000211073 0.000211073 0.000211073 
0.1795 1.34897 -1.95103 7.16682e-06 -0.624643 -3.54897 9989.1 23840.4 8.53476e-07 8.54944e-07 1.44604e-21 3.3457e-21 -44846.7 0 0 5.33917e-28 0 0 6.34646e-18 0 0 0 0 0 0 0.000210343 0.000210343 0.000210343 0.000210343 
0.18 1.34672 -1.95328 7.16682e-06 -0.624544 -3.54672 10891.1 21783.5 8.53611e-07 8.54779e-07 1.56961e-21 3.06338e-21 -44846.7 0 0 5.35564e-28 0 0 6.34622e-18 0 0 0 0 0 0 0.000209547 0.000209547 0.000209547 0.000209547 
0.1805 1.34448 -1.95552 7.16682e-06 -0.624436 -3.54448 11874.5 19897 8.53748e-07 8.54618e-07 1.70437e-21 2.8045e-21 -44846.7 0 0 5.37205e-28 0 0 6.34596e-18 0 0 0 0 0 0 0.000208679 0.000208679 0.000208679 0.000208679 
0.181 1.34224 -1.95776 7.16682e-06 -0.624318 -3.54224 12946.7 18166.8 8.53887e-07 8.54458e-07 1.85131e-21 2.56713e-21 -44846.7 0 0 5.3884e-28 0 0 6.34568e-18 0 0 0 0 0 0 0.000207733 0.000207733 0.000207733 0.000207733 
0.1815 1.34 -1.96 7.16682e-06 -0.624189 -3.54 14115.5 16580 8.54029e-07 8.543e-07 2.01155e-21 2.34947e-21 -44846.7 0 0 5.40466e-28 0 0 6.34536e-18 0 0 0 0 0 0 0.000206703 0.000206703 0.000206703 0.000206703 
0.182 1.33775 -1.96225 7.16682e-06 -0.624048 -3.53775 15389.9 15124.7 8.54174e-07 8.54145e-07 2.18627e-21 2.14991e-21 -44846.7 0 0 5.42085e-28 0 0 6.345e-18 0 0 0 0 0 0 0.000205582 0.000205582 0.000205582 0.000205582 
0.1825 1.33551 -1.96449 7.16682e-06 -0.623894 -3.53551 16779.2 13790.1 8.54321e-07 8.53991e-07 2.3768e-21 1.96693e-21 -44846.7 0 0 5.43694e-28 0 0 6.34461e-18 0 0 0 0 0 0 0.000204362 0.000204362 0.000204362 0.000204362 
0.183 1.33327 -1.96673 7.16682e-06 -0.623725 -3.53327 18293.9 12566.3 8.5447e-07 8.53839e-07 2.58456e-21 1.79918e-21 -44846.7 0 0 5.45294e-28 0 0 6.34419e-18 0 0 0 0 0 0 0.000203036 0.000203036 0.000203036 0.000203036 
0.1835 1.33103 -1.96897 7.16682e-06 -0.623541 -3.53103 19945.2 11444.1 8.54622e-07 8.53689e-07 2.81111e-21 1.64538e-21 -44846.7 0 0 5.46882e-28 0 0 6.34372e-18 0 0 0 0 0 0 0.000201595 0.000201595 0.000201595 0.000201595 
0.184 1.32878 -1.97122 7.16682e-06 -0.62334 -3.52878 21745.4 10415.1 8.54776e-07 8.53541e-07 3.05815e-21 1.5044e-21 -44846.7 0 0 5.48459e-28 0 0 6.3432e-18 0 0 0 0 0 0 0.00020003 0.00020003 0.00020003 0.00020003 
0.1845 1.32654 -1.97346 7.16682e-06 -0.62312 -3.52654 23708.1 9471.73 8.54933e-07 8.53394e-07 3.32753e-21 1.37517e-21 -44846.7 0 0 5.50023e-28 0 0 6.34264e-18 0 0 0 0 0 0 0.000198331 0.000198331 0.000198331 0.000198331 
0.185 1.3243 -1.9757 7.16682e-06 -0.622879 -3.5243 25847.7 8606.87 8.55093e-07 8.53249e-07 3.62127e-21 1.25672e-21 -44846.7 0 0 5.51573e-28 0 0 6.34202e-18 0 0 0 0 0 0 0.000196488 0.000196488 0.000196488 0.000196488 
0.1855 1.32206 -1.97794 7.16682e-06 -0.622615 -3.52206 28180.3 7814.1 8.55256e-07 8.53105e-07 3.94158e-21 1.14816e-21 -44846.7 0 0 5.53108e-28 0 0 6.34134e-18 0 0 0 0 0 0 0.00019449 0.00019449 0.00019449 0.00019449 
0.186 1.31982 -1.98018 7.16682e-06 -0.622326 -3.51982 30723.3 7087.49 8.55421e-07 8.52962e-07 4.29085e-21 1.04868e-21 -44846.7 0 0 5.54626e-28 0 0 6.3406e-18 0 0 0 0 0 0 0.000192326 0.000192326 0.000192326 0.000192326 
0.1865 1.31757 -1.98243 7.16682e-06 -0.62201 -3.51757 33495.6 6421.63 8.55589e-07 8.52821e-07 4.6717e-21 9.5754e-22 -44846.7 0 0 5.56127e-28 0 0 6.33978e-18 0 0 0 0 0 0 0.000189984 0.000189984 0.000189984 0.000189984 
0.187 1.31533 -1.98467 7.16682e-06 -0.621664 -3.51533 36517.8 5811.55 8.5576e-07 8.5268e-07 5.08699e-21 8.7405e-22 -44846.7 0 0 5.57608e-28 0 0 6.33888e-18 0 0 0 0 0 0 0.000187452 0.000187452 0.000187452 0.000187452 
0.1875 1.31309 -1.98691 7.16682e-06 -0.621285 -3.51309 39812.5 5252.7 8.55934e-07 8.52541e-07 5.53983e-21 7.97586e-22 -44846.7 0 0 5.59068e-28 0 0 6.33788e-18 0 0 0 0 0 0 0.000184716 0.000184716 0.000184716 0.000184716 
0.188 1.31085 -1.98915 7.16682e-06 -0.620869 -3.51085 43404.3 4740.91 8.56111e-07 8.52403e-07 6.03362e-21 7.27575e-22 -44846.7 0 0 5.60505e-28 0 0 6.33679e-18 0 0 0 0 0 0 0.000181763 0.000181763 0.000181763 0.000181763 
0.1885 1.3086 -1.9914 7.16682e-06 -0.620414 -3.5086 47319.8 4272.38 8.56291e-07 8.52265e-07 6.57205e-21 6.63493e-22 -44846.7 0 0 5.61918e-28 0 0 6.33559e-18 0 0 0 0 0 0 0.000178581 0.000178581 0.000178581 0.000178581 
0.189 1.30636 -1.99364 7.16682e-06 -0.619914 -3.50636 51588.3 3843.6 8.56474e-07 8.52128e-07 7.15917e-21 6.0486e-22 -44846.7 0 0 5.63305e-28 0 0 6.33428e-18 0 0 0 0 0 0 0.000175156 0.000175156 0.000175156 0.000175156 
0.1895 1.30412 -1.99588 7.16682e-06 -0.619367 -3.50412 56241.5 3451.4 8.5666e-07 8.51991e-07 7.79937e-21 5.51238e-22 -44846.7 0 0 5.64663e-28 0 0 6.33287e-18 0 0 0 0 0 0 0.000171474 0.000171474 0.000171474 0.000171474 
0.19 1.30188 -1.99812 7.16682e-06 -0.618766 -3.50188 61314.1 3092.83 8.56849e-07 8.51855e-07 8.49745e-21 5.02225e-22 -44846.7 0 0 5.65991e-28 0 0 6.33138e-18 0 0 0 0 0 0 0.000167524 0.000167524 0.000167524 0.000167524 
0.1905 1.29963 -2.00037 7.16682e-06 -0.618106 -3.49963 66843.8 2765.25 8.57041e-07 8.51718e-07 9.25865e-21 4.57456e-22 -44846.7 0 0 5.67286e-28 0 0 6.32985e-18 0 0 0 0 0 0 0.000163294 0.000163294 0.000163294 0.000163294 
0.191 1.29739 -2.00261 7.16682e-06 -0.617382 -3.49739 72871.8 2466.21 8.57237e-07 8.51582e-07 1.00887e-20 4.16595e-22 -44846.7 0 0 5.68547e-28 0 0 6.32834e-18 0 0 0 0 0 0 0.000158774 0.000158774 0.000158774 0.000158774 
0.1915 1.29515 -2.00485 7.16682e-06 -0.616587 -3.49515 79443 2193.49 8.57436e-07 8.51446e-07 1.09937e-20 3.79337e-22 -44846.7 0 0 5.69769e-28 0 0 6.32697e-18 0 0 0 0 0 0 0.000153956 0.000153956 0.000153956 0.000153956 
0.192 1.29291 -2.00709 7.16682e-06 -0.615714 -3.49291 86606.2 1945.06 8.57639e-07 8.51309e-07 1.19806e-20 3.45404e-22 -44846.7 0 0 5.70952e-28 0 0 6.32586e-18 0 0 0 0 0 0 0.000148834 0.000148834 0.000148834 0.000148834 
0.1925 1.29067 -2.00933 7.16682e-06 -0.614755 -3.49067 94414.7 1719.07 8.57845e-07 8.51172e-07 1.30566e-20 3.14543e-22 -44846.7 0 0 5.72092e-28 0 0 6.3252e-18 0 0 0 0 0 0 0.000143408 0.000143408 0.000143408 0.000143408 
0.193 1.28842 -2.01158 7.16682e-06 -0.613703 -3.48842 102927 1513.83 8.58054e-07 8.51034e-07 1.423e-20 2.86521e-22 -44846.7 0 0 5.73189e-28 0 0 6.32517e-18 0 0 0 0 0 0 0.000137678 0.000137678 0.000137678 0.000137678 
0.1935 1.28618 -2.01382 7.16682e-06 -0.612548 -3.48618 112205 1327.82 8.58267e-07 8.50896e-07 1.55094e-20 2.61128e-22 -44846.7 0 0 5.74239e-28 0 0 6.32598e-18 0 0 0 0 0 0 0.000131652 0.000131652 0.000131652 0.000131652 
0.194 1.28394 -2.01606 7.16682e-06 -0.611281 -3.48394 122320 1159.63 8.58484e-07 8.50757e-07 1.69045e-20 2.38173e-22 -44846.7 0 0 5.75239e-28 0 0 6.32778e-18 0 0 0 0 0 0 0.000125346 0.000125346 0.000125346 0.000125346 
0.1945 1.2817 -2.0183 7.16682e-06 -0.609892 -3.4817 133345 1007.98 8.58704e-07 8.50616e-07 1.84256e-20 2.1748e-22 -44846.7 0 0 5.76187e-28 0 0 6.33065e-18 0 0 0 0 0 0 0.00011878 0.00011878 0.00011878 0.00011878 
0.195 1.27945 -2.02055 7.16682e-06 -0.608371 -3.47945 145363 871.705 8.58928e-07 8.50475e-07 2.00843e-20 1.98888e-22 -44846.7 0 0 5.77082e-28 0 0 6.33452e-18 0 0 0 0 0 0 0.000111985 0.000111985 0.000111985 0.000111985 
0.1955 1.27721 -2.02279 7.16682e-06 -0.606709 -3.47721 158463 749.739 8.59156e-07 8.50332e-07 2.18929e-20 1.82252e-22 -44846.7 0 0 5.77922e-28 0 0 6.33915e-18 0 0 0 0 0 0 0.000105002 0.000105002 0.000105002 0.000105002 
0.196 1.27497 -2.02503 7.16682e-06 -0.604895 -3.47497 172743 641.085 8.59388e-07 8.50188e-07 2.38649e-20 1.67434e-22 -44846.7 0 0 5.78706e-28 0 0 6.34415e-18 0 0 0 0 0 0 9.78808e-05 9.78808e-05 9.78808e-05 9.78808e-05 
0.1965 1.27273 -2.02727 7.16682e-06 -0.602923 -3.47273 188308 544.818 8.59624e-07 8.50043e-07 2.60152e-20 1.54309e-22 -44846.7 0 0 5.79434e-28 0 0 6.34899e-18 0 0 0 0 0 0 9.06828e-05 9.06828e-05 9.06828e-05 9.06828e-05 
0.197 1.27048 -2.02952 7.16682e-06 -0.600784 -3.47048 205274 460.054 8.59864e-07 8.49898e-07 2.83598e-20 1.42754e-22 -44846.7 0 0 5.80104e-28 0 0 6.3531e-18 0 0 0 0 0 0 8.34779e-05 8.34779e-05 8.34779e-05 8.34779e-05 
0.1975 1.26824 -2.03176 7.16682e-06 -0.598477 -3.46824 223767 385.941 8.60108e-07 8.49751e-07 3.09163e-20 1.32653e-22 -44846.7 0 0 5.80717e-28 0 0 6.35603e-18 0 0 0 0 0 0 7.63434e-05 7.63434e-05 7.63434e-05 7.63434e-05 
0.198 1.266 -2.034 7.16682e-06 -0.595999 -3.466 243925 321.639 8.60356e-07 8.49605e-07 3.37038e-20 1.23891e-22 -44846.7 0 0 5.81009e-28 0 0 6.35714e-18 0 0 0 0 0 0 6.93594e-05 6.93594e-05 6.93594e-05 6.93594e-05 
0.198 1.266 -2.034 7.16682e-06 -0.595999 -3.466 243925 321.639 8.60356e-07 8.49605e-07 3.37038e-20 1.23891e-22 -44846.7 0 0 5.81492e-28 0 0 6.35782e-18 0 0 0 0 0 0 6.93594e-05 6.93594e-05 6.93594e-05 6.93594e-05 
0.198409 1.26416 -2.03584 7.16682e-06 -0.593844 -3.46416 261773 275.703 8.60562e-07 8.49485e-07 3.61726e-20 1.17633e-22 -44846.7 0 0 5.8169e-28 0 0 6.3576e-18 0 0 0 0 0 0 6.38068e-05 6.38068e-05 6.38068e-05 6.38068e-05 
0.198752 1.26263 -2.03737 7.16682e-06 -0.591956 -3.46263 277695 241.569 8.60737e-07 8.49385e-07 3.83758e-20 1.12983e-22 -44846.7 0 0 5.82006e-28 0 0 6.35692e-18 0 0 0 0 0 0 5.93105e-05 5.93105e-05 5.93105e-05 5.93105e-05 
0.199038 1.26134 -2.03866 7.16682e-06 -0.59032 -3.46134 291751 215.811 8.60885e-07 8.49301e-07 4.03211e-20 1.09475e-22 -44846.7 0 0 5.82251e-28 0 0 6.35591e-18 0 0 0 0 0 0 5.56703e-05 5.56703e-05 5.56703e-05 5.56703e-05 
0.199277 1.26027 -2.03973 7.16682e-06 -0.588913 -3.46027 304050 196.097 8.6101e-07 8.49232e-07 4.20234e-20 1.0679e-22 -44846.7 0 0 5.82447e-28 0 0 6.35482e-18 0 0 0 0 0 0 5.27188e-05 5.27188e-05 5.27188e-05 5.27188e-05 
0.199478 1.25937 -2.04063 7.16682e-06 -0.58771 -3.45937 314731 180.816 8.61115e-07 8.49174e-07 4.35022e-20 1.04709e-22 -44846.7 0 0 5.826e-28 0 0 6.35378e-18 0 0 0 0 0 0 5.03198e-05 5.03198e-05 5.03198e-05 5.03198e-05 
0.199645 1.25862 -2.04138 7.16682e-06 -0.586686 -3.45862 323950 168.839 8.61203e-07 8.49126e-07 4.47787e-20 1.03079e-22 -44846.7 0 0 5.82724e-28 0 0 6.35285e-18 0 0 0 0 0 0 4.83643e-05 4.83643e-05 4.83643e-05 4.83643e-05 
0.199785 1.25799 -2.04201 7.16682e-06 -0.585818 -3.45799 331867 159.36 8.61277e-07 8.49086e-07 4.5875e-20 1.01788e-22 -44846.7 0 0 5.82827e-28 0 0 6.35204e-18 0 0 0 0 0 0 4.67656e-05 4.67656e-05 4.67656e-05 4.67656e-05 
0.199902 1.25747 -2.04253 7.16682e-06 -0.585084 -3.45747 338635 151.795 8.6134e-07 8.49053e-07 4.68124e-20 1.00758e-22 -44846.7 0 0 5.82909e-28 0 0 6.35134e-18 0 0 0 0 0 0 4.54548e-05 4.54548e-05 4.54548e-05 4.54548e-05 
0.2 1.25703 -2.04297 7.16682e-06 -0.584464 -3.45703 344401 145.714 8.61392e-07 8.49025e-07 4.7611e-20 9.99301e-23 -44846.7 0 0 5.82943e-28 0 0 6.35105e-18 0 0 0 0 0 0 4.43772e-05 4.43772e-05 4.43772e-05 4.43772e-05 