# ASCII 1D datafile generated by TiberCAD
# x Ec Ev eQFermi hQFermi ElPotential eDensity hDensity eMobility hMobility eConductivity hConductivity ElField_x ElField_y ElField_z eCurrentDensity_x eCurrentDensity_y eCurrentDensity_z hCurrentDensity_x hCurrentDensity_y hCurrentDensity_z IonizedDonors IonizedAcceptors IonizedElectronTraps IonizedHoleTraps eNetRecombination eLangevinRecombination hNetRecombination hLangevinRecombination 
0 0.75 -2.55 -0.804571 -2.05043 -2.95 3.56102 8.68505e+16 8.48681e-07 1.77308e-05 8.0593e-23 2.46724e-07 -51346.9 0 0 1.68279e-19 0 0 0.000162936 0 0 0 0 0 0 2.97081e+06 2.97081e+06 2.97081e+06 2.97081e+06 
9.79066e-05 0.749497 -2.5505 -0.80455 -2.05042 -2.9495 3.63376 8.57977e+16 8.48632e-07 1.76025e-05 8.06029e-23 2.4197e-07 -51129.7 0 0 1.70464e-19 0 0 0.000162936 0 0 0 0 0 0 2.97406e+06 2.97406e+06 2.97406e+06 2.97406e+06 
0.000214985 0.748902 -2.5511 -0.804525 -2.05041 -2.9489 3.72199 8.45652e+16 8.48517e-07 1.74508e-05 8.06148e-23 2.36438e-07 -50614.1 0 0 1.75693e-19 0 0 0.000162936 0 0 0 0 0 0 2.9778e+06 2.9778e+06 2.9778e+06 2.9778e+06 
0.000354988 0.748197 -2.5518 -0.804494 -2.0504 -2.9482 3.82929 8.31282e+16 8.48385e-07 1.72733e-05 8.06293e-23 2.30057e-07 -50007.2 0 0 1.81956e-19 0 0 0.000162936 0 0 0 0 0 0 2.98236e+06 2.98236e+06 2.98236e+06 2.98236e+06 
0.000522406 0.747366 -2.55263 -0.804456 -2.05039 -2.94737 3.9602 8.14605e+16 8.48231e-07 1.70666e-05 8.0647e-23 2.22744e-07 -49294.9 0 0 1.89458e-19 0 0 0.000162936 0 0 0 0 0 0 2.98793e+06 2.98793e+06 2.98793e+06 2.98793e+06 
0.000722606 0.746388 -2.55361 -0.804407 -2.05038 -2.94639 4.12048 7.95358e+16 8.48055e-07 1.6827e-05 8.06687e-23 2.14427e-07 -48461.7 0 0 1.98449e-19 0 0 0.000162936 0 0 0 0 0 0 2.99478e+06 2.99478e+06 2.99478e+06 2.99478e+06 
0.000962009 0.745239 -2.55476 -0.804347 -2.05036 -2.94524 4.31756 7.73285e+16 8.47855e-07 1.65508e-05 8.06953e-23 2.05054e-07 -47490.9 0 0 2.09229e-19 0 0 0.000162936 0 0 0 0 0 0 3.00322e+06 3.00322e+06 3.00322e+06 3.00322e+06 
0.00124829 0.743896 -2.5561 -0.80427 -2.05033 -2.9439 4.56108 7.48163e+16 8.47628e-07 1.62344e-05 8.07282e-23 1.946e-07 -46365 0 0 2.22162e-19 0 0 0.000162936 0 0 0 0 0 0 3.01367e+06 3.01367e+06 3.01367e+06 3.01367e+06 
0.00159063 0.742332 -2.55767 -0.804173 -2.0503 -2.94233 4.86367 7.19814e+16 8.47374e-07 1.58747e-05 8.07691e-23 1.83078e-07 -45065.9 0 0 2.3769e-19 0 0 0.000162936 0 0 0 0 0 0 3.02669e+06 3.02669e+06 3.02669e+06 3.02669e+06 
0.002 0.740518 -2.55948 -0.804048 -2.05027 -2.94052 5.24211 6.88144e+16 8.47255e-07 1.54721e-05 8.08204e-23 1.70585e-07 -44304.2 0 0 2.46994e-19 0 0 0.000162936 0 0 0 0 0 0 3.04357e+06 3.04357e+06 3.04357e+06 3.04357e+06 
0.002 0.740518 -2.55948 -0.804048 -2.05027 -2.94052 5.24211 6.88144e+16 8.4693e-07 1.54662e-05 8.08201e-23 1.70519e-07 -42686.5 0 0 2.67779e-19 0 0 0.000162936 0 0 0 0 0 0 3.0424e+06 3.0424e+06 3.0424e+06 3.0424e+06 
0.0025 0.738384 -2.56162 -0.803882 -2.05022 -2.93838 5.72939 6.5245e+16 8.46799e-07 1.50075e-05 8.08861e-23 1.56879e-07 -41843.2 0 0 2.79288e-19 0 0 0.000162936 0 0 0 0 0 0 3.06405e+06 3.06405e+06 3.06405e+06 3.06405e+06 
0.003 0.736334 -2.56367 -0.803703 -2.05016 -2.93633 6.24498 6.19699e+16 8.46518e-07 1.45785e-05 8.09558e-23 1.44745e-07 -40199 0 0 3.02392e-19 0 0 0.000162936 0 0 0 0 0 0 3.08625e+06 3.08625e+06 3.08625e+06 3.08625e+06 
0.0035 0.734364 -2.56564 -0.803509 -2.0501 -2.93436 6.78963 5.8958e+16 8.46264e-07 1.41793e-05 8.10294e-23 1.33939e-07 -38636 0 0 3.2567e-19 0 0 0.000162936 0 0 0 0 0 0 3.10967e+06 3.10967e+06 3.10967e+06 3.10967e+06 
0.004 0.73247 -2.56753 -0.803301 -2.05004 -2.93247 7.36412 5.6182e+16 8.46034e-07 1.3807e-05 8.1107e-23 1.24282e-07 -37147.8 0 0 3.49132e-19 0 0 0.000162936 0 0 0 0 0 0 3.1343e+06 3.1343e+06 3.1343e+06 3.1343e+06 
0.0045 0.730649 -2.56935 -0.803078 -2.04997 -2.93065 7.96924 5.36181e+16 8.45826e-07 1.34591e-05 8.11888e-23 1.15622e-07 -35728.6 0 0 3.72787e-19 0 0 0.000162936 0 0 0 0 0 0 3.16016e+06 3.16016e+06 3.16016e+06 3.16016e+06 
0.005 0.728897 -2.5711 -0.802841 -2.0499 -2.9289 8.60579 5.12454e+16 8.45636e-07 1.31335e-05 8.12748e-23 1.07831e-07 -34373.2 0 0 3.96643e-19 0 0 0.000162936 0 0 0 0 0 0 3.18726e+06 3.18726e+06 3.18726e+06 3.18726e+06 
0.0055 0.727212 -2.57279 -0.80259 -2.04982 -2.92721 9.2746 4.90454e+16 8.45463e-07 1.2828e-05 8.13651e-23 1.00802e-07 -33077 0 0 4.20709e-19 0 0 0.000162936 0 0 0 0 0 0 3.21562e+06 3.21562e+06 3.21562e+06 3.21562e+06 
0.006 0.725589 -2.57441 -0.802324 -2.04974 -2.92559 9.97654 4.70018e+16 8.45306e-07 1.2541e-05 8.146e-23 9.44405e-08 -31835.6 0 0 4.44994e-19 0 0 0.000162936 0 0 0 0 0 0 3.24526e+06 3.24526e+06 3.24526e+06 3.24526e+06 
0.0065 0.724028 -2.57597 -0.802044 -2.04965 -2.92403 10.7125 4.51003e+16 8.45163e-07 1.2271e-05 8.15594e-23 8.86685e-08 -30645.1 0 0 4.69508e-19 0 0 0.000162936 0 0 0 0 0 0 3.2762e+06 3.2762e+06 3.2762e+06 3.2762e+06 
0.007 0.722525 -2.57748 -0.801749 -2.04955 -2.92252 11.4834 4.3328e+16 8.45033e-07 1.20165e-05 8.16636e-23 8.34175e-08 -29502.2 0 0 4.94261e-19 0 0 0.000162936 0 0 0 0 0 0 3.30845e+06 3.30845e+06 3.30845e+06 3.30845e+06 
0.0075 0.721078 -2.57892 -0.801439 -2.04945 -2.92108 12.2902 4.16734e+16 8.44915e-07 1.17763e-05 8.17725e-23 7.86285e-08 -28403.5 0 0 5.19261e-19 0 0 0.000162936 0 0 0 0 0 0 3.34205e+06 3.34205e+06 3.34205e+06 3.34205e+06 
0.008 0.719685 -2.58032 -0.801114 -2.04935 -2.91968 13.1339 4.01265e+16 8.44806e-07 1.15493e-05 8.18865e-23 7.42505e-08 -27346.3 0 0 5.44519e-19 0 0 0.000162936 0 0 0 0 0 0 3.37703e+06 3.37703e+06 3.37703e+06 3.37703e+06 
0.0085 0.718343 -2.58166 -0.800774 -2.04924 -2.91834 14.0155 3.8678e+16 8.44708e-07 1.13345e-05 8.20056e-23 7.02391e-08 -26327.7 0 0 5.70044e-19 0 0 0.000162936 0 0 0 0 0 0 3.4134e+06 3.4134e+06 3.4134e+06 3.4134e+06 
0.009 0.717052 -2.58295 -0.800419 -2.04912 -2.91705 14.9362 3.73199e+16 8.44618e-07 1.1131e-05 8.213e-23 6.65557e-08 -25345.4 0 0 5.95848e-19 0 0 0.000162936 0 0 0 0 0 0 3.45121e+06 3.45121e+06 3.45121e+06 3.45121e+06 
0.0095 0.715809 -2.58419 -0.800048 -2.04899 -2.91581 15.897 3.60446e+16 8.44536e-07 1.09379e-05 8.22598e-23 6.31663e-08 -24397.2 0 0 6.21941e-19 0 0 0.000162936 0 0 0 0 0 0 3.49048e+06 3.49048e+06 3.49048e+06 3.49048e+06 
0.01 0.714612 -2.58539 -0.799663 -2.04886 -2.91461 16.8992 3.48457e+16 8.44462e-07 1.07545e-05 8.23953e-23 6.00414e-08 -23480.9 0 0 6.48333e-19 0 0 0.000162936 0 0 0 0 0 0 3.53126e+06 3.53126e+06 3.53126e+06 3.53126e+06 
0.0105 0.713461 -2.58654 -0.799261 -2.04872 -2.91346 17.9441 3.3717e+16 8.44395e-07 1.05802e-05 8.25364e-23 5.71547e-08 -22594.7 0 0 6.75035e-19 0 0 0.000162936 0 0 0 0 0 0 3.57359e+06 3.57359e+06 3.57359e+06 3.57359e+06 
0.011 0.712353 -2.58765 -0.798845 -2.04857 -2.91235 19.033 3.26533e+16 8.44334e-07 1.04142e-05 8.26835e-23 5.44832e-08 -21736.9 0 0 7.0206e-19 0 0 0.000162936 0 0 0 0 0 0 3.6175e+06 3.6175e+06 3.6175e+06 3.6175e+06 
0.0115 0.711287 -2.58871 -0.798412 -2.04842 -2.91129 20.1672 3.16495e+16 8.44278e-07 1.02561e-05 8.28368e-23 5.20066e-08 -20905.8 0 0 7.29418e-19 0 0 0.000162936 0 0 0 0 0 0 3.66304e+06 3.66304e+06 3.66304e+06 3.66304e+06 
0.012 0.710262 -2.58974 -0.797964 -2.04826 -2.91026 21.3482 3.07013e+16 8.44228e-07 1.01052e-05 8.29964e-23 4.97066e-08 -20099.9 0 0 7.57123e-19 0 0 0.000162936 0 0 0 0 0 0 3.71027e+06 3.71027e+06 3.71027e+06 3.71027e+06 
0.0125 0.709277 -2.59072 -0.7975 -2.04809 -2.90928 22.5777 2.98046e+16 8.44183e-07 9.96125e-06 8.31625e-23 4.75672e-08 -19317.8 0 0 7.85186e-19 0 0 0.000162936 0 0 0 0 0 0 3.75923e+06 3.75923e+06 3.75923e+06 3.75923e+06 
0.013 0.70833 -2.59167 -0.79702 -2.04792 -2.90833 23.8572 2.89556e+16 8.44143e-07 9.82368e-06 8.33354e-23 4.5574e-08 -18558.4 0 0 8.1362e-19 0 0 0.000162936 0 0 0 0 0 0 3.80997e+06 3.80997e+06 3.80997e+06 3.80997e+06 
0.0135 0.707421 -2.59258 -0.796524 -2.04773 -2.90742 25.1885 2.81511e+16 8.44107e-07 9.69212e-06 8.35153e-23 4.37143e-08 -17820.2 0 0 8.42439e-19 0 0 0.000162936 0 0 0 0 0 0 3.86256e+06 3.86256e+06 3.86256e+06 3.86256e+06 
0.014 0.706548 -2.59345 -0.796011 -2.04754 -2.90655 26.5733 2.73879e+16 8.44075e-07 9.56619e-06 8.37025e-23 4.19766e-08 -17102.4 0 0 8.71656e-19 0 0 0.000162936 0 0 0 0 0 0 3.91706e+06 3.91706e+06 3.91706e+06 3.91706e+06 
0.0145 0.705711 -2.59429 -0.795483 -2.04735 -2.90571 28.0138 2.66632e+16 8.44047e-07 9.44556e-06 8.38972e-23 4.03506e-08 -16403.8 0 0 9.01286e-19 0 0 0.000162936 0 0 0 0 0 0 3.97352e+06 3.97352e+06 3.97352e+06 3.97352e+06 
0.015 0.704908 -2.59509 -0.794937 -2.04714 -2.90491 29.5118 2.59744e+16 8.44022e-07 9.32992e-06 8.40996e-23 3.8827e-08 -15723.4 0 0 9.31344e-19 0 0 0.000162936 0 0 0 0 0 0 4.03203e+06 4.03203e+06 4.03203e+06 4.03203e+06 
0.0155 0.704138 -2.59586 -0.794375 -2.04693 -2.90414 31.0695 2.53192e+16 8.44e-07 9.21897e-06 8.43102e-23 3.73976e-08 -15060.5 0 0 9.61844e-19 0 0 0.000162936 0 0 0 0 0 0 4.09265e+06 4.09265e+06 4.09265e+06 4.09265e+06 
0.016 0.703402 -2.5966 -0.793796 -2.04671 -2.9034 32.6893 2.46954e+16 8.43982e-07 9.11245e-06 8.45291e-23 3.60547e-08 -14414 0 0 9.92804e-19 0 0 0.000162936 0 0 0 0 0 0 4.15546e+06 4.15546e+06 4.15546e+06 4.15546e+06 
0.0165 0.702697 -2.5973 -0.793201 -2.04648 -2.9027 34.3736 2.4101e+16 8.43966e-07 9.0101e-06 8.47568e-23 3.47916e-08 -13783.3 0 0 1.02424e-18 0 0 0.000162936 0 0 0 0 0 0 4.22055e+06 4.22055e+06 4.22055e+06 4.22055e+06 
0.017 0.702023 -2.59798 -0.792588 -2.04624 -2.90202 36.1249 2.3534e+16 8.43954e-07 8.9117e-06 8.49935e-23 3.36022e-08 -13167.6 0 0 1.05616e-18 0 0 0.000162936 0 0 0 0 0 0 4.28799e+06 4.28799e+06 4.28799e+06 4.28799e+06 
0.0175 0.70138 -2.59862 -0.791958 -2.04599 -2.90138 37.946 2.29929e+16 8.43943e-07 8.81703e-06 8.52397e-23 3.24808e-08 -12566.3 0 0 1.0886e-18 0 0 0.000162936 0 0 0 0 0 0 4.35788e+06 4.35788e+06 4.35788e+06 4.35788e+06 
0.018 0.700767 -2.59923 -0.791311 -2.04574 -2.90077 39.8398 2.24761e+16 8.43935e-07 8.72589e-06 8.54957e-23 3.14225e-08 -11978.6 0 0 1.12157e-18 0 0 0.000162936 0 0 0 0 0 0 4.43032e+06 4.43032e+06 4.43032e+06 4.43032e+06 
0.0185 0.700182 -2.59982 -0.790646 -2.04547 -2.90018 41.8093 2.1982e+16 8.4393e-07 8.63809e-06 8.5762e-23 3.04225e-08 -11404 0 0 1.15508e-18 0 0 0.000162936 0 0 0 0 0 0 4.50541e+06 4.50541e+06 4.50541e+06 4.50541e+06 
0.019 0.699626 -2.60037 -0.789964 -2.0452 -2.89963 43.8577 2.15093e+16 8.43926e-07 8.55346e-06 8.60389e-23 2.94767e-08 -10841.8 0 0 1.18916e-18 0 0 0.000162936 0 0 0 0 0 0 4.58325e+06 4.58325e+06 4.58325e+06 4.58325e+06 
0.0195 0.699098 -2.6009 -0.789264 -2.04492 -2.8991 45.9886 2.10568e+16 8.43925e-07 8.47184e-06 8.6327e-23 2.85812e-08 -10291.7 0 0 1.22383e-18 0 0 0.000162936 0 0 0 0 0 0 4.66396e+06 4.66396e+06 4.66396e+06 4.66396e+06 
0.02 0.698597 -2.6014 -0.788547 -2.04463 -2.8986 48.2055 2.06233e+16 8.43925e-07 8.39307e-06 8.66268e-23 2.77326e-08 -9752.94 0 0 1.25911e-18 0 0 0.000162936 0 0 0 0 0 0 4.74766e+06 4.74766e+06 4.74766e+06 4.74766e+06 
0.0205 0.698123 -2.60188 -0.787811 -2.04433 -2.89812 50.5123 2.02078e+16 8.43928e-07 8.31701e-06 8.69387e-23 2.69275e-08 -9225.19 0 0 1.29503e-18 0 0 0.000162936 0 0 0 0 0 0 4.83447e+06 4.83447e+06 4.83447e+06 4.83447e+06 
0.021 0.697675 -2.60233 -0.787057 -2.04403 -2.89767 52.9131 1.98092e+16 8.43932e-07 8.24353e-06 8.72633e-23 2.61631e-08 -8707.97 0 0 1.3316e-18 0 0 0.000162936 0 0 0 0 0 0 4.92454e+06 4.92454e+06 4.92454e+06 4.92454e+06 
0.0215 0.697252 -2.60275 -0.786285 -2.04371 -2.89725 55.4122 1.94265e+16 8.43938e-07 8.17251e-06 8.76013e-23 2.54367e-08 -8200.85 0 0 1.36885e-18 0 0 0.000162936 0 0 0 0 0 0 5.01798e+06 5.01798e+06 5.01798e+06 5.01798e+06 
0.022 0.696855 -2.60315 -0.785495 -2.04338 -2.89685 58.0143 1.9059e+16 8.43945e-07 8.10382e-06 8.79532e-23 2.47457e-08 -7703.42 0 0 1.40681e-18 0 0 0.000162936 0 0 0 0 0 0 5.11497e+06 5.11497e+06 5.11497e+06 5.11497e+06 
0.0225 0.696482 -2.60352 -0.784686 -2.04305 -2.89648 60.7241 1.87058e+16 8.43954e-07 8.03736e-06 8.83197e-23 2.40879e-08 -7215.3 0 0 1.44551e-18 0 0 0.000162936 0 0 0 0 0 0 5.21564e+06 5.21564e+06 5.21564e+06 5.21564e+06 
0.023 0.696133 -2.60387 -0.783858 -2.04271 -2.89613 63.547 1.83661e+16 8.43965e-07 7.97302e-06 8.87015e-23 2.34612e-08 -6736.15 0 0 1.48497e-18 0 0 0.000162936 0 0 0 0 0 0 5.32017e+06 5.32017e+06 5.32017e+06 5.32017e+06 
0.0235 0.695808 -2.60419 -0.783012 -2.04236 -2.89581 66.4883 1.80393e+16 8.43977e-07 7.91071e-06 8.90994e-23 2.28636e-08 -6265.6 0 0 1.52522e-18 0 0 0.000162936 0 0 0 0 0 0 5.42873e+06 5.42873e+06 5.42873e+06 5.42873e+06 
0.024 0.695507 -2.60449 -0.782146 -2.042 -2.89551 69.5539 1.77246e+16 8.4399e-07 7.85033e-06 8.9514e-23 2.22933e-08 -5803.35 0 0 1.5663e-18 0 0 0.000162936 0 0 0 0 0 0 5.5415e+06 5.5415e+06 5.5415e+06 5.5415e+06 
0.0245 0.695228 -2.60477 -0.781262 -2.04163 -2.89523 72.7499 1.74215e+16 8.44005e-07 7.79179e-06 8.99464e-23 2.17487e-08 -5349.09 0 0 1.60823e-18 0 0 0.000162936 0 0 0 0 0 0 5.65866e+06 5.65866e+06 5.65866e+06 5.65866e+06 
0.025 0.694972 -2.60503 -0.780359 -2.04125 -2.89497 76.0829 1.71293e+16 8.44021e-07 7.73502e-06 9.03973e-23 2.12282e-08 -4902.51 0 0 1.65105e-18 0 0 0.000162936 0 0 0 0 0 0 5.78043e+06 5.78043e+06 5.78043e+06 5.78043e+06 
0.0255 0.694738 -2.60526 -0.779436 -2.04086 -2.89474 79.5597 1.68476e+16 8.44038e-07 7.67995e-06 9.08677e-23 2.07304e-08 -4463.36 0 0 1.69479e-18 0 0 0.000162936 0 0 0 0 0 0 5.90702e+06 5.90702e+06 5.90702e+06 5.90702e+06 
0.026 0.694525 -2.60547 -0.778494 -2.04046 -2.89453 83.1878 1.65758e+16 8.44056e-07 7.62648e-06 9.13585e-23 2.02539e-08 -4031.36 0 0 1.7395e-18 0 0 0.000162936 0 0 0 0 0 0 6.03864e+06 6.03864e+06 6.03864e+06 6.03864e+06 
0.0265 0.694334 -2.60567 -0.777532 -2.04005 -2.89433 86.9748 1.63134e+16 8.44076e-07 7.57457e-06 9.18709e-23 1.97976e-08 -3606.26 0 0 1.78521e-18 0 0 0.000162936 0 0 0 0 0 0 6.17553e+06 6.17553e+06 6.17553e+06 6.17553e+06 
0.027 0.694165 -2.60584 -0.776551 -2.03964 -2.89416 90.929 1.606e+16 8.44096e-07 7.52414e-06 9.2406e-23 1.93604e-08 -3187.83 0 0 1.83196e-18 0 0 0.000162936 0 0 0 0 0 0 6.31795e+06 6.31795e+06 6.31795e+06 6.31795e+06 
0.0275 0.694016 -2.60598 -0.77555 -2.03921 -2.89402 95.0591 1.58152e+16 8.44118e-07 7.47512e-06 9.29649e-23 1.8941e-08 -2775.84 0 0 1.87979e-18 0 0 0.000162936 0 0 0 0 0 0 6.46614e+06 6.46614e+06 6.46614e+06 6.46614e+06 
0.028 0.693887 -2.60611 -0.774529 -2.03878 -2.89389 99.3743 1.55785e+16 8.44141e-07 7.42748e-06 9.35488e-23 1.85386e-08 -2370.08 0 0 1.92875e-18 0 0 0.000162936 0 0 0 0 0 0 6.62038e+06 6.62038e+06 6.62038e+06 6.62038e+06 
0.0285 0.693779 -2.60622 -0.773488 -2.03833 -2.89378 103.884 1.53496e+16 8.44165e-07 7.38113e-06 9.41592e-23 1.81522e-08 -1970.33 0 0 1.97889e-18 0 0 0.000162936 0 0 0 0 0 0 6.78096e+06 6.78096e+06 6.78096e+06 6.78096e+06 
0.029 0.69369 -2.60631 -0.772427 -2.03788 -2.89369 108.6 1.5128e+16 8.4419e-07 7.33605e-06 9.47974e-23 1.7781e-08 -1576.4 0 0 2.03025e-18 0 0 0.000162936 0 0 0 0 0 0 6.94818e+06 6.94818e+06 6.94818e+06 6.94818e+06 
0.0295 0.693621 -2.60638 -0.771347 -2.03742 -2.89362 113.531 1.49136e+16 8.44216e-07 7.29217e-06 9.54648e-23 1.74241e-08 -1188.11 0 0 2.08288e-18 0 0 0.000162936 0 0 0 0 0 0 7.12235e+06 7.12235e+06 7.12235e+06 7.12235e+06 
0.03 0.693571 -2.60643 -0.770246 -2.03695 -2.89357 118.69 1.4706e+16 8.44243e-07 7.24944e-06 9.61632e-23 1.70808e-08 -805.275 0 0 2.13684e-18 0 0 0.000162936 0 0 0 0 0 0 7.3038e+06 7.3038e+06 7.3038e+06 7.3038e+06 
0.0305 0.69354 -2.60646 -0.769125 -2.03646 -2.89354 124.089 1.45048e+16 8.4427e-07 7.20784e-06 9.6894e-23 1.67505e-08 -427.723 0 0 2.19219e-18 0 0 0.000162936 0 0 0 0 0 0 7.49288e+06 7.49288e+06 7.49288e+06 7.49288e+06 
0.031 0.693528 -2.60647 -0.767984 -2.03597 -2.89353 129.741 1.43098e+16 8.44299e-07 7.1673e-06 9.76591e-23 1.64324e-08 -55.2913 0 0 2.24897e-18 0 0 0.000162936 0 0 0 0 0 0 7.68995e+06 7.68995e+06 7.68995e+06 7.68995e+06 
0.0315 0.693535 -2.60647 -0.766822 -2.03547 -2.89353 135.659 1.41208e+16 8.44329e-07 7.12779e-06 9.84603e-23 1.61259e-08 312.176 0 0 2.30726e-18 0 0 0.000162936 0 0 0 0 0 0 7.89539e+06 7.89539e+06 7.89539e+06 7.89539e+06 
0.032 0.69356 -2.60644 -0.765641 -2.03496 -2.89356 141.858 1.39374e+16 8.44359e-07 7.08927e-06 9.92995e-23 1.58304e-08 674.83 0 0 2.36712e-18 0 0 0.000162936 0 0 0 0 0 0 8.10959e+06 8.10959e+06 8.10959e+06 8.10959e+06 
0.0325 0.693602 -2.6064 -0.764439 -2.03444 -2.8936 148.352 1.37594e+16 8.44391e-07 7.05171e-06 1.00179e-22 1.55455e-08 1032.81 0 0 2.42861e-18 0 0 0.000162936 0 0 0 0 0 0 8.33297e+06 8.33297e+06 8.33297e+06 8.33297e+06 
0.033 0.693663 -2.60634 -0.763217 -2.03391 -2.89366 155.158 1.35866e+16 8.44423e-07 7.01507e-06 1.011e-22 1.52705e-08 1386.26 0 0 2.4918e-18 0 0 0.000162936 0 0 0 0 0 0 8.56595e+06 8.56595e+06 8.56595e+06 8.56595e+06 
0.0335 0.693741 -2.60626 -0.761974 -2.03338 -2.89374 162.293 1.34189e+16 8.44457e-07 6.97932e-06 1.02067e-22 1.50051e-08 1735.31 0 0 2.55676e-18 0 0 0.000162936 0 0 0 0 0 0 8.809e+06 8.809e+06 8.809e+06 8.809e+06 
0.034 0.693836 -2.60616 -0.760712 -2.03283 -2.89384 169.775 1.32559e+16 8.44491e-07 6.94442e-06 1.0308e-22 1.47487e-08 2080.08 0 0 2.62358e-18 0 0 0.000162936 0 0 0 0 0 0 9.06257e+06 9.06257e+06 9.06257e+06 9.06257e+06 
0.0345 0.693949 -2.60605 -0.75943 -2.03227 -2.89395 177.621 1.30975e+16 8.44526e-07 6.91035e-06 1.04142e-22 1.4501e-08 2420.7 0 0 2.69233e-18 0 0 0.000162936 0 0 0 0 0 0 9.32716e+06 9.32716e+06 9.32716e+06 9.32716e+06 
0.035 0.694079 -2.60592 -0.758127 -2.03171 -2.89408 185.851 1.29435e+16 8.44562e-07 6.87707e-06 1.05257e-22 1.42615e-08 2757.29 0 0 2.76309e-18 0 0 0.000162936 0 0 0 0 0 0 9.60327e+06 9.60327e+06 9.60327e+06 9.60327e+06 
0.0355 0.694225 -2.60578 -0.756805 -2.03113 -2.89422 194.486 1.27938e+16 8.44599e-07 6.84456e-06 1.06427e-22 1.40299e-08 3089.94 0 0 2.83596e-18 0 0 0.000162936 0 0 0 0 0 0 9.89142e+06 9.89142e+06 9.89142e+06 9.89142e+06 
0.036 0.694388 -2.60561 -0.755463 -2.03054 -2.89439 203.547 1.26481e+16 8.44636e-07 6.8128e-06 1.07654e-22 1.38058e-08 3418.78 0 0 2.91101e-18 0 0 0.000162936 0 0 0 0 0 0 1.01922e+07 1.01922e+07 1.01922e+07 1.01922e+07 
0.0365 0.694567 -2.60543 -0.754101 -2.02995 -2.89457 213.057 1.25063e+16 8.44674e-07 6.78175e-06 1.08942e-22 1.35888e-08 3743.9 0 0 2.98834e-18 0 0 0.000162936 0 0 0 0 0 0 1.0506e+07 1.0506e+07 1.0506e+07 1.0506e+07 
0.037 0.694762 -2.60524 -0.75272 -2.02934 -2.89476 223.039 1.23683e+16 8.44714e-07 6.75139e-06 1.10294e-22 1.33787e-08 4065.41 0 0 3.06805e-18 0 0 0.000162936 0 0 0 0 0 0 1.08337e+07 1.08337e+07 1.08337e+07 1.08337e+07 
0.0375 0.694973 -2.60503 -0.75132 -2.02873 -2.89497 233.517 1.22339e+16 8.44754e-07 6.7217e-06 1.11714e-22 1.31752e-08 4383.4 0 0 3.15024e-18 0 0 0.000162936 0 0 0 0 0 0 1.11756e+07 1.11756e+07 1.11756e+07 1.11756e+07 
0.038 0.6952 -2.6048 -0.749901 -2.02811 -2.8952 244.518 1.2103e+16 8.44794e-07 6.69266e-06 1.13205e-22 1.29779e-08 4697.95 0 0 3.23502e-18 0 0 0.000162936 0 0 0 0 0 0 1.15325e+07 1.15325e+07 1.15325e+07 1.15325e+07 
0.0385 0.695443 -2.60456 -0.748463 -2.02748 -2.89544 256.067 1.19755e+16 8.44836e-07 6.66424e-06 1.14769e-22 1.27866e-08 5009.17 0 0 3.32249e-18 0 0 0.000162936 0 0 0 0 0 0 1.1905e+07 1.1905e+07 1.1905e+07 1.1905e+07 
0.039 0.695701 -2.6043 -0.747007 -2.02683 -2.8957 268.193 1.18512e+16 8.44878e-07 6.63643e-06 1.16413e-22 1.26011e-08 5317.13 0 0 3.41277e-18 0 0 0.000162936 0 0 0 0 0 0 1.22937e+07 1.22937e+07 1.22937e+07 1.22937e+07 
0.0395 0.695975 -2.60403 -0.745532 -2.02618 -2.89597 280.924 1.173e+16 8.44921e-07 6.60921e-06 1.18138e-22 1.2421e-08 5621.92 0 0 3.50597e-18 0 0 0.000162936 0 0 0 0 0 0 1.26992e+07 1.26992e+07 1.26992e+07 1.26992e+07 
0.04 0.696263 -2.60374 -0.74404 -2.02552 -2.89626 294.29 1.16118e+16 8.44965e-07 6.58256e-06 1.19949e-22 1.22463e-08 5923.62 0 0 3.60222e-18 0 0 0.000162936 0 0 0 0 0 0 1.31224e+07 1.31224e+07 1.31224e+07 1.31224e+07 
0.0405 0.696567 -2.60343 -0.74253 -2.02485 -2.89657 308.321 1.14965e+16 8.45009e-07 6.55645e-06 1.21851e-22 1.20766e-08 6222.3 0 0 3.70165e-18 0 0 0.000162936 0 0 0 0 0 0 1.35638e+07 1.35638e+07 1.35638e+07 1.35638e+07 
0.041 0.696886 -2.60311 -0.741003 -2.02417 -2.89689 323.05 1.1384e+16 8.45055e-07 6.53088e-06 1.23847e-22 1.19118e-08 6518.03 0 0 3.80438e-18 0 0 0.000162936 0 0 0 0 0 0 1.40242e+07 1.40242e+07 1.40242e+07 1.40242e+07 
0.0415 0.697219 -2.60278 -0.739459 -2.02348 -2.89722 338.51 1.12742e+16 8.45101e-07 6.50582e-06 1.25943e-22 1.17517e-08 6810.89 0 0 3.91055e-18 0 0 0.000162936 0 0 0 0 0 0 1.45042e+07 1.45042e+07 1.45042e+07 1.45042e+07 
0.042 0.697567 -2.60243 -0.737898 -2.02279 -2.89757 354.734 1.1167e+16 8.45147e-07 6.48127e-06 1.28142e-22 1.1596e-08 7100.94 0 0 4.02031e-18 0 0 0.000162936 0 0 0 0 0 0 1.50046e+07 1.50046e+07 1.50046e+07 1.50046e+07 
0.0425 0.697929 -2.60207 -0.736322 -2.02208 -2.89793 371.757 1.10623e+16 8.45195e-07 6.4572e-06 1.3045e-22 1.14446e-08 7388.26 0 0 4.1338e-18 0 0 0.000162936 0 0 0 0 0 0 1.55262e+07 1.55262e+07 1.55262e+07 1.55262e+07 
0.043 0.698306 -2.60169 -0.73473 -2.02136 -2.89831 389.615 1.09601e+16 8.45243e-07 6.4336e-06 1.32872e-22 1.12974e-08 7672.9 0 0 4.25116e-18 0 0 0.000162936 0 0 0 0 0 0 1.60696e+07 1.60696e+07 1.60696e+07 1.60696e+07 
0.0435 0.698696 -2.6013 -0.733124 -2.02064 -2.8987 408.344 1.08602e+16 8.45291e-07 6.41046e-06 1.35411e-22 1.11541e-08 7954.93 0 0 4.37256e-18 0 0 0.000162936 0 0 0 0 0 0 1.66356e+07 1.66356e+07 1.66356e+07 1.66356e+07 
0.044 0.699101 -2.6009 -0.731502 -2.0199 -2.8991 427.983 1.07625e+16 8.45341e-07 6.38776e-06 1.38074e-22 1.10147e-08 8234.4 0 0 4.49817e-18 0 0 0.000162936 0 0 0 0 0 0 1.7225e+07 1.7225e+07 1.7225e+07 1.7225e+07 
0.0445 0.69952 -2.60048 -0.729867 -2.01916 -2.89952 448.568 1.06671e+16 8.45391e-07 6.3655e-06 1.40866e-22 1.0879e-08 8511.38 0 0 4.62814e-18 0 0 0.000162936 0 0 0 0 0 0 1.78384e+07 1.78384e+07 1.78384e+07 1.78384e+07 
0.045 0.699952 -2.60005 -0.728218 -2.0184 -2.89995 470.14 1.05737e+16 8.45441e-07 6.34365e-06 1.43791e-22 1.07468e-08 8785.92 0 0 4.76265e-18 0 0 0.000162936 0 0 0 0 0 0 1.84766e+07 1.84766e+07 1.84766e+07 1.84766e+07 
0.0455 0.700398 -2.5996 -0.726555 -2.01764 -2.9004 492.738 1.04824e+16 8.45492e-07 6.3222e-06 1.46857e-22 1.0618e-08 9058.07 0 0 4.90189e-18 0 0 0.000162936 0 0 0 0 0 0 1.91405e+07 1.91405e+07 1.91405e+07 1.91405e+07 
0.046 0.700858 -2.59914 -0.724881 -2.01687 -2.90086 516.403 1.03932e+16 8.45544e-07 6.30115e-06 1.50066e-22 1.04925e-08 9327.89 0 0 5.04604e-18 0 0 0.000162936 0 0 0 0 0 0 1.98306e+07 1.98306e+07 1.98306e+07 1.98306e+07 
0.0465 0.701331 -2.59867 -0.723194 -2.01609 -2.90133 541.175 1.03058e+16 8.45596e-07 6.28049e-06 1.53427e-22 1.03701e-08 9595.43 0 0 5.19529e-18 0 0 0.000162936 0 0 0 0 0 0 2.05477e+07 2.05477e+07 2.05477e+07 2.05477e+07 
0.047 0.701818 -2.59818 -0.721495 -2.0153 -2.90182 567.096 1.02203e+16 8.45649e-07 6.2602e-06 1.56943e-22 1.02509e-08 9860.73 0 0 5.34984e-18 0 0 0.000162936 0 0 0 0 0 0 2.12926e+07 2.12926e+07 2.12926e+07 2.12926e+07 
0.0475 0.702317 -2.59768 -0.719786 -2.0145 -2.90232 594.208 1.01366e+16 8.45703e-07 6.24027e-06 1.60622e-22 1.01346e-08 10123.8 0 0 5.5099e-18 0 0 0.000162936 0 0 0 0 0 0 2.2066e+07 2.2066e+07 2.2066e+07 2.2066e+07 
0.048 0.70283 -2.59717 -0.718066 -2.01369 -2.90283 622.554 1.00546e+16 8.45756e-07 6.22069e-06 1.64468e-22 1.00211e-08 10384.8 0 0 5.67568e-18 0 0 0.000162936 0 0 0 0 0 0 2.28685e+07 2.28685e+07 2.28685e+07 2.28685e+07 
0.0485 0.703356 -2.59664 -0.716336 -2.01287 -2.90336 652.178 9.97437e+15 8.45811e-07 6.20146e-06 1.68488e-22 9.91036e-09 10643.7 0 0 5.8474e-18 0 0 0.000162936 0 0 0 0 0 0 2.3701e+07 2.3701e+07 2.3701e+07 2.3701e+07 
0.049 0.703894 -2.59611 -0.714597 -2.01205 -2.90389 683.122 9.89576e+15 8.45866e-07 6.18255e-06 1.72687e-22 9.80228e-09 10900.5 0 0 6.02529e-18 0 0 0.000162936 0 0 0 0 0 0 2.4564e+07 2.4564e+07 2.4564e+07 2.4564e+07 
0.0495 0.704446 -2.59555 -0.712848 -2.01121 -2.90445 715.431 9.81874e+15 8.45921e-07 6.16398e-06 1.77072e-22 9.69677e-09 11155.3 0 0 6.20959e-18 0 0 0.000162936 0 0 0 0 0 0 2.54583e+07 2.54583e+07 2.54583e+07 2.54583e+07 
0.05 0.70501 -2.59499 -0.711091 -2.01037 -2.90501 749.15 9.74326e+15 8.45977e-07 6.14572e-06 1.81649e-22 9.59373e-09 11408.2 0 0 6.40053e-18 0 0 0.000162936 0 0 0 0 0 0 2.63845e+07 2.63845e+07 2.63845e+07 2.63845e+07 
0.0505 0.705587 -2.59441 -0.709326 -2.00951 -2.90559 784.322 9.66929e+15 8.46033e-07 6.12777e-06 1.86423e-22 9.49308e-09 11659.1 0 0 6.59836e-18 0 0 0.000162936 0 0 0 0 0 0 2.73434e+07 2.73434e+07 2.73434e+07 2.73434e+07 
0.051 0.706176 -2.59382 -0.707553 -2.00865 -2.90618 820.994 9.59677e+15 8.46089e-07 6.11011e-06 1.91402e-22 9.39474e-09 11908.1 0 0 6.80333e-18 0 0 0.000162936 0 0 0 0 0 0 2.83355e+07 2.83355e+07 2.83355e+07 2.83355e+07 
0.0515 0.706777 -2.59322 -0.705772 -2.00778 -2.90678 859.211 9.52567e+15 8.46146e-07 6.09275e-06 1.9659e-22 9.29864e-09 12155.3 0 0 7.01572e-18 0 0 0.000162936 0 0 0 0 0 0 2.93616e+07 2.93616e+07 2.93616e+07 2.93616e+07 
0.052 0.707391 -2.59261 -0.703985 -2.0069 -2.90739 899.019 9.45594e+15 8.46203e-07 6.07568e-06 2.01995e-22 9.2047e-09 12400.6 0 0 7.23578e-18 0 0 0.000162936 0 0 0 0 0 0 3.04222e+07 3.04222e+07 3.04222e+07 3.04222e+07 
0.0525 0.708017 -2.59198 -0.702191 -2.00601 -2.90802 940.464 9.38755e+15 8.46261e-07 6.05888e-06 2.07623e-22 9.11286e-09 12644.1 0 0 7.4638e-18 0 0 0.000162936 0 0 0 0 0 0 3.15181e+07 3.15181e+07 3.15181e+07 3.15181e+07 
0.053 0.708656 -2.59134 -0.700391 -2.00511 -2.90866 983.593 9.32045e+15 8.46319e-07 6.04235e-06 2.13479e-22 9.02304e-09 12885.9 0 0 7.70006e-18 0 0 0.000162936 0 0 0 0 0 0 3.26498e+07 3.26498e+07 3.26498e+07 3.26498e+07 
0.0535 0.709306 -2.59069 -0.698585 -2.0042 -2.90931 1028.45 9.25461e+15 8.46377e-07 6.02608e-06 2.19572e-22 8.93519e-09 13126 0 0 7.94484e-18 0 0 0.000162936 0 0 0 0 0 0 3.38181e+07 3.38181e+07 3.38181e+07 3.38181e+07 
0.054 0.709968 -2.59003 -0.696774 -2.00329 -2.90997 1075.09 9.18999e+15 8.46436e-07 6.01008e-06 2.25906e-22 8.84923e-09 13364.4 0 0 8.19843e-18 0 0 0.000162936 0 0 0 0 0 0 3.50234e+07 3.50234e+07 3.50234e+07 3.50234e+07 
0.0545 0.710642 -2.58936 -0.694957 -2.00236 -2.91064 1123.56 9.12657e+15 8.46495e-07 5.99432e-06 2.3249e-22 8.76512e-09 13601.2 0 0 8.46115e-18 0 0 0.000162936 0 0 0 0 0 0 3.62664e+07 3.62664e+07 3.62664e+07 3.62664e+07 
0.055 0.711328 -2.58867 -0.693136 -2.00143 -2.91133 1173.9 9.0643e+15 8.46554e-07 5.97881e-06 2.39328e-22 8.68279e-09 13836.3 0 0 8.7333e-18 0 0 0.000162936 0 0 0 0 0 0 3.75479e+07 3.75479e+07 3.75479e+07 3.75479e+07 
0.0555 0.712026 -2.58797 -0.691309 -2.00049 -2.91203 1226.17 9.00316e+15 8.46613e-07 5.96353e-06 2.46429e-22 8.60219e-09 14069.8 0 0 9.01519e-18 0 0 0.000162936 0 0 0 0 0 0 3.88682e+07 3.88682e+07 3.88682e+07 3.88682e+07 
0.056 0.712735 -2.58726 -0.689478 -1.99953 -2.91274 1280.41 8.94311e+15 8.46673e-07 5.94849e-06 2.53799e-22 8.52326e-09 14301.8 0 0 9.30714e-18 0 0 0.000162936 0 0 0 0 0 0 4.02282e+07 4.02282e+07 4.02282e+07 4.02282e+07 
0.0565 0.713456 -2.58654 -0.687643 -1.99857 -2.91346 1336.67 8.88413e+15 8.46733e-07 5.93368e-06 2.61444e-22 8.44597e-09 14532.2 0 0 9.60948e-18 0 0 0.000162936 0 0 0 0 0 0 4.16284e+07 4.16284e+07 4.16284e+07 4.16284e+07 
0.057 0.714189 -2.58581 -0.685804 -1.99761 -2.91419 1395.01 8.82619e+15 8.46793e-07 5.91908e-06 2.69372e-22 8.37025e-09 14761.1 0 0 9.92253e-18 0 0 0.000162936 0 0 0 0 0 0 4.30694e+07 4.30694e+07 4.30694e+07 4.30694e+07 
0.0575 0.714932 -2.58507 -0.683961 -1.99663 -2.91493 1455.47 8.76926e+15 8.46853e-07 5.90471e-06 2.77589e-22 8.29606e-09 14988.5 0 0 1.02466e-17 0 0 0.000162936 0 0 0 0 0 0 4.45518e+07 4.45518e+07 4.45518e+07 4.45518e+07 
0.058 0.715687 -2.58431 -0.682113 -1.99564 -2.91569 1518.12 8.71332e+15 8.46913e-07 5.89054e-06 2.86103e-22 8.22336e-09 15214.5 0 0 1.05821e-17 0 0 0.000162936 0 0 0 0 0 0 4.60763e+07 4.60763e+07 4.60763e+07 4.60763e+07 
0.0585 0.716454 -2.58355 -0.680263 -1.99465 -2.91645 1582.99 8.65833e+15 8.46974e-07 5.87659e-06 2.9492e-22 8.1521e-09 15439 0 0 1.09294e-17 0 0 0.000162936 0 0 0 0 0 0 4.76435e+07 4.76435e+07 4.76435e+07 4.76435e+07 
0.059 0.717231 -2.58277 -0.678409 -1.99364 -2.91723 1650.14 8.60427e+15 8.47035e-07 5.86283e-06 3.04049e-22 8.08224e-09 15662.1 0 0 1.12887e-17 0 0 0.000162936 0 0 0 0 0 0 4.92541e+07 4.92541e+07 4.92541e+07 4.92541e+07 
0.0595 0.71802 -2.58198 -0.676551 -1.99263 -2.91802 1719.63 8.55113e+15 8.47096e-07 5.84927e-06 3.13496e-22 8.01375e-09 15883.9 0 0 1.16604e-17 0 0 0.000162936 0 0 0 0 0 0 5.09085e+07 5.09085e+07 5.09085e+07 5.09085e+07 
0.06 0.71882 -2.58118 -0.67469 -1.99161 -2.91882 1791.5 8.49887e+15 8.47157e-07 5.83591e-06 3.23269e-22 7.94658e-09 16104.2 0 0 1.2045e-17 0 0 0.000162936 0 0 0 0 0 0 5.26076e+07 5.26076e+07 5.26076e+07 5.26076e+07 
0.0605 0.71963 -2.58037 -0.672826 -1.99058 -2.91963 1865.82 8.44748e+15 8.47218e-07 5.82273e-06 3.33375e-22 7.88069e-09 16323.3 0 0 1.24427e-17 0 0 0.000162936 0 0 0 0 0 0 5.43518e+07 5.43518e+07 5.43518e+07 5.43518e+07 
0.061 0.720452 -2.57955 -0.670959 -1.98954 -2.92045 1942.64 8.39693e+15 8.4728e-07 5.80974e-06 3.43821e-22 7.81605e-09 16541 0 0 1.2854e-17 0 0 0.000162936 0 0 0 0 0 0 5.61419e+07 5.61419e+07 5.61419e+07 5.61419e+07 
0.0615 0.721285 -2.57872 -0.669088 -1.9885 -2.92128 2022.02 8.3472e+15 8.47341e-07 5.79693e-06 3.54616e-22 7.75263e-09 16757.4 0 0 1.32792e-17 0 0 0.000162936 0 0 0 0 0 0 5.79785e+07 5.79785e+07 5.79785e+07 5.79785e+07 
0.062 0.722128 -2.57787 -0.667215 -1.98744 -2.92213 2104 8.29828e+15 8.47403e-07 5.78429e-06 3.65767e-22 7.69039e-09 16972.6 0 0 1.37187e-17 0 0 0.000162936 0 0 0 0 0 0 5.98622e+07 5.98622e+07 5.98622e+07 5.98622e+07 
0.0625 0.722982 -2.57702 -0.665339 -1.98638 -2.92298 2188.66 8.25013e+15 8.47465e-07 5.77183e-06 3.77283e-22 7.6293e-09 17186.4 0 0 1.41729e-17 0 0 0.000162936 0 0 0 0 0 0 6.17937e+07 6.17937e+07 6.17937e+07 6.17937e+07 
0.063 0.723846 -2.57615 -0.66346 -1.9853 -2.92385 2276.04 8.20276e+15 8.47527e-07 5.75953e-06 3.8917e-22 7.56933e-09 17399.1 0 0 1.46422e-17 0 0 0.000162936 0 0 0 0 0 0 6.37737e+07 6.37737e+07 6.37737e+07 6.37737e+07 
0.0635 0.724722 -2.57528 -0.661577 -1.98422 -2.92472 2366.21 8.15612e+15 8.47589e-07 5.7474e-06 4.01437e-22 7.51045e-09 17610.5 0 0 1.51269e-17 0 0 0.000162936 0 0 0 0 0 0 6.58027e+07 6.58027e+07 6.58027e+07 6.58027e+07 
0.064 0.725607 -2.57439 -0.659692 -1.98314 -2.92561 2459.21 8.11021e+15 8.47651e-07 5.73544e-06 4.14091e-22 7.45262e-09 17820.8 0 0 1.56275e-17 0 0 0.000162936 0 0 0 0 0 0 6.78815e+07 6.78815e+07 6.78815e+07 6.78815e+07 
0.0645 0.726504 -2.5735 -0.657804 -1.98204 -2.9265 2555.12 8.06502e+15 8.47714e-07 5.72363e-06 4.27143e-22 7.39583e-09 18029.8 0 0 1.61444e-17 0 0 0.000162936 0 0 0 0 0 0 7.00108e+07 7.00108e+07 7.00108e+07 7.00108e+07 
0.065 0.72741 -2.57259 -0.655914 -1.98093 -2.92741 2654 8.02051e+15 8.47776e-07 5.71197e-06 4.40598e-22 7.34004e-09 18237.8 0 0 1.6678e-17 0 0 0.000162936 0 0 0 0 0 0 7.21911e+07 7.21911e+07 7.21911e+07 7.21911e+07 
0.0655 0.728328 -2.57167 -0.65402 -1.97982 -2.92833 2755.9 7.97668e+15 8.47839e-07 5.70047e-06 4.54466e-22 7.28523e-09 18444.5 0 0 1.72286e-17 0 0 0.000162936 0 0 0 0 0 0 7.44231e+07 7.44231e+07 7.44231e+07 7.44231e+07 
0.066 0.729255 -2.57075 -0.652124 -1.9787 -2.92925 2860.88 7.93352e+15 8.47901e-07 5.68911e-06 4.68755e-22 7.23137e-09 18650.2 0 0 1.77968e-17 0 0 0.000162936 0 0 0 0 0 0 7.67076e+07 7.67076e+07 7.67076e+07 7.67076e+07 
0.0665 0.730193 -2.56981 -0.650224 -1.97757 -2.93019 2969.01 7.891e+15 8.47964e-07 5.6779e-06 4.83474e-22 7.17845e-09 18854.7 0 0 1.83829e-17 0 0 0.000162936 0 0 0 0 0 0 7.90451e+07 7.90451e+07 7.90451e+07 7.90451e+07 
0.067 0.73114 -2.56886 -0.648322 -1.97643 -2.93114 3080.34 7.84911e+15 8.48027e-07 5.66684e-06 4.98631e-22 7.12642e-09 19058.1 0 0 1.89874e-17 0 0 0.000162936 0 0 0 0 0 0 8.14364e+07 8.14364e+07 8.14364e+07 8.14364e+07 
0.0675 0.732098 -2.5679 -0.646417 -1.97528 -2.9321 3194.95 7.80784e+15 8.48089e-07 5.65591e-06 5.14235e-22 7.07528e-09 19260.5 0 0 1.96107e-17 0 0 0.000162936 0 0 0 0 0 0 8.38821e+07 8.38821e+07 8.38821e+07 8.38821e+07 
0.068 0.733066 -2.56693 -0.64451 -1.97412 -2.93307 3312.9 7.76717e+15 8.48152e-07 5.64512e-06 5.30295e-22 7.025e-09 19461.8 0 0 2.02533e-17 0 0 0.000162936 0 0 0 0 0 0 8.63829e+07 8.63829e+07 8.63829e+07 8.63829e+07 
0.0685 0.734045 -2.56596 -0.642599 -1.97296 -2.93404 3434.24 7.72709e+15 8.48215e-07 5.63446e-06 5.46819e-22 6.97556e-09 19662.1 0 0 2.09156e-17 0 0 0.000162936 0 0 0 0 0 0 8.89395e+07 8.89395e+07 8.89395e+07 8.89395e+07 
0.069 0.735033 -2.56497 -0.640685 -1.97179 -2.93503 3559.05 7.68759e+15 8.48278e-07 5.62394e-06 5.63816e-22 6.92694e-09 19861.3 0 0 2.1598e-17 0 0 0.000162936 0 0 0 0 0 0 9.15526e+07 9.15526e+07 9.15526e+07 9.15526e+07 
0.0695 0.736031 -2.56397 -0.638769 -1.97061 -2.93603 3687.38 7.64866e+15 8.48341e-07 5.61354e-06 5.81295e-22 6.87911e-09 20059.5 0 0 2.2301e-17 0 0 0.000162936 0 0 0 0 0 0 9.42228e+07 9.42228e+07 9.42228e+07 9.42228e+07 
0.07 0.737039 -2.56296 -0.63685 -1.96942 -2.93704 3819.31 7.61027e+15 8.48405e-07 5.60327e-06 5.99266e-22 6.83206e-09 20256.8 0 0 2.3025e-17 0 0 0.000162936 0 0 0 0 0 0 9.69508e+07 9.69508e+07 9.69508e+07 9.69508e+07 
0.0705 0.738056 -2.56194 -0.634928 -1.96822 -2.93806 3954.9 7.57242e+15 8.48468e-07 5.59312e-06 6.17736e-22 6.78578e-09 20453 0 0 2.37706e-17 0 0 0.000162936 0 0 0 0 0 0 9.97373e+07 9.97373e+07 9.97373e+07 9.97373e+07 
0.071 0.739084 -2.56092 -0.633003 -1.96702 -2.93908 4094.22 7.5351e+15 8.48531e-07 5.5831e-06 6.36716e-22 6.74023e-09 20648.3 0 0 2.45382e-17 0 0 0.000162936 0 0 0 0 0 0 1.02583e+08 1.02583e+08 1.02583e+08 1.02583e+08 
0.0715 0.740121 -2.55988 -0.631075 -1.96581 -2.94012 4237.33 7.4983e+15 8.48594e-07 5.57319e-06 6.56215e-22 6.69541e-09 20842.6 0 0 2.53283e-17 0 0 0.000162936 0 0 0 0 0 0 1.05488e+08 1.05488e+08 1.05488e+08 1.05488e+08 
0.072 0.741168 -2.55883 -0.629144 -1.96458 -2.94117 4384.3 7.46201e+15 8.48658e-07 5.5634e-06 6.76242e-22 6.6513e-09 21035.9 0 0 2.61413e-17 0 0 0.000162936 0 0 0 0 0 0 1.08454e+08 1.08454e+08 1.08454e+08 1.08454e+08 
0.0725 0.742225 -2.55778 -0.62721 -1.96336 -2.94222 4535.2 7.42621e+15 8.48721e-07 5.55373e-06 6.96805e-22 6.60787e-09 21228.4 0 0 2.69778e-17 0 0 0.000162936 0 0 0 0 0 0 1.11481e+08 1.11481e+08 1.11481e+08 1.11481e+08 
0.073 0.743291 -2.55671 -0.625273 -1.96212 -2.94329 4690.09 7.39089e+15 8.48784e-07 5.54416e-06 7.17916e-22 6.56512e-09 21419.9 0 0 2.78382e-17 0 0 0.000162936 0 0 0 0 0 0 1.1457e+08 1.1457e+08 1.1457e+08 1.1457e+08 
0.0735 0.744367 -2.55563 -0.623333 -1.96087 -2.94437 4849.05 7.35605e+15 8.48848e-07 5.53471e-06 7.39582e-22 6.52303e-09 21610.5 0 0 2.8723e-17 0 0 0.000162936 0 0 0 0 0 0 1.17722e+08 1.17722e+08 1.17722e+08 1.17722e+08 
0.074 0.745452 -2.55455 -0.62139 -1.95962 -2.94545 5012.15 7.32167e+15 8.48911e-07 5.52537e-06 7.61814e-22 6.48159e-09 21800.2 0 0 2.96328e-17 0 0 0.000162936 0 0 0 0 0 0 1.20937e+08 1.20937e+08 1.20937e+08 1.20937e+08 
0.0745 0.746547 -2.55345 -0.619444 -1.95836 -2.94655 5179.44 7.28774e+15 8.48975e-07 5.51613e-06 7.8462e-22 6.44077e-09 21989 0 0 3.0568e-17 0 0 0.000162936 0 0 0 0 0 0 1.24215e+08 1.24215e+08 1.24215e+08 1.24215e+08 
0.075 0.747651 -2.55235 -0.617495 -1.95709 -2.94765 5351.01 7.25427e+15 8.49038e-07 5.50699e-06 8.08012e-22 6.40057e-09 22177 0 0 3.15292e-17 0 0 0.000162936 0 0 0 0 0 0 1.27558e+08 1.27558e+08 1.27558e+08 1.27558e+08 
0.0755 0.748764 -2.55124 -0.615543 -1.95581 -2.94876 5526.92 7.22123e+15 8.49102e-07 5.49796e-06 8.31997e-22 6.36096e-09 22364.1 0 0 3.25169e-17 0 0 0.000162936 0 0 0 0 0 0 1.30967e+08 1.30967e+08 1.30967e+08 1.30967e+08 
0.076 0.749887 -2.55011 -0.613587 -1.95453 -2.94989 5707.25 7.18861e+15 8.49165e-07 5.48903e-06 8.56587e-22 6.32195e-09 22550.3 0 0 3.35315e-17 0 0 0.000162936 0 0 0 0 0 0 1.34441e+08 1.34441e+08 1.34441e+08 1.34441e+08 
0.0765 0.75102 -2.54898 -0.611629 -1.95324 -2.95102 5892.05 7.15642e+15 8.49229e-07 5.4802e-06 8.8179e-22 6.28351e-09 22735.7 0 0 3.45737e-17 0 0 0.000162936 0 0 0 0 0 0 1.37981e+08 1.37981e+08 1.37981e+08 1.37981e+08 
0.077 0.752161 -2.54784 -0.609667 -1.95194 -2.95216 6081.41 7.12464e+15 8.49293e-07 5.47146e-06 9.07617e-22 6.24563e-09 22920.3 0 0 3.56439e-17 0 0 0.000162936 0 0 0 0 0 0 1.41589e+08 1.41589e+08 1.41589e+08 1.41589e+08 
0.0775 0.753312 -2.54669 -0.607702 -1.95063 -2.95331 6275.4 7.09326e+15 8.49356e-07 5.46282e-06 9.34077e-22 6.2083e-09 23104.1 0 0 3.67428e-17 0 0 0.000162936 0 0 0 0 0 0 1.45265e+08 1.45265e+08 1.45265e+08 1.45265e+08 
0.078 0.754471 -2.54553 -0.605734 -1.94931 -2.95447 6474.09 7.06227e+15 8.4942e-07 5.45427e-06 9.61181e-22 6.17151e-09 23287 0 0 3.78708e-17 0 0 0.000162936 0 0 0 0 0 0 1.49009e+08 1.49009e+08 1.49009e+08 1.49009e+08 
0.0785 0.75564 -2.54436 -0.603763 -1.94799 -2.95564 6677.54 7.03167e+15 8.49484e-07 5.44582e-06 9.88937e-22 6.13525e-09 23469.2 0 0 3.90284e-17 0 0 0.000162936 0 0 0 0 0 0 1.52822e+08 1.52822e+08 1.52822e+08 1.52822e+08 
0.079 0.756818 -2.54318 -0.601789 -1.94666 -2.95682 6885.83 7.00145e+15 8.49548e-07 5.43745e-06 1.01736e-21 6.0995e-09 23650.6 0 0 4.02164e-17 0 0 0.000162936 0 0 0 0 0 0 1.56705e+08 1.56705e+08 1.56705e+08 1.56705e+08 
0.0795 0.758005 -2.54199 -0.599811 -1.94532 -2.95801 7099.04 6.97161e+15 8.49611e-07 5.42918e-06 1.04645e-21 6.06425e-09 23831.2 0 0 4.14351e-17 0 0 0.000162936 0 0 0 0 0 0 1.60658e+08 1.60658e+08 1.60658e+08 1.60658e+08 
0.08 0.759201 -2.5408 -0.59783 -1.94397 -2.9592 7317.23 6.94213e+15 8.49675e-07 5.42099e-06 1.07622e-21 6.0295e-09 24011 0 0 4.26852e-17 0 0 0.000162936 0 0 0 0 0 0 1.64682e+08 1.64682e+08 1.64682e+08 1.64682e+08 
0.0805 0.760406 -2.53959 -0.595845 -1.94261 -2.96041 7540.48 6.913e+15 8.49739e-07 5.41288e-06 1.10669e-21 5.99523e-09 24190.1 0 0 4.39672e-17 0 0 0.000162936 0 0 0 0 0 0 1.68778e+08 1.68778e+08 1.68778e+08 1.68778e+08 
0.081 0.76162 -2.53838 -0.593858 -1.94125 -2.96162 7768.86 6.88423e+15 8.49802e-07 5.40486e-06 1.13787e-21 5.96143e-09 24368.4 0 0 4.52818e-17 0 0 0.000162936 0 0 0 0 0 0 1.72946e+08 1.72946e+08 1.72946e+08 1.72946e+08 
0.0815 0.762843 -2.53716 -0.591866 -1.93988 -2.96284 8002.45 6.8558e+15 8.49866e-07 5.39693e-06 1.16975e-21 5.9281e-09 24546 0 0 4.66294e-17 0 0 0.000162936 0 0 0 0 0 0 1.77187e+08 1.77187e+08 1.77187e+08 1.77187e+08 
0.082 0.764075 -2.53593 -0.589872 -1.9385 -2.96407 8241.31 6.82772e+15 8.4993e-07 5.38907e-06 1.20236e-21 5.89522e-09 24722.9 0 0 4.80108e-17 0 0 0.000162936 0 0 0 0 0 0 1.81502e+08 1.81502e+08 1.81502e+08 1.81502e+08 
0.0825 0.765316 -2.53468 -0.587874 -1.93712 -2.96532 8485.52 6.79996e+15 8.49994e-07 5.3813e-06 1.2357e-21 5.86278e-09 24899 0 0 4.94264e-17 0 0 0.000162936 0 0 0 0 0 0 1.8589e+08 1.8589e+08 1.8589e+08 1.8589e+08 
0.083 0.766565 -2.53344 -0.585873 -1.93572 -2.96656 8735.16 6.77253e+15 8.50057e-07 5.3736e-06 1.26979e-21 5.83078e-09 25074.5 0 0 5.08768e-17 0 0 0.000162936 0 0 0 0 0 0 1.90354e+08 1.90354e+08 1.90354e+08 1.90354e+08 
0.0835 0.767823 -2.53218 -0.583868 -1.93432 -2.96782 8990.3 6.74542e+15 8.50121e-07 5.36598e-06 1.30463e-21 5.7992e-09 25249.2 0 0 5.23627e-17 0 0 0.000162936 0 0 0 0 0 0 1.94892e+08 1.94892e+08 1.94892e+08 1.94892e+08 
0.084 0.76909 -2.53091 -0.58186 -1.93291 -2.96909 9251.01 6.71862e+15 8.50185e-07 5.35844e-06 1.34023e-21 5.76804e-09 25423.2 0 0 5.38847e-17 0 0 0.000162936 0 0 0 0 0 0 1.99507e+08 1.99507e+08 1.99507e+08 1.99507e+08 
0.0845 0.770365 -2.52963 -0.579848 -1.9315 -2.97037 9517.37 6.69213e+15 8.50249e-07 5.35097e-06 1.37661e-21 5.7373e-09 25596.5 0 0 5.54434e-17 0 0 0.000162936 0 0 0 0 0 0 2.04198e+08 2.04198e+08 2.04198e+08 2.04198e+08 
0.085 0.771649 -2.52835 -0.577833 -1.93007 -2.97165 9789.44 6.66595e+15 8.50313e-07 5.34357e-06 1.41377e-21 5.70695e-09 25769.2 0 0 5.70394e-17 0 0 0.000162936 0 0 0 0 0 0 2.08966e+08 2.08966e+08 2.08966e+08 2.08966e+08 
0.0855 0.772942 -2.52706 -0.575814 -1.92864 -2.97294 10067.3 6.64006e+15 8.50376e-07 5.33625e-06 1.45173e-21 5.67699e-09 25941.2 0 0 5.86732e-17 0 0 0.000162936 0 0 0 0 0 0 2.13813e+08 2.13813e+08 2.13813e+08 2.13813e+08 
0.086 0.774244 -2.52576 -0.573792 -1.9272 -2.97424 10351.1 6.61446e+15 8.5044e-07 5.329e-06 1.4905e-21 5.64743e-09 26112.5 0 0 6.03456e-17 0 0 0.000162936 0 0 0 0 0 0 2.18737e+08 2.18737e+08 2.18737e+08 2.18737e+08 
0.0865 0.775553 -2.52445 -0.571766 -1.92576 -2.97555 10640.8 6.58915e+15 8.50504e-07 5.32182e-06 1.53008e-21 5.61824e-09 26283.1 0 0 6.20572e-17 0 0 0.000162936 0 0 0 0 0 0 2.2374e+08 2.2374e+08 2.2374e+08 2.2374e+08 
0.087 0.776872 -2.52313 -0.569737 -1.9243 -2.97687 10936.5 6.56412e+15 8.50567e-07 5.31471e-06 1.57048e-21 5.58942e-09 26453.2 0 0 6.38085e-17 0 0 0.000162936 0 0 0 0 0 0 2.28823e+08 2.28823e+08 2.28823e+08 2.28823e+08 
0.0875 0.778199 -2.5218 -0.567704 -1.92284 -2.9782 11238.3 6.53937e+15 8.50631e-07 5.30766e-06 1.61173e-21 5.56096e-09 26622.5 0 0 6.56003e-17 0 0 0.000162936 0 0 0 0 0 0 2.33986e+08 2.33986e+08 2.33986e+08 2.33986e+08 
0.088 0.779534 -2.52047 -0.565667 -1.92137 -2.97953 11546.2 6.51489e+15 8.50695e-07 5.30069e-06 1.65382e-21 5.53286e-09 26791.2 0 0 6.74331e-17 0 0 0.000162936 0 0 0 0 0 0 2.39229e+08 2.39229e+08 2.39229e+08 2.39229e+08 
0.0885 0.780878 -2.51912 -0.563627 -1.9199 -2.98088 11860.5 6.49068e+15 8.50759e-07 5.29378e-06 1.69677e-21 5.50511e-09 26959.3 0 0 6.93077e-17 0 0 0.000162936 0 0 0 0 0 0 2.44554e+08 2.44554e+08 2.44554e+08 2.44554e+08 
0.089 0.78223 -2.51777 -0.561583 -1.91841 -2.98223 12181 6.46673e+15 8.50822e-07 5.28693e-06 1.74058e-21 5.47771e-09 27126.8 0 0 7.12246e-17 0 0 0.000162936 0 0 0 0 0 0 2.4996e+08 2.4996e+08 2.4996e+08 2.4996e+08 
0.0895 0.783591 -2.51641 -0.559535 -1.91692 -2.98359 12507.9 6.44304e+15 8.50886e-07 5.28015e-06 1.78528e-21 5.45064e-09 27293.7 0 0 7.31845e-17 0 0 0.000162936 0 0 0 0 0 0 2.55449e+08 2.55449e+08 2.55449e+08 2.55449e+08 
0.09 0.784959 -2.51504 -0.557484 -1.91543 -2.98496 12841.3 6.41961e+15 8.5095e-07 5.27343e-06 1.83086e-21 5.4239e-09 27459.9 0 0 7.51881e-17 0 0 0.000162936 0 0 0 0 0 0 2.6102e+08 2.6102e+08 2.6102e+08 2.6102e+08 
0.0905 0.786337 -2.51366 -0.555429 -1.91392 -2.98634 13181.3 6.39642e+15 8.51013e-07 5.26677e-06 1.87734e-21 5.39749e-09 27625.6 0 0 7.72361e-17 0 0 0.000162936 0 0 0 0 0 0 2.66675e+08 2.66675e+08 2.66675e+08 2.66675e+08 
0.091 0.787722 -2.51228 -0.55337 -1.91241 -2.98772 13527.8 6.37348e+15 8.51077e-07 5.26017e-06 1.92473e-21 5.37139e-09 27790.6 0 0 7.93291e-17 0 0 0.000162936 0 0 0 0 0 0 2.72413e+08 2.72413e+08 2.72413e+08 2.72413e+08 
0.0915 0.789116 -2.51088 -0.551308 -1.91089 -2.98912 13881.1 6.35078e+15 8.5114e-07 5.25364e-06 1.97304e-21 5.34561e-09 27955.1 0 0 8.14677e-17 0 0 0.000162936 0 0 0 0 0 0 2.78236e+08 2.78236e+08 2.78236e+08 2.78236e+08 
0.092 0.790518 -2.50948 -0.549242 -1.90936 -2.99052 14241.1 6.32832e+15 8.51204e-07 5.24716e-06 2.02228e-21 5.32014e-09 28119 0 0 8.36527e-17 0 0 0.000162936 0 0 0 0 0 0 2.84145e+08 2.84145e+08 2.84145e+08 2.84145e+08 
0.0925 0.791928 -2.50807 -0.547172 -1.90782 -2.99193 14608 6.30609e+15 8.51268e-07 5.24074e-06 2.07247e-21 5.29496e-09 28282.3 0 0 8.58848e-17 0 0 0.000162936 0 0 0 0 0 0 2.90138e+08 2.90138e+08 2.90138e+08 2.90138e+08 
0.093 0.793346 -2.50665 -0.545098 -1.90628 -2.99335 14981.8 6.28409e+15 8.51331e-07 5.23438e-06 2.1236e-21 5.27009e-09 28445 0 0 8.81646e-17 0 0 0.000162936 0 0 0 0 0 0 2.96218e+08 2.96218e+08 2.96218e+08 2.96218e+08 
0.0935 0.794772 -2.50523 -0.543021 -1.90473 -2.99477 15362.6 6.26232e+15 8.51395e-07 5.22807e-06 2.1757e-21 5.2455e-09 28607.2 0 0 9.04928e-17 0 0 0.000162936 0 0 0 0 0 0 3.02384e+08 3.02384e+08 3.02384e+08 3.02384e+08 
0.094 0.796206 -2.50379 -0.54094 -1.90318 -2.99621 15750.5 6.24076e+15 8.51458e-07 5.22182e-06 2.22876e-21 5.2212e-09 28768.8 0 0 9.28701e-17 0 0 0.000162936 0 0 0 0 0 0 3.08637e+08 3.08637e+08 3.08637e+08 3.08637e+08 
0.0945 0.797649 -2.50235 -0.538855 -1.90161 -2.99765 16145.5 6.21943e+15 8.51522e-07 5.21563e-06 2.28282e-21 5.19718e-09 28929.8 0 0 9.52972e-17 0 0 0.000162936 0 0 0 0 0 0 3.14978e+08 3.14978e+08 3.14978e+08 3.14978e+08 
0.095 0.799099 -2.5009 -0.536766 -1.90004 -2.9991 16547.7 6.19831e+15 8.51585e-07 5.20948e-06 2.33786e-21 5.17343e-09 29090.3 0 0 9.77748e-17 0 0 0.000162936 0 0 0 0 0 0 3.21406e+08 3.21406e+08 3.21406e+08 3.21406e+08 
0.0955 0.800558 -2.49944 -0.534673 -1.89846 -3.00056 16957.2 6.17741e+15 8.51649e-07 5.2034e-06 2.39391e-21 5.14996e-09 29250.3 0 0 1.00304e-16 0 0 0.000162936 0 0 0 0 0 0 3.27923e+08 3.27923e+08 3.27923e+08 3.27923e+08 
0.096 0.802024 -2.49798 -0.532576 -1.89688 -3.00202 17374.1 6.15671e+15 8.51712e-07 5.19736e-06 2.45097e-21 5.12675e-09 29409.7 0 0 1.02884e-16 0 0 0.000162936 0 0 0 0 0 0 3.3453e+08 3.3453e+08 3.3453e+08 3.3453e+08 
0.0965 0.803499 -2.4965 -0.530476 -1.89528 -3.0035 17798.5 6.13622e+15 8.51775e-07 5.19138e-06 2.50906e-21 5.1038e-09 29568.6 0 0 1.05518e-16 0 0 0.000162936 0 0 0 0 0 0 3.41225e+08 3.41225e+08 3.41225e+08 3.41225e+08 
0.097 0.804981 -2.49502 -0.528371 -1.89368 -3.00498 18230.4 6.11593e+15 8.51839e-07 5.18545e-06 2.56818e-21 5.08111e-09 29726.9 0 0 1.08205e-16 0 0 0.000162936 0 0 0 0 0 0 3.48011e+08 3.48011e+08 3.48011e+08 3.48011e+08 
0.0975 0.806472 -2.49353 -0.526263 -1.89208 -3.00647 18669.9 6.09583e+15 8.51902e-07 5.17956e-06 2.62835e-21 5.05867e-09 29884.8 0 0 1.10945e-16 0 0 0.000162936 0 0 0 0 0 0 3.54887e+08 3.54887e+08 3.54887e+08 3.54887e+08 
0.098 0.80797 -2.49203 -0.524151 -1.89046 -3.00797 19117 6.07594e+15 8.51965e-07 5.17373e-06 2.68958e-21 5.03648e-09 30042.1 0 0 1.13741e-16 0 0 0.000162936 0 0 0 0 0 0 3.61854e+08 3.61854e+08 3.61854e+08 3.61854e+08 
0.0985 0.809476 -2.49052 -0.522034 -1.88884 -3.00948 19571.9 6.05623e+15 8.52029e-07 5.16795e-06 2.75187e-21 5.01454e-09 30198.9 0 0 1.16592e-16 0 0 0.000162936 0 0 0 0 0 0 3.68913e+08 3.68913e+08 3.68913e+08 3.68913e+08 
0.099 0.81099 -2.48901 -0.519914 -1.88721 -3.01099 20034.6 6.03672e+15 8.52092e-07 5.16221e-06 2.81524e-21 4.99283e-09 30355.2 0 0 1.195e-16 0 0 0.000162936 0 0 0 0 0 0 3.76063e+08 3.76063e+08 3.76063e+08 3.76063e+08 
0.0995 0.812511 -2.48749 -0.51779 -1.88558 -3.01251 20505.2 6.01739e+15 8.52155e-07 5.15653e-06 2.87969e-21 4.97136e-09 30511 0 0 1.22464e-16 0 0 0.000162936 0 0 0 0 0 0 3.83306e+08 3.83306e+08 3.83306e+08 3.83306e+08 
0.1 0.814041 -2.48596 -0.515662 -1.88394 -3.01404 20983.8 5.99824e+15 8.52218e-07 5.15089e-06 2.94525e-21 4.95013e-09 30666.3 0 0 1.25486e-16 0 0 0.000162936 0 0 0 0 0 0 3.90641e+08 3.90641e+08 3.90641e+08 3.90641e+08 
0.1005 0.815578 -2.48442 -0.51353 -1.88229 -3.01558 21470.4 5.97928e+15 8.52281e-07 5.14529e-06 3.01191e-21 4.92912e-09 30821.1 0 0 1.28567e-16 0 0 0.000162936 0 0 0 0 0 0 3.98069e+08 3.98069e+08 3.98069e+08 3.98069e+08 
0.101 0.817123 -2.48288 -0.511394 -1.88063 -3.01712 21965.2 5.96049e+15 8.52345e-07 5.13974e-06 3.07969e-21 4.90833e-09 30975.4 0 0 1.31707e-16 0 0 0.000162936 0 0 0 0 0 0 4.05592e+08 4.05592e+08 4.05592e+08 4.05592e+08 
0.1015 0.818676 -2.48132 -0.509254 -1.87897 -3.01868 22468.2 5.94188e+15 8.52408e-07 5.13424e-06 3.1486e-21 4.88777e-09 31129.3 0 0 1.34906e-16 0 0 0.000162936 0 0 0 0 0 0 4.13208e+08 4.13208e+08 4.13208e+08 4.13208e+08 
0.102 0.820236 -2.47976 -0.50711 -1.8773 -3.02024 22979.4 5.92344e+15 8.52471e-07 5.12878e-06 3.21865e-21 4.86742e-09 31282.6 0 0 1.38167e-16 0 0 0.000162936 0 0 0 0 0 0 4.20918e+08 4.20918e+08 4.20918e+08 4.20918e+08 
0.1025 0.821804 -2.4782 -0.504961 -1.87562 -3.0218 23498.9 5.90518e+15 8.52534e-07 5.12336e-06 3.28985e-21 4.84728e-09 31435.5 0 0 1.41489e-16 0 0 0.000162936 0 0 0 0 0 0 4.28724e+08 4.28724e+08 4.28724e+08 4.28724e+08 
0.103 0.823379 -2.47662 -0.502809 -1.87394 -3.02338 24026.9 5.88708e+15 8.52597e-07 5.11799e-06 3.36221e-21 4.82736e-09 31587.9 0 0 1.44873e-16 0 0 0.000162936 0 0 0 0 0 0 4.36625e+08 4.36625e+08 4.36625e+08 4.36625e+08 
0.1035 0.824963 -2.47504 -0.500653 -1.87224 -3.02496 24563.4 5.86915e+15 8.5266e-07 5.11266e-06 3.43574e-21 4.80764e-09 31739.9 0 0 1.4832e-16 0 0 0.000162936 0 0 0 0 0 0 4.44622e+08 4.44622e+08 4.44622e+08 4.44622e+08 
0.104 0.826553 -2.47345 -0.498493 -1.87055 -3.02655 25108.4 5.85138e+15 8.52723e-07 5.10738e-06 3.51045e-21 4.78813e-09 31891.4 0 0 1.51831e-16 0 0 0.000162936 0 0 0 0 0 0 4.52714e+08 4.52714e+08 4.52714e+08 4.52714e+08 
0.1045 0.828152 -2.47185 -0.496328 -1.86884 -3.02815 25662.1 5.83377e+15 8.52786e-07 5.10213e-06 3.58635e-21 4.76882e-09 32042.4 0 0 1.55407e-16 0 0 0.000162936 0 0 0 0 0 0 4.60904e+08 4.60904e+08 4.60904e+08 4.60904e+08 
0.105 0.829758 -2.47024 -0.49416 -1.86713 -3.02976 26224.5 5.81631e+15 8.52848e-07 5.09692e-06 3.66346e-21 4.7497e-09 32193 0 0 1.59048e-16 0 0 0.000162936 0 0 0 0 0 0 4.6919e+08 4.6919e+08 4.6919e+08 4.6919e+08 
0.1055 0.831371 -2.46863 -0.491987 -1.86541 -3.03137 26795.7 5.79902e+15 8.52911e-07 5.09176e-06 3.74177e-21 4.73078e-09 32343.1 0 0 1.62755e-16 0 0 0.000162936 0 0 0 0 0 0 4.77574e+08 4.77574e+08 4.77574e+08 4.77574e+08 
0.106 0.832992 -2.46701 -0.48981 -1.86369 -3.03299 27375.7 5.78188e+15 8.52974e-07 5.08664e-06 3.82131e-21 4.71205e-09 32492.8 0 0 1.66529e-16 0 0 0.000162936 0 0 0 0 0 0 4.86055e+08 4.86055e+08 4.86055e+08 4.86055e+08 
0.1065 0.83462 -2.46538 -0.48763 -1.86195 -3.03462 27964.7 5.76489e+15 8.53037e-07 5.08155e-06 3.90208e-21 4.69351e-09 32642 0 0 1.7037e-16 0 0 0.000162936 0 0 0 0 0 0 4.94635e+08 4.94635e+08 4.94635e+08 4.94635e+08 
0.107 0.836256 -2.46374 -0.485445 -1.86021 -3.03626 28562.6 5.74805e+15 8.531e-07 5.0765e-06 3.9841e-21 4.67515e-09 32790.9 0 0 1.7428e-16 0 0 0.000162936 0 0 0 0 0 0 5.03313e+08 5.03313e+08 5.03313e+08 5.03313e+08 
0.1075 0.837899 -2.4621 -0.483256 -1.85847 -3.0379 29169.7 5.73135e+15 8.53162e-07 5.0715e-06 4.06736e-21 4.65697e-09 32939.2 0 0 1.78259e-16 0 0 0.000162936 0 0 0 0 0 0 5.12089e+08 5.12089e+08 5.12089e+08 5.12089e+08 
0.108 0.83955 -2.46045 -0.481062 -1.85672 -3.03955 29785.9 5.71481e+15 8.53225e-07 5.06653e-06 4.15189e-21 4.63898e-09 33087.2 0 0 1.82309e-16 0 0 0.000162936 0 0 0 0 0 0 5.20966e+08 5.20966e+08 5.20966e+08 5.20966e+08 
0.1085 0.841208 -2.45879 -0.478865 -1.85496 -3.04121 30411.3 5.6984e+15 8.53288e-07 5.0616e-06 4.23769e-21 4.62116e-09 33234.7 0 0 1.86429e-16 0 0 0.000162936 0 0 0 0 0 0 5.29941e+08 5.29941e+08 5.29941e+08 5.29941e+08 
0.109 0.842874 -2.45713 -0.476664 -1.85319 -3.04287 31046 5.68214e+15 8.5335e-07 5.0567e-06 4.32478e-21 4.60351e-09 33381.8 0 0 1.9062e-16 0 0 0.000162936 0 0 0 0 0 0 5.39017e+08 5.39017e+08 5.39017e+08 5.39017e+08 
0.1095 0.844546 -2.45545 -0.474458 -1.85142 -3.04455 31690.1 5.66601e+15 8.53413e-07 5.05184e-06 4.41315e-21 4.58604e-09 33528.5 0 0 1.94884e-16 0 0 0.000162936 0 0 0 0 0 0 5.48193e+08 5.48193e+08 5.48193e+08 5.48193e+08 
0.11 0.846226 -2.45377 -0.472248 -1.84964 -3.04623 32343.6 5.65003e+15 8.53475e-07 5.04702e-06 4.50284e-21 4.56873e-09 33674.7 0 0 1.99222e-16 0 0 0.000162936 0 0 0 0 0 0 5.5747e+08 5.5747e+08 5.5747e+08 5.5747e+08 
0.1105 0.847914 -2.45209 -0.470034 -1.84785 -3.04791 33006.7 5.63418e+15 8.53538e-07 5.04223e-06 4.59383e-21 4.55159e-09 33820.6 0 0 2.03633e-16 0 0 0.000162936 0 0 0 0 0 0 5.66848e+08 5.66848e+08 5.66848e+08 5.66848e+08 
0.111 0.849608 -2.45039 -0.467815 -1.84606 -3.04961 33679.3 5.61846e+15 8.536e-07 5.03748e-06 4.68615e-21 4.53462e-09 33966 0 0 2.08119e-16 0 0 0.000162936 0 0 0 0 0 0 5.76327e+08 5.76327e+08 5.76327e+08 5.76327e+08 
0.1115 0.85131 -2.44869 -0.465593 -1.84426 -3.05131 34361.6 5.60287e+15 8.53662e-07 5.03276e-06 4.7798e-21 4.51781e-09 34111 0 0 2.12681e-16 0 0 0.000162936 0 0 0 0 0 0 5.85907e+08 5.85907e+08 5.85907e+08 5.85907e+08 
0.112 0.85302 -2.44698 -0.463366 -1.84245 -3.05302 35053.6 5.58742e+15 8.53725e-07 5.02808e-06 4.8748e-21 4.50115e-09 34255.7 0 0 2.17319e-16 0 0 0.000162936 0 0 0 0 0 0 5.9559e+08 5.9559e+08 5.9559e+08 5.9559e+08 
0.1125 0.854736 -2.44526 -0.461135 -1.84064 -3.05474 35755.4 5.57209e+15 8.53787e-07 5.02343e-06 4.97115e-21 4.48465e-09 34399.9 0 0 2.22035e-16 0 0 0.000162936 0 0 0 0 0 0 6.05376e+08 6.05376e+08 6.05376e+08 6.05376e+08 
0.113 0.85646 -2.44354 -0.4589 -1.83882 -3.05646 36467 5.55689e+15 8.53849e-07 5.01882e-06 5.06886e-21 4.46831e-09 34543.8 0 0 2.26828e-16 0 0 0.000162936 0 0 0 0 0 0 6.15264e+08 6.15264e+08 6.15264e+08 6.15264e+08 
0.1135 0.85819 -2.44181 -0.456661 -1.83699 -3.05819 37188.6 5.54182e+15 8.53912e-07 5.01423e-06 5.16795e-21 4.45212e-09 34687.2 0 0 2.31701e-16 0 0 0.000162936 0 0 0 0 0 0 6.25254e+08 6.25254e+08 6.25254e+08 6.25254e+08 
0.114 0.859928 -2.44007 -0.454417 -1.83516 -3.05993 37920.3 5.52686e+15 8.53974e-07 5.00968e-06 5.26842e-21 4.43608e-09 34830.3 0 0 2.36653e-16 0 0 0.000162936 0 0 0 0 0 0 6.35349e+08 6.35349e+08 6.35349e+08 6.35349e+08 
0.1145 0.861673 -2.43833 -0.452169 -1.83332 -3.06167 38662 5.51203e+15 8.54036e-07 5.00517e-06 5.37029e-21 4.42019e-09 34973 0 0 2.41686e-16 0 0 0.000162936 0 0 0 0 0 0 6.45547e+08 6.45547e+08 6.45547e+08 6.45547e+08 
0.115 0.863426 -2.43657 -0.449917 -1.83147 -3.06343 39413.8 5.49732e+15 8.54098e-07 5.00068e-06 5.47355e-21 4.40444e-09 35115.2 0 0 2.468e-16 0 0 0.000162936 0 0 0 0 0 0 6.55849e+08 6.55849e+08 6.55849e+08 6.55849e+08 
0.1155 0.865185 -2.43482 -0.447661 -1.82962 -3.06518 40175.9 5.48273e+15 8.5416e-07 4.99623e-06 5.57824e-21 4.38884e-09 35257.2 0 0 2.51996e-16 0 0 0.000162936 0 0 0 0 0 0 6.66255e+08 6.66255e+08 6.66255e+08 6.66255e+08 
0.116 0.866951 -2.43305 -0.4454 -1.82776 -3.06695 40948.2 5.46826e+15 8.54222e-07 4.99181e-06 5.68434e-21 4.37338e-09 35398.7 0 0 2.57276e-16 0 0 0.000162936 0 0 0 0 0 0 6.76765e+08 6.76765e+08 6.76765e+08 6.76765e+08 
0.1165 0.868725 -2.43128 -0.443135 -1.82589 -3.06872 41730.9 5.4539e+15 8.54284e-07 4.98741e-06 5.79188e-21 4.35805e-09 35539.9 0 0 2.62639e-16 0 0 0.000162936 0 0 0 0 0 0 6.87381e+08 6.87381e+08 6.87381e+08 6.87381e+08 
0.117 0.870505 -2.42949 -0.440866 -1.82402 -3.07051 42524.1 5.43965e+15 8.54346e-07 4.98305e-06 5.90086e-21 4.34287e-09 35680.7 0 0 2.68088e-16 0 0 0.000162936 0 0 0 0 0 0 6.98102e+08 6.98102e+08 6.98102e+08 6.98102e+08 
0.1175 0.872293 -2.42771 -0.438592 -1.82214 -3.07229 43327.7 5.42552e+15 8.54408e-07 4.97872e-06 6.01129e-21 4.32782e-09 35821.1 0 0 2.73621e-16 0 0 0.000162936 0 0 0 0 0 0 7.08928e+08 7.08928e+08 7.08928e+08 7.08928e+08 
0.118 0.874087 -2.42591 -0.436314 -1.82026 -3.07409 44141.9 5.4115e+15 8.5447e-07 4.97442e-06 6.12319e-21 4.31291e-09 35961.2 0 0 2.79242e-16 0 0 0.000162936 0 0 0 0 0 0 7.1986e+08 7.1986e+08 7.1986e+08 7.1986e+08 
0.1185 0.875889 -2.42411 -0.434032 -1.81836 -3.07589 44966.8 5.39758e+15 8.54532e-07 4.97015e-06 6.23655e-21 4.29812e-09 36100.9 0 0 2.84949e-16 0 0 0.000162936 0 0 0 0 0 0 7.30897e+08 7.30897e+08 7.30897e+08 7.30897e+08 
0.119 0.877697 -2.4223 -0.431745 -1.81646 -3.0777 45802.3 5.38378e+15 8.54594e-07 4.9659e-06 6.3514e-21 4.28347e-09 36240.2 0 0 2.90745e-16 0 0 0.000162936 0 0 0 0 0 0 7.42042e+08 7.42042e+08 7.42042e+08 7.42042e+08 
0.1195 0.879513 -2.42049 -0.429455 -1.81456 -3.07951 46648.6 5.37008e+15 8.54655e-07 4.96169e-06 6.46774e-21 4.26895e-09 36379.2 0 0 2.96629e-16 0 0 0.000162936 0 0 0 0 0 0 7.53292e+08 7.53292e+08 7.53292e+08 7.53292e+08 
0.12 0.881335 -2.41866 -0.427159 -1.81265 -3.08134 47505.8 5.35649e+15 8.54717e-07 4.9575e-06 6.58558e-21 4.25455e-09 36517.9 0 0 3.02604e-16 0 0 0.000162936 0 0 0 0 0 0 7.6465e+08 7.6465e+08 7.6465e+08 7.6465e+08 
0.1205 0.883165 -2.41684 -0.42486 -1.81073 -3.08316 48373.8 5.343e+15 8.54779e-07 4.95335e-06 6.70494e-21 4.24028e-09 36656.2 0 0 3.08669e-16 0 0 0.000162936 0 0 0 0 0 0 7.76114e+08 7.76114e+08 7.76114e+08 7.76114e+08 
0.121 0.885001 -2.415 -0.422556 -1.80881 -3.085 49252.9 5.32962e+15 8.5484e-07 4.94922e-06 6.82581e-21 4.22613e-09 36794.1 0 0 3.14825e-16 0 0 0.000162936 0 0 0 0 0 0 7.87686e+08 7.87686e+08 7.87686e+08 7.87686e+08 
0.1215 0.886844 -2.41316 -0.420248 -1.80687 -3.08684 50143 5.31634e+15 8.54902e-07 4.94511e-06 6.94821e-21 4.2121e-09 36931.7 0 0 3.21074e-16 0 0 0.000162936 0 0 0 0 0 0 7.99365e+08 7.99365e+08 7.99365e+08 7.99365e+08 
0.122 0.888694 -2.41131 -0.417935 -1.80494 -3.08869 51044.1 5.30315e+15 8.54963e-07 4.94104e-06 7.07215e-21 4.1982e-09 37069 0 0 3.27417e-16 0 0 0.000162936 0 0 0 0 0 0 8.11152e+08 8.11152e+08 8.11152e+08 8.11152e+08 
0.1225 0.890551 -2.40945 -0.415619 -1.80299 -3.09055 51956.5 5.29007e+15 8.55025e-07 4.93699e-06 7.19764e-21 4.18441e-09 37205.9 0 0 3.33853e-16 0 0 0.000162936 0 0 0 0 0 0 8.23047e+08 8.23047e+08 8.23047e+08 8.23047e+08 
0.123 0.892415 -2.40759 -0.413297 -1.80104 -3.09241 52880.1 5.27709e+15 8.55086e-07 4.93297e-06 7.32468e-21 4.17074e-09 37342.5 0 0 3.40384e-16 0 0 0.000162936 0 0 0 0 0 0 8.35051e+08 8.35051e+08 8.35051e+08 8.35051e+08 
0.1235 0.894285 -2.40571 -0.410972 -1.79909 -3.09429 53815.1 5.2642e+15 8.55148e-07 4.92897e-06 7.4533e-21 4.15718e-09 37478.7 0 0 3.47012e-16 0 0 0.000162936 0 0 0 0 0 0 8.47163e+08 8.47163e+08 8.47163e+08 8.47163e+08 
0.124 0.896163 -2.40384 -0.408642 -1.79712 -3.09616 54761.4 5.25141e+15 8.55209e-07 4.925e-06 7.58349e-21 4.14374e-09 37614.6 0 0 3.53736e-16 0 0 0.000162936 0 0 0 0 0 0 8.59384e+08 8.59384e+08 8.59384e+08 8.59384e+08 
0.1245 0.898047 -2.40195 -0.406307 -1.79515 -3.09805 55719.1 5.23871e+15 8.5527e-07 4.92106e-06 7.71527e-21 4.13041e-09 37750.2 0 0 3.60557e-16 0 0 0.000162936 0 0 0 0 0 0 8.71714e+08 8.71714e+08 8.71714e+08 8.71714e+08 
0.125 0.899938 -2.40006 -0.403969 -1.79318 -3.09994 56688.4 5.2261e+15 8.55332e-07 4.91714e-06 7.84864e-21 4.11719e-09 37885.5 0 0 3.67477e-16 0 0 0.000162936 0 0 0 0 0 0 8.84153e+08 8.84153e+08 8.84153e+08 8.84153e+08 
0.1255 0.901835 -2.39816 -0.401626 -1.7912 -3.10184 57669.2 5.21359e+15 8.55393e-07 4.91325e-06 7.98362e-21 4.10408e-09 38020.4 0 0 3.74496e-16 0 0 0.000162936 0 0 0 0 0 0 8.96701e+08 8.96701e+08 8.96701e+08 8.96701e+08 
0.126 0.90374 -2.39626 -0.399278 -1.78921 -3.10374 58661.7 5.20117e+15 8.55454e-07 4.90938e-06 8.12021e-21 4.09108e-09 38155 0 0 3.81616e-16 0 0 0.000162936 0 0 0 0 0 0 9.09359e+08 9.09359e+08 9.09359e+08 9.09359e+08 
0.1265 0.905651 -2.39435 -0.396926 -1.78721 -3.10565 59665.8 5.18884e+15 8.55515e-07 4.90553e-06 8.25842e-21 4.07818e-09 38289.3 0 0 3.88837e-16 0 0 0.000162936 0 0 0 0 0 0 9.22127e+08 9.22127e+08 9.22127e+08 9.22127e+08 
0.127 0.907569 -2.39243 -0.39457 -1.78521 -3.10757 60681.8 5.1766e+15 8.55576e-07 4.90171e-06 8.39827e-21 4.06539e-09 38423.3 0 0 3.96159e-16 0 0 0.000162936 0 0 0 0 0 0 9.35006e+08 9.35006e+08 9.35006e+08 9.35006e+08 
0.1275 0.909493 -2.39051 -0.392209 -1.78321 -3.10949 61709.6 5.16444e+15 8.55638e-07 4.89792e-06 8.53976e-21 4.05271e-09 38556.9 0 0 4.03585e-16 0 0 0.000162936 0 0 0 0 0 0 9.47994e+08 9.47994e+08 9.47994e+08 9.47994e+08 
0.128 0.911424 -2.38858 -0.389844 -1.78119 -3.11142 62749.2 5.15237e+15 8.55699e-07 4.89415e-06 8.6829e-21 4.04012e-09 38690.3 0 0 4.11114e-16 0 0 0.000162936 0 0 0 0 0 0 9.61093e+08 9.61093e+08 9.61093e+08 9.61093e+08 
0.1285 0.913362 -2.38664 -0.387475 -1.77917 -3.11336 63800.9 5.14039e+15 8.5576e-07 4.8904e-06 8.8277e-21 4.02764e-09 38823.3 0 0 4.18748e-16 0 0 0.000162936 0 0 0 0 0 0 9.74303e+08 9.74303e+08 9.74303e+08 9.74303e+08 
0.129 0.915307 -2.38469 -0.385101 -1.77715 -3.11531 64864.5 5.1285e+15 8.5582e-07 4.88667e-06 8.97418e-21 4.01526e-09 38956.1 0 0 4.26487e-16 0 0 0.000162936 0 0 0 0 0 0 9.87624e+08 9.87624e+08 9.87624e+08 9.87624e+08 
0.1295 0.917258 -2.38274 -0.382723 -1.77512 -3.11726 65940.3 5.11668e+15 8.55881e-07 4.88297e-06 9.12232e-21 4.00298e-09 39088.5 0 0 4.34333e-16 0 0 0.000162936 0 0 0 0 0 0 1.00106e+09 1.00106e+09 1.00106e+09 1.00106e+09 
0.13 0.919215 -2.38078 -0.38034 -1.77308 -3.11922 67028.2 5.10495e+15 8.55942e-07 4.87929e-06 9.27216e-21 3.99079e-09 39220.6 0 0 4.42286e-16 0 0 0.000162936 0 0 0 0 0 0 1.0146e+09 1.0146e+09 1.0146e+09 1.0146e+09 
0.1305 0.92118 -2.37882 -0.377953 -1.77103 -3.12118 68128.3 5.09331e+15 8.56003e-07 4.87563e-06 9.42369e-21 3.9787e-09 39352.4 0 0 4.50347e-16 0 0 0.000162936 0 0 0 0 0 0 1.02825e+09 1.02825e+09 1.02825e+09 1.02825e+09 
0.131 0.923151 -2.37685 -0.375562 -1.76898 -3.12315 69240.8 5.08174e+15 8.56064e-07 4.872e-06 9.57693e-21 3.96671e-09 39483.9 0 0 4.58517e-16 0 0 0.000162936 0 0 0 0 0 0 1.04202e+09 1.04202e+09 1.04202e+09 1.04202e+09 
0.1315 0.925128 -2.37487 -0.373166 -1.76693 -3.12513 70365.5 5.07025e+15 8.56125e-07 4.86839e-06 9.73188e-21 3.95481e-09 39615.1 0 0 4.66797e-16 0 0 0.000162936 0 0 0 0 0 0 1.0559e+09 1.0559e+09 1.0559e+09 1.0559e+09 
0.132 0.927112 -2.37289 -0.370765 -1.76486 -3.12711 71502.7 5.05885e+15 8.56185e-07 4.8648e-06 9.88856e-21 3.943e-09 39746 0 0 4.75188e-16 0 0 0.000162936 0 0 0 0 0 0 1.06989e+09 1.06989e+09 1.06989e+09 1.06989e+09 
0.1325 0.929103 -2.3709 -0.36836 -1.76279 -3.1291 72652.3 5.04752e+15 8.56246e-07 4.86123e-06 1.0047e-20 3.93128e-09 39876.7 0 0 4.83691e-16 0 0 0.000162936 0 0 0 0 0 0 1.08399e+09 1.08399e+09 1.08399e+09 1.08399e+09 
0.133 0.9311 -2.3689 -0.365951 -1.76072 -3.1311 73814.5 5.03627e+15 8.56307e-07 4.85768e-06 1.02071e-20 3.91966e-09 40007 0 0 4.92307e-16 0 0 0.000162936 0 0 0 0 0 0 1.0982e+09 1.0982e+09 1.0982e+09 1.0982e+09 
0.1335 0.933104 -2.3669 -0.363537 -1.75864 -3.1331 74989.2 5.02509e+15 8.56367e-07 4.85416e-06 1.0369e-20 3.90812e-09 40137.1 0 0 5.01036e-16 0 0 0.000162936 0 0 0 0 0 0 1.11253e+09 1.11253e+09 1.11253e+09 1.11253e+09 
0.134 0.935114 -2.36489 -0.361119 -1.75655 -3.13511 76176.6 5.01399e+15 8.56428e-07 4.85065e-06 1.05327e-20 3.89667e-09 40266.8 0 0 5.09879e-16 0 0 0.000162936 0 0 0 0 0 0 1.12697e+09 1.12697e+09 1.12697e+09 1.12697e+09 
0.1345 0.93713 -2.36287 -0.358697 -1.75445 -3.13713 77376.8 5.00297e+15 8.56488e-07 4.84717e-06 1.06981e-20 3.88531e-09 40396.3 0 0 5.18838e-16 0 0 0.000162936 0 0 0 0 0 0 1.14152e+09 1.14152e+09 1.14152e+09 1.14152e+09 
0.135 0.939153 -2.36085 -0.35627 -1.75235 -3.13915 78589.7 4.99202e+15 8.56549e-07 4.8437e-06 1.08653e-20 3.87404e-09 40525.5 0 0 5.27913e-16 0 0 0.000162936 0 0 0 0 0 0 1.15619e+09 1.15619e+09 1.15619e+09 1.15619e+09 
0.1355 0.941183 -2.35882 -0.353838 -1.75025 -3.14118 79815.4 4.98114e+15 8.56609e-07 4.84026e-06 1.10343e-20 3.86285e-09 40654.4 0 0 5.37105e-16 0 0 0.000162936 0 0 0 0 0 0 1.17097e+09 1.17097e+09 1.17097e+09 1.17097e+09 
0.136 0.943219 -2.35678 -0.351402 -1.74814 -3.14322 81054.1 4.97034e+15 8.56669e-07 4.83684e-06 1.12051e-20 3.85175e-09 40783 0 0 5.46415e-16 0 0 0.000162936 0 0 0 0 0 0 1.18586e+09 1.18586e+09 1.18586e+09 1.18586e+09 
0.1365 0.945261 -2.35474 -0.348962 -1.74602 -3.14526 82305.7 4.9596e+15 8.5673e-07 4.83343e-06 1.13776e-20 3.84073e-09 40911.3 0 0 5.55844e-16 0 0 0.000162936 0 0 0 0 0 0 1.20087e+09 1.20087e+09 1.20087e+09 1.20087e+09 
0.137 0.94731 -2.35269 -0.346517 -1.74389 -3.14731 83570.3 4.94894e+15 8.5679e-07 4.83005e-06 1.1552e-20 3.82979e-09 41039.4 0 0 5.65393e-16 0 0 0.000162936 0 0 0 0 0 0 1.21599e+09 1.21599e+09 1.21599e+09 1.21599e+09 
0.1375 0.949365 -2.35064 -0.344068 -1.74176 -3.14936 84848 4.93835e+15 8.5685e-07 4.82669e-06 1.17282e-20 3.81893e-09 41167.2 0 0 5.75063e-16 0 0 0.000162936 0 0 0 0 0 0 1.23122e+09 1.23122e+09 1.23122e+09 1.23122e+09 
0.138 0.951427 -2.34857 -0.341614 -1.73963 -3.15143 86138.8 4.92783e+15 8.5691e-07 4.82334e-06 1.19063e-20 3.80815e-09 41294.7 0 0 5.84855e-16 0 0 0.000162936 0 0 0 0 0 0 1.24657e+09 1.24657e+09 1.24657e+09 1.24657e+09 
0.1385 0.953494 -2.34651 -0.339156 -1.73749 -3.15349 87442.8 4.91737e+15 8.5697e-07 4.82002e-06 1.20862e-20 3.79745e-09 41422 0 0 5.94769e-16 0 0 0.000162936 0 0 0 0 0 0 1.26203e+09 1.26203e+09 1.26203e+09 1.26203e+09 
0.139 0.955569 -2.34443 -0.336693 -1.73534 -3.15557 88760.1 4.90699e+15 8.5703e-07 4.81671e-06 1.22679e-20 3.78683e-09 41549 0 0 6.04806e-16 0 0 0.000162936 0 0 0 0 0 0 1.2776e+09 1.2776e+09 1.2776e+09 1.2776e+09 
0.1395 0.957649 -2.34235 -0.334226 -1.73318 -3.15765 90090.7 4.89667e+15 8.57091e-07 4.81342e-06 1.24515e-20 3.77629e-09 41675.7 0 0 6.14969e-16 0 0 0.000162936 0 0 0 0 0 0 1.29329e+09 1.29329e+09 1.29329e+09 1.29329e+09 
0.14 0.959736 -2.34026 -0.331755 -1.73102 -3.15974 91434.7 4.88642e+15 8.57151e-07 4.81016e-06 1.26369e-20 3.76582e-09 41802.1 0 0 6.25256e-16 0 0 0.000162936 0 0 0 0 0 0 1.3091e+09 1.3091e+09 1.3091e+09 1.3091e+09 
0.1405 0.96183 -2.33817 -0.329279 -1.72886 -3.16183 92792.1 4.87623e+15 8.57211e-07 4.80691e-06 1.28242e-20 3.75543e-09 41928.3 0 0 6.3567e-16 0 0 0.000162936 0 0 0 0 0 0 1.32502e+09 1.32502e+09 1.32502e+09 1.32502e+09 
0.141 0.963929 -2.33607 -0.326798 -1.72668 -3.16393 94163 4.86611e+15 8.5727e-07 4.80367e-06 1.30134e-20 3.74512e-09 42054.2 0 0 6.46211e-16 0 0 0.000162936 0 0 0 0 0 0 1.34105e+09 1.34105e+09 1.34105e+09 1.34105e+09 
0.1415 0.966035 -2.33397 -0.324313 -1.72451 -3.16603 95547.5 4.85605e+15 8.5733e-07 4.80046e-06 1.32045e-20 3.73488e-09 42179.9 0 0 6.56879e-16 0 0 0.000162936 0 0 0 0 0 0 1.3572e+09 1.3572e+09 1.3572e+09 1.3572e+09 
0.142 0.968147 -2.33185 -0.321824 -1.72232 -3.16815 96945.5 4.84606e+15 8.5739e-07 4.79726e-06 1.33974e-20 3.72471e-09 42305.3 0 0 6.67677e-16 0 0 0.000162936 0 0 0 0 0 0 1.37346e+09 1.37346e+09 1.37346e+09 1.37346e+09 
0.1425 0.970266 -2.32973 -0.31933 -1.72013 -3.17027 98357.3 4.83612e+15 8.5745e-07 4.79409e-06 1.35923e-20 3.71461e-09 42430.4 0 0 6.78605e-16 0 0 0.000162936 0 0 0 0 0 0 1.38984e+09 1.38984e+09 1.38984e+09 1.38984e+09 
0.143 0.97239 -2.32761 -0.316831 -1.71794 -3.17239 99782.7 4.82625e+15 8.5751e-07 4.79092e-06 1.37891e-20 3.70459e-09 42555.3 0 0 6.89664e-16 0 0 0.000162936 0 0 0 0 0 0 1.40633e+09 1.40633e+09 1.40633e+09 1.40633e+09 
0.1435 0.974521 -2.32548 -0.314328 -1.71573 -3.17452 101222 4.81645e+15 8.57569e-07 4.78778e-06 1.39878e-20 3.69463e-09 42679.9 0 0 7.00854e-16 0 0 0.000162936 0 0 0 0 0 0 1.42294e+09 1.42294e+09 1.42294e+09 1.42294e+09 
0.144 0.976658 -2.32334 -0.311821 -1.71352 -3.17666 102675 4.8067e+15 8.57629e-07 4.78466e-06 1.41884e-20 3.68475e-09 42804.3 0 0 7.12178e-16 0 0 0.000162936 0 0 0 0 0 0 1.43966e+09 1.43966e+09 1.43966e+09 1.43966e+09 
0.1445 0.978801 -2.3212 -0.309309 -1.71131 -3.1788 104142 4.79701e+15 8.57689e-07 4.78155e-06 1.4391e-20 3.67493e-09 42928.4 0 0 7.23634e-16 0 0 0.000162936 0 0 0 0 0 0 1.4565e+09 1.4565e+09 1.4565e+09 1.4565e+09 
0.145 0.980951 -2.31905 -0.306793 -1.70909 -3.18095 105623 4.78739e+15 8.57748e-07 4.77845e-06 1.45955e-20 3.66519e-09 43052.3 0 0 7.35226e-16 0 0 0.000162936 0 0 0 0 0 0 1.47345e+09 1.47345e+09 1.47345e+09 1.47345e+09 
0.1455 0.983107 -2.31689 -0.304272 -1.70687 -3.18311 107118 4.77782e+15 8.57808e-07 4.77538e-06 1.48019e-20 3.65551e-09 43176 0 0 7.46952e-16 0 0 0.000162936 0 0 0 0 0 0 1.49052e+09 1.49052e+09 1.49052e+09 1.49052e+09 
0.146 0.985269 -2.31473 -0.301747 -1.70463 -3.18527 108627 4.76831e+15 8.57867e-07 4.77232e-06 1.50104e-20 3.64589e-09 43299.3 0 0 7.58816e-16 0 0 0.000162936 0 0 0 0 0 0 1.50771e+09 1.50771e+09 1.50771e+09 1.50771e+09 
0.1465 0.987437 -2.31256 -0.299217 -1.7024 -3.18744 110150 4.75885e+15 8.57927e-07 4.76928e-06 1.52208e-20 3.63635e-09 43422.5 0 0 7.70816e-16 0 0 0.000162936 0 0 0 0 0 0 1.52501e+09 1.52501e+09 1.52501e+09 1.52501e+09 
0.147 0.989611 -2.31039 -0.296683 -1.70015 -3.18961 111687 4.74946e+15 8.57986e-07 4.76625e-06 1.54331e-20 3.62686e-09 43545.4 0 0 7.82955e-16 0 0 0.000162936 0 0 0 0 0 0 1.54243e+09 1.54243e+09 1.54243e+09 1.54243e+09 
0.1475 0.991791 -2.30821 -0.294144 -1.6979 -3.19179 113239 4.74012e+15 8.58046e-07 4.76324e-06 1.56475e-20 3.61745e-09 43668 0 0 7.95232e-16 0 0 0.000162936 0 0 0 0 0 0 1.55996e+09 1.55996e+09 1.55996e+09 1.55996e+09 
0.148 0.993978 -2.30602 -0.291601 -1.69565 -3.19398 114804 4.73084e+15 8.58105e-07 4.76024e-06 1.58638e-20 3.60809e-09 43790.4 0 0 8.0765e-16 0 0 0.000162936 0 0 0 0 0 0 1.57761e+09 1.57761e+09 1.57761e+09 1.57761e+09 
0.1485 0.99617 -2.30383 -0.289053 -1.69339 -3.19617 116384 4.72161e+15 8.58164e-07 4.75726e-06 1.60822e-20 3.5988e-09 43912.6 0 0 8.20209e-16 0 0 0.000162936 0 0 0 0 0 0 1.59537e+09 1.59537e+09 1.59537e+09 1.59537e+09 
0.149 0.998369 -2.30163 -0.286501 -1.69112 -3.19837 117979 4.71243e+15 8.58224e-07 4.7543e-06 1.63025e-20 3.58957e-09 44034.6 0 0 8.3291e-16 0 0 0.000162937 0 0 0 0 0 0 1.61325e+09 1.61325e+09 1.61325e+09 1.61325e+09 
0.1495 1.00057 -2.29943 -0.283944 -1.68885 -3.20057 119588 4.70331e+15 8.58283e-07 4.75135e-06 1.65249e-20 3.5804e-09 44156.3 0 0 8.45754e-16 0 0 0.000162937 0 0 0 0 0 0 1.63125e+09 1.63125e+09 1.63125e+09 1.63125e+09 
0.15 1.00278 -2.29722 -0.281383 -1.68657 -3.20278 121211 4.69425e+15 8.58342e-07 4.74842e-06 1.67493e-20 3.57129e-09 44277.7 0 0 8.58741e-16 0 0 0.000162937 0 0 0 0 0 0 1.64936e+09 1.64936e+09 1.64936e+09 1.64936e+09 
0.1505 1.005 -2.295 -0.278817 -1.68429 -3.205 122849 4.68523e+15 8.58401e-07 4.7455e-06 1.69757e-20 3.56224e-09 44398.9 0 0 8.71873e-16 0 0 0.000162937 0 0 0 0 0 0 1.66758e+09 1.66758e+09 1.66758e+09 1.66758e+09 
0.151 1.00722 -2.29278 -0.276247 -1.682 -3.20722 124502 4.67627e+15 8.5846e-07 4.7426e-06 1.72041e-20 3.55325e-09 44519.9 0 0 8.85151e-16 0 0 0.000162937 0 0 0 0 0 0 1.68593e+09 1.68593e+09 1.68593e+09 1.68593e+09 
0.1515 1.00945 -2.29055 -0.273672 -1.6797 -3.20945 126169 4.66736e+15 8.58519e-07 4.73971e-06 1.74347e-20 3.54432e-09 44640.7 0 0 8.98575e-16 0 0 0.000162937 0 0 0 0 0 0 1.70439e+09 1.70439e+09 1.70439e+09 1.70439e+09 
0.152 1.01169 -2.28831 -0.271093 -1.6774 -3.21169 127851 4.6585e+15 8.58578e-07 4.73683e-06 1.76672e-20 3.53545e-09 44761.2 0 0 9.12147e-16 0 0 0.000162937 0 0 0 0 0 0 1.72296e+09 1.72296e+09 1.72296e+09 1.72296e+09 
0.1525 1.01393 -2.28607 -0.26851 -1.67509 -3.21393 129548 4.64969e+15 8.58637e-07 4.73397e-06 1.79018e-20 3.52663e-09 44881.6 0 0 9.25868e-16 0 0 0.000162937 0 0 0 0 0 0 1.74165e+09 1.74165e+09 1.74165e+09 1.74165e+09 
0.153 1.01618 -2.28382 -0.265922 -1.67278 -3.21618 131259 4.64093e+15 8.58696e-07 4.73113e-06 1.81385e-20 3.51787e-09 45001.6 0 0 9.39737e-16 0 0 0.000162937 0 0 0 0 0 0 1.76046e+09 1.76046e+09 1.76046e+09 1.76046e+09 
0.1535 1.01843 -2.28157 -0.263329 -1.67046 -3.21843 132986 4.63221e+15 8.58755e-07 4.7283e-06 1.83773e-20 3.50916e-09 45121.5 0 0 9.53757e-16 0 0 0.000162937 0 0 0 0 0 0 1.77938e+09 1.77938e+09 1.77938e+09 1.77938e+09 
0.154 1.02069 -2.27931 -0.260732 -1.66814 -3.22069 134727 4.62355e+15 8.58814e-07 4.72548e-06 1.86181e-20 3.50051e-09 45241.1 0 0 9.67928e-16 0 0 0.000162937 0 0 0 0 0 0 1.79842e+09 1.79842e+09 1.79842e+09 1.79842e+09 
0.1545 1.02295 -2.27705 -0.25813 -1.66581 -3.22295 136483 4.61493e+15 8.58873e-07 4.72267e-06 1.88611e-20 3.49192e-09 45360.5 0 0 9.82251e-16 0 0 0.000162937 0 0 0 0 0 0 1.81758e+09 1.81758e+09 1.81758e+09 1.81758e+09 
0.155 1.02522 -2.27478 -0.255524 -1.66347 -3.22522 138254 4.60636e+15 8.58932e-07 4.71988e-06 1.91061e-20 3.48337e-09 45479.7 0 0 9.96727e-16 0 0 0.000162937 0 0 0 0 0 0 1.83685e+09 1.83685e+09 1.83685e+09 1.83685e+09 
0.1555 1.0275 -2.2725 -0.252914 -1.66113 -3.2275 140041 4.59784e+15 8.5899e-07 4.7171e-06 1.93533e-20 3.47488e-09 45598.7 0 0 1.01136e-15 0 0 0.000162937 0 0 0 0 0 0 1.85623e+09 1.85623e+09 1.85623e+09 1.85623e+09 
0.156 1.02978 -2.27022 -0.250299 -1.65878 -3.22978 141842 4.58936e+15 8.59049e-07 4.71434e-06 1.96025e-20 3.46644e-09 45717.4 0 0 1.02614e-15 0 0 0.000162937 0 0 0 0 0 0 1.87573e+09 1.87573e+09 1.87573e+09 1.87573e+09 
0.1565 1.03207 -2.26793 -0.247679 -1.65643 -3.23207 143659 4.58092e+15 8.59108e-07 4.71159e-06 1.98539e-20 3.45804e-09 45836 0 0 1.04108e-15 0 0 0.000162937 0 0 0 0 0 0 1.89535e+09 1.89535e+09 1.89535e+09 1.89535e+09 
0.157 1.03437 -2.26563 -0.245055 -1.65407 -3.23437 145491 4.57253e+15 8.59166e-07 4.70884e-06 2.01074e-20 3.4497e-09 45954.3 0 0 1.05618e-15 0 0 0.000162937 0 0 0 0 0 0 1.91508e+09 1.91508e+09 1.91508e+09 1.91508e+09 
0.1575 1.03667 -2.26333 -0.242427 -1.65171 -3.23667 147338 4.56418e+15 8.59225e-07 4.70612e-06 2.03631e-20 3.44141e-09 46072.4 0 0 1.07144e-15 0 0 0.000162937 0 0 0 0 0 0 1.93492e+09 1.93492e+09 1.93492e+09 1.93492e+09 
0.158 1.03898 -2.26102 -0.239794 -1.64933 -3.23898 149200 4.55588e+15 8.59283e-07 4.7034e-06 2.06209e-20 3.43316e-09 46190.2 0 0 1.08685e-15 0 0 0.000162937 0 0 0 0 0 0 1.95488e+09 1.95488e+09 1.95488e+09 1.95488e+09 
0.1585 1.04129 -2.25871 -0.237156 -1.64696 -3.24129 151078 4.54761e+15 8.59342e-07 4.70069e-06 2.08808e-20 3.42496e-09 46307.9 0 0 1.10242e-15 0 0 0.000162937 0 0 0 0 0 0 1.97495e+09 1.97495e+09 1.97495e+09 1.97495e+09 
0.159 1.04361 -2.25639 -0.234514 -1.64458 -3.24361 152971 4.53939e+15 8.594e-07 4.698e-06 2.11429e-20 3.41681e-09 46425.4 0 0 1.11816e-15 0 0 0.000162937 0 0 0 0 0 0 1.99514e+09 1.99514e+09 1.99514e+09 1.99514e+09 
0.1595 1.04593 -2.25407 -0.231868 -1.64219 -3.24593 154880 4.5312e+15 8.59459e-07 4.69532e-06 2.14072e-20 3.4087e-09 46542.6 0 0 1.13405e-15 0 0 0.000162937 0 0 0 0 0 0 2.01544e+09 2.01544e+09 2.01544e+09 2.01544e+09 
0.16 1.04826 -2.25174 -0.229217 -1.6398 -3.24826 156804 4.52305e+15 8.59517e-07 4.69265e-06 2.16736e-20 3.40063e-09 46659.6 0 0 1.15011e-15 0 0 0.000162937 0 0 0 0 0 0 2.03585e+09 2.03585e+09 2.03585e+09 2.03585e+09 
0.1605 1.0506 -2.2494 -0.226561 -1.6374 -3.2506 158744 4.51494e+15 8.59576e-07 4.68998e-06 2.19422e-20 3.39261e-09 46776.4 0 0 1.16633e-15 0 0 0.000162937 0 0 0 0 0 0 2.05637e+09 2.05637e+09 2.05637e+09 2.05637e+09 
0.161 1.05294 -2.24706 -0.223901 -1.63499 -3.25294 160699 4.50687e+15 8.59634e-07 4.68733e-06 2.2213e-20 3.38463e-09 46893 0 0 1.18271e-15 0 0 0.000162937 0 0 0 0 0 0 2.07701e+09 2.07701e+09 2.07701e+09 2.07701e+09 
0.1615 1.05529 -2.24471 -0.221237 -1.63259 -3.25529 162670 4.49883e+15 8.59692e-07 4.68469e-06 2.2486e-20 3.37668e-09 47009.4 0 0 1.19926e-15 0 0 0.000162937 0 0 0 0 0 0 2.09775e+09 2.09775e+09 2.09775e+09 2.09775e+09 
0.162 1.05764 -2.24236 -0.218568 -1.63017 -3.25764 164657 4.49082e+15 8.5975e-07 4.68206e-06 2.27611e-20 3.36878e-09 47125.6 0 0 1.21598e-15 0 0 0.000162937 0 0 0 0 0 0 2.11861e+09 2.11861e+09 2.11861e+09 2.11861e+09 
0.1625 1.06 -2.24 -0.215895 -1.62775 -3.26 166659 4.48284e+15 8.59809e-07 4.67943e-06 2.30385e-20 3.36091e-09 47241.6 0 0 1.23286e-15 0 0 0.000162937 0 0 0 0 0 0 2.13957e+09 2.13957e+09 2.13957e+09 2.13957e+09 
0.163 1.06236 -2.23764 -0.213217 -1.62532 -3.26236 168678 4.4749e+15 8.59867e-07 4.67682e-06 2.33181e-20 3.35308e-09 47357.4 0 0 1.24991e-15 0 0 0.000162937 0 0 0 0 0 0 2.16065e+09 2.16065e+09 2.16065e+09 2.16065e+09 
0.1635 1.06473 -2.23527 -0.210535 -1.62289 -3.26473 170712 4.46698e+15 8.59925e-07 4.67421e-06 2.35999e-20 3.34528e-09 47473 0 0 1.26712e-15 0 0 0.000162937 0 0 0 0 0 0 2.18183e+09 2.18183e+09 2.18183e+09 2.18183e+09 
0.164 1.06711 -2.23289 -0.207848 -1.62045 -3.26711 172762 4.45909e+15 8.59983e-07 4.67161e-06 2.3884e-20 3.33752e-09 47588.3 0 0 1.28451e-15 0 0 0.000162937 0 0 0 0 0 0 2.20311e+09 2.20311e+09 2.20311e+09 2.20311e+09 
0.1645 1.06949 -2.23051 -0.205157 -1.61801 -3.26949 174827 4.45123e+15 8.60041e-07 4.66901e-06 2.41702e-20 3.32978e-09 47703.5 0 0 1.30207e-15 0 0 0.000162937 0 0 0 0 0 0 2.22451e+09 2.22451e+09 2.22451e+09 2.22451e+09 
0.165 1.07188 -2.22812 -0.202461 -1.61556 -3.27188 176909 4.44339e+15 8.60099e-07 4.66642e-06 2.44587e-20 3.32207e-09 47818.5 0 0 1.31979e-15 0 0 0.000162937 0 0 0 0 0 0 2.246e+09 2.246e+09 2.246e+09 2.246e+09 
0.1655 1.07427 -2.22573 -0.199761 -1.6131 -3.27427 179007 4.43557e+15 8.60157e-07 4.66384e-06 2.47494e-20 3.31439e-09 47933.2 0 0 1.33769e-15 0 0 0.000162937 0 0 0 0 0 0 2.2676e+09 2.2676e+09 2.2676e+09 2.2676e+09 
0.166 1.07667 -2.22333 -0.197056 -1.61064 -3.27667 181120 4.42777e+15 8.60215e-07 4.66126e-06 2.50424e-20 3.30673e-09 48047.8 0 0 1.35576e-15 0 0 0.000162937 0 0 0 0 0 0 2.28929e+09 2.28929e+09 2.28929e+09 2.28929e+09 
0.1665 1.07908 -2.22092 -0.194347 -1.60818 -3.27908 183250 4.41998e+15 8.60273e-07 4.65868e-06 2.53376e-20 3.29909e-09 48162.1 0 0 1.37401e-15 0 0 0.000162937 0 0 0 0 0 0 2.31108e+09 2.31108e+09 2.31108e+09 2.31108e+09 
0.167 1.08149 -2.21851 -0.191634 -1.6057 -3.28149 185396 4.41221e+15 8.6033e-07 4.65611e-06 2.56351e-20 3.29147e-09 48276.3 0 0 1.39243e-15 0 0 0.000162937 0 0 0 0 0 0 2.33297e+09 2.33297e+09 2.33297e+09 2.33297e+09 
0.1675 1.08391 -2.21609 -0.188916 -1.60322 -3.28391 187558 4.40445e+15 8.60388e-07 4.65353e-06 2.59349e-20 3.28386e-09 48390.3 0 0 1.41102e-15 0 0 0.000162937 0 0 0 0 0 0 2.35495e+09 2.35495e+09 2.35495e+09 2.35495e+09 
0.168 1.08633 -2.21367 -0.186193 -1.60074 -3.28633 189736 4.3967e+15 8.60446e-07 4.65096e-06 2.62369e-20 3.27627e-09 48504 0 0 1.42979e-15 0 0 0.000162937 0 0 0 0 0 0 2.37702e+09 2.37702e+09 2.37702e+09 2.37702e+09 
0.1685 1.08876 -2.21124 -0.183466 -1.59825 -3.28876 191931 4.38895e+15 8.60504e-07 4.64839e-06 2.65412e-20 3.26868e-09 48617.6 0 0 1.44874e-15 0 0 0.000162937 0 0 0 0 0 0 2.39918e+09 2.39918e+09 2.39918e+09 2.39918e+09 
0.169 1.09119 -2.20881 -0.180735 -1.59576 -3.29119 194141 4.38119e+15 8.60561e-07 4.64581e-06 2.68478e-20 3.2611e-09 48730.9 0 0 1.46786e-15 0 0 0.000162937 0 0 0 0 0 0 2.42142e+09 2.42142e+09 2.42142e+09 2.42142e+09 
0.1695 1.09363 -2.20637 -0.177999 -1.59326 -3.29363 196368 4.37344e+15 8.60619e-07 4.64323e-06 2.71566e-20 3.25352e-09 48844.1 0 0 1.48716e-15 0 0 0.000162937 0 0 0 0 0 0 2.44373e+09 2.44373e+09 2.44373e+09 2.44373e+09 
0.17 1.09608 -2.20392 -0.175259 -1.59075 -3.29608 198611 4.36567e+15 8.60676e-07 4.64064e-06 2.74677e-20 3.24593e-09 48957 0 0 1.50664e-15 0 0 0.000162937 0 0 0 0 0 0 2.46612e+09 2.46612e+09 2.46612e+09 2.46612e+09 
0.1705 1.09853 -2.20147 -0.172514 -1.58824 -3.29853 200871 4.35788e+15 8.60734e-07 4.63804e-06 2.77812e-20 3.23833e-09 49069.8 0 0 1.52629e-15 0 0 0.000162937 0 0 0 0 0 0 2.48858e+09 2.48858e+09 2.48858e+09 2.48858e+09 
0.171 1.10098 -2.19902 -0.169765 -1.58572 -3.30098 203147 4.35008e+15 8.60791e-07 4.63544e-06 2.80969e-20 3.23071e-09 49182.3 0 0 1.54613e-15 0 0 0.000162937 0 0 0 0 0 0 2.51111e+09 2.51111e+09 2.51111e+09 2.51111e+09 
0.1715 1.10344 -2.19656 -0.167011 -1.58319 -3.30344 205439 4.34225e+15 8.60849e-07 4.63282e-06 2.84149e-20 3.22307e-09 49294.7 0 0 1.56615e-15 0 0 0.000162937 0 0 0 0 0 0 2.53369e+09 2.53369e+09 2.53369e+09 2.53369e+09 
0.172 1.10591 -2.19409 -0.164253 -1.58066 -3.30591 207747 4.33438e+15 8.60906e-07 4.63019e-06 2.87352e-20 3.2154e-09 49406.8 0 0 1.58634e-15 0 0 0.000162937 0 0 0 0 0 0 2.55632e+09 2.55632e+09 2.55632e+09 2.55632e+09 
0.1725 1.10839 -2.19161 -0.161491 -1.57812 -3.30839 210072 4.32647e+15 8.60964e-07 4.62754e-06 2.90578e-20 3.2077e-09 49518.8 0 0 1.60672e-15 0 0 0.000162937 0 0 0 0 0 0 2.57899e+09 2.57899e+09 2.57899e+09 2.57899e+09 
0.173 1.11086 -2.18914 -0.158724 -1.57558 -3.31086 212413 4.3185e+15 8.61021e-07 4.62487e-06 2.93827e-20 3.19995e-09 49630.5 0 0 1.62728e-15 0 0 0.000162937 0 0 0 0 0 0 2.60169e+09 2.60169e+09 2.60169e+09 2.60169e+09 
0.1735 1.11335 -2.18665 -0.155953 -1.57303 -3.31335 214771 4.31048e+15 8.61078e-07 4.62217e-06 2.97099e-20 3.19214e-09 49742 0 0 1.64801e-15 0 0 0.000162937 0 0 0 0 0 0 2.62441e+09 2.62441e+09 2.62441e+09 2.62441e+09 
0.174 1.11584 -2.18416 -0.153177 -1.57048 -3.31584 217145 4.30238e+15 8.61135e-07 4.61945e-06 3.00394e-20 3.18426e-09 49853.4 0 0 1.66893e-15 0 0 0.000162937 0 0 0 0 0 0 2.64715e+09 2.64715e+09 2.64715e+09 2.64715e+09 
0.1745 1.11833 -2.18167 -0.150397 -1.56792 -3.31833 219535 4.2942e+15 8.61193e-07 4.61669e-06 3.03712e-20 3.17631e-09 49964.5 0 0 1.69004e-15 0 0 0.000162937 0 0 0 0 0 0 2.66989e+09 2.66989e+09 2.66989e+09 2.66989e+09 
0.175 1.12083 -2.17917 -0.147613 -1.56535 -3.32083 221942 4.28592e+15 8.6125e-07 4.6139e-06 3.07053e-20 3.16827e-09 50075.4 0 0 1.71132e-15 0 0 0.000162937 0 0 0 0 0 0 2.69261e+09 2.69261e+09 2.69261e+09 2.69261e+09 
0.1755 1.12334 -2.17666 -0.144824 -1.56277 -3.32334 224365 4.27753e+15 8.61307e-07 4.61106e-06 3.10417e-20 3.16013e-09 50186.1 0 0 1.73278e-15 0 0 0.000162937 0 0 0 0 0 0 2.7153e+09 2.7153e+09 2.7153e+09 2.7153e+09 
0.176 1.12585 -2.17415 -0.142031 -1.56019 -3.32585 226804 4.26902e+15 8.61364e-07 4.60818e-06 3.13804e-20 3.15186e-09 50296.5 0 0 1.75442e-15 0 0 0.000162937 0 0 0 0 0 0 2.73794e+09 2.73794e+09 2.73794e+09 2.73794e+09 
0.1765 1.12837 -2.17163 -0.139233 -1.5576 -3.32837 229260 4.26035e+15 8.61421e-07 4.60524e-06 3.17214e-20 3.14346e-09 50406.8 0 0 1.77625e-15 0 0 0.000162937 0 0 0 0 0 0 2.76051e+09 2.76051e+09 2.76051e+09 2.76051e+09 
0.177 1.13089 -2.16911 -0.136431 -1.55501 -3.33089 231732 4.25153e+15 8.61478e-07 4.60224e-06 3.20646e-20 3.13491e-09 50516.8 0 0 1.79825e-15 0 0 0.000162937 0 0 0 0 0 0 2.78299e+09 2.78299e+09 2.78299e+09 2.78299e+09 
0.1775 1.13342 -2.16658 -0.133625 -1.55241 -3.33342 234220 4.24252e+15 8.61535e-07 4.59917e-06 3.24102e-20 3.12617e-09 50626.6 0 0 1.82044e-15 0 0 0.000162937 0 0 0 0 0 0 2.80536e+09 2.80536e+09 2.80536e+09 2.80536e+09 
0.178 1.13596 -2.16404 -0.130815 -1.5498 -3.33596 236724 4.23329e+15 8.61591e-07 4.59602e-06 3.2758e-20 3.11724e-09 50736.1 0 0 1.8428e-15 0 0 0.000162937 0 0 0 0 0 0 2.82759e+09 2.82759e+09 2.82759e+09 2.82759e+09 
0.1785 1.1385 -2.1615 -0.128 -1.54718 -3.3385 239244 4.22383e+15 8.61648e-07 4.59278e-06 3.3108e-20 3.10809e-09 50845.4 0 0 1.86533e-15 0 0 0.000162937 0 0 0 0 0 0 2.84964e+09 2.84964e+09 2.84964e+09 2.84964e+09 
0.179 1.14104 -2.15896 -0.125181 -1.54455 -3.34104 241780 4.2141e+15 8.61705e-07 4.58945e-06 3.34603e-20 3.09867e-09 50954.5 0 0 1.88805e-15 0 0 0.000162937 0 0 0 0 0 0 2.87149e+09 2.87149e+09 2.87149e+09 2.87149e+09 
0.1795 1.14359 -2.15641 -0.122357 -1.54192 -3.34359 244332 4.20407e+15 8.61761e-07 4.586e-06 3.38148e-20 3.08898e-09 51063.3 0 0 1.91093e-15 0 0 0.000162937 0 0 0 0 0 0 2.89309e+09 2.89309e+09 2.89309e+09 2.89309e+09 
0.18 1.14615 -2.15385 -0.11953 -1.53928 -3.34615 246899 4.19371e+15 8.61818e-07 4.58243e-06 3.41716e-20 3.07896e-09 51171.8 0 0 1.93399e-15 0 0 0.000162937 0 0 0 0 0 0 2.9144e+09 2.9144e+09 2.9144e+09 2.9144e+09 
0.1805 1.14871 -2.15129 -0.116698 -1.53663 -3.34871 249482 4.18296e+15 8.61874e-07 4.57871e-06 3.45305e-20 3.06858e-09 51280.1 0 0 1.95721e-15 0 0 0.000162937 0 0 0 0 0 0 2.93537e+09 2.93537e+09 2.93537e+09 2.93537e+09 
0.181 1.15128 -2.14872 -0.113862 -1.53397 -3.35128 252081 4.17179e+15 8.61931e-07 4.57484e-06 3.48916e-20 3.0578e-09 51388.1 0 0 1.98061e-15 0 0 0.000162937 0 0 0 0 0 0 2.95595e+09 2.95595e+09 2.95595e+09 2.95595e+09 
0.1815 1.15385 -2.14615 -0.111021 -1.5313 -3.35385 254694 4.16015e+15 8.61987e-07 4.5708e-06 3.52548e-20 3.04657e-09 51495.8 0 0 2.00416e-15 0 0 0.000162937 0 0 0 0 0 0 2.97607e+09 2.97607e+09 2.97607e+09 2.97607e+09 
0.182 1.15643 -2.14357 -0.108177 -1.52862 -3.35643 257323 4.14797e+15 8.62043e-07 4.56655e-06 3.56201e-20 3.03483e-09 51603.2 0 0 2.02787e-15 0 0 0.000162937 0 0 0 0 0 0 2.99568e+09 2.99568e+09 2.99568e+09 2.99568e+09 
0.1825 1.15901 -2.14099 -0.105328 -1.52593 -3.35901 259966 4.1352e+15 8.62099e-07 4.56209e-06 3.59875e-20 3.02253e-09 51710.2 0 0 2.05174e-15 0 0 0.000162937 0 0 0 0 0 0 3.01468e+09 3.01468e+09 3.01468e+09 3.01468e+09 
0.183 1.1616 -2.1384 -0.102476 -1.52323 -3.3616 262623 4.12177e+15 8.62155e-07 4.55737e-06 3.63569e-20 3.0096e-09 51816.9 0 0 2.07575e-15 0 0 0.000162937 0 0 0 0 0 0 3.033e+09 3.033e+09 3.033e+09 3.033e+09 
0.1835 1.16419 -2.13581 -0.0996191 -1.52052 -3.36419 265295 4.1076e+15 8.62211e-07 4.55238e-06 3.67283e-20 2.99597e-09 51923.3 0 0 2.09991e-15 0 0 0.000162937 0 0 0 0 0 0 3.05054e+09 3.05054e+09 3.05054e+09 3.05054e+09 
0.184 1.16679 -2.13321 -0.0967585 -1.51779 -3.36679 267980 4.09259e+15 8.62266e-07 4.54709e-06 3.71017e-20 2.98155e-09 52029.3 0 0 2.12421e-15 0 0 0.000162937 0 0 0 0 0 0 3.06719e+09 3.06719e+09 3.06719e+09 3.06719e+09 
0.1845 1.16939 -2.13061 -0.0938939 -1.51505 -3.36939 270679 4.07666e+15 8.62322e-07 4.54144e-06 3.74769e-20 2.96626e-09 52134.9 0 0 2.14863e-15 0 0 0.000162937 0 0 0 0 0 0 3.08282e+09 3.08282e+09 3.08282e+09 3.08282e+09 
0.185 1.172 -2.128 -0.0910253 -1.5123 -3.372 273390 4.05969e+15 8.62377e-07 4.53541e-06 3.78539e-20 2.94999e-09 52240.1 0 0 2.17318e-15 0 0 0.000162937 0 0 0 0 0 0 3.09731e+09 3.09731e+09 3.09731e+09 3.09731e+09 
0.1855 1.17462 -2.12538 -0.088153 -1.50953 -3.37462 276113 4.04157e+15 8.62433e-07 4.52894e-06 3.82326e-20 2.93263e-09 52344.8 0 0 2.19783e-15 0 0 0.000162937 0 0 0 0 0 0 3.1105e+09 3.1105e+09 3.1105e+09 3.1105e+09 
0.186 1.17724 -2.12276 -0.0852768 -1.50674 -3.37724 278849 4.02216e+15 8.62488e-07 4.52198e-06 3.8613e-20 2.91406e-09 52449 0 0 2.22259e-15 0 0 0.000162937 0 0 0 0 0 0 3.12222e+09 3.12222e+09 3.12222e+09 3.12222e+09 
0.1865 1.17986 -2.12014 -0.082397 -1.50393 -3.37986 281595 4.0013e+15 8.62543e-07 4.51448e-06 3.89949e-20 2.89414e-09 52552.7 0 0 2.24743e-15 0 0 0.000162937 0 0 0 0 0 0 3.13228e+09 3.13228e+09 3.13228e+09 3.13228e+09 
0.187 1.18249 -2.11751 -0.0795135 -1.50111 -3.38249 284351 3.97883e+15 8.62597e-07 4.50637e-06 3.93783e-20 2.87271e-09 52655.8 0 0 2.27235e-15 0 0 0.000162937 0 0 0 0 0 0 3.14046e+09 3.14046e+09 3.14046e+09 3.14046e+09 
0.1875 1.18513 -2.11487 -0.0766265 -1.49826 -3.38513 287116 3.95455e+15 8.62652e-07 4.49756e-06 3.9763e-20 2.84961e-09 52758.4 0 0 2.29732e-15 0 0 0.000162937 0 0 0 0 0 0 3.14652e+09 3.14652e+09 3.14652e+09 3.14652e+09 
0.188 1.18777 -2.11223 -0.073736 -1.49539 -3.38777 289890 3.92826e+15 8.62706e-07 4.48798e-06 4.01489e-20 2.82463e-09 52860.3 0 0 2.32234e-15 0 0 0.000162937 0 0 0 0 0 0 3.15019e+09 3.15019e+09 3.15019e+09 3.15019e+09 
0.1885 1.19041 -2.10959 -0.0708422 -1.49249 -3.39041 292671 3.89972e+15 8.6276e-07 4.47754e-06 4.05358e-20 2.79758e-09 52961.4 0 0 2.34737e-15 0 0 0.000162937 0 0 0 0 0 0 3.15116e+09 3.15116e+09 3.15116e+09 3.15116e+09 
0.189 1.19306 -2.10694 -0.0679452 -1.48956 -3.39306 295457 3.86864e+15 8.62814e-07 4.46611e-06 4.09235e-20 2.76821e-09 53061.8 0 0 2.3724e-15 0 0 0.000162937 0 0 0 0 0 0 3.1491e+09 3.1491e+09 3.1491e+09 3.1491e+09 
0.1895 1.19572 -2.10428 -0.0650451 -1.4866 -3.39572 298249 3.83474e+15 8.62867e-07 4.45358e-06 4.1312e-20 2.73625e-09 53161.4 0 0 2.3974e-15 0 0 0.000162937 0 0 0 0 0 0 3.14362e+09 3.14362e+09 3.14362e+09 3.14362e+09 
0.19 1.19838 -2.10162 -0.0621421 -1.48361 -3.39838 301043 3.79767e+15 8.6292e-07 4.4398e-06 4.17008e-20 2.70141e-09 53260.1 0 0 2.42234e-15 0 0 0.000162937 0 0 0 0 0 0 3.13428e+09 3.13428e+09 3.13428e+09 3.13428e+09 
0.1905 1.20105 -2.09895 -0.0592363 -1.48057 -3.40105 303838 3.75705e+15 8.62972e-07 4.42461e-06 4.20898e-20 2.66337e-09 53357.7 0 0 2.44719e-15 0 0 0.000162937 0 0 0 0 0 0 3.12061e+09 3.12061e+09 3.12061e+09 3.12061e+09 
0.191 1.20372 -2.09628 -0.0563279 -1.47749 -3.40372 306633 3.71243e+15 8.63025e-07 4.40782e-06 4.24788e-20 2.62176e-09 53454.2 0 0 2.47192e-15 0 0 0.000162937 0 0 0 0 0 0 3.10207e+09 3.10207e+09 3.10207e+09 3.10207e+09 
0.1915 1.20639 -2.09361 -0.0534171 -1.47435 -3.40639 309425 3.66334e+15 8.63076e-07 4.38922e-06 4.28674e-20 2.57617e-09 53549.6 0 0 2.49648e-15 0 0 0.000162937 0 0 0 0 0 0 3.07805e+09 3.07805e+09 3.07805e+09 3.07805e+09 
0.192 1.20907 -2.09093 -0.0505042 -1.47116 -3.40907 312211 3.60921e+15 8.63127e-07 4.36855e-06 4.32552e-20 2.52615e-09 53643.6 0 0 2.52082e-15 0 0 0.000162937 0 0 0 0 0 0 3.04785e+09 3.04785e+09 3.04785e+09 3.04785e+09 
0.1925 1.21176 -2.08824 -0.0475893 -1.4679 -3.41176 314989 3.5494e+15 8.63178e-07 4.34552e-06 4.36419e-20 2.47119e-09 53736.1 0 0 2.5449e-15 0 0 0.000162937 0 0 0 0 0 0 3.01073e+09 3.01073e+09 3.01073e+09 3.01073e+09 
0.193 1.21444 -2.08556 -0.0446728 -1.46456 -3.41444 317755 3.48318e+15 8.63227e-07 4.31978e-06 4.4027e-20 2.41073e-09 53827 0 0 2.56865e-15 0 0 0.000162937 0 0 0 0 0 0 2.96582e+09 2.96582e+09 2.96582e+09 2.96582e+09 
0.1935 1.21714 -2.08286 -0.041755 -1.46114 -3.41714 320507 3.40974e+15 8.63276e-07 4.29094e-06 4.44101e-20 2.34414e-09 53916.1 0 0 2.59201e-15 0 0 0.000162937 0 0 0 0 0 0 2.91215e+09 2.91215e+09 2.91215e+09 2.91215e+09 
0.194 1.21984 -2.08016 -0.0388362 -1.4576 -3.41984 323240 3.3281e+15 8.63325e-07 4.2585e-06 4.47906e-20 2.27072e-09 54003.2 0 0 2.61491e-15 0 0 0.000162936 0 0 0 0 0 0 2.84865e+09 2.84865e+09 2.84865e+09 2.84865e+09 
0.1945 1.22254 -2.07746 -0.0359168 -1.45395 -3.42254 325949 3.23718e+15 8.63372e-07 4.22188e-06 4.51678e-20 2.18969e-09 54088 0 0 2.63726e-15 0 0 0.000162936 0 0 0 0 0 0 2.7741e+09 2.7741e+09 2.7741e+09 2.7741e+09 
0.195 1.22524 -2.07476 -0.0329973 -1.45015 -3.42524 328630 3.13567e+15 8.63418e-07 4.18038e-06 4.55411e-20 2.10018e-09 54170.4 0 0 2.65896e-15 0 0 0.000162936 0 0 0 0 0 0 2.68713e+09 2.68713e+09 2.68713e+09 2.68713e+09 
0.1955 1.22796 -2.07204 -0.0300781 -1.44618 -3.42796 331278 3.02209e+15 8.63463e-07 4.13312e-06 4.59098e-20 2.00122e-09 54250 0 0 2.67993e-15 0 0 0.000162936 0 0 0 0 0 0 2.58622e+09 2.58622e+09 2.58622e+09 2.58622e+09 
0.196 1.23067 -2.06933 -0.0271597 -1.442 -3.43067 333885 2.89464e+15 8.63507e-07 4.07901e-06 4.62729e-20 1.89173e-09 54326.5 0 0 2.70003e-15 0 0 0.000162935 0 0 0 0 0 0 2.46964e+09 2.46964e+09 2.46964e+09 2.46964e+09 
0.1965 1.23339 -2.06661 -0.0242428 -1.43755 -3.43339 336446 2.75123e+15 8.63549e-07 4.01665e-06 4.66294e-20 1.77052e-09 54399.4 0 0 2.71913e-15 0 0 0.000162934 0 0 0 0 0 0 2.33546e+09 2.33546e+09 2.33546e+09 2.33546e+09 
0.197 1.23611 -2.06389 -0.0213281 -1.43276 -3.43611 338952 2.58926e+15 8.6359e-07 3.9442e-06 4.69783e-20 1.63623e-09 54468.5 0 0 2.73709e-15 0 0 0.000162933 0 0 0 0 0 0 2.18149e+09 2.18149e+09 2.18149e+09 2.18149e+09 
0.1975 1.23883 -2.06117 -0.0184163 -1.42755 -3.43883 341395 2.4056e+15 8.63629e-07 3.85917e-06 4.73184e-20 1.4874e-09 54533 0 0 2.75374e-15 0 0 0.00016293 0 0 0 0 0 0 2.00527e+09 2.00527e+09 2.00527e+09 2.00527e+09 
0.198 1.24156 -2.05844 -0.0155082 -1.42175 -3.44156 343764 2.19624e+15 8.63659e-07 3.75804e-06 4.76479e-20 1.32237e-09 54564.1 0 0 2.76172e-15 0 0 0.000162929 0 0 0 0 0 0 1.804e+09 1.804e+09 1.804e+09 1.804e+09 
0.198 1.24156 -2.05844 -0.0155082 -1.42175 -3.44156 343764 2.19624e+15 8.63672e-07 3.7581e-06 4.76487e-20 1.32239e-09 54615.7 0 0 2.77477e-15 0 0 0.000162924 0 0 0 0 0 0 1.80402e+09 1.80402e+09 1.80402e+09 1.80402e+09 
0.198409 1.2438 -2.0562 -0.0131307 -1.41641 -3.4438 345641 2.00206e+15 8.63694e-07 3.65973e-06 4.79096e-20 1.17391e-09 54636.9 0 0 2.78004e-15 0 0 0.00016292 0 0 0 0 0 0 1.61832e+09 1.61832e+09 1.61832e+09 1.61832e+09 
0.198752 1.24567 -2.05433 -0.0111455 -1.41137 -3.44567 347162 1.821e+15 8.63716e-07 3.56343e-06 4.81213e-20 1.03965e-09 54670.7 0 0 2.78839e-15 0 0 0.000162912 0 0 0 0 0 0 1.44697e+09 1.44697e+09 1.44697e+09 1.44697e+09 
0.199038 1.24724 -2.05276 -0.00948766 -1.40661 -3.44724 348397 1.65428e+15 8.63734e-07 3.47017e-06 4.82932e-20 9.19749e-10 54696.5 0 0 2.79462e-15 0 0 0.000162901 0 0 0 0 0 0 1.29139e+09 1.29139e+09 1.29139e+09 1.29139e+09 
0.199277 1.24854 -2.05146 -0.00810307 -1.40211 -3.44854 349402 1.50241e+15 8.63748e-07 3.38075e-06 4.84331e-20 8.1379e-10 54716 0 0 2.79928e-15 0 0 0.000162887 0 0 0 0 0 0 1.15195e+09 1.15195e+09 1.15195e+09 1.15195e+09 
0.199478 1.24964 -2.05036 -0.00694658 -1.39786 -3.44964 350222 1.36538e+15 8.63759e-07 3.2958e-06 4.85471e-20 7.20981e-10 54730.8 0 0 2.80275e-15 0 0 0.000162867 0 0 0 0 0 0 1.02834e+09 1.02834e+09 1.02834e+09 1.02834e+09 
0.199645 1.25056 -2.04944 -0.00598049 -1.39385 -3.45056 350891 1.24275e+15 8.63768e-07 3.21576e-06 4.86403e-20 6.40293e-10 54742.1 0 0 2.80535e-15 0 0 0.000162843 0 0 0 0 0 0 9.19732e+08 9.19732e+08 9.19732e+08 9.19732e+08 
0.199785 1.25132 -2.04868 -0.00517335 -1.39009 -3.45132 351441 1.13382e+15 8.63775e-07 3.14096e-06 4.87167e-20 5.70582e-10 54750.7 0 0 2.80729e-15 0 0 0.000162812 0 0 0 0 0 0 8.2502e+08 8.2502e+08 8.2502e+08 8.2502e+08 
0.199902 1.25196 -2.04804 -0.00449894 -1.38656 -3.45196 351892 1.03769e+15 8.63781e-07 3.07157e-06 4.87794e-20 5.1067e-10 54757.3 0 0 2.80875e-15 0 0 0.000162775 0 0 0 0 0 0 7.42943e+08 7.42943e+08 7.42943e+08 7.42943e+08 
0.2 1.2525 -2.0475 -0.00393537 -1.38328 -3.4525 352263 9.53356e+14 8.63785e-07 3.00769e-06 4.88311e-20 4.59408e-10 54759.9 0 0 2.80933e-15 0 0 0.000162756 0 0 0 0 0 0 6.7219e+08 6.7219e+08 6.7219e+08 6.7219e+08 